mel_spectro_start,mel_spectro_end,mel_spectro_length,Speaker
0,974,974,46890
974,2179,1205,143321
2179,3352,1173,141148
3352,4383,1031,130530
4383,5409,1026,136983
5409,6708,1299,129514
6708,7216,508,142279
7216,8109,893,159056
8109,9404,1295,275128
9404,10707,1303,168199
10707,11972,1265,281131
11972,13291,1319,155949
13291,14372,1081,125128
14372,15553,1181,163519
15553,16785,1232,166436
16785,17954,1169,55202
17954,19075,1121,66622
19075,20179,1104,276735
20179,21366,1187,163527
21366,22456,1090,91902
22456,23431,975,131890
23431,24688,1257,164100
24688,25310,622,136863
25310,26489,1179,127521
26489,27660,1171,121415
27660,28905,1245,110742
28905,30118,1213,277899
30118,30681,563,142824
30681,31727,1046,8890
31727,32245,518,123998
32245,33440,1195,23281
33440,34742,1302,156968
34742,35915,1173,128991
35915,36992,1077,156159
36992,38107,1115,73732
38107,38700,593,132717
38700,39943,1243,9203
39943,41080,1137,109662
41080,42320,1240,147962
42320,43436,1116,39840
43436,44114,678,139717
44114,45332,1218,62347
45332,46496,1164,28465
46496,47435,939,187464
47435,48678,1243,109658
48678,49946,1268,135659
49946,51107,1161,293663
51107,52387,1280,163527
52387,52721,334,32137
52721,53892,1171,133225
53892,54943,1051,92805
54943,56181,1238,862
56181,57440,1259,130627
57440,58580,1140,1133
58580,59829,1249,147989
59829,61006,1177,32856
61006,61750,744,126959
61750,62878,1128,131228
62878,64000,1122,164327
64000,65197,1197,58843
65197,66440,1243,154671
66440,67659,1219,58433
67659,68430,771,126929
68430,69643,1213,19132
69643,70099,456,128226
70099,70931,832,142311
70931,71301,370,149939
71301,72596,1295,56222
72596,73421,825,126233
73421,74662,1241,121148
74662,74900,238,140651
74900,75972,1072,110528
75972,76999,1027,69607
76999,78246,1247,171108
78246,79310,1064,130131
79310,79528,218,89898
79528,80858,1330,140725
80858,81709,851,124221
81709,82843,1134,143893
82843,83847,1004,105386
83847,84974,1127,110522
84974,85804,830,130504
85804,86538,734,121543
86538,86800,262,129066
86800,88011,1211,131040
88011,89138,1127,141248
89138,89352,214,129388
89352,90325,973,126233
90325,91444,1119,142858
91444,92610,1166,100045
92610,93700,1090,73961
93700,93961,261,126965
93961,94732,771,398
94732,95069,337,121729
95069,96194,1125,139290
96194,97515,1321,245687
97515,98594,1079,150915
98594,99778,1184,244431
99778,100327,549,47541
100327,101564,1237,135580
101564,102681,1117,156718
102681,103944,1263,131732
103944,104995,1051,145088
104995,106228,1233,9010
106228,107327,1099,127704
107327,108448,1121,291168
108448,109634,1186,184265
109634,109855,221,39910
109855,111020,1165,170976
111020,112183,1163,61781
112183,113345,1162,86741
113345,114542,1197,19208
114542,115510,968,139009
115510,116111,601,168198
116111,116757,646,281188
116757,117933,1176,258263
117933,118818,885,109185
118818,119962,1144,105002
119962,121214,1252,54667
121214,121469,255,137589
121469,122616,1147,66464
122616,123774,1158,127579
123774,124543,769,76044
124543,125778,1235,183988
125778,126923,1145,271817
126923,128135,1212,4275
128135,129083,948,158744
129083,130145,1062,123135
130145,131203,1058,136458
131203,132274,1071,126965
132274,133518,1244,170452
133518,134445,927,142824
134445,135746,1301,91072
135746,136182,436,170952
136182,137457,1275,142320
137457,138607,1150,42637
138607,139864,1257,286306
139864,141053,1189,294700
141053,142077,1024,126965
142077,143136,1059,281131
143136,144063,927,281132
144063,145098,1035,170982
145098,146345,1247,7793
146345,147134,789,158744
147134,147556,422,13265
147556,147836,280,43296
147836,148891,1055,162375
148891,149559,668,170452
149559,150842,1283,133273
150842,151954,1112,8140
151954,153107,1153,122810
153107,154185,1078,163519
154185,155306,1121,11528
155306,156586,1280,127518
156586,157860,1274,141209
157860,158967,1107,125084
158967,159858,891,254918
159858,161166,1308,296467
161166,161655,489,135635
161655,162920,1265,141642
162920,164231,1311,64738
164231,165378,1147,130993
165378,166114,736,107621
166114,166447,333,133220
166447,167580,1133,73848
167580,168766,1186,15082
168766,169637,871,124526
169637,170811,1174,80690
170811,171893,1082,161100
171893,172888,995,134717
172888,173105,217,135891
173105,174250,1145,28380
174250,175518,1268,120330
175518,176848,1330,8684
176848,178111,1263,10701
178111,179098,987,62516
179098,180238,1140,147970
180238,181484,1246,1043
181484,182244,760,61316
182244,183219,975,128761
183219,184501,1282,291609
184501,185794,1293,136863
185794,187020,1226,91098
187020,187322,302,39661
187322,187621,299,72311
187621,188400,779,105574
188400,189542,1142,26982
189542,190731,1189,48361
190731,191909,1178,110238
191909,193035,1126,67233
193035,194180,1145,130900
194180,194892,712,212
194892,195181,289,258263
195181,196318,1137,73728
196318,197483,1165,22581
197483,197764,281,138042
197764,199010,1246,14497
199010,199475,465,131704
199475,200271,796,715
200271,201508,1237,121541
201508,202482,974,177638
202482,203751,1269,274549
203751,204027,276,130229
204027,205126,1099,126965
205126,205415,289,147967
205415,206516,1101,75242
206516,207675,1159,116805
207675,208889,1214,233342
208889,210087,1198,145088
210087,211274,1187,156154
211274,212485,1211,300225
212485,213269,784,123215
213269,213723,454,6556
213723,214959,1236,1189
214959,215680,721,64588
215680,216740,1060,10642
216740,217789,1049,92420
217789,218802,1013,126961
218802,219927,1125,126539
219927,221072,1145,274558
221072,222100,1028,163402
222100,223201,1101,167023
223201,224318,1117,58763
224318,225234,916,104979
225234,226488,1254,24732
226488,227723,1235,143005
227723,228692,969,262269
228692,228901,209,143307
228901,230028,1127,55202
230028,231102,1074,132484
231102,232202,1100,1536
232202,232827,625,157857
232827,234038,1211,170982
234038,235020,982,130548
235020,235309,289,131226
235309,236312,1003,130876
236312,237027,715,286306
237027,238291,1264,136863
238291,238936,645,107479
238936,240090,1154,28465
240090,241293,1203,130544
241293,242393,1100,137154
242393,243292,899,9210
243292,244515,1223,126851
244515,245683,1168,92427
245683,246981,1298,1070
246981,247886,905,163505
247886,248985,1099,102240
248985,250215,1230,13250
250215,251183,968,137739
251183,252391,1208,139752
252391,253517,1126,178029
253517,254499,982,109185
254499,255731,1232,11243
255731,256248,517,121674
256248,257429,1181,149939
257429,257954,525,172165
257954,259063,1109,121415
259063,260046,983,8675
260046,261268,1222,129011
261268,262473,1205,139387
262473,263650,1177,284428
263650,264821,1171,62347
264821,265635,814,30101
265635,266783,1148,301694
266783,267988,1205,91072
267988,268516,528,285135
268516,269753,1237,134176
269753,271040,1287,70998
271040,272253,1213,30593
272253,273506,1253,4158
273506,274732,1226,121080
274732,275643,911,39660
275643,276061,418,133212
276061,277188,1127,92934
277188,278249,1061,138074
278249,279281,1032,71320
279281,280542,1261,166683
280542,281595,1053,162239
281595,282169,574,101854
282169,283353,1184,8592
283353,284491,1138,6556
284491,284823,332,129805
284823,286031,1208,696
286031,287096,1065,74797
287096,288145,1049,149939
288145,289477,1332,156014
289477,290322,845,21393
290322,291547,1225,86588
291547,292654,1107,152842
292654,293713,1059,245691
293713,294970,1257,147110
294970,295934,964,66184
295934,296998,1064,285135
296998,298068,1070,220951
298068,299340,1272,134981
299340,300515,1175,115968
300515,301604,1089,281188
301604,302763,1159,138486
302763,304052,1289,1187
304052,305301,1249,163612
305301,306489,1188,39971
306489,307732,1243,48525
307732,308744,1012,80189
308744,309918,1174,282385
309918,310883,965,67584
310883,312168,1285,91801
312168,313235,1067,279239
313235,314326,1091,102381
314326,315425,1099,6541
315425,316478,1053,28465
316478,317643,1165,101265
317643,318910,1267,113273
318910,320060,1150,123215
320060,321332,1272,143005
321332,322506,1174,295710
322506,323755,1249,28384
323755,324092,337,121064
324092,324977,885,164100
324977,326146,1169,12332
326146,327277,1131,275147
327277,328341,1064,10344
328341,329346,1005,26950
329346,330240,894,90850
330240,331326,1086,142318
331326,331936,610,276749
331936,333155,1219,67592
333155,334352,1197,58845
334352,335163,811,131732
335163,336202,1039,128226
336202,337264,1062,34478
337264,338477,1213,10089
338477,338702,225,134636
338702,339884,1182,124990
339884,341142,1258,174511
341142,342464,1322,132800
342464,343443,979,139361
343443,344477,1034,48842
344477,345395,918,142362
345395,346568,1173,132484
346568,347601,1033,169291
347601,348834,1233,142858
348834,349776,942,13269
349776,350884,1108,166420
350884,352228,1344,105398
352228,352575,347,121079
352575,353889,1314,141320
353889,354896,1007,64713
354896,356047,1151,114468
356047,357200,1153,140725
357200,358470,1270,147110
358470,359590,1120,145700
359590,360845,1255,106611
360845,361699,854,142858
361699,362853,1154,99156
362853,364039,1186,283242
364039,365007,968,123216
365007,365297,290,92806
365297,365699,402,61741
365699,366326,627,75360
366326,367521,1195,92002
367521,368615,1094,281187
368615,369636,1021,116804
369636,370050,414,126221
370050,371276,1226,98880
371276,371655,379,11079
371655,372581,926,70843
372581,373928,1347,19373
373928,374786,858,134463
374786,376083,1297,158081
376083,377359,1276,137597
377359,378379,1020,13185
378379,379455,1076,144019
379455,380677,1222,73957
380677,381607,930,73073
381607,382542,935,152864
382542,383838,1296,42637
383838,385065,1227,123036
385065,385702,637,166683
385702,386891,1189,129623
386891,388117,1226,112593
388117,389358,1241,276907
389358,390569,1211,144135
390569,391774,1205,87280
391774,392610,836,130544
392610,393826,1216,293168
393826,394941,1115,245687
394941,395996,1055,7591
395996,397015,1019,6397
397015,398209,1194,133227
398209,399424,1215,81870
399424,400431,1007,68188
400431,401600,1169,246892
401600,402801,1201,132101
402801,403750,949,140222
403750,405007,1257,105168
405007,406063,1056,143477
406063,407110,1047,146197
407110,408076,966,3586
408076,409381,1305,92915
409381,410568,1187,58868
410568,411585,1017,131113
411585,412511,926,170952
412511,413611,1100,130105
413611,414725,1114,28465
414725,415876,1151,123500
415876,417080,1204,139741
417080,418219,1139,89894
418219,418493,274,282934
418493,419271,778,6525
419271,420438,1167,102238
420438,421285,847,53342
421285,422460,1175,282357
422460,423497,1037,25563
423497,424288,791,133834
424288,425048,760,9914
425048,426287,1239,48032
426287,427309,1022,127731
427309,428089,780,72205
428089,429193,1104,86804
429193,429864,671,86679
429864,430923,1059,109174
430923,431958,1035,48830
431958,432937,979,142320
432937,434083,1146,76043
434083,435186,1103,101579
435186,436158,972,11734
436158,436709,551,137154
436709,437876,1167,41151
437876,438925,1049,2327
438925,440199,1274,133227
440199,440917,718,64717
440917,441937,1020,110243
441937,443197,1260,134420
443197,444434,1237,24732
444434,445644,1210,142318
445644,446873,1229,177638
446873,448078,1205,140718
448078,448565,487,157644
448565,449632,1067,61741
449632,450873,1241,131722
450873,452138,1265,141721
452138,453330,1192,67851
453330,454352,1022,39910
454352,454782,430,126209
454782,455449,667,131899
455449,456479,1030,161707
456479,457678,1199,130225
457678,458709,1031,12332
458709,459864,1155,125127
459864,461130,1266,171138
461130,462358,1228,80665
462358,462790,432,134981
462790,463052,262,22179
463052,464339,1287,63105
464339,465480,1141,4861
465480,466824,1344,83696
466824,468092,1268,165428
468092,469203,1111,127595
469203,470425,1222,149939
470425,471620,1195,133447
471620,472900,1280,152842
472900,473975,1075,127215
473975,474586,611,131228
474586,475564,978,71401
475564,476567,1003,294554
476567,477867,1300,110056
477867,479132,1265,293957
479132,480241,1109,88086
480241,480808,567,135892
480808,481798,990,107520
481798,482355,557,4662
482355,483624,1269,87280
483624,484697,1073,75355
484697,485704,1007,45218
485704,486806,1102,58192
486806,487897,1091,6176
487897,488772,875,147045
488772,489413,641,122443
489413,490752,1339,152831
490752,491702,950,110238
491702,493016,1314,15082
493016,493965,949,159386
493965,494902,937,143321
494902,496119,1217,133393
496119,497285,1166,94876
497285,498116,831,104491
498116,499275,1159,182394
499275,500530,1255,155949
500530,501129,599,75242
501129,502342,1213,39501
502342,503402,1060,115687
503402,504491,1089,161226
504491,505296,805,125127
505296,506163,867,142858
506163,506655,492,86710
506655,507822,1167,139290
507822,508867,1045,23281
508867,509984,1117,69411
509984,510672,688,258960
510672,511161,489,232690
511161,511488,327,157057
511488,512694,1206,126319
512694,514009,1315,88484
514009,514173,164,134804
514173,515234,1061,135020
515234,516472,1238,7793
516472,517688,1216,126739
517688,518767,1079,122801
518767,520003,1236,15307
520003,521146,1143,287358
521146,522225,1079,49755
522225,522569,344,98878
522569,522994,425,160188
522994,524129,1135,363
524129,525100,971,119253
525100,526218,1118,137141
526218,527309,1091,274558
527309,527602,293,245708
527602,528484,882,61316
528484,529559,1075,36146
529559,530824,1265,5097
530824,531857,1033,278228
531857,532923,1066,5757
532923,534120,1197,127537
534120,534921,801,187005
534921,535889,968,133442
535889,537010,1121,103120
537010,537527,517,149739
537527,538704,1177,129583
538704,539652,948,146770
539652,539939,287,46889
539939,541252,1313,285173
541252,542561,1309,120277
542561,543688,1127,75360
543688,544749,1061,183988
544749,545372,623,90852
545372,546566,1194,129393
546566,547237,671,57836
547237,548533,1296,122863
548533,549600,1067,126233
549600,550900,1300,77782
550900,552167,1267,144965
552167,553489,1322,133220
553489,554559,1070,39478
554559,555798,1239,293957
555798,556704,906,134708
556704,557855,1151,294113
557855,559016,1161,296159
559016,560230,1214,144987
560230,561504,1274,146123
561504,562748,1244,121106
562748,563239,491,121799
563239,563904,665,258283
563904,565080,1176,124224
565080,566017,937,112592
566017,567290,1273,137597
567290,567693,403,132532
567693,568802,1109,15082
568802,570045,1243,64713
570045,570895,850,135636
570895,572179,1284,160952
572179,572951,772,3966
572951,573194,243,124224
573194,574425,1231,48361
574425,574608,183,291953
574608,575651,1043,275212
575651,576875,1224,133220
576875,578050,1175,132800
578050,579249,1199,284269
579249,580419,1170,53320
580419,581558,1139,5341
581558,582745,1187,293663
582745,583922,1177,862
583922,585001,1079,133395
585001,586241,1240,159386
586241,587549,1308,86710
587549,588193,644,160958
588193,589092,899,129393
589092,590237,1145,99157
590237,591527,1290,5758
591527,592686,1159,123047
592686,593975,1289,169293
593975,595238,1263,184264
595238,596336,1098,106611
596336,597452,1116,67200
597452,598612,1160,14936
598612,598866,254,56175
598866,599197,331,67858
599197,600359,1162,291374
600359,601601,1242,11243
601601,602868,1267,121382
602868,603731,863,163935
603731,605003,1272,135227
605003,606194,1191,128136
606194,607561,1367,146770
607561,608788,1227,19208
608788,609996,1208,17942
609996,611259,1263,13265
611259,612435,1176,73848
612435,613588,1153,133224
613588,614580,992,147045
614580,615598,1018,131113
615598,616734,1136,74477
616734,617949,1215,102232
617949,618802,853,110528
618802,619991,1189,88363
619991,621208,1217,94522
621208,622472,1264,130103
622472,623668,1196,124368
623668,624866,1198,121024
624866,626061,1195,185457
626061,627307,1246,46243
627307,628480,1173,276732
628480,629635,1155,124520
629635,630852,1217,145088
630852,632020,1168,1562
632020,632615,595,28868
632615,633699,1084,130627
633699,634617,918,126739
634617,634877,260,1187
634877,635988,1111,166683
635988,637245,1257,132530
637245,638547,1302,134425
638547,639663,1116,56174
639663,640773,1110,216567
640773,641644,871,11546
641644,642895,1251,44582
642895,644117,1222,4861
644117,645294,1177,16802
645294,646462,1168,164100
646462,647690,1228,155948
647690,648929,1239,136458
648929,649938,1009,2772
649938,650639,701,161217
650639,651902,1263,127731
651902,653070,1168,270778
653070,654266,1196,164461
654266,654792,526,160188
654792,656023,1231,133225
656023,657190,1167,88086
657190,658462,1272,153964
658462,659645,1183,158796
659645,660491,846,122443
660491,661658,1167,163402
661658,661911,253,123190
661911,662816,905,46890
662816,664012,1196,61781
664012,664559,547,125002
664559,665714,1155,276735
665714,666857,1143,176680
666857,667917,1060,135894
667917,669074,1157,58868
669074,670129,1055,291101
670129,671210,1081,67200
671210,672333,1123,47541
672333,673421,1088,126859
673421,674597,1176,142752
674597,675509,912,171138
675509,676693,1184,73848
676693,677682,989,73728
677682,678877,1195,131228
678877,679984,1107,121127
679984,681224,1240,7371
681224,682427,1203,141642
682427,683531,1104,130974
683531,684689,1158,276939
684689,685730,1041,157242
685730,686499,769,129623
686499,687733,1234,164187
687733,688806,1073,121899
688806,689945,1139,2777
689945,691112,1167,135894
691112,691837,725,141320
691837,692974,1137,135894
692974,694243,1269,64738
694243,695331,1088,172165
695331,696173,842,107621
696173,697300,1127,123715
697300,698357,1057,26956
698357,699548,1191,66016
699548,700877,1329,132882
700877,701930,1053,155646
701930,703197,1267,273050
703197,704336,1139,58137
704336,705611,1275,98876
705611,706806,1195,104606
706806,707995,1189,50778
707995,709128,1133,53320
709128,709555,427,26685
709555,710616,1061,135635
710616,711773,1157,4733
711773,712988,1215,2503
712988,714149,1161,44577
714149,715256,1107,8675
715256,716375,1119,132864
716375,717730,1355,122614
717730,718892,1162,144135
718892,720081,1189,216567
720081,721243,1162,296465
721243,722405,1162,43296
722405,723501,1096,275218
723501,724605,1104,282926
724605,724998,393,107486
724998,726186,1188,700
726186,727378,1192,35921
727378,728603,1225,26685
728603,729232,629,278289
729232,730481,1249,61776
730481,731719,1238,135892
731719,732496,777,95875
732496,732736,240,101854
732736,732969,233,104398
732969,733969,1000,87280
733969,735166,1197,245687
735166,736419,1253,157088
736419,736958,539,12715
736958,737918,960,135657
737918,739199,1281,132821
739199,740408,1209,108638
740408,741551,1143,138289
741551,742634,1083,19132
742634,743808,1174,163505
743808,745012,1204,277899
745012,745669,657,102381
745669,746935,1266,122614
746935,747808,873,13270
747808,748851,1043,28868
748851,749863,1012,64717
749863,751055,1192,187024
751055,752106,1051,107486
752106,753144,1038,362
753144,754144,1000,157859
754144,754930,786,64292
754930,756068,1138,19361
756068,756951,883,80656
756951,757253,302,123270
757253,758208,955,127685
758208,758975,767,73972
758975,760175,1200,121416
760175,761338,1163,101258
761338,761655,317,126286
761655,762766,1111,124587
762766,763099,333,104391
763099,764363,1264,208
764363,765288,925,262291
765288,765686,398,69411
765686,766883,1197,123133
766883,768004,1121,91801
768004,769164,1160,58025
769164,770295,1131,53342
770295,771527,1232,55088
771527,772766,1239,295756
772766,773154,388,63713
773154,774396,1242,112593
774396,775499,1103,67851
775499,776706,1207,254948
776706,777921,1215,282385
777921,779030,1109,107247
779030,780081,1051,142896
780081,781202,1121,105673
781202,782447,1245,58192
782447,783532,1085,74477
783532,784786,1254,155520
784786,785133,347,24732
785133,786450,1317,20410
786450,787664,1214,137483
787664,788780,1116,31668
788780,790052,1272,137627
790052,791034,982,134465
791034,792175,1141,101579
792175,793222,1047,156230
793222,794499,1277,157861
794499,795731,1232,146111
795731,796058,327,72200
796058,797291,1233,91072
797291,797963,672,126794
797963,798785,822,49755
798785,799983,1198,39477
799983,800938,955,100431
800938,802056,1118,71404
802056,803233,1177,284444
803233,803476,243,7239
803476,804671,1195,134463
804671,805974,1303,298549
805974,807236,1262,143948
807236,807329,93,6541
807329,808533,1204,32139
808533,809810,1277,114469
809810,810935,1125,232690
810935,812033,1098,73972
812033,813127,1094,112597
813127,814032,905,139308
814032,815164,1132,178748
815164,815990,826,31097
815990,816981,991,110522
816981,818146,1165,112593
818146,819304,1158,17942
819304,820141,837,216567
820141,821294,1153,5911
821294,822321,1027,19376
822321,823649,1328,287139
823649,824899,1250,133227
824899,826095,1196,110061
826095,827446,1351,124439
827446,827722,276,8890
827722,828813,1091,135657
828813,829810,997,291168
829810,830595,785,161217
830595,831758,1163,135657
831758,832787,1029,48848
832787,833867,1080,65772
833867,834055,188,76973
834055,834702,647,28868
834702,835829,1127,144496
835829,836230,401,3582
836230,837191,961,5758
837191,838155,964,174960
838155,838906,751,141135
838906,840059,1153,129066
840059,841206,1147,28465
841206,842253,1047,104717
842253,843416,1163,12731
843416,844719,1303,75791
844719,845853,1134,107487
845853,847114,1261,224
847114,848281,1167,28380
848281,849479,1198,89735
849479,849974,495,18005
849974,851253,1279,281471
851253,851989,736,7894
851989,853054,1065,141320
853054,854280,1226,149798
854280,855465,1185,126408
855465,856666,1201,32135
856666,857981,1315,144496
857981,859165,1184,129623
859165,860403,1238,129808
860403,861590,1187,142279
861590,862717,1127,7943
862717,863202,485,170453
863202,863582,380,141791
863582,864648,1066,149890
864648,865939,1291,233382
865939,867196,1257,164187
867196,868199,1003,95963
868199,869181,982,135762
869181,870283,1102,26496
870283,871078,795,131113
871078,872146,1068,73847
872146,873228,1082,19366
873228,874389,1161,164187
874389,875506,1117,290365
875506,876670,1164,6398
876670,877915,1245,163507
877915,878392,477,137588
878392,879093,701,89735
879093,879294,201,138032
879294,880589,1295,141209
880589,881762,1173,269254
881762,882951,1189,72207
882951,884109,1158,87997
884109,885201,1092,68361
885201,885618,417,156977
885618,886356,738,128310
886356,887533,1177,4861
887533,888652,1119,142745
888652,889747,1095,132882
889747,890788,1041,13270
890788,891907,1119,107247
891907,893157,1250,298549
893157,894288,1131,277899
894288,895307,1019,137004
895307,896546,1239,71404
896546,897764,1218,126959
897764,898165,401,155968
898165,899488,1323,139324
899488,900120,632,137106
900120,901374,1254,68344
901374,902641,1267,155968
902641,903598,957,145699
903598,903843,245,58868
903843,904990,1147,296473
904990,905889,899,136458
905889,907053,1164,108620
907053,908295,1242,117382
908295,909361,1066,176853
909361,910188,827,220952
910188,911393,1205,176278
911393,911939,546,114452
911939,913255,1316,279233
913255,914203,948,280922
914203,914885,682,129325
914885,916085,1200,162375
916085,917392,1307,170977
917392,918385,993,130625
918385,919033,648,167023
919033,919412,379,131722
919412,920614,1202,184266
920614,921321,707,19371
921321,922537,1216,290901
922537,923636,1099,121658
923636,924690,1054,143264
924690,925849,1159,185485
925849,926908,1059,130553
926908,928031,1123,290365
928031,929274,1243,110054
929274,930415,1141,157858
930415,931546,1131,121085
931546,932520,974,246889
932520,933575,1055,171108
933575,934797,1222,124990
934797,935704,907,127518
935704,936700,996,104979
936700,937729,1029,18527
937729,938677,948,25951
938677,939780,1103,149739
939780,940670,890,63101
940670,941935,1265,5757
941935,943162,1227,141209
943162,944302,1140,11546
944302,945387,1085,147989
945387,946578,1191,58012
946578,947416,838,139324
947416,948622,1206,115686
948622,949874,1252,40571
949874,950296,422,119253
950296,950586,290,25766
950586,951528,942,130530
951528,952761,1233,130625
952761,953919,1158,5330
953919,955027,1108,67218
955027,956102,1075,107486
956102,957283,1181,133273
957283,958490,1207,133263
958490,958850,360,101883
958850,960073,1223,122806
960073,961038,965,110238
961038,962290,1252,296473
962290,963565,1275,58193
963565,964293,728,128036
964293,965376,1083,54006
965376,966330,954,130533
966330,967449,1119,167597
967449,968326,877,115687
968326,969360,1034,139612
969360,970481,1121,127518
970481,971608,1127,113336
971608,972573,965,290923
972573,973664,1091,64974
973664,974934,1270,178449
974934,976208,1274,283462
976208,977447,1239,352
977447,978692,1245,144503
978692,979508,816,126851
979508,979867,359,147968
979867,981038,1171,39840
981038,982204,1166,127522
982204,983341,1137,290361
983341,984458,1117,292347
984458,985349,891,696
985349,986588,1239,48831
986588,987771,1183,129983
987771,988933,1162,127518
988933,990128,1195,160952
990128,990921,793,92935
990921,992175,1254,121674
992175,992876,701,130569
992876,993356,480,176853
993356,994405,1049,139741
994405,995352,947,14358
995352,996427,1075,13364
996427,997636,1209,294697
997636,998022,386,131722
998022,999213,1191,138042
999213,999613,400,128677
999613,1000756,1143,159056
1000756,1001686,930,47032
1001686,1002179,493,40556
1002179,1003305,1126,14526
1003305,1004438,1133,108638
1004438,1005572,1134,91905
1005572,1006289,717,7793
1006289,1007455,1166,283462
1007455,1007794,339,128138
1007794,1009106,1312,152864
1009106,1010143,1037,52195
1010143,1011156,1013,69550
1011156,1011543,387,21493
1011543,1012646,1103,233342
1012646,1013195,549,254949
1013195,1014419,1224,138486
1014419,1015606,1187,12544
1015606,1016699,1093,54487
1016699,1017364,665,130131
1017364,1018148,784,131256
1018148,1019253,1105,240992
1019253,1020546,1293,124990
1020546,1021777,1231,110054
1021777,1023004,1227,294690
1023004,1024255,1251,30101
1024255,1025525,1270,93277
1025525,1026710,1185,130588
1026710,1027350,640,99249
1027350,1028563,1213,129594
1028563,1029176,613,83696
1029176,1030449,1273,74798
1030449,1031453,1004,86765
1031453,1032399,946,135762
1032399,1033745,1346,294113
1033745,1034896,1151,291458
1034896,1035495,599,13247
1035495,1036733,1238,275218
1036733,1037638,905,70843
1037638,1038777,1139,91902
1038777,1039902,1125,164188
1039902,1041104,1202,171108
1041104,1042383,1279,138866
1042383,1042995,612,107479
1042995,1044040,1045,72311
1044040,1045173,1133,148550
1045173,1046096,923,137608
1046096,1046693,597,84010
1046693,1047953,1260,163519
1047953,1048983,1030,130993
1048983,1050006,1023,49755
1050006,1050407,401,862
1050407,1051673,1266,134465
1051673,1052838,1165,86040
1052838,1054047,1209,87547
1054047,1055264,1217,118112
1055264,1055743,479,64300
1055743,1056809,1066,144987
1056809,1057255,446,13256
1057255,1057982,727,9920
1057982,1059233,1251,287660
1059233,1060210,977,756
1060210,1061069,859,70753
1061069,1062285,1216,300234
1062285,1063463,1178,295446
1063463,1064635,1172,125951
1064635,1065704,1069,146346
1065704,1066665,961,121799
1066665,1067565,900,8141
1067565,1067995,430,122626
1067995,1069066,1071,63713
1069066,1070173,1107,46588
1070173,1071370,1197,27504
1071370,1072016,646,86043
1072016,1073025,1009,150469
1073025,1073206,181,110742
1073206,1074215,1009,141242
1074215,1075289,1074,279363
1075289,1076399,1110,130184
1076399,1077659,1260,123215
1077659,1078756,1097,279153
1078756,1079373,617,130517
1079373,1080598,1225,172165
1080598,1081522,924,11734
1081522,1082682,1160,126945
1082682,1083829,1147,68361
1083829,1084868,1039,78885
1084868,1086031,1163,131228
1086031,1086902,871,13250
1086902,1087238,336,86710
1087238,1087765,527,8675
1087765,1088176,411,138901
1088176,1089351,1175,64588
1089351,1090483,1132,293963
1090483,1091084,601,1733
1091084,1092201,1117,282934
1092201,1093287,1086,129974
1093287,1094486,1199,132891
1094486,1094903,417,157859
1094903,1095548,645,276735
1095548,1096625,1077,220979
1096625,1097796,1171,54667
1097796,1098320,524,101854
1098320,1098854,534,122944
1098854,1099619,765,176854
1099619,1100731,1112,63841
1100731,1101954,1223,121331
1101954,1102211,257,110127
1102211,1103283,1072,104606
1103283,1104225,942,166683
1104225,1105297,1072,101579
1105297,1106302,1005,176854
1106302,1107465,1163,35926
1107465,1108049,584,46240
1108049,1108266,217,153733
1108266,1109435,1169,137141
1109435,1110331,896,132568
1110331,1111513,1182,130876
1111513,1112483,970,352
1112483,1112780,297,26895
1112780,1113984,1204,12895
1113984,1115223,1239,128631
1115223,1116516,1293,70837
1116516,1117776,1260,157644
1117776,1118401,625,287359
1118401,1119298,897,68358
1119298,1120531,1233,291953
1120531,1121607,1076,32904
1121607,1122828,1221,271811
1122828,1123999,1171,89390
1123999,1124519,520,138032
1124519,1125774,1255,76055
1125774,1126977,1203,131113
1126977,1128134,1157,155521
1128134,1128751,617,156963
1128751,1129900,1149,54487
1129900,1130956,1056,76046
1130956,1131926,970,291379
1131926,1132915,989,39508
1132915,1134022,1107,155521
1134022,1135167,1145,279239
1135167,1136267,1100,64588
1136267,1137528,1261,183988
1137528,1138503,975,73961
1138503,1139752,1249,149881
1139752,1140209,457,150469
1140209,1141428,1219,121541
1141428,1142153,725,28375
1142153,1143203,1050,130101
1143203,1143563,360,3586
1143563,1144576,1013,34497
1144576,1145814,1238,150715
1145814,1146909,1095,123190
1146909,1147280,371,175390
1147280,1148331,1051,131722
1148331,1149236,905,26853
1149236,1150324,1088,82458
1150324,1151373,1049,159386
1151373,1152439,1066,39476
1152439,1153545,1106,258960
1153545,1154154,609,157480
1154154,1155086,932,124547
1155086,1156282,1196,108640
1156282,1157287,1005,129790
1157287,1157812,525,130127
1157812,1158368,556,39910
1158368,1158840,472,148920
1158840,1159916,1076,68192
1159916,1160797,881,86710
1160797,1161770,973,94523
1161770,1162881,1111,132592
1162881,1163791,910,123998
1163791,1164934,1143,12539
1164934,1166198,1264,134160
1166198,1167339,1141,59175
1167339,1168267,928,34497
1168267,1169362,1095,163505
1169362,1170489,1127,28465
1170489,1171686,1197,220980
1171686,1172925,1239,19361
1172925,1173305,380,140651
1173305,1174441,1136,8157
1174441,1175370,929,121416
1175370,1175797,427,132532
1175797,1176984,1187,155972
1176984,1177961,977,144485
1177961,1179234,1273,104890
1179234,1180366,1132,170982
1180366,1181555,1189,166423
1181555,1182408,853,73961
1182408,1183675,1267,723
1183675,1184236,561,157644
1184236,1185335,1099,142858
1185335,1186623,1288,126208
1186623,1187655,1032,134991
1187655,1188912,1257,187023
1188912,1190083,1171,142320
1190083,1191108,1025,121140
1191108,1192363,1255,121085
1192363,1193598,1235,135826
1193598,1194600,1002,147971
1194600,1195761,1161,276908
1195761,1196870,1109,232691
1196870,1197555,685,112592
1197555,1198806,1251,114452
1198806,1200068,1262,287660
1200068,1201103,1035,132499
1201103,1202175,1072,129011
1202175,1203444,1269,90847
1203444,1203771,327,132649
1203771,1205031,1260,121661
1205031,1205164,133,121080
1205164,1206419,1255,135580
1206419,1207598,1179,67592
1207598,1208832,1234,281472
1208832,1210120,1288,142320
1210120,1211210,1090,1188
1211210,1212438,1228,103126
1212438,1213632,1194,46890
1213632,1214704,1072,39501
1214704,1214994,290,143521
1214994,1216291,1297,98645
1216291,1216506,215,40571
1216506,1217541,1035,28462
1217541,1218760,1219,166433
1218760,1220039,1279,77173
1220039,1220877,838,55856
1220877,1221773,896,95963
1221773,1222598,825,122944
1222598,1223637,1039,123133
1223637,1224798,1161,64713
1224798,1225549,751,105394
1225549,1226580,1031,142727
1226580,1227792,1212,14497
1227792,1229025,1233,85685
1229025,1230327,1302,152224
1230327,1231258,931,157644
1231258,1232538,1280,162130
1232538,1232874,336,45218
1232874,1234003,1129,80189
1234003,1235154,1151,56777
1235154,1236369,1215,48848
1236369,1237553,1184,135580
1237553,1238680,1127,134785
1238680,1239942,1262,140725
1239942,1240303,361,104394
1240303,1240772,469,164927
1240772,1240978,206,163380
1240978,1241933,955,83607
1241933,1243089,1156,12723
1243089,1243946,857,119253
1243946,1245094,1148,15446
1245094,1246073,979,26520
1246073,1247164,1091,129752
1247164,1248389,1225,91072
1248389,1249486,1097,46267
1249486,1250460,974,130226
1250460,1251595,1135,71401
1251595,1252929,1334,138045
1252929,1254189,1260,59175
1254189,1255351,1162,86683
1255351,1255964,613,8684
1255964,1256729,765,12538
1256729,1257914,1185,123167
1257914,1259126,1212,291608
1259126,1260216,1090,55927
1260216,1261475,1259,278289
1261475,1261948,473,19376
1261948,1263221,1273,170951
1263221,1264186,965,5417
1264186,1265391,1205,53638
1265391,1265661,270,128669
1265661,1266848,1187,139797
1266848,1267837,989,127696
1267837,1269072,1235,119253
1269072,1270372,1300,157861
1270372,1271547,1175,120318
1271547,1271862,315,48361
1271862,1273083,1221,139009
1273083,1273595,512,130227
1273595,1274813,1218,125118
1274813,1276003,1190,133227
1276003,1277150,1147,147989
1277150,1278265,1115,104391
1278265,1279484,1219,34572
1279484,1280129,645,129659
1280129,1281372,1243,287659
1281372,1282456,1084,135659
1282456,1283600,1144,131295
1283600,1284280,680,128660
1284280,1285370,1090,276939
1285370,1286196,826,58763
1286196,1287485,1289,30591
1287485,1288765,1280,5704
1288765,1289761,996,88363
1289761,1291111,1350,104978
1291111,1291267,156,75791
1291267,1292407,1140,83606
1292407,1293347,940,139707
1293347,1294446,1099,231834
1294446,1295680,1234,105168
1295680,1296925,1245,55856
1296925,1298235,1310,5330
1298235,1298547,312,101276
1298547,1298849,302,127537
1298849,1300016,1167,5703
1300016,1301217,1201,131228
1301217,1301660,443,128631
1301660,1301980,320,137628
1301980,1303123,1143,29091
1303123,1304404,1281,142896
1304404,1305478,1074,130625
1305478,1306643,1165,274549
1306643,1307934,1291,126794
1307934,1309005,1071,10327
1309005,1309381,376,47032
1309381,1310563,1182,124368
1310563,1311772,1209,137589
1311772,1312759,987,130533
1312759,1312938,179,121064
1312938,1314191,1253,6398
1314191,1314825,634,133424
1314825,1315912,1087,110054
1315912,1317089,1177,178449
1317089,1317321,232,133395
1317321,1318592,1271,134148
1318592,1319792,1200,105394
1319792,1320947,1155,147173
1320947,1322080,1133,134728
1322080,1322909,829,290351
1322909,1323758,849,130876
1323758,1323976,218,122801
1323976,1325144,1168,129440
1325144,1326142,998,61316
1326142,1327029,887,12545
1327029,1328225,1196,157636
1328225,1329472,1247,143893
1329472,1330539,1067,5417
1330539,1331842,1303,56175
1331842,1332975,1133,131113
1332975,1334101,1126,118128
1334101,1335215,1114,160593
1335215,1336408,1193,75242
1336408,1337607,1199,700
1337607,1338313,706,121130
1338313,1339535,1222,4275
1339535,1340508,973,12971
1340508,1341855,1347,121671
1341855,1342968,1113,132291
1342968,1344127,1159,8927
1344127,1344672,545,164327
1344672,1345941,1269,134707
1345941,1346898,957,292252
1346898,1348211,1313,123163
1348211,1349256,1045,134717
1349256,1350453,1197,86045
1350453,1351712,1259,102239
1351712,1352819,1107,66176
1352819,1354009,1190,254918
1354009,1355023,1014,39967
1355023,1355543,520,137589
1355543,1356491,948,121799
1356491,1357617,1126,155151
1357617,1358717,1100,274549
1358717,1359795,1078,132891
1359795,1360936,1141,12103
1360936,1362225,1289,83696
1362225,1363437,1212,39971
1363437,1364452,1015,139009
1364452,1365654,1202,1731
1365654,1366834,1180,135636
1366834,1368068,1234,139358
1368068,1369011,943,158081
1369011,1370268,1257,291107
1370268,1371604,1336,130489
1371604,1372739,1135,121024
1372739,1373755,1016,45204
1373755,1374522,767,131722
1374522,1375480,958,133220
1375480,1376505,1025,130588
1376505,1377592,1087,160592
1377592,1378144,552,129443
1378144,1378827,683,234106
1378827,1379529,702,162375
1379529,1380802,1273,67592
1380802,1381983,1181,108005
1381983,1383174,1191,126410
1383174,1384363,1189,131259
1384363,1384916,553,92820
1384916,1386151,1235,696
1386151,1387326,1175,279153
1387326,1387858,532,91905
1387858,1389123,1265,70843
1389123,1390226,1103,24731
1390226,1391239,1013,85684
1391239,1392500,1261,89388
1392500,1393800,1300,154282
1393800,1394429,629,130093
1394429,1395530,1101,126577
1395530,1396616,1086,86732
1396616,1397664,1048,41151
1397664,1398904,1240,58090
1398904,1399823,919,30106
1399823,1400782,959,287139
1400782,1401909,1127,130974
1401909,1403241,1332,10801
1403241,1404473,1232,278220
1404473,1405129,656,126739
1405129,1406173,1044,64974
1406173,1407298,1125,57837
1407298,1408437,1139,290365
1408437,1409518,1081,19361
1409518,1410166,648,271812
1410166,1411411,1245,178748
1411411,1412726,1315,137739
1412726,1414025,1299,163726
1414025,1414870,845,129325
1414870,1415903,1033,105390
1415903,1416946,1043,44576
1416946,1417819,873,155948
1417819,1419006,1187,121079
1419006,1420047,1041,53342
1420047,1421232,1185,11254
1421232,1422210,978,1560
1422210,1423297,1087,65772
1423297,1424054,757,101799
1424054,1425197,1143,144019
1425197,1425782,585,36633
1425782,1426943,1161,26685
1426943,1428156,1213,16802
1428156,1429424,1268,140639
1429424,1430422,998,112593
1430422,1431644,1222,56840
1431644,1432863,1219,152842
1432863,1434098,1235,129064
1434098,1435368,1270,141240
1435368,1436481,1113,83606
1436481,1437444,963,138042
1437444,1438706,1262,262305
1438706,1439963,1257,37999
1439963,1440587,624,83633
1440587,1441825,1238,18005
1441825,1443046,1221,68773
1443046,1444317,1271,155521
1444317,1445358,1041,130545
1445358,1446534,1176,164187
1446534,1447743,1209,92806
1447743,1448930,1187,43321
1448930,1449420,490,41919
1449420,1450580,1160,155949
1450580,1451591,1011,36641
1451591,1452734,1143,71404
1452734,1453863,1129,67592
1453863,1454246,383,32451
1454246,1454495,249,157066
1454495,1455751,1256,41610
1455751,1456182,431,10160
1456182,1457057,875,136458
1457057,1458096,1039,49755
1458096,1459049,953,144019
1459049,1460293,1244,133471
1460293,1461548,1255,63713
1461548,1462595,1047,127696
1462595,1463844,1249,131220
1463844,1464933,1089,128240
1464933,1466118,1185,140067
1466118,1467358,1240,39970
1467358,1468459,1101,139009
1468459,1469504,1045,110522
1469504,1470399,895,6556
1470399,1471640,1241,111961
1471640,1472280,640,258978
1472280,1472781,501,68359
1472781,1473933,1152,59268
1473933,1474600,667,47541
1474600,1475463,863,395
1475463,1476754,1291,142824
1476754,1477878,1124,10172
1477878,1479105,1227,83606
1479105,1479513,408,61758
1479513,1480751,1238,144135
1480751,1482011,1260,134425
1482011,1482610,599,8684
1482610,1483906,1296,12103
1483906,1484795,889,132485
1484795,1485487,692,88761
1485487,1486509,1022,121674
1486509,1487502,993,135033
1487502,1488621,1119,88089
1488621,1489779,1158,168497
1489779,1491009,1230,168198
1491009,1491540,531,26951
1491540,1492654,1114,64713
1492654,1493879,1225,46890
1493879,1495107,1228,124164
1495107,1496406,1299,54659
1496406,1497390,984,142824
1497390,1498665,1275,14677
1498665,1499967,1302,41259
1499967,1501134,1167,61781
1501134,1501517,383,5909
1501517,1502486,969,92814
1502486,1503393,907,283138
1503393,1504514,1121,126928
1504514,1504844,330,163505
1504844,1505624,780,88367
1505624,1506657,1033,53342
1506657,1507802,1145,142750
1507802,1508671,869,141571
1508671,1509510,839,123269
1509510,1510384,874,127704
1510384,1511458,1074,5341
1511458,1512595,1137,117382
1512595,1513841,1246,143307
1513841,1515053,1212,73846
1515053,1516296,1243,90852
1516296,1517355,1059,92805
1517355,1518499,1144,12723
1518499,1519429,930,98878
1519429,1520302,873,135635
1520302,1521587,1285,92806
1521587,1522621,1034,8674
1522621,1523637,1016,276735
1523637,1524789,1152,212
1524789,1525801,1012,37090
1525801,1526987,1186,280380
1526987,1528017,1030,132649
1528017,1529245,1228,6506
1529245,1529870,625,77361
1529870,1531014,1144,17615
1531014,1532207,1193,163322
1532207,1533246,1039,135580
1533246,1534515,1269,140072
1534515,1535742,1227,120280
1535742,1536806,1064,101883
1536806,1537910,1104,135033
1537910,1539166,1256,136054
1539166,1540357,1191,169291
1540357,1541636,1279,287358
1541636,1542805,1169,69607
1542805,1543708,903,279775
1543708,1544840,1132,157242
1544840,1545385,545,2777
1545385,1546522,1137,58776
1546522,1547593,1071,130900
1547593,1548708,1115,139009
1548708,1549999,1291,80192
1549999,1551171,1172,142733
1551171,1552426,1255,72207
1552426,1553069,643,283138
1553069,1554246,1177,258283
1554246,1554883,637,128991
1554883,1556149,1266,170453
1556149,1557369,1220,284268
1557369,1558573,1204,122825
1558573,1559439,866,16002
1559439,1560377,938,149939
1560377,1561580,1203,58845
1561580,1562627,1047,5710
1562627,1563027,400,19366
1563027,1563742,715,136280
1563742,1564935,1193,135894
1564935,1565796,861,137154
1565796,1566999,1203,105168
1566999,1568321,1322,187464
1568321,1568716,395,157636
1568716,1568971,255,30106
1568971,1570032,1061,132499
1570032,1571280,1248,291101
1571280,1572595,1315,2503
1572595,1573166,571,4275
1573166,1574383,1217,138631
1574383,1575674,1291,122441
1575674,1576692,1018,76574
1576692,1577909,1217,160958
1577909,1578990,1081,69607
1578990,1580072,1082,75242
1580072,1581389,1317,157859
1581389,1582326,937,133290
1582326,1583476,1150,72207
1583476,1584128,652,135894
1584128,1585337,1209,10701
1585337,1585855,518,141713
1585855,1586984,1129,8592
1586984,1587862,878,284445
1587862,1588866,1004,125147
1588866,1590059,1193,102250
1590059,1590767,708,131751
1590767,1591696,929,258960
1591696,1592411,715,168497
1592411,1593673,1262,144485
1593673,1594844,1171,12332
1594844,1596024,1180,92934
1596024,1597270,1246,142318
1597270,1598447,1177,144965
1598447,1599610,1163,258283
1599610,1600582,972,295710
1600582,1601514,932,10172
1601514,1602727,1213,13056
1602727,1603972,1245,133471
1603972,1605101,1129,135227
1605101,1606293,1192,274376
1606293,1607394,1101,132891
1607394,1608661,1267,139710
1608661,1609848,1187,88086
1609848,1610826,978,4158
1610826,1611949,1123,76046
1611949,1612282,333,46889
1612282,1613624,1342,76574
1613624,1614855,1231,68353
1614855,1616042,1187,100431
1616042,1617068,1026,96151
1617068,1618368,1300,66166
1618368,1619628,1260,220980
1619628,1620892,1264,155968
1620892,1621237,345,216563
1621237,1622482,1245,19366
1622482,1623583,1101,861
1623583,1624259,676,9010
1624259,1625505,1246,87791
1625505,1626768,1263,148521
1626768,1628018,1250,171133
1628018,1629249,1231,132717
1629249,1630440,1191,126296
1630440,1630984,544,6525
1630984,1632235,1251,132710
1632235,1633362,1127,73295
1633362,1634481,1119,163726
1634481,1635571,1090,26853
1635571,1636587,1016,67147
1636587,1637272,685,141240
1637272,1638374,1102,105574
1638374,1639401,1027,127538
1639401,1639583,182,129623
1639583,1640832,1249,80189
1640832,1642093,1261,141248
1642093,1642961,868,113272
1642961,1643950,989,156014
1643950,1644939,989,68762
1644939,1645821,882,133224
1645821,1647077,1256,29092
1647077,1647449,372,124439
1647449,1648328,879,22574
1648328,1648821,493,105171
1648821,1650034,1213,71420
1650034,1650773,739,166683
1650773,1651977,1204,115686
1651977,1652198,221,105394
1652198,1653041,843,4687
1653041,1653331,290,9203
1653331,1654624,1293,1187
1654624,1655695,1071,112593
1655695,1657042,1347,78885
1657042,1658245,1203,293663
1658245,1659403,1158,48525
1659403,1660496,1093,284424
1660496,1661793,1297,294114
1661793,1663035,1242,134789
1663035,1664292,1257,128309
1664292,1665513,1221,19361
1665513,1665942,429,143022
1665942,1666601,659,136280
1666601,1667686,1085,28462
1667686,1668252,566,301693
1668252,1669565,1313,5084
1669565,1670589,1024,65772
1670589,1671006,417,95963
1671006,1672007,1001,121799
1672007,1673079,1072,157242
1673079,1673342,263,149033
1673342,1674479,1137,135635
1674479,1674991,512,141148
1674991,1676086,1095,144485
1676086,1677471,1385,64290
1677471,1678765,1294,142362
1678765,1680024,1259,152864
1680024,1680324,300,142824
1680324,1680515,191,395
1680515,1681538,1023,140639
1681538,1682821,1283,59175
1682821,1684062,1241,156738
1684062,1685255,1193,170453
1685255,1686535,1280,141320
1686535,1687698,1163,282406
1687698,1688886,1188,104394
1688886,1689969,1083,132717
1689969,1690916,947,131030
1690916,1692076,1160,141208
1692076,1693212,1136,284444
1693212,1694464,1252,287358
1694464,1695633,1169,220952
1695633,1696380,747,30119
1696380,1697597,1217,185488
1697597,1698685,1088,128240
1698685,1699736,1051,127215
1699736,1701017,1281,11244
1701017,1701774,757,83616
1701774,1702568,794,147989
1702568,1703436,868,139733
1703436,1704577,1141,146346
1704577,1705852,1275,62558
1705852,1707070,1218,84010
1707070,1708079,1009,157861
1708079,1709034,955,14274
1709034,1710247,1213,87791
1710247,1711443,1196,61422
1711443,1712698,1255,161714
1712698,1713861,1163,41933
1713861,1714198,337,86710
1714198,1715447,1249,2536
1715447,1716635,1188,291718
1716635,1717821,1186,105383
1717821,1719007,1186,91902
1719007,1720291,1284,291168
1720291,1721228,937,8684
1721228,1722441,1213,57154
1722441,1723292,851,150127
1723292,1723769,477,156738
1723769,1724950,1181,17615
1724950,1726117,1167,142733
1726117,1727205,1088,130492
1727205,1728359,1154,230928
1728359,1728881,522,134312
1728881,1730154,1273,130994
1730154,1731342,1188,147981
1731342,1732523,1181,183988
1732523,1733014,491,135636
1733014,1733489,475,232057
1733489,1733898,409,58776
1733898,1735182,1284,58843
1735182,1736281,1099,127525
1736281,1737454,1173,88349
1737454,1738672,1218,22178
1738672,1739633,961,58090
1739633,1740842,1209,282926
1740842,1742035,1193,145742
1742035,1743269,1234,109658
1743269,1743800,531,9210
1743800,1744559,759,274376
1744559,1745692,1133,29120
1745692,1746911,1219,80534
1746911,1747940,1029,161166
1747940,1749003,1063,110706
1749003,1749985,982,136610
1749985,1751046,1061,130505
1751046,1752232,1186,245691
1752232,1753493,1261,48831
1753493,1754684,1191,105673
1754684,1755748,1064,161101
1755748,1757007,1259,134728
1757007,1758124,1117,129324
1758124,1759063,939,121799
1759063,1759732,669,32139
1759732,1760523,791,8689
1760523,1761597,1074,25951
1761597,1762763,1166,138043
1762763,1763395,632,290901
1763395,1763792,397,144019
1763792,1764431,639,21305
1764431,1765344,913,138045
1765344,1766490,1146,104890
1766490,1767725,1235,163527
1767725,1768893,1168,138115
1768893,1769968,1075,231834
1769968,1771246,1278,258262
1771246,1772377,1131,862
1772377,1772996,619,12539
1772996,1773857,861,81870
1773857,1774485,628,26895
1774485,1775707,1222,21305
1775707,1776796,1089,127704
1776796,1778013,1217,88349
1778013,1779129,1116,152262
1779129,1780169,1040,121446
1780169,1781251,1082,61317
1781251,1781799,548,273050
1781799,1782738,939,160958
1782738,1783798,1060,124990
1783798,1784955,1157,124224
1784955,1786298,1343,59268
1786298,1787330,1032,254918
1787330,1788250,920,132649
1788250,1788612,362,138548
1788612,1788953,341,7591
1788953,1790012,1059,10673
1790012,1791225,1213,124164
1791225,1792428,1203,126860
1792428,1793698,1270,101884
1793698,1794986,1288,61743
1794986,1796255,1269,123133
1796255,1797573,1318,30119
1797573,1798125,552,132484
1798125,1798456,331,132644
1798456,1799606,1150,12971
1799606,1800559,953,126408
1800559,1801806,1247,125943
1801806,1802952,1146,157056
1802952,1804076,1124,77778
1804076,1805161,1085,363
1805161,1806458,1297,88484
1806458,1806763,305,120583
1806763,1807044,281,136054
1807044,1807801,757,128636
1807801,1808760,959,144986
1808760,1810059,1299,185466
1810059,1811334,1275,5084
1811334,1811713,379,32139
1811713,1812910,1197,64956
1812910,1813307,397,63105
1813307,1814517,1210,5083
1814517,1815703,1186,177638
1815703,1816920,1217,131722
1816920,1818079,1159,141320
1818079,1819164,1085,185125
1819164,1820229,1065,362
1820229,1821414,1185,5084
1821414,1822520,1106,1562
1822520,1822932,412,292253
1822932,1824083,1151,161972
1824083,1825186,1103,19373
1825186,1825407,221,10160
1825407,1826065,658,135033
1826065,1827033,968,96241
1827033,1828002,969,141613
1828002,1829171,1169,156019
1829171,1830376,1205,145138
1830376,1831561,1185,124990
1831561,1832522,961,126965
1832522,1833633,1111,73295
1833633,1834780,1147,130296
1834780,1835993,1213,134728
1835993,1837312,1319,32856
1837312,1838487,1175,101883
1838487,1838743,256,284435
1838743,1839935,1192,135227
1839935,1841210,1275,46240
1841210,1842338,1128,128636
1842338,1843558,1220,293663
1843558,1844741,1183,144496
1844741,1845922,1181,10088
1845922,1846682,760,9010
1846682,1847789,1107,153964
1847789,1849016,1227,86732
1849016,1850267,1251,287671
1850267,1851480,1213,137628
1851480,1852353,873,39648
1852353,1853601,1248,143485
1853601,1854745,1144,118119
1854745,1855168,423,29092
1855168,1856263,1095,115687
1856263,1856526,263,30105
1856526,1857785,1259,170212
1857785,1858776,991,128145
1858776,1859183,407,176853
1859183,1860406,1223,66465
1860406,1861517,1111,94526
1861517,1862740,1223,93470
1862740,1863590,850,150855
1863590,1864615,1025,144503
1864615,1865915,1300,147045
1865915,1867138,1223,156015
1867138,1868390,1252,301694
1868390,1869285,895,72876
1869285,1870188,903,153964
1870188,1871343,1155,92420
1871343,1871541,198,133471
1871541,1872556,1015,122443
1872556,1873867,1311,91192
1873867,1874986,1119,160602
1874986,1875638,652,80534
1875638,1876722,1084,288043
1876722,1877792,1070,126929
1877792,1878792,1000,66176
1878792,1880006,1214,86804
1880006,1881158,1152,130125
1881158,1882386,1228,156019
1882386,1883487,1101,135659
1883487,1884647,1160,275212
1884647,1885733,1086,29101
1885733,1886061,328,4136
1886061,1887268,1207,46243
1887268,1888524,1256,2503
1888524,1889131,607,156019
1889131,1890281,1150,132499
1890281,1890893,612,258974
1890893,1892062,1169,66184
1892062,1893007,945,110131
1893007,1893360,353,13247
1893360,1894379,1019,39967
1894379,1894666,287,95875
1894666,1895511,845,130127
1895511,1896520,1009,125140
1896520,1897617,1097,68888
1897617,1898285,668,124368
1898285,1899212,927,126577
1899212,1900399,1187,32658
1900399,1900578,179,143895
1900578,1901578,1000,284435
1901578,1902585,1007,220951
1902585,1903563,978,87547
1903563,1904805,1242,55088
1904805,1905060,255,246932
1905060,1906167,1107,133227
1906167,1907318,1151,63839
1907318,1908512,1194,274375
1908512,1909590,1078,7741
1909590,1910788,1198,122614
1910788,1911923,1135,67147
1911923,1913107,1184,60774
1913107,1914233,1126,13364
1914233,1915358,1125,31603
1915358,1916528,1170,137739
1916528,1917416,888,141721
1917416,1918129,713,107480
1918129,1918995,866,124368
1918995,1920244,1249,181961
1920244,1920748,504,123192
1920748,1921109,361,124003
1921109,1922236,1127,276735
1922236,1923473,1237,70837
1923473,1924743,1270,19361
1924743,1925917,1174,216563
1925917,1927248,1331,2772
1927248,1928255,1007,137483
1928255,1929453,1198,12895
1929453,1930618,1165,126959
1930618,1930993,375,87547
1930993,1932186,1193,133396
1932186,1933424,1238,130101
1933424,1933952,528,172165
1933952,1934196,244,61316
1934196,1935444,1248,140639
1935444,1936711,1267,157400
1936711,1937829,1118,158074
1937829,1939004,1175,14958
1939004,1940134,1130,182402
1940134,1940337,203,134636
1940337,1941572,1235,4275
1941572,1942701,1129,103126
1942701,1943919,1218,287359
1943919,1945055,1136,105171
1945055,1946088,1033,138045
1946088,1946890,802,105398
1946890,1948031,1141,163527
1948031,1949125,1094,105171
1949125,1950352,1227,110705
1950352,1951398,1046,155973
1951398,1952576,1178,157400
1952576,1953090,514,254949
1953090,1954429,1339,81843
1954429,1955599,1170,158796
1955599,1956750,1151,121064
1956750,1957941,1191,138032
1957941,1959099,1158,138047
1959099,1960344,1245,112011
1960344,1961379,1035,143895
1961379,1962227,848,124368
1962227,1963261,1034,129064
1963261,1964302,1041,258954
1964302,1965473,1171,287359
1965473,1966688,1215,282926
1966688,1967592,904,139741
1967592,1968789,1197,72200
1968789,1970024,1235,80656
1970024,1971296,1272,39508
1971296,1972457,1161,127936
1972457,1972986,529,87766
1972986,1973149,163,134657
1973149,1974120,971,129808
1974120,1975284,1164,12731
1975284,1976058,774,108638
1976058,1976275,217,163606
1976275,1977340,1065,352
1977340,1978545,1205,285135
1978545,1978870,325,94526
1978870,1979979,1109,105167
1979979,1981162,1183,124526
1981162,1981689,527,121799
1981689,1982762,1073,130569
1982762,1983836,1074,128761
1983836,1984791,955,133220
1984791,1985810,1019,70756
1985810,1986436,626,128678
1986436,1987397,961,142824
1987397,1988597,1200,132291
1988597,1989762,1165,398
1989762,1990642,880,282383
1990642,1991827,1185,121024
1991827,1992729,902,158081
1992729,1993946,1217,363
1993946,1995202,1256,124999
1995202,1996339,1137,112593
1996339,1997072,733,26956
1997072,1997918,846,254948
1997918,1999162,1244,75362
1999162,1999945,783,62347
1999945,2000940,995,285314
2000940,2002113,1173,124990
2002113,2003365,1252,127691
2003365,2004017,652,142824
2004017,2004314,297,58193
2004314,2005264,950,298549
2005264,2006415,1151,13250
2006415,2006855,440,232057
2006855,2007202,347,302395
2007202,2007814,612,102240
2007814,2009006,1192,6174
2009006,2010069,1063,130494
2010069,2011221,1152,143895
2011221,2012200,979,75791
2012200,2013136,936,80656
2013136,2014275,1139,133442
2014275,2015354,1079,104391
2015354,2016660,1306,132484
2016660,2017129,469,123197
2017129,2017568,439,140040
2017568,2017879,311,82558
2017879,2018250,371,105167
2018250,2019210,960,124439
2019210,2020108,898,84010
2020108,2020512,404,282383
2020512,2021633,1121,72212
2021633,2022901,1268,178028
2022901,2024082,1181,72200
2024082,2025341,1259,280380
2025341,2026566,1225,152265
2026566,2027315,749,7884
2027315,2028363,1048,271812
2028363,2028887,524,153728
2028887,2030166,1279,19366
2030166,2031407,1241,296078
2031407,2032498,1091,103126
2032498,2033695,1197,169291
2033695,2034802,1107,271817
2034802,2035801,999,149245
2035801,2036366,565,157054
2036366,2037253,887,15082
2037253,2037886,633,124547
2037886,2038902,1016,123167
2038902,2040182,1280,276735
2040182,2041467,1285,56222
2041467,2042551,1084,130164
2042551,2043563,1012,142858
2043563,2044767,1204,114476
2044767,2045908,1141,290047
2045908,2047173,1265,292347
2047173,2047738,565,139741
2047738,2048884,1146,60480
2048884,2049623,739,163612
2049623,2050738,1115,3966
2050738,2051718,980,106367
2051718,2053003,1285,163612
2053003,2053510,507,176853
2053510,2054703,1193,132782
2054703,2055787,1084,92934
2055787,2056991,1204,63713
2056991,2058157,1166,123059
2058157,2059012,855,11077
2059012,2060231,1219,231838
2060231,2060984,753,139307
2060984,2062093,1109,120281
2062093,2063150,1057,87997
2063150,2064292,1142,19208
2064292,2065475,1183,700
2065475,2066722,1247,101799
2066722,2067638,916,128632
2067638,2068745,1107,113272
2068745,2070081,1336,108640
2070081,2071184,1103,155949
2071184,2072403,1219,107627
2072403,2073666,1263,126861
2073666,2074544,878,77778
2074544,2075878,1334,132705
2075878,2076777,899,48361
2076777,2078049,1272,142362
2078049,2079185,1136,76973
2079185,2079660,475,109180
2079660,2080735,1075,130164
2080735,2081882,1147,124224
2081882,2083135,1253,182402
2083135,2084305,1170,284444
2084305,2085279,974,5341
2085279,2085616,337,4136
2085616,2086895,1279,40556
2086895,2088104,1209,7793
2088104,2088492,388,71405
2088492,2089732,1240,14497
2089732,2090860,1128,292252
2090860,2091301,441,5097
2091301,2092132,831,123215
2092132,2093190,1058,245687
2093190,2094325,1135,144019
2094325,2095462,1137,121085
2095462,2096526,1064,138042
2096526,2097758,1232,130530
2097758,2098961,1203,123048
2098961,2100136,1175,11244
2100136,2101350,1214,130504
2101350,2102544,1194,133393
2102544,2103309,765,123268
2103309,2104496,1187,144135
2104496,2105805,1309,145145
2105805,2106900,1095,80690
2106900,2108067,1167,160952
2108067,2108377,310,157056
2108377,2109698,1321,12898
2109698,2110893,1195,44577
2110893,2111632,739,166423
2111632,2112659,1027,34479
2112659,2113817,1158,107479
2113817,2114863,1046,101283
2114863,2115927,1064,300225
2115927,2116210,283,56574
2116210,2117520,1310,81843
2117520,2118795,1275,132532
2118795,2119396,601,279856
2119396,2120126,730,126945
2120126,2120625,499,117899
2120625,2121409,784,162238
2121409,2121888,479,15305
2121888,2122991,1103,10344
2122991,2124218,1227,4275
2124218,2125244,1026,134465
2125244,2126136,892,41933
2126136,2127108,972,134120
2127108,2127488,380,138866
2127488,2128763,1275,122441
2128763,2130040,1277,121398
2130040,2130878,838,139355
2130878,2131145,267,130093
2131145,2132095,950,131106
2132095,2133331,1236,300234
2133331,2134470,1139,87732
2134470,2135703,1233,258959
2135703,2136914,1211,126739
2136914,2137157,243,157236
2137157,2138284,1127,68353
2138284,2139437,1153,45217
2139437,2140580,1143,123269
2140580,2140971,391,285137
2140971,2141874,903,65554
2141874,2142766,892,129596
2142766,2143943,1177,4654
2143943,2144968,1025,121674
2144968,2146119,1151,39475
2146119,2147370,1251,6398
2147370,2148486,1116,149735
2148486,2149463,977,170977
2149463,2150686,1223,130164
2150686,2151963,1277,1560
2151963,2153219,1256,291172
2153219,2154514,1295,124595
2154514,2155775,1261,68358
2155775,2157017,1242,121103
2157017,2157763,746,91192
2157763,2158255,492,141270
2158255,2159414,1159,132568
2159414,2160557,1143,108005
2160557,2161858,1301,126842
2161858,2162100,242,164101
2162100,2163387,1287,293663
2163387,2163947,560,287671
2163947,2164884,937,35921
2164884,2166087,1203,106366
2166087,2167182,1095,40556
2167182,2168363,1181,174953
2168363,2169418,1055,231834
2169418,2170072,654,24515
2170072,2171140,1068,13056
2171140,2172383,1243,8674
2172383,2173336,953,133273
2173336,2173802,466,139742
2173802,2175041,1239,11734
2175041,2175520,479,65534
2175520,2176813,1293,292253
2176813,2177844,1031,12707
2177844,2178989,1145,150843
2178989,2180157,1168,134465
2180157,2181299,1142,1188
2181299,2181723,424,47237
2181723,2182806,1083,134434
2182806,2184027,1221,89390
2184027,2185005,978,46890
2185005,2186301,1296,134316
2186301,2187446,1145,37092
2187446,2188679,1233,6174
2188679,2189893,1214,156720
2189893,2191159,1266,44586
2191159,2192516,1357,4654
2192516,2193768,1252,4275
2193768,2194997,1229,216563
2194997,2195916,919,124221
2195916,2196697,781,142848
2196697,2197747,1050,13056
2197747,2198804,1057,137618
2198804,2199933,1129,224
2199933,2201084,1151,39515
2201084,2202092,1008,5097
2202092,2202397,305,129979
2202397,2203242,845,123192
2203242,2204393,1151,715
2204393,2205688,1295,125084
2205688,2206559,871,94526
2206559,2207741,1182,168626
2207741,2208981,1240,12895
2208981,2209208,227,9920
2209208,2209694,486,20410
2209694,2209879,185,31668
2209879,2210725,846,8684
2210725,2211879,1154,9919
2211879,2212995,1116,101276
2212995,2214226,1231,141644
2214226,2215469,1243,108620
2215469,2216364,895,163519
2216364,2217594,1230,52087
2217594,2218760,1166,6171
2218760,2219645,885,122789
2219645,2220570,925,135229
2220570,2221757,1187,129805
2221757,2223057,1300,104979
2223057,2224226,1169,40571
2224226,2224978,752,1188
2224978,2226195,1217,12332
2226195,2226688,493,232057
2226688,2227745,1057,90850
2227745,2228776,1031,53343
2228776,2229914,1138,137154
2229914,2231032,1118,130569
2231032,2232351,1319,65554
2232351,2232589,238,176854
2232589,2233820,1231,281187
2233820,2234938,1118,12118
2234938,2235495,557,365
2235495,2236015,520,25951
2236015,2237260,1245,142318
2237260,2237857,597,163518
2237857,2238452,595,104717
2238452,2239448,996,61316
2239448,2240627,1179,54006
2240627,2241746,1119,131735
2241746,2242771,1025,131296
2242771,2243953,1182,114452
2243953,2245119,1166,58433
2245119,2246288,1169,122828
2246288,2247537,1249,57837
2247537,2248676,1139,122443
2248676,2249969,1293,105673
2249969,2251024,1055,12539
2251024,2252236,1212,142362
2252236,2253567,1331,64974
2253567,2254838,1271,177641
2254838,2256123,1285,12926
2256123,2257469,1346,157644
2257469,2258403,934,73075
2258403,2259457,1054,245691
2259457,2260695,1238,145138
2260695,2261698,1003,148522
2261698,2262579,881,292252
2262579,2263784,1205,6175
2263784,2264480,696,13256
2264480,2265684,1204,27593
2265684,2266826,1142,164328
2266826,2267429,603,63101
2267429,2268660,1231,84010
2268660,2269920,1260,275127
2269920,2271046,1126,130164
2271046,2272091,1045,139356
2272091,2273158,1067,1731
2273158,2274405,1247,162129
2274405,2275038,633,135657
2275038,2276142,1104,55856
2276142,2277259,1117,138042
2277259,2278299,1040,131106
2278299,2278972,673,149939
2278972,2279629,657,136271
2279629,2280011,382,144496
2280011,2281155,1144,37092
2281155,2282418,1263,282934
2282418,2283353,935,129066
2283353,2284606,1253,187023
2284606,2285560,954,157644
2285560,2286578,1018,142363
2286578,2287837,1259,130627
2287837,2288807,970,133393
2288807,2289526,719,46243
2289526,2290736,1210,120330
2290736,2291709,973,668
2291709,2292217,508,174511
2292217,2292980,763,156757
2292980,2294233,1253,69550
2294233,2294966,733,176680
2294966,2296199,1233,135657
2296199,2296396,197,175962
2296396,2297676,1280,138063
2297676,2298901,1225,66622
2298901,2299080,179,163505
2299080,2300028,948,73847
2300028,2301058,1030,124368
2301058,2301238,180,160188
2301238,2302479,1241,170453
2302479,2303648,1169,124549
2303648,2304785,1137,289453
2304785,2305673,888,136458
2305673,2306835,1162,29012
2306835,2308088,1253,76574
2308088,2309283,1195,143893
2309283,2310353,1070,72210
2310353,2311356,1003,159227
2311356,2312158,802,59167
2312158,2313316,1158,14677
2313316,2314375,1059,139308
2314375,2315608,1233,68353
2315608,2316973,1365,80665
2316973,2318090,1117,130492
2318090,2319315,1225,140067
2319315,2320482,1167,73295
2320482,2321690,1208,68888
2321690,2322465,775,89735
2322465,2323493,1028,14526
2323493,2324601,1108,296467
2324601,2325793,1192,131003
2325793,2326260,467,65534
2326260,2327474,1214,160958
2327474,2328463,989,135897
2328463,2328911,448,46889
2328911,2329170,259,121331
2329170,2329645,475,16020
2329645,2330083,438,279852
2330083,2331331,1248,126208
2331331,2331748,417,162667
2331748,2332845,1097,5912
2332845,2333725,880,142733
2333725,2334804,1079,76973
2334804,2335962,1158,32451
2335962,2337302,1340,43322
2337302,2338535,1233,67233
2338535,2339071,536,134316
2339071,2340188,1117,99156
2340188,2341247,1059,170982
2341247,2342392,1145,126842
2342392,2343394,1002,130993
2343394,2344597,1203,86710
2344597,2345195,598,66465
2345195,2345539,344,129396
2345539,2346565,1026,4136
2346565,2347542,977,270777
2347542,2347850,308,96241
2347850,2348051,201,18005
2348051,2349277,1226,109185
2349277,2349959,682,131218
2349959,2350322,363,143477
2350322,2351623,1301,86741
2351623,2352758,1135,148920
2352758,2353952,1194,131113
2353952,2355060,1108,9174
2355060,2355968,908,81859
2355968,2357175,1207,58869
2357175,2358340,1165,129443
2358340,2359334,994,155968
2359334,2360407,1073,258986
2360407,2360933,526,104888
2360933,2362171,1238,123192
2362171,2363286,1115,136483
2363286,2364535,1249,170956
2364535,2365710,1175,9919
2365710,2366856,1146,39661
2366856,2367682,826,134707
2367682,2368908,1226,300343
2368908,2369920,1012,715
2369920,2370830,910,39661
2370830,2372096,1266,161975
2372096,2373345,1249,107517
2373345,2374549,1204,142824
2374549,2375577,1028,170977
2375577,2376729,1152,126945
2376729,2377626,897,245708
2377626,2378756,1130,132705
2378756,2379937,1181,73295
2379937,2381199,1262,146437
2381199,2382276,1077,121148
2382276,2383544,1268,10088
2383544,2384477,933,129623
2384477,2385581,1104,274378
2385581,2386860,1279,170440
2386860,2388021,1161,161166
2388021,2389317,1296,285173
2389317,2390560,1243,99156
2390560,2391754,1194,124990
2391754,2392401,647,159227
2392401,2393588,1187,129582
2393588,2394773,1185,53342
2394773,2395988,1215,141268
2395988,2396556,568,125123
2396556,2397704,1148,141208
2397704,2398141,437,160964
2398141,2398556,415,10347
2398556,2399768,1212,101832
2399768,2400289,521,132891
2400289,2401434,1145,124224
2401434,2402645,1211,117382
2402645,2403772,1127,26982
2403772,2404873,1101,276908
2404873,2405448,575,276730
2405448,2405965,517,142858
2405965,2407183,1218,14674
2407183,2408342,1159,93470
2408342,2409249,907,25951
2409249,2410369,1120,88089
2410369,2410965,596,61356
2410965,2412027,1062,138047
2412027,2413280,1253,102240
2413280,2414015,735,90847
2414015,2415102,1087,137004
2415102,2416119,1017,292604
2416119,2416518,399,168199
2416518,2417200,682,50777
2417200,2418353,1153,295197
2418353,2419588,1235,14976
2419588,2420703,1115,122655
2420703,2421407,704,126965
2421407,2422334,927,65772
2422334,2423409,1075,134660
2423409,2424477,1068,11243
2424477,2425491,1014,160592
2425491,2426608,1117,10673
2426608,2427827,1219,115686
2427827,2429113,1286,19376
2429113,2430127,1014,83633
2430127,2431286,1159,133471
2431286,2432338,1052,126208
2432338,2433627,1289,145138
2433627,2434553,926,295446
2434553,2435410,857,178450
2435410,2435764,354,53343
2435764,2436922,1158,137483
2436922,2438018,1096,138545
2438018,2438909,891,142279
2438909,2440208,1299,157054
2440208,2441319,1111,290047
2441319,2442648,1329,5710
2442648,2443716,1068,36633
2443716,2444895,1179,131882
2444895,2445055,160,7239
2445055,2446075,1020,54666
2446075,2447080,1005,135826
2447080,2447379,299,246892
2447379,2447753,374,220952
2447753,2449045,1292,285135
2449045,2449243,198,9920
2449243,2449952,709,65554
2449952,2451186,1234,216567
2451186,2451528,342,302000
2451528,2452613,1085,39971
2452613,2452826,213,14674
2452826,2453796,970,271817
2453796,2455115,1319,134121
2455115,2456206,1091,18527
2456206,2456501,295,157857
2456501,2457725,1224,124221
2457725,2458648,923,258954
2458648,2458939,291,126959
2458939,2460096,1157,71420
2460096,2461353,1257,121085
2461353,2462419,1066,63095
2462419,2463302,883,130876
2463302,2464325,1023,138043
2464325,2465539,1214,134463
2465539,2466492,953,54487
2466492,2467071,579,67147
2467071,2468142,1071,6556
2468142,2469351,1209,10160
2469351,2470622,1271,147967
2470622,2471605,983,88086
2471605,2472874,1269,129597
2472874,2474102,1228,276735
2474102,2474695,593,123602
2474695,2475834,1139,123059
2475834,2476938,1104,88484
2476938,2478161,1223,57831
2478161,2479317,1156,41911
2479317,2480433,1116,276749
2480433,2481440,1007,156981
2481440,2482604,1164,122876
2482604,2483741,1137,10089
2483741,2484913,1172,10160
2484913,2485472,559,109663
2485472,2486717,1245,187023
2486717,2487662,945,121674
2487662,2488129,467,54666
2488129,2489234,1105,59234
2489234,2490298,1064,171108
2490298,2490901,603,168198
2490901,2492021,1120,150127
2492021,2492524,503,135762
2492524,2493785,1261,6541
2493785,2494848,1063,77782
2494848,2495383,535,61781
2495383,2496466,1083,34478
2496466,2496701,235,4861
2496701,2497704,1003,295710
2497704,2499002,1298,132777
2499002,2499892,890,137588
2499892,2501048,1156,162129
2501048,2501839,791,124224
2501839,2503006,1167,184265
2503006,2504164,1158,123048
2504164,2505166,1002,273050
2505166,2506102,936,75939
2506102,2507294,1192,138548
2507294,2507793,499,295759
2507793,2509072,1279,56179
2509072,2509983,911,53342
2509983,2511163,1180,292253
2511163,2512435,1272,294700
2512435,2513520,1085,168198
2513520,2514805,1285,22581
2514805,2515976,1171,126965
2515976,2516926,950,105167
2516926,2518045,1119,141135
2518045,2518937,892,270778
2518937,2519706,769,121415
2519706,2520656,950,93277
2520656,2521690,1034,129066
2521690,2522752,1062,47238
2522752,2523771,1019,125002
2523771,2524383,612,58192
2524383,2525011,628,181420
2525011,2526229,1218,127215
2526229,2526849,620,32451
2526849,2527992,1143,135635
2527992,2529253,1261,161101
2529253,2530487,1234,164327
2530487,2531616,1129,151817
2531616,2531821,205,28462
2531821,2533057,1236,86683
2533057,2534072,1015,121148
2534072,2534914,842,89882
2534914,2535381,467,216564
2535381,2536381,1000,12103
2536381,2537656,1275,292253
2537656,2538762,1106,96498
2538762,2540004,1242,122626
2540004,2541259,1255,279775
2541259,2542615,1356,7944
2542615,2543758,1143,168626
2543758,2544381,623,96168
2544381,2545630,1249,245708
2545630,2546799,1169,25951
2546799,2547756,957,154736
2547756,2548778,1022,138901
2548778,2548995,217,232690
2548995,2549978,983,143361
2549978,2551199,1221,105167
2551199,2552380,1181,129581
2552380,2553522,1142,12103
2553522,2554739,1217,166421
2554739,2556014,1275,138042
2556014,2557267,1253,127518
2557267,2558431,1164,108638
2558431,2559713,1282,73958
2559713,2561031,1318,24731
2561031,2562015,984,143005
2562015,2563276,1261,288044
2563276,2564564,1288,163322
2564564,2565790,1226,64588
2565790,2566948,1158,160592
2566948,2567951,1003,287659
2567951,2568440,489,157242
2568440,2569539,1099,163505
2569539,2570669,1130,62347
2570669,2571912,1243,170438
2571912,2573249,1337,126292
2573249,2574327,1078,83708
2574327,2575512,1185,293957
2575512,2576479,967,258986
2576479,2576880,401,13250
2576880,2577967,1087,139404
2577967,2579213,1246,29108
2579213,2580457,1244,287659
2580457,2581712,1255,163507
2581712,2582899,1187,258959
2582899,2583863,964,139733
2583863,2584872,1009,105383
2584872,2585773,901,31609
2585773,2586925,1152,141644
2586925,2588213,1288,86741
2588213,2589323,1110,167024
2589323,2590243,920,48831
2590243,2590868,625,126600
2590868,2592041,1173,112056
2592041,2593071,1030,10160
2593071,2594270,1199,158081
2594270,2595494,1224,109176
2595494,2595917,423,128761
2595917,2596362,445,135580
2596362,2597630,1268,11079
2597630,2598469,839,158074
2598469,2599615,1146,275212
2599615,2600628,1013,126577
2600628,2600989,361,86683
2600989,2602007,1018,278217
2602007,2603215,1208,50778
2603215,2604356,1141,290365
2604356,2605433,1077,254949
2605433,2606519,1086,142824
2606519,2607774,1255,11243
2607774,2608325,551,6556
2608325,2608650,325,232690
2608650,2609843,1193,279856
2609843,2610860,1017,76574
2610860,2612001,1141,280380
2612001,2613147,1146,49755
2613147,2613683,536,108638
2613683,2614718,1035,133424
2614718,2615675,957,130876
2615675,2616936,1261,170956
2616936,2617953,1017,121068
2617953,2619092,1139,295761
2619092,2620037,945,126961
2620037,2621127,1090,245691
2621127,2622336,1209,20023
2622336,2623490,1154,105179
2623490,2623798,308,92002
2623798,2624949,1151,148550
2624949,2626189,1240,168204
2626189,2627376,1187,34479
2627376,2627826,450,142824
2627826,2629022,1196,175448
2629022,2630225,1203,52195
2630225,2631370,1145,168626
2631370,2632385,1015,157636
2632385,2633588,1203,290363
2633588,2634773,1185,143307
2634773,2635953,1180,154838
2635953,2636369,416,10344
2636369,2637379,1010,135657
2637379,2638048,669,126929
2638048,2639141,1093,14274
2639141,2639770,629,126957
2639770,2640992,1222,12971
2640992,2642201,1209,170440
2642201,2643401,1200,149735
2643401,2644562,1161,145145
2644562,2645682,1120,146770
2645682,2645999,317,125882
2645999,2647067,1068,9203
2647067,2648249,1182,28375
2648249,2649534,1285,130727
2649534,2650270,736,109663
2650270,2651334,1064,45217
2651334,2652517,1183,111574
2652517,2652912,395,291168
2652912,2654268,1356,131003
2654268,2655467,1199,129594
2655467,2656688,1221,59288
2656688,2657360,672,110526
2657360,2658598,1238,81843
2658598,2658991,393,65534
2658991,2660055,1064,185457
2660055,2661233,1178,169656
2661233,2662333,1100,161101
2662333,2663376,1043,170956
2663376,2664408,1032,70837
2664408,2665695,1287,281472
2665695,2666779,1084,171171
2666779,2668017,1238,106800
2668017,2668792,775,20410
2668792,2669963,1171,9920
2669963,2671001,1038,137588
2671001,2672110,1109,73295
2672110,2673410,1300,216570
2673410,2674691,1281,140639
2674691,2675774,1083,60489
2675774,2676987,1213,279775
2676987,2678182,1195,156757
2678182,2679515,1333,104979
2679515,2680630,1115,127538
2680630,2681256,626,132601
2681256,2681986,730,101579
2681986,2683164,1178,124587
2683164,2684449,1285,121024
2684449,2684743,294,105167
2684743,2685952,1209,21393
2685952,2686993,1041,150715
2686993,2687632,639,130489
2687632,2688581,949,121024
2688581,2689824,1243,121080
2689824,2690960,1136,284428
2690960,2692117,1157,296467
2692117,2693144,1027,123163
2693144,2694279,1135,64738
2694279,2695416,1137,73712
2695416,2696615,1199,145733
2696615,2697801,1186,157857
2697801,2699044,1243,186232
2699044,2700270,1226,140067
2700270,2701343,1073,157243
2701343,2702572,1229,73732
2702572,2703439,867,129064
2703439,2703634,195,125882
2703634,2704537,903,64075
2704537,2705342,805,278217
2705342,2706217,875,144986
2706217,2707336,1119,77361
2707336,2707609,273,109658
2707609,2708227,618,101884
2708227,2709537,1310,138617
2709537,2710209,672,144999
2710209,2710397,188,10798
2710397,2711540,1143,164101
2711540,2711984,444,66347
2711984,2712615,631,70843
2712615,2713376,761,142745
2713376,2714017,641,294700
2714017,2715322,1305,126410
2715322,2716535,1213,58845
2716535,2717538,1003,291381
2717538,2718761,1223,109658
2718761,2718923,162,696
2718923,2719996,1073,134451
2719996,2721066,1070,90850
2721066,2722257,1191,176263
2722257,2723365,1108,149881
2723365,2724634,1269,83606
2724634,2725666,1032,19209
2725666,2726747,1081,149738
2726747,2727848,1101,130627
2727848,2729028,1180,168062
2729028,2730121,1093,117866
2730121,2731350,1229,57416
2731350,2732243,893,138631
2732243,2732998,755,258266
2732998,2733995,997,275128
2733995,2735060,1065,169291
2735060,2735485,425,120281
2735485,2736021,536,73296
2736021,2736403,382,16632
2736403,2737465,1062,129659
2737465,2738508,1043,184447
2738508,2739471,963,304534
2739471,2740672,1201,121148
2740672,2741621,949,110238
2741621,2742682,1061,70998
2742682,2742935,253,138032
2742935,2744087,1152,138631
2744087,2745258,1171,130994
2745258,2746104,846,141148
2746104,2746716,612,139358
2746716,2747573,857,153964
2747573,2747934,361,120325
2747934,2749189,1255,296159
2749189,2749810,621,5097
2749810,2750115,305,166423
2750115,2751368,1253,111574
2751368,2752036,668,138047
2752036,2753087,1051,142752
2753087,2754190,1103,133273
2754190,2755341,1151,274378
2755341,2756342,1001,29091
2756342,2757667,1325,83696
2757667,2758879,1212,130093
2758879,2759922,1043,245707
2759922,2761181,1259,89390
2761181,2762340,1159,63713
2762340,2763550,1210,121799
2763550,2764755,1205,147962
2764755,2765951,1196,134592
2765951,2767157,1206,136983
2767157,2768318,1161,56840
2768318,2769387,1069,80665
2769387,2769982,595,293987
2769982,2771299,1317,123172
2771299,2772428,1129,122806
2772428,2772971,543,171133
2772971,2774143,1172,141242
2774143,2775244,1101,86039
2775244,2776267,1023,125002
2776267,2777580,1313,285173
2777580,2778565,985,148522
2778565,2779445,880,141571
2779445,2779948,503,9010
2779948,2780189,241,216563
2780189,2781266,1077,124990
2781266,2782395,1129,64075
2782395,2783014,619,65554
2783014,2784010,996,220980
2784010,2785210,1200,112057
2785210,2786125,915,129582
2786125,2787229,1104,138486
2787229,2788537,1308,135264
2788537,2789614,1077,142744
2789614,2790619,1005,155646
2790619,2791637,1018,132499
2791637,2791861,224,101799
2791861,2793194,1333,128331
2793194,2794259,1065,113273
2794259,2795514,1255,134786
2795514,2796606,1092,134825
2796606,2797805,1199,99124
2797805,2798910,1105,63839
2798910,2800166,1256,109179
2800166,2800953,787,132891
2800953,2801230,277,105405
2801230,2802366,1136,6557
2802366,2803355,989,4136
2803355,2804522,1167,258986
2804522,2804706,184,123602
2804706,2805696,990,231834
2805696,2805893,197,48842
2805893,2806558,665,99122
2806558,2807685,1127,290363
2807685,2808963,1278,54006
2808963,2809506,543,139361
2809506,2810703,1197,136458
2810703,2811889,1186,70756
2811889,2813117,1228,89388
2813117,2813397,280,164187
2813397,2814505,1108,126929
2814505,2815615,1110,72210
2815615,2816812,1197,21305
2816812,2817233,421,13269
2817233,2818452,1219,149033
2818452,2818746,294,123268
2818746,2819975,1229,1532
2819975,2820358,383,131218
2820358,2821582,1224,73024
2821582,2822760,1178,127215
2822760,2823980,1220,124990
2823980,2824823,843,135020
2824823,2825999,1176,105383
2825999,2826978,979,25951
2826978,2828073,1095,681
2828073,2829245,1172,216564
2829245,2830251,1006,7793
2830251,2831162,911,155972
2831162,2832251,1089,101258
2832251,2833242,991,132532
2833242,2834087,845,258960
2834087,2835276,1189,101579
2835276,2835753,477,36641
2835753,2836716,963,281131
2836716,2837706,990,14274
2837706,2838984,1278,67200
2838984,2839547,563,170977
2839547,2840616,1069,108005
2840616,2841303,687,101262
2841303,2842462,1159,184448
2842462,2843095,633,125943
2843095,2843693,598,139009
2843693,2844887,1194,126959
2844887,2845429,542,44586
2845429,2846551,1122,142279
2846551,2847561,1010,141148
2847561,2848318,757,6506
2848318,2849389,1071,158074
2849389,2850061,672,25766
2850061,2851395,1334,133220
2851395,2852203,808,293987
2852203,2853298,1095,5912
2853298,2854479,1181,73024
2854479,2855628,1149,152264
2855628,2856139,511,11612
2856139,2857432,1293,122806
2857432,2858595,1163,294114
2858595,2859781,1186,133239
2859781,2861007,1226,105179
2861007,2861894,887,104986
2861894,2862749,855,133220
2862749,2863263,514,106965
2863263,2864471,1208,71404
2864471,2865602,1131,170977
2865602,2866843,1241,141721
2866843,2868048,1205,135826
2868048,2868217,169,8592
2868217,2868910,693,84121
2868910,2870033,1123,68762
2870033,2871135,1102,131220
2871135,2871706,571,59268
2871706,2872836,1130,134636
2872836,2874018,1182,105179
2874018,2875283,1265,146346
2875283,2876549,1266,170976
2876549,2877839,1290,122806
2877839,2879039,1200,134451
2879039,2880068,1029,30105
2880068,2881335,1267,281188
2881335,2882423,1088,64713
2882423,2883546,1123,186232
2883546,2884749,1203,112057
2884749,2885450,701,122944
2885450,2885835,385,164327
2885835,2887108,1273,132499
2887108,2888277,1169,121671
2888277,2889525,1248,67233
2889525,2889831,306,105405
2889831,2890646,815,139297
2890646,2891534,888,187018
2891534,2892781,1247,292348
2892781,2893880,1099,58776
2893880,2894257,377,112058
2894257,2895409,1152,12118
2895409,2896580,1171,170951
2896580,2897799,1219,104483
2897799,2899017,1218,110522
2899017,2900211,1194,84447
2900211,2900887,676,126945
2900887,2902045,1158,132776
2902045,2903226,1181,122806
2903226,2904436,1210,6398
2904436,2905497,1061,113272
2905497,2906681,1184,298549
2906681,2907918,1237,170982
2907918,2909181,1263,8157
2909181,2909910,729,95963
2909910,2911033,1123,58868
2911033,2911492,459,171137
2911492,2912849,1357,12707
2912849,2913341,492,125123
2913341,2914498,1157,126220
2914498,2915360,862,158744
2915360,2915869,509,124439
2915869,2916289,420,104717
2916289,2917230,941,176854
2917230,2918497,1267,140651
2918497,2918975,478,149939
2918975,2920274,1299,11079
2920274,2921328,1054,123135
2921328,2922509,1181,141268
2922509,2923245,736,11077
2923245,2924296,1051,290901
2924296,2925428,1132,152864
2925428,2926280,852,131722
2926280,2926905,625,245708
2926905,2928026,1121,130530
2928026,2929111,1085,128345
2929111,2929812,701,4691
2929812,2930951,1139,48842
2930951,2932015,1064,39478
2932015,2932772,757,39970
2932772,2933885,1113,724
2933885,2935088,1203,83607
2935088,2935670,582,89735
2935670,2936470,800,139358
2936470,2936675,205,107479
2936675,2937772,1097,124520
2937772,2939045,1273,286306
2939045,2940174,1129,71405
2940174,2941345,1171,162129
2941345,2941879,534,27504
2941879,2943044,1165,131226
2943044,2944233,1189,244431
2944233,2945494,1261,134451
2945494,2946697,1203,270778
2946697,2947918,1221,102381
2947918,2949270,1352,254918
2949270,2949889,619,3961
2949889,2951037,1148,88483
2951037,2952105,1068,48032
2952105,2953354,1249,278220
2953354,2954106,752,17615
2954106,2955300,1194,245687
2955300,2956445,1145,95870
2956445,2956928,483,130105
2956928,2958149,1221,118119
2958149,2958951,802,139707
2958951,2960182,1231,53342
2960182,2960976,794,141713
2960976,2961513,537,128660
2961513,2962586,1073,287660
2962586,2963629,1043,58763
2963629,2964810,1181,135220
2964810,2965416,606,32139
2965416,2966213,797,10822
2966213,2967186,973,163527
2967186,2968349,1163,61316
2968349,2969456,1107,143264
2969456,2970685,1229,56837
2970685,2971715,1030,64974
2971715,2972951,1236,80665
2972951,2974201,1250,398
2974201,2974833,632,274379
2974833,2976124,1291,139358
2976124,2977105,981,87766
2977105,2978364,1259,68773
2978364,2979564,1200,6506
2979564,2980708,1144,37090
2980708,2981899,1191,144503
2981899,2983013,1114,147968
2983013,2984190,1177,67857
2984190,2985421,1231,77361
2985421,2985723,302,123163
2985723,2986835,1112,68762
2986835,2987682,847,34479
2987682,2988920,1238,68770
2988920,2989127,207,141268
2989127,2989726,599,129587
2989726,2990757,1031,122944
2990757,2991978,1221,73712
2991978,2993093,1115,171139
2993093,2993431,338,124368
2993431,2994621,1190,169291
2994621,2995662,1041,105383
2995662,2996699,1037,64588
2996699,2997990,1291,110061
2997990,2999206,1216,174953
2999206,3000111,905,36641
3000111,3001420,1309,12731
3001420,3002444,1024,121720
3002444,3003349,905,135220
3003349,3004455,1106,127703
3004455,3005487,1032,86588
3005487,3006693,1206,27504
3006693,3007666,973,144965
3007666,3008194,528,152831
3008194,3009377,1183,123013
3009377,3010463,1086,146437
3010463,3011799,1336,101283
3011799,3012898,1099,126577
3012898,3014051,1153,128309
3014051,3015282,1231,39967
3015282,3016384,1102,48362
3016384,3017545,1161,142858
3017545,3018797,1252,15307
3018797,3020091,1294,122025
3020091,3020346,255,130548
3020346,3021545,1199,52087
3021545,3021941,396,32137
3021941,3023034,1093,157057
3023034,3024319,1285,64292
3024319,3025475,1156,136280
3025475,3026519,1044,130974
3026519,3027740,1221,170950
3027740,3028883,1143,274379
3028883,3030098,1215,54006
3030098,3031325,1227,64588
3031325,3032528,1203,156738
3032528,3033665,1137,161975
3033665,3034845,1180,122825
3034845,3035477,632,132272
3035477,3036444,967,6175
3036444,3037613,1169,122544
3037613,3038684,1071,126480
3038684,3039807,1123,130125
3039807,3040615,808,137739
3040615,3041456,841,114476
3041456,3042675,1219,67863
3042675,3043933,1258,6171
3043933,3044789,856,157054
3044789,3045753,964,88761
3045753,3046824,1071,157830
3046824,3047818,994,155151
3047818,3049119,1301,129066
3049119,3050333,1214,83708
3050333,3051585,1252,131732
3051585,3052631,1046,274378
3052631,3053260,629,25951
3053260,3054036,776,122876
3054036,3055212,1176,104886
3055212,3056211,999,159386
3056211,3057392,1181,62347
3057392,3057597,205,61758
3057597,3058820,1223,144485
3058820,3059734,914,9210
3059734,3060889,1155,88484
3060889,3061727,838,70843
3061727,3062966,1239,86588
3062966,3064111,1145,39970
3064111,3065261,1150,57180
3065261,3066318,1057,31629
3066318,3067445,1127,65534
3067445,3068632,1187,135892
3068632,3069875,1243,58843
3069875,3071130,1255,157243
3071130,3072333,1203,143625
3072333,3073466,1133,163607
3073466,3074615,1149,50776
3074615,3075651,1036,149890
3075651,3076902,1251,78193
3076902,3077086,184,62347
3077086,3078099,1013,160438
3078099,3079260,1161,14976
3079260,3080365,1105,132069
3080365,3081543,1178,10347
3081543,3082768,1225,54016
3082768,3084039,1271,110061
3084039,3085216,1177,128309
3085216,3086365,1149,274549
3086365,3087329,964,282934
3087329,3088451,1122,159386
3088451,3089796,1345,147110
3089796,3090635,839,46889
3090635,3091783,1148,123133
3091783,3092906,1123,271812
3092906,3094055,1149,12926
3094055,3095219,1164,48842
3095219,3095742,523,139741
3095742,3096962,1220,11254
3096962,3097735,773,157644
3097735,3098097,362,46889
3098097,3099220,1123,102239
3099220,3100617,1397,64292
3100617,3101586,969,168500
3101586,3102778,1192,150915
3102778,3104071,1293,48032
3104071,3105098,1027,161975
3105098,3106301,1203,88483
3106301,3107292,991,291168
3107292,3108553,1261,86741
3108553,3109518,965,122626
3109518,3110608,1090,54487
3110608,3111758,1150,121449
3111758,3112864,1106,131722
3112864,3113587,723,134717
3113587,3114656,1069,129440
3114656,3115643,987,126945
3115643,3116612,969,233382
3116612,3116950,338,129443
3116950,3117961,1011,110243
3117961,3118514,553,66465
3118514,3119617,1103,11535
3119617,3120488,871,153958
3120488,3121473,985,155151
3121473,3122754,1281,163726
3122754,3124048,1294,74477
3124048,3125392,1344,26982
3125392,3126479,1087,132300
3126479,3127596,1117,70837
3127596,3128641,1045,27593
3128641,3129542,901,160187
3129542,3130521,979,124224
3130521,3131654,1133,137589
3131654,3132848,1194,60489
3132848,3133887,1039,126842
3133887,3135015,1128,139200
3135015,3136143,1128,46889
3136143,3136930,787,163402
3136930,3138214,1284,70837
3138214,3139317,1103,129583
3139317,3139807,490,126832
3139807,3141062,1255,1732
3141062,3141902,840,110054
3141902,3143173,1271,59268
3143173,3144209,1036,43322
3144209,3144896,687,107479
3144896,3145312,416,36956
3145312,3146253,941,122863
