mel_spectro_start,mel_spectro_end,mel_spectro_length,Speaker
0,954,954,5791
954,2107,1153,6498
2107,3377,1270,137588
3377,4505,1128,187018
4505,5530,1025,20410
5530,6582,1052,184264
6582,7884,1302,130093
7884,8896,1012,258974
8896,9855,959,137739
9855,10072,217,138488
10072,10586,514,8675
10586,11382,796,26853
11382,12493,1111,35921
12493,13728,1235,186230
13728,14737,1009,130533
14737,15898,1161,89388
15898,16973,1075,6398
16973,18172,1199,11258
18172,19382,1210,156968
19382,20517,1135,284434
20517,21725,1208,130977
21725,23004,1279,95441
23004,24107,1103,35926
24107,25165,1058,131218
25165,26363,1198,74797
26363,26596,233,158074
26596,27137,541,10344
27137,28353,1216,134636
28353,29534,1181,130131
29534,30115,581,129388
30115,30425,310,152825
30425,31628,1203,46588
31628,32826,1198,3587
32826,34075,1249,86045
34075,35094,1019,135020
35094,36318,1224,127696
36318,37363,1045,25563
37363,38488,1125,121541
38488,39627,1139,89894
39627,40739,1112,93470
40739,41902,1163,57837
41902,43164,1262,111574
43164,43540,376,146770
43540,44594,1054,39660
44594,45149,555,12539
45149,46373,1224,51162
46373,47608,1235,300047
47608,48861,1253,130974
48861,50203,1342,130900
50203,51404,1201,66622
51404,52430,1026,64738
52430,52667,237,140041
52667,53932,1265,31097
53932,54842,910,155972
54842,55215,373,86804
55215,56250,1035,34497
56250,57486,1236,176263
57486,58620,1134,258959
58620,59864,1244,55927
59864,60326,462,151817
60326,60928,602,4479
60928,62088,1160,104979
62088,62452,364,184447
62452,63665,1213,121541
63665,64829,1164,112593
64829,65476,647,58025
65476,66457,981,91902
66457,67268,811,164327
67268,68446,1178,152265
68446,69228,782,184448
69228,70320,1092,4662
70320,71501,1181,170453
71501,72772,1271,117095
72772,73941,1169,122827
73941,75105,1164,10172
75105,76205,1100,142896
76205,76722,517,32137
76722,77971,1249,56174
77971,79045,1074,39761
79045,80006,961,13364
80006,80266,260,131113
80266,81324,1058,128345
81324,82523,1199,129066
82523,83615,1092,126312
83615,84700,1085,107520
84700,85855,1155,39475
85855,87030,1175,121130
87030,88212,1182,5758
88212,89510,1298,55856
89510,90582,1072,138043
90582,91813,1231,150469
91813,92691,878,39481
92691,93913,1222,161972
93913,94170,257,129790
94170,95407,1237,110056
95407,96682,1275,7793
96682,97917,1235,171134
97917,99120,1203,134316
99120,99750,630,121068
99750,100801,1051,131276
100801,101476,675,176278
101476,101831,355,73961
101831,102239,408,98644
102239,103424,1185,141721
103424,103927,503,187005
103927,104159,232,139358
104159,105001,842,131226
105001,106234,1233,91072
106234,107349,1115,142318
107349,108398,1049,138042
108398,108986,588,61742
108986,110171,1185,44912
110171,111426,1255,136280
111426,112739,1313,127518
112739,113450,711,109658
113450,114723,1273,125128
114723,115223,500,41151
115223,115542,319,39970
115542,115715,173,72207
115715,116857,1142,121674
116857,117996,1139,112011
117996,119126,1130,156720
119126,120129,1003,44577
120129,121258,1129,53342
121258,122561,1303,10344
122561,123842,1281,169619
123842,125111,1269,187006
125111,126325,1214,132718
126325,127548,1223,141135
127548,128329,781,126829
128329,129314,985,109174
129314,130531,1217,5704
130531,131083,552,46890
131083,132264,1181,134420
132264,133125,861,11533
133125,134251,1126,121658
134251,135525,1274,151776
135525,136664,1139,715
136664,137915,1251,157236
137915,139078,1163,117382
139078,140092,1014,58776
140092,141135,1043,54659
141135,142258,1123,132499
142258,143540,1282,86045
143540,144859,1319,282386
144859,145940,1081,125127
145940,146927,987,76055
146927,147990,1063,171109
147990,149114,1124,122614
149114,150383,1269,71531
150383,151277,894,131030
151277,152530,1253,135657
152530,153725,1195,39840
153725,154924,1199,135636
154924,155953,1029,68344
155953,157173,1220,170952
157173,157942,769,129790
157942,159193,1251,52088
159193,160381,1188,10328
160381,161487,1106,142745
161487,161757,270,123998
161757,162678,921,130493
162678,163644,966,147971
163644,164923,1279,121413
164923,166013,1090,108620
166013,167119,1106,112592
167119,168280,1161,130103
168280,169488,1208,38660
169488,170008,520,6506
170008,171196,1188,76055
171196,172358,1162,124549
172358,173500,1142,145138
173500,174473,973,29012
174473,175696,1223,295445
175696,176851,1155,128309
176851,177408,557,165701
177408,178383,975,160958
178383,178638,255,157066
178638,179660,1022,41933
179660,180853,1193,72876
180853,181786,933,55856
181786,182959,1173,80189
182959,184205,1246,12707
184205,184896,691,76055
184896,185896,1000,160188
185896,186473,577,136983
186473,187619,1146,125147
187619,188880,1261,161100
188880,189490,610,98644
189490,190545,1055,103481
190545,191544,999,157236
191544,192024,480,63713
192024,192854,830,150915
192854,193298,444,129752
193298,194465,1167,12898
194465,194993,528,141279
194993,196304,1311,74797
196304,196793,489,6525
196793,197912,1119,46890
197912,199101,1189,157857
199101,200372,1271,150915
200372,201398,1026,170438
201398,202575,1177,126959
202575,202962,387,158081
202962,204137,1175,37999
204137,204620,483,122944
204620,205057,437,10347
205057,206320,1263,290350
206320,207424,1104,17942
207424,208538,1114,216564
208538,209666,1128,178029
209666,210812,1146,174992
210812,211987,1175,8674
211987,212408,421,147193
212408,213589,1181,61356
213589,214681,1092,58025
214681,215543,862,48842
215543,215951,408,150469
215951,217122,1171,122876
217122,217509,387,164327
217509,218760,1251,4445
218760,219227,467,121446
219227,220438,1211,244443
220438,221201,763,124547
221201,222303,1102,282386
222303,223519,1216,54006
223519,224528,1009,293168
224528,225759,1231,123036
225759,226150,391,124164
226150,227322,1172,158074
227322,228435,1113,296078
228435,229625,1190,1150
229625,230305,680,282391
230305,231565,1260,148521
231565,232745,1180,110705
232745,233960,1215,121080
233960,234674,714,90852
234674,235903,1229,121760
235903,237050,1147,276908
237050,238051,1001,170440
238051,239297,1246,6541
239297,240496,1199,87508
240496,241748,1252,84121
241748,242864,1116,155972
242864,243904,1040,19132
243904,245045,1141,41151
245045,245226,181,134465
245226,246427,1201,126959
246427,247565,1138,28380
247565,248712,1147,123270
248712,250001,1289,150915
250001,251230,1229,147110
251230,251899,669,10344
251899,253086,1187,130489
253086,254293,1207,64717
254293,255220,927,11077
255220,256197,977,60480
256197,256630,433,143361
256630,257867,1237,157400
257867,258651,784,169293
258651,259307,656,232691
259307,260574,1267,291608
260574,261569,995,130728
261569,262706,1137,184264
262706,263956,1250,62851
263956,264529,573,131722
264529,265690,1161,39660
265690,266353,663,10160
266353,266679,326,32135
266679,267765,1086,282412
267765,268912,1147,57180
268912,270101,1189,182402
270101,270908,807,178030
270908,272202,1294,57156
272202,272650,448,134816
272650,273529,879,142744
273529,274581,1052,122810
274581,275660,1079,176270
275660,276737,1077,44912
276737,278038,1301,87766
278038,279270,1232,157636
279270,279820,550,153733
279820,281071,1251,142752
281071,281356,285,142848
281356,282292,936,184447
282292,283361,1069,6557
283361,284561,1200,105179
284561,285726,1165,129325
285726,286961,1235,5764
286961,288169,1208,291172
288169,289352,1183,139612
289352,290543,1191,21493
290543,291199,656,19214
291199,292248,1049,128345
292248,293523,1275,136483
293523,294636,1113,124368
294636,295860,1224,124587
295860,296486,626,158081
296486,297768,1282,32886
297768,298967,1199,92002
298967,299917,950,185125
299917,300798,881,129066
300798,301416,618,14677
301416,301784,368,166436
301784,302922,1138,48377
302922,303780,858,112056
303780,303982,202,123602
303982,305138,1156,282926
305138,306397,1259,127936
306397,307083,686,57837
307083,308067,984,291107
308067,308448,381,73847
308448,309417,969,176263
309417,309624,207,135897
309624,309780,156,129388
309780,310641,861,137628
310641,311856,1215,178450
311856,313219,1363,284435
313219,314317,1098,122451
314317,315346,1029,150843
315346,316224,878,61780
316224,317367,1143,47237
317367,318347,980,175448
318347,319554,1207,157057
319554,320766,1212,279153
320766,321625,859,155972
321625,322849,1224,154838
322849,323946,1097,164461
323946,324811,865,81870
324811,325380,569,136610
325380,326502,1122,89894
326502,327411,909,169291
327411,328598,1187,85685
328598,329938,1340,52195
329938,331156,1218,69550
331156,331537,381,156474
331537,332830,1293,39515
332830,332992,162,22574
332992,334141,1149,123269
334141,335221,1080,71402
335221,336440,1219,275128
336440,337624,1184,137739
337624,338240,616,140718
338240,338795,555,10347
338795,339709,914,121446
339709,340888,1179,134825
340888,342069,1181,131228
342069,343321,1252,14960
343321,344509,1188,89388
344509,345716,1207,149738
345716,346110,394,134786
346110,347123,1013,140718
347123,347568,445,102239
347568,347940,372,126796
347940,349286,1346,39967
349286,350312,1026,69412
350312,351342,1030,107627
351342,352538,1196,142318
352538,353296,758,61316
353296,353750,454,11049
353750,355063,1313,36633
355063,355358,295,132644
355358,356594,1236,70843
356594,356940,346,122944
356940,358183,1243,291107
358183,359421,1238,121446
359421,360665,1244,128636
360665,361946,1281,39648
361946,363085,1139,129581
363085,363866,781,300234
363866,365073,1207,163527
365073,366218,1145,130728
366218,367107,889,124520
367107,367957,850,9010
367957,369188,1231,10673
369188,370406,1218,133396
370406,371069,663,56179
371069,372291,1222,147159
372291,373168,877,140651
373168,373813,645,82558
373813,374935,1122,300208
374935,376126,1191,152824
376126,377390,1264,89898
377390,378005,615,83606
378005,378516,511,8689
378516,379619,1103,72210
379619,380482,863,165701
380482,381603,1121,120325
381603,382824,1221,86708
382824,383044,220,129979
383044,384122,1078,47237
384122,385071,949,139361
385071,385777,706,39477
385777,386886,1109,140222
386886,387882,996,279775
387882,389099,1217,59167
389099,390262,1163,8890
390262,391381,1119,101258
391381,391556,175,12332
391556,392681,1125,144503
392681,393058,377,275212
393058,394127,1069,58868
394127,395343,1216,715
395343,396372,1029,287671
396372,397559,1187,90852
397559,398107,548,130627
398107,399353,1246,147967
399353,400302,949,169619
400302,401567,1265,127518
401567,402842,1275,121760
402842,403732,890,271812
403732,404791,1059,149739
404791,405780,989,187466
405780,406938,1158,19361
406938,408051,1113,143005
408051,408577,526,128632
408577,409789,1212,12926
409789,410909,1120,73075
410909,412010,1101,140718
412010,413117,1107,56840
413117,413405,288,9919
413405,413717,312,130505
413717,414967,1250,18524
414967,416144,1177,101580
416144,417239,1095,103126
417239,418464,1225,142318
418464,419599,1135,73075
419599,420741,1142,141320
420741,421937,1196,39660
421937,423227,1290,142744
423227,424490,1263,122545
424490,425790,1300,29108
425790,426905,1115,6556
426905,428142,1237,123266
428142,429209,1067,132484
429209,430288,1079,116805
430288,431276,988,126961
431276,432465,1189,39967
432465,433524,1059,275128
433524,434633,1109,155152
434633,435686,1053,16632
435686,436977,1291,148920
436977,438173,1196,124368
438173,439385,1212,110061
439385,440215,830,155646
440215,440921,706,122944
440921,441083,162,32137
441083,441440,357,259009
441440,442663,1223,124368
442663,443988,1325,11512
443988,444511,523,126739
444511,444945,434,130093
444945,446096,1151,107520
446096,447037,941,18004
447037,448250,1213,122443
448250,449451,1201,12085
449451,450206,755,66176
450206,451489,1283,128761
451489,452708,1219,108621
452708,453947,1239,125140
453947,454946,999,110238
454946,455759,813,1731
455759,456992,1233,148993
456992,457805,813,121730
457805,458047,242,130994
458047,459089,1042,134425
459089,460326,1237,143262
460326,461587,1261,147968
461587,462666,1079,6525
462666,463934,1268,140639
463934,464603,669,26558
464603,465751,1148,161102
465751,466932,1181,64738
466932,468004,1072,30591
468004,468330,326,144986
468330,469354,1024,54006
469354,469635,281,163384
469635,469886,251,254948
469886,470509,623,73295
470509,471398,889,142311
471398,472349,951,95959
472349,472908,559,125084
472908,473608,700,131735
473608,474539,931,164187
474539,475805,1266,175448
475805,476811,1006,134316
476811,478027,1216,161166
478027,479162,1135,107621
479162,480040,878,141240
480040,480982,942,76046
480982,481275,293,155944
481275,482378,1103,282934
482378,483474,1096,290365
483474,484670,1196,283242
484670,484973,303,124547
484973,486114,1141,141209
486114,486616,502,121741
486616,487838,1222,134149
487838,489015,1177,125883
489015,490029,1014,17942
490029,491038,1009,41151
491038,491369,331,177641
491369,491961,592,133273
491961,493250,1289,21493
493250,494382,1132,11243
494382,495541,1159,161166
495541,496644,1103,107520
496644,497880,1236,147981
497880,499155,1275,138866
499155,500375,1220,11547
500375,501339,964,126829
501339,502040,701,4731
502040,503222,1182,105574
503222,504327,1105,143895
504327,505547,1220,8674
505547,506823,1276,130229
506823,508048,1225,141644
508048,509235,1187,126739
509235,509626,391,155151
509626,510728,1102,132101
510728,511826,1098,96175
511826,512660,834,279852
512660,513844,1184,129983
513844,515123,1279,143895
515123,516163,1040,131722
516163,517324,1161,9321
517324,518455,1131,155972
518455,519146,691,26894
519146,520166,1020,121891
520166,521473,1307,48361
521473,522372,899,127538
522372,523400,1028,29101
523400,524460,1060,108620
524460,525580,1120,66176
525580,526623,1043,132717
526623,527591,968,136280
527591,528472,881,156159
528472,529405,933,245687
529405,529595,190,123882
529595,530607,1012,32856
530607,531882,1275,34497
531882,532995,1113,133273
532995,534231,1236,111961
534231,535331,1100,124368
535331,536590,1259,36146
536590,537032,442,26956
537032,538191,1159,167597
538191,539526,1335,70837
539526,540485,959,84448
540485,541778,1293,1187
541778,542951,1173,149236
542951,543356,405,129393
543356,544664,1308,67218
544664,545734,1070,29012
545734,546064,330,75810
546064,546478,414,26895
546478,547582,1104,890
547582,548471,889,53343
548471,549577,1106,132272
549577,549918,341,11533
549918,551036,1118,121382
551036,552149,1113,14936
552149,553244,1095,231834
553244,554399,1155,149890
554399,555328,929,70843
555328,556358,1030,140222
556358,557451,1093,130164
557451,557624,173,279852
557624,558908,1284,141148
558908,559999,1091,300234
559999,561044,1045,109658
561044,562223,1179,117866
562223,563475,1252,95959
563475,564752,1277,139717
564752,565985,1233,7793
565985,567244,1259,80534
567244,567969,725,254918
567969,569187,1218,121661
569187,570439,1252,74798
570439,571067,628,129623
571067,572251,1184,131887
572251,573299,1048,143005
573299,574226,927,135635
574226,575496,1270,73958
575496,576186,690,170951
576186,577449,1263,233382
577449,578266,817,121799
578266,579419,1153,130878
579419,579682,263,26853
579682,580256,574,258250
580256,581197,941,94522
581197,582443,1246,26553
582443,583566,1123,116805
583566,584767,1201,124994
584767,586101,1334,88363
586101,587264,1163,2772
587264,588516,1252,29110
588516,589730,1214,132882
589730,590924,1194,170982
590924,591994,1070,136054
591994,592499,505,31629
592499,593754,1255,37999
593754,593989,235,233382
593989,595018,1029,126932
595018,595699,681,126220
595699,596768,1069,142858
596768,597897,1129,130727
597897,599140,1243,159228
599140,600233,1093,96157
600233,601108,875,123191
601108,601335,227,160593
601335,602294,959,8912
602294,603459,1165,131735
603459,604729,1270,231837
604729,606008,1279,157057
606008,607234,1226,130493
607234,608195,961,31668
608195,609253,1058,73075
609253,610527,1274,124368
610527,611556,1029,111961
611556,612699,1143,123013
612699,613670,971,137770
613670,614829,1159,145138
614829,615676,847,90852
615676,616824,1148,134425
616824,617650,826,145138
617650,618068,418,105179
618068,619242,1174,108640
619242,620490,1248,128331
620490,621410,920,160188
621410,622525,1115,72876
622525,623654,1129,73073
623654,624216,562,90847
624216,624750,534,139404
624750,626001,1251,122614
626001,627304,1303,105171
627304,628496,1192,121891
628496,629715,1219,8674
629715,630918,1203,9914
630918,631220,302,105390
631220,631765,545,129805
631765,632625,860,294551
632625,633898,1273,10988
633898,635057,1159,14936
635057,636229,1172,287671
636229,636662,433,130876
636662,637739,1077,129983
637739,638974,1235,79973
638974,640257,1283,47032
640257,641566,1309,126336
641566,642700,1134,125941
642700,643945,1245,133447
643945,645201,1256,168199
645201,646316,1115,285896
646316,647134,818,82458
647134,648395,1261,166420
648395,649158,763,84121
649158,650151,993,132776
650151,651354,1203,1150
651354,651723,369,178029
651723,652819,1096,46240
652819,653941,1122,154671
653941,655053,1112,47030
655053,655798,745,85640
655798,656959,1161,258970
656959,658218,1259,95441
658218,659529,1311,158781
659529,660052,523,220952
660052,660860,808,148920
660860,661949,1089,135220
661949,662178,229,163607
662178,663269,1091,362
663269,664039,770,162253
664039,665347,1308,275128
665347,665589,242,166683
665589,666702,1113,94523
666702,667842,1140,157236
667842,668969,1127,127597
668969,670218,1249,122801
670218,671153,935,125147
671153,672301,1148,275885
672301,672900,599,132300
672900,674091,1191,129440
674091,675346,1255,122441
675346,676458,1112,131203
676458,676819,361,61776
676819,677368,549,8927
677368,678643,1275,59268
678643,679794,1151,167022
679794,680561,767,9210
680561,681579,1018,34572
681579,682756,1177,149245
682756,683612,856,161972
683612,684016,404,132644
684016,685246,1230,39910
685246,685848,602,162239
685848,686945,1097,114469
686945,687704,759,96153
687704,688090,386,8890
688090,688878,788,274549
688878,689591,713,91801
689591,690056,465,12544
690056,691241,1185,30593
691241,692300,1059,91072
692300,693493,1193,143893
693493,694744,1251,38026
694744,695990,1246,285137
695990,697253,1263,131751
697253,698342,1089,137739
698342,699294,952,123882
699294,700499,1205,121541
700499,701733,1234,133263
701733,702792,1059,103120
702792,702996,204,274378
702996,703972,976,123176
703972,704773,801,291381
704773,705077,304,176853
705077,706361,1284,49755
706361,707537,1176,4733
707537,707806,269,134636
707806,708151,345,154838
708151,709399,1248,6174
709399,710564,1165,66465
710564,711636,1072,120325
711636,711984,348,122451
711984,712573,589,13248
712573,713474,901,157644
713474,713969,495,124549
713969,715178,1209,67592
715178,715965,787,102239
715965,717202,1237,123135
717202,718438,1236,59268
718438,719103,665,127215
719103,720393,1290,122443
720393,721517,1124,8141
721517,722334,817,95959
722334,723046,712,121085
723046,724215,1169,141240
724215,725278,1063,6525
725278,726384,1106,70837
726384,727489,1105,139397
727489,728726,1237,132272
728726,729983,1257,295710
729983,730794,811,125941
730794,731963,1169,147967
731963,733142,1179,115687
733142,733859,717,137106
733859,735042,1183,8592
735042,736170,1128,138043
736170,736673,503,129808
736673,736967,294,132717
736967,738195,1228,69422
738195,739387,1192,136983
739387,740474,1087,123866
740474,741626,1152,39971
741626,742746,1120,8674
742746,743903,1157,254918
743903,745262,1359,176263
745262,746541,1279,131735
746541,747820,1279,723
747820,748934,1114,121024
748934,750012,1078,126826
750012,751195,1183,187023
751195,752274,1079,58845
752274,753454,1180,286306
753454,754693,1239,64290
754693,755793,1100,4861
755793,755908,115,130125
755908,757083,1175,156981
757083,757855,772,130093
757855,759141,1286,39475
759141,760358,1217,17615
760358,760710,352,80189
760710,761907,1197,4275
761907,763063,1156,183988
763063,763531,468,126829
763531,764774,1243,130494
764774,765959,1185,9010
765959,766803,844,62851
766803,768027,1224,160952
768027,769112,1085,176660
769112,770149,1037,90852
770149,770678,529,164187
770678,771919,1241,1129
771919,772813,894,397
772813,774105,1292,18006
774105,775343,1238,157242
775343,776562,1219,157830
776562,776792,230,135897
776792,777998,1206,13256
777998,778373,375,141268
778373,779568,1195,61422
779568,780667,1099,63111
780667,781762,1095,130870
781762,782007,245,153733
782007,782732,725,86741
782732,783904,1172,121543
783904,784781,877,110238
784781,785830,1049,174511
785830,786406,576,160188
786406,787399,993,159386
787399,788678,1279,131106
788678,789911,1233,69607
789911,791076,1165,129805
791076,792187,1111,29110
792187,793376,1189,118112
793376,794529,1153,127518
794529,795622,1093,131295
795622,796788,1166,138115
796788,797833,1045,30106
797833,799085,1252,150469
799085,800240,1155,298549
800240,801320,1080,130529
801320,802477,1157,131704
802477,803698,1221,126220
803698,804707,1009,131218
804707,805875,1168,106367
805875,806836,961,106367
806836,808079,1243,1120
808079,809274,1195,282934
809274,810582,1308,110131
810582,811011,429,10328
811011,811677,666,134674
811677,811842,165,107480
811842,812255,413,133273
812255,813252,997,154736
813252,814506,1254,140725
814506,815739,1233,135227
815739,816823,1084,86039
816823,818000,1177,41151
818000,819284,1284,9203
819284,820354,1070,76043
820354,820656,302,14672
820656,821923,1267,279363
821923,823128,1205,5083
823128,823909,781,112597
823909,824830,921,293529
824830,826077,1247,1733
826077,826331,254,123215
826331,827384,1053,126539
827384,828353,969,98880
828353,829519,1166,86039
829519,830779,1260,92427
830779,831816,1037,128345
831816,833095,1279,159386
833095,834036,941,147968
834036,835066,1030,137739
835066,835754,688,121085
835754,836891,1137,70998
836891,838041,1150,5084
838041,838872,831,275218
838872,839949,1077,282391
839949,840690,741,92930
840690,841674,984,26982
841674,842852,1178,30591
842852,844019,1167,39515
844019,845075,1056,126600
845075,846249,1174,86710
846249,847344,1095,10673
847344,848035,691,723
848035,848830,795,171139
848830,850065,1235,163726
850065,851082,1017,4479
851082,852252,1170,156154
852252,853363,1111,182402
853363,854466,1103,158081
854466,855587,1121,67857
855587,856654,1067,142362
856654,856896,242,14897
856896,858105,1209,110061
858105,859246,1141,172165
859246,860353,1107,134728
860353,861602,1249,283242
861602,861806,204,95969
861806,863018,1212,54487
863018,864297,1279,143477
864297,864870,573,172156
864870,866086,1216,135264
866086,867211,1125,124002
867211,868401,1190,109507
868401,869361,960,88363
869361,870672,1311,46712
870672,871807,1135,135894
871807,872266,459,293963
872266,873101,835,68762
873101,874311,1210,295756
874311,875255,944,29110
875255,875448,193,148962
875448,876508,1060,92002
876508,877771,1263,137483
877771,878019,248,129582
878019,879221,1202,101283
879221,880512,1291,6397
880512,881667,1155,67584
881667,882172,505,125945
882172,883371,1199,5083
883371,884519,1148,86765
884519,885425,906,39967
885425,886480,1055,141320
886480,887609,1129,699
887609,888555,946,127731
888555,889802,1247,149881
889802,890839,1037,283462
890839,891950,1111,134830
891950,893229,1279,46890
893229,894418,1189,12895
894418,895559,1141,233342
895559,896537,978,172165
896537,897849,1312,59167
897849,898700,851,293529
898700,899866,1166,26558
899866,901099,1233,84357
901099,902104,1005,161217
902104,903330,1226,156757
903330,904633,1303,5416
904633,905873,1240,143948
905873,906851,978,15446
906851,907288,437,20023
907288,907959,671,69412
907959,908226,267,126965
908226,909356,1130,136483
909356,910561,1205,121064
910561,911714,1153,231836
911714,913022,1308,135762
913022,914162,1140,6541
914162,915515,1353,123215
915515,916399,884,121799
916399,917560,1161,122614
917560,918722,1162,71404
918722,919911,1189,73732
919911,920994,1083,129440
920994,922258,1264,101265
922258,922655,397,141208
922655,923633,978,304535
923633,924797,1164,163527
924797,925289,492,26894
925289,926538,1249,138656
926538,927467,929,92002
927467,928668,1201,126296
928668,929735,1067,77361
929735,930688,953,109185
930688,931845,1157,126796
931845,932105,260,39616
932105,932510,405,121103
932510,933586,1076,294700
933586,934768,1182,162253
934768,936059,1291,295446
936059,936574,515,121079
936574,937367,793,130627
937367,938079,712,126208
938079,939367,1288,52195
939367,939554,187,291374
939554,940457,903,233382
940457,941380,923,73973
941380,942468,1088,39501
942468,943749,1281,138042
943749,944851,1102,156230
944851,945688,837,48032
945688,946658,970,129011
946658,947891,1233,109662
947891,949188,1297,167597
949188,950389,1201,122443
950389,951518,1129,152262
951518,952660,1142,156154
952660,953864,1204,128138
953864,955075,1211,161102
955075,956213,1138,121130
956213,956552,339,141148
956552,957716,1164,185485
957716,958896,1180,124221
958896,960084,1188,136458
960084,960455,371,6556
960455,961452,997,89735
961452,962687,1235,142733
962687,963745,1058,89894
963745,965026,1281,57180
965026,965481,455,124587
965481,966645,1164,5416
966645,966970,325,7894
966970,967849,879,28375
967849,969037,1188,73075
969037,970186,1149,138074
970186,971447,1261,1043
971447,972503,1056,366
972503,973769,1266,9210
973769,974826,1057,133220
974826,976124,1298,10701
976124,977349,1225,135894
977349,978360,1011,19366
978360,979476,1116,139753
979476,980485,1009,131113
980485,981567,1082,129443
981567,981810,243,163505
981810,982908,1098,101864
982908,983401,493,164327
983401,984550,1149,48831
984550,985571,1021,281131
985571,986726,1155,73957
986726,987261,535,129594
987261,988542,1281,295759
988542,989621,1079,127685
989621,990714,1093,141208
990714,991204,490,122467
991204,992395,1191,68359
992395,992627,232,54613
992627,993590,963,126957
993590,994857,1267,294554
994857,995958,1101,163384
995958,997123,1165,157056
997123,998250,1127,170440
998250,999447,1197,44912
999447,1000723,1276,139741
1000723,1001788,1065,108638
1001788,1002101,313,45217
1002101,1003326,1225,176256
1003326,1003585,259,14936
1003585,1004802,1217,138866
1004802,1005821,1019,66464
1005821,1006992,1171,144503
1006992,1008025,1033,48579
1008025,1009207,1182,104398
1009207,1010186,979,254918
1010186,1011347,1161,295756
1011347,1011904,557,141279
1011904,1012561,657,1539
1012561,1013820,1259,67218
1013820,1014511,691,138047
1014511,1015501,990,19366
1015501,1016346,845,122544
1016346,1017432,1086,300225
1017432,1018347,915,5704
1018347,1019063,716,131899
1019063,1020243,1180,149880
1020243,1021269,1026,124224
1021269,1022048,779,32639
1022048,1023301,1253,258970
1023301,1024439,1138,300225
1024439,1025240,801,160964
1025240,1026391,1151,142733
1026391,1027535,1144,171134
1027535,1028748,1213,139707
1028748,1029547,799,58192
1029547,1030287,740,57156
1030287,1031241,954,99156
1031241,1032479,1238,6556
1032479,1033725,1246,12471
1033725,1034572,847,134465
1034572,1035792,1220,57416
1035792,1037005,1213,126826
1037005,1037816,811,184448
1037816,1038631,815,32658
1038631,1039756,1125,9914
1039756,1040744,988,24515
1040744,1041568,824,52088
1041568,1042818,1250,160592
1042818,1044118,1300,143893
1044118,1045404,1286,156154
1045404,1046415,1011,121730
1046415,1047148,733,12707
1047148,1048333,1185,23311
1048333,1049186,853,131030
1049186,1050424,1238,101276
1050424,1051561,1137,126336
1051561,1052554,993,171108
1052554,1053762,1208,121148
1053762,1055008,1246,142896
1055008,1056166,1158,101883
1056166,1057389,1223,19361
1057389,1058636,1247,6171
1058636,1059899,1263,146111
1059899,1060599,700,154697
1060599,1061840,1241,34478
1061840,1062912,1072,139797
1062912,1064073,1161,139387
1064073,1065101,1028,284433
1065101,1066308,1207,143625
1066308,1066450,142,121413
1066450,1067715,1265,156159
1067715,1068883,1168,295445
1068883,1070162,1279,294697
1070162,1071225,1063,99249
1071225,1072396,1171,163505
1072396,1073685,1289,70837
1073685,1074612,927,72876
1074612,1075814,1202,88761
1075814,1076969,1155,39970
1076969,1078236,1267,57837
1078236,1079257,1021,6397
1079257,1080305,1048,8684
1080305,1081034,729,61780
1081034,1081803,769,131735
1081803,1082541,738,86683
1082541,1083648,1107,22581
1083648,1084579,931,4861
1084579,1085666,1087,296473
1085666,1086902,1236,157859
1086902,1088098,1196,106366
1088098,1089218,1120,230928
1089218,1089920,702,169619
1089920,1090913,993,288044
1090913,1092121,1208,132710
1092121,1092340,219,157636
1092340,1092482,142,86683
1092482,1093856,1374,254918
1093856,1094112,256,153731
1094112,1095021,909,296465
1095021,1096254,1233,138115
1096254,1097485,1231,147970
1097485,1098492,1007,138033
1098492,1099728,1236,6541
1099728,1100695,967,12731
1100695,1101747,1052,40571
1101747,1102598,851,245691
1102598,1103771,1173,48525
1103771,1105104,1333,132530
1105104,1106107,1003,4861
1106107,1106476,369,140656
1106476,1107494,1018,11243
1107494,1108621,1127,234100
1108621,1109866,1245,54666
1109866,1110869,1003,141208
1110869,1112193,1324,149033
1112193,1113168,975,274379
1113168,1114299,1131,73972
1114299,1115507,1208,397
1115507,1116759,1252,129805
1116759,1117964,1205,157236
1117964,1119245,1281,111574
1119245,1120325,1080,142824
1120325,1121512,1187,150127
1121512,1122696,1184,165701
1122696,1123621,925,143264
1123621,1124874,1253,39660
1124874,1126131,1257,134804
1126131,1127225,1094,43296
1127225,1128354,1129,123443
1128354,1129525,1171,12085
1129525,1130765,1240,282391
1130765,1131902,1137,144965
1131902,1132699,797,143895
1132699,1133999,1300,121658
1133999,1134517,518,258986
1134517,1135640,1123,89735
1135640,1136535,895,19132
1136535,1137749,1214,24516
1137749,1138708,959,32135
1138708,1139972,1264,135892
1139972,1140995,1023,14677
1140995,1141994,999,131295
1141994,1142487,493,106974
1142487,1143123,636,56175
1143123,1144369,1246,9342
1144369,1144808,439,245687
1144808,1145991,1183,152224
1145991,1146652,661,48848
1146652,1147490,838,126859
1147490,1148761,1271,102239
1148761,1149888,1127,129983
1149888,1151147,1259,149738
1151147,1152416,1269,4447
1152416,1153643,1227,64588
1153643,1153875,232,13247
1153875,1155117,1242,157857
1155117,1156378,1261,56175
1156378,1157511,1133,132800
1157511,1158082,571,28465
1158082,1159265,1183,130566
1159265,1160479,1214,121382
1160479,1161678,1199,54659
1161678,1162559,881,304541
1162559,1163888,1329,11528
1163888,1164983,1095,104483
1164983,1166190,1207,262305
1166190,1167215,1025,106974
1167215,1168168,953,150843
1168168,1169304,1136,121799
1169304,1170249,945,65534
1170249,1171502,1253,73024
1171502,1172757,1255,274379
1172757,1173901,1144,141721
1173901,1174764,863,160188
1174764,1175546,782,144965
1175546,1176753,1207,152825
1176753,1177420,667,6557
1177420,1178698,1278,39913
1178698,1179773,1075,112057
1179773,1180187,414,95875
1180187,1181410,1223,147962
1181410,1182596,1186,64974
1182596,1183489,893,283138
1183489,1184542,1053,130503
1184542,1185816,1274,104978
1185816,1186928,1112,70843
1186928,1187481,553,121392
1187481,1188651,1170,2327
1188651,1189871,1220,135657
1189871,1191121,1250,73958
1191121,1192272,1151,166433
1192272,1193462,1190,72200
1193462,1193637,175,156963
1193637,1194888,1251,290365
1194888,1195859,971,44912
1195859,1197015,1156,131004
1197015,1198126,1111,110522
1198126,1199333,1207,293963
1199333,1200359,1026,14958
1200359,1200549,190,7591
1200549,1201587,1038,282385
1201587,1202831,1244,98880
1202831,1203959,1128,285137
1203959,1204303,344,140654
1204303,1205354,1051,127518
1205354,1206620,1266,224
1206620,1207761,1141,132782
1207761,1208774,1013,160188
1208774,1210029,1255,48842
1210029,1211168,1139,130871
1211168,1211999,831,129594
1211999,1213134,1135,160949
1213134,1213859,725,130871
1213859,1215046,1187,26872
1215046,1215791,745,170438
1215791,1217008,1217,58869
1217008,1218267,1259,11079
1218267,1219417,1150,352
1219417,1220532,1115,103126
1220532,1221620,1088,282934
1221620,1222660,1040,100044
1222660,1223952,1292,56174
1223952,1225114,1162,105179
1225114,1226356,1242,145088
1226356,1227497,1141,135894
1227497,1228694,1197,163612
1228694,1229858,1164,13185
1229858,1230958,1100,10673
1230958,1231246,288,14677
1231246,1232203,957,130627
1232203,1233086,883,54659
1233086,1234305,1219,131220
1234305,1235531,1226,302000
1235531,1235798,267,131106
1235798,1236953,1155,18004
1236953,1238034,1081,183988
1238034,1238665,631,95441
1238665,1239773,1108,112592
1239773,1240859,1086,130225
1240859,1241832,973,281188
1241832,1243154,1322,157861
1243154,1244175,1021,83633
1244175,1244924,749,13364
1244924,1245307,383,58433
1245307,1246607,1300,122825
1246607,1247237,630,5097
1247237,1248350,1113,6498
1248350,1249548,1198,152842
1249548,1250789,1241,10801
1250789,1251938,1149,134825
1251938,1253051,1113,73073
1253051,1254231,1180,132484
1254231,1255426,1195,2536
1255426,1256579,1153,7793
1256579,1257738,1159,127703
1257738,1258973,1235,170952
1258973,1260194,1221,143893
1260194,1261475,1281,295445
1261475,1262670,1195,56837
1262670,1263893,1223,274379
1263893,1265158,1265,128345
1265158,1266273,1115,187466
1266273,1267496,1223,157236
1267496,1268717,1221,141242
1268717,1269854,1137,136983
1269854,1270181,327,143948
1270181,1271192,1011,73732
1271192,1272315,1123,185457
1272315,1273504,1189,262305
1273504,1274702,1198,95969
1274702,1275483,781,92002
1275483,1276732,1249,157830
1276732,1278045,1313,153964
1278045,1279119,1074,283228
1279119,1280340,1221,70919
1280340,1281579,1239,67851
1281579,1282517,938,131732
1282517,1283423,906,129393
1283423,1284478,1055,135033
1284478,1285734,1256,92420
1285734,1286930,1196,89735
1286930,1288167,1237,124520
1288167,1289374,1207,148521
1289374,1290673,1299,85684
1290673,1291164,491,281131
1291164,1291771,607,127732
1291771,1292977,1206,279363
1292977,1294136,1159,10160
1294136,1294910,774,73973
1294910,1295701,791,153964
1295701,1296755,1054,121148
1296755,1298065,1310,73847
1298065,1299146,1081,122544
1299146,1300339,1193,135814
1300339,1301599,1260,139717
1301599,1302744,1145,270778
1302744,1303989,1245,9210
1303989,1304611,622,163612
1304611,1305765,1154,174960
1305765,1306768,1003,73957
1306768,1308029,1261,13256
1308029,1308885,856,254949
1308885,1310185,1300,104491
1310185,1311447,1262,220980
1311447,1312588,1141,10702
1312588,1313426,838,398
1313426,1313621,195,301693
1313621,1314872,1251,1120
1314872,1315072,200,113273
1315072,1315293,221,70837
1315293,1316032,739,139397
1316032,1317315,1283,127525
1317315,1318532,1217,161714
1318532,1319757,1225,300343
1319757,1321030,1273,276939
1321030,1321391,361,129388
1321391,1321567,176,14672
1321567,1321928,361,36641
1321928,1322472,544,44912
1322472,1323718,1246,12544
1323718,1324359,641,5909
1324359,1325638,1279,126336
1325638,1326397,759,31629
1326397,1327618,1221,154284
1327618,1328808,1190,135264
1328808,1329611,803,108638
1329611,1330698,1087,216570
1330698,1331981,1283,92934
1331981,1333037,1056,138042
1333037,1334100,1063,135657
1334100,1335318,1218,185466
1335318,1335524,206,139741
1335524,1336739,1215,187464
1336739,1338036,1297,166683
1338036,1339184,1148,12707
1339184,1340236,1052,51162
1340236,1341368,1132,39840
1341368,1342550,1182,177234
1342550,1343653,1103,23281
1343653,1344611,958,8592
1344611,1345751,1140,39508
1345751,1345992,241,83616
1345992,1347197,1205,160952
1347197,1348124,927,47541
1348124,1349182,1058,130870
1349182,1350238,1056,164100
1350238,1350825,587,163597
1350825,1351603,778,141644
1351603,1352024,421,86683
1352024,1352628,604,1731
1352628,1353777,1149,124595
1353777,1355099,1322,246893
1355099,1356123,1024,168497
1356123,1357299,1176,74798
1357299,1358565,1266,149739
1358565,1359816,1251,121140
1359816,1360461,645,279856
1360461,1361613,1152,68192
1361613,1362356,743,290351
1362356,1363528,1172,7944
1363528,1364480,952,155151
1364480,1365549,1069,142750
1365549,1366098,549,110522
1366098,1367249,1151,12332
1367249,1368208,959,144496
1368208,1368936,728,84447
1368936,1369967,1031,294523
1369967,1370545,578,5097
1370545,1371758,1213,6174
1371758,1373010,1252,134148
1373010,1374207,1197,279849
1374207,1375333,1126,121024
1375333,1375891,558,136458
1375891,1377100,1209,16632
1377100,1378153,1053,34572
1378153,1379301,1148,134717
1379301,1380464,1163,132272
1380464,1380968,504,14936
1380968,1381383,415,294114
1381383,1382474,1091,91906
1382474,1383643,1169,126313
1383643,1384800,1157,259009
1384800,1385706,906,112593
1385706,1386751,1045,94876
1386751,1388074,1323,10988
1388074,1389299,1225,133834
1389299,1389490,191,48032
1389490,1390411,921,271812
1390411,1391288,877,295446
1391288,1392236,948,170452
1392236,1393465,1229,9915
1393465,1394609,1144,72207
1394609,1395646,1037,157236
1395646,1396876,1230,92002
1396876,1397965,1089,88367
1397965,1399037,1072,233366
1399037,1399914,877,231862
1399914,1400034,120,124164
1400034,1401113,1079,12707
1401113,1402363,1250,70843
1402363,1403506,1143,32904
1403506,1404805,1299,141791
1404805,1405697,892,132592
1405697,1406940,1243,58433
1406940,1408296,1356,134816
1408296,1409540,1244,48831
1409540,1410661,1121,95870
1410661,1411173,512,150915
1411173,1412270,1097,30119
1412270,1413455,1185,6175
1413455,1414461,1006,81870
1414461,1415768,1307,139681
1415768,1416653,885,129440
1416653,1417731,1078,38660
1417731,1418886,1155,185488
1418886,1419622,736,133395
1419622,1420813,1191,110061
1420813,1422046,1233,276939
1422046,1422485,439,170952
1422485,1423684,1199,245687
1423684,1424865,1181,63095
1424865,1425135,270,135657
1425135,1426362,1227,101884
1426362,1427289,927,133424
1427289,1428186,897,152267
1428186,1429222,1036,58192
1429222,1430330,1108,135762
1430330,1431456,1126,140071
1431456,1432685,1229,122825
1432685,1433950,1265,149236
1433950,1434901,951,157859
1434901,1435438,537,279852
1435438,1436733,1295,159056
1436733,1437943,1210,145138
1437943,1439228,1285,133393
1439228,1440023,795,129623
1440023,1441163,1140,282357
1441163,1442355,1192,4158
1442355,1442713,358,121541
1442713,1443590,877,178030
1443590,1444110,520,171171
1444110,1445169,1059,123270
1445169,1445473,304,129514
1445473,1446239,766,56777
1446239,1447438,1199,139752
1447438,1448692,1254,135022
1448692,1449611,919,71402
1449611,1450842,1231,76046
1450842,1451580,738,141209
1451580,1452456,876,168500
1452456,1453701,1245,163612
1453701,1454954,1253,292252
1454954,1456031,1077,50777
1456031,1457117,1086,4275
1457117,1457889,772,110238
1457889,1459149,1260,291101
1459149,1460019,870,116805
1460019,1460561,542,10642
1460561,1461649,1088,163322
1461649,1462717,1068,4145
1462717,1463992,1275,126577
1463992,1464251,259,286306
1464251,1464400,149,125123
1464400,1464905,505,125147
1464905,1466071,1166,47237
1466071,1467337,1266,120318
1467337,1468524,1187,176660
1468524,1469232,708,245687
1469232,1469581,349,163381
1469581,1470467,886,283462
1470467,1471629,1162,121416
1471629,1472945,1316,61743
1472945,1473467,522,31091
1473467,1474612,1145,65772
1474612,1475869,1257,156015
1475869,1476349,480,73732
1476349,1477602,1253,87280
1477602,1478154,552,279856
1478154,1479372,1218,129066
1479372,1480472,1100,22574
1480472,1481693,1221,126794
1481693,1482654,961,7944
1482654,1483823,1169,295761
1483823,1484758,935,126220
1484758,1485543,785,11077
1485543,1486131,588,134728
1486131,1486539,408,149939
1486539,1487048,509,168497
1487048,1488054,1006,142727
1488054,1488633,579,14274
1488633,1489460,827,169293
1489460,1490823,1363,132532
1490823,1491276,453,291172
1491276,1492563,1287,699
1492563,1492978,415,129388
1492978,1494159,1181,83696
1494159,1494669,510,132592
1494669,1495645,976,185485
1495645,1496929,1284,124224
1496929,1497330,401,124994
1497330,1498380,1050,53638
1498380,1498815,435,133225
1498815,1499418,603,123176
1499418,1500519,1101,159386
1500519,1501626,1107,15307
1501626,1502779,1153,147981
1502779,1503885,1106,14497
1503885,1504277,392,110526
1504277,1505569,1292,123866
1505569,1506846,1277,55856
1506846,1507207,361,129064
1507207,1508378,1171,137106
1508378,1509655,1277,101854
1509655,1510852,1197,258959
1510852,1511961,1109,6556
1511961,1513189,1228,128761
1513189,1514181,992,300047
1514181,1515369,1188,7793
1515369,1516420,1051,121413
1516420,1517452,1032,86043
1517452,1518639,1187,70843
1518639,1519675,1036,171137
1519675,1520704,1029,105383
1520704,1521277,573,304535
1521277,1522524,1247,291170
1522524,1523566,1042,262291
1523566,1524800,1234,152267
1524800,1525939,1139,126945
1525939,1526593,654,105179
1526593,1527770,1177,85685
1527770,1528988,1218,144021
1528988,1529972,984,136458
1529972,1530443,471,57831
1530443,1530720,277,132891
1530720,1531498,778,140071
1531498,1531784,286,128138
1531784,1533107,1323,245708
1533107,1533664,557,139308
1533664,1534895,1231,102240
1534895,1535524,629,150916
1535524,1536625,1101,138043
1536625,1537838,1213,158074
1537838,1538861,1023,88748
1538861,1539835,974,131203
1539835,1540785,950,156019
1540785,1541930,1145,73073
1541930,1543165,1235,107517
1543165,1543416,251,9915
1543416,1544198,782,121730
1544198,1545409,1211,3961
1545409,1546716,1307,234100
1546716,1546971,255,101579
1546971,1548207,1236,68353
1548207,1549486,1279,139035
1549486,1550673,1187,82458
1550673,1551379,706,293963
1551379,1552586,1207,187018
1552586,1553812,1226,143948
1553812,1554675,863,123267
1554675,1555926,1251,108620
1555926,1556183,257,5909
1556183,1557349,1166,122443
1557349,1557995,646,7793
1557995,1558290,295,252342
1558290,1559531,1241,156738
1559531,1560524,993,291168
1560524,1561703,1179,147968
1561703,1562067,364,121068
1562067,1562741,674,254949
1562741,1563849,1108,281131
1563849,1564704,855,23281
1564704,1566065,1361,126945
1566065,1566878,813,167022
1566878,1567864,986,86710
1567864,1568837,973,121669
1568837,1569962,1125,212
1569962,1571029,1067,60489
1571029,1572170,1141,63101
1572170,1572459,289,129582
1572459,1573588,1129,121331
1573588,1574789,1201,26987
1574789,1575958,1169,4687
1575958,1578337,2379,85685
1578337,1579492,1155,5764
1579492,1580615,1123,110127
1580615,1581883,1268,64588
1581883,1583130,1247,46890
1583130,1584367,1237,133630
1584367,1585557,1190,125123
1585557,1586886,1329,184447
1586886,1587947,1061,5758
1587947,1589152,1205,134636
1589152,1590034,882,69607
1590034,1591192,1158,29092
1591192,1592218,1026,94876
1592218,1593241,1023,133630
1593241,1593823,582,134120
1593823,1594907,1084,61780
1594907,1595663,756,169293
1595663,1596858,1195,126859
1596858,1598077,1219,279849
1598077,1599351,1274,4275
1599351,1600022,671,135762
1600022,1601078,1056,158081
1601078,1602365,1287,283462
1602365,1603515,1150,4275
1603515,1604536,1021,13250
1604536,1605703,1167,131722
1605703,1606805,1102,52087
1606805,1607792,987,5330
1607792,1609131,1339,108638
1609131,1610318,1187,19665
1610318,1611229,911,86741
1611229,1612430,1201,138289
1612430,1613555,1125,83696
1613555,1614743,1188,100431
1614743,1615006,263,153728
1615006,1615940,934,160958
1615940,1617185,1245,134148
1617185,1618336,1151,102232
1618336,1619580,1244,294554
1619580,1620785,1205,108621
1620785,1621785,1000,294523
1621785,1622995,1210,395
1622995,1624314,1319,133396
1624314,1625639,1325,120280
1625639,1626667,1028,39481
1626667,1627766,1099,104637
1627766,1628754,988,292138
1628754,1629158,404,25765
1629158,1630396,1238,144503
1630396,1630976,580,142311
1630976,1632002,1026,141208
1632002,1632957,955,61316
1632957,1633808,851,6174
1633808,1634979,1171,126221
1634979,1635785,806,110131
1635785,1637034,1249,149881
1637034,1637593,559,104398
1637593,1638788,1195,72200
1638788,1639985,1197,270777
1639985,1640720,735,92002
1640720,1641995,1275,19366
1641995,1642171,176,107479
1642171,1643395,1224,86777
1643395,1644107,712,142320
1644107,1645368,1261,106800
1645368,1646577,1209,63713
1646577,1647577,1000,104890
1647577,1648946,1369,61758
1648946,1650167,1221,258266
1650167,1651472,1305,293957
1651472,1651895,423,137483
1651895,1653076,1181,144496
1653076,1654346,1270,109656
1654346,1655478,1132,123197
1655478,1656808,1330,282934
1656808,1658011,1203,132299
1658011,1659228,1217,155972
1659228,1660398,1170,141571
1660398,1661533,1135,108005
1661533,1662386,853,258993
1662386,1663501,1115,108638
1663501,1664494,993,134804
1664494,1665705,1211,130548
1665705,1666852,1147,139741
1666852,1668106,1254,84122
1668106,1669087,981,129396
1669087,1670313,1226,282357
1670313,1671538,1225,274549
1671538,1672726,1188,144999
1672726,1674009,1283,110243
1674009,1675094,1085,183239
1675094,1676285,1191,296395
1676285,1676496,211,274380
1676496,1677420,924,163519
1677420,1678385,965,12332
1678385,1679518,1133,104986
1679518,1680721,1203,157480
1680721,1682014,1293,121398
1682014,1683234,1220,138115
1683234,1683969,735,12332
1683969,1685278,1309,123197
1685278,1686397,1119,46268
1686397,1687552,1155,81859
1687552,1688881,1329,101799
1688881,1690123,1242,64708
1690123,1690698,575,142311
1690698,1691753,1055,121064
1691753,1692300,547,124224
1692300,1693399,1099,126861
1693399,1694358,959,291381
1694358,1695595,1237,44937
1695595,1696917,1322,56174
1696917,1697687,770,75791
1697687,1698946,1259,133239
1698946,1700187,1241,131113
1700187,1700963,776,700
1700963,1702193,1230,11244
1702193,1702860,667,150469
1702860,1703971,1111,126842
1703971,1704864,893,6398
1704864,1705741,877,291168
1705741,1705973,232,125140
1705973,1707057,1084,47238
1707057,1708308,1251,132592
1708308,1709514,1206,14653
1709514,1710618,1104,73732
1710618,1711754,1136,19585
1711754,1712448,694,65554
1712448,1713645,1197,275885
1713645,1714843,1198,142279
1714843,1715854,1011,143893
1715854,1717030,1176,231834
1717030,1718254,1224,121902
1718254,1719548,1294,140639
1719548,1720873,1325,99249
1720873,1721844,971,103126
1721844,1722874,1030,19373
1722874,1723594,720,101836
1723594,1724700,1106,102240
1724700,1725838,1138,178449
1725838,1726821,983,7793
1726821,1727409,588,246904
1727409,1728687,1278,108066
1728687,1729904,1217,103126
1729904,1730910,1006,64974
1730910,1731877,967,30119
1731877,1732748,871,66464
1732748,1733726,978,141248
1733726,1734962,1236,47237
1734962,1736022,1060,121413
1736022,1737158,1136,140931
1737158,1737685,527,160187
1737685,1739006,1321,12898
1739006,1739428,422,14358
1739428,1739987,559,130164
1739987,1741050,1063,696
1741050,1742320,1270,121541
1742320,1743189,869,273050
1743189,1744277,1088,124368
1744277,1745554,1277,164101
1745554,1746840,1286,1150
1746840,1747989,1149,139324
1747989,1748583,594,163402
1748583,1749510,927,115046
1749510,1750561,1051,108640
1750561,1751136,575,10088
1751136,1751502,366,245708
1751502,1751691,189,169656
1751691,1752926,1235,12118
1752926,1754136,1210,291101
1754136,1755305,1169,155949
1755305,1756282,977,139200
1756282,1757373,1091,138289
1757373,1758651,1278,121392
1758651,1759747,1096,134825
1759747,1760398,651,39661
1760398,1760945,547,13364
1760945,1761920,975,130994
1761920,1762243,323,47030
1762243,1763127,884,3967
1763127,1764379,1252,91072
1764379,1765582,1203,300225
1765582,1766749,1167,110520
1766749,1767723,974,86039
1767723,1768998,1275,143005
1768998,1770248,1250,129440
1770248,1771368,1120,130627
1771368,1772626,1258,28465
1772626,1773068,442,145145
1773068,1773398,330,5912
1773398,1774437,1039,134592
1774437,1775238,801,19373
1775238,1776311,1073,287359
1776311,1777620,1309,290365
1777620,1778799,1179,8674
1778799,1779232,433,258262
1779232,1780137,905,73295
1780137,1781115,978,275128
1781115,1781682,567,138033
1781682,1782804,1122,123197
1782804,1783694,890,176270
1783694,1784987,1293,123882
1784987,1786244,1257,131748
1786244,1787417,1173,890
1787417,1788162,745,137608
1788162,1788839,677,129396
1788839,1789362,523,291107
1789362,1790623,1261,296467
1790623,1791345,722,232690
1791345,1792522,1177,287359
1792522,1793481,959,12103
1793481,1794700,1219,126233
1794700,1795147,447,129623
1795147,1796264,1117,139356
1796264,1797099,835,137614
1797099,1798378,1279,1187
1798378,1799523,1145,101265
1799523,1799793,270,129994
1799793,1801105,1312,121130
1801105,1802147,1042,130505
1802147,1803344,1197,39478
1803344,1804242,898,155949
1804242,1805585,1343,276939
1805585,1806876,1291,99157
1806876,1808101,1225,138032
1808101,1809171,1070,77779
1809171,1810420,1249,220980
1810420,1811516,1096,107621
1811516,1812173,657,121331
1812173,1812974,801,151776
1812974,1813773,799,92934
1813773,1815012,1239,129396
1815012,1816267,1255,61323
1816267,1817374,1107,140072
1817374,1818528,1154,31091
1818528,1819525,997,186230
1819525,1820634,1109,125945
1820634,1821690,1056,135814
1821690,1822625,935,98877
1822625,1823606,981,140040
1823606,1824253,647,26895
1824253,1825454,1201,254948
1825454,1826648,1194,128309
1826648,1827701,1053,140222
1827701,1828958,1257,76974
1828958,1830054,1096,39840
1830054,1830720,666,6397
1830720,1831816,1096,109507
1831816,1832925,1109,113336
1832925,1834231,1306,47030
1834231,1835039,808,7622
1835039,1836304,1265,138033
1836304,1837113,809,121446
1837113,1838364,1251,28465
1838364,1839422,1058,130105
1839422,1839963,541,53342
1839963,1841164,1201,86043
1841164,1842313,1149,181961
1842313,1843552,1239,4445
1843552,1844683,1131,104717
1844683,1845833,1150,58090
1845833,1846958,1125,86804
1846958,1848205,1247,73846
1848205,1849380,1175,93277
1849380,1850639,1259,5703
1850639,1851714,1075,1560
1851714,1852013,299,167609
1852013,1853071,1058,69550
1853071,1853731,660,132710
1853731,1854869,1138,139752
1854869,1856012,1143,121543
1856012,1857009,997,274380
1857009,1858323,1314,91192
1858323,1858946,623,2777
1858946,1859409,463,160188
1859409,1860499,1090,58192
1860499,1861764,1265,136458
1861764,1862721,957,11546
1862721,1863541,820,75791
1863541,1864817,1276,26956
1864817,1865238,421,138032
1865238,1866235,997,156967
1866235,1867126,891,1539
1867126,1867612,486,4275
1867612,1868253,641,121331
1868253,1869483,1230,122025
1869483,1869981,498,139742
1869981,1870661,680,112592
1870661,1871821,1160,290365
1871821,1872008,187,123176
1872008,1873201,1193,46267
1873201,1874470,1269,246904
1874470,1875597,1127,69412
1875597,1876836,1239,121799
1876836,1877968,1132,302111
1877968,1879164,1196,10089
1879164,1880025,861,32137
1880025,1881228,1203,107520
1881228,1881809,581,101258
1881809,1882941,1132,294113
1882941,1883999,1058,126233
1883999,1885140,1141,80656
1885140,1886139,999,48032
1886139,1886638,499,135894
1886638,1887914,1276,7944
1887914,1889132,1218,13270
1889132,1890257,1125,124526
1890257,1891440,1183,58869
1891440,1892726,1286,121392
1892726,1893569,843,85685
1893569,1894777,1208,22574
1894777,1896107,1330,37090
1896107,1897348,1241,56175
1897348,1898613,1265,143005
1898613,1899740,1127,125127
1899740,1900896,1156,63841
1900896,1902079,1183,62558
1902079,1903070,991,165428
1903070,1903979,909,47541
1903979,1904924,945,130627
1904924,1905932,1008,135227
1905932,1906853,921,123267
1906853,1908004,1151,127732
1908004,1909084,1080,128136
1909084,1909313,229,121398
1909313,1910329,1016,110742
1910329,1911279,950,151776
1911279,1912358,1079,140639
1912358,1912852,494,138045
1912852,1914055,1203,274549
1914055,1914452,397,126965
1914452,1915530,1078,11258
1915530,1916711,1181,19366
1916711,1917847,1136,1732
1917847,1919100,1253,21393
1919100,1919826,726,32139
1919826,1920933,1107,127703
1920933,1922158,1225,80189
1922158,1923047,889,134657
1923047,1924228,1181,132499
1924228,1925230,1002,9210
1925230,1926099,869,5704
1926099,1927152,1053,137483
1927152,1927946,794,112593
1927946,1929083,1137,106969
1929083,1929854,771,102381
1929854,1931141,1287,121398
1931141,1932154,1013,55088
1932154,1933386,1232,63713
1933386,1934535,1149,5912
1934535,1935320,785,216570
1935320,1936599,1279,177627
1936599,1937318,719,294523
1937318,1938423,1105,130975
1938423,1939449,1026,30106
1939449,1940580,1131,139797
1940580,1940939,359,169619
1940939,1941476,537,9914
1941476,1942726,1250,134420
1942726,1943953,1227,135227
1943953,1945178,1225,63841
1945178,1946190,1012,11612
1946190,1947269,1079,296473
1947269,1948543,1274,84010
1948543,1949590,1047,121541
1949590,1950758,1168,85684
1950758,1950929,171,129396
1950929,1951929,1000,21493
1951929,1953004,1075,119295
1953004,1953516,512,13269
1953516,1954769,1253,44937
1954769,1955980,1211,145083
1955980,1956972,992,142733
1956972,1958190,1218,122443
1958190,1959399,1209,231838
1959399,1960523,1124,26950
1960523,1961614,1091,46890
1961614,1962853,1239,126959
1962853,1963949,1096,140071
1963949,1965207,1258,282934
1965207,1966404,1197,61741
1966404,1967483,1079,182402
1967483,1968702,1219,44577
1968702,1969563,861,119637
1969563,1970495,932,132776
1970495,1971416,921,5703
1971416,1972701,1285,144019
1972701,1973799,1098,123025
1973799,1974855,1056,41166
1974855,1975931,1076,124368
1975931,1976800,869,39970
1976800,1977776,976,164101
1977776,1978874,1098,168626
1978874,1979826,952,245708
1979826,1980961,1135,10642
1980961,1982122,1161,39648
1982122,1983347,1225,39481
1983347,1984628,1281,34478
1984628,1985735,1107,26559
1985735,1986856,1121,112592
1986856,1987791,935,136054
1987791,1988032,241,137154
1988032,1989331,1299,123443
1989331,1990293,962,144987
1990293,1991544,1251,70753
1991544,1992588,1044,4861
1992588,1993841,1253,139387
1993841,1994561,720,258959
1994561,1994990,429,161101
1994990,1996147,1157,126539
1996147,1997143,996,174960
1997143,1998400,1257,134728
1998400,1999379,979,129623
1999379,2000620,1241,159227
2000620,2001885,1265,133220
2001885,2002856,971,64588
2002856,2003963,1107,122441
2003963,2005204,1241,105405
2005204,2005963,759,1562
2005963,2006966,1003,157057
2006966,2007620,654,123443
2007620,2008699,1079,139200
2008699,2009659,960,39967
2009659,2010963,1304,159227
2010963,2011884,921,91906
2011884,2013102,1218,126220
2013102,2014159,1057,280380
2014159,2015381,1222,122789
2015381,2016531,1150,69422
2016531,2016932,401,136863
2016932,2018233,1301,137141
2018233,2019401,1168,246932
2019401,2019641,240,125945
2019641,2020612,971,85640
2020612,2021861,1249,164328
2021861,2023034,1173,48830
2023034,2024211,1177,135033
2024211,2025401,1190,118128
2025401,2026562,1161,126959
2026562,2027642,1080,156967
2027642,2028659,1017,109658
2028659,2029814,1155,131106
2029814,2030903,1089,73972
2030903,2031920,1017,126829
2031920,2032789,869,98878
2032789,2034129,1340,130229
2034129,2035135,1006,41933
2035135,2036288,1153,42637
2036288,2037558,1270,53342
2037558,2038613,1055,122944
2038613,2039525,912,141268
2039525,2040675,1150,143483
2040675,2041929,1254,86045
2041929,2043047,1118,10089
2043047,2044143,1096,291608
2044143,2045036,893,45217
2045036,2046317,1281,127691
2046317,2047435,1118,245687
2047435,2047857,422,160592
2047857,2048940,1083,352
2048940,2049925,985,130876
2049925,2050842,917,64290
2050842,2051821,979,170977
2051821,2053117,1296,132272
2053117,2053436,319,136054
2053436,2054649,1213,101854
2054649,2055801,1152,51163
2055801,2056955,1154,68344
2056955,2057964,1009,144503
2057964,2059248,1284,147968
2059248,2060421,1173,86741
2060421,2061586,1165,132601
2061586,2062713,1127,75355
2062713,2063712,999,185436
2063712,2064826,1114,92200
2064826,2065219,393,26895
2065219,2065789,570,284269
2065789,2067042,1253,87280
2067042,2068205,1163,32658
2068205,2068754,549,32137
2068754,2069715,961,294554
2069715,2070225,510,135020
2070225,2070453,228,129440
2070453,2071656,1203,130627
2071656,2072877,1221,296468
2072877,2073541,664,131276
2073541,2074184,643,11528
2074184,2075298,1114,152842
2075298,2076308,1010,280380
2076308,2077347,1039,90847
2077347,2078292,945,126961
2078292,2079451,1159,156981
2079451,2080742,1291,143625
2080742,2081012,270,122806
2081012,2081985,973,130625
2081985,2082846,861,133279
2082846,2084192,1346,10344
2084192,2084612,420,9914
2084612,2085820,1208,107247
2085820,2087051,1231,129388
2087051,2087904,853,88363
2087904,2089026,1122,29101
2089026,2089521,495,258263
2089521,2090800,1279,12103
2090800,2091953,1153,63885
2091953,2093140,1187,35921
2093140,2094289,1149,4445
2094289,2095136,847,130227
2095136,2096288,1152,22574
2096288,2097393,1105,142363
2097393,2098444,1051,109176
2098444,2099525,1081,274376
2099525,2100762,1237,160592
2100762,2101925,1163,124368
2101925,2103226,1301,68770
2103226,2104360,1134,240992
2104360,2105418,1058,1070
2105418,2106214,796,133220
2106214,2107196,982,14526
2107196,2108327,1131,39478
2108327,2109256,929,130566
2109256,2110221,965,282985
2110221,2111396,1175,6524
2111396,2112635,1239,120318
2112635,2113337,702,245691
2113337,2114321,984,138045
2114321,2115302,981,93276
2115302,2115988,686,19361
2115988,2117203,1215,147159
2117203,2118457,1254,130131
2118457,2119638,1181,134119
2119638,2119991,353,138488
2119991,2121061,1070,57179
2121061,2122399,1338,137154
2122399,2123161,762,107486
2123161,2124397,1236,129011
2124397,2125551,1154,126826
2125551,2126178,627,295756
2126178,2127165,987,126955
2127165,2128378,1213,258954
2128378,2129620,1242,64075
2129620,2130930,1310,9321
2130930,2132198,1268,70919
2132198,2133515,1317,9920
2133515,2134793,1278,136458
2134793,2135958,1165,130517
2135958,2137184,1226,11612
2137184,2138384,1200,162130
2138384,2138869,485,73732
2138869,2140219,1350,110742
2140219,2140819,600,139358
2140819,2141933,1114,131276
2141933,2143095,1162,254918
2143095,2144328,1233,283228
2144328,2145515,1187,81843
2145515,2146713,1198,39478
2146713,2147590,877,47032
2147590,2148809,1219,154736
2148809,2149808,999,31609
2149808,2150449,641,39616
2150449,2151492,1043,126965
2151492,2152414,922,352
2152414,2153624,1210,124224
2153624,2154862,1238,127215
2154862,2156042,1180,184448
2156042,2156295,253,125883
2156295,2157495,1200,87791
2157495,2158752,1257,126410
2158752,2159604,852,278220
2159604,2160317,713,141148
2160317,2160772,455,142279
2160772,2161862,1090,142320
2161862,2163090,1228,126539
2163090,2164246,1156,300047
2164246,2165078,832,125140
2165078,2166091,1013,139387
2166091,2167398,1307,101276
2167398,2167748,350,131226
2167748,2168636,888,283138
2168636,2169934,1298,8675
2169934,2170836,902,134176
2170836,2171969,1133,132707
2171969,2173244,1275,155151
2173244,2174374,1130,302000
2174374,2175251,877,12926
2175251,2175629,378,149939
2175629,2176450,821,1189
2176450,2177568,1118,29110
2177568,2178795,1227,102240
2178795,2180038,1243,30593
2180038,2180945,907,43306
2180945,2181998,1053,113273
2181998,2183100,1102,143483
2183100,2184173,1073,11547
2184173,2185423,1250,9919
2185423,2186668,1245,91801
2186668,2187747,1079,5710
2187747,2188507,760,75355
2188507,2189852,1345,187466
2189852,2191134,1282,100043
2191134,2192350,1216,258283
2192350,2193213,863,291101
2193213,2194476,1263,287357
2194476,2195629,1153,65534
2195629,2196378,749,100044
2196378,2197555,1177,129325
2197555,2198662,1107,295710
2198662,2199846,1184,122825
2199846,2201047,1201,156973
2201047,2202164,1117,102232
2202164,2203343,1179,121085
2203343,2204457,1114,129808
2204457,2205020,563,121543
2205020,2206196,1176,59175
2206196,2207254,1058,63713
2207254,2208541,1287,73847
2208541,2209384,843,284434
2209384,2210668,1284,139307
2210668,2211568,900,126408
2211568,2212636,1068,21393
2212636,2213777,1141,137628
2213777,2214462,685,108621
2214462,2215475,1013,288043
2215475,2216474,999,21305
2216474,2217756,1282,129587
2217756,2218172,416,121669
2218172,2219400,1228,163505
2219400,2219828,428,71401
2219828,2220856,1028,64956
2220856,2222082,1226,56175
2222082,2223429,1347,130516
2223429,2224728,1299,185466
2224728,2225583,855,65772
2225583,2226779,1196,101836
2226779,2227703,924,133442
2227703,2228892,1189,282934
2228892,2229106,214,140931
2229106,2230376,1270,304541
2230376,2231120,744,89882
2231120,2232093,973,144987
2232093,2232392,299,12538
2232392,2233289,897,298549
2233289,2234348,1059,71550
2234348,2235579,1231,268287
2235579,2236721,1142,9210
2236721,2237864,1143,30591
2237864,2238858,994,98878
2238858,2239388,530,65803
2239388,2239533,145,68188
2239533,2240677,1144,28384
2240677,2241496,819,123135
2241496,2242679,1183,135657
2242679,2243790,1111,123500
2243790,2245024,1234,147159
2245024,2246267,1243,163726
2246267,2247141,874,6398
2247141,2248339,1198,110243
2248339,2249522,1183,58763
2249522,2250699,1177,110127
2250699,2251774,1075,9321
2251774,2253017,1243,14958
2253017,2254060,1043,64588
2254060,2254938,878,131296
2254938,2256079,1141,44912
2256079,2257038,959,296395
2257038,2257744,706,138032
2257744,2258287,543,87791
2258287,2259552,1265,143893
2259552,2260804,1252,68762
2260804,2261938,1134,7622
2261938,2262994,1056,133630
2262994,2264244,1250,291381
2264244,2265629,1385,133227
2265629,2266844,1215,104491
2266844,2267308,464,298549
2267308,2267937,629,89894
2267937,2269166,1229,131732
2269166,2270369,1203,281131
2270369,2271510,1141,140718
2271510,2272091,581,58776
2272091,2273363,1272,143895
2273363,2274513,1150,147967
2274513,2275251,738,144019
2275251,2276173,922,110528
2276173,2277120,947,44937
2277120,2278325,1205,138866
2278325,2278998,673,135020
2278998,2280039,1041,102250
2280039,2280462,423,73024
2280462,2281641,1179,82904
2281641,2282743,1102,294700
2282743,2283398,655,139741
2283398,2283907,509,129011
2283907,2285069,1162,10642
2285069,2286344,1275,143895
2286344,2287509,1165,141240
2287509,2287943,434,160958
2287943,2288972,1029,5757
2288972,2290049,1077,68762
2290049,2291271,1222,100045
2291271,2292419,1148,12103
2292419,2293723,1304,143022
2293723,2294810,1087,39967
2294810,2296075,1265,168198
2296075,2297010,935,139324
2297010,2298242,1232,1732
2298242,2299348,1106,108640
2299348,2300162,814,121130
2300162,2301368,1206,178029
2301368,2302439,1071,103120
2302439,2303623,1184,36386
2303623,2304342,719,126313
2304342,2305433,1091,40556
2305433,2305961,528,133220
2305961,2307148,1187,73972
2307148,2308394,1246,140725
2308394,2309705,1311,157243
2309705,2310937,1232,143948
2310937,2312030,1093,132601
2312030,2313009,979,282383
2313009,2314281,1272,259009
2314281,2315520,1239,300208
2315520,2316785,1265,101832
2316785,2318062,1277,160958
2318062,2319075,1013,31603
2319075,2320324,1249,282934
2320324,2320979,655,31609
2320979,2321371,392,134981
2321371,2322517,1146,21305
2322517,2323561,1044,155520
2323561,2324642,1081,161166
2324642,2325839,1197,112011
2325839,2326768,929,59268
2326768,2327747,979,41151
2327747,2329008,1261,122806
2329008,2329223,215,19208
2329223,2330414,1191,149880
2330414,2331506,1092,83633
2331506,2332812,1306,137618
2332812,2334057,1245,296159
2334057,2335178,1121,19665
2335178,2336103,925,123602
2336103,2337367,1264,146197
2337367,2338606,1239,71402
2338606,2339111,505,10642
2339111,2339392,281,126233
2339392,2340156,764,275212
2340156,2340906,750,156015
2340906,2341742,836,131276
2341742,2342897,1155,4275
2342897,2343419,522,104483
2343419,2344530,1111,57154
2344530,2345645,1115,114468
2345645,2346880,1235,122944
2346880,2348143,1263,284434
2348143,2349182,1039,87766
2349182,2350392,1210,87280
2350392,2350853,461,116804
2350853,2351041,188,72210
2351041,2352151,1110,69411
2352151,2353015,864,129325
2353015,2353646,631,14526
2353646,2353939,293,156154
2353939,2355149,1210,4275
2355149,2356287,1138,163597
2356287,2356720,433,291608
2356720,2357990,1270,280380
2357990,2359164,1174,39475
2359164,2360271,1107,110061
2360271,2361202,931,281471
2361202,2362462,1260,135580
2362462,2363667,1205,177638
2363667,2364908,1241,126851
2364908,2365237,329,1188
2365237,2366273,1036,123190
2366273,2367391,1118,43296
2367391,2368630,1239,148529
2368630,2369827,1197,134420
2369827,2371073,1246,35921
2371073,2372150,1077,39481
2372150,2372620,470,293963
2372620,2373256,636,65534
2373256,2374024,768,36641
2374024,2375057,1033,58763
2375057,2376077,1020,129805
2376077,2377244,1167,130878
2377244,2378494,1250,101884
2378494,2379712,1218,126410
2379712,2380245,533,130993
2380245,2380563,318,246904
2380563,2381015,452,18005
2381015,2382224,1209,129805
2382224,2383383,1159,122614
2383383,2384564,1181,170977
2384564,2385782,1218,140639
2385782,2386861,1079,171134
2386861,2388015,1154,130876
2388015,2389269,1254,152825
2389269,2390202,933,61742
2390202,2390441,239,278289
2390441,2391362,921,26520
2391362,2392455,1093,281131
2392455,2393304,849,166420
2393304,2393881,577,168204
2393881,2394274,393,157636
2394274,2395397,1123,133471
2395397,2396579,1182,31668
2396579,2397702,1123,132776
2397702,2398692,990,63111
2398692,2399903,1211,86679
2399903,2400326,423,147989
2400326,2401535,1209,25766
2401535,2402668,1133,287837
2402668,2403737,1069,131732
2403737,2404922,1185,68359
2404922,2406164,1242,150843
2406164,2407257,1093,141268
2407257,2407660,403,30101
2407660,2408837,1177,130503
2408837,2409985,1148,75365
2409985,2411162,1177,48525
2411162,2411464,302,68188
2411464,2412559,1095,262291
2412559,2413839,1280,152842
2413839,2414371,532,125941
2414371,2415476,1105,290047
2415476,2416673,1197,66184
2416673,2417926,1253,1070
2417926,2418996,1070,15082
2418996,2419428,432,77778
2419428,2420293,865,12898
2420293,2421536,1243,121760
2421536,2422778,1242,164927
2422778,2424069,1291,63095
2424069,2425264,1195,141571
2425264,2425490,226,32451
2425490,2426758,1268,141209
2426758,2427928,1170,84122
2427928,2428525,597,270778
2428525,2429756,1231,167022
2429756,2430871,1115,73958
2430871,2432094,1223,14936
2432094,2432984,890,7943
2432984,2434249,1265,130553
2434249,2435491,1242,130625
2435491,2436422,931,276730
2436422,2437049,627,138032
2437049,2437340,291,138033
2437340,2438481,1141,134708
2438481,2439525,1044,48830
2439525,2440753,1228,66622
2440753,2441544,791,254949
2441544,2442660,1116,395
2442660,2443887,1227,95969
2443887,2445031,1144,152824
2445031,2445699,668,184265
2445699,2446736,1037,146197
2446736,2447787,1051,102238
2447787,2448945,1158,9920
2448945,2450093,1148,240992
2450093,2451320,1227,158081
2451320,2452497,1177,155151
2452497,2453769,1272,57179
2453769,2455033,1264,45217
2455033,2456074,1041,130900
2456074,2457093,1019,110528
2457093,2458298,1205,7944
2458298,2459465,1167,121543
2459465,2460600,1135,92935
2460600,2461647,1047,103126
2461647,2462793,1146,160593
2462793,2464000,1207,133224
2464000,2464769,769,187466
2464769,2465900,1131,63839
2465900,2467082,1182,102250
2467082,2468205,1123,10798
2468205,2469298,1093,13364
2469298,2470431,1133,125127
2470431,2471640,1209,130545
2471640,2472891,1251,175962
2472891,2474102,1211,12538
2474102,2475234,1132,258960
2475234,2476437,1203,138486
2476437,2477612,1175,19366
2477612,2478633,1021,61742
2478633,2479843,1210,212
2479843,2481096,1253,163597
2481096,2482338,1242,14497
2482338,2483576,1238,78885
2483576,2484631,1055,157066
2484631,2485488,857,295446
2485488,2486659,1171,216570
2486659,2487795,1136,126965
2487795,2488830,1035,29090
2488830,2490111,1281,142320
2490111,2491380,1269,148962
2491380,2492512,1132,133395
2492512,2493505,993,166683
2493505,2494043,538,46889
2494043,2495140,1097,164327
2495140,2496095,955,124368
2496095,2497372,1277,121671
2497372,2498471,1099,135249
2498471,2499324,853,300234
2499324,2500057,733,106370
2500057,2501228,1171,171134
2501228,2501772,544,132705
2501772,2503056,1284,106611
2503056,2504039,983,158074
2504039,2504504,465,163384
2504504,2505585,1081,157644
2505585,2506517,932,146437
2506517,2507671,1154,258266
2507671,2508906,1235,135897
2508906,2510051,1145,290901
2510051,2511188,1137,37134
2511188,2511593,405,75355
2511593,2511881,288,130184
2511881,2513111,1230,122625
2513111,2514352,1241,121392
2514352,2515502,1150,135892
2515502,2516787,1285,46243
2516787,2518123,1336,129623
2518123,2518837,714,109507
2518837,2519048,211,129805
2519048,2520245,1197,86804
2520245,2521528,1283,101283
2521528,2522116,588,8157
2522116,2523367,1251,246932
2523367,2524353,986,89388
2524353,2525462,1109,105398
2525462,2526535,1073,98880
2526535,2527782,1247,131004
2527782,2528707,925,15304
2528707,2529665,958,134816
2529665,2530473,808,120282
2530473,2531598,1125,187466
2531598,2532894,1296,164927
2532894,2533996,1102,122806
2533996,2534985,989,126739
2534985,2536245,1260,160952
2536245,2537496,1251,122876
2537496,2538003,507,300225
2538003,2538527,524,282934
2538527,2539663,1136,141148
2539663,2540722,1059,61743
2540722,2541831,1109,81870
2541831,2543045,1214,54016
2543045,2544303,1258,157861
2544303,2545459,1156,275147
2545459,2545808,349,53638
2545808,2546955,1147,170453
2546955,2547744,789,130093
2547744,2548785,1041,131203
2548785,2550013,1228,126832
2550013,2551200,1187,105383
2551200,2552432,1232,163935
2552432,2553634,1202,134463
2553634,2554874,1240,271826
2554874,2555330,456,45204
2555330,2556658,1328,142363
2556658,2557961,1303,134434
2557961,2559011,1050,36641
2559011,2559836,825,106366
2559836,2560963,1127,170453
2560963,2562001,1038,174953
2562001,2562802,801,125123
2562802,2564066,1264,123506
2564066,2564435,369,137614
2564435,2565608,1173,276749
2565608,2566859,1251,39478
2566859,2567364,505,141819
2567364,2568631,1267,216563
2568631,2569688,1057,136846
2569688,2570869,1181,139404
2570869,2571945,1076,291101
2571945,2573209,1264,1560
2573209,2573844,635,28465
2573844,2574457,613,232690
2574457,2575546,1089,149735
2575546,2576701,1155,9914
2576701,2577914,1213,141613
2577914,2579071,1157,132891
2579071,2580283,1212,284433
2580283,2580776,493,82904
2580776,2581755,979,81843
2581755,2583020,1265,68369
2583020,2584101,1081,246948
2584101,2584554,453,82904
2584554,2585493,939,71531
2585493,2586076,583,4145
2586076,2586908,832,10702
2586908,2588038,1130,171107
2588038,2589244,1206,135580
2589244,2589730,486,187018
2589730,2590953,1223,121331
2590953,2591729,776,278220
2591729,2592761,1032,18533
2592761,2593120,359,138043
2593120,2594375,1255,139742
2594375,2595600,1225,182396
2595600,2595950,350,9203
2595950,2597024,1074,150916
2597024,2598201,1177,139290
2598201,2599348,1147,123506
2599348,2600482,1134,285896
2600482,2601589,1107,220951
2601589,2602636,1047,132499
2602636,2603809,1173,37999
2603809,2605065,1256,246892
2605065,2605944,879,121140
2605944,2607205,1261,279153
2607205,2608413,1208,67233
2608413,2609234,821,132891
2609234,2610465,1231,142858
2610465,2611728,1263,121720
2611728,2612021,293,10344
2612021,2612287,266,11528
2612287,2613558,1271,121541
2613558,2614009,451,285173
2614009,2615110,1101,12544
2615110,2615434,324,53343
2615434,2616309,875,1539
2616309,2617403,1094,187023
2617403,2618470,1067,95870
2618470,2618919,449,48377
2618919,2620105,1186,132707
2620105,2621330,1225,292252
2621330,2622612,1282,292253
2622612,2623887,1275,144503
2623887,2625155,1268,139361
2625155,2626428,1273,146437
2626428,2627439,1011,140222
2627439,2628569,1130,92805
2628569,2629880,1311,132272
2629880,2630998,1118,138043
2630998,2632229,1231,293663
2632229,2632632,403,177641
2632632,2633852,1220,110238
2633852,2634845,993,48032
2634845,2635438,593,15305
2635438,2636670,1232,130093
2636670,2637569,899,80192
2637569,2638842,1273,6525
2638842,2640079,1237,86039
2640079,2641223,1144,82020
2641223,2641920,697,124003
2641920,2643137,1217,122467
2643137,2643589,452,126410
2643589,2644500,911,135894
2644500,2645462,962,138033
2645462,2645760,298,7239
2645760,2646980,1220,118128
2646980,2648233,1253,287139
2648233,2649472,1239,140071
2649472,2650634,1162,147173
2650634,2651444,810,3961
2651444,2652587,1143,126955
2652587,2653660,1073,101265
2653660,2654795,1135,129388
2654795,2655872,1077,6541
2655872,2657145,1273,293959
2657145,2658379,1234,132069
2658379,2659405,1026,72200
2659405,2660696,1291,129790
2660696,2661772,1076,75242
2661772,2662882,1110,138631
2662882,2664019,1137,1133
2664019,2665101,1082,154673
2665101,2665989,888,176263
2665989,2666702,713,121080
2666702,2666963,261,1189
2666963,2668054,1091,133279
2668054,2668426,372,284428
2668426,2669266,840,143893
2669266,2670198,932,70753
2670198,2671337,1139,8927
2671337,2672260,923,162239
2672260,2673486,1226,138113
2673486,2674652,1166,258250
2674652,2675728,1076,291379
2675728,2676827,1099,121729
2676827,2677817,990,163384
2677817,2678203,386,129393
2678203,2678611,408,133273
2678611,2679856,1245,295445
2679856,2681117,1261,107621
2681117,2682356,1239,283462
2682356,2683569,1213,11244
2683569,2684721,1152,155646
2684721,2685673,952,148962
2685673,2686174,501,160593
2686174,2687299,1125,172165
2687299,2688470,1171,114971
2688470,2689119,649,160188
2689119,2689312,193,159371
2689312,2690422,1110,23281
2690422,2691430,1008,54659
2691430,2692332,902,157236
2692332,2692519,187,150715
2692519,2693777,1258,142750
2693777,2694961,1184,130876
2694961,2696243,1282,395
2696243,2697487,1244,291374
2697487,2698200,713,64588
2698200,2699346,1146,62850
2699346,2700583,1237,69607
2700583,2701869,1286,125128
2701869,2703149,1280,91906
2703149,2704273,1124,110061
2704273,2705615,1342,121729
2705615,2706870,1255,123036
2706870,2708140,1270,104717
2708140,2708881,741,134707
2708881,2710153,1272,121085
2710153,2711246,1093,681
2711246,2712190,944,111574
2712190,2713136,946,8912
2713136,2714396,1260,107487
2714396,2715393,997,52087
2715393,2716400,1007,13185
2716400,2717148,748,302395
2717148,2718319,1171,140071
2718319,2718656,337,66016
2718656,2719755,1099,43306
2719755,2721009,1254,110706
2721009,2721224,215,102240
2721224,2722340,1116,56777
2722340,2722697,357,138115
2722697,2723863,1166,89390
2723863,2724986,1123,126796
2724986,2726045,1059,143307
2726045,2726406,361,296473
2726406,2727636,1230,129317
2727636,2728847,1211,123025
2728847,2729850,1003,102381
2729850,2730891,1041,291107
2730891,2732100,1209,105168
2732100,2733324,1224,4136
2733324,2734403,1079,37090
2734403,2735523,1120,26950
2735523,2736711,1188,89735
2736711,2737450,739,142752
2737450,2738667,1217,46267
2738667,2739704,1037,292138
2739704,2740195,491,26951
2740195,2740991,796,700
2740991,2742166,1175,152826
2742166,2743447,1281,128761
2743447,2743897,450,124549
2743897,2744976,1079,53342
2744976,2745981,1005,139612
2745981,2746236,255,64291
2746236,2747455,1219,123500
2747455,2748650,1195,146123
2748650,2749877,1227,86043
2749877,2750941,1064,126312
2750941,2752106,1165,32139
2752106,2753313,1207,126796
2753313,2754637,1324,41610
2754637,2755864,1227,128631
2755864,2757038,1174,123176
2757038,2758107,1069,130544
2758107,2759202,1095,258993
2759202,2760307,1105,134708
2760307,2761548,1241,20034
2761548,2762626,1078,115686
2762626,2763426,800,160188
2763426,2764521,1095,129974
2764521,2765765,1244,12332
2765765,2766431,666,245707
2766431,2767644,1213,20034
2767644,2768691,1047,150915
2768691,2769938,1247,54016
2769938,2771157,1219,126296
2771157,2772120,963,362
2772120,2773436,1316,66622
2773436,2774619,1183,366
2774619,2775628,1009,296468
2775628,2776563,935,143895
2776563,2776835,272,125883
2776835,2777844,1009,96157
2777844,2778946,1102,41614
2778946,2780199,1253,156155
2780199,2781540,1341,139743
2781540,2782523,983,89894
2782523,2783717,1194,184447
2783717,2785058,1341,127579
2785058,2785339,281,163935
2785339,2785591,252,66470
2785591,2786658,1067,76574
2786658,2787824,1166,295445
2787824,2788969,1145,141270
2788969,2790181,1212,220979
2790181,2791344,1163,126794
2791344,2792582,1238,56222
2792582,2793745,1163,28375
2793745,2794988,1243,87766
2794988,2796245,1257,16003
2796245,2797464,1219,104979
2797464,2798557,1093,274549
2798557,2799666,1109,131003
2799666,2800524,858,160952
2800524,2801567,1043,105398
2801567,2802717,1150,84448
2802717,2803967,1250,121799
2803967,2804760,793,112057
2804760,2805899,1139,48525
2805899,2806144,245,75807
2806144,2807331,1187,138033
2807331,2808469,1138,232057
2808469,2809551,1082,115686
2809551,2810770,1219,10160
2810770,2811853,1083,6176
2811853,2812876,1023,19132
2812876,2813432,556,149236
2813432,2814572,1140,41172
2814572,2815736,1164,258250
2815736,2816351,615,34572
2816351,2816689,338,139009
2816689,2817730,1041,92934
2817730,2818877,1147,275128
2818877,2819661,784,72311
2819661,2819909,248,5909
2819909,2820366,457,86026
2820366,2821346,980,184448
2821346,2821575,229,7944
2821575,2822802,1227,31629
2822802,2823340,538,153728
2823340,2824455,1115,290365
2824455,2825645,1190,163507
2825645,2826690,1045,278217
2826690,2827789,1099,72876
2827789,2828900,1111,41933
2828900,2830039,1139,286306
2830039,2830362,323,296395
2830362,2831436,1074,131704
2831436,2832776,1340,125943
2832776,2834010,1234,134592
2834010,2835231,1221,24515
2835231,2836186,955,143485
2836186,2836827,641,140654
2836827,2837704,877,284433
2837704,2838864,1160,216563
2838864,2839370,506,246892
2839370,2840508,1138,28375
2840508,2841715,1207,134120
2841715,2842876,1161,95870
2842876,2843779,903,168062
2843779,2844590,811,129597
2844590,2845297,707,123172
2845297,2846205,908,127732
2846205,2847324,1119,102239
2847324,2848053,729,140221
2848053,2848586,533,59268
2848586,2849862,1276,141148
2849862,2850907,1045,11547
2850907,2851481,574,4733
2851481,2852454,973,176854
2852454,2853601,1147,366
2853601,2854710,1109,29091
2854710,2855823,1113,159227
2855823,2856547,724,134728
2856547,2856774,227,135635
2856774,2857895,1121,109174
2857895,2859163,1268,114468
2859163,2860173,1010,135897
2860173,2861351,1178,73973
2861351,2862354,1003,66184
2862354,2863393,1039,12085
2863393,2864527,1134,166436
2864527,2865679,1152,70998
2865679,2866352,673,140072
2866352,2867419,1067,114468
2867419,2868259,840,126408
2868259,2869206,947,101579
2869206,2870283,1077,124999
2870283,2871466,1183,121671
2871466,2871956,490,122626
2871956,2873230,1274,121729
2873230,2873556,326,129752
2873556,2874263,707,128678
2874263,2875182,919,137483
2875182,2876416,1234,132891
2876416,2877357,941,58778
2877357,2878420,1063,121543
2878420,2879544,1124,102250
2879544,2880705,1161,108066
2880705,2881831,1126,110243
2881831,2882908,1077,6541
2882908,2884110,1202,89390
2884110,2885234,1124,282357
2885234,2885729,495,163322
2885729,2886911,1182,28375
2886911,2888013,1102,39501
2888013,2889332,1319,139200
2889332,2890573,1241,26553
2890573,2891450,877,139742
2891450,2891769,319,130878
2891769,2892751,982,131735
2892751,2893992,1241,95959
2893992,2894678,686,13248
2894678,2895951,1273,121730
2895951,2897215,1264,12118
2897215,2898372,1157,134816
2898372,2898889,517,139358
2898889,2899118,229,141791
2899118,2900257,1139,185485
2900257,2900457,200,44912
2900457,2901580,1123,67857
2901580,2901819,239,126336
2901819,2903005,1186,41151
2903005,2903952,947,18005
2903952,2905118,1166,129324
2905118,2906246,1128,292252
2906246,2907481,1235,130504
2907481,2908384,903,139710
2908384,2909657,1273,168626
2909657,2910961,1304,185125
2910961,2912063,1102,143893
2912063,2913104,1041,154284
2913104,2913852,748,105171
2913852,2915129,1277,134170
2915129,2916390,1261,127703
2916390,2917615,1225,52088
2917615,2918762,1147,8674
2918762,2919691,929,61776
2919691,2920831,1140,157243
2920831,2921484,653,130871
2921484,2922650,1166,52088
2922650,2923769,1119,58137
2923769,2924897,1128,129514
2924897,2926130,1233,1731
2926130,2927025,895,5097
2927025,2928026,1001,176853
2928026,2928352,326,71402
2928352,2929651,1299,293987
2929651,2930937,1286,135220
2930937,2932036,1099,14960
2932036,2933066,1030,105168
2933066,2933916,850,164188
2933916,2934801,885,155151
2934801,2935878,1077,122544
2935878,2936999,1121,131704
2936999,2938080,1081,161707
2938080,2938916,836,104491
2938916,2940027,1111,142279
2940027,2940811,784,124439
2940811,2942038,1227,15082
2942038,2942449,411,294523
2942449,2943714,1265,39501
2943714,2943968,254,39481
2943968,2945240,1272,92934
2945240,2946377,1137,139358
2946377,2947521,1144,64708
2947521,2948422,901,159386
2948422,2949119,697,123284
2949119,2950259,1140,12332
2950259,2951018,759,19208
2951018,2952171,1153,12085
2952171,2953312,1141,162129
2953312,2954648,1336,157475
2954648,2955853,1205,130489
2955853,2957145,1292,1133
2957145,2958410,1265,131722
2958410,2959661,1251,100044
2959661,2960160,499,289453
2960160,2960825,665,287659
2960825,2961987,1162,696
2961987,2962696,709,135826
2962696,2963767,1071,105390
2963767,2964988,1221,57180
2964988,2966082,1094,157243
2966082,2967097,1015,10160
2967097,2968245,1148,131203
2968245,2969523,1278,16003
2969523,2970070,547,160187
2970070,2970459,389,3586
2970459,2971664,1205,9010
2971664,2972638,974,216564
2972638,2973911,1273,144135
2973911,2974914,1003,144019
2974914,2975243,329,128660
2975243,2976474,1231,275212
2976474,2977577,1103,295756
2977577,2977921,344,70843
2977921,2978936,1015,104394
2978936,2979542,606,66347
2979542,2980818,1276,122441
2980818,2982001,1183,5704
2982001,2983229,1228,138866
2983229,2983458,229,135762
2983458,2984698,1240,1562
2984698,2985470,772,138545
2985470,2986727,1257,121658
2986727,2988008,1281,285135
2988008,2989327,1319,158081
2989327,2990550,1223,6525
2990550,2991663,1113,110127
2991663,2992915,1252,134451
2992915,2993908,993,88007
2993908,2994208,300,4691
2994208,2995253,1045,288044
2995253,2996115,862,50776
2996115,2997386,1271,29110
2997386,2998433,1047,259009
2998433,2999678,1245,152826
2999678,3000977,1299,262291
3000977,3002176,1199,132864
3002176,3003248,1072,129388
3003248,3003761,513,139741
3003761,3004950,1189,121658
3004950,3006228,1278,77361
3006228,3007449,1221,75355
3007449,3008738,1289,130105
3008738,3009891,1153,169291
3009891,3011096,1205,154282
3011096,3011767,671,122626
3011767,3012694,927,65534
3012694,3013899,1205,125127
3013899,3015080,1181,37090
3015080,3016168,1088,92202
3016168,3017352,1184,129594
3017352,3018399,1047,144503
3018399,3019567,1168,44577
3019567,3020546,979,143893
3020546,3021656,1110,133393
3021656,3022741,1085,39971
3022741,3023924,1183,118119
3023924,3025190,1266,293957
3025190,3026262,1072,130532
3026262,3027435,1173,276732
3027435,3028358,923,30593
3028358,3028579,221,62347
3028579,3029113,534,173230
3029113,3029851,738,696
3029851,3031152,1301,276730
3031152,3031622,470,121127
3031622,3032681,1059,287659
3032681,3033833,1152,178449
3033833,3034509,676,246893
3034509,3035609,1100,55856
3035609,3036857,1248,155520
3036857,3038117,1260,123135
3038117,3038293,176,124368
3038293,3039448,1155,72200
3039448,3040556,1108,12971
3040556,3041140,584,130495
3041140,3042064,924,96175
3042064,3042921,857,123167
3042921,3044197,1276,183988
3044197,3044846,649,163381
3044846,3045913,1067,145138
3045913,3046665,752,254918
3046665,3047890,1225,48579
3047890,3048918,1028,87508
3048918,3049807,889,44586
3049807,3050636,829,60800
3050636,3051849,1213,48848
3051849,3053083,1234,126829
3053083,3054368,1285,280380
3054368,3054899,531,140651
3054899,3055979,1080,157056
3055979,3057298,1319,76055
3057298,3058552,1254,153958
3058552,3059915,1363,138047
3059915,3061063,1148,124520
3061063,3062280,1217,165428
3062280,3063270,990,108620
3063270,3064544,1274,283138
3064544,3065400,856,13364
3065400,3065634,234,129393
3065634,3066575,941,75939
3066575,3067812,1237,19376
3067812,3068880,1068,129388
3068880,3069248,368,284428
3069248,3069434,186,124368
3069434,3070601,1167,147173
3070601,3071414,813,157057
3071414,3072587,1173,137483
3072587,3073208,621,46890
3073208,3074325,1117,67147
3074325,3075366,1041,75242
3075366,3076438,1072,126233
3076438,3077718,1280,78885
3077718,3078853,1135,126312
3078853,3079978,1125,32904
3079978,3081160,1182,46890
3081160,3081363,203,128660
3081363,3082340,977,126292
3082340,3083451,1111,149881
3083451,3084248,797,134816
3084248,3084616,368,129388
3084616,3085903,1287,96168
3085903,3087082,1179,176256
3087082,3088164,1082,184447
3088164,3089419,1255,137154
3089419,3090469,1050,63111
3090469,3090750,281,139710
3090750,3091972,1222,139710
3091972,3092950,978,156224
3092950,3094211,1261,89388
3094211,3095393,1182,254949
3095393,3096350,957,122614
3096350,3097438,1088,129514
3097438,3097659,221,16802
3097659,3098978,1319,9915
3098978,3100267,1289,159371
3100267,3101335,1068,176854
3101335,3102143,808,84010
3102143,3103374,1231,366
3103374,3104511,1137,102612
3104511,3105706,1195,131294
3105706,3106419,713,120277
3106419,3107472,1053,150843
3107472,3108637,1165,156973
3108637,3109863,1226,291458
3109863,3110602,739,80690
3110602,3110821,219,157636
3110821,3111896,1075,11243
3111896,3113181,1285,149798
3113181,3114156,975,104717
3114156,3115363,1207,56179
3115363,3115780,417,121799
3115780,3116870,1090,276730
3116870,3117856,986,296473
3117856,3118585,729,144135
3118585,3118770,185,166421
3118770,3119998,1228,7793
3119998,3120272,274,46889
3120272,3121215,943,69422
3121215,3122197,982,137614
3122197,3123406,1209,125951
3123406,3123741,335,142358
3123741,3124796,1055,12332
3124796,3125353,557,7884
3125353,3126531,1178,129659
3126531,3127432,901,144987
3127432,3128756,1324,56174
3128756,3129866,1110,130494
3129866,3131143,1277,121085
3131143,3132242,1099,22178
3132242,3133363,1121,82458
3133363,3134573,1210,82020
3134573,3135804,1231,63101
3135804,3136982,1178,135580
3136982,3138219,1237,129011
3138219,3138943,724,123192
3138943,3140112,1169,274380
3140112,3140392,280,73957
3140392,3141361,969,130569
3141361,3142604,1243,122809
3142604,3143745,1141,80690
3143745,3144982,1237,126737
3144982,3146005,1023,122451
3146005,3146828,823,279153
3146828,3148021,1193,26951
3148021,3149301,1280,142363
3149301,3150105,804,131722
3150105,3151300,1195,1562
3151300,3151962,662,25563
3151962,3153064,1102,3966
3153064,3153276,212,284424
3153276,3154558,1282,19371
3154558,3155793,1235,77778
3155793,3156091,298,127694
3156091,3157218,1127,184266
3157218,3158467,1249,283228
3158467,3159385,918,153964
3159385,3160026,641,130127
3160026,3161008,982,121064
3161008,3162264,1256,105398
3162264,3163176,912,288044
3163176,3164120,944,88484
3164120,3165295,1175,126313
3165295,3166060,765,84357
3166060,3166485,425,117384
3166485,3166801,316,61317
3166801,3167959,1158,154282
3167959,3169044,1085,8140
3169044,3169597,553,107621
3169597,3170614,1017,73972
3170614,3171097,483,26852
3171097,3172052,955,58137
3172052,3172929,877,89894
3172929,3174172,1243,2503
3174172,3175460,1288,723
3175460,3176061,601,288043
3176061,3177351,1290,366
3177351,3178049,698,122626
3178049,3179190,1141,12332
3179190,3180417,1227,291168
3180417,3181261,844,108005
3181261,3182003,742,138043
3182003,3182706,703,138074
3182706,3183914,1208,107480
3183914,3184987,1073,121729
3184987,3186246,1259,185074
3186246,3186991,745,134148
3186991,3187920,929,166421
3187920,3189074,1154,37092
3189074,3190262,1188,106800
3190262,3191204,942,231837
3191204,3192484,1280,304535
3192484,3193211,727,130569
3193211,3194405,1194,11258
3194405,3195636,1231,60800
3195636,3196732,1096,136861
3196732,3197960,1228,52088
3197960,3199068,1108,72311
3199068,3200288,1220,138888
3200288,3201488,1200,121658
3201488,3202645,1157,140067
3202645,3203802,1157,157857
3203802,3204985,1183,1536
3204985,3206259,1274,74477
3206259,3206544,285,134463
3206544,3207800,1256,62851
3207800,3209058,1258,96168
3209058,3210265,1207,287660
3210265,3210529,264,134463
3210529,3211722,1193,129440
3211722,3212137,415,18005
3212137,3212952,815,66185
3212952,3213904,952,125123
3213904,3215030,1126,19373
3215030,3216152,1122,147193
3216152,3216692,540,286306
3216692,3217873,1181,130533
3217873,3218974,1101,19376
3218974,3220144,1170,16003
3220144,3221255,1111,279363
3221255,3222182,927,232057
3222182,3223328,1146,106800
3223328,3223491,163,246893
3223491,3224466,975,234067
3224466,3225333,867,67592
3225333,3225917,584,132485
3225917,3226346,429,105673
3226346,3226526,180,176270
3226526,3227681,1155,153731
3227681,3227890,209,9010
3227890,3229125,1235,130876
3229125,3230184,1059,132280
3230184,3230531,347,155151
3230531,3231824,1293,132864
3231824,3233105,1281,13185
3233105,3234157,1052,85685
3234157,3235472,1315,144021
3235472,3236559,1087,102250
3236559,3236915,356,129393
3236915,3238128,1213,2327
3238128,3238814,686,178149
3238814,3240053,1239,68358
3240053,3240986,933,258283
3240986,3241638,652,162253
3241638,3241815,177,395
3241815,3243076,1261,130489
3243076,3243840,764,123270
3243840,3244996,1156,138548
3244996,3246198,1202,11254
3246198,3247447,1249,37090
3247447,3248430,983,19361
3248430,3249690,1260,157400
3249690,3250907,1217,157263
3250907,3251982,1075,362
3251982,3252495,513,4861
3252495,3253424,929,275218
3253424,3253641,217,300234
3253641,3254791,1150,135216
3254791,3256004,1213,77782
3256004,3256315,311,304535
3256315,3257530,1215,125123
3257530,3258640,1110,102381
3258640,3259923,1283,71420
3259923,3260237,314,14274
3260237,3261434,1197,122876
3261434,3262710,1276,101258
3262710,3264006,1296,124439
3264006,3264895,889,48362
3264895,3266038,1143,68773
3266038,3266493,455,57667
3266493,3267450,957,56174
3267450,3268413,963,88761
3268413,3269553,1140,95959
3269553,3270618,1065,11547
3270618,3271767,1149,130544
3271767,3272987,1220,132644
3272987,3274108,1121,100045
3274108,3275199,1091,122544
3275199,3276204,1005,178748
3276204,3276611,407,185436
3276611,3277626,1015,122614
3277626,3278845,1219,149738
3278845,3279961,1116,153309
3279961,3281138,1177,220979
3281138,3282418,1280,233382
3282418,3282989,571,84448
3282989,3283944,955,164187
3283944,3285140,1196,121079
3285140,3286248,1108,126826
3286248,3287501,1253,290361
3287501,3288595,1094,126860
3288595,3289764,1169,11243
3289764,3290933,1169,132101
3290933,3292200,1267,278228
3292200,3293402,1202,39475
3293402,3294494,1092,123715
3294494,3295669,1175,32637
3295669,3296029,360,136861
3296029,3296980,951,121103
3296980,3298151,1171,14976
3298151,3299083,932,123283
3299083,3300156,1073,158074
3300156,3301227,1071,101276
3301227,3302486,1259,64738
3302486,3303695,1209,121661
3303695,3304141,446,164327
3304141,3304712,571,254949
3304712,3305983,1271,276939
3305983,3307244,1261,122441
3307244,3308430,1186,245687
3308430,3309538,1108,135824
3309538,3310679,1141,112593
3310679,3311550,871,304535
3311550,3312718,1168,125883
3312718,3313976,1258,57156
3313976,3315253,1277,128632
3315253,3316543,1290,124439
3316543,3317774,1231,94522
3317774,3318954,1180,271812
3318954,3320050,1096,62851
3320050,3321293,1243,14274
3321293,3321602,309,73957
3321602,3322008,406,25563
3322008,3323053,1045,10801
3323053,3323906,853,72311
3323906,3325138,1232,87997
3325138,3326345,1207,142362
3326345,3327578,1233,92002
3327578,3328647,1069,41259
3328647,3329800,1153,28375
3329800,3331018,1218,144485
3331018,3331882,864,161166
3331882,3332611,729,153958
3332611,3333812,1201,142362
3333812,3334692,880,101836
3334692,3335891,1199,138113
3335891,3337210,1319,124526
3337210,3338136,926,137004
3338136,3338481,345,15305
3338481,3339766,1285,28462
3339766,3340893,1127,70837
3340893,3342166,1273,123025
3342166,3343257,1091,10088
3343257,3344510,1253,121528
3344510,3345659,1149,130504
3345659,3346672,1013,1070
3346672,3347804,1132,135033
3347804,3348959,1155,96498
3348959,3349883,924,26685
3349883,3351179,1296,185466
3351179,3351624,445,3961
3351624,3352597,973,11258
3352597,3353497,900,7622
3353497,3354578,1081,87508
3354578,3355702,1124,131722
3355702,3356122,420,44912
3356122,3357215,1093,39761
3357215,3358447,1232,91902
3358447,3359494,1047,163519
3359494,3360027,533,39648
3360027,3361252,1225,53320
3361252,3362340,1088,132821
3362340,3363596,1256,121722
3363596,3364822,1226,20410
3364822,3365688,866,142824
3365688,3366825,1137,29101
3366825,3367535,710,92820
3367535,3368663,1128,294700
3368663,3369151,488,12926
3369151,3370335,1184,124164
3370335,3371436,1101,6171
3371436,3372717,1281,11049
3372717,3373988,1271,67218
3373988,3375239,1251,66470
3375239,3376444,1205,71405
3376444,3376805,361,121799
3376805,3377878,1073,127694
3377878,3378948,1070,132891
3378948,3380102,1154,39648
3380102,3381252,1150,7741
3381252,3381479,227,64588
3381479,3382459,980,57179
3382459,3383423,964,19366
3383423,3383974,551,135229
3383974,3385182,1208,56777
3385182,3386428,1246,170212
3386428,3387232,804,147627
3387232,3388364,1132,135580
3388364,3389684,1320,142279
3389684,3390861,1177,53638
3390861,3392061,1200,104978
3392061,3393134,1073,132644
3393134,3394227,1093,1189
3394227,3395202,975,19376
3395202,3396442,1240,65803
3396442,3397654,1212,138289
3397654,3398792,1138,139612
3398792,3399860,1068,68344
3399860,3401166,1306,24731
3401166,3402395,1229,83616
3402395,3403524,1129,137588
3403524,3404658,1134,153309
3404658,3405814,1156,132537
3405814,3406375,561,141791
3406375,3407490,1115,131256
3407490,3407897,407,134816
3407897,3409047,1150,127703
3409047,3409449,402,143321
3409449,3410565,1116,125127
3410565,3411830,1265,293963
3411830,3412759,929,138043
3412759,3413990,1231,141270
3413990,3414994,1004,126208
3414994,3416207,1213,142318
3416207,3417446,1239,155151
3417446,3417716,270,126965
3417716,3418312,596,156018
3418312,3419465,1153,112597
3419465,3419977,512,36386
3419977,3421168,1191,181961
3421168,3422228,1060,134176
3422228,3423349,1121,129325
3423349,3424658,1309,142896
3424658,3425883,1225,290365
3425883,3427095,1212,178030
3427095,3428181,1086,258960
3428181,3429291,1110,75360
3429291,3430408,1117,32904
3430408,3431547,1139,104491
3431547,3432228,681,129582
3432228,3433379,1151,39971
3433379,3434592,1213,12707
3434592,3435912,1320,122655
3435912,3436891,979,185488
3436891,3437979,1088,32451
3437979,3438965,986,108005
3438965,3439975,1010,362
3439975,3440903,928,96151
3440903,3442130,1227,4136
3442130,3443384,1254,129515
3443384,3444340,956,130532
3444340,3445620,1280,138290
3445620,3446743,1123,61316
3446743,3447929,1186,107479
3447929,3448317,388,90847
3448317,3448838,521,8157
3448838,3449669,831,124439
3449669,3450921,1252,282926
3450921,3452073,1152,103126
3452073,3453253,1180,91072
3453253,3454182,929,163402
3454182,3455299,1117,138042
3455299,3455673,374,132073
3455673,3455894,221,187024
3455894,3456823,929,32139
3456823,3458017,1194,123500
3458017,3459274,1257,121543
3459274,3460053,779,106974
3460053,3461068,1015,148550
3461068,3462129,1061,32135
3462129,3462885,756,138043
3462885,3463931,1046,274378
3463931,3465051,1120,72200
3465051,3465763,712,147173
3465763,3466754,991,134792
3466754,3467852,1098,12707
3467852,3468024,172,75810
3468024,3469355,1331,102612
3469355,3470456,1101,282385
3470456,3471469,1013,125941
3471469,3472728,1259,96241
3472728,3473447,719,5341
3473447,3474608,1161,148550
3474608,3475777,1169,135220
3475777,3476940,1163,24731
3476940,3478208,1268,115686
3478208,3479369,1161,3961
3479369,3480375,1006,284433
3480375,3481541,1166,271826
3481541,3482771,1230,92812
3482771,3483662,891,86741
3483662,3484866,1204,86683
3484866,3485758,892,155972
3485758,3487006,1248,69422
3487006,3488269,1263,177234
3488269,3489314,1045,132568
3489314,3490501,1187,106800
3490501,3491644,1143,1733
3491644,3492804,1160,176660
3492804,3494029,1225,121103
3494029,3495182,1153,100145
3495182,3495414,232,232690
3495414,3495886,472,129808
3495886,3496262,376,147970
3496262,3497557,1295,26852
3497557,3498715,1158,117382
3498715,3499947,1232,135814
3499947,3501012,1065,82020
3501012,3502200,1188,124990
3502200,3503394,1194,126826
3503394,3504437,1043,8141
3504437,3505678,1241,128991
3505678,3505908,230,85685
3505908,3507111,1203,126832
3507111,3508190,1079,156159
3508190,3509540,1350,36956
3509540,3510500,960,63713
3510500,3511571,1071,156154
3511571,3512706,1135,140222
3512706,3513887,1181,157242
3513887,3514926,1039,121541
3514926,3516026,1100,14497
3516026,3516471,445,129388
3516471,3517621,1150,117382
3517621,3518857,1236,61317
3518857,3520106,1249,53343
3520106,3521405,1299,67851
3521405,3522586,1181,127215
3522586,3523719,1133,129393
3523719,3524209,490,109663
3524209,3525154,945,182396
3525154,3526060,906,14960
3526060,3527131,1071,106965
3527131,3528143,1012,1532
3528143,3529409,1266,220979
3529409,3530698,1289,130727
3530698,3531848,1150,56222
3531848,3533138,1290,68344
3533138,3534220,1082,62558
3534220,3535293,1073,126955
3535293,3536456,1163,141240
3536456,3537687,1231,165428
3537687,3538669,982,6524
3538669,3539694,1025,92814
3539694,3540529,835,134830
3540529,3541746,1217,171137
3541746,3542887,1141,82458
3542887,3543879,992,109173
3543879,3544717,838,160593
3544717,3545884,1167,101276
3545884,3547023,1139,102250
3547023,3547282,259,157057
3547282,3548464,1182,137608
3548464,3549054,590,144987
3549054,3550307,1253,276907
3550307,3551482,1175,122544
3551482,3552577,1095,141320
3552577,3553534,957,132537
3553534,3554277,743,143005
3554277,3554758,481,125123
3554758,3556051,1293,232691
3556051,3557294,1243,54659
3557294,3558007,713,157644
3558007,3559397,1390,163606
3559397,3560654,1257,142848
3560654,3561828,1174,170956
3561828,3562998,1170,352
3562998,3564241,1243,164100
3564241,3565210,969,25951
3565210,3566420,1210,125943
3566420,3567593,1173,138033
3567593,3568524,931,147981
3568524,3569626,1102,29090
3569626,3570029,403,138032
3570029,3571283,1254,100044
3571283,3572204,921,101276
3572204,3572989,785,139710
3572989,3574276,1287,139336
3574276,3575298,1022,124224
3575298,3576373,1075,93276
3576373,3577520,1147,157859
3577520,3578702,1182,259009
3578702,3579806,1104,129623
3579806,3581063,1257,134816
3581063,3582325,1262,275212
3582325,3583334,1009,696
3583334,3584227,893,134804
3584227,3585452,1225,291107
3585452,3586411,959,276735
3586411,3587736,1325,59288
3587736,3588931,1195,59268
3588931,3589939,1008,142752
3589939,3590683,744,15082
3590683,3591655,972,283462
3591655,3592870,1215,300047
3592870,3593865,995,92820
3593865,3594766,901,2503
3594766,3595959,1193,126302
3595959,3596956,997,6556
3596956,3597479,523,163612
3597479,3598770,1291,92202
3598770,3599967,1197,1188
3599967,3600145,178,132069
3600145,3601409,1264,2536
3601409,3602190,781,64291
3602190,3603395,1205,13185
3603395,3604463,1068,103126
3604463,3605732,1269,135824
3605732,3606264,532,363
3606264,3607455,1191,176660
3607455,3607903,448,135826
3607903,3608834,931,285135
3608834,3609692,858,273050
3609692,3610919,1227,135635
3610919,3612210,1291,10673
3612210,3612637,427,32137
3612637,3613870,1233,13265
3613870,3615053,1183,130878
3615053,3616123,1070,175448
3616123,3616948,825,143307
3616948,3617685,737,63713
3617685,3618556,871,176278
3618556,3619522,966,27120
3619522,3620617,1095,109658
3620617,3621940,1323,174960
3621940,3622748,808,135894
3622748,3623936,1188,294551
3623936,3625023,1087,258954
3625023,3626156,1133,185074
3626156,3627336,1180,170956
3627336,3628510,1174,35921
3628510,3629305,795,16632
3629305,3630484,1179,163607
3630484,3631420,936,287659
3631420,3632654,1234,121674
3632654,3633720,1066,132891
3633720,3634726,1006,66016
3634726,3635109,383,129583
3635109,3635618,509,126600
3635618,3636648,1030,133220
3636648,3637837,1189,12926
3637837,3638918,1081,93277
3638918,3639432,514,161101
3639432,3640539,1107,106611
3640539,3641379,840,121085
3641379,3642572,1193,82458
3642572,3643394,822,271811
3643394,3644385,991,88748
3644385,3645670,1285,163507
3645670,3646511,841,106969
3646511,3646969,458,168500
3646969,3648028,1059,134785
3648028,3649226,1198,41911
3649226,3650380,1154,87766
3650380,3650675,295,147159
3650675,3651672,997,11049
3651672,3652967,1295,152224
3652967,3654064,1097,141235
3654064,3654445,381,157243
3654445,3655051,606,134981
3655051,3655840,789,126600
3655840,3656993,1153,129393
3656993,3658188,1195,160602
3658188,3659417,1229,125001
3659417,3660623,1206,90850
3660623,3661785,1162,288044
3661785,3663041,1256,144021
3663041,3664076,1035,126739
3664076,3665191,1115,29090
3665191,3666338,1147,87766
3666338,3667629,1291,162129
3667629,3668801,1172,126832
3668801,3670021,1220,134149
3670021,3671280,1259,146770
3671280,3671871,591,84447
3671871,3672932,1061,80197
3672932,3673703,771,56574
3673703,3674754,1051,291107
3674754,3675944,1190,155646
3675944,3677049,1105,162667
3677049,3678233,1184,124526
3678233,3679046,813,122025
3679046,3680257,1211,51162
3680257,3680860,603,131732
3680860,3682110,1250,296468
3682110,3682493,383,139355
3682493,3683642,1149,216570
3683642,3684777,1135,244431
3684777,3685093,316,76974
3685093,3686150,1057,87547
3686150,3686992,842,47238
3686992,3688091,1099,14958
3688091,3689272,1181,92935
3689272,3690515,1243,40556
3690515,3690694,179,89390
3690694,3691091,397,163505
3691091,3692195,1104,161972
3692195,3693295,1100,124224
3693295,3694442,1147,134148
3694442,3695465,1023,125882
3695465,3696669,1204,144135
3696669,3697723,1054,5911
3697723,3698408,685,13185
3698408,3699687,1279,127694
3699687,3700680,993,63111
3700680,3701923,1243,79973
3701923,3703099,1176,142858
3703099,3704343,1244,290363
3704343,3705274,931,129396
3705274,3706423,1149,137483
3706423,3707615,1192,149881
3707615,3708103,488,7574
3708103,3709290,1187,22179
3709290,3710011,721,112011
3710011,3711154,1143,276735
3711154,3712249,1095,8927
3712249,3713535,1286,121669
3713535,3714817,1282,72205
3714817,3715920,1103,69607
3715920,3717007,1087,216563
3717007,3717930,923,143321
3717930,3719125,1195,102239
3719125,3719942,817,129974
3719942,3721109,1167,61356
3721109,3722200,1091,115686
3722200,3723391,1191,208
3723391,3724423,1032,135635
3724423,3725546,1123,141148
3725546,3726637,1091,128344
3726637,3727691,1054,92806
3727691,3728722,1031,7887
3728722,3729411,689,162375
3729411,3730665,1254,108640
3730665,3731278,613,10328
3731278,3732458,1180,170977
3732458,3733556,1098,50776
3733556,3734672,1116,76044
3734672,3735377,705,54006
3735377,3736426,1049,134785
3736426,3736847,421,290047
3736847,3738068,1221,130164
3738068,3739263,1195,278220
3739263,3740149,886,139035
3740149,3740828,679,163597
3740828,3742084,1256,176660
3742084,3743297,1213,107520
3743297,3744374,1077,181961
3744374,3745495,1121,39970
3745495,3746767,1272,291101
3746767,3746976,209,121130
3746976,3748126,1150,6175
3748126,3749226,1100,25563
3749226,3750555,1329,66622
3750555,3751820,1265,67592
3751820,3752915,1095,170982
3752915,3753904,989,10702
3753904,3755215,1311,294120
3755215,3756489,1274,126794
3756489,3757642,1153,85684
3757642,3758908,1266,19585
3758908,3760087,1179,112056
3760087,3761357,1270,73847
3761357,3762544,1187,59268
3762544,3763441,897,132645
3763441,3764522,1081,10988
3764522,3765693,1171,252342
3765693,3766807,1114,32451
3766807,3767999,1192,165702
3767999,3769260,1261,39970
3769260,3770357,1097,271812
3770357,3771292,935,133440
3771292,3772556,1264,92820
3772556,3773768,1212,68344
3773768,3774085,317,245707
3774085,3775196,1111,59234
3775196,3776195,999,153731
3776195,3776749,554,107480
3776749,3778010,1261,110243
3778010,3779223,1213,168626
3779223,3780444,1221,294551
3780444,3781699,1255,122876
3781699,3782554,855,26956
3782554,3783602,1048,69411
3783602,3784868,1266,78885
3784868,3786074,1206,185126
3786074,3786925,851,62347
3786925,3787785,860,121729
3787785,3788472,687,141148
3788472,3789709,1237,164461
3789709,3790740,1031,52087
3790740,3791923,1183,133630
3791923,3793218,1295,139291
3793218,3793946,728,304535
3793946,3795111,1165,122545
3795111,3796213,1102,143005
3796213,3797338,1125,46243
3797338,3798564,1226,152224
3798564,3799387,823,67233
3799387,3799868,481,123266
3799868,3801150,1282,159386
3801150,3801615,465,67858
3801615,3802584,969,108620
3802584,3803012,428,66622
3803012,3803681,669,21498
3803681,3805014,1333,149798
3805014,3806113,1099,43305
3806113,3807300,1187,284444
3807300,3808469,1169,157861
3808469,3809129,660,120583
3809129,3810346,1217,160958
3810346,3811198,852,128345
3811198,3812377,1179,124439
3812377,3813457,1080,101884
3813457,3814525,1068,121079
3814525,3815665,1140,183988
3815665,3816823,1158,116805
3816823,3818058,1235,152842
3818058,3819010,952,143948
3819010,3820305,1295,128990
3820305,3821117,812,92820
3821117,3822357,1240,164328
3822357,3823594,1237,109185
3823594,3824591,997,122614
3824591,3825178,587,131882
3825178,3826304,1126,12707
3826304,3827175,871,38660
3827175,3828142,967,31603
3828142,3828463,321,5909
3828463,3828754,291,133217
3828754,3830032,1278,281471
3830032,3830885,853,48362
3830885,3832039,1154,29092
3832039,3833297,1258,50777
3833297,3834414,1117,130516
3834414,3834652,238,128669
3834652,3835676,1024,56222
3835676,3836761,1085,129325
3836761,3838062,1301,282357
3838062,3839331,1269,142362
3839331,3840329,998,164101
3840329,3841334,1005,125123
3841334,3841516,182,142824
3841516,3842834,1318,39970
3842834,3843987,1153,158081
3843987,3844840,853,138033
3844840,3845106,266,39478
3845106,3845276,170,105002
3845276,3845597,321,144019
3845597,3846837,1240,73973
3846837,3848007,1170,126739
3848007,3849193,1186,216570
3849193,3849632,439,30101
3849632,3850772,1140,163527
3850772,3851931,1159,94522
3851931,3852511,580,4861
3852511,3853180,669,126957
3853180,3854474,1294,86804
3854474,3855519,1045,258974
3855519,3856723,1204,72876
3856723,3857920,1197,121079
3857920,3858590,670,72200
3858590,3859841,1251,8592
3859841,3860428,587,129623
3860428,3860831,403,68359
3860831,3861760,929,72311
3861760,3862962,1202,134657
3862962,3863709,747,56174
3863709,3864884,1175,29091
3864884,3865719,835,231838
3865719,3866930,1211,102232
3866930,3867954,1024,25766
3867954,3869145,1191,10160
3869145,3869986,841,278289
3869986,3871249,1263,128345
3871249,3872412,1163,170453
3872412,3873621,1209,127525
3873621,3874249,628,9210
3874249,3875358,1109,50778
3875358,3876395,1037,116805
3876395,3877551,1156,121079
3877551,3878802,1251,124221
3878802,3879963,1161,158744
3879963,3881108,1145,146437
3881108,3882123,1015,104391
3882123,3882534,411,123271
3882534,3883725,1191,128345
3883725,3884151,426,126408
3884151,3884676,525,278289
3884676,3885784,1108,160952
3885784,3886894,1110,134120
3886894,3888180,1286,137154
3888180,3889389,1209,254948
3889389,3890520,1131,121064
3890520,3891832,1312,134149
3891832,3893135,1303,129317
3893135,3894363,1228,15446
3894363,3894984,621,36641
3894984,3896195,1211,275212
3896195,3897098,903,176278
3897098,3897411,313,28462
3897411,3898308,897,157858
3898308,3899385,1077,58193
3899385,3900541,1156,137589
3900541,3901745,1204,125123
3901745,3902988,1243,152842
3902988,3904003,1015,122789
3904003,3905176,1173,22179
3905176,3906521,1345,87508
3906521,3906760,239,28465
3906760,3907652,892,141242
3907652,3908861,1209,134434
3908861,3910062,1201,3961
3910062,3911153,1091,169293
3911153,3912330,1177,138113
3912330,3913453,1123,145701
3913453,3914536,1083,110243
3914536,3915786,1250,80534
3915786,3916993,1207,182396
3916993,3918164,1171,101283
3918164,3919217,1053,44582
3919217,3919486,269,129805
3919486,3920608,1122,273050
3920608,3921743,1135,121446
3921743,3922862,1119,132864
3922862,3923764,902,138032
3923764,3924870,1106,246932
3924870,3926071,1201,276730
3926071,3927348,1277,132707
3927348,3928539,1191,11512
3928539,3929812,1273,53638
3929812,3930270,458,161707
3930270,3931578,1308,104391
3931578,3932382,804,271812
3932382,3933443,1061,59288
3933443,3934697,1254,129513
3934697,3935862,1165,166433
3935862,3937041,1179,161714
3937041,3938262,1221,136280
3938262,3938892,630,129808
3938892,3940120,1228,289453
3940120,3941420,1300,56777
3941420,3942219,799,26853
3942219,3943310,1091,282977
3943310,3944421,1111,29101
3944421,3945672,1251,53342
3945672,3946791,1119,5703
3946791,3948011,1220,170453
3948011,3948181,170,47237
3948181,3949417,1236,121730
3949417,3950282,865,9174
3950282,3951521,1239,130494
3951521,3952665,1144,129581
3952665,3953653,988,157830
3953653,3954115,462,176682
3954115,3955149,1034,187023
3955149,3956258,1109,129581
3956258,3957247,989,128344
3957247,3958498,1251,157859
3958498,3959439,941,96175
3959439,3959935,496,117382
3959935,3961156,1221,113273
3961156,3962289,1133,81843
3962289,3963400,1111,127696
3963400,3964624,1224,110522
3964624,3965772,1148,2777
3965772,3966934,1162,125147
3966934,3967529,595,106367
3967529,3968462,933,10172
3968462,3969595,1133,10088
3969595,3970613,1018,291101
3970613,3971828,1215,258954
3971828,3973114,1286,61316
3973114,3973935,821,134792
3973935,3975027,1092,161707
3975027,3975288,261,124224
3975288,3976387,1099,275128
3976387,3977492,1105,63839
3977492,3978727,1235,119637
3978727,3979938,1211,138656
3979938,3981069,1131,126208
3981069,3981882,813,288044
3981882,3982859,977,54659
3982859,3983871,1012,147159
3983871,3984955,1084,86043
3984955,3986186,1231,139707
3986186,3987475,1289,135229
3987475,3987746,271,102240
3987746,3988950,1204,104886
3988950,3989625,675,117382
3989625,3990731,1106,212
3990731,3991792,1061,139752
3991792,3993021,1229,65772
3993021,3994343,1322,110127
3994343,3995633,1290,149033
3995633,3995852,219,18005
3995852,3996941,1089,122944
3996941,3998103,1162,131030
3998103,3999167,1064,14274
3999167,4000445,1278,92935
4000445,4000863,418,54016
4000863,4002092,1229,2772
4002092,4003319,1227,28380
4003319,4004534,1215,121674
4004534,4005605,1071,8684
4005605,4006918,1313,46268
4006918,4008249,1331,168500
4008249,4009504,1255,110056
4009504,4010707,1203,3587
4010707,4011676,969,100431
4011676,4012843,1167,149735
4012843,4014086,1243,281471
4014086,4014845,759,140654
4014845,4015359,514,295759
4015359,4016499,1140,144496
4016499,4017508,1009,290350
4017508,4018414,906,13364
4018414,4018865,451,39749
4018865,4019601,736,3966
4019601,4020434,833,131748
4020434,4021753,1319,36633
4021753,4022983,1230,156014
4022983,4024126,1143,10674
4024126,4024758,632,125140
4024758,4025788,1030,53638
4025788,4026787,999,4861
4026787,4028016,1229,51163
4028016,4029124,1108,147110
4029124,4030272,1148,122825
4030272,4031305,1033,158074
4031305,4032566,1261,149245
4032566,4033808,1242,32904
4033808,4034914,1106,93277
4034914,4035472,558,9919
4035472,4036743,1271,91801
4036743,4037902,1159,96151
4037902,4038260,358,294551
4038260,4039325,1065,134707
4039325,4040264,939,104717
4040264,4041465,1201,135227
4041465,4042602,1137,123284
4042602,4043579,977,139717
4043579,4044714,1135,3961
4044714,4045189,475,284434
4045189,4046343,1154,133279
4046343,4047283,940,293957
4047283,4048477,1194,156968
4048477,4048839,362,123268
4048839,4049185,346,153728
4049185,4050347,1162,252341
4050347,4051612,1265,127685
4051612,4052706,1094,90852
4052706,4053607,901,130993
4053607,4054600,993,151776
4054600,4054828,228,72927
4054828,4056020,1192,122789
4056020,4057073,1053,279775
4057073,4058182,1109,294114
4058182,4059534,1352,97610
4059534,4060212,678,124439
4060212,4061339,1127,44937
4061339,4062462,1123,82020
4062462,4062852,390,61317
4062852,4064066,1214,96175
4064066,4064275,209,58845
4064275,4064730,455,107480
4064730,4065870,1140,234106
4065870,4067075,1205,132717
4067075,4067811,736,134728
4067811,4069013,1202,284433
4069013,4070070,1057,92934
4070070,4071115,1045,155948
4071115,4072347,1232,157088
4072347,4072575,228,130994
4072575,4073756,1181,287657
4073756,4074976,1220,122827
4074976,4076161,1185,1730
4076161,4077372,1211,285314
4077372,4078483,1111,91192
4078483,4079559,1076,104986
4079559,4080178,619,89894
4080178,4081410,1232,4145
4081410,4082090,680,4687
4082090,4083223,1133,131003
4083223,4084364,1141,138290
4084364,4085453,1089,105167
4085453,4086651,1198,171108
4086651,4087508,857,121902
4087508,4088551,1043,126796
4088551,4089712,1161,129597
4089712,4090617,905,10344
4090617,4091268,651,395
4091268,4092395,1127,291107
4092395,4093520,1125,11734
4093520,4094201,681,86765
4094201,4095353,1152,68369
4095353,4096027,674,4275
4096027,4097262,1235,681
4097262,4098441,1179,100145
4098441,4099687,1246,158074
4099687,4100944,1257,91801
4100944,4101813,869,138631
4101813,4103028,1215,142824
4103028,4104197,1169,150127
4104197,4105363,1166,75791
4105363,4106641,1278,126209
4106641,4107726,1085,17615
4107726,4108814,1088,134451
4108814,4109731,917,160593
4109731,4110880,1149,26956
4110880,4111227,347,135022
4111227,4112403,1176,131295
4112403,4113244,841,92420
4113244,4114429,1185,129011
4114429,4115590,1161,107486
4115590,4116352,762,126233
4116352,4117602,1250,106969
4117602,4118843,1241,136861
4118843,4120054,1211,121080
4120054,4120333,279,122467
4120333,4121551,1218,44577
4121551,4122786,1235,114469
4122786,4124073,1287,116804
4124073,4125316,1243,12731
4125316,4126516,1200,699
4126516,4127798,1282,139707
4127798,4128743,945,128145
4128743,4129852,1109,130093
4129852,4131051,1199,149236
4131051,4131972,921,16632
4131972,4133005,1033,95959
4133005,4134252,1247,8157
4134252,4134610,358,145742
4134610,4135705,1095,120318
4135705,4136990,1285,139009
4136990,4137519,529,121392
4137519,4138662,1143,170212
4138662,4139332,670,61758
4139332,4140541,1209,12546
4140541,4141719,1178,124368
4141719,4142771,1052,47032
4142771,4143795,1024,54667
4143795,4144130,335,19361
4144130,4144771,641,125123
4144771,4145435,664,91098
4145435,4146251,816,157636
4146251,4146891,640,131040
4146891,4147876,985,132485
4147876,4149039,1163,246892
4149039,4149991,952,86708
4149991,4151047,1056,47032
4151047,4151772,725,129393
4151772,4153001,1229,1187
4153001,4154175,1174,148920
4154175,4155268,1093,38660
4155268,4156337,1069,32135
4156337,4157406,1069,126842
4157406,4158617,1211,107621
4158617,4159846,1229,4733
4159846,4161119,1273,133471
4161119,4161560,441,56574
4161560,4162583,1023,12103
4162583,4163769,1186,3961
4163769,4164454,685,275885
4164454,4165455,1001,1562
4165455,4166540,1085,20410
4166540,4167268,728,136280
4167268,4168627,1359,140040
4168627,4169720,1093,284445
4169720,4170091,371,130127
4170091,4171246,1155,142320
4171246,4172532,1286,70756
4172532,4172880,348,129396
4172880,4174023,1143,156963
4174023,4175233,1210,26685
4175233,4176510,1277,138486
4176510,4177617,1107,41933
4177617,4178814,1197,275212
4178814,4180021,1207,7943
4180021,4181074,1053,700
4181074,4182160,1086,26559
4182160,4183165,1005,129790
4183165,4184080,915,284269
4184080,4184409,329,139742
4184409,4185546,1137,132530
4185546,4186790,1244,174992
4186790,4187756,966,164101
4187756,4188769,1013,142744
4188769,4189992,1223,110243
4189992,4191144,1152,131256
4191144,4191973,829,129440
4191973,4193126,1153,284445
4193126,4193631,505,287671
4193631,4194813,1182,95969
4194813,4195923,1110,66622
4195923,4197011,1088,3582
4197011,4198037,1026,157263
4198037,4199279,1242,156224
4199279,4200502,1223,149735
4200502,4201464,962,158081
4201464,4202485,1021,270778
4202485,4203644,1159,130125
4203644,4204885,1241,282977
4204885,4205542,657,14960
4205542,4205818,276,129396
4205818,4206849,1031,279775
4206849,4208098,1249,121658
4208098,4209353,1255,143895
4209353,4210586,1233,139710
4210586,4211742,1156,293959
4211742,4212949,1207,56840
4212949,4214270,1321,147110
4214270,4214491,221,130093
4214491,4214836,345,135814
4214836,4215625,789,254949
4215625,4215836,211,149890
4215836,4216597,761,36641
4216597,4217827,1230,159386
4217827,4218978,1151,115968
4218978,4220002,1024,121024
4220002,4221187,1185,155646
4221187,4222296,1109,81843
4222296,4223512,1216,362
4223512,4224748,1236,20028
4224748,4225952,1204,105394
4225952,4227116,1164,5097
4227116,4228187,1071,84121
4228187,4229422,1235,170977
4229422,4230549,1127,56777
4230549,4231610,1061,120583
4231610,4232276,666,140725
4232276,4233332,1056,169291
4233332,4234663,1331,141248
4234663,4235960,1297,130549
4235960,4236957,997,70756
4236957,4238176,1219,159386
4238176,4239430,1254,295197
4239430,4240482,1052,145145
4240482,4241700,1218,134717
4241700,4242951,1251,101276
4242951,4243935,984,73958
4243935,4244496,561,105405
4244496,4245621,1125,59268
4245621,4246884,1263,175448
4246884,4248085,1201,149739
4248085,4249366,1281,302111
4249366,4250539,1173,164327
4250539,4251795,1256,41151
4251795,4252862,1067,80192
4252862,4254066,1204,295710
4254066,4254805,739,125883
4254805,4255968,1163,72311
4255968,4256948,980,124990
4256948,4258066,1118,3587
4258066,4259323,1257,129594
4259323,4260449,1126,123048
4260449,4261650,1201,170951
4261650,4262433,783,178748
4262433,4263591,1158,123033
4263591,4264656,1065,110243
4264656,4265931,1275,124526
4265931,4267123,1192,141644
4267123,4268346,1223,145138
4268346,4269482,1136,12895
4269482,4270718,1236,187018
4270718,4271828,1110,153731
4271828,4272958,1130,292253
4272958,4274173,1215,129582
4274173,4275395,1222,5416
4275395,4276571,1176,146346
4276571,4277860,1289,98644
4277860,4279045,1185,48830
4279045,4280248,1203,68359
4280248,4280805,557,110238
4280805,4281324,519,142848
4281324,4282387,1063,72207
4282387,4283626,1239,135580
4283626,4284415,789,86683
4284415,4285398,983,30106
4285398,4286607,1209,128991
4286607,4287762,1155,123998
4287762,4288803,1041,130503
4288803,4289078,275,150127
4289078,4289306,228,134451
4289306,4290437,1131,2301
4290437,4291644,1207,54487
4291644,4292839,1195,138033
4292839,4293923,1084,14497
4293923,4294946,1023,104978
4294946,4296031,1085,132532
4296031,4297350,1319,129805
4297350,4298203,853,126832
4298203,4299224,1021,138042
4299224,4299774,550,122876
4299774,4300929,1155,4158
4300929,4301917,988,245687
4301917,4302529,612,232690
4302529,4303597,1068,164187
4303597,4303855,258,85635
4303855,4305136,1281,126928
4305136,4305579,443,26894
4305579,4306694,1115,9915
4306694,4307603,909,282386
4307603,4307956,353,92002
4307956,4309187,1231,144965
4309187,4310367,1180,125147
4310367,4311009,642,130103
4311009,4311810,801,1189
4311810,4312783,973,110054
4312783,4313958,1175,121130
4313958,4315244,1286,129324
4315244,4316125,881,296468
4316125,4317390,1265,39971
4317390,4318626,1236,129443
4318626,4319067,441,19376
4319067,4319414,347,132484
4319414,4319648,234,150127
4319648,4320207,559,278289
4320207,4320601,394,130489
4320601,4321233,632,133211
4321233,4321864,631,142320
4321864,4322998,1134,123269
4322998,4323330,332,47541
4323330,4324224,894,126739
4324224,4325268,1044,142363
4325268,4326069,801,130125
4326069,4327314,1245,224
4327314,4328276,962,270778
4328276,4329368,1092,109663
4329368,4330549,1181,287659
4330549,4331742,1193,89388
4331742,4332882,1140,55856
4332882,4334025,1143,46588
4334025,4335230,1205,139387
4335230,4336184,954,82020
4336184,4337458,1274,14897
4337458,4338542,1084,18533
4338542,4338771,229,141235
4338771,4339741,970,142745
4339741,4340968,1227,153733
4340968,4342021,1053,56175
4342021,4343213,1192,168500
4343213,4343958,745,128632
4343958,4345159,1201,147193
4345159,4346268,1109,83607
4346268,4347465,1197,67863
4347465,4348414,949,291172
4348414,4349747,1333,21305
4349747,4350117,370,149798
4350117,4351359,1242,95870
4351359,4352613,1254,140072
4352613,4353690,1077,129066
4353690,4354835,1145,135814
4354835,4356004,1169,304535
4356004,4357221,1217,291172
4357221,4358436,1215,84447
4358436,4359558,1122,121148
4359558,4360727,1169,291107
4360727,4361730,1003,274549
4361730,4362798,1068,166683
4362798,4363675,877,132777
4363675,4364919,1244,102238
4364919,4365213,294,141148
4365213,4365718,505,126208
4365718,4366142,424,232690
4366142,4367223,1081,142733
4367223,4368213,990,142358
4368213,4368906,693,142363
4368906,4370131,1225,115046
4370131,4371278,1147,67863
4371278,4372501,1223,170452
4372501,4373470,969,6557
4373470,4374757,1287,130093
4374757,4374998,241,26895
4374998,4376109,1111,163381
4376109,4376812,703,123133
4376812,4377413,601,129623
4377413,4378567,1154,64974
4378567,4379690,1123,276735
4379690,4380940,1250,150469
4380940,4382134,1194,57179
4382134,4383084,950,60489
4383084,4384162,1078,61758
4384162,4385415,1253,234067
4385415,4385996,581,129396
4385996,4387221,1225,290901
4387221,4388469,1248,97610
4388469,4389776,1307,142752
4389776,4390601,825,187464
4390601,4391706,1105,130553
4391706,4392714,1008,224
4392714,4393958,1244,132717
4393958,4395247,1289,699
4395247,4395546,299,19208
4395546,4396816,1270,129325
4396816,4397562,746,184447
4397562,4398767,1205,17942
4398767,4399054,287,14936
4399054,4400045,991,142744
4400045,4400996,951,245687
4400996,4401876,880,122544
4401876,4402959,1083,129594
4402959,4404093,1134,151817
4404093,4405378,1285,139797
4405378,4406729,1351,92002
4406729,4407875,1146,156019
4407875,4408953,1078,156973
4408953,4410141,1188,65554
4410141,4411055,914,275212
4411055,4412146,1091,245687
4412146,4412936,790,143271
4412936,4414031,1095,133630
4414031,4415219,1188,84448
4415219,4416428,1209,127703
4416428,4417515,1087,169291
4417515,4418657,1142,13056
4418657,4419204,547,26872
4419204,4420454,1250,131295
4420454,4421627,1173,6557
4421627,4422676,1049,68762
4422676,4423819,1143,395
4423819,4424267,448,61758
4424267,4425411,1144,99249
4425411,4426595,1184,28465
4426595,4427500,905,5703
4427500,4428719,1219,5416
4428719,4429915,1196,275128
4429915,4431148,1233,48842
4431148,4431811,663,216570
4431811,4432956,1145,108621
4432956,4434104,1148,132499
4434104,4435357,1253,26947
4435357,4436230,873,19373
4436230,4437384,1154,121730
4437384,4438360,976,170452
4438360,4439481,1121,150127
4439481,4440716,1235,105673
4440716,4441141,425,254918
4441141,4442327,1186,58763
4442327,4443584,1257,53320
4443584,4444437,853,91072
4444437,4445656,1219,129066
4445656,4446747,1091,72205
4446747,4447655,908,84448
4447655,4448860,1205,132891
4448860,4449715,855,47030
4449715,4449984,269,45217
4449984,4450871,887,133290
4450871,4451998,1127,287657
4451998,4452567,569,127696
4452567,4453684,1117,160602
4453684,4454839,1155,62347
4454839,4456044,1205,109176
4456044,4457135,1091,19361
4457135,4457451,316,131732
4457451,4457888,437,61743
4457888,4459081,1193,113336
4459081,4459918,837,177234
4459918,4460513,595,142311
4460513,4461608,1095,181420
4461608,4461995,387,134160
4461995,4463259,1264,282926
4463259,4464475,1216,141644
4464475,4465606,1131,120318
4465606,4466783,1177,127703
4466783,4467874,1091,123866
4467874,4469074,1200,133239
4469074,4469810,736,162130
4469810,4470861,1051,11077
4470861,4471303,442,140040
4471303,4472560,1257,268287
4472560,4473715,1155,276730
4473715,4475028,1313,76974
4475028,4476260,1232,269254
4476260,4477393,1133,96157
4477393,4477579,186,92427
4477579,4478580,1001,72212
4478580,4479815,1235,64738
4479815,4480237,422,34483
4480237,4480898,661,110243
4480898,4482005,1107,170438
4482005,4483232,1227,300234
4483232,4484461,1229,137589
4484461,4484954,493,142363
4484954,4486025,1071,293663
4486025,4487211,1186,1133
4487211,4488252,1041,161101
4488252,4488463,211,130184
4488463,4488822,359,100043
4488822,4489925,1103,109507
4489925,4490732,807,153958
4490732,4490993,261,285173
4490993,4492124,1131,70837
4492124,4493507,1383,254918
4493507,4494774,1267,152824
4494774,4495365,591,149236
4495365,4495987,622,110238
4495987,4497252,1265,132718
4497252,4498316,1064,5758
4498316,4498822,506,141242
4498822,4499737,915,92915
4499737,4501004,1267,134465
4501004,4502155,1151,15307
4502155,4503061,906,30101
4503061,4504175,1114,126796
4504175,4505408,1233,73729
4505408,4506565,1157,105179
4506565,4507864,1299,25951
4507864,4509062,1198,127595
4509062,4510274,1212,158816
4510274,4511455,1181,135657
4511455,4512729,1274,12471
4512729,4513874,1145,59268
4513874,4515063,1189,82020
4515063,4516087,1024,300234
4516087,4516955,868,85684
4516955,4518243,1288,123284
4518243,4519503,1260,142358
4519503,4520712,1209,87547
4520712,4521984,1272,138042
4521984,4523121,1137,65772
4523121,4524202,1081,134825
4524202,4525301,1099,122443
4525301,4526356,1055,142727
4526356,4526722,366,65772
4526722,4527840,1118,129752
4527840,4528452,612,26853
4528452,4529692,1240,166421
4529692,4530095,403,82558
4530095,4531248,1153,8684
4531248,4532265,1017,283138
4532265,4533353,1088,246948
4533353,4534706,1353,57836
4534706,4535283,577,129443
4535283,4536044,761,4662
4536044,4536645,601,22581
4536645,4537805,1160,86708
4537805,4538568,763,19361
4538568,4539803,1235,30106
4539803,4541077,1274,153728
4541077,4542224,1147,139308
4542224,4543320,1096,100145
4543320,4544139,819,295756
4544139,4545383,1244,86741
4545383,4546309,926,101579
4546309,4547610,1301,123270
4547610,4548016,406,108640
4548016,4548886,870,276939
4548886,4549110,224,284433
4549110,4550282,1172,91098
4550282,4551478,1196,73729
4551478,4552485,1007,130870
4552485,4553652,1167,135227
4553652,4554752,1100,140639
4554752,4555841,1089,125943
4555841,4556908,1067,274374
4556908,4557717,809,126796
4557717,4558899,1182,15307
4558899,4559996,1097,145742
4559996,4561205,1209,18524
4561205,4561989,784,46243
4561989,4563196,1207,159227
4563196,4564137,941,29101
4564137,4565349,1212,395
4565349,4566527,1178,47030
4566527,4567792,1265,129443
4567792,4568808,1016,154838
4568808,4569663,855,138047
4569663,4570769,1106,138548
4570769,4571988,1219,258986
4571988,4573287,1299,163505
4573287,4574196,909,294114
4574196,4575368,1172,110742
4575368,4576445,1077,128344
4576445,4577557,1112,131732
4577557,4578726,1169,29110
4578726,4579678,952,169291
4579678,4580757,1079,67592
4580757,4581785,1028,43296
4581785,4582902,1117,75242
4582902,4583889,987,105390
4583889,4584592,703,134451
4584592,4585640,1048,136271
4585640,4586844,1204,7741
4586844,4587735,891,118128
4587735,4588831,1096,293168
4588831,4590064,1233,11734
4590064,4591145,1081,232057
4591145,4592236,1091,11258
4592236,4593332,1096,271817
4593332,4594150,818,92935
4594150,4595197,1047,54016
4595197,4596542,1345,294697
4596542,4597788,1246,130184
4597788,4598907,1119,65772
4598907,4600114,1207,155949
4600114,4600337,223,61323
4600337,4601496,1159,165428
4601496,4602515,1019,149739
4602515,4603635,1120,154284
4603635,4604937,1302,83706
4604937,4605872,935,57179
4605872,4606130,258,141235
4606130,4607382,1252,101278
4607382,4608619,1237,86741
4608619,4609943,1324,149245
4609943,4611200,1257,126539
4611200,4612125,925,157857
4612125,4613366,1241,25766
4613366,4613512,146,176278
4613512,4614337,825,10160
4614337,4615125,788,171137
4615125,4616348,1223,143521
4616348,4616587,239,89735
4616587,4617542,955,12895
4617542,4618594,1052,1187
4618594,4619801,1207,121080
4619801,4620926,1125,121543
4620926,4622106,1180,43306
4622106,4623289,1183,1560
4623289,4624417,1128,129597
4624417,4625690,1273,144496
4625690,4626653,963,98878
4626653,4627391,738,157243
4627391,4628740,1349,11512
4628740,4629516,776,157644
4629516,4630576,1060,1536
4630576,4631476,900,155949
4631476,4631871,395,1532
4631871,4633190,1319,177638
4633190,4634425,1235,231837
4634425,4635467,1042,136846
4635467,4636732,1265,104606
4636732,4637700,968,48361
4637700,4638731,1031,162253
4638731,4639759,1028,12538
4639759,4640879,1120,71320
4640879,4642081,1202,40556
4642081,4643235,1154,141644
4643235,4644318,1083,46267
4644318,4644651,333,101799
4644651,4645396,745,123285
4645396,4646477,1081,134451
4646477,4647582,1105,130876
4647582,4648844,1262,126221
4648844,4649109,265,123197
4649109,4650320,1211,148920
4650320,4651260,940,138115
4651260,4652357,1097,102239
4652357,4652830,473,137618
4652830,4653352,522,131735
4653352,4654615,1263,146123
4654615,4655776,1161,142896
4655776,4656956,1180,102239
4656956,4657426,470,302111
4657426,4658036,610,134636
4658036,4658551,515,274379
4658551,4659805,1254,287359
4659805,4660616,811,124221
4660616,4661815,1199,131735
4661815,4662111,296,129443
4662111,4663281,1170,170977
4663281,4664417,1136,153309
4664417,4665659,1242,129513
4665659,4666899,1240,124990
4666899,4668133,1234,157088
4668133,4669184,1051,275212
4669184,4670327,1143,135229
4670327,4670662,335,57154
4670662,4671559,897,121024
4671559,4672636,1077,72200
4672636,4673748,1112,10701
4673748,4674939,1191,135264
4674939,4676016,1077,130878
4676016,4677165,1149,95963
4677165,4677759,594,137608
4677759,4678739,980,59288
4678739,4679812,1073,293168
4679812,4681114,1302,44585
4681114,4682264,1150,109185
4682264,4683527,1263,88363
4683527,4684483,956,171133
4684483,4684728,245,122451
4684728,4685835,1107,155151
4685835,4686433,598,300234
4686433,4687670,1237,232057
4687670,4688902,1232,14929
4688902,4690068,1166,288044
4690068,4691308,1240,9174
4691308,4692601,1293,293959
4692601,4693695,1094,54016
4693695,4694852,1157,150674
4694852,4696056,1204,143895
4696056,4697266,1210,86679
4697266,4697633,367,13185
4697633,4698750,1117,135832
4698750,4699787,1037,80656
4699787,4701086,1299,168062
4701086,4702236,1150,66184
4702236,4703041,805,362
4703041,4704018,977,173591
4704018,4705364,1346,134717
4705364,4706446,1082,155520
4706446,4707431,985,9920
4707431,4708752,1321,160952
4708752,4709970,1218,133290
4709970,4711076,1106,101276
4711076,4711683,607,92427
4711683,4712616,933,123283
4712616,4713825,1209,39477
4713825,4714469,644,245687
4714469,4715501,1032,144503
4715501,4716109,608,123268
4716109,4717226,1117,32136
4717226,4718551,1325,138290
4718551,4719788,1237,132484
4719788,4720873,1085,114971
4720873,4722028,1155,103120
4722028,4722754,726,138042
4722754,4723979,1225,5084
4723979,4725210,1231,60801
4725210,4726140,930,40556
4726140,4727394,1254,163527
4727394,4728390,996,24515
4728390,4728756,366,135824
4728756,4729956,1200,168198
4729956,4731222,1266,10172
4731222,4732491,1269,86043
4732491,4733578,1087,102612
4733578,4734736,1158,107487
4734736,4735574,838,53342
4735574,4736843,1269,291609
4736843,4738090,1247,4654
4738090,4739252,1162,13185
4739252,4739912,660,258283
4739912,4741134,1222,85640
4741134,4742367,1233,139612
4742367,4743508,1141,290363
4743508,4744709,1201,129594
4744709,4745453,744,95875
4745453,4746448,995,136458
4746448,4746895,447,139733
4746895,4748158,1263,123998
4748158,4749414,1256,44575
4749414,4750697,1283,135220
4750697,4751907,1210,104978
4751907,4752741,834,161100
4752741,4753863,1122,131722
4753863,4755068,1205,44586
4755068,4755398,330,147963
4755398,4756600,1202,258974
4756600,4757689,1089,128138
4757689,4758898,1209,152864
4758898,4759773,875,125127
4759773,4760948,1175,126826
4760948,4762243,1295,95969
4762243,4763565,1322,165701
4763565,4764382,817,696
4764382,4765657,1275,13056
4765657,4766524,867,162130
4766524,4767723,1199,39967
4767723,4768856,1133,139681
4768856,4770033,1177,39970
4770033,4771028,995,134148
4771028,4772079,1051,169293
4772079,4773151,1072,61356
4773151,4774345,1194,125883
4774345,4775524,1179,6171
4775524,4775961,437,149939
4775961,4777184,1223,46240
4777184,4777641,457,138289
4777641,4778327,686,73712
4778327,4778936,609,25765
4778936,4779192,256,105390
4779192,4780199,1007,298549
4780199,4781444,1245,87997
4781444,4781997,553,155520
4781997,4782896,899,171139
4782896,4783554,658,293959
4783554,4784641,1087,281188
4784641,4785115,474,104394
4785115,4786352,1237,95441
4786352,4787423,1071,123163
4787423,4788476,1053,46243
4788476,4789004,528,105171
4789004,4790051,1047,31668
4790051,4790218,167,64713
4790218,4791090,872,157054
4791090,4792253,1163,285896
4792253,4793422,1169,11049
4793422,4794688,1266,220979
4794688,4795559,871,161972
4795559,4796726,1167,25563
4796726,4797773,1047,68361
4797773,4798701,928,121106
4798701,4799980,1279,156230
4799980,4800939,959,300047
4800939,4801951,1012,85684
4801951,4802860,909,182402
4802860,4804062,1202,155968
4804062,4805402,1340,291379
4805402,4806591,1189,7944
4806591,4807938,1347,258959
4807938,4809137,1199,220952
4809137,4810274,1137,135022
4810274,4811388,1114,64290
4811388,4812496,1108,64290
4812496,4813731,1235,84447
4813731,4814421,690,38026
4814421,4815657,1236,220979
4815657,4816920,1263,170976
4816920,4817512,592,130105
4817512,4818609,1097,129805
4818609,4819768,1159,21498
4819768,4820610,842,92935
4820610,4821790,1180,178450
4821790,4823079,1289,107621
4823079,4824063,984,46712
4824063,4825125,1062,92420
4825125,4826214,1089,54667
4826214,4827414,1200,157480
4827414,4828236,822,150843
4828236,4829023,787,8684
4829023,4829738,715,142824
4829738,4830721,983,13265
4830721,4831089,368,187466
4831089,4832259,1170,39910
4832259,4833500,1241,3966
4833500,4834777,1277,291107
4834777,4836008,1231,121331
4836008,4837085,1077,3587
4837085,4838372,1287,114476
4838372,4839213,841,146437
4839213,4839832,619,152282
4839832,4840634,802,280380
4840634,4841894,1260,57836
4841894,4842977,1083,101265
4842977,4844103,1126,144986
4844103,4845170,1067,36633
4845170,4846345,1175,162129
4846345,4847551,1206,287358
4847551,4848218,667,127538
4848218,4849443,1225,103126
4849443,4850628,1185,126312
4850628,4851607,979,105168
4851607,4852246,639,128990
4852246,4853507,1261,290363
4853507,4854694,1187,124549
4854694,4855963,1269,282926
4855963,4857015,1052,170977
4857015,4857918,903,109658
4857918,4859186,1268,121415
4859186,4860230,1044,160984
4860230,4861445,1215,139350
4861445,4862528,1083,129983
4862528,4863753,1225,139361
4863753,4864120,367,61780
4864120,4864587,467,121148
4864587,4865537,950,148962
4865537,4866809,1272,92420
4866809,4867806,997,281472
4867806,4868848,1042,7793
4868848,4869679,831,208
4869679,4870782,1103,143022
4870782,4872055,1273,14976
4872055,4872230,175,46889
4872230,4873270,1040,279153
4873270,4874403,1133,41172
4874403,4875344,941,55927
4875344,4876548,1204,83706
4876548,4877757,1209,65554
4877757,4878943,1186,11535
4878943,4880181,1238,129808
4880181,4881365,1184,121064
4881365,4882559,1194,127597
4882559,4883832,1273,139297
4883832,4885078,1246,4445
4885078,4886233,1155,80665
4886233,4887410,1177,127522
4887410,4888475,1065,395
4888475,4889132,657,157057
4889132,4889953,821,28462
4889953,4890251,298,129587
4890251,4891388,1137,93276
4891388,4892234,846,185485
4892234,4893532,1298,130728
4893532,4894783,1251,14976
4894783,4895886,1103,13269
4895886,4896915,1029,157236
4896915,4898166,1251,107517
4898166,4898497,331,145701
4898497,4899760,1263,39475
4899760,4899967,207,130627
4899967,4900810,843,288043
4900810,4901736,926,144987
4901736,4902657,921,67863
4902657,4903827,1170,39501
4903827,4904462,635,216570
4904462,4905478,1016,141791
4905478,4906601,1123,122825
4906601,4907720,1119,106367
4907720,4908772,1052,127694
4908772,4909725,953,139397
4909725,4910482,757,109180
4910482,4910918,436,65554
4910918,4912065,1147,152224
4912065,4913137,1072,216567
4913137,4914389,1252,81870
4914389,4914867,478,106366
4914867,4916091,1224,86732
4916091,4917255,1164,286306
4917255,4918508,1253,157242
4918508,4919631,1123,12971
4919631,4920894,1263,1129
4920894,4921975,1081,16002
4921975,4923157,1182,41610
4923157,4924095,938,131732
4924095,4925325,1230,220979
4925325,4926375,1050,138290
4926375,4927642,1267,91072
4927642,4928927,1285,130900
4928927,4930209,1282,138631
4930209,4931414,1205,130876
4931414,4932602,1188,100431
4932602,4933637,1035,5083
4933637,4934889,1252,143005
4934889,4935420,531,75939
4935420,4935542,122,124558
4935542,4936345,803,98878
4936345,4937415,1070,9010
4937415,4938485,1070,160952
4938485,4939613,1128,61777
4939613,4940096,483,107487
4940096,4941229,1133,132069
4941229,4942435,1206,129808
4942435,4943556,1121,279153
4943556,4944087,531,44585
4944087,4945292,1205,291458
4945292,4946480,1188,68192
4946480,4947108,628,19376
4947108,4947715,607,90852
4947715,4948889,1174,115968
4948889,4949887,998,48032
4949887,4950866,979,141209
4950866,4951963,1097,138074
4951963,4952261,298,176853
4952261,4953414,1153,90852
4953414,4954653,1239,281188
4954653,4955892,1239,143271
4955892,4956974,1082,128309
4956974,4957939,965,102612
4957939,4959136,1197,61743
4959136,4960164,1028,53638
4960164,4961179,1015,15304
4961179,4961470,291,109179
4961470,4962563,1093,134786
4962563,4963530,967,129596
4963530,4964599,1069,53343
4964599,4965652,1053,39661
4965652,4965888,236,160592
4965888,4967171,1283,80192
4967171,4968182,1011,110127
4968182,4969414,1232,58012
4969414,4970654,1240,110522
4970654,4971762,1108,109179
4971762,4972970,1208,129623
4972970,4974022,1052,101265
4974022,4974617,595,139355
4974617,4975738,1121,138047
4975738,4976626,888,129514
4976626,4977767,1141,26950
4977767,4978890,1123,126480
4978890,4979503,613,121064
4979503,4980636,1133,109179
4980636,4981893,1257,139797
4981893,4982890,997,285137
4982890,4984141,1251,72200
4984141,4985361,1220,13056
4985361,4986406,1045,135891
4986406,4987545,1139,147110
4987545,4988781,1236,121415
4988781,4989221,440,291384
4989221,4990232,1011,139612
4990232,4991205,973,124549
4991205,4992326,1121,185466
4992326,4993542,1216,91072
4993542,4993755,213,56222
4993755,4995031,1276,282926
4995031,4995986,955,162253
4995986,4997073,1087,55202
4997073,4998298,1225,106611
4998298,4999292,994,362
4999292,4999926,634,78193
4999926,5000911,985,149939
5000911,5002137,1226,128331
5002137,5002960,823,68762
5002960,5004102,1142,1119
5004102,5005301,1199,10347
5005301,5006461,1160,58192
5006461,5007698,1237,117095
5007698,5008677,979,145083
5008677,5009644,967,13265
5009644,5010189,545,230928
5010189,5011290,1101,130530
5011290,5012305,1015,208
5012305,5013170,865,43322
5013170,5013923,753,72311
5013923,5014987,1064,123025
5014987,5016105,1118,13256
5016105,5017284,1179,12707
5017284,5018449,1165,294523
5018449,5019675,1226,176854
5019675,5020864,1189,41172
5020864,5021979,1115,129324
5021979,5023089,1110,11734
5023089,5024345,1256,88007
5024345,5025604,1259,135022
5025604,5026805,1201,131704
5026805,5028116,1311,302000
5028116,5029473,1357,143262
5029473,5030745,1272,149890
5030745,5031158,413,123271
5031158,5032421,1263,121760
5032421,5033670,1249,145088
5033670,5034692,1022,137628
5034692,5035867,1175,46890
5035867,5037077,1210,131296
5037077,5038141,1064,131732
5038141,5039260,1119,23281
5039260,5040547,1287,4690
5040547,5041668,1121,48848
5041668,5042920,1252,137597
5042920,5043975,1055,156967
5043975,5045040,1065,86588
5045040,5045777,737,58193
5045777,5046866,1089,135022
5046866,5047370,504,41172
5047370,5047766,396,86710
5047766,5048249,483,132717
5048249,5049327,1078,284444
5049327,5050250,923,245707
5050250,5051024,774,64713
5051024,5051797,773,121331
5051797,5052769,972,132645
5052769,5053292,523,64717
5053292,5054439,1147,57156
5054439,5055634,1195,123036
5055634,5056564,930,121449
5056564,5057775,1211,73972
5057775,5059047,1272,135657
5059047,5059352,305,231834
5059352,5060444,1092,121543
5060444,5061522,1078,44575
5061522,5062731,1209,130503
5062731,5063736,1005,121068
5063736,5065001,1265,178030
5065001,5066094,1093,130532
5066094,5067369,1275,10798
5067369,5067547,178,157066
5067547,5068815,1268,4733
5068815,5069826,1011,159386
5069826,5070608,782,1539
5070608,5071894,1286,109185
5071894,5072557,663,134728
5072557,5073790,1233,14526
5073790,5074802,1012,134170
5074802,5075863,1061,130548
5075863,5076612,749,127215
5076612,5077634,1022,158074
5077634,5078703,1069,138033
5078703,5079690,987,5341
5079690,5080697,1007,126832
5080697,5081961,1264,139741
5081961,5083232,1271,9915
5083232,5083647,415,258263
5083647,5084508,861,123190
5084508,5084954,446,29120
5084954,5085923,969,92002
5085923,5087102,1179,285135
5087102,5087466,364,129393
5087466,5088710,1244,126945
5088710,5089813,1103,110061
5089813,5090901,1088,110520
5090901,5091970,1069,142358
5091970,5092483,513,277898
5092483,5093610,1127,88748
5093610,5094523,913,157243
5094523,5095070,547,109179
5095070,5096319,1249,291168
5096319,5097468,1149,19361
5097468,5097685,217,14672
5097685,5098129,444,13364
5098129,5099333,1204,143477
5099333,5100518,1185,88761
5100518,5101460,942,135020
5101460,5102613,1153,66176
5102613,5103589,976,136271
5103589,5104741,1152,88489
5104741,5105816,1075,103481
5105816,5106694,878,86741
5106694,5107816,1122,23295
5107816,5108781,965,28384
5108781,5110058,1277,163527
5110058,5111035,977,101265
5111035,5112295,1260,104606
5112295,5113575,1280,282383
5113575,5114195,620,63713
5114195,5114887,692,9010
5114887,5115256,369,135216
5115256,5116389,1133,58090
5116389,5117600,1211,130878
5117600,5118703,1103,134463
5118703,5119882,1179,109185
5119882,5121032,1150,60489
5121032,5122282,1250,92930
5122282,5123555,1273,130993
5123555,5124152,597,31629
5124152,5124749,597,85685
5124749,5125835,1086,283242
5125835,5126934,1099,129808
5126934,5127419,485,129623
5127419,5128567,1148,125118
5128567,5128738,171,140654
5128738,5129943,1205,130900
5129943,5130522,579,141148
5130522,5131753,1231,105390
5131753,5132651,898,110238
5132651,5133874,1223,135580
5133874,5134465,591,6524
5134465,5135721,1256,138047
5135721,5136892,1171,155151
5136892,5137499,607,283138
5137499,5137830,331,125084
5137830,5139061,1231,134592
5139061,5140218,1157,121382
5140218,5141460,1242,71420
5141460,5142715,1255,140041
5142715,5143162,447,125147
5143162,5144315,1153,12544
5144315,5145179,864,137141
5145179,5145505,326,121392
5145505,5146573,1068,137106
5146573,5147604,1031,141240
5147604,5148928,1324,141571
5148928,5149786,858,72207
5149786,5150890,1104,126965
5150890,5152011,1121,72212
5152011,5152725,714,57416
5152725,5153797,1072,54006
5153797,5155064,1267,121541
5155064,5155723,659,13265
5155723,5157042,1319,68361
5157042,5157995,953,156981
5157995,5159051,1056,19376
5159051,5160290,1239,166423
5160290,5161452,1162,287837
5161452,5162536,1084,282926
5162536,5163337,801,140725
5163337,5164480,1143,132485
5164480,5165481,1001,73973
5165481,5165888,407,149939
5165888,5167090,1202,121106
5167090,5167742,652,123268
5167742,5167970,228,128678
5167970,5169249,1279,40556
5169249,5170326,1077,117095
5170326,5171095,769,134786
5171095,5172140,1045,68773
5172140,5173416,1276,39478
5173416,5174417,1001,155968
5174417,5175459,1042,96241
5175459,5176565,1106,294697
5176565,5177806,1241,3967
5177806,5178111,305,184447
5178111,5179393,1282,149791
5179393,5180613,1220,121543
5180613,5181675,1062,96157
5181675,5182952,1277,77779
5182952,5184176,1224,144485
5184176,5185357,1181,138866
5185357,5185846,489,13247
5185846,5187116,1270,121543
5187116,5188401,1285,18524
5188401,5189594,1193,19366
5189594,5190635,1041,86804
5190635,5191779,1144,362
5191779,5192831,1052,133834
5192831,5194070,1239,115687
5194070,5195221,1151,121416
5195221,5196495,1274,141320
5196495,5197758,1263,92934
5197758,5199053,1295,101892
5199053,5200214,1161,129440
5200214,5201177,963,126929
5201177,5202292,1115,276749
5202292,5203497,1205,39475
5203497,5204743,1246,150715
5204743,5205925,1182,184447
5205925,5207222,1297,181420
5207222,5208375,1153,46267
5208375,5209074,699,291384
5209074,5209656,582,176854
5209656,5210761,1105,133225
5210761,5211979,1218,69607
5211979,5213112,1133,130549
5213112,5214352,1240,300225
5214352,5215220,868,129623
5215220,5215866,646,83606
5215866,5217190,1324,262305
5217190,5218145,955,65554
5218145,5219378,1233,97610
5219378,5220569,1191,143307
5220569,5221565,996,54487
5221565,5222698,1133,110522
5222698,5223751,1053,132568
5223751,5224756,1005,1532
5224756,5226029,1273,282385
5226029,5227104,1075,126737
5227104,5228115,1011,2503
5228115,5229381,1266,64075
5229381,5230537,1156,216564
5230537,5231756,1219,174992
5231756,5232872,1116,108638
5232872,5233476,604,125118
5233476,5234755,1279,156967
5234755,5236002,1247,163505
5236002,5237122,1120,70837
5237122,5238373,1251,216567
5238373,5239543,1170,121899
5239543,5240323,780,240992
5240323,5241468,1145,165428
5241468,5242697,1229,129388
5242697,5243980,1283,48525
5243980,5244887,907,274380
5244887,5245980,1093,28465
5245980,5246501,521,105168
5246501,5247553,1052,187466
5247553,5248690,1137,49755
5248690,5249749,1059,172165
5249749,5250908,1159,4445
5250908,5251940,1032,112057
5251940,5253078,1138,124549
5253078,5254241,1163,139753
5254241,5254724,483,19366
5254724,5255916,1192,63095
5255916,5256086,170,5097
5256086,5257163,1077,87280
5257163,5258270,1107,291107
5258270,5259453,1183,19376
5259453,5260684,1231,31089
5260684,5261851,1167,68762
5261851,5262668,817,130544
5262668,5263756,1088,133471
5263756,5264960,1204,126296
5264960,5266194,1234,54006
5266194,5267075,881,1150
5267075,5268267,1192,184447
5268267,5269540,1273,146197
5269540,5270693,1153,156019
5270693,5271046,353,132882
5271046,5272094,1048,300234
5272094,5273149,1055,129983
5273149,5274386,1237,12538
5274386,5275503,1117,94523
5275503,5276650,1147,290350
5276650,5277957,1307,1129
5277957,5278856,899,98876
5278856,5279973,1117,19371
5279973,5280965,992,130505
5280965,5282042,1077,106969
5282042,5283215,1173,103126
5283215,5284050,835,6397
5284050,5284935,885,80534
5284935,5286194,1259,122806
5286194,5287383,1189,139308
5287383,5288518,1135,73973
5288518,5289719,1201,113272
5289719,5290737,1018,132782
5290737,5291790,1053,30593
5291790,5293041,1251,132777
5293041,5294108,1067,134728
5294108,5295328,1220,365
5295328,5296149,821,150915
5296149,5297227,1078,121024
5297227,5298440,1213,163527
5298440,5299621,1181,140931
5299621,5300796,1175,133424
5300796,5302085,1289,287660
5302085,5303235,1150,18527
5303235,5304525,1290,45217
5304525,5305652,1127,123266
5305652,5305933,281,171138
5305933,5306459,526,109179
5306459,5307541,1082,130125
5307541,5307910,369,15446
5307910,5308924,1014,157644
5308924,5310046,1122,56840
5310046,5311157,1111,122626
5311157,5312111,954,280380
5312111,5313172,1061,143895
5313172,5314335,1163,208
5314335,5315255,920,6541
5315255,5316581,1326,133424
5316581,5317731,1150,67584
5317731,5319074,1343,114468
5319074,5320329,1255,10347
5320329,5321476,1147,245691
5321476,5322104,628,129388
5322104,5323206,1102,89735
5323206,5324228,1022,58193
5324228,5325237,1009,186232
5325237,5326509,1272,67851
5326509,5327782,1273,163606
5327782,5329049,1267,134707
5329049,5330106,1057,6176
5330106,5331189,1083,304535
5331189,5332381,1192,142752
5332381,5333554,1173,296078
5333554,5334590,1036,136846
5334590,5335737,1147,4654
5335737,5336833,1096,168062
5336833,5337983,1150,39761
5337983,5339086,1103,58137
5339086,5340367,1281,64956
5340367,5341388,1021,146437
5341388,5341615,227,7894
5341615,5342850,1235,122443
5342850,5343454,604,102240
5343454,5344625,1171,292347
5344625,5344862,237,129393
5344862,5346139,1277,161975
5346139,5347362,1223,352
5347362,5348374,1012,130993
5348374,5348773,399,140718
5348773,5350005,1232,12546
5350005,5351158,1153,163518
5351158,5352163,1005,121331
5352163,5353436,1273,143946
5353436,5354530,1094,122863
5354530,5355422,892,102381
5355422,5355857,435,149939
5355857,5357045,1188,282391
5357045,5358194,1149,76043
5358194,5359343,1149,126945
5359343,5360534,1191,157859
5360534,5361453,919,104637
5361453,5362681,1228,94876
5362681,5363674,993,3961
5363674,5364305,631,73848
5364305,5365350,1045,150915
5365350,5366463,1113,246904
5366463,5366723,260,110526
5366723,5367833,1110,156718
5367833,5369127,1294,93277
5369127,5370210,1083,294551
5370210,5371277,1067,56778
5371277,5372096,819,137483
5372096,5373104,1008,163607
5373104,5373285,181,295759
5373285,5374386,1101,112592
5374386,5375669,1283,130625
5375669,5376807,1138,119295
5376807,5377590,783,32639
5377590,5378674,1084,134425
5378674,5379769,1095,106611
5379769,5380970,1201,95870
5380970,5382177,1207,108621
5382177,5383336,1159,73972
5383336,5384447,1111,18533
5384447,5385626,1179,13269
5385626,5386701,1075,166683
5386701,5387422,721,138032
5387422,5388670,1248,262305
5388670,5389635,965,128310
5389635,5390784,1149,126961
5390784,5391713,929,144987
5391713,5392542,829,141242
5392542,5393632,1090,63885
5393632,5393842,210,135894
5393842,5394201,359,92427
5394201,5394531,330,177627
5394531,5395870,1339,57179
5395870,5396956,1086,67858
5396956,5398117,1161,131732
5398117,5398482,365,171138
5398482,5398826,344,134789
5398826,5399921,1095,77173
5399921,5400832,911,55927
5400832,5402119,1287,139350
5402119,5402667,548,245708
5402667,5403743,1076,122025
5403743,5404985,1242,169619
5404985,5406177,1192,131704
5406177,5407320,1143,121671
5407320,5408301,981,143361
5408301,5409546,1245,110061
5409546,5409701,155,117866
5409701,5410660,959,45217
5410660,5411792,1132,153733
5411792,5412926,1134,12971
5412926,5413981,1055,122810
5413981,5415169,1188,12332
5415169,5415782,613,63095
5415782,5416700,918,25766
5416700,5417952,1252,1188
5417952,5419025,1073,140718
5419025,5420195,1170,117382
5420195,5421291,1096,1189
5421291,5422321,1030,31609
5422321,5423390,1069,61421
5423390,5424521,1131,756
5424521,5425043,522,143321
5425043,5425970,927,92930
5425970,5427173,1203,145742
5427173,5428353,1180,16020
5428353,5429477,1124,109507
5429477,5430664,1187,44576
5430664,5431497,833,122655
5431497,5432728,1231,155151
5432728,5434000,1272,89894
5434000,5435262,1262,127579
5435262,5436296,1034,141208
5436296,5437318,1022,135635
5437318,5438372,1054,11079
5438372,5439320,948,156015
5439320,5440231,911,137141
5440231,5441387,1156,88086
5441387,5441861,474,126408
5441861,5443070,1209,91905
5443070,5444242,1172,73848
5444242,5445382,1140,39910
5445382,5446641,1259,148312
5446641,5447082,441,55088
5447082,5448118,1036,130504
5448118,5449372,1254,274379
5449372,5450634,1262,142745
5450634,5451040,406,123191
5451040,5452103,1063,124520
5452103,5453294,1191,63839
5453294,5453762,468,143483
5453762,5454920,1158,28380
5454920,5456181,1261,108620
5456181,5457112,931,4479
5457112,5458320,1208,283462
5458320,5459514,1194,89880
5459514,5460694,1180,24514
5460694,5461999,1305,6175
5461999,5463223,1224,140067
5463223,5463474,251,131226
5463474,5464721,1247,20034
5464721,5465692,971,11546
5465692,5466892,1200,14936
5466892,5467570,678,138486
5467570,5468699,1129,126829
5468699,5469888,1189,163607
5469888,5471118,1230,280380
5471118,5471517,399,11077
5471517,5472026,509,133393
5472026,5472947,921,128310
5472947,5474030,1083,58137
5474030,5475115,1085,258993
5475115,5476374,1259,124221
5476374,5477091,717,70837
5477091,5478188,1097,7371
5478188,5478615,427,25766
5478615,5479665,1050,300208
5479665,5480888,1223,148920
5480888,5482103,1215,156018
5482103,5483320,1217,220979
5483320,5484615,1295,85685
5484615,5485545,930,83633
5485545,5486644,1099,128632
5486644,5487897,1253,7944
5487897,5489096,1199,132499
5489096,5490168,1072,157859
5490168,5491433,1265,93277
5491433,5492657,1224,74798
5492657,5493441,784,53638
5493441,5494694,1253,19361
5494694,5495822,1128,67860
5495822,5496390,568,11547
5496390,5497555,1165,134707
5497555,5498648,1093,112187
5498648,5499743,1095,161714
5499743,5500634,891,59239
5500634,5501047,413,282934
5501047,5502113,1066,135657
5502113,5503285,1172,295445
5503285,5504532,1247,95870
5504532,5505461,929,101289
5505461,5505647,186,121080
5505647,5506278,631,46889
5506278,5507370,1092,102381
5507370,5508598,1228,157400
5508598,5509495,897,11049
5509495,5510266,771,19366
5510266,5511399,1133,77778
5511399,5512661,1262,145733
5512661,5513704,1043,39476
5513704,5513891,187,64588
5513891,5514462,571,245687
5514462,5515454,992,143307
5515454,5516313,859,61316
5516313,5517593,1280,135580
5517593,5518806,1213,106965
5518806,5519841,1035,132891
5519841,5520911,1070,246932
5520911,5521995,1084,12898
5521995,5523194,1199,5912
5523194,5524332,1138,291609
5524332,5525199,867,160952
5525199,5526340,1141,46267
5526340,5527477,1137,139387
5527477,5528559,1082,134420
5528559,5529772,1213,25766
5529772,5530840,1068,19214
5530840,5531989,1149,121891
5531989,5532655,666,157054
5532655,5533601,946,141320
5533601,5534860,1259,103126
5534860,5536066,1206,11243
5536066,5537240,1174,178030
5537240,5538576,1336,168204
5538576,5539787,1211,49755
5539787,5541123,1336,61422
5541123,5542429,1306,156967
5542429,5543589,1160,11734
5543589,5544841,1252,59268
5544841,5545831,990,861
5545831,5546982,1151,9210
5546982,5548203,1221,293663
5548203,5549194,991,133224
5549194,5550162,968,21305
5550162,5551391,1229,282934
5551391,5552456,1065,107247
5552456,5553671,1215,283138
5553671,5554595,924,54666
5554595,5555198,603,130127
5555198,5556391,1193,293957
5556391,5557663,1272,92812
5557663,5558316,653,39761
5558316,5559157,841,75360
5559157,5560267,1110,142363
5560267,5560627,360,291384
5560627,5561642,1015,5911
5561642,5562950,1308,164327
5562950,5563981,1031,68344
5563981,5565024,1043,185125
5565024,5565457,433,258986
5565457,5566602,1145,160984
5566602,5567638,1036,143271
5567638,5568651,1013,147193
5568651,5569834,1183,54666
5569834,5571085,1251,93276
5571085,5572062,977,64717
5572062,5573301,1239,134176
5573301,5574491,1190,114468
5574491,5575358,867,56179
5575358,5576298,940,7793
5576298,5577515,1217,124595
5577515,5578466,951,135220
5578466,5579683,1217,290363
5579683,5580785,1102,56777
5580785,5581848,1063,130486
5581848,5582982,1134,302395
5582982,5584125,1143,156019
5584125,5585211,1086,14274
5585211,5586001,790,2536
5586001,5586896,895,287837
5586896,5588130,1234,134804
5588130,5589351,1221,127215
5589351,5590522,1171,168497
5590522,5591613,1091,14960
5591613,5592894,1281,144965
5592894,5593647,753,304534
5593647,5594652,1005,129790
5594652,5595909,1257,9010
5595909,5596154,245,112012
5596154,5596463,309,136846
5596463,5597726,1263,146346
5597726,5598444,718,145699
5598444,5599539,1095,129515
5599539,5600805,1266,114452
5600805,5601964,1159,122801
5601964,5603146,1182,143483
5603146,5604404,1258,135892
5604404,5605147,743,258970
5605147,5606010,863,137608
5606010,5607113,1103,134785
5607113,5607644,531,170452
5607644,5608687,1043,98878
5608687,5609762,1075,54666
5609762,5610977,1215,300047
5610977,5612086,1109,132300
5612086,5613171,1085,130529
5613171,5614287,1116,108638
5614287,5615564,1277,116805
5615564,5616188,624,11528
5616188,5617244,1056,141320
5617244,5618469,1225,126739
5618469,5619632,1163,29091
5619632,5620876,1244,106969
5620876,5622079,1203,155944
5622079,5623265,1186,5710
5623265,5624497,1232,48848
5624497,5625407,910,100045
5625407,5626366,959,28465
5626366,5627212,846,135824
5627212,5628342,1130,106611
5628342,5628662,320,138042
5628662,5629890,1228,12538
5629890,5630975,1085,362
5630975,5632056,1081,128991
5632056,5633255,1199,64290
5633255,5634571,1316,7887
5634571,5635490,919,173591
5635490,5636547,1057,6557
5636547,5637641,1094,244443
5637641,5638356,715,39478
5638356,5639361,1005,176854
5639361,5640514,1153,12332
5640514,5640858,344,18004
5640858,5641960,1102,183988
5641960,5643134,1174,124368
5643134,5644448,1314,134160
5644448,5645667,1219,138656
5645667,5646955,1288,140931
5646955,5647944,989,123135
5647944,5648659,715,14497
5648659,5649578,919,293959
5649578,5650809,1231,14976
5650809,5651971,1162,88489
5651971,5653232,1261,41166
5653232,5654327,1095,44577
5654327,5654922,595,131899
5654922,5655849,927,49755
5655849,5656180,331,186230
5656180,5657403,1223,128660
5657403,5658060,657,141209
5658060,5659252,1192,121661
5659252,5660403,1151,4158
5660403,5661654,1251,129011
5661654,5662688,1034,26559
5662688,5663907,1219,150855
5663907,5665141,1234,146437
5665141,5665460,319,7622
5665460,5666332,872,7887
5666332,5667559,1227,110056
5667559,5667830,271,130127
5667830,5668997,1167,101578
5668997,5670268,1271,281472
5670268,5671395,1127,54006
5671395,5672560,1165,178029
5672560,5673747,1187,63105
5673747,5674966,1219,128145
5674966,5676052,1086,70998
5676052,5677073,1021,58869
5677073,5678287,1214,300208
5678287,5679588,1301,105002
5679588,5680353,765,5084
5680353,5681410,1057,112057
5681410,5682586,1176,133225
5682586,5683542,956,75360
5683542,5684799,1257,130164
5684799,5685847,1048,64738
5685847,5686094,247,121528
5686094,5686551,457,121068
5686551,5686923,372,138032
5686923,5687938,1015,135894
5687938,5689047,1109,4445
5689047,5689884,837,275128
5689884,5691069,1185,185466
5691069,5692250,1181,132718
5692250,5692685,435,154673
5692685,5693886,1201,76046
5693886,5695141,1255,63713
5695141,5696346,1205,19366
5696346,5697694,1348,14904
5697694,5698790,1096,49755
5698790,5699617,827,68770
5699617,5700899,1282,13185
5700899,5702155,1256,76043
5702155,5702672,517,69607
5702672,5703244,572,98880
5703244,5703747,503,13185
5703747,5704967,1220,182394
5704967,5705969,1002,144987
5705969,5706994,1025,34572
5706994,5708221,1227,285137
5708221,5709379,1158,140067
5709379,5710499,1120,125128
5710499,5711725,1226,99122
5711725,5712227,502,132891
5712227,5712954,727,10822
5712954,5713512,558,278220
5713512,5714737,1225,12926
5714737,5715978,1241,140639
5715978,5717119,1141,122827
5717119,5718217,1098,126955
5718217,5719410,1193,32658
5719410,5720526,1116,132650
5720526,5721543,1017,290363
5721543,5722291,748,107247
5722291,5723516,1225,291384
5723516,5724680,1164,156977
5724680,5725697,1017,130549
5725697,5726886,1189,134420
5726886,5727202,316,143264
5727202,5728318,1116,152864
5728318,5728517,199,68369
5728517,5729797,1280,56179
5729797,5730898,1101,101289
5730898,5731498,600,127521
5731498,5732635,1137,71405
5732635,5733735,1100,41919
5733735,5734635,900,6175
5734635,5735857,1222,12971
5735857,5736439,582,176853
5736439,5737319,880,170438
5737319,5738254,935,182402
5738254,5739579,1325,69411
5739579,5739964,385,134717
5739964,5741241,1277,127525
5741241,5742480,1239,10822
5742480,5743397,917,108638
5743397,5744360,963,177627
5744360,5745107,747,170453
5745107,5746074,967,184266
5746074,5747319,1245,166436
5747319,5748530,1211,148962
5748530,5749839,1309,131106
5749839,5751089,1250,132782
5751089,5752280,1191,86045
5752280,5753469,1189,1536
5753469,5754226,757,135229
5754226,5755255,1029,129597
5755255,5756232,977,7371
5756232,5757134,902,133225
5757134,5758166,1032,132484
5758166,5759379,1213,287139
5759379,5760229,850,128138
5760229,5761444,1215,129388
5761444,5762411,967,132485
5762411,5763723,1312,58776
5763723,5764528,805,130870
5764528,5764857,329,86710
5764857,5765747,890,95875
5765747,5766698,951,139009
5766698,5767443,745,89880
5767443,5768485,1042,103481
5768485,5769505,1020,161100
5769505,5770871,1366,6557
5770871,5772138,1267,6525
5772138,5773295,1157,39508
5773295,5774421,1126,46890
5774421,5774776,355,121528
5774776,5776080,1304,296473
5776080,5777110,1030,157644
5777110,5777961,851,123176
5777961,5779056,1095,700
5779056,5779920,864,91801
5779920,5780463,543,132705
5780463,5781341,878,129597
5781341,5782534,1193,135216
5782534,5783637,1103,86039
5783637,5784798,1161,63095
5784798,5785046,248,57180
5785046,5786213,1167,127703
5786213,5787445,1232,398
5787445,5788709,1264,41911
5788709,5789746,1037,141209
5789746,5790925,1179,67584
5790925,5792181,1256,9010
5792181,5793383,1202,60480
5793383,5794558,1175,135264
5794558,5795779,1221,143484
5795779,5796986,1207,164188
5796986,5798187,1201,5083
5798187,5799265,1078,159228
5799265,5800351,1086,23295
5800351,5800946,595,4731
5800946,5802140,1194,145145
5802140,5802855,715,75355
5802855,5804056,1201,71420
5804056,5805258,1202,133273
5805258,5806223,965,60489
5806223,5807070,847,102232
5807070,5807981,911,69411
5807981,5809130,1149,132299
5809130,5810451,1321,126928
5810451,5811817,1366,138074
5811817,5812531,714,122614
5812531,5813756,1225,147159
5813756,5813963,207,18006
5813963,5815149,1186,126233
5815149,5816261,1112,110061
5816261,5816935,674,155972
5816935,5817443,508,110061
5817443,5818722,1279,102250
5818722,5819570,848,73075
5819570,5820573,1003,101276
5820573,5821758,1185,152864
5821758,5822877,1119,58869
5822877,5824003,1126,123270
5824003,5825232,1229,12707
5825232,5825450,218,14526
5825450,5826561,1111,290901
5826561,5827660,1099,5416
5827660,5828010,350,69607
5828010,5829333,1323,29012
5829333,5830556,1223,134434
5830556,5831245,689,176682
5831245,5832441,1196,162238
5832441,5833279,838,129064
5833279,5834525,1246,48830
5834525,5834934,409,282385
5834934,5835867,933,9174
5835867,5836328,461,122627
5836328,5837425,1097,66622
5837425,5838522,1097,292604
5838522,5839719,1197,56175
5839719,5840948,1229,142279
5840948,5842039,1091,58433
5842039,5842946,907,125002
5842946,5843299,353,66347
5843299,5844460,1161,133447
5844460,5845747,1287,144135
5845747,5846642,895,102250
5846642,5847859,1217,127731
5847859,5849096,1237,131040
5849096,5849964,868,66464
5849964,5850422,458,56175
5850422,5851575,1153,19373
5851575,5852570,995,137106
5852570,5853813,1243,141644
5853813,5855013,1200,274376
5855013,5856201,1188,224
5856201,5857135,934,15081
5857135,5858284,1149,121024
5858284,5859058,774,94523
5859058,5859905,847,56174
5859905,5861029,1124,290363
5861029,5862261,1232,127704
5862261,5862580,319,88748
5862580,5863167,587,19208
5863167,5864207,1040,68888
5864207,5865480,1273,90852
5865480,5866608,1128,14936
5866608,5867742,1134,83607
5867742,5869001,1259,86710
5869001,5870020,1019,178450
5870020,5870280,260,138488
5870280,5870515,235,700
5870515,5870685,170,87997
5870685,5871187,502,123269
5871187,5872163,976,132300
5872163,5873256,1093,160953
5873256,5874254,998,126539
5874254,5875499,1245,149881
5875499,5876711,1212,130625
5876711,5877950,1239,105390
5877950,5878656,706,137483
5878656,5878930,274,84448
5878930,5879821,891,104391
5879821,5880934,1113,114476
5880934,5882176,1242,64298
5882176,5882423,247,232057
5882423,5883508,1085,163380
5883508,5884699,1191,125127
5884699,5885484,785,128631
5885484,5886593,1109,142858
5886593,5887592,999,59288
5887592,5888820,1228,54016
5888820,5889234,414,132645
5889234,5890415,1181,131732
5890415,5891740,1325,114468
5891740,5891953,213,862
5891953,5892776,823,134789
5892776,5893387,611,128309
5893387,5894397,1010,139387
5894397,5895600,1203,304541
5895600,5896595,995,14897
5896595,5897832,1237,8141
5897832,5899024,1192,129808
5899024,5899935,911,104978
5899935,5901120,1185,14013
5901120,5901953,833,121103
5901953,5903102,1149,118119
5903102,5903462,360,9210
5903462,5904581,1119,138866
5904581,5905728,1147,164327
5905728,5906942,1214,5341
5906942,5907423,481,155948
5907423,5908560,1137,70753
5908560,5909617,1057,156724
5909617,5910766,1149,14672
5910766,5912015,1249,138074
5912015,5913164,1149,124439
5913164,5913971,807,65554
5913971,5915060,1089,216570
5915060,5915546,486,700
5915546,5916763,1217,37090
5916763,5917988,1225,24731
5917988,5919127,1139,90847
5919127,5920278,1151,159386
5920278,5921502,1224,140222
5921502,5922701,1199,4479
5922701,5923938,1237,282926
5923938,5925170,1232,171107
5925170,5926435,1265,254918
5926435,5927559,1124,66166
5927559,5928857,1298,41614
5928857,5930098,1241,138043
5930098,5931363,1265,136458
5931363,5932384,1021,176680
5932384,5933557,1173,135033
5933557,5934794,1237,80534
5934794,5936014,1220,127215
5936014,5937058,1044,135894
5937058,5937267,209,137739
5937267,5938452,1185,66622
5938452,5939144,692,176680
5939144,5939592,448,156155
5939592,5940730,1138,12971
5940730,5941045,315,129790
5941045,5942336,1291,181420
5942336,5943450,1114,86765
5943450,5944298,848,133212
5944298,5945511,1213,39478
5945511,5946743,1232,158781
5946743,5947779,1036,112592
5947779,5948356,577,104978
5948356,5948682,326,48361
5948682,5948976,294,139397
5948976,5950041,1065,86777
5950041,5951149,1108,24514
5951149,5952322,1173,91801
5952322,5953613,1291,62347
5953613,5954855,1242,158081
5954855,5956060,1205,156718
5956060,5957374,1314,122443
5957374,5958375,1001,138888
5958375,5959432,1057,276730
5959432,5959645,213,126947
5959645,5960840,1195,19361
5960840,5961355,515,129513
5961355,5962490,1135,2301
5962490,5963693,1203,149791
5963693,5964825,1132,56222
5964825,5965552,727,18006
5965552,5966540,988,62851
5966540,5966771,231,121068
5966771,5967246,475,11077
5967246,5968349,1103,274374
5968349,5968796,447,130493
5968796,5970019,1223,122810
5970019,5970329,310,102250
5970329,5970551,222,39913
5970551,5971746,1195,10089
5971746,5972749,1003,169293
5972749,5973685,936,139035
5973685,5974684,999,30101
5974684,5975912,1228,65803
5975912,5977097,1185,292604
5977097,5978128,1031,281187
5978128,5979199,1071,80656
5979199,5979901,702,89894
5979901,5981021,1120,77361
5981021,5982150,1129,120318
5982150,5983241,1091,157830
5983241,5984338,1097,101278
5984338,5985529,1191,132532
5985529,5985793,264,281188
5985793,5986786,993,73973
5986786,5987945,1159,163935
5987945,5988986,1041,165428
5988986,5989932,946,131735
5989932,5991112,1180,181420
5991112,5992101,989,14274
5992101,5993367,1266,1120
5993367,5994476,1109,130492
5994476,5995137,661,41170
5995137,5996103,966,76043
5996103,5997404,1301,133273
5997404,5998701,1297,271812
5998701,5999864,1163,13056
5999864,6001193,1329,170976
6001193,6002092,899,117382
6002092,6003233,1141,92935
6003233,6004526,1293,4445
6004526,6005074,548,75242
6005074,6006276,1202,133442
6006276,6007170,894,126209
6007170,6008044,874,4445
6008044,6009111,1067,26558
6009111,6010282,1171,7622
6010282,6011594,1312,6171
6011594,6012856,1262,292253
6012856,6013715,859,133393
6013715,6015028,1313,283462
6015028,6015661,633,147968
6015661,6016954,1293,86765
6016954,6018085,1131,91098
6018085,6019164,1079,131887
6019164,6020160,996,9920
6020160,6021280,1120,161975
6021280,6022270,990,14960
6022270,6023256,986,109176
6023256,6023741,485,14497
6023741,6024474,733,84122
6024474,6025494,1020,6397
6025494,6025924,430,54006
6025924,6027043,1119,64717
6027043,6028263,1220,132864
6028263,6029218,955,124164
6029218,6030308,1090,279775
6030308,6031280,972,104890
6031280,6031985,705,254949
6031985,6033243,1258,9210
6033243,6034289,1046,41610
6034289,6035447,1158,862
6035447,6036642,1195,132280
6036642,6037895,1253,398
6037895,6038216,321,292138
6038216,6039375,1159,147971
6039375,6040300,925,121674
6040300,6041460,1160,147193
6041460,6042717,1257,164328
6042717,6044042,1325,75810
6044042,6045232,1190,67858
6045232,6046498,1266,131218
6046498,6047645,1147,281471
6047645,6048774,1129,132499
6048774,6049837,1063,92805
6049837,6050866,1029,254948
6050866,6051983,1117,282357
6051983,6052758,775,185466
6052758,6053981,1223,129317
6053981,6055070,1089,143895
6055070,6056274,1204,102612
6056274,6057520,1246,134176
6057520,6058604,1084,133273
6058604,6059543,939,254918
6059543,6060752,1209,62851
6060752,6061776,1024,119253
6061776,6062791,1015,25765
6062791,6063954,1163,132891
6063954,6064933,979,130093
6064933,6066004,1071,135894
6066004,6067127,1123,107517
6067127,6068266,1139,22178
6068266,6069503,1237,130548
6069503,6070206,703,86777
6070206,6070772,566,91906
6070772,6071826,1054,1562
6071826,6072637,811,144965
6072637,6073876,1239,43322
6073876,6075126,1250,121103
6075126,6075783,657,115968
6075783,6076900,1117,87791
6076900,6077892,992,280380
6077892,6078982,1090,106800
6078982,6079259,277,121106
6079259,6080288,1029,34572
6080288,6081547,1259,140718
6081547,6082768,1221,142311
6082768,6083541,773,135216
6083541,6084806,1265,16632
6084806,6085640,834,12544
6085640,6086394,754,4158
6086394,6086896,502,136610
6086896,6088063,1167,37090
6088063,6089228,1165,121661
6089228,6090172,944,73075
6090172,6091404,1232,71401
6091404,6092505,1101,80690
6092505,6093613,1108,126408
6093613,6094601,988,143321
6094601,6095267,666,1536
6095267,6096434,1167,73848
6096434,6097177,743,130870
6097177,6097625,448,47238
6097625,6098600,975,121720
6098600,6099351,751,92427
6099351,6100502,1151,139404
6100502,6100894,392,143625
6100894,6101989,1095,62347
6101989,6103184,1195,175390
6103184,6104102,918,7944
6104102,6105247,1145,142733
6105247,6106478,1231,134425
6106478,6107645,1167,102612
6107645,6108872,1227,87547
6108872,6109868,996,153731
6109868,6110873,1005,284269
6110873,6112075,1202,97610
6112075,6113142,1067,136458
6113142,6114282,1140,138656
6114282,6115389,1107,128329
6115389,6116482,1093,94522
6116482,6117777,1295,137141
6117777,6119074,1297,143484
6119074,6120188,1114,101836
6120188,6120461,273,121541
6120461,6121648,1187,137483
6121648,6122754,1106,284433
6122754,6124028,1274,156019
6124028,6125155,1127,12707
6125155,6125504,349,129983
6125504,6126193,689,75360
6126193,6127357,1164,50776
6127357,6128441,1084,283462
6128441,6129655,1214,127215
6129655,6130754,1099,130553
6130754,6131995,1241,144496
6131995,6133092,1097,142750
6133092,6134401,1309,87791
6134401,6135448,1047,129396
6135448,6136066,618,134991
6136066,6137121,1055,126794
6137121,6138307,1186,139733
6138307,6139359,1052,132848
6139359,6140383,1024,2536
6140383,6141005,622,84448
6141005,6142138,1133,121103
6142138,6143335,1197,102381
6143335,6143771,436,131113
6143771,6144994,1223,4690
6144994,6146168,1174,6525
6146168,6147147,979,64708
6147147,6148340,1193,108621
6148340,6149463,1123,93277
6149463,6150239,776,142824
6150239,6150694,455,139009
6150694,6151209,515,137618
6151209,6151515,306,14677
6151515,6152708,1193,291381
6152708,6153879,1171,149735
6153879,6154670,791,129623
6154670,6155881,1211,121674
6155881,6157160,1279,20410
6157160,6158390,1230,13364
6158390,6159537,1147,74477
6159537,6160798,1261,182389
6160798,6161913,1115,109658
6161913,6163074,1161,124990
6163074,6164233,1159,129443
6164233,6165148,915,86040
6165148,6166407,1259,9174
6166407,6167571,1164,51163
6167571,6168768,1197,17942
6168768,6169411,643,143262
6169411,6170351,940,126232
6170351,6171436,1085,66464
6171436,6172676,1240,131735
6172676,6172928,252,128670
6172928,6174037,1109,134708
6174037,6175294,1257,71420
6175294,6176409,1115,58090
6176409,6177434,1025,121331
6177434,6178640,1206,282977
6178640,6179559,919,31603
6179559,6180241,682,246932
6180241,6181530,1289,137628
6181530,6182452,922,132848
6182452,6183685,1233,147159
6183685,6184238,553,47030
6184238,6184635,397,72210
6184635,6185712,1077,6541
6185712,6186816,1104,139387
6186816,6188068,1252,295710
6188068,6189155,1087,135020
6189155,6190378,1223,13364
6190378,6191493,1115,184266
6191493,6192578,1085,147971
6192578,6192984,406,142279
6192984,6193951,967,129994
6193951,6195145,1194,134786
6195145,6195351,206,61743
6195351,6195586,235,130184
6195586,6196756,1170,231834
6196756,6197754,998,11547
6197754,6198647,893,131735
6198647,6199746,1099,68773
6199746,6201011,1265,6397
6201011,6201173,162,232057
6201173,6202427,1254,279849
6202427,6203402,975,12546
6203402,6204314,912,112187
6204314,6205197,883,58012
6205197,6205611,414,262269
6205611,6206756,1145,126737
6206756,6208007,1251,132777
6208007,6209270,1263,44576
6209270,6210523,1253,116804
6210523,6211606,1083,224746
6211606,6211891,285,90852
6211891,6212802,911,4662
6212802,6213999,1197,142733
6213999,6214302,303,279852
6214302,6215473,1171,81881
6215473,6216545,1072,258263
6216545,6217119,574,31629
6217119,6218337,1218,3586
6218337,6219535,1198,120330
6219535,6220478,943,171138
6220478,6221700,1222,6176
6221700,6222577,877,134657
6222577,6223732,1155,128329
6223732,6223962,230,61758
6223962,6225182,1220,9210
6225182,6226441,1259,121766
6226441,6227372,931,45218
6227372,6228385,1013,147968
6228385,6229360,975,117384
6229360,6230462,1102,126796
6230462,6231528,1066,121103
6231528,6232677,1149,137154
6232677,6233763,1086,14936
6233763,6234944,1181,129974
6234944,6236196,1252,113336
6236196,6236846,650,29101
6236846,6237786,940,106367
6237786,6238407,621,121064
6238407,6239505,1098,224746
6239505,6239941,436,290365
6239941,6241059,1118,101884
6241059,6242219,1160,130588
6242219,6243292,1073,157830
6243292,6244311,1019,89735
6244311,6244756,445,134463
6244756,6245160,404,141174
6245160,6245358,198,171139
6245358,6246494,1136,86741
6246494,6247731,1237,123284
6247731,6248185,454,140725
6248185,6249300,1115,130530
6249300,6249956,656,37999
6249956,6251057,1101,59268
6251057,6252148,1091,160964
6252148,6253370,1222,124224
6253370,6254484,1114,121024
6254484,6255687,1203,67200
6255687,6256636,949,132645
6256636,6257745,1109,157636
6257745,6259014,1269,159228
6259014,6260295,1281,18524
6260295,6261292,997,129317
6261292,6262377,1085,41166
6262377,6263378,1001,298549
6263378,6264650,1272,177627
6264650,6265913,1263,276907
6265913,6266957,1044,123033
6266957,6267886,929,29091
6267886,6268581,695,144496
6268581,6269219,638,132705
6269219,6270213,994,298549
6270213,6271482,1269,66176
6271482,6272662,1180,13364
6272662,6273982,1320,34501
6273982,6275143,1161,19585
6275143,6276304,1161,44577
6276304,6277250,946,86040
6277250,6278355,1105,2503
6278355,6279417,1062,15082
6279417,6280464,1047,108621
6280464,6281265,801,291718
6281265,6282391,1126,155521
6282391,6282724,333,258960
6282724,6283048,324,153309
6283048,6284106,1058,114256
6284106,6285195,1089,129979
6285195,6286412,1217,135654
6286412,6286597,185,294523
6286597,6287647,1050,129011
6287647,6288658,1011,71402
6288658,6289113,455,94526
6289113,6290026,913,104986
6290026,6291269,1243,252341
6291269,6292461,1192,178030
6292461,6293682,1221,21393
6293682,6294871,1189,48830
6294871,6295857,986,135762
6295857,6296540,683,125123
6296540,6296821,281,46889
6296821,6298090,1269,135814
6298090,6299259,1169,110706
6299259,6299754,495,166420
6299754,6300913,1159,39648
6300913,6302011,1098,87791
6302011,6303178,1167,132717
6303178,6304300,1122,106367
6304300,6305560,1260,159228
6305560,6306609,1049,293963
6306609,6307796,1187,6541
6307796,6309007,1211,155151
6309007,6309398,391,129440
6309398,6310405,1007,46712
6310405,6311566,1161,135221
6311566,6311803,237,295761
6311803,6312348,545,149791
6312348,6313618,1270,178449
6313618,6314031,413,279852
6314031,6315202,1171,95441
6315202,6315870,668,4687
6315870,6317070,1200,145703
6317070,6318146,1076,58192
6318146,6319123,977,31097
6319123,6320245,1122,282386
6320245,6320721,476,185126
6320721,6321960,1239,108621
6321960,6322296,336,138032
6322296,6323241,945,284444
6323241,6324370,1129,34479
6324370,6324841,471,150916
6324841,6325913,1072,270778
6325913,6327146,1233,143307
6327146,6328395,1249,158081
6328395,6329428,1033,134121
6329428,6330517,1089,112187
6330517,6330948,431,129396
6330948,6332031,1083,130533
6332031,6333128,1097,132821
6333128,6334249,1121,291107
6334249,6335411,1162,11254
6335411,6335738,327,105002
6335738,6336947,1209,106800
6336947,6338069,1122,105002
6338069,6339374,1305,68192
6339374,6340591,1217,141320
6340591,6341652,1061,132073
6341652,6342429,777,287659
6342429,6343647,1218,12895
6343647,6344654,1007,52087
6344654,6345899,1245,143893
6345899,6346937,1038,58868
6346937,6348013,1076,294700
6348013,6348755,742,157644
6348755,6349791,1036,294113
6349791,6351024,1233,143005
6351024,6352133,1109,290901
6352133,6353293,1160,75355
6353293,6353484,191,66184
6353484,6354229,745,135826
6354229,6355366,1137,138032
6355366,6356550,1184,10988
6356550,6357693,1143,275147
6357693,6358374,681,76055
6358374,6359570,1196,132101
6359570,6360809,1239,279233
6360809,6361845,1036,135216
6361845,6363086,1241,125118
6363086,6364291,1205,63713
6364291,6364845,554,139325
6364845,6365968,1123,91072
6365968,6367162,1194,3966
6367162,6368264,1102,174992
6368264,6369019,755,138032
6369019,6369505,486,104979
6369505,6370171,666,162253
6370171,6371148,977,121103
6371148,6372071,923,271826
6372071,6373245,1174,8689
6373245,6374597,1352,76046
6374597,6375945,1348,161714
6375945,6377168,1223,86683
6377168,6377680,512,2777
6377680,6378959,1279,139397
6378959,6380159,1200,132891
6380159,6381036,877,121085
6381036,6382109,1073,18004
6382109,6383399,1290,282934
6383399,6384518,1119,4447
6384518,6385808,1290,80197
6385808,6386836,1028,121799
6386836,6388122,1286,57156
6388122,6388416,294,187466
6388416,6389653,1237,156015
6389653,6389895,242,172165
6389895,6391121,1226,86683
6391121,6391410,289,128632
6391410,6392686,1276,67592
6392686,6393892,1206,141791
6393892,6395083,1191,141270
6395083,6396226,1143,19366
6396226,6397281,1055,76043
6397281,6398356,1075,104888
6398356,6399488,1132,39501
6399488,6399967,479,121446
6399967,6401071,1104,89882
6401071,6402054,983,39661
6402054,6402877,823,75242
6402877,6404092,1215,131294
6404092,6405143,1051,65772
6405143,6406196,1053,6174
6406196,6407471,1275,147970
6407471,6408726,1255,73846
6408726,6410017,1291,161975
6410017,6411106,1089,68344
6411106,6412301,1195,91192
6412301,6413375,1074,77782
6413375,6414659,1284,279229
6414659,6415753,1094,10798
6415753,6416570,817,152267
6416570,6417547,977,75365
6417547,6417859,312,295759
6417859,6418018,159,154736
6418018,6419324,1306,122828
6419324,6420303,979,220952
6420303,6421310,1007,122451
6421310,6421568,258,178450
6421568,6422763,1195,1731
6422763,6423812,1049,23311
6423812,6424943,1131,48830
6424943,6426213,1270,137154
6426213,6427434,1221,290365
6427434,6427941,507,278217
6427941,6429049,1108,168500
6429049,6429908,859,66465
6429908,6431001,1093,109185
6431001,6432249,1248,134707
6432249,6433459,1210,130493
6433459,6434708,1249,715
6434708,6435883,1175,291374
6435883,6436854,971,137106
6436854,6437959,1105,37090
6437959,6439164,1205,46712
6439164,6439683,519,296395
6439683,6440768,1085,122467
6440768,6441834,1066,145701
6441834,6442994,1160,5791
6442994,6444107,1113,138043
6444107,6444808,701,150715
6444808,6445371,563,55088
6445371,6446459,1088,116805
6446459,6447574,1115,258959
6447574,6448669,1095,71401
6448669,6449864,1195,121541
6449864,6450957,1093,101864
6450957,6451913,956,87280
6451913,6453026,1113,283462
6453026,6454323,1297,147968
6454323,6455373,1050,141148
6455373,6455994,621,157056
6455994,6456845,851,75810
6456845,6457901,1056,292253
6457901,6459164,1263,21305
6459164,6460357,1193,123715
6460357,6461556,1199,129325
6461556,6462603,1047,132782
6462603,6463697,1094,159228
6463697,6463885,188,62516
6463885,6464910,1025,102240
6464910,6466170,1260,258250
6466170,6467411,1241,134991
6467411,6468716,1305,157243
6468716,6469641,925,7887
6469641,6470812,1171,126932
6470812,6471903,1091,132484
6471903,6473079,1176,134170
6473079,6474373,1294,123190
6474373,6475588,1215,115687
6475588,6476228,640,133227
6476228,6476826,598,156018
6476826,6477924,1098,140221
6477924,6479141,1217,15307
6479141,6480330,1189,104986
6480330,6480943,613,142752
6480943,6481391,448,135892
6481391,6482108,717,58869
6482108,6482383,275,282926
6482383,6483611,1228,139727
6483611,6484725,1114,130125
6484725,6485969,1244,15081
6485969,6486896,927,291168
6486896,6487944,1048,18005
6487944,6489049,1105,5084
6489049,6490234,1185,64291
6490234,6491031,797,141235
6491031,6492271,1240,110706
6492271,6493447,1176,48361
6493447,6494664,1217,163519
6494664,6495860,1196,156718
6495860,6496896,1036,78885
6496896,6497903,1007,112011
6497903,6499118,1215,54016
6499118,6500124,1006,155968
6500124,6501403,1279,58193
6501403,6502648,1245,56175
6502648,6502944,296,13247
6502944,6503208,264,230928
6503208,6504358,1150,133220
6504358,6505518,1160,302000
6505518,6505871,353,13248
6505871,6507007,1136,156018
6507007,6508051,1044,245708
6508051,6508482,431,138043
6508482,6509623,1141,134121
6509623,6510868,1245,132717
6510868,6512113,1245,132300
6512113,6513407,1294,108638
6513407,6514044,637,220951
6514044,6515149,1105,101262
6515149,6516218,1069,125140
6516218,6517320,1102,39967
6517320,6517550,230,129388
6517550,6518865,1315,122789
6518865,6519970,1105,133834
6519970,6521167,1197,136846
6521167,6522451,1284,125943
6522451,6523562,1111,129440
6523562,6524709,1147,284428
6524709,6525880,1171,139681
6525880,6526642,762,164927
6526642,6527643,1001,125002
6527643,6528111,468,80665
6528111,6529351,1240,130516
6529351,6530684,1333,39515
6530684,6531816,1132,77173
6531816,6533053,1237,126955
6533053,6533881,828,132645
6533881,6534289,408,144496
6534289,6535522,1233,258263
6535522,6536429,907,138033
6536429,6537582,1153,108005
6537582,6538520,938,110238
6538520,6539790,1270,4861
6539790,6541029,1239,120277
6541029,6542042,1013,170212
6542042,6542916,874,277899
6542916,6544224,1308,39661
6544224,6544919,695,153733
6544919,6545796,877,92002
6545796,6546492,696,282934
6546492,6547466,974,176682
6547466,6548667,1201,134708
6548667,6549770,1103,10822
6549770,6550949,1179,19665
6550949,6551964,1015,56222
6551964,6553172,1208,136458
6553172,6554281,1109,123033
6554281,6555416,1135,156017
6555416,6556613,1197,89388
6556613,6557790,1177,144021
6557790,6558867,1077,109658
6558867,6559284,417,67200
6559284,6559464,180,1532
6559464,6560441,977,139753
6560441,6561677,1236,101283
6561677,6562965,1288,132850
6562965,6564242,1277,144503
6564242,6565189,947,159056
6565189,6565585,396,62347
6565585,6566128,543,19376
6566128,6567353,1225,169291
6567353,6568497,1144,12545
6568497,6569694,1197,90852
6569694,6570685,991,130494
6570685,6571957,1272,11254
6571957,6573182,1225,63841
6573182,6574414,1232,117382
6574414,6575753,1339,29108
6575753,6576706,953,99249
6576706,6577882,1176,75360
6577882,6578702,820,19209
6578702,6579792,1090,154671
6579792,6580488,696,76046
6580488,6581704,1216,163380
6581704,6582927,1223,176263
6582927,6584162,1235,1539
6584162,6585235,1073,139707
6585235,6585422,187,147173
6585422,6586668,1246,121541
6586668,6587848,1180,284445
6587848,6589093,1245,139290
6589093,6590260,1167,19373
6590260,6591335,1075,93470
6591335,6592565,1230,121103
6592565,6593876,1311,48361
6593876,6594821,945,160964
6594821,6595860,1039,108005
6595860,6596566,706,32886
6596566,6597853,1287,110054
6597853,6598942,1089,130101
6598942,6600147,1205,73958
6600147,6601245,1098,5764
6601245,6602509,1264,73729
6602509,6603587,1078,146111
6603587,6604920,1333,121106
6604920,6606191,1271,134707
6606191,6606428,237,146111
6606428,6607575,1147,101892
6607575,6608739,1164,139297
6608739,6609981,1242,129805
6609981,6610693,712,62347
6610693,6610879,186,76574
6610879,6612090,1211,283228
6612090,6613162,1072,142858
6613162,6614464,1302,290363
6614464,6615760,1296,134420
6615760,6617034,1274,178030
6617034,6618014,980,246948
6618014,6619273,1259,112011
6619273,6620283,1010,216570
6620283,6621541,1258,44912
6621541,6622369,828,121543
6622369,6623577,1208,160952
6623577,6624789,1212,287660
6624789,6625936,1147,110061
6625936,6627212,1276,147989
6627212,6628419,1207,12332
6628419,6629113,694,92820
6629113,6629901,788,86741
6629901,6630966,1065,109662
6630966,6631849,883,64717
6631849,6632721,872,26559
6632721,6633915,1194,101832
6633915,6634180,265,122944
6634180,6635312,1132,282926
6635312,6636440,1128,159386
6636440,6637754,1314,132891
6637754,6638775,1021,11528
6638775,6639767,992,123269
6639767,6640922,1155,92202
6640922,6641430,508,176660
6641430,6642756,1326,293959
6642756,6643876,1120,64738
6643876,6645070,1194,216570
6645070,6646145,1075,132073
6646145,6647384,1239,14653
6647384,6648660,1276,122789
6648660,6649154,494,19665
6649154,6650295,1141,187464
6650295,6651224,929,144496
6651224,6652331,1107,142896
6652331,6653440,1109,275128
6653440,6654646,1206,157858
6654646,6655829,1183,5704
6655829,6656826,997,124994
6656826,6658091,1265,34478
6658091,6659364,1273,187466
6659364,6660388,1024,134420
6660388,6661352,964,147110
6661352,6661826,474,39481
6661826,6663079,1253,143946
6663079,6664348,1269,39661
6664348,6665455,1107,48848
6665455,6665962,507,134451
6665962,6666987,1025,91192
6666987,6668110,1123,1119
6668110,6668725,615,296468
6668725,6668947,222,39660
6668947,6669772,825,39477
6669772,6670910,1138,83706
6670910,6672246,1336,104979
6672246,6673359,1113,131742
6673359,6674640,1281,232057
6674640,6675674,1034,144987
6675674,6676223,549,276735
6676223,6677307,1084,101289
6677307,6678537,1230,123443
6678537,6679752,1215,133630
6679752,6680934,1182,185466
6680934,6682201,1267,73296
6682201,6683233,1032,126959
6683233,6684514,1281,76046
6684514,6685733,1219,133273
6685733,6686964,1231,9919
6686964,6688191,1227,185436
6688191,6689423,1232,117095
6689423,6690449,1026,293959
6690449,6691585,1136,135824
6691585,6692853,1268,128240
6692853,6693356,503,136280
6693356,6694505,1149,12707
6694505,6695468,963,31609
6695468,6696725,1257,296078
6696725,6697927,1202,147159
6697927,6699144,1217,14497
6699144,6699617,473,132891
6699617,6700748,1131,66622
6700748,6701974,1226,48525
6701974,6702993,1019,279775
6702993,6703356,363,123190
6703356,6704527,1171,129582
6704527,6704789,262,125883
6704789,6705020,231,141208
6705020,6706249,1229,12731
6706249,6707462,1213,176660
6707462,6708636,1174,233366
6708636,6709895,1259,724
6709895,6710827,932,284424
6710827,6711970,1143,91192
6711970,6713296,1326,99156
6713296,6714049,753,134465
6714049,6715224,1175,121669
6715224,6716173,949,164327
6716173,6716620,447,101864
6716620,6717319,699,40556
6717319,6718508,1189,140718
6718508,6719489,981,107517
6719489,6720711,1222,86679
6720711,6721922,1211,2772
6721922,6723115,1193,163322
6723115,6724173,1058,258283
6724173,6724885,712,175962
6724885,6726156,1271,138488
6726156,6727304,1148,158744
6727304,6728533,1229,129325
6728533,6729554,1021,128309
6729554,6730706,1152,245691
6730706,6731667,961,395
6731667,6732850,1183,99124
6732850,6733969,1119,123998
6733969,6735245,1276,128138
6735245,6735630,385,112061
6735630,6736731,1101,130529
6736731,6737912,1181,11533
6737912,6739157,1245,142318
6739157,6740262,1105,290351
6740262,6741487,1225,122825
6741487,6741758,271,117866
6741758,6742359,601,28868
6742359,6743570,1211,140718
6743570,6744781,1211,293957
6744781,6745657,876,91098
6745657,6746804,1147,278220
6746804,6748031,1227,281132
6748031,6749235,1204,143946
6749235,6750414,1179,71531
6750414,6751693,1279,122614
6751693,6752876,1183,123267
6752876,6753197,321,14936
6753197,6754516,1319,126220
6754516,6755031,515,13270
6755031,6755936,905,160592
6755936,6757121,1185,31609
6757121,6758404,1283,126961
6758404,6759545,1141,85685
6759545,6760602,1057,126737
6760602,6761769,1167,216570
6761769,6762322,553,7239
6762322,6763088,766,123507
6763088,6764241,1153,72927
6764241,6765391,1150,121543
6765391,6766279,888,132537
6766279,6767274,995,142752
6767274,6768259,985,168500
6768259,6769531,1272,132484
6769531,6770819,1288,139730
6770819,6771665,846,19208
6771665,6772904,1239,110238
6772904,6774055,1151,291107
6774055,6775233,1178,224746
6775233,6776466,1233,140718
6776466,6777327,861,143483
6777327,6778414,1087,135894
6778414,6779507,1093,32136
6779507,6779812,305,302395
6779812,6780891,1079,124549
6780891,6782053,1162,6174
6782053,6783174,1121,137588
6783174,6783715,541,135020
6783715,6784767,1052,137739
6784767,6785998,1231,145088
6785998,6787127,1129,5757
6787127,6788425,1298,102232
6788425,6788722,297,163402
6788722,6789858,1136,138488
6789858,6790701,843,216564
6790701,6791918,1217,155972
6791918,6792573,655,93276
6792573,6793771,1198,58192
6793771,6794999,1228,128991
6794999,6795743,744,126220
6795743,6796922,1179,141571
6796922,6798079,1157,132717
6798079,6798819,740,14936
6798819,6799099,280,294697
6799099,6800454,1355,176660
6800454,6801680,1226,284445
6801680,6802126,446,126945
6802126,6803180,1054,56778
6803180,6804357,1177,232057
6804357,6805612,1255,282977
6805612,6806706,1094,57154
6806706,6807567,861,4731
6807567,6807880,313,143307
6807880,6809063,1183,300343
6809063,6809317,254,143271
6809317,6810653,1336,105383
6810653,6811887,1234,280380
6811887,6812935,1048,216564
6812935,6814194,1259,131228
6814194,6815484,1290,274378
6815484,6816212,728,252341
6816212,6816866,654,111754
6816866,6817728,862,101265
6817728,6818865,1137,10089
6818865,6820143,1278,41151
6820143,6821450,1307,133447
6821450,6822483,1033,91098
6822483,6823670,1187,137483
6823670,6823907,237,89898
6823907,6824944,1037,148993
6824944,6826188,1244,142318
6826188,6827428,1240,166683
6827428,6828669,1241,156973
6828669,6829483,814,63095
6829483,6829702,219,110127
6829702,6831019,1317,10642
6831019,6832063,1044,142824
6832063,6832744,681,129396
6832744,6833629,885,245708
6833629,6834860,1231,128240
6834860,6836066,1206,141148
6836066,6837157,1091,61777
6837157,6838176,1019,156018
6838176,6839284,1108,12971
6839284,6840391,1107,289242
6840391,6841572,1181,75355
6841572,6842616,1044,129974
6842616,6843891,1275,9010
6843891,6845113,1222,142858
6845113,6846223,1110,64075
6846223,6847526,1303,124221
6847526,6848445,919,1189
6848445,6848956,511,395
6848956,6850042,1086,1731
6850042,6851174,1132,130093
6851174,6852291,1117,64708
6852291,6853218,927,137141
6853218,6854443,1225,135894
6854443,6854969,526,138032
6854969,6856219,1250,4445
6856219,6857446,1227,8890
6857446,6858504,1058,141135
6858504,6859712,1208,19361
6859712,6860111,399,149939
6860111,6860472,361,157636
6860472,6861606,1134,246892
6861606,6862601,995,133395
6862601,6863622,1021,62558
6863622,6864575,953,57837
6864575,6865628,1053,92934
6865628,6866623,995,28247
6866623,6867759,1136,32658
6867759,6868982,1223,144496
6868982,6870010,1028,87766
6870010,6871279,1269,66622
6871279,6872436,1157,140067
6872436,6873593,1157,70843
6873593,6874784,1191,54487
6874784,6876093,1309,82904
6876093,6877300,1207,6525
6877300,6877528,228,10674
6877528,6878604,1076,101283
6878604,6879345,741,121069
6879345,6880635,1290,126859
6880635,6881926,1291,12332
6881926,6882210,284,58776
6882210,6883372,1162,121080
6883372,6883598,226,119253
6883598,6884806,1208,280380
6884806,6885031,225,132891
6885031,6886218,1187,126961
6886218,6887499,1281,73847
6887499,6888828,1329,139358
6888828,6889417,589,89390
6889417,6890484,1067,9342
6890484,6891771,1287,135221
6891771,6892808,1037,73296
6892808,6894028,1220,69550
6894028,6894983,955,244443
6894983,6896158,1175,136458
6896158,6897191,1033,64075
6897191,6898323,1132,47541
6898323,6899614,1291,304535
6899614,6900734,1120,134451
6900734,6901675,941,64956
6901675,6901979,304,124221
6901979,6902574,595,26982
6902574,6903865,1291,65554
6903865,6905120,1255,14013
6905120,6906317,1197,133395
6906317,6906670,353,8675
6906670,6907182,512,89390
6907182,6908456,1274,123266
6908456,6908721,265,129513
6908721,6909725,1004,47239
6909725,6910812,1087,132299
6910812,6912143,1331,216564
6912143,6913195,1052,102526
6913195,6914342,1147,135216
6914342,6915347,1005,123285
6915347,6916574,1227,123285
6916574,6917510,936,134717
6917510,6918715,1205,132499
6918715,6919936,1221,129513
6919936,6920883,947,130486
6920883,6922199,1316,63885
6922199,6922499,300,138074
6922499,6923621,1122,156155
6923621,6924851,1230,43296
6924851,6925572,721,301694
6925572,6926872,1300,128344
6926872,6927986,1114,160593
6927986,6929049,1063,88484
6929049,6930288,1239,126965
6930288,6930592,304,161100
6930592,6930960,368,284269
6930960,6932194,1234,276730
6932194,6933366,1172,131203
6933366,6933927,561,32451
6933927,6935128,1201,164927
6935128,6936361,1233,99122
6936361,6937580,1219,58776
6937580,6938800,1220,163380
6938800,6939091,291,28462
6939091,6940355,1264,157088
6940355,6941689,1334,44937
6941689,6942828,1139,104986
6942828,6944089,1261,64291
6944089,6945377,1288,76046
6945377,6946498,1121,8675
6946498,6947813,1315,134420
6947813,6948920,1107,73296
6948920,6950147,1227,73961
6950147,6951406,1259,163527
6951406,6952455,1049,10347
6952455,6952770,315,139009
6952770,6953918,1148,69422
6953918,6955019,1101,70837
6955019,6956157,1138,245707
6956157,6957279,1122,126737
6957279,6958626,1347,6506
6958626,6959821,1195,155152
6959821,6960841,1020,94876
6960841,6961958,1117,56175
6961958,6963141,1183,139325
6963141,6963378,237,279849
6963378,6964547,1169,89880
6964547,6965689,1142,139717
6965689,6966892,1203,54666
6966892,6967466,574,135762
6967466,6968138,672,147159
6968138,6969374,1236,58012
6969374,6970426,1052,126208
6970426,6971596,1170,284433
6971596,6972781,1185,155948
6972781,6973807,1026,58869
6973807,6974898,1091,130517
6974898,6975552,654,126286
6975552,6976767,1215,19376
6976767,6976934,167,176853
6976934,6977974,1040,30593
6977974,6979026,1052,166436
6979026,6980311,1285,39515
6980311,6980684,373,129393
6980684,6981019,335,165428
6981019,6982242,1223,129587
6982242,6983412,1170,44585
6983412,6984699,1287,139297
6984699,6985828,1129,61777
6985828,6987067,1239,91801
6987067,6988344,1277,273050
6988344,6989504,1160,274380
6989504,6990723,1219,132710
6990723,6991950,1227,135891
6991950,6993061,1111,279153
6993061,6994301,1240,139387
6994301,6995644,1343,291101
6995644,6996896,1252,171108
6996896,6998111,1215,121024
6998111,6998810,699,279849
6998810,6999050,240,46240
6999050,7000161,1111,176853
7000161,7001432,1271,220979
7001432,7002270,838,23311
7002270,7002690,420,10347
7002690,7003918,1228,163606
7003918,7004804,886,134804
7004804,7005836,1032,65534
7005836,7006916,1080,135657
7006916,7008145,1229,150843
7008145,7009346,1201,107517
7009346,7010680,1334,38660
7010680,7011391,711,121722
7011391,7012429,1038,109507
7012429,7013625,1196,134674
7013625,7014480,855,126796
7014480,7015593,1113,46588
7015593,7016077,484,282934
7016077,7017212,1135,279153
7017212,7017897,685,132705
7017897,7018782,885,87547
7018782,7020064,1282,60480
7020064,7021269,1205,118119
7021269,7021587,318,9010
7021587,7022260,673,39477
7022260,7023317,1057,160188
7023317,7024478,1161,99124
7024478,7025373,895,14672
7025373,7026654,1281,32135
7026654,7027784,1130,123866
7027784,7028854,1070,53342
7028854,7029237,383,70837
7029237,7030466,1229,254918
7030466,7031596,1130,285137
7031596,7031890,294,160188
7031890,7032884,994,105405
7032884,7033150,266,133225
7033150,7034370,1220,162375
7034370,7035428,1058,142858
7035428,7036520,1092,87508
7036520,7037212,692,132710
7037212,7037819,607,18524
7037819,7038976,1157,60489
7038976,7039853,877,122614
7039853,7041112,1259,157236
7041112,7042343,1231,182389
7042343,7043347,1004,165387
7043347,7044002,655,232057
7044002,7045289,1287,107486
7045289,7045951,662,90852
7045951,7047198,1247,121382
7047198,7048314,1116,106969
7048314,7049491,1177,171108
7049491,7050739,1248,102240
7050739,7051959,1220,123133
7051959,7053082,1123,92420
7053082,7053228,146,140651
7053228,7054365,1137,280380
7054365,7055272,907,46588
7055272,7056421,1149,47030
7056421,7057455,1034,12971
7057455,7058118,663,245687
7058118,7058709,591,121080
7058709,7059981,1272,96175
7059981,7061066,1085,70837
7061066,7062269,1203,59239
7062269,7062995,726,122025
7062995,7064270,1275,17615
7064270,7065476,1206,84357
7065476,7066699,1223,45204
7066699,7067564,865,141279
7067564,7068572,1008,290901
7068572,7069766,1194,170956
7069766,7070904,1138,153728
7070904,7072153,1249,12103
7072153,7073286,1133,95969
7073286,7074451,1165,124994
7074451,7075552,1101,32139
7075552,7076779,1227,130876
7076779,7078007,1228,67147
7078007,7079158,1151,246893
7079158,7079995,837,7793
7079995,7080360,365,279852
7080360,7080757,397,88007
7080757,7081052,295,397
7081052,7082240,1188,71402
7082240,7083359,1119,47030
7083359,7084495,1136,176660
7084495,7085741,1246,174953
7085741,7086010,269,6541
7086010,7087179,1169,143477
7087179,7087675,496,1188
7087675,7088568,893,139742
7088568,7089761,1193,44937
7089761,7090962,1201,71420
7090962,7091980,1018,3582
7091980,7093132,1152,156967
7093132,7093994,862,81859
7093994,7094742,748,142320
7094742,7095922,1180,144496
7095922,7096637,715,232057
7096637,7097596,959,123285
7097596,7098405,809,147963
7098405,7099512,1107,49755
7099512,7100471,959,139752
7100471,7101655,1184,10642
7101655,7102641,986,67851
7102641,7103849,1208,64708
7103849,7105116,1267,103481
7105116,7106350,1234,159056
7106350,7106947,597,254918
7106947,7108152,1205,133273
7108152,7109290,1138,8157
7109290,7110518,1228,92806
7110518,7111793,1275,73732
7111793,7112814,1021,295710
7112814,7113440,626,129979
7113440,7114725,1285,57836
7114725,7115894,1169,142752
7115894,7116990,1096,276735
7116990,7118064,1074,156159
7118064,7119338,1274,4691
7119338,7120503,1165,8157
7120503,7121269,766,36641
7121269,7122527,1258,64300
7122527,7123776,1249,160593
7123776,7124959,1183,270777
7124959,7126244,1285,136458
7126244,7127346,1102,129974
7127346,7128460,1114,129513
7128460,7129661,1201,6171
7129661,7130692,1031,32658
7130692,7131729,1037,156154
7131729,7132449,720,130225
7132449,7133725,1276,142745
7133725,7134915,1190,170956
7134915,7136130,1215,123216
7136130,7137294,1164,92934
7137294,7138507,1213,10798
7138507,7139682,1175,39913
7139682,7140890,1208,715
7140890,7141225,335,282357
7141225,7142339,1114,160984
7142339,7143502,1163,29120
7143502,7144779,1277,159056
7144779,7145702,923,61316
7145702,7146569,867,10642
7146569,7147586,1017,246892
7147586,7148565,979,83633
7148565,7148856,291,143893
7148856,7149998,1142,137618
7149998,7151221,1223,11049
7151221,7152349,1128,116797
7152349,7153503,1154,136861
7153503,7154689,1186,44937
7154689,7155898,1209,258970
7155898,7157089,1191,290901
7157089,7158105,1016,5703
7158105,7159094,989,86040
7159094,7159713,619,287657
7159713,7160856,1143,149245
7160856,7162043,1187,135580
7162043,7162564,521,84121
7162564,7163764,1200,156224
7163764,7164899,1135,137618
7164899,7166162,1263,284434
7166162,7167159,997,287139
7167159,7168235,1076,163402
7168235,7169318,1083,57154
7169318,7170503,1185,173230
7170503,7171571,1068,11049
7171571,7172814,1243,139710
7172814,7174058,1244,58433
7174058,7175056,998,40556
7175056,7175291,235,129587
7175291,7175551,260,185485
7175551,7176663,1112,160593
7176663,7177941,1278,134707
7177941,7178618,677,152831
7178618,7179838,1220,140718
7179838,7181166,1328,27120
7181166,7182240,1074,36386
7182240,7183422,1182,96151
7183422,7184595,1173,12926
7184595,7185740,1145,138289
7185740,7186816,1076,131106
7186816,7188062,1246,130103
7188062,7189083,1021,126860
7189083,7190402,1319,139612
7190402,7191526,1124,39508
7191526,7192733,1207,144496
7192733,7193348,615,18004
7193348,7194352,1004,132891
7194352,7194979,627,48032
7194979,7196172,1193,156720
7196172,7196869,697,131295
7196869,7197504,635,133834
7197504,7198721,1217,135894
7198721,7199955,1234,132101
7199955,7201182,1227,58433
7201182,7202188,1006,68192
7202188,7203444,1256,67857
7203444,7204468,1024,90847
7204468,7205701,1233,216570
7205701,7206042,341,246892
7206042,7207305,1263,76044
7207305,7208338,1033,131735
7208338,7209289,951,244431
7209289,7210145,856,132530
7210145,7211367,1222,137739
7211367,7212637,1270,137004
7212637,7212882,245,138888
7212882,7213891,1009,98645
7213891,7214908,1017,109663
7214908,7215740,832,104394
7215740,7216939,1199,106800
7216939,7217249,310,162375
7217249,7218506,1257,147963
7218506,7219771,1265,130131
7219771,7220332,561,68773
7220332,7221463,1131,262291
7221463,7222369,906,125001
7222369,7223513,1144,134160
7223513,7224420,907,30591
7224420,7225579,1159,352
7225579,7226866,1287,184448
7226866,7227977,1111,39971
7227977,7229138,1161,81843
7229138,7229850,712,104986
7229850,7230861,1011,121658
7230861,7232083,1222,128331
7232083,7233125,1042,163935
7233125,7234198,1073,133447
7234198,7235365,1167,156967
7235365,7236362,997,156019
7236362,7237629,1267,282386
7237629,7238725,1096,149939
7238725,7239650,925,295756
7239650,7240911,1261,135826
7240911,7242007,1096,121130
7242007,7243227,1220,114468
7243227,7244450,1223,95441
7244450,7245379,929,71401
7245379,7246518,1139,6171
7246518,7246896,378,109179
7246896,7247090,194,156230
7247090,7247945,855,127704
7247945,7249150,1205,84010
7249150,7249714,564,208
7249714,7250149,435,64717
7250149,7251383,1234,156154
7251383,7252037,654,110705
7252037,7253150,1113,220980
7253150,7254231,1081,126965
7254231,7255556,1325,138063
7255556,7256736,1180,10089
7256736,7258024,1288,158074
7258024,7258883,859,150915
7258883,7259775,892,45204
7259775,7260074,299,121331
7260074,7261061,987,67200
7261061,7262134,1073,84010
7262134,7263267,1133,15081
7263267,7264403,1136,270778
7264403,7265528,1125,273050
7265528,7266387,859,147989
7266387,7267633,1246,86039
7267633,7268212,579,145742
7268212,7269354,1142,280922
7269354,7270161,807,128309
7270161,7271351,1190,39515
7271351,7272226,875,700
7272226,7273346,1120,12707
7273346,7274454,1108,132499
7274454,7275811,1357,141148
7275811,7276736,925,137483
7276736,7277525,789,54006
7277525,7278551,1026,127215
7278551,7279835,1284,12926
7279835,7281112,1277,139324
7281112,7282135,1023,107487
7282135,7283212,1077,149739
7283212,7284237,1025,130900
7284237,7285460,1223,289453
7285460,7286620,1160,135221
7286620,7286951,331,15304
7286951,7287985,1034,144503
7287985,7289261,1276,99156
7289261,7290141,880,132592
7290141,7291049,908,281188
7291049,7292251,1202,124439
7292251,7293522,1271,136458
7293522,7293798,276,121661
7293798,7294895,1097,141174
7294895,7296018,1123,291381
7296018,7297012,994,92812
7297012,7298051,1039,41170
7298051,7298508,457,108620
7298508,7299630,1122,69607
7299630,7300611,981,284444
7300611,7301752,1141,187018
7301752,7302818,1066,12538
7302818,7303994,1176,60774
7303994,7305266,1272,147627
7305266,7306603,1337,169291
7306603,7307758,1155,94876
7307758,7308993,1235,135892
7308993,7310268,1275,18005
7310268,7311362,1094,154736
7311362,7312647,1285,141148
7312647,7313550,903,171107
7313550,7314800,1250,106367
7314800,7315438,638,107483
7315438,7316029,591,18527
7316029,7317181,1152,7574
7317181,7317370,189,178450
7317370,7318634,1264,24731
7318634,7319585,951,103481
7319585,7320747,1162,123197
7320747,7321432,685,105383
7321432,7322685,1253,126233
7322685,7323245,560,132782
7323245,7324568,1323,4145
7324568,7325769,1201,155949
7325769,7326985,1216,121543
7326985,7328253,1268,66185
7328253,7329252,999,123059
7329252,7330458,1206,101265
7330458,7331562,1104,131106
7331562,7332677,1115,77782
7332677,7333846,1169,132777
7333846,7335143,1297,216570
7335143,7336360,1217,143005
7336360,7337467,1107,107486
7337467,7338489,1022,10642
7338489,7339686,1197,39913
7339686,7340433,747,68358
7340433,7341690,1257,124368
7341690,7342947,1257,34479
7342947,7344006,1059,156973
7344006,7345264,1258,134312
7345264,7346562,1298,86741
7346562,7347871,1309,246904
7347871,7348621,750,149245
7348621,7349884,1263,164188
7349884,7351178,1294,177234
7351178,7352533,1355,19585
7352533,7353668,1135,121024
7353668,7354971,1303,89388
7354971,7356135,1164,88089
7356135,7357161,1026,141235
7357161,7358200,1039,14526
7358200,7359294,1094,283462
7359294,7360487,1193,149739
7360487,7361728,1241,122443
7361728,7362769,1041,23281
7362769,7363970,1201,7793
7363970,7364383,413,129983
7364383,7365560,1177,133424
7365560,7366040,480,39616
7366040,7367298,1258,8912
7367298,7368408,1110,109656
7368408,7369547,1139,48842
7369547,7370633,1086,57837
7370633,7371696,1063,160438
7371696,7372802,1106,271812
7372802,7374089,1287,9920
7374089,7374908,819,121024
7374908,7376017,1109,262305
7376017,7377149,1132,166433
7377149,7378391,1242,121907
7378391,7379604,1213,178748
7379604,7380701,1097,155968
7380701,7381842,1141,5758
7381842,7383050,1208,19585
7383050,7384321,1271,66176
7384321,7385489,1168,186232
7385489,7386181,692,175448
7386181,7386984,803,129064
7386984,7388208,1224,254948
7388208,7389387,1179,124526
7389387,7390518,1131,1150
7390518,7391669,1151,22178
7391669,7392357,688,135220
7392357,7393688,1331,10642
7393688,7394893,1205,103126
7394893,7396088,1195,183988
7396088,7397246,1158,262269
7397246,7398526,1280,123036
7398526,7399537,1011,61742
7399537,7400666,1129,130727
7400666,7401769,1103,52195
7401769,7402986,1217,109658
7402986,7404100,1114,296468
7404100,7405333,1233,31603
7405333,7406627,1294,95963
7406627,7407394,767,145703
7407394,7408531,1137,681
7408531,7409831,1300,12538
7409831,7411119,1288,107247
7411119,7412299,1180,127525
7412299,7413563,1264,133212
7413563,7414682,1119,271812
7414682,7415673,991,134149
7415673,7416610,937,92820
7416610,7417695,1085,95875
7417695,7418719,1024,115046
7418719,7419992,1273,67851
7419992,7420801,809,18533
7420801,7421933,1132,279775
7421933,7423016,1083,44577
7423016,7424129,1113,231837
7424129,7425483,1354,73961
7425483,7426685,1202,122825
7426685,7427938,1253,104637
7427938,7428680,742,135580
7428680,7429865,1185,123507
7429865,7431069,1204,124999
7431069,7431573,504,130549
7431573,7432822,1249,69411
7432822,7433815,993,295197
7433815,7434880,1065,58869
7434880,7436151,1271,56778
7436151,7437308,1157,681
7437308,7438233,925,134451
7438233,7439464,1231,700
7439464,7440687,1223,133225
7440687,7441910,1223,275147
7441910,7443098,1188,132776
7443098,7444343,1245,126829
7444343,7445494,1151,16802
7445494,7446112,618,109180
7446112,7447411,1299,136280
7447411,7448255,844,285135
7448255,7449432,1177,279233
7449432,7450675,1243,126851
7450675,7451262,587,120282
7451262,7452003,741,100043
7452003,7453146,1143,146346
7453146,7454395,1249,132718
7454395,7455336,941,70998
7455336,7456446,1110,143022
7456446,7457656,1210,66470
7457656,7458906,1250,66184
7458906,7459915,1009,143361
7459915,7460781,866,39967
7460781,7461917,1136,279775
7461917,7462852,935,138043
7462852,7463727,875,57831
7463727,7463937,210,156973
7463937,7465099,1162,132782
7465099,7465633,534,14936
7465633,7466825,1192,142824
7466825,7468046,1221,134160
7468046,7469222,1176,19366
7469222,7470397,1175,171134
7470397,7471621,1224,167023
7471621,7472842,1221,106800
7472842,7473800,958,8140
7473800,7475048,1248,112187
7475048,7476288,1240,12118
7476288,7477473,1185,14358
7477473,7478745,1272,170977
7478745,7479794,1049,352
7479794,7480676,882,99157
7480676,7481769,1093,76046
7481769,7482822,1053,160592
7482822,7484071,1249,60480
7484071,7485329,1258,21393
7485329,7486202,873,139336
7486202,7487163,961,95441
7487163,7488372,1209,138545
7488372,7489587,1215,157243
7489587,7490856,1269,31091
7490856,7492129,1273,130977
7492129,7493070,941,132069
7493070,7494186,1116,174992
7494186,7495389,1203,56175
7495389,7495657,268,136846
7495657,7496959,1302,723
7496959,7497866,907,295761
7497866,7499078,1212,77782
7499078,7499936,858,56574
7499936,7501162,1226,84010
7501162,7502305,1143,146123
7502305,7503408,1103,1733
7503408,7504680,1272,107627
7504680,7505873,1193,101578
7505873,7506861,988,274378
7506861,7507968,1107,109174
7507968,7509130,1162,39971
7509130,7510013,883,57836
7510013,7511153,1140,14960
7511153,7512350,1197,61777
7512350,7513557,1207,105171
7513557,7514756,1199,131887
7514756,7515870,1114,9210
7515870,7517018,1148,148550
7517018,7518085,1067,73024
7518085,7519347,1262,91072
7519347,7520333,986,150915
7520333,7521384,1051,130101
7521384,7522321,937,66464
7522321,7523601,1280,138043
7523601,7524684,1083,145742
7524684,7525744,1060,57667
7525744,7527063,1319,67858
7527063,7527306,243,144135
7527306,7528506,1200,140718
7528506,7529622,1116,157243
7529622,7530678,1056,126232
7530678,7531660,982,157236
7531660,7532830,1170,64974
7532830,7534067,1237,274374
7534067,7535147,1080,366
7535147,7536469,1322,93470
7536469,7537260,791,133227
7537260,7537749,489,4158
7537749,7538106,357,156967
7538106,7539276,1170,132592
7539276,7540542,1266,139742
7540542,7541703,1161,124547
7541703,7543000,1297,220980
7543000,7544072,1072,35921
7544072,7545385,1313,6171
7545385,7546438,1053,41170
7546438,7547553,1115,100043
7547553,7548822,1269,114469
7548822,7550032,1210,233342
7550032,7551155,1123,138074
7551155,7552425,1270,240992
7552425,7553600,1175,12538
7553600,7554941,1341,126860
7554941,7555366,425,141242
7555366,7556581,1215,10160
7556581,7557882,1301,121024
7557882,7559123,1241,12103
7559123,7560353,1230,131735
7560353,7561682,1329,131106
7561682,7562448,766,63713
7562448,7563280,832,155646
7563280,7564450,1170,159386
7564450,7565169,719,32137
7565169,7565632,463,285173
7565632,7565858,226,70843
7565858,7566235,377,184447
7566235,7567509,1274,127694
7567509,7568559,1050,132650
7568559,7569308,749,129396
7569308,7569710,402,109662
7569710,7570625,915,110243
7570625,7571791,1166,57836
7571791,7573010,1219,10674
7573010,7573936,926,9210
7573936,7574997,1061,176660
7574997,7576160,1163,139797
7576160,7577041,881,127538
7577041,7578239,1198,84121
7578239,7579527,1288,101265
7579527,7580636,1109,120330
7580636,7581645,1009,71320
7581645,7582713,1068,144019
7582713,7583875,1162,216563
7583875,7584851,976,19376
7584851,7586195,1344,6525
7586195,7586315,120,143521
7586315,7586884,569,271812
7586884,7587779,895,126928
7587779,7588943,1164,104717
7588943,7589974,1031,290349
7589974,7590842,868,3966
7590842,7591965,1123,130093
7591965,7592788,823,108638
7592788,7593697,909,39840
7593697,7594266,569,105171
7594266,7594888,622,181961
7594888,7596169,1281,132592
7596169,7597025,856,124368
7597025,7598165,1140,234100
7598165,7599292,1127,7943
7599292,7600101,809,116797
7600101,7600992,891,245691
7600992,7601175,183,127525
7601175,7602098,923,138289
7602098,7603071,973,67857
7603071,7604424,1353,71402
7604424,7605466,1042,144999
7605466,7606571,1105,129513
7606571,7607802,1231,105171
7607802,7608837,1035,142733
7608837,7610006,1169,10160
7610006,7611126,1120,284444
7611126,7612351,1225,286306
7612351,7613296,945,61316
7613296,7614498,1202,32886
7614498,7615648,1150,70998
7615648,7616742,1094,134660
7616742,7618007,1265,14274
7618007,7619116,1109,32658
7619116,7620435,1319,47239
7620435,7621623,1188,115686
7621623,7622480,857,298549
7622480,7623741,1261,121415
7623741,7624780,1039,294551
7624780,7625717,937,68353
7625717,7627005,1288,139612
7627005,7628157,1152,26685
7628157,7629440,1283,131722
7629440,7630662,1222,132782
7630662,7631135,473,147173
7631135,7632304,1169,135891
7632304,7633522,1218,92805
7633522,7634743,1221,130625
7634743,7635501,758,25951
7635501,7636822,1321,131882
7636822,7638022,1200,16632
7638022,7639124,1102,88086
7639124,7639603,479,130093
7639603,7640675,1072,123191
7640675,7641737,1062,258959
7641737,7642806,1069,156224
7642806,7643984,1178,46267
7643984,7645286,1302,83706
7645286,7646238,952,68359
7646238,7646975,737,216567
7646975,7648130,1155,161166
7648130,7649374,1244,4654
7649374,7650634,1260,150915
7650634,7651799,1165,164100
7651799,7652471,672,16802
7652471,7653644,1173,138289
7653644,7654767,1123,149939
7654767,7656001,1234,77782
7656001,7656852,851,176660
7656852,7657958,1106,126965
7657958,7659140,1182,141135
7659140,7660339,1199,862
7660339,7661532,1193,139358
7661532,7662595,1063,121674
7662595,7663536,941,32136
7663536,7664585,1049,76574
7664585,7665790,1205,133630
7665790,7667049,1259,142363
7667049,7668290,1241,187466
7668290,7669434,1144,2536
7669434,7670603,1169,156017
7670603,7671380,777,86683
7671380,7672359,979,69550
7672359,7672833,474,85640
7672833,7673516,683,75360
7673516,7674546,1030,140639
7674546,7675768,1222,166433
7675768,7676999,1231,101832
7676999,7678187,1188,130131
7678187,7679464,1277,58845
7679464,7680647,1183,174132
7680647,7681685,1038,125123
7681685,7682885,1200,258266
7682885,7683070,185,5097
7683070,7684145,1075,24732
7684145,7685336,1191,115687
7685336,7686458,1122,170453
7686458,7686985,527,139710
7686985,7688126,1141,134149
7688126,7689251,1125,18005
7689251,7690330,1079,139291
7690330,7691375,1045,138617
7691375,7692649,1274,164461
7692649,7693648,999,288043
7693648,7694728,1080,75939
7694728,7696007,1279,73958
7696007,7696891,884,131294
7696891,7697985,1094,174132
7697985,7699216,1231,296465
7699216,7700310,1094,5416
7700310,7701565,1255,105394
7701565,7702283,718,304534
7702283,7703250,967,158074
7703250,7704403,1153,152824
7704403,7705530,1127,87280
7705530,7706611,1081,121899
7706611,7707603,992,91801
7707603,7708778,1175,362
7708778,7709817,1039,163507
7709817,7710922,1105,92812
7710922,7712119,1197,67863
7712119,7713210,1091,287359
7713210,7713720,510,69412
7713720,7714934,1214,144485
7714934,7716085,1151,138113
7716085,7717280,1195,75362
7717280,7718517,1237,75362
7718517,7719663,1146,139387
7719663,7720107,444,86741
7720107,7721214,1107,138289
7721214,7721871,657,67863
7721871,7722714,843,109180
7722714,7723621,907,8675
7723621,7724671,1050,68773
7724671,7725908,1237,15082
7725908,7727245,1337,31629
7727245,7728445,1200,284269
7728445,7729606,1161,126957
7729606,7729807,201,164100
7729807,7730864,1057,130876
7730864,7731807,943,21305
7731807,7732863,1056,101578
7732863,7733164,301,98876
7733164,7734251,1087,144135
7734251,7735276,1025,63885
7735276,7736560,1284,101265
7736560,7737801,1241,26982
7737801,7739010,1209,168626
7739010,7739944,934,30593
7739944,7740821,877,290365
7740821,7742002,1181,112593
7742002,7743163,1161,121896
7743163,7743414,251,184447
7743414,7744674,1260,87547
7744674,7745721,1047,124002
7745721,7746285,564,122467
7746285,7746965,680,89882
7746965,7747328,363,139797
7747328,7748674,1346,10088
7748674,7749735,1061,91801
7749735,7750990,1255,114468
7750990,7752170,1180,293663
7752170,7753275,1105,153728
7753275,7754381,1106,123283
7754381,7755547,1166,59268
7755547,7756725,1178,40556
7756725,7757866,1141,75807
7757866,7758401,535,40556
7758401,7759618,1217,110243
7759618,7760665,1047,36146
7760665,7761811,1146,296468
7761811,7762955,1144,118112
7762955,7763275,320,65534
7763275,7764407,1132,246904
7764407,7765685,1278,30591
7765685,7766907,1222,113273
7766907,7767087,180,90847
7767087,7768290,1203,92915
7768290,7769453,1163,48830
7769453,7769740,287,187466
7769740,7770861,1121,134316
7770861,7772064,1203,84357
7772064,7772638,574,3966
7772638,7773606,968,32856
7773606,7774640,1034,86777
7774640,7774847,207,166421
7774847,7776056,1209,12723
7776056,7777052,996,45204
7777052,7777853,801,157236
7777853,7778483,630,9342
7778483,7779624,1141,163527
7779624,7780852,1228,16002
7780852,7782118,1266,121024
7782118,7783313,1195,2327
7783313,7784113,800,36641
7784113,7785346,1233,25951
7785346,7786579,1233,143271
7786579,7787916,1337,126961
7787916,7789196,1280,6525
7789196,7790203,1007,10673
7790203,7790587,384,89898
7790587,7791832,1245,73957
7791832,7792943,1111,56840
7792943,7794062,1119,156017
7794062,7794836,774,163519
7794836,7796068,1232,75362
7796068,7797095,1027,150855
7797095,7798364,1269,72876
7798364,7799348,984,48579
7799348,7799558,210,134465
7799558,7800439,881,123500
7800439,7800636,197,84349
7800636,7801834,1198,54487
7801834,7802965,1131,130489
7802965,7803463,498,134674
7803463,7804531,1068,142824
7804531,7805619,1088,141174
7805619,7806901,1282,7944
7806901,7807786,885,132848
7807786,7808983,1197,281187
7808983,7810263,1280,91072
7810263,7811475,1212,54016
7811475,7812654,1179,61421
7812654,7813876,1222,131106
7813876,7815075,1199,67860
7815075,7815983,908,141135
7815983,7816732,749,26950
7816732,7817883,1151,6541
7817883,7818438,555,13364
7818438,7819706,1268,105171
7819706,7820006,300,1120
7820006,7821211,1205,124990
7821211,7822347,1136,14960
7822347,7823351,1004,85684
7823351,7824560,1209,71550
7824560,7825919,1359,39840
7825919,7826724,805,25951
7826724,7827877,1153,216563
7827877,7829041,1164,133273
7829041,7830072,1031,86765
7830072,7831117,1045,129994
7831117,7832128,1011,123266
7832128,7833223,1095,231862
7833223,7834162,939,122451
7834162,7835421,1259,84122
7835421,7836612,1191,139612
7836612,7837802,1190,143946
7837802,7839062,1260,111574
7839062,7840152,1090,17942
7840152,7841359,1207,72212
7841359,7842578,1219,280250
7842578,7843777,1199,93277
7843777,7845047,1270,220980
7845047,7845960,913,39761
7845960,7847047,1087,11547
7847047,7848162,1115,78885
7848162,7849407,1245,127215
7849407,7850540,1133,81843
7850540,7851601,1061,129583
7851601,7852702,1101,72876
7852702,7853911,1209,136054
7853911,7855007,1096,132530
7855007,7856159,1152,126851
7856159,7857446,1287,11528
7857446,7858605,1159,270777
7858605,7859414,809,41933
7859414,7860617,1203,10328
7860617,7861940,1323,169293
7861940,7863177,1237,125140
7863177,7864420,1243,258970
7864420,7865617,1197,24731
7865617,7866532,915,65554
7866532,7867691,1159,73296
7867691,7869013,1322,29091
7869013,7870209,1196,50777
7870209,7871196,987,32904
7871196,7872321,1125,224746
7872321,7872499,178,159371
7872499,7873459,960,254918
7873459,7874601,1142,91906
7874601,7875275,674,133471
7875275,7876519,1244,352
7876519,7877610,1091,287358
7877610,7878803,1193,40556
7878803,7879790,987,123500
7879790,7880465,675,98876
7880465,7880911,446,143361
7880911,7882179,1268,142320
7882179,7883304,1125,36641
7883304,7884549,1245,125941
7884549,7885796,1247,46267
7885796,7886486,690,157644
7886486,7887704,1218,288044
7887704,7888833,1129,104890
7888833,7889978,1145,72200
7889978,7890735,757,5710
7890735,7891102,367,60801
7891102,7892256,1154,143262
7892256,7892768,512,300208
7892768,7893985,1217,168062
7893985,7894977,992,12085
7894977,7896248,1271,167609
7896248,7897208,960,231834
7897208,7897645,437,185074
7897645,7898646,1001,170453
7898646,7898973,327,101854
7898973,7900061,1088,142744
7900061,7901141,1080,130975
7901141,7902362,1221,11547
7902362,7902692,330,127703
7902692,7903656,964,6541
7903656,7904525,869,126739
7904525,7905814,1289,139742
7905814,7906177,363,61780
7906177,7906703,526,132272
7906703,7907866,1163,178449
7907866,7909049,1183,73024
7909049,7910207,1158,102381
7910207,7910742,535,220951
7910742,7911942,1200,157858
7911942,7913018,1076,245691
7913018,7914192,1174,122544
7914192,7915345,1153,130625
7915345,7916340,995,398
7916340,7917365,1025,129808
7917365,7918631,1266,279363
7918631,7919609,978,8141
7919609,7920874,1265,284433
7920874,7922071,1197,134312
7922071,7923093,1022,304534
7923093,7924345,1252,281472
7924345,7925537,1192,121064
7925537,7926678,1141,58090
7926678,7927800,1122,164188
7927800,7928859,1059,129011
7928859,7930094,1235,143005
7930094,7930683,589,67147
7930683,7931069,386,88761
7931069,7932347,1278,105398
7932347,7932873,526,158074
7932873,7934118,1245,26520
7934118,7935189,1071,54487
7935189,7936060,871,110056
7936060,7936672,612,131735
7936672,7937847,1175,110243
7937847,7938380,533,161102
7938380,7939386,1006,126739
7939386,7940159,773,162239
7940159,7941462,1303,138074
7941462,7941778,316,163381
7941778,7941957,179,133396
7941957,7942330,373,137618
7942330,7942771,441,10172
7942771,7943985,1214,137483
7943985,7944369,384,116805
7944369,7945634,1265,5416
7945634,7946790,1156,1562
7946790,7947911,1121,282357
7947911,7949143,1232,63111
7949143,7949643,500,232057
7949643,7950082,439,67584
7950082,7950571,489,121658
7950571,7951901,1330,171137
7951901,7952908,1007,184447
7952908,7954088,1180,300208
7954088,7955433,1345,121543
7955433,7956395,962,135762
7956395,7957643,1248,136483
7957643,7958736,1093,105398
7958736,7959135,399,128677
7959135,7960385,1250,187023
7960385,7960682,297,130093
7960682,7961761,1079,106611
7961761,7962889,1128,19366
7962889,7964088,1199,208
7964088,7965199,1111,121148
7965199,7966482,1283,124990
7966482,7967651,1169,129974
7967651,7968618,967,131276
7968618,7969781,1163,284444
7969781,7970991,1210,286306
7970991,7972270,1279,5341
7972270,7973410,1140,38026
7973410,7974723,1313,6398
7974723,7975628,905,276749
7975628,7976883,1255,61317
7976883,7977178,295,282926
7977178,7978463,1285,175448
7978463,7979390,927,138047
7979390,7980373,983,84447
7980373,7981499,1126,163519
7981499,7982770,1271,185488
7982770,7983670,900,122655
7983670,7983846,176,284424
7983846,7984968,1122,258970
7984968,7986073,1105,132299
7986073,7987354,1281,72311
7987354,7988633,1279,61741
7988633,7989708,1075,282412
7989708,7990067,359,125140
7990067,7990458,391,137618
7990458,7991616,1158,146197
7991616,7992832,1216,102240
7992832,7994018,1186,19361
7994018,7995174,1156,122614
7995174,7996212,1038,136610
7996212,7997326,1114,167023
7997326,7998415,1089,70837
7998415,7999526,1111,105167
7999526,8000195,669,149880
8000195,8001332,1137,21493
8001332,8002471,1139,3587
8002471,8003470,999,177641
8003470,8004634,1164,73958
8004634,8005747,1113,86708
8005747,8006959,1212,165428
8006959,8008223,1264,6175
8008223,8009120,897,96153
8009120,8010375,1255,293663
8010375,8011613,1238,145145
8011613,8012840,1227,99156
8012840,8013114,274,149739
8013114,8013820,706,135249
8013820,8015137,1317,181420
8015137,8016356,1219,352
8016356,8017637,1281,55202
8017637,8018170,533,58845
8018170,8018605,435,75365
8018605,8019508,903,24514
8019508,8020562,1054,41172
8020562,8020818,256,54667
8020818,8021585,767,28465
8021585,8021967,382,149738
8021967,8023193,1226,7943
8023193,8023636,443,115687
8023636,8024873,1237,58090
8024873,8025370,497,123285
8025370,8026346,976,276735
8026346,8027521,1175,73961
8027521,8028172,651,39660
8028172,8029399,1227,9914
8029399,8030269,870,83708
8030269,8031382,1113,2503
8031382,8032660,1278,233382
8032660,8033058,398,130627
8033058,8033527,469,129974
8033527,8034593,1066,24731
8034593,8035333,740,64588
8035333,8036516,1183,135020
8036516,8037806,1290,123133
8037806,8038967,1161,14936
8038967,8039811,844,73296
8039811,8041147,1336,39478
8041147,8042404,1257,155521
8042404,8043547,1143,101799
8043547,8044602,1055,97610
8044602,8045555,953,278217
8045555,8046753,1198,132848
8046753,8047871,1118,141174
8047871,8049112,1241,6498
8049112,8050202,1090,142727
8050202,8050723,521,160187
8050723,8051931,1208,723
8051931,8052964,1033,6171
8052964,8054186,1222,144503
8054186,8054451,265,92002
8054451,8055735,1284,135826
8055735,8057072,1337,282926
8057072,8058236,1164,292253
8058236,8059514,1278,58025
8059514,8060714,1200,135832
8060714,8061925,1211,293959
8061925,8063241,1316,70756
8063241,8064297,1056,126947
8064297,8065575,1278,44585
8065575,8066833,1258,162129
8066833,8067201,368,285173
8067201,8067649,448,147963
8067649,8068815,1166,304535
8068815,8069912,1097,7793
8069912,8070540,628,129396
8070540,8071395,855,32904
8071395,8072553,1158,121085
8072553,8073744,1191,9203
8073744,8074925,1181,279153
8074925,8076190,1265,112187
8076190,8076449,259,126739
8076449,8077648,1199,171134
8077648,8078730,1082,36146
8078730,8079951,1221,9210
8079951,8081070,1119,292604
8081070,8082433,1363,48579
8082433,8082764,331,105179
8082764,8083906,1142,12544
8083906,8085279,1373,15304
8085279,8086545,1266,155972
8086545,8087842,1297,105394
8087842,8088057,215,120583
8088057,8089009,952,157243
8089009,8089975,966,270778
8089975,8091208,1233,130127
8091208,8092441,1233,166420
8092441,8093752,1311,133220
8093752,8094647,895,164327
8094647,8095881,1234,123285
8095881,8097084,1203,175962
8097084,8098365,1281,133442
8098365,8099425,1060,4861
8099425,8100672,1247,287659
8100672,8101876,1204,133263
8101876,8103028,1152,1189
8103028,8104045,1017,39476
8104045,8105176,1131,121024
8105176,8106260,1084,61316
8106260,8106871,611,39910
8106871,8108024,1153,144503
8108024,8109205,1181,4861
8109205,8109487,282,92002
8109487,8110694,1207,128136
8110694,8111835,1141,113273
8111835,8113005,1170,152824
8113005,8114109,1104,25951
8114109,8115078,969,95959
8115078,8116385,1307,82020
8116385,8117490,1105,187005
8117490,8118346,856,100045
8118346,8119590,1244,144965
8119590,8120660,1070,139307
8120660,8121859,1199,135897
8121859,8122540,681,54006
8122540,8123412,872,276730
8123412,8124341,929,86045
8124341,8125424,1083,101578
8125424,8126358,934,162238
8126358,8127383,1025,130871
8127383,8128504,1121,89388
8128504,8129569,1065,54006
8129569,8130727,1158,61422
8130727,8131812,1085,119253
8131812,8132953,1141,142744
8132953,8134220,1267,176682
8134220,8134403,183,32451
8134403,8135678,1275,86679
8135678,8135879,201,11077
8135879,8136937,1058,28380
8136937,8137843,906,121392
8137843,8138344,501,5704
8138344,8139628,1284,100043
8139628,8140821,1193,48525
8140821,8141846,1025,134149
8141846,8143054,1208,126220
8143054,8143988,934,126955
8143988,8144716,728,62516
8144716,8145659,943,102240
8145659,8146867,1208,48579
8146867,8147674,807,12723
8147674,8148815,1141,126539
8148815,8150026,1211,220951
8150026,8150938,912,90850
8150938,8152105,1167,129752
8152105,8152283,178,32136
8152283,8153463,1180,76055
8153463,8154479,1016,157857
8154479,8155612,1133,301693
8155612,8156809,1197,69422
8156809,8157994,1185,715
8157994,8158515,521,10702
8158515,8159737,1222,130975
8159737,8160696,959,1129
8160696,8161861,1165,144987
8161861,8162396,535,6556
8162396,8163671,1275,75355
8163671,8164679,1008,279153
8164679,8165058,379,13250
8165058,8166300,1242,100145
8166300,8167477,1177,172165
8167477,8168666,1189,296159
8168666,8169778,1112,28868
8169778,8171100,1322,130989
8171100,8172233,1133,71320
8172233,8173259,1026,61743
8173259,8174397,1138,143895
8174397,8175336,939,293957
8175336,8175782,446,121671
8175782,8176886,1104,124520
8176886,8177054,168,120282
8177054,8178252,1198,216563
8178252,8178552,300,130125
8178552,8179652,1100,53342
8179652,8180801,1149,86026
8180801,8182012,1211,56837
8182012,8183271,1259,12971
8183271,8183554,283,149939
8183554,8184306,752,110520
8184306,8185505,1199,120318
8185505,8186256,751,52195
8186256,8187121,865,135826
8187121,8188356,1235,160984
8188356,8189448,1092,65803
8189448,8190543,1095,246948
8190543,8191801,1258,156738
8191801,8193142,1341,11079
8193142,8194466,1324,58868
8194466,8195693,1227,1532
8195693,8195897,204,160593
8195897,8197006,1109,163612
8197006,8198110,1104,290923
8198110,8199445,1335,129994
8199445,8200510,1065,156230
8200510,8200985,475,14526
8200985,8202199,1214,123163
8202199,8203028,829,129805
8203028,8204190,1162,58869
8204190,8205114,924,274549
8205114,8206415,1301,131004
8206415,8207062,647,126959
8207062,8208190,1128,282383
8208190,8209307,1117,134425
8209307,8210492,1185,1187
8210492,8211657,1165,144496
8211657,8212834,1177,64291
8212834,8213005,171,46889
8213005,8214275,1270,124439
8214275,8215153,878,17942
8215153,8216395,1242,5416
8216395,8217512,1117,282412
8217512,8218641,1129,101579
8218641,8219902,1261,145742
8219902,8221188,1286,54487
8221188,8222503,1315,54006
8222503,8223505,1002,130876
8223505,8224440,935,12707
8224440,8225621,1181,296078
8225621,8226764,1143,121760
8226764,8228046,1282,101578
8228046,8229036,990,167609
8229036,8230079,1043,133447
8230079,8231310,1231,29110
8231310,8231854,544,28465
8231854,8233127,1273,77173
8233127,8234256,1129,123033
8234256,8235489,1233,138033
8235489,8235909,420,134312
8235909,8237110,1201,105405
8237110,8237914,804,144019
8237914,8239172,1258,105405
8239172,8240427,1255,182394
8240427,8241349,922,156474
8241349,8242244,895,128636
8242244,8243496,1252,131256
8243496,8244742,1246,39910
8244742,8246000,1258,397
8246000,8246795,795,134160
8246795,8247222,427,141235
8247222,8247563,341,12926
8247563,8248418,855,91098
8248418,8249734,1316,132592
8249734,8250337,603,128990
8250337,8250822,485,28465
8250822,8252064,1242,72311
8252064,8253321,1257,144485
8253321,8253769,448,112187
8253769,8254835,1066,126233
8254835,8256054,1219,122827
8256054,8256759,705,123191
8256759,8257924,1165,1043
8257924,8258685,761,131722
8258685,8259894,1209,140222
8259894,8261118,1224,135654
8261118,8261595,477,157066
8261595,8262658,1063,129440
8262658,8263572,914,397
8263572,8264651,1079,102240
8264651,8265317,666,274375
8265317,8266395,1078,304534
8266395,8267579,1184,132592
8267579,8268339,760,86710
8268339,8269181,842,143483
8269181,8270322,1141,295197
8270322,8271036,714,110061
8271036,8272271,1235,13056
8272271,8273422,1151,75365
8273422,8274500,1078,132499
8274500,8275281,781,45217
8275281,8276560,1279,68358
8276560,8277740,1180,8689
8277740,8278702,962,185457
8278702,8279370,668,26894
8279370,8280672,1302,70756
8280672,8281552,880,163597
8281552,8282451,899,126860
8282451,8283561,1110,122545
8283561,8284773,1212,21498
8284773,8285688,915,96151
8285688,8286596,908,67851
8286596,8287865,1269,168199
8287865,8289044,1179,115047
8289044,8290341,1297,75355
8290341,8290869,528,167023
8290869,8291274,405,163507
8291274,8292323,1049,154838
8292323,8292618,295,57180
8292618,8293888,1270,121899
8293888,8295053,1165,80665
8295053,8296231,1178,137739
8296231,8297540,1309,136483
8297540,8298819,1279,21393
8298819,8300053,1234,59268
8300053,8301367,1314,127537
8301367,8301639,272,118112
8301639,8302839,1200,139325
8302839,8303664,825,143895
8303664,8304749,1085,290363
8304749,8305880,1131,82558
8305880,8307099,1219,18527
8307099,8307956,857,109180
8307956,8309105,1149,128309
8309105,8310282,1177,100044
8310282,8311348,1066,122828
8311348,8311684,336,116797
8311684,8312388,704,138290
8312388,8313601,1213,130878
8313601,8314680,1079,140725
8314680,8315496,816,39970
8315496,8316736,1240,163726
8316736,8317828,1092,122451
8317828,8318818,990,4662
8318818,8319807,989,64738
8319807,8320238,431,295446
8320238,8321307,1069,128345
8321307,8322332,1025,129066
8322332,8323562,1230,122806
8323562,8324709,1147,5083
8324709,8325248,539,140651
8325248,8326534,1286,125123
8326534,8327634,1100,139290
8327634,8328855,1221,62347
8328855,8330080,1225,138115
8330080,8331067,987,142824
8331067,8332242,1175,132891
8332242,8333501,1259,129587
8333501,8334726,1225,160949
8334726,8336008,1282,6506
8336008,8337242,1234,92915
8337242,8338171,929,171138
8338171,8339294,1123,15082
8339294,8340497,1203,122944
8340497,8341644,1147,46243
8341644,8342741,1097,92934
8342741,8343933,1192,171137
8343933,8345103,1170,64292
8345103,8346225,1122,94522
8346225,8347154,929,134451
8347154,8348141,987,36641
8348141,8348433,292,141174
8348433,8349718,1285,133220
8349718,8350969,1251,29110
8350969,8352202,1233,68369
8352202,8353113,911,139355
8353113,8354285,1172,62558
8354285,8354699,414,141240
8354699,8355902,1203,8912
8355902,8357088,1186,134463
8357088,8357943,855,37999
8357943,8359094,1151,171108
8359094,8359506,412,232690
8359506,8359980,474,14674
8359980,8360741,761,48830
8360741,8361912,1171,139752
8361912,8363051,1139,13056
8363051,8364128,1077,131722
8364128,8365416,1288,128309
8365416,8366685,1269,9203
8366685,8367106,421,138074
8367106,8368264,1158,245687
8368264,8369312,1048,87791
8369312,8370553,1241,291718
8370553,8371689,1136,3961
8371689,8372982,1293,76973
8372982,8374226,1244,61421
8374226,8375490,1264,17942
8375490,8376730,1240,123059
8376730,8377839,1109,143264
8377839,8379054,1215,136280
8379054,8380198,1144,16003
8380198,8381365,1167,122467
8381365,8382590,1225,126955
8382590,8383751,1161,187023
8383751,8384934,1183,121024
8384934,8385846,912,128990
8385846,8387149,1303,73728
8387149,8387730,581,130229
8387730,8387979,249,291374
8387979,8388888,909,14960
8388888,8389888,1000,92930
8389888,8391139,1251,134420
8391139,8392429,1290,108005
8392429,8393739,1310,120330
8393739,8394354,615,126932
8394354,8395311,957,132499
8395311,8396563,1252,129443
8396563,8397796,1233,18524
8397796,8398461,665,10674
8398461,8399678,1217,107517
8399678,8400697,1019,132864
8400697,8401880,1183,27120
8401880,8402795,915,136280
8402795,8403902,1107,123197
8403902,8405097,1195,121543
8405097,8406262,1165,103120
8406262,8407537,1275,83706
8407537,8408588,1051,109663
8408588,8409043,455,155151
8409043,8410202,1159,3966
8410202,8411477,1275,25951
8411477,8412833,1356,130871
8412833,8414190,1357,158081
8414190,8415167,977,94108
8415167,8416275,1108,96157
8416275,8416659,384,5084
8416659,8417903,1244,130977
8417903,8419102,1199,131742
8419102,8420225,1123,106969
8420225,8421364,1139,11079
8421364,8422566,1202,6397
8422566,8422925,359,107486
8422925,8424037,1112,149738
8424037,8425268,1231,64588
8425268,8426111,843,258250
8426111,8427294,1183,66464
8427294,8428325,1031,107483
8428325,8429075,750,293957
8429075,8430171,1096,10673
8430171,8431483,1312,293663
8431483,8432266,783,216567
8432266,8433534,1268,104398
8433534,8434529,995,302000
8434529,8435710,1181,71420
8435710,8436952,1242,149033
8436952,8438092,1140,67592
8438092,8439367,1275,1133
8439367,8440378,1011,67233
8440378,8441563,1185,29120
8441563,8442408,845,147110
8442408,8443449,1041,15446
8443449,8444708,1259,143307
8444708,8445819,1111,149236
8445819,8446813,994,125941
8446813,8448073,1260,160953
8448073,8449171,1098,94522
8449171,8450386,1215,149245
8450386,8451486,1100,115686
8451486,8452186,700,50776
8452186,8453361,1175,92200
8453361,8454238,877,150915
8454238,8455495,1257,175448
8455495,8456763,1268,123715
8456763,8457942,1179,150674
8457942,8459161,1219,173591
8459161,8459762,601,130093
8459762,8460859,1097,58763
8460859,8461366,507,163402
8461366,8461563,197,5909
8461563,8462661,1098,92935
8462661,8463974,1313,140222
8463974,8465141,1167,31097
8465141,8466381,1240,26496
8466381,8467562,1181,130974
8467562,8468791,1229,132891
8468791,8470006,1215,19376
8470006,8470315,309,129317
8470315,8471548,1233,6176
8471548,8472773,1225,165387
8472773,8473808,1035,138033
8473808,8475023,1215,300343
8475023,8476202,1179,1129
8476202,8477049,847,164187
8477049,8477564,515,129514
8477564,8478413,849,134825
8478413,8479492,1079,141242
8479492,8479939,447,64956
8479939,8481126,1187,64956
8481126,8482358,1232,128345
8482358,8483619,1261,177627
8483619,8484802,1183,112761
8484802,8486045,1243,11612
8486045,8487082,1037,39970
8487082,8487514,432,287671
8487514,8488799,1285,54016
8488799,8489921,1122,281187
8489921,8491189,1268,16802
8491189,8492144,955,130131
8492144,8493333,1189,140041
8493333,8494601,1268,149033
8494601,8495853,1252,127691
8495853,8497126,1273,129513
8497126,8498303,1177,99156
8498303,8499485,1182,70843
8499485,8500768,1283,286306
8500768,8501939,1171,275128
8501939,8503140,1201,141320
8503140,8504385,1245,281132
8504385,8505600,1215,108638
8505600,8506899,1299,268287
8506899,8508008,1109,127703
8508008,8508918,910,177627
8508918,8509108,190,4662
8509108,8509387,279,129011
8509387,8509792,405,133834
8509792,8510979,1187,12332
8510979,8512219,1240,39476
8512219,8512551,332,301693
8512551,8512966,415,137627
8512966,8513404,438,103126
8513404,8514003,599,26895
8514003,8515107,1104,142358
8515107,8516213,1106,101276
8516213,8517447,1234,143307
8517447,8518716,1269,26853
8518716,8519804,1088,92915
8519804,8520948,1144,57179
8520948,8522160,1212,67233
8522160,8523257,1097,284424
8523257,8524169,912,141174
8524169,8525057,888,130755
8525057,8526306,1249,134981
8526306,8527543,1237,282926
8527543,8528820,1277,128136
8528820,8529770,950,281131
8529770,8531029,1259,105398
8531029,8531664,635,137614
8531664,8532900,1236,120277
8532900,8533179,279,11734
8533179,8534282,1103,134804
8534282,8535478,1196,131228
8535478,8536595,1117,123268
8536595,8537755,1160,163597
8537755,8538845,1090,5764
8538845,8540111,1266,157636
8540111,8541248,1137,110061
8541248,8541678,430,101884
8541678,8542952,1274,68353
8542952,8544222,1270,57156
8544222,8545452,1230,38026
8545452,8546425,973,61743
8546425,8547631,1206,130131
8547631,8548584,953,216564
8548584,8549724,1140,105171
8549724,8550889,1165,114476
8550889,8551622,733,216563
8551622,8551815,193,302395
8551815,8553024,1209,39971
8553024,8554133,1109,102526
8554133,8555148,1015,57831
8555148,8556385,1237,66470
8556385,8557462,1077,146111
8557462,8558600,1138,18527
8558600,8559793,1193,157088
8559793,8560236,443,157243
8560236,8561391,1155,12103
8561391,8562589,1198,290365
8562589,8563583,994,258970
8563583,8564758,1175,16632
8564758,8565901,1143,139035
8565901,8567037,1136,130553
8567037,8568305,1268,279153
8568305,8568701,396,7235
8568701,8569452,751,129396
8569452,8570728,1276,296473
8570728,8571950,1222,14526
8571950,8572617,667,46243
8572617,8573335,718,155151
8573335,8574522,1187,153964
8574522,8575603,1081,143893
8575603,8576464,861,7887
8576464,8577565,1101,96153
8577565,8578811,1246,19208
8578811,8580067,1256,127518
8580067,8581254,1187,134785
8581254,8581412,158,124224
8581412,8582023,611,158744
8582023,8582953,930,4654
8582953,8583939,986,244431
8583939,8585181,1242,185125
8585181,8585766,585,134707
8585766,8586993,1227,268287
8586993,8588244,1251,216570
8588244,8588777,533,135635
8588777,8589936,1159,280380
8589936,8591051,1115,141240
8591051,8591975,924,41614
8591975,8592381,406,58776
8592381,8593619,1238,92806
8593619,8594807,1188,24515
8594807,8596102,1295,290363
8596102,8597263,1161,102612
8597263,8598229,966,285173
8598229,8599010,781,133393
8599010,8600283,1273,46890
8600283,8600970,687,48848
8600970,8602162,1192,18527
8602162,8602457,295,232057
8602457,8603766,1309,150674
8603766,8604772,1006,138074
8604772,8605686,914,6175
8605686,8606908,1222,82020
8606908,8608101,1193,115968
8608101,8609171,1070,6525
8609171,8610473,1302,109173
8610473,8611352,879,216570
8611352,8611798,446,126336
8611798,8612811,1013,169291
8612811,8614018,1207,157263
8614018,8615027,1009,126233
8615027,8616323,1296,107247
8616323,8617625,1302,5710
8617625,8618770,1145,129325
8618770,8619300,530,110705
8619300,8620422,1122,30591
8620422,8620567,145,105405
8620567,8621404,837,140639
8621404,8622553,1149,141248
8622553,8623682,1129,13265
8623682,8624758,1076,34478
8624758,8625796,1038,5097
8625796,8626942,1146,294113
8626942,8628181,1239,19361
8628181,8629340,1159,139743
8629340,8630139,799,82558
8630139,8631160,1021,121148
8631160,8632480,1320,71420
8632480,8633748,1268,8912
8633748,8634907,1159,142320
8634907,8635481,574,187464
8635481,8636413,932,254918
8636413,8637495,1082,140222
8637495,8638660,1165,11547
8638660,8639739,1079,164327
8639739,8640700,961,20410
8640700,8641856,1156,140725
8641856,8642120,264,281132
8642120,8643417,1297,32451
8643417,8644455,1038,138043
8644455,8645470,1015,19366
8645470,8646088,618,44586
8646088,8646949,861,59167
8646949,8647968,1019,123133
8647968,8648487,519,121907
8648487,8648792,305,101289
8648792,8649603,811,34501
8649603,8650569,966,64290
8650569,8651798,1229,157242
8651798,8652857,1059,163607
8652857,8653911,1054,157636
8653911,8654820,909,151817
8654820,8655804,984,279233
8655804,8656957,1153,101579
8656957,8657599,642,157088
8657599,8658875,1276,170951
8658875,8659807,932,135216
8659807,8660942,1135,178029
8660942,8662021,1079,134981
8662021,8662883,862,92805
8662883,8663404,521,157644
8663404,8664659,1255,10172
8664659,8665920,1261,46268
8665920,8667046,1126,12471
8667046,8667365,319,131220
8667365,8668136,771,162253
8668136,8669266,1130,398
8669266,8670537,1271,134816
8670537,8671684,1147,46712
8671684,8672902,1218,291953
8672902,8674061,1159,3961
8674061,8674245,184,171133
8674245,8675462,1217,88089
8675462,8676180,718,157644
8676180,8677306,1126,258978
8677306,8678464,1158,130503
8678464,8679553,1089,104394
8679553,8680793,1240,144485
8680793,8681961,1168,142896
8681961,8682414,453,44577
8682414,8683708,1294,4479
8683708,8683909,201,102381
8683909,8685142,1233,128145
8685142,8686253,1111,135580
8686253,8687219,966,163935
8687219,8688302,1083,138548
8688302,8689415,1113,126292
8689415,8690580,1165,100045
8690580,8691631,1051,60774
8691631,8692654,1023,262269
8692654,8693369,715,54666
8693369,8694468,1099,161972
8694468,8695687,1219,44912
8695687,8696730,1043,141242
8696730,8697672,942,46240
8697672,8698734,1062,126739
8698734,8699960,1226,155944
8699960,8701041,1081,87280
8701041,8702211,1170,109507
8702211,8702994,783,144496
8702994,8704215,1221,129597
8704215,8705538,1323,23311
8705538,8706032,494,122944
8706032,8706293,261,95870
8706293,8707136,843,168204
8707136,8708275,1139,296473
8708275,8709454,1179,12731
8709454,8710005,551,9010
8710005,8711036,1031,136458
8711036,8711912,876,141279
8711912,8713201,1289,4861
8713201,8714410,1209,46243
8714410,8715646,1236,143625
8715646,8716800,1154,2503
8716800,8717417,617,148312
8717417,8718260,843,129623
8718260,8719507,1247,122545
8719507,8720602,1095,131732
8720602,8721726,1124,136610
8721726,8722309,583,286306
8722309,8723443,1134,285896
8723443,8724659,1216,123283
8724659,8725953,1294,295197
8725953,8727062,1109,41170
8727062,8728200,1138,7943
8728200,8728539,339,87997
8728539,8729613,1074,8157
8729613,8730716,1103,175448
8730716,8731629,913,128138
8731629,8732944,1315,290349
8732944,8734078,1134,163606
8734078,8735199,1121,143307
8735199,8736422,1223,94522
8736422,8737674,1252,274549
8737674,8738910,1236,141642
8738910,8740096,1186,144503
8740096,8741330,1234,41151
8741330,8742527,1197,163507
8742527,8743672,1145,68358
8743672,8744300,628,129974
8744300,8745165,865,137770
8745165,8745837,672,66347
8745837,8747080,1243,109185
8747080,8748144,1064,276732
8748144,8748355,211,91902
8748355,8749450,1095,108005
8749450,8750532,1082,64588
8750532,8751780,1248,216570
8751780,8752779,999,83616
8752779,8753988,1209,96498
8753988,8755149,1161,102526
8755149,8756242,1093,176263
8756242,8757417,1175,137608
8757417,8758680,1263,135762
8758680,8759587,907,89735
8759587,8760650,1063,34497
8760650,8761380,730,122827
8761380,8761919,539,110056
8761919,8763147,1228,58090
8763147,8764351,1204,26947
8764351,8765574,1223,144135
8765574,8765826,252,123176
8765826,8767073,1247,135897
8767073,8767804,731,130627
8767804,8769021,1217,139361
8769021,8769653,632,69550
8769653,8769853,200,137154
8769853,8771024,1171,101265
8771024,8772210,1186,12707
8772210,8773447,1237,127731
8773447,8774285,838,6174
8774285,8774546,261,116797
8774546,8775790,1244,22574
8775790,8776447,657,64300
8776447,8777494,1047,139308
8777494,8778547,1053,124526
8778547,8779784,1237,301694
8779784,8781046,1262,81843
8781046,8782147,1101,131276
8782147,8782960,813,127595
8782960,8784189,1229,144485
8784189,8784748,559,126313
8784748,8785327,579,107627
8785327,8785980,653,232690
8785980,8787055,1075,48579
8787055,8788146,1091,271812
8788146,8789139,993,285135
8789139,8790098,959,32136
8790098,8790729,631,61316
8790729,8791731,1002,133220
8791731,8792780,1049,185436
8792780,8793838,1058,66016
8793838,8794587,749,142744
8794587,8795802,1215,68353
8795802,8796300,498,138901
8796300,8797227,927,135832
8797227,8797752,525,26496
8797752,8798778,1026,245707
8798778,8799028,250,171171
8799028,8800235,1207,24758
8800235,8801267,1032,67218
8801267,8801996,729,136846
8801996,8803102,1106,163597
8803102,8804346,1244,13185
8804346,8805525,1179,176660
8805525,8806762,1237,126410
8806762,8807933,1171,156015
8807933,8809103,1170,142358
8809103,8810044,941,86683
8810044,8811254,1210,144503
8811254,8812318,1064,121449
8812318,8813623,1305,106969
8813623,8814784,1161,91906
8814784,8815993,1209,155968
8815993,8817242,1249,129393
8817242,8818312,1070,273050
8818312,8818730,418,176853
8818730,8819935,1205,173230
8819935,8820358,423,98880
8820358,8821469,1111,169291
8821469,8822740,1271,293987
8822740,8823777,1037,92202
8823777,8824940,1163,258266
8824940,8825917,977,166436
8825917,8826993,1076,128991
8826993,8828144,1151,36641
8828144,8829359,1215,144135
8829359,8830366,1007,104483
8830366,8831371,1005,140067
8831371,8832271,900,32637
8832271,8833412,1141,135022
8833412,8834696,1284,133273
8834696,8835652,956,168199
8835652,8836904,1252,288043
8836904,8838112,1208,220951
8838112,8839323,1211,19376
8839323,8840550,1227,131899
8840550,8841665,1115,71550
8841665,8842291,626,142311
8842291,8842610,319,129396
8842610,8843496,886,126957
8843496,8844425,929,131735
8844425,8845668,1243,12539
8845668,8846854,1186,39477
8846854,8847479,625,121331
8847479,8848713,1234,107486
8848713,8849504,791,143485
8849504,8850801,1297,53342
8850801,8852154,1353,282934
8852154,8853289,1135,233366
8853289,8854477,1188,160593
8854477,8855203,726,57836
8855203,8856472,1269,14013
8856472,8857682,1210,132882
8857682,8858945,1263,136863
8858945,8860185,1240,9920
8860185,8861453,1268,168199
8861453,8862533,1080,110061
8862533,8863533,1000,26951
8863533,8864811,1278,134792
8864811,8865408,597,2772
8865408,8866409,1001,139717
8866409,8867656,1247,58778
8867656,8868603,947,110238
8868603,8869907,1304,28462
8869907,8870233,326,73973
8870233,8871477,1244,46890
8871477,8872262,785,18524
8872262,8873423,1161,73024
8873423,8874633,1210,70837
8874633,8875746,1113,143521
8875746,8876741,995,187024
8876741,8877846,1105,105398
8877846,8878119,273,122625
8878119,8879358,1239,132718
8879358,8880503,1145,36641
8880503,8881654,1151,294697
8881654,8882921,1267,126209
8882921,8883825,904,152224
8883825,8884936,1111,49750
8884936,8885563,627,26947
8885563,8886881,1318,48842
8886881,8888000,1119,278289
8888000,8888846,846,26520
8888846,8889687,841,108620
8889687,8890911,1224,19208
8890911,8892222,1311,39971
8892222,8893060,838,134425
8893060,8894262,1202,121085
8894262,8895455,1193,15307
8895455,8896678,1223,117384
8896678,8897949,1271,168062
8897949,8899067,1118,147963
8899067,8899387,320,19376
8899387,8900428,1041,126860
8900428,8901607,1179,130296
8901607,8902686,1079,120330
8902686,8903866,1180,18004
8903866,8905068,1202,149236
8905068,8905662,594,173230
8905662,8906553,891,6176
8906553,8906910,357,12471
8906910,8908147,1237,281471
8908147,8909288,1141,161226
8909288,8910441,1153,75791
8910441,8911666,1225,83706
8911666,8912577,911,11079
8912577,8913801,1224,6398
8913801,8914847,1046,138047
8914847,8915956,1109,92202
8915956,8916959,1003,131030
8916959,8917446,487,258974
8917446,8918571,1125,68888
8918571,8919324,753,170952
8919324,8920402,1078,138033
8920402,8921748,1346,164461
8921748,8922821,1073,40571
8922821,8924107,1286,45204
8924107,8924481,374,168638
8924481,8925222,741,63101
8925222,8926473,1251,10160
8926473,8927752,1279,133395
8927752,8928066,314,86683
8928066,8928976,910,6398
8928976,8929455,479,61356
8929455,8930555,1100,141209
8930555,8931750,1195,158081
8931750,8931997,247,129582
8931997,8933019,1022,9174
8933019,8934038,1019,128345
8934038,8934234,196,136054
8934234,8934929,695,187018
8934929,8936165,1236,122863
8936165,8937115,950,183988
8937115,8937368,253,80690
8937368,8938561,1193,35921
8938561,8939838,1277,141644
8939838,8940663,825,109185
8940663,8941813,1150,182396
8941813,8943058,1245,84010
8943058,8944067,1009,40556
8944067,8945174,1107,170976
8945174,8946334,1160,5330
8946334,8947521,1187,133290
8947521,8948219,698,32136
8948219,8948742,523,245708
8948742,8949873,1131,7741
8949873,8951068,1195,12332
8951068,8952257,1189,152842
8952257,8953552,1295,146346
8953552,8954679,1127,21493
8954679,8955603,924,126408
8955603,8956650,1047,101578
8956650,8957206,556,160188
8957206,8958399,1193,145138
8958399,8959362,963,121741
8959362,8960506,1144,136863
8960506,8961871,1365,80665
8961871,8962606,735,60774
8962606,8963790,1184,279856
8963790,8964863,1073,130529
8964863,8966006,1143,1560
8966006,8967193,1187,167022
8967193,8968390,1197,68188
8968390,8969706,1316,110054
8969706,8970735,1029,294113
8970735,8972002,1267,154282
8972002,8972966,964,39840
8972966,8974227,1261,130975
8974227,8975489,1262,120282
8975489,8976396,907,282357
8976396,8977435,1039,26956
8977435,8977919,484,138043
8977919,8979113,1194,131276
8979113,8980269,1156,44577
8980269,8980503,234,125127
8980503,8981642,1139,279775
8981642,8981939,297,279849
8981939,8983134,1195,125147
8983134,8984124,990,291381
8984124,8985253,1129,71404
8985253,8986441,1188,296473
8986441,8987456,1015,61421
8987456,8988609,1153,65772
8988609,8989033,424,110528
8989033,8990248,1215,133239
8990248,8991064,816,14653
8991064,8991393,329,56574
8991393,8992614,1221,31603
8992614,8993613,999,279153
8993613,8994753,1140,282985
8994753,8995545,792,132272
8995545,8996505,960,129324
8996505,8997011,506,163322
8997011,8998097,1086,152224
8998097,8999367,1270,6397
8999367,9000398,1031,156968
9000398,9001461,1063,395
9001461,9002792,1331,86741
9002792,9004029,1237,112061
9004029,9004479,450,112597
9004479,9004822,343,156154
9004822,9005888,1066,131106
9005888,9007107,1219,134465
9007107,9008172,1065,92934
9008172,9009261,1089,165428
9009261,9010493,1232,29108
9010493,9010950,457,154284
9010950,9012163,1213,127538
9012163,9013344,1181,141613
9013344,9013801,457,137608
9013801,9015036,1235,62347
9015036,9015785,749,96672
9015785,9016571,786,48361
9016571,9017806,1235,216563
9017806,9018943,1137,258978
9018943,9019782,839,160187
9019782,9020812,1030,134170
9020812,9021024,212,132891
9021024,9022245,1221,86043
9022245,9023221,976,12103
9023221,9023426,205,5097
9023426,9024654,1228,80690
9024654,9025671,1017,130994
9025671,9026703,1032,130727
9026703,9027836,1133,121148
9027836,9028616,780,133290
9028616,9028993,377,142848
9028993,9030266,1273,149881
9030266,9031291,1025,138289
9031291,9031440,149,126410
9031440,9032750,1310,270778
9032750,9033617,867,126826
9033617,9034772,1155,124990
9034772,9035683,911,26559
9035683,9035962,279,12715
9035962,9037292,1330,163402
9037292,9037801,509,132717
9037801,9038087,286,254949
9038087,9039291,1204,113272
9039291,9040553,1262,104886
9040553,9041871,1318,138656
9041871,9042977,1106,110522
9042977,9044090,1113,11258
9044090,9045377,1287,32135
9045377,9046355,978,5341
9046355,9047130,775,129066
9047130,9048229,1099,178449
9048229,9049454,1225,181420
9049454,9050752,1298,254949
9050752,9051978,1226,77778
9051978,9053169,1191,42637
9053169,9053682,513,153728
9053682,9054935,1253,115686
9054935,9055347,412,95963
9055347,9056563,1216,91902
9056563,9057348,785,397
9057348,9058521,1173,126221
9058521,9059754,1233,131887
9059754,9060959,1205,87791
9060959,9061543,584,142824
9061543,9062529,986,83607
9062529,9063672,1143,123507
9063672,9064708,1036,155968
9064708,9065967,1259,125147
9065967,9067219,1252,129440
9067219,9067968,749,61421
9067968,9069063,1095,73296
9069063,9070193,1130,696
9070193,9071310,1117,31609
9071310,9072311,1001,121103
9072311,9073006,695,90847
9073006,9074228,1222,58192
9074228,9075253,1025,11546
9075253,9076237,984,134785
9076237,9076970,733,233382
9076970,9077531,561,94526
9077531,9078744,1213,132530
9078744,9079843,1099,133217
9079843,9080814,971,280380
9080814,9082062,1248,127538
9082062,9083269,1207,287359
9083269,9084140,871,10642
9084140,9084959,819,75355
9084959,9086085,1126,49750
9086085,9087304,1219,4275
9087304,9088486,1182,67584
9088486,9089746,1260,55856
9089746,9090918,1172,111574
9090918,9091405,487,12332
9091405,9092278,873,157636
9092278,9093452,1174,129011
9093452,9094590,1138,292253
9094590,9095676,1086,285896
9095676,9096791,1115,73295
9096791,9098024,1233,150715
9098024,9099036,1012,109174
9099036,9099316,280,134660
9099316,9100459,1143,668
9100459,9101624,1165,147627
9101624,9102791,1167,124439
9102791,9103874,1083,72927
9103874,9105015,1141,44912
9105015,9106264,1249,19585
9106264,9107389,1125,187024
9107389,9108434,1045,149798
9108434,9109675,1241,126336
9109675,9110918,1243,144485
9110918,9111538,620,114468
9111538,9112655,1117,50776
9112655,9113638,983,11079
9113638,9114815,1177,135657
9114815,9116059,1244,125123
9116059,9117299,1240,127215
9117299,9118385,1086,62850
9118385,9119499,1114,63101
9119499,9120458,959,292138
9120458,9121568,1110,143005
9121568,9122725,1157,160964
9122725,9123944,1219,220979
9123944,9124915,971,162239
9124915,9125250,335,134170
9125250,9126417,1167,294551
9126417,9127622,1205,140725
9127622,9127851,229,129440
9127851,9128578,727,160187
9128578,9128841,263,8684
9128841,9130053,1212,18524
9130053,9131338,1285,170956
9131338,9132458,1120,134149
9132458,9132703,245,5704
9132703,9133564,861,131742
9133564,9134806,1242,23281
9134806,9135919,1113,114468
9135919,9136904,985,288044
9136904,9138026,1122,150674
9138026,9139021,995,12118
9139021,9140197,1176,137106
9140197,9141362,1165,231836
9141362,9142393,1031,130532
9142393,9142883,490,131751
9142883,9144031,1148,23295
9144031,9145251,1220,184265
9145251,9145910,659,290901
9145910,9147021,1111,32886
9147021,9147712,691,25951
9147712,9148105,393,58193
9148105,9149086,981,133290
9149086,9149349,263,141209
9149349,9150151,802,166420
9150151,9151322,1171,5083
9151322,9152042,720,109658
9152042,9153150,1108,132592
9153150,9153738,588,4662
9153738,9154895,1157,136863
9154895,9156152,1257,48513
9156152,9156583,431,5416
9156583,9156994,411,86683
9156994,9157843,849,65554
9157843,9158638,795,171133
9158638,9159263,625,131203
9159263,9160179,916,245687
9160179,9161146,967,108005
9161146,9162288,1142,134451
9162288,9163479,1191,156015
9163479,9164583,1104,110706
9164583,9165230,647,143893
9165230,9166489,1259,11079
9166489,9167700,1211,74797
9167700,9168751,1051,121543
9168751,9170033,1282,157056
9170033,9171230,1197,395
9171230,9171806,576,125127
9171806,9172420,614,134789
9172420,9172760,340,157858
9172760,9173629,869,22581
9173629,9174865,1236,147173
9174865,9176058,1193,138033
9176058,9177085,1027,362
9177085,9177498,413,295759
9177498,9178683,1185,291384
9178683,9179790,1107,127595
9179790,9180951,1161,132850
9180951,9182109,1158,142358
9182109,9183348,1239,170212
9183348,9184480,1132,129443
9184480,9185100,620,130489
9185100,9186210,1110,134176
9186210,9186947,737,43306
9186947,9187735,788,104979
9187735,9188288,553,11254
9188288,9189363,1075,159386
9189363,9190658,1295,89390
9190658,9191817,1159,184264
9191817,9192987,1170,62516
9192987,9194195,1208,140725
9194195,9195344,1149,156154
9195344,9195803,459,153728
9195803,9196866,1063,133630
9196866,9198144,1278,681
9198144,9199340,1196,156963
9199340,9200496,1156,83708
9200496,9201364,868,290363
9201364,9202404,1040,187464
9202404,9203570,1166,132864
9203570,9204239,669,59268
9204239,9205056,817,58192
9205056,9205505,449,29108
9205505,9205872,367,129388
9205872,9207168,1296,121543
9207168,9208488,1320,138043
9208488,9209607,1119,10822
9209607,9210814,1207,106611
9210814,9212058,1244,5710
9212058,9213107,1049,157480
9213107,9214143,1036,861
9214143,9214593,450,174992
9214593,9215728,1135,300225
9215728,9216843,1115,156968
9216843,9217046,203,133424
9217046,9218103,1057,890
9218103,9219256,1153,5084
9219256,9220012,756,102381
9220012,9221345,1333,160952
9221345,9222624,1279,72876
9222624,9223617,993,157857
9223617,9224662,1045,128136
9224662,9225906,1244,90852
9225906,9226513,607,279775
9226513,9227832,1319,88086
9227832,9228947,1115,152265
9228947,9229969,1022,11254
9229969,9231114,1145,61316
9231114,9232400,1286,133424
9232400,9233677,1277,128990
9233677,9234962,1285,76055
9234962,9236265,1303,83696
9236265,9237456,1191,110528
9237456,9238783,1327,126947
9238783,9239110,327,132717
9239110,9240195,1085,130560
9240195,9240926,731,121415
9240926,9242212,1286,125147
9242212,9243272,1060,130227
9243272,9244441,1169,147159
9244441,9245580,1139,143477
9245580,9246302,722,66465
9246302,9247661,1359,9010
9247661,9248958,1297,134728
9248958,9250157,1199,173230
9250157,9251316,1159,71401
9251316,9252453,1137,245687
9252453,9253218,765,270778
9253218,9254217,999,128310
9254217,9254446,229,126796
9254446,9255553,1107,73073
9255553,9255986,433,11079
9255986,9257118,1132,86765
9257118,9257702,584,110054
9257702,9258671,969,139009
9258671,9259693,1022,160958
9259693,9260223,530,59268
9260223,9261559,1336,59167
9261559,9262692,1133,39476
9262692,9263480,788,138290
9263480,9264657,1177,130548
9264657,9264983,326,84122
9264983,9266180,1197,89894
9266180,9267224,1044,67857
9267224,9267657,433,31091
9267657,9268948,1291,142311
9268948,9270107,1159,122789
9270107,9270594,487,57179
9270594,9271566,972,122626
9271566,9272359,793,129623
9272359,9272962,603,147627
9272962,9273725,763,59268
9273725,9274922,1197,129513
9274922,9276015,1093,132866
9276015,9277237,1222,258262
9277237,9278385,1148,124526
9278385,9279474,1089,123866
9279474,9280504,1030,135832
9280504,9281731,1227,130560
9281731,9282831,1100,101289
9282831,9283851,1020,95963
9283851,9284893,1042,184264
9284893,9286092,1199,298549
9286092,9287275,1183,121103
9287275,9288360,1085,6397
9288360,9289299,939,5764
9289299,9290538,1239,41919
9290538,9290972,434,161707
9290972,9291235,263,171137
9291235,9291972,737,101283
9291972,9293167,1195,27120
9293167,9294302,1135,43296
9294302,9295373,1071,142320
9295373,9296488,1115,8141
9296488,9297117,629,129396
9297117,9297493,376,158744
9297493,9298626,1133,101276
9298626,9299905,1279,175448
9299905,9300896,991,138617
9300896,9302109,1213,363
9302109,9302305,196,26895
9302305,9303470,1165,92420
9303470,9304364,894,169291
9304364,9305589,1225,110061
9305589,9306667,1078,156718
9306667,9307751,1084,284435
9307751,9309031,1280,131735
9309031,9310120,1089,13364
9310120,9311082,962,102381
9311082,9312303,1221,71405
9312303,9313138,835,173591
9313138,9314322,1184,21498
9314322,9314787,465,134120
9314787,9315759,972,58776
9315759,9316049,290,139730
9316049,9317260,1211,285314
9317260,9318495,1235,170982
9318495,9318850,355,62558
9318850,9319929,1079,140718
9319929,9321224,1295,31091
9321224,9322163,939,105168
9322163,9322453,290,157066
9322453,9323523,1070,290365
9323523,9324769,1246,8689
9324769,9325952,1183,34572
9325952,9326895,943,56837
9326895,9327952,1057,159230
9327952,9329132,1180,138074
9329132,9329959,827,160593
9329959,9331119,1160,39970
9331119,9332376,1257,295761
9332376,9332581,205,104637
9332581,9333780,1199,14960
9333780,9334852,1072,96153
9334852,9335033,181,52087
9335033,9336175,1142,135635
9336175,9337349,1174,61741
9337349,9338366,1017,1070
9338366,9339330,964,187464
9339330,9340263,933,141148
9340263,9341291,1028,130625
9341291,9341945,654,153733
9341945,9343036,1091,142858
9343036,9344248,1212,294700
9344248,9345441,1193,185074
9345441,9345776,335,129396
9345776,9346910,1134,122806
9346910,9347807,897,155949
9347807,9348324,517,60489
9348324,9348605,281,696
9348605,9349797,1192,70843
9349797,9350843,1046,65554
9350843,9351961,1118,129388
9351961,9353278,1317,126929
9353278,9354537,1259,293957
9354537,9355654,1117,129752
9355654,9356721,1067,46268
9356721,9357770,1049,126959
9357770,9358783,1013,58869
9358783,9359830,1047,19366
9359830,9360897,1067,131003
9360897,9361831,934,147110
9361831,9362968,1137,287359
9362968,9364136,1168,142279
9364136,9365414,1278,132882
9365414,9366625,1211,126233
9366625,9367703,1078,41610
9367703,9367918,215,134465
9367918,9369091,1173,246892
9369091,9370144,1053,281187
9370144,9371298,1154,47030
9371298,9371881,583,121068
9371881,9372815,934,56174
9372815,9373134,319,14936
9373134,9374115,981,31091
9374115,9375350,1235,140071
9375350,9376604,1254,160187
9376604,9377761,1157,147989
9377761,9378060,299,134708
9378060,9378614,554,126408
9378614,9379453,839,287358
9379453,9380570,1117,81858
9380570,9380750,180,231838
9380750,9382043,1293,293963
9382043,9383133,1090,114468
9383133,9384289,1156,73024
9384289,9385371,1082,109179
9385371,9386701,1330,216563
9386701,9387770,1069,10701
9387770,9388811,1041,126286
9388811,9390149,1338,141208
9390149,9391479,1330,10822
9391479,9392723,1244,76055
9392723,9394004,1281,127696
9394004,9395194,1190,134316
9395194,9396370,1176,14274
9396370,9397333,963,102381
9397333,9398457,1124,16802
9398457,9399314,857,60489
9399314,9400350,1036,148529
9400350,9401413,1063,155948
9401413,9402670,1257,170951
9402670,9403139,469,138866
9403139,9404329,1190,95963
9404329,9405069,740,50778
9405069,9406249,1180,163384
9406249,9407576,1327,156230
9407576,9408416,840,102381
9408416,9409361,945,148312
9409361,9410151,790,58845
9410151,9411396,1245,1188
9411396,9412648,1252,159056
9412648,9413031,383,121068
9413031,9414301,1270,185126
9414301,9415563,1262,16003
9415563,9416736,1173,48848
9416736,9417791,1055,105383
9417791,9418776,985,252341
9418776,9420064,1288,144503
9420064,9420745,681,67233
9420745,9422016,1271,28462
9422016,9422760,744,13270
9422760,9423887,1127,183239
9423887,9425133,1246,138631
9425133,9426173,1040,141240
9426173,9427435,1262,42637
9427435,9427635,200,176660
9427635,9428093,458,187464
9428093,9429240,1147,13270
9429240,9430256,1016,160188
9430256,9431513,1257,67592
9431513,9432501,988,29090
9432501,9433802,1301,95870
9433802,9434851,1049,294700
9434851,9435383,532,94523
9435383,9435975,592,21493
9435975,9436634,659,122944
9436634,9437866,1232,141613
9437866,9438897,1031,122825
9438897,9440154,1257,47032
9440154,9440383,229,121127
9440383,9441342,959,133227
9441342,9442505,1163,25563
9442505,9443734,1229,159386
9443734,9444783,1049,58433
9444783,9445908,1125,39508
9445908,9447208,1300,73073
9447208,9448423,1215,104606
9448423,9449281,858,147990
9449281,9450554,1273,54659
9450554,9451844,1290,170956
9451844,9452616,772,298549
9452616,9452788,172,1536
9452788,9453392,604,46890
9453392,9453999,607,168204
9453999,9454911,912,140221
9454911,9455422,511,125127
9455422,9456644,1222,41259
9456644,9457215,571,135824
9457215,9458492,1277,138115
9458492,9458818,326,77782
9458818,9459005,187,19361
9459005,9459847,842,216567
9459847,9461054,1207,2327
9461054,9462091,1037,52088
9462091,9462646,555,155949
9462646,9463738,1092,82458
9463738,9464366,628,12731
9464366,9465165,799,102381
9465165,9465935,770,290901
9465935,9467171,1236,56174
9467171,9468437,1266,144999
9468437,9468648,211,129979
9468648,9469459,811,81881
9469459,9470552,1093,282985
9470552,9471790,1238,46588
9471790,9472889,1099,62850
9472889,9474047,1158,126945
9474047,9475191,1144,14677
9475191,9475937,746,284424
9475937,9476625,688,160187
9476625,9477586,961,285135
9477586,9477818,232,71402
9477818,9479081,1263,182402
9479081,9479397,316,125883
9479397,9480490,1093,110238
9480490,9480719,229,135762
9480719,9481694,975,133220
9481694,9482913,1219,293987
9482913,9483195,282,13250
9483195,9483742,547,165428
9483742,9484401,659,122467
9484401,9485678,1277,101276
9485678,9486940,1262,125127
9486940,9487591,651,57667
9487591,9488579,988,163505
9488579,9488810,231,134316
9488810,9489982,1172,101864
9489982,9490715,733,284424
9490715,9491960,1245,133239
9491960,9493183,1223,142362
9493183,9494063,880,302111
9494063,9495193,1130,39481
9495193,9495350,157,131890
9495350,9496383,1033,134451
9496383,9497458,1075,39501
9497458,9498189,731,154838
9498189,9499150,961,138486
9499150,9500357,1207,81870
9500357,9501516,1159,301694
9501516,9502712,1196,129514
9502712,9503948,1236,67592
9503948,9505158,1210,87280
9505158,9506287,1129,142318
9506287,9507603,1316,77778
9507603,9508674,1071,126955
9508674,9509687,1013,293959
9509687,9510764,1077,163606
9510764,9511932,1168,130184
9511932,9513215,1283,178028
9513215,9514330,1115,80665
9514330,9515497,1167,68188
9515497,9516626,1129,84010
9516626,9517788,1162,123268
9517788,9518751,963,176853
9518751,9520020,1269,7793
9520020,9521291,1271,119253
9521291,9522450,1159,130101
9522450,9523618,1168,144503
9523618,9524581,963,164187
9524581,9525694,1113,132532
9525694,9526796,1102,4479
9526796,9527906,1110,286306
9527906,9529245,1339,160438
9529245,9530451,1206,156155
9530451,9531416,965,16020
9531416,9532450,1034,155973
9532450,9533155,705,136458
9533155,9534200,1045,26872
9534200,9534619,419,36633
9534619,9535784,1165,53342
9535784,9536749,965,12971
9536749,9537963,1214,12545
9537963,9539276,1313,86710
9539276,9539902,626,1539
9539902,9540954,1052,93470
9540954,9541995,1041,138548
9541995,9543049,1054,25951
9543049,9544187,1138,9174
9544187,9545463,1276,104606
9545463,9546760,1297,10088
9546760,9547914,1154,26852
9547914,9549052,1138,163507
9549052,9550198,1146,57836
9550198,9551297,1099,139358
9551297,9552469,1172,121674
9552469,9553522,1053,244431
9553522,9554613,1091,142320
9554613,9555867,1254,167024
9555867,9556805,938,90850
9556805,9557711,906,143625
9557711,9558650,939,3961
9558650,9559670,1020,132532
9559670,9560832,1162,110742
9560832,9561945,1113,170452
9561945,9563256,1311,132777
9563256,9564539,1283,122443
9564539,9565716,1177,170452
9565716,9566882,1166,96168
9566882,9567915,1033,112593
9567915,9569172,1257,285896
9569172,9570388,1216,45218
9570388,9571481,1093,106974
9571481,9572592,1111,135227
9572592,9573844,1252,39515
9573844,9574999,1155,121416
9574999,9576302,1303,73729
9576302,9577553,1251,187018
9577553,9578616,1063,105673
9578616,9579774,1158,158744
9579774,9580954,1180,121661
9580954,9581975,1021,129396
9581975,9582338,363,293963
9582338,9583683,1345,298549
9583683,9584888,1205,10089
9584888,9585951,1063,31603
9585951,9587157,1206,131704
9587157,9588363,1206,47030
9588363,9589660,1297,105167
9589660,9590883,1223,29110
9590883,9592204,1321,123059
9592204,9593280,1076,11612
9593280,9594407,1127,158744
9594407,9595582,1175,280380
9595582,9596859,1277,56175
9596859,9597573,714,133630
9597573,9598803,1230,131748
9598803,9600002,1199,122614
9600002,9600549,547,274549
9600549,9601592,1043,298549
9601592,9602793,1201,168198
9602793,9603721,928,160593
9603721,9604842,1121,668
9604842,9605963,1121,61316
9605963,9606998,1035,6525
9606998,9607946,948,86683
9607946,9609099,1153,13364
9609099,9609545,446,123025
9609545,9609971,426,132710
9609971,9610820,849,127696
9610820,9611929,1109,137739
9611929,9613067,1138,108638
9613067,9614226,1159,122876
9614226,9615521,1295,130871
9615521,9616569,1048,56222
9616569,9617775,1206,144987
9617775,9618975,1200,144496
9618975,9619691,716,281188
9619691,9620906,1215,254948
9620906,9622090,1184,134312
9622090,9623153,1063,123285
9623153,9623469,316,4861
9623469,9624330,861,20034
9624330,9625537,1207,366
9625537,9626792,1255,30119
9626792,9627731,939,135635
9627731,9628900,1169,234106
9628900,9630075,1175,66176
9630075,9630564,489,39616
9630564,9631389,825,142858
9631389,9632262,873,1070
9632262,9633361,1099,284444
9633361,9634434,1073,147990
9634434,9634659,225,132848
9634659,9635817,1158,185485
9635817,9636850,1033,161707
9636850,9637767,917,64974
9637767,9638784,1017,185125
9638784,9639881,1097,134121
9639881,9640275,394,6506
9640275,9640958,683,245708
9640958,9642221,1263,142318
9642221,9642922,701,276730
9642922,9643952,1030,246948
9643952,9645138,1186,124526
9645138,9646334,1196,103126
9646334,9646885,551,6525
9646885,9647597,712,14960
9647597,9648872,1275,23281
9648872,9650101,1229,70998
9650101,9651164,1063,185126
9651164,9652161,997,162253
9652161,9653352,1191,63885
9653352,9654442,1090,123267
9654442,9655378,936,139350
9655378,9655693,315,163507
9655693,9656666,973,130125
9656666,9657843,1177,98645
9657843,9658900,1057,161226
9658900,9659415,515,56222
9659415,9660588,1173,134176
9660588,9661731,1143,68353
9661731,9662980,1249,296465
9662980,9663184,204,100043
9663184,9664358,1174,39478
9664358,9665463,1105,39660
9665463,9665680,217,64713
9665680,9666982,1302,171109
9666982,9668229,1247,91801
9668229,9669426,1197,176660
9669426,9670626,1200,244431
9670626,9671305,679,199
9671305,9672576,1271,16003
9672576,9673531,955,123998
9673531,9674522,991,5710
9674522,9675189,667,143264
9675189,9676379,1190,41911
9676379,9677044,665,132891
9677044,9677989,945,14013
9677989,9679184,1195,132499
9679184,9680469,1285,5758
9680469,9680850,381,89898
9680850,9682013,1163,121080
9682013,9682572,559,302395
9682572,9683007,435,141819
9683007,9684235,1228,102239
9684235,9684731,496,136280
9684731,9684926,195,11734
9684926,9685680,754,166683
9685680,9686442,762,104979
9686442,9687392,950,284433
9687392,9687846,454,166423
9687846,9689037,1191,101578
9689037,9690328,1291,279239
9690328,9691520,1192,129587
9691520,9692039,519,32639
9692039,9693306,1267,182396
9693306,9694325,1019,123163
9694325,9695598,1273,145700
9695598,9696773,1175,7943
9696773,9697024,251,137483
9697024,9697526,502,14960
9697526,9698240,714,280380
9698240,9699409,1169,41151
9699409,9700479,1070,296159
9700479,9701736,1257,170952
9701736,9701975,239,18006
9701975,9702955,980,54613
9702955,9703494,539,129396
9703494,9704677,1183,125123
9704677,9705622,945,138486
9705622,9706404,782,114452
9706404,9706941,537,178149
9706941,9708053,1112,159056
9708053,9709283,1230,129011
9709283,9710550,1267,123192
9710550,9711208,658,105673
9711208,9712413,1205,182402
9712413,9713528,1115,140040
9713528,9714608,1080,395
9714608,9714862,254,122545
9714862,9715739,877,290047
9715739,9717032,1293,182389
9717032,9718289,1257,64298
9718289,9719308,1019,126965
9719308,9720248,940,141240
9720248,9721196,948,101864
9721196,9722455,1259,54613
9722455,9722709,254,187006
9722709,9722981,272,129790
9722981,9724016,1035,109173
9724016,9725281,1265,147110
9725281,9726388,1107,136458
9726388,9727598,1210,126410
9727598,9728570,972,124990
9728570,9729118,548,171137
9729118,9730308,1190,59268
9730308,9731545,1237,158744
9731545,9732803,1258,232057
9732803,9733954,1151,10328
9733954,9735203,1249,39648
9735203,9736302,1099,53342
9736302,9737531,1229,123059
9737531,9738487,956,64708
9738487,9739769,1282,109658
9739769,9740533,764,89390
9740533,9741400,867,3966
9741400,9742679,1279,208
9742679,9743819,1140,115047
9743819,9744840,1021,165428
9744840,9745861,1021,398
9745861,9746666,805,127731
9746666,9747881,1215,92934
9747881,9748474,593,26559
9748474,9749693,1219,890
9749693,9750724,1031,14674
9750724,9752000,1276,142279
9752000,9752922,922,41166
9752922,9754136,1214,85640
9754136,9755283,1147,84349
9755283,9756506,1223,101580
9756506,9757708,1202,15307
9757708,9758934,1226,86765
9758934,9760119,1185,164188
9760119,9761305,1186,124999
9761305,9762537,1232,136983
9762537,9763709,1172,123602
9763709,9764998,1289,124221
9764998,9766125,1127,130871
9766125,9767346,1221,1119
9767346,9768523,1177,122789
9768523,9769599,1076,274549
9769599,9770763,1164,1070
9770763,9771957,1194,125123
9771957,9773174,1217,121543
9773174,9774330,1156,118112
9774330,9775139,809,130553
9775139,9776248,1109,156474
9776248,9777028,780,143022
9777028,9777773,745,112056
9777773,9778736,963,26496
9778736,9779459,723,54006
9779459,9780781,1322,147159
9780781,9781868,1087,39967
9781868,9783110,1242,126928
9783110,9784392,1282,101580
9784392,9785385,993,1150
9785385,9786583,1198,90852
9786583,9787666,1083,233382
9787666,9788830,1164,115687
9788830,9789831,1001,137483
9789831,9790952,1121,148312
9790952,9792030,1078,87508
9792030,9793178,1148,696
9793178,9794023,845,105167
9794023,9795112,1089,715
9795112,9796174,1062,6541
9796174,9797178,1004,77778
9797178,9797391,213,28465
9797391,9798416,1025,130504
9798416,9799402,986,135580
9799402,9800623,1221,91906
9800623,9800990,367,292347
9800990,9802289,1299,125084
9802289,9803081,792,163402
9803081,9803488,407,6525
9803488,9804611,1123,143625
9804611,9805840,1229,144503
9805840,9806893,1053,121541
9806893,9808164,1271,127685
9808164,9809050,886,130529
9809050,9810109,1059,245687
9810109,9811210,1101,9174
9811210,9811921,711,121130
9811921,9812781,860,129596
9812781,9814051,1270,153733
9814051,9815243,1192,4687
9815243,9816270,1027,144135
9816270,9817373,1103,145700
9817373,9818180,807,136458
9818180,9819439,1259,105383
9819439,9819668,229,64738
9819668,9820368,700,130105
9820368,9821570,1202,68192
9821570,9822719,1149,134792
9822719,9823670,951,126539
9823670,9824591,921,163527
9824591,9825800,1209,139797
9825800,9826128,328,56574
9826128,9827007,879,129317
9827007,9828198,1191,119253
9828198,9828832,634,126945
9828832,9830032,1200,258266
9830032,9831270,1238,169291
9831270,9832545,1275,131722
9832545,9833032,487,130504
9833032,9834194,1162,78885
9834194,9835423,1229,129064
9835423,9836476,1053,131030
9836476,9837505,1029,9010
9837505,9837656,151,122626
9837656,9838704,1048,62558
9838704,9839925,1221,139324
9839925,9841166,1241,141613
9841166,9842196,1030,75810
9842196,9843143,947,125118
9843143,9843370,227,282934
9843370,9844257,887,130989
9844257,9845320,1063,121085
9845320,9846462,1142,72927
9846462,9847265,803,171137
9847265,9848507,1242,29091
9848507,9849664,1157,143895
9849664,9850841,1177,158081
9850841,9852079,1238,170453
9852079,9853302,1223,176270
9853302,9854546,1244,95441
9854546,9855579,1033,123715
9855579,9856706,1127,89894
9856706,9857131,425,9010
9857131,9858206,1075,9210
9858206,9859321,1115,114452
9859321,9860364,1043,138656
9860364,9861581,1217,101836
9861581,9862150,569,71401
9862150,9862382,232,46889
9862382,9863572,1190,106611
9863572,9864705,1133,186232
9864705,9865782,1077,147159
9865782,9866976,1194,130727
9866976,9868250,1274,145701
9868250,9869175,925,163527
9869175,9869403,228,16802
9869403,9870660,1257,230928
9870660,9871927,1267,80690
9871927,9872387,460,122467
9872387,9873413,1026,4861
9873413,9874098,685,8927
9874098,9875321,1223,10988
9875321,9876575,1254,5417
9876575,9877458,883,67592
9877458,9878741,1283,133447
9878741,9879996,1255,53342
9879996,9880210,214,95969
9880210,9881281,1071,121415
9881281,9882510,1229,130871
9882510,9883607,1097,133396
9883607,9884893,1286,139297
9884893,9886030,1137,83633
9886030,9887276,1246,134176
9887276,9888351,1075,101276
9888351,9889415,1064,216567
9889415,9890663,1248,293168
9890663,9891689,1026,132300
9891689,9892645,956,16003
9892645,9893891,1246,44912
9893891,9895010,1119,14936
9895010,9896096,1086,397
9896096,9897369,1273,10089
9897369,9898550,1181,270778
9898550,9899733,1183,4275
9899733,9900680,947,176854
9900680,9901812,1132,45204
9901812,9902581,769,25766
9902581,9902881,300,126928
9902881,9903638,757,132484
9903638,9904546,908,137106
9904546,9905653,1107,54006
9905653,9905988,335,59268
9905988,9907244,1256,63885
9907244,9908315,1071,119637
9908315,9908980,665,136861
9908980,9910108,1128,668
9910108,9911374,1266,142752
9911374,9912433,1059,220980
9912433,9913471,1038,25951
9913471,9914678,1207,106367
9914678,9915969,1291,862
9915969,9917021,1052,157236
9917021,9917368,347,109179
9917368,9917777,409,128660
9917777,9918972,1195,86710
9918972,9920168,1196,67858
9920168,9921347,1179,86765
9921347,9922459,1112,9174
9922459,9923526,1067,150843
9923526,9923699,173,82558
9923699,9924078,379,61316
9924078,9924843,765,26987
9924843,9925660,817,150916
9925660,9926871,1211,74477
9926871,9928022,1151,129597
9928022,9929200,1178,121543
9929200,9930433,1233,19208
9930433,9931529,1096,124224
9931529,9932760,1231,2327
9932760,9933893,1133,291374
9933893,9935133,1240,110243
9935133,9936053,920,123059
9936053,9936868,815,167609
9936868,9938031,1163,176854
9938031,9938964,933,304535
9938964,9940240,1276,244443
9940240,9941362,1122,142744
9941362,9942598,1236,171107
9942598,9943479,881,149739
9943479,9944797,1318,32451
9944797,9945965,1168,87547
9945965,9946997,1032,123025
9946997,9948181,1184,80192
9948181,9949134,953,131704
9949134,9950468,1334,26496
9950468,9951539,1071,302000
9951539,9952648,1109,44577
9952648,9953371,723,135220
9953371,9954509,1138,68361
9954509,9955760,1251,73728
9955760,9956963,1203,141174
9956963,9958055,1092,156963
9958055,9959157,1102,123033
9959157,9960238,1081,157242
9960238,9960723,485,41614
9960723,9961150,427,134636
9961150,9962404,1254,133273
9962404,9963507,1103,14497
9963507,9964460,953,30591
9964460,9965522,1062,101883
9965522,9966777,1255,139009
9966777,9967968,1191,137483
9967968,9969166,1198,262269
9969166,9969380,214,19214
9969380,9970694,1314,68888
9970694,9971677,983,174511
9971677,9972906,1229,126539
9972906,9973615,709,108620
9973615,9974867,1252,131220
9974867,9975952,1085,11244
9975952,9976220,268,150915
9976220,9976512,292,124547
9976512,9976917,405,105168
9976917,9977964,1047,131003
9977964,9979141,1177,171109
9979141,9980356,1215,293531
9980356,9981540,1184,15081
9981540,9982577,1037,8157
9982577,9983708,1131,101258
9983708,9984999,1291,681
9984999,9986082,1083,101289
9986082,9986939,857,18006
9986939,9988198,1259,110243
9988198,9989053,855,5417
9989053,9989849,796,15305
9989849,9990825,976,77778
9990825,9991750,925,147967
9991750,9992036,286,187466
9992036,9993383,1347,117382
9993383,9993882,499,130225
9993882,9994933,1051,291953
9994933,9996221,1288,102238
9996221,9997398,1177,71404
9997398,9998524,1126,19361
9998524,9999413,889,134792
9999413,10000040,627,54666
10000040,10001042,1002,39970
10001042,10001477,435,121130
10001477,10002608,1131,110243
10002608,10003701,1093,139710
10003701,10003919,218,61316
10003919,10005118,1199,282406
10005118,10006144,1026,73848
10006144,10007412,1268,128138
10007412,10008557,1145,156981
10008557,10009795,1238,5704
10009795,10011125,1330,169291
10011125,10011841,716,56179
10011841,10013052,1211,142733
10013052,10014207,1155,271826
10014207,10015186,979,290351
10015186,10015955,769,134176
10015955,10016602,647,96672
10016602,10018027,1425,75365
10018027,10019234,1207,163384
10019234,10019663,429,163380
10019663,10020933,1270,258970
10020933,10022239,1306,293957
10022239,10023486,1247,139681
10023486,10024723,1237,21498
10024723,10025734,1011,164188
10025734,10026352,618,164328
10026352,10027607,1255,8927
10027607,10028781,1174,296473
10028781,10030044,1263,160964
10030044,10031206,1162,64298
10031206,10032307,1101,108638
10032307,10033245,938,82558
10033245,10034430,1185,132485
10034430,10035681,1251,107247
10035681,10036739,1058,152831
10036739,10037890,1151,182389
10037890,10038271,381,240992
10038271,10038969,698,134717
10038969,10040031,1062,8927
10040031,10040988,957,39840
10040988,10042053,1065,88086
10042053,10043235,1182,290361
10043235,10044426,1191,44577
10044426,10044661,235,271811
10044661,10045932,1271,183239
10045932,10046739,807,131218
10046739,10048041,1302,7894
10048041,10049289,1248,91905
10049289,10050390,1101,152824
10050390,10051556,1166,135657
10051556,10052775,1219,121064
10052775,10053904,1129,184447
10053904,10055077,1173,101276
10055077,10056123,1046,4662
10056123,10057298,1175,122467
10057298,10058594,1296,144503
10058594,10059858,1264,6174
10059858,10061110,1252,362
10061110,10062206,1096,122863
10062206,10063318,1112,159371
10063318,10064080,762,6171
10064080,10065157,1077,36146
10065157,10066296,1139,143893
10066296,10067411,1115,26852
10067411,10068497,1086,176256
10068497,10069722,1225,92930
10069722,10070891,1169,30101
10070891,10072076,1185,109656
10072076,10073273,1197,258993
10073273,10074500,1227,134119
10074500,10074907,407,147627
10074907,10076068,1161,5704
10076068,10077255,1187,12539
10077255,10078537,1282,157242
10078537,10079511,974,286306
10079511,10080013,502,88761
10080013,10080946,933,57156
10080946,10082077,1131,132864
10082077,10083287,1210,82020
10083287,10084484,1197,135580
10084484,10085448,964,26894
10085448,10086500,1052,62850
10086500,10087629,1129,122810
10087629,10088812,1183,65820
10088812,10089954,1142,101258
10089954,10091168,1214,135654
10091168,10092181,1013,142750
10092181,10093465,1284,284428
10093465,10094712,1247,176270
10094712,10095937,1225,68770
10095937,10096297,360,32904
10096297,10097299,1002,158081
10097299,10097625,326,129513
10097625,10098904,1279,138113
10098904,10100150,1246,216563
10100150,10101385,1235,155972
10101385,10102654,1269,167024
10102654,10103997,1343,220980
10103997,10105057,1060,186230
10105057,10106336,1279,216563
10106336,10107229,893,39476
10107229,10108260,1031,140040
10108260,10109385,1125,291718
10109385,10110100,715,170440
10110100,10111329,1229,121449
10111329,10112610,1281,140041
10112610,10113894,1284,276908
10113894,10115089,1195,164187
10115089,10116050,961,4136
10116050,10117172,1122,56777
10117172,10118455,1283,184266
10118455,10119652,1197,12971
10119652,10120823,1171,291718
10120823,10122032,1209,135814
10122032,10123129,1097,16632
10123129,10124402,1273,14274
10124402,10125594,1192,124999
10125594,10126756,1162,132532
10126756,10127558,802,140718
10127558,10128628,1070,282934
10128628,10129403,775,138045
10129403,10130314,911,94526
10130314,10131537,1223,5710
10131537,10132722,1185,93276
10132722,10134003,1281,127579
10134003,10135082,1079,182396
10135082,10136349,1267,145138
10136349,10137240,891,161975
10137240,10138501,1261,233366
10138501,10139732,1231,20028
10139732,10140956,1224,146437
10140956,10142203,1247,122544
10142203,10143205,1002,862
10143205,10144442,1237,136458
10144442,10145687,1245,29092
10145687,10146634,947,252342
10146634,10147804,1170,7884
10147804,10149089,1285,61316
10149089,10150204,1115,129064
10150204,10151312,1108,245691
10151312,10152390,1078,52195
10152390,10152623,233,157066
10152623,10153440,817,10327
10153440,10154575,1135,281188
10154575,10155503,928,140221
10155503,10156771,1268,16802
10156771,10157771,1000,129596
10157771,10158948,1177,159228
10158948,10160167,1219,54006
10160167,10161212,1045,160188
10161212,10161595,383,19214
10161595,10162646,1051,138866
10162646,10163862,1216,123036
10163862,10164931,1069,130977
10164931,10165817,886,163527
10165817,10167021,1204,132280
10167021,10168365,1344,139009
10168365,10169537,1172,304535
10169537,10170546,1009,39477
10170546,10171463,917,129443
10171463,10172531,1068,107520
10172531,10173765,1234,72876
10173765,10175005,1240,4861
10175005,10176077,1072,121106
10176077,10176856,779,14936
10176856,10178033,1177,48579
10178033,10179259,1226,107627
10179259,10179718,459,70843
10179718,10180824,1106,171109
10180824,10182003,1179,278217
10182003,10183116,1113,302000
10183116,10184235,1119,14976
10184235,10185359,1124,101892
10185359,10186384,1025,155972
10186384,10187677,1293,282977
10187677,10188683,1006,39515
10188683,10189501,818,126232
10189501,10190576,1075,16632
10190576,10191831,1255,102240
10191831,10193100,1269,57179
10193100,10194224,1124,127518
10194224,10195310,1086,71550
10195310,10196130,820,94108
10196130,10196967,837,282977
10196967,10197660,693,25766
10197660,10198897,1237,5083
10198897,10200058,1161,92806
10200058,10200679,621,130878
10200679,10201907,1228,84349
10201907,10202852,945,85685
10202852,10203850,998,132866
10203850,10205105,1255,140718
10205105,10206291,1186,7884
10206291,10207459,1168,300208
10207459,10208686,1227,89390
10208686,10209658,972,136280
10209658,10210399,741,123047
10210399,10211457,1058,61421
10211457,10211709,252,76574
10211709,10212993,1284,131203
10212993,10214101,1108,121024
10214101,10214944,843,125002
10214944,10216055,1111,145700
10216055,10217202,1147,5911
10217202,10218393,1191,67858
10218393,10219273,880,166683
10219273,10220238,965,170956
10220238,10220843,605,258262
10220843,10221818,975,11079
10221818,10222924,1106,166436
10222924,10224178,1254,270778
10224178,10225453,1275,148312
10225453,10226747,1294,21493
10226747,10227908,1161,91801
10227908,10229153,1245,287358
10229153,10230384,1231,174960
10230384,10231257,873,290350
10231257,10232353,1096,57416
10232353,10233044,691,121106
10233044,10234297,1253,39475
10234297,10235470,1173,259009
10235470,10236677,1207,87280
10236677,10238037,1360,141235
10238037,10239296,1259,141721
10239296,10240587,1291,130093
10240587,10240806,219,699
10240806,10242064,1258,64588
10242064,10242327,263,258262
10242327,10243566,1239,110061
10243566,10243835,269,163384
10243835,10244985,1150,140639
10244985,10245269,284,10327
10245269,10246439,1170,126932
10246439,10247158,719,89882
10247158,10247741,583,127215
10247741,10248924,1183,39970
10248924,10250031,1107,64708
10250031,10250244,213,128633
10250244,10251523,1279,4275
10251523,10252585,1062,142848
10252585,10253614,1029,69607
10253614,10254704,1090,26982
10254704,10255923,1219,102250
10255923,10256878,955,366
10256878,10258207,1329,11528
10258207,10259304,1097,91906
10259304,10259535,231,48377
10259535,10260768,1233,124549
10260768,10261932,1164,109507
10261932,10263001,1069,287671
10263001,10263920,919,71320
10263920,10265045,1125,16802
10265045,10266192,1147,133225
10266192,10267318,1126,278217
10267318,10268517,1199,137588
10268517,10269609,1092,129581
10269609,10270086,477,157236
10270086,10270447,361,11077
10270447,10271426,979,12544
10271426,10272219,793,134708
10272219,10273120,901,258993
10273120,10273861,741,187464
10273861,10274802,941,296078
10274802,10275969,1167,123866
10275969,10277142,1173,9915
10277142,10278267,1125,144987
10278267,10279487,1220,28462
10279487,10279989,502,160188
10279989,10281162,1173,25563
10281162,10282476,1314,282926
10282476,10283427,951,91192
10283427,10284620,1193,142752
10284620,10285808,1188,92002
10285808,10286739,931,6557
10286739,10287881,1142,296159
10287881,10288402,521,121398
10288402,10289377,975,29090
10289377,10290415,1038,138545
10290415,10291599,1184,129066
10291599,10292823,1224,121069
10292823,10294022,1199,116805
10294022,10294987,965,102238
10294987,10296237,1250,129983
10296237,10297204,967,165702
10297204,10298184,980,94523
10298184,10299462,1278,269254
10299462,10300035,573,124164
10300035,10300223,188,105383
10300223,10300594,371,132891
10300594,10301731,1137,69412
10301731,10302899,1168,88484
10302899,10303639,740,144496
10303639,10304137,498,26947
10304137,10305382,1245,128991
10305382,10306545,1163,135227
10306545,10307638,1093,6176
10307638,10308914,1276,244443
10308914,10310031,1117,4158
10310031,10310965,934,92935
10310965,10311916,951,81870
10311916,10312715,799,12332
10312715,10314041,1326,131040
10314041,10315224,1183,24731
10315224,10316051,827,31609
10316051,10316911,860,129440
10316911,10318079,1168,300343
10318079,10318945,866,64708
10318945,10320204,1259,110238
10320204,10320635,431,126220
10320635,10321839,1204,185125
10321839,10322539,700,138901
10322539,10323566,1027,129597
10323566,10324870,1304,9203
10324870,10325854,984,291101
10325854,10327169,1315,124003
10327169,10328297,1128,142279
10328297,10328932,635,126796
10328932,10329489,557,135892
10329489,10330737,1248,281471
10330737,10331860,1123,152224
10331860,10332945,1085,131040
10332945,10334202,1257,39971
10334202,10334623,421,177638
10334623,10335638,1015,139035
10335638,10336273,635,129805
10336273,10337538,1265,123059
10337538,10338663,1125,101283
10338663,10339803,1140,155973
10339803,10341026,1223,142318
10341026,10341762,736,398
10341762,10342435,673,122614
10342435,10343633,1198,279775
10343633,10344560,927,294551
10344560,10344859,299,66184
10344859,10346088,1229,112592
10346088,10347328,1240,130993
10347328,10348287,959,185125
10348287,10349437,1150,109173
10349437,10350460,1023,2301
10350460,10351798,1338,287660
10351798,10353067,1269,139009
10353067,10353490,423,36956
10353490,10354655,1165,11243
10354655,10354887,232,862
10354887,10356090,1203,102239
10356090,10357341,1251,127703
10357341,10357584,243,279849
10357584,10358730,1146,86765
10358730,10359723,993,68344
10359723,10360841,1118,110061
10360841,10362030,1189,129393
10362030,10363260,1230,48362
10363260,10364483,1223,288043
10364483,10365589,1106,132800
10365589,10366848,1259,143361
10366848,10367064,216,13248
10367064,10368129,1065,293957
10368129,10369093,964,105390
10369093,10370322,1229,39967
10370322,10370829,507,14677
10370829,10371025,196,7235
10371025,10371332,307,154838
10371332,10372585,1253,121085
10372585,10373696,1111,128331
10373696,10374825,1129,175448
10374825,10376007,1182,64713
10376007,10377184,1177,120277
10377184,10378370,1186,135580
10378370,10379648,1278,94523
10379648,10380933,1285,123602
10380933,10382034,1101,160593
10382034,10383171,1137,127694
10383171,10384460,1289,116805
10384460,10385561,1101,67860
10385561,10386663,1102,285173
10386663,10387878,1215,15307
10387878,10388785,907,39971
10388785,10390141,1356,172156
10390141,10391453,1312,101265
10391453,10391728,275,130164
10391728,10392123,395,8890
10392123,10392873,750,135894
10392873,10393618,745,54487
10393618,10394867,1249,131030
10394867,10395504,637,47237
10395504,10396769,1265,126220
10396769,10397908,1139,293531
10397908,10398321,413,104890
10398321,10399441,1120,127537
10399441,10400735,1294,163612
10400735,10401972,1237,107247
10401972,10403230,1258,127597
10403230,10403703,473,15305
10403703,10404740,1037,130093
10404740,10405849,1109,128309
10405849,10407026,1177,67857
10407026,10408207,1181,287139
10408207,10409300,1093,64974
10409300,10410367,1067,290901
10410367,10410895,528,5764
10410895,10411894,999,142750
10411894,10413026,1132,39477
10413026,10413876,850,109663
10413876,10415143,1267,127731
10415143,10416011,868,288044
10416011,10417288,1277,61317
10417288,10418474,1186,130184
10418474,10419417,943,30106
10419417,10420687,1270,54487
10420687,10421912,1225,129324
10421912,10423119,1207,160958
10423119,10424074,955,129317
10424074,10424357,283,170976
10424357,10425580,1223,115968
10425580,10426891,1311,10088
10426891,10427998,1107,54016
10427998,10429065,1067,134160
10429065,10430110,1045,59288
10430110,10431237,1127,123283
10431237,10431691,454,56777
10431691,10432615,924,129325
10432615,10433813,1198,62347
10433813,10434918,1105,126539
10434918,10435137,219,13256
10435137,10436070,933,58776
10436070,10437298,1228,123216
10437298,10438138,840,142745
10438138,10439218,1080,11734
10439218,10440365,1147,128761
10440365,10441618,1253,134785
10441618,10442703,1085,120325
10442703,10443694,991,276735
10443694,10444736,1042,131295
10444736,10445817,1081,150127
10445817,10446810,993,1732
10446810,10448084,1274,259009
10448084,10449411,1327,13364
10449411,10450628,1217,26982
10450628,10451891,1263,124547
10451891,10453246,1355,128761
10453246,10454316,1070,4479
10454316,10454857,541,76044
10454857,10455876,1019,110526
10455876,10457163,1287,170982
10457163,10457658,495,60480
10457658,10458755,1097,66185
10458755,10459335,580,112592
10459335,10460424,1089,126826
10460424,10460704,280,9210
10460704,10461913,1209,162375
10461913,10462924,1011,127936
10462924,10464165,1241,131276
10464165,10465224,1059,136458
10465224,10466297,1073,73958
10466297,10467186,889,110238
10467186,10468271,1085,65554
10468271,10469457,1186,132484
10469457,10470739,1282,131732
10470739,10471698,959,107487
10471698,10472921,1223,89390
10472921,10474109,1188,126826
10474109,10475363,1254,18527
10475363,10476565,1202,157644
10476565,10476880,315,123191
10476880,10477948,1068,21498
10477948,10479127,1179,156973
10479127,10480280,1153,142320
10480280,10480599,319,65554
10480599,10481422,823,132530
10481422,10482498,1076,290349
10482498,10483697,1199,121331
10483697,10484927,1230,125945
10484927,10485239,312,137589
10485239,10486282,1043,290901
10486282,10487199,917,121799
10487199,10488475,1276,72311
10488475,10489172,697,121416
10489172,10490090,918,6397
10490090,10491401,1311,187005
10491401,10492598,1197,134465
10492598,10493522,924,105673
10493522,10493771,249,48377
10493771,10494395,624,4691
10494395,10494762,367,130103
10494762,10495700,938,134707
10495700,10496830,1130,132649
10496830,10497924,1094,130495
10497924,10499014,1090,681
10499014,10499448,434,271817
10499448,10500269,821,276735
10500269,10501475,1206,138047
10501475,10502307,832,66622
10502307,10502571,264,121413
10502571,10503343,772,46889
10503343,10504237,894,41259
10504237,10504796,559,9915
10504796,10505981,1185,73728
10505981,10507199,1218,295710
10507199,10508402,1203,108621
10508402,10509639,1237,26982
10509639,10510533,894,166683
10510533,10511602,1069,160952
10511602,10512729,1127,178748
10512729,10513902,1173,54667
10513902,10514904,1002,106611
10514904,10516130,1226,143262
10516130,10517322,1192,6175
10517322,10518582,1260,28465
10518582,10519818,1236,140040
10519818,10521081,1263,88363
10521081,10521847,766,86683
10521847,10523009,1162,84357
10523009,10524025,1016,112012
10524025,10524539,514,109663
10524539,10525794,1255,143893
10525794,10526790,996,245708
10526790,10527148,358,148521
10527148,10528458,1310,163597
10528458,10529189,731,13270
10529189,10530187,998,119295
10530187,10530754,567,142824
10530754,10532064,1310,114468
10532064,10533275,1211,92915
10533275,10534301,1026,142744
10534301,10535429,1128,290365
10535429,10536652,1223,130993
10536652,10537101,449,10172
10537101,10538371,1270,130184
10538371,10539498,1127,6397
10539498,10540447,949,147110
10540447,10541271,824,176682
10541271,10541555,284,134312
10541555,10542026,471,139710
10542026,10543065,1039,101289
10543065,10544209,1144,258959
10544209,10545325,1116,296467
10545325,10546175,850,284428
10546175,10547344,1169,132592
10547344,10548454,1110,138113
10548454,10548680,226,134804
10548680,10549699,1019,60801
10549699,10550728,1029,122655
10550728,10551274,546,146346
10551274,10552312,1038,131276
10552312,10553565,1253,76055
10553565,10554674,1109,124368
10554674,10555593,919,142279
10555593,10556826,1233,163507
10556826,10557562,736,187005
10557562,10558813,1251,142733
10558813,10560138,1325,144987
10560138,10561345,1207,125127
10561345,10562453,1108,4654
10562453,10563418,965,122825
10563418,10564595,1177,80656
10564595,10564780,185,76973
10564780,10565654,874,34483
10565654,10566915,1261,286306
10566915,10568107,1192,123882
10568107,10569229,1122,145700
10569229,10570190,961,77361
10570190,10571385,1195,133220
10571385,10572677,1292,134312
10572677,10573038,361,6557
10573038,10574085,1047,24731
10574085,10574842,757,126408
10574842,10576112,1270,168638
10576112,10577049,937,155521
10577049,10577629,580,4445
10577629,10578953,1324,140221
10578953,10580200,1247,102239
10580200,10581304,1104,160952
10581304,10581898,594,10327
10581898,10582892,994,48362
10582892,10584073,1181,216563
10584073,10585142,1069,216570
10585142,10586349,1207,29120
10586349,10587451,1102,133279
10587451,10588548,1097,44586
10588548,10588934,386,127696
10588934,10589364,430,16002
10589364,10590462,1098,262305
10590462,10591059,597,2772
10591059,10592249,1190,144496
10592249,10593186,937,132568
10593186,10594014,828,1189
10594014,10595250,1236,138063
10595250,10596476,1226,134707
10596476,10597718,1242,128310
10597718,10598073,355,139743
10598073,10599328,1255,7591
10599328,10600806,1478,89880
10600806,10601750,944,134717
10601750,10602559,809,52087
10602559,10603766,1207,125123
10603766,10604106,340,134830
10604106,10605278,1172,11077
10605278,10606501,1223,124520
10606501,10607377,876,131004
10607377,10608223,846,68762
10608223,10608954,731,10327
10608954,10610144,1190,128632
10610144,10610369,225,286306
10610369,10611540,1171,282926
10611540,10612175,635,92820
10612175,10612910,735,164100
10612910,10614131,1221,187024
10614131,10615364,1233,153731
10615364,10616711,1347,73961
10616711,10618031,1320,129440
10618031,10619293,1262,123285
10619293,10619606,313,136846
10619606,10620852,1246,185466
10620852,10622147,1295,301693
10622147,10622862,715,117382
10622862,10623845,983,157475
10623845,10625141,1296,56174
10625141,10626507,1366,175448
10626507,10627721,1214,287659
10627721,10628980,1259,84349
10628980,10630310,1330,125883
10630310,10631497,1187,66347
10631497,10632764,1267,262305
10632764,10633752,988,124002
10633752,10635061,1309,262305
10635061,10636247,1186,121658
10636247,10637468,1221,142311
10637468,10638719,1251,158816
10638719,10639852,1133,123500
10639852,10641097,1245,124520
10641097,10642193,1096,93277
10642193,10643248,1055,14936
10643248,10643671,423,31629
10643671,10645004,1333,292253
10645004,10645350,346,121064
10645350,10646075,725,296465
10646075,10647310,1235,302111
10647310,10648394,1084,161707
10648394,10649484,1090,143022
10649484,10650729,1245,280250
10650729,10652001,1272,86045
10652001,10653235,1234,61780
10653235,10654360,1125,280250
10654360,10655571,1211,92915
10655571,10656852,1281,291609
10656852,10658090,1238,131259
10658090,10658327,237,39910
10658327,10659411,1084,19376
10659411,10659916,505,16003
10659916,10661151,1235,141209
10661151,10662407,1256,122467
10662407,10663617,1210,127731
10663617,10664660,1043,130489
10664660,10665703,1043,287358
10665703,10666852,1149,83607
10666852,10668098,1246,104717
10668098,10669387,1289,155968
10669387,10670390,1003,129597
10670390,10671460,1070,29108
10671460,10672590,1130,144135
10672590,10672797,207,244443
10672797,10673375,578,90847
10673375,10674355,980,29091
10674355,10675500,1145,4158
10675500,10676821,1321,156967
10676821,10677939,1118,91072
10677939,10678855,916,129597
10678855,10680133,1278,115687
10680133,10681311,1178,158081
10681311,10681728,417,232057
10681728,10682901,1173,141242
10682901,10683838,937,124368
10683838,10684163,325,56175
10684163,10685412,1249,83696
10685412,10686579,1167,176278
10686579,10687344,765,86732
10687344,10687854,510,70843
10687854,10689130,1276,138289
10689130,10690418,1288,147962
10690418,10691641,1223,96498
10691641,10692344,703,133442
10692344,10692907,563,83696
10692907,10693964,1057,134451
10693964,10695202,1238,182402
10695202,10696468,1266,696
10696468,10697693,1225,134707
10697693,10698862,1169,97593
10698862,10700031,1169,122806
10700031,10700938,907,162129
10700938,10702118,1180,126860
10702118,10703459,1341,290350
10703459,10704584,1125,19209
10704584,10705775,1191,18005
10705775,10707015,1240,133220
10707015,10708099,1084,286306
10708099,10709125,1026,103120
10709125,10710324,1199,294700
10710324,10711536,1212,29120
10711536,10712781,1245,39475
10712781,10713974,1193,127521
10713974,10715197,1223,121103
10715197,10716110,913,124003
10716110,10717257,1147,156019
10717257,10718559,1302,92806
10718559,10719745,1186,132782
10719745,10720925,1180,137588
10720925,10721879,954,295710
10721879,10722176,297,57180
10722176,10723032,856,121729
10723032,10724160,1128,129583
10724160,10725219,1059,11244
10725219,10725480,261,163518
10725480,10726770,1290,122806
10726770,10728015,1245,138631
10728015,10728501,486,287671
10728501,10729520,1019,245708
10729520,10730629,1109,30101
10730629,10731551,922,48032
10731551,10732045,494,131887
10732045,10733247,1202,11512
10733247,10734455,1208,3966
10734455,10735678,1223,233366
10735678,10736851,1173,292253
10736851,10738055,1204,101883
10738055,10739233,1178,4690
10739233,10740174,941,64290
10740174,10741390,1216,258959
10741390,10742551,1161,122806
10742551,10742738,187,100045
10742738,10743967,1229,12731
10743967,10745019,1052,109176
10745019,10745327,308,101283
10745327,10746445,1118,137589
10746445,10747630,1185,39515
10747630,10748571,941,8592
10748571,10749652,1081,132532
10749652,10750914,1262,48032
10750914,10751879,965,130975
10751879,10753057,1178,47030
10753057,10754106,1049,121722
10754106,10755141,1035,6398
10755141,10756154,1013,274558
10756154,10757314,1160,1119
10757314,10758571,1257,108638
10758571,10759660,1089,105168
10759660,10760847,1187,9914
10760847,10761958,1111,122451
10761958,10763270,1312,178450
10763270,10764566,1296,175448
10764566,10765028,462,124547
10765028,10766270,1242,258266
10766270,10767511,1241,127215
10767511,10768746,1235,153728
10768746,10769077,331,13256
10769077,10769977,900,68369
10769977,10771289,1312,135216
10771289,10772532,1243,5704
10772532,10773693,1161,2777
10773693,10774896,1203,125883
10774896,10775156,260,94523
10775156,10775540,384,26685
10775540,10776530,990,134120
10776530,10777799,1269,150855
10777799,10778963,1164,137627
10778963,10780160,1197,294700
10780160,10781108,948,6498
10781108,10782362,1254,262291
10782362,10783620,1258,59239
10783620,10784650,1030,4145
10784650,10785945,1295,160438
10785945,10787042,1097,127731
10787042,10788137,1095,9210
10788137,10788384,247,105390
10788384,10789537,1153,245687
10789537,10790536,999,44575
10790536,10791751,1215,162239
10791751,10793107,1356,178028
10793107,10794416,1309,135249
10794416,10795463,1047,715
10795463,10796366,903,126860
10796366,10797614,1248,83606
10797614,10798572,958,115687
10798572,10799746,1174,16003
10799746,10801043,1297,284433
10801043,10802081,1038,129594
10802081,10803210,1129,61776
10803210,10804246,1036,155949
10804246,10805455,1209,113336
10805455,10806593,1138,212
10806593,10807693,1100,132891
10807693,10808918,1225,163606
10808918,10809985,1067,131751
10809985,10810278,293,130755
10810278,10811352,1074,758
10811352,10812413,1061,68353
10812413,10813212,799,129805
10813212,10814397,1185,155151
10814397,10815370,973,216567
10815370,10816399,1029,290350
10816399,10817352,953,134592
10817352,10818615,1263,293168
10818615,10819714,1099,149791
10819714,10820807,1093,246889
10820807,10821781,974,30105
10821781,10822473,692,146346
10822473,10823796,1323,73732
10823796,10825028,1232,132891
10825028,10826170,1142,121541
10826170,10827135,965,285135
10827135,10828406,1271,149236
10828406,10828641,235,121729
10828641,10829885,1244,163527
10829885,10831114,1229,142363
10831114,10831805,691,258970
10831805,10831939,134,132649
10831939,10832876,937,1189
10832876,10833758,882,73958
10833758,10835028,1270,102238
10835028,10836259,1231,34483
10836259,10837458,1199,133442
10837458,10837647,189,48579
10837647,10838264,617,18006
10838264,10839408,1144,71402
10839408,10840710,1302,293663
10840710,10841508,798,302111
10841508,10842736,1228,28375
10842736,10842991,255,176853
10842991,10844223,1232,141209
10844223,10845494,1271,170956
10845494,10846662,1168,163322
10846662,10847790,1128,293531
10847790,10849073,1283,127525
10849073,10850297,1224,133273
10850297,10850825,528,288044
10850825,10851828,1003,64713
10851828,10852888,1060,84121
10852888,10854021,1133,135762
10854021,10855216,1195,48830
10855216,10856353,1137,165701
10856353,10857494,1141,143484
10857494,10857951,457,117382
10857951,10858899,948,15081
10858899,10860069,1170,122863
10860069,10860825,756,110243
10860825,10862006,1181,126319
10862006,10863264,1258,129393
10863264,10864310,1046,58012
10864310,10865604,1294,25765
10865604,10866783,1179,161101
10866783,10867063,280,39476
10867063,10868017,954,245687
10868017,10869127,1110,138888
10869127,10869596,469,134707
10869596,10869959,363,144021
10869959,10871146,1187,53343
10871146,10872365,1219,296465
10872365,10873611,1246,126336
10873611,10874787,1176,105383
10874787,10876032,1245,126929
10876032,10876503,471,16003
10876503,10877568,1065,94108
10877568,10878551,983,70756
10878551,10879653,1102,7884
10879653,10880938,1285,178450
10880938,10881233,295,109180
10881233,10882440,1207,290361
10882440,10883601,1161,142318
10883601,10884708,1107,119253
10884708,10885726,1018,129011
10885726,10886879,1153,5341
10886879,10887979,1100,366
10887979,10888353,374,284424
10888353,10889447,1094,244431
10889447,10890454,1007,36956
10890454,10891466,1012,80534
10891466,10892762,1296,123602
10892762,10894007,1245,36641
10894007,10894480,473,153731
10894480,10895339,859,130093
10895339,10896360,1021,135892
10896360,10897422,1062,123267
10897422,10898683,1261,138045
10898683,10899683,1000,83708
10899683,10900621,938,129994
10900621,10901918,1297,119253
10901918,10903038,1120,27120
10903038,10904261,1223,63839
10904261,10904928,667,48032
10904928,10906078,1150,187466
10906078,10907271,1193,245687
10907271,10908422,1151,62851
10908422,10908668,246,46889
10908668,10909944,1276,293663
10909944,10911076,1132,258960
10911076,10912236,1160,29091
10912236,10913463,1227,4158
10913463,10914742,1279,54487
10914742,10915917,1175,152267
10915917,10917061,1144,362
10917061,10917248,187,135762
10917248,10918519,1271,148962
10918519,10919519,1000,148962
10919519,10920582,1063,11734
10920582,10921683,1101,668
10921683,10921982,299,121541
10921982,10922717,735,121103
10922717,10923726,1009,124999
10923726,10925061,1335,132717
10925061,10926224,1163,143307
10926224,10927370,1146,57180
10927370,10927927,557,113336
10927927,10928132,205,127521
10928132,10929307,1175,130878
10929307,10930546,1239,161707
10930546,10931188,642,137618
10931188,10931831,643,279856
10931831,10932184,353,130226
10932184,10933212,1028,123172
10933212,10934426,1214,29120
10934426,10935625,1199,57179
10935625,10936572,947,151776
10936572,10937709,1137,80534
10937709,10938975,1266,149890
10938975,10939643,668,84121
10939643,10940545,902,298549
10940545,10941612,1067,31091
10941612,10942747,1135,144965
10942747,10943807,1060,157480
10943807,10944928,1121,139200
10944928,10946001,1073,48513
10946001,10947226,1225,132499
10947226,10948399,1173,79973
10948399,10949605,1206,123443
10949605,10950823,1218,16003
10950823,10951776,953,143946
10951776,10952882,1106,271817
10952882,10954174,1292,126965
10954174,10954512,338,282383
10954512,10954757,245,157057
10954757,10955926,1169,290350
10955926,10957065,1139,30105
10957065,10958067,1002,292253
10958067,10958383,316,130876
10958383,10958972,589,70843
10958972,10960120,1148,70837
10960120,10960933,813,301694
10960933,10961665,732,116804
10961665,10962799,1134,282926
10962799,10964056,1257,126739
10964056,10965081,1025,76973
10965081,10965570,489,22178
10965570,10966843,1273,28462
10966843,10967913,1070,126739
10967913,10968652,739,138033
10968652,10969813,1161,44912
10969813,10971122,1309,48361
10971122,10972417,1295,104978
10972417,10973581,1164,121543
10973581,10974826,1245,57836
10974826,10975770,944,121140
10975770,10976885,1115,274374
10976885,10978012,1127,160958
10978012,10979055,1043,167022
10979055,10980358,1303,96168
10980358,10981538,1180,126296
10981538,10982471,933,141209
10982471,10983521,1050,139797
10983521,10984690,1169,166433
10984690,10985390,700,136271
10985390,10985794,404,7239
10985794,10986939,1145,157236
10986939,10987289,350,8927
10987289,10988502,1213,134451
10988502,10989279,777,168497
10989279,10990546,1267,38026
10990546,10991769,1223,291609
10991769,10992924,1155,234100
10992924,10993876,952,122451
10993876,10995082,1206,125084
10995082,10996284,1202,138488
10996284,10997074,790,134119
10997074,10998251,1177,58192
10998251,10999164,913,132485
10999164,11000334,1170,83607
11000334,11001375,1041,278217
11001375,11001742,367,138042
11001742,11002541,799,123267
11002541,11003794,1253,130103
11003794,11004960,1166,107621
11004960,11005299,339,132710
11005299,11006536,1237,149939
11006536,11007746,1210,5703
11007746,11008554,808,143022
11008554,11009657,1103,74798
11009657,11010784,1127,86804
11010784,11011221,437,55088
11011221,11012113,892,110238
11012113,11013380,1267,41610
11013380,11014477,1097,44912
11014477,11015767,1290,216567
11015767,11016972,1205,12926
11016972,11018226,1254,142318
11018226,11019259,1033,289242
11019259,11020508,1249,105673
11020508,11021728,1220,258283
11021728,11022955,1227,147970
11022955,11023894,939,271811
11023894,11025020,1126,6524
11025020,11026219,1199,135221
11026219,11027565,1346,169619
11027565,11028691,1126,147110
11028691,11029897,1206,149881
11029897,11030088,191,39761
11030088,11031367,1279,258263
11031367,11032114,747,700
11032114,11033247,1133,144485
11033247,11034542,1295,130226
11034542,11035775,1233,19371
11035775,11036530,755,66464
11036530,11037719,1189,143022
11037719,11038697,978,162667
11038697,11038958,261,91801
11038958,11040182,1224,128990
11040182,11041267,1085,60800
11041267,11042356,1089,13364
11042356,11043445,1089,58845
11043445,11044630,1185,294114
11044630,11045150,520,64588
11045150,11046211,1061,8927
11046211,11047351,1140,108005
11047351,11047686,335,73961
11047686,11048887,1201,122876
11048887,11049934,1047,110056
11049934,11051171,1237,80189
11051171,11052228,1057,199
11052228,11053375,1147,724
11053375,11054508,1133,295446
11054508,11055488,980,84349
11055488,11056744,1256,131704
11056744,11057814,1070,101289
11057814,11058499,685,161975
11058499,11059747,1248,132644
11059747,11060996,1249,157236
11060996,11062214,1218,121674
11062214,11063340,1126,117382
11063340,11064099,759,130127
11064099,11065020,921,6556
11065020,11066243,1223,137739
11066243,11067424,1181,38660
11067424,11068610,1186,141148
11068610,11069423,813,291718
11069423,11070700,1277,101289
11070700,11071856,1156,152831
11071856,11072319,463,120318
11072319,11073557,1238,61777
11073557,11074530,973,4136
11074530,11075561,1031,125951
11075561,11076757,1196,122451
11076757,11078020,1263,143893
11078020,11079188,1168,54666
11079188,11079955,767,46889
11079955,11081086,1131,76574
11081086,11082259,1173,48830
11082259,11083518,1259,23281
11083518,11084773,1255,118112
11084773,11085435,662,174511
11085435,11086669,1234,130093
11086669,11087670,1001,121085
11087670,11088848,1178,138901
11088848,11089629,781,140040
11089629,11090252,623,110238
11090252,11091193,941,133273
11091193,11091902,709,143321
11091902,11092938,1036,132644
11092938,11094145,1207,295761
11094145,11095217,1072,130184
11095217,11096181,964,294551
11096181,11097260,1079,132717
11097260,11098398,1138,138047
11098398,11099648,1250,140718
11099648,11100669,1021,135216
11100669,11101606,937,94523
11101606,11102886,1280,104890
11102886,11104038,1152,39749
11104038,11104979,941,132645
11104979,11105918,939,26894
11105918,11107163,1245,103126
11107163,11107623,460,39761
11107623,11108688,1065,4687
11108688,11109969,1281,106367
11109969,11111262,1293,133424
11111262,11112249,987,138631
11112249,11113356,1107,124547
11113356,11113622,266,16002
11113622,11114891,1269,36641
11114891,11115850,959,98644
11115850,11117005,1155,72212
11117005,11117233,228,126408
11117233,11117482,249,129325
11117482,11118639,1157,101258
11118639,11119918,1279,398
11119918,11121099,1181,41172
11121099,11122375,1276,72207
11122375,11123501,1126,131732
11123501,11124516,1015,107520
11124516,11125618,1102,99157
11125618,11126818,1200,123163
11126818,11127639,821,143485
11127639,11128147,508,164100
11128147,11129394,1247,123048
11129394,11130558,1164,395
11130558,11131785,1227,139324
11131785,11133011,1226,140222
11133011,11134278,1267,137770
11134278,11135490,1212,170977
11135490,11136703,1213,279363
11136703,11137914,1211,158744
11137914,11138956,1042,4690
11138956,11139869,913,142320
11139869,11140858,989,67233
11140858,11142006,1148,143521
11142006,11143118,1112,5330
11143118,11144263,1145,138042
11144263,11144718,455,5710
11144718,11145127,409,156967
11145127,11146346,1219,142727
11146346,11147476,1130,12332
11147476,11148700,1224,135020
11148700,11149600,900,56179
11149600,11150201,601,298549
11150201,11151391,1190,134120
11151391,11152644,1253,97610
11152644,11153797,1153,12103
11153797,11154683,886,53320
11154683,11155808,1125,112011
11155808,11157088,1280,284433
11157088,11158353,1265,129440
11158353,11159071,718,125128
11159071,11160139,1068,54613
11160139,11161295,1156,133273
11161295,11162784,1489,89880
11162784,11164039,1255,268287
11164039,11165701,1662,13185
11165701,11166892,1191,240992
11166892,11167548,656,110128
11167548,11168500,952,29091
11168500,11169816,1316,142727
11169816,11169972,156,157243
11169972,11171220,1248,50776
11171220,11171980,760,64708
11171980,11172611,631,284424
11172611,11173784,1173,182402
11173784,11174775,991,137627
11174775,11175831,1056,134636
11175831,11177061,1230,275147
11177061,11177698,637,681
11177698,11178977,1279,136458
11178977,11180213,1236,54006
11180213,11181142,929,125123
11181142,11181816,674,304541
11181816,11182563,747,123133
11182563,11183414,851,274379
11183414,11184431,1017,121085
11184431,11185388,957,282926
11185388,11186117,729,164927
11186117,11186982,865,142824
11186982,11188024,1042,120583
11188024,11189293,1269,7894
11189293,11190084,791,245691
11190084,11191302,1218,156724
11191302,11192323,1021,142848
11192323,11193566,1243,127518
11193566,11194899,1333,168500
11194899,11195911,1012,134991
11195911,11197187,1276,118119
11197187,11198315,1128,139358
11198315,11199526,1211,127215
11199526,11200889,1363,101283
11200889,11202054,1165,220951
11202054,11203150,1096,13269
11203150,11204158,1008,148993
11204158,11205350,1192,293957
11205350,11206296,946,135892
11206296,11206791,495,278289
11206791,11207372,581,147962
11207372,11207838,466,39761
11207838,11209060,1222,39475
11209060,11210253,1193,5417
11210253,11211496,1243,128991
11211496,11212603,1107,126932
11212603,11213819,1216,106611
11213819,11215052,1233,48830
11215052,11216266,1214,105171
11216266,11217389,1123,5097
11217389,11218491,1102,158744
11218491,11219440,949,27593
11219440,11220585,1145,113336
11220585,11220957,372,141148
11220957,11221547,590,84447
11221547,11222573,1026,101579
11222573,11223418,845,143361
11223418,11223651,233,147971
11223651,11224659,1008,61421
11224659,11225765,1106,273050
11225765,11226553,788,135897
11226553,11226773,220,130105
11226773,11227924,1151,163519
11227924,11229153,1229,106800
11229153,11230334,1181,700
11230334,11230577,243,26947
11230577,11231676,1099,152825
11231676,11232902,1226,126209
11232902,11234163,1261,113336
11234163,11235216,1053,141135
11235216,11235918,702,279856
11235918,11237277,1359,39967
11237277,11238554,1277,130103
11238554,11239653,1099,77173
11239653,11240915,1262,135894
11240915,11242062,1147,67233
11242062,11243212,1150,135033
11243212,11244330,1118,294697
11244330,11244819,489,139307
11244819,11246037,1218,139681
11246037,11247192,1155,293963
11247192,11247903,711,130494
11247903,11249135,1232,82020
11249135,11250016,881,291168
11250016,11250287,271,13247
11250287,11251245,958,133239
11251245,11252154,909,126829
11252154,11252895,741,132717
11252895,11254137,1242,95959
11254137,11255197,1060,173230
11255197,11256196,999,699
11256196,11257274,1078,89735
11257274,11258274,1000,275128
11258274,11258919,645,294554
11258919,11260042,1123,10160
11260042,11260621,579,121799
11260621,11261846,1225,186230
11261846,11262572,726,132891
11262572,11263126,554,160958
11263126,11264055,929,21305
11264055,11265048,993,143485
11265048,11266205,1157,161714
11266205,11267471,1266,3961
11267471,11268446,975,216570
11268446,11269575,1129,7943
11269575,11269722,147,125882
11269722,11270629,907,106611
11270629,11271776,1147,140041
11271776,11272940,1164,4275
11272940,11273647,707,289242
11273647,11273985,338,123047
11273985,11274659,674,77778
11274659,11275384,725,11612
11275384,11276237,853,157644
11276237,11276780,543,282383
11276780,11277075,295,13270
11277075,11278209,1134,29090
11278209,11279345,1136,73957
11279345,11280502,1157,10160
11280502,11281649,1147,11734
11281649,11282603,954,104890
11282603,11283292,689,862
11283292,11284425,1133,9321
11284425,11284801,376,92806
11284801,11285820,1019,142745
11285820,11286935,1115,19585
11286935,11288101,1166,158074
11288101,11288560,459,216570
11288560,11289526,966,81870
11289526,11290854,1328,141174
11290854,11292049,1195,156159
11292049,11293363,1314,296473
11293363,11294592,1229,125123
11294592,11295795,1203,64588
11295795,11296686,891,121331
11296686,11297491,805,365
11297491,11298809,1318,176854
11298809,11299854,1045,34501
11299854,11301083,1229,178030
11301083,11302392,1309,121766
11302392,11303459,1067,37090
11303459,11304588,1129,126796
11304588,11305853,1265,126739
11305853,11307065,1212,72311
11307065,11308359,1294,101799
11308359,11308894,535,95969
11308894,11309208,314,56179
11309208,11310401,1193,50778
11310401,11311308,907,9915
11311308,11312407,1099,279775
11312407,11313579,1172,23281
11313579,11314848,1269,123602
11314848,11316089,1241,135635
11316089,11317294,1205,91801
11317294,11318602,1308,75362
11318602,11319719,1117,290350
11319719,11320927,1208,296473
11320927,11321990,1063,106800
11321990,11323241,1251,254918
11323241,11323589,348,144019
11323589,11324717,1128,176682
11324717,11325900,1183,282926
11325900,11327123,1223,140071
11327123,11328344,1221,276732
11328344,11329608,1264,141571
11329608,11330641,1033,24514
11330641,11331916,1275,80189
11331916,11332823,907,135824
11332823,11334146,1323,131722
11334146,11335095,949,129317
11335095,11335958,863,129440
11335958,11337131,1173,170956
11337131,11338176,1045,39761
11338176,11339356,1180,293963
11339356,11340583,1227,123025
11340583,11341748,1165,136483
11341748,11342915,1167,291168
11342915,11344158,1243,134991
11344158,11345293,1135,187006
11345293,11346576,1283,88484
11346576,11347843,1267,121671
11347843,11348977,1134,138074
11348977,11350207,1230,185126
11350207,11351470,1263,142744
11351470,11352665,1195,124164
11352665,11353685,1020,81881
11353685,11354736,1051,134120
11354736,11355835,1099,123133
11355835,11357017,1182,67218
11357017,11358238,1221,114476
11358238,11358574,336,104394
11358574,11359791,1217,64974
11359791,11360987,1196,102238
11360987,11362262,1275,123135
11362262,11363516,1254,173230
11363516,11364678,1162,135580
11364678,11365941,1263,290363
11365941,11367142,1201,164100
11367142,11368291,1149,163612
11368291,11369424,1133,43305
11369424,11370474,1050,28380
11370474,11371150,676,141571
11371150,11372084,934,132530
11372084,11372925,841,147971
11372925,11374084,1159,155520
11374084,11375210,1126,69412
11375210,11376419,1209,130489
11376419,11377199,780,132300
11377199,11378299,1100,146346
11378299,11379521,1222,290363
11379521,11379854,333,69411
11379854,11380846,992,132717
11380846,11382067,1221,274376
11382067,11382606,539,232057
11382606,11383752,1146,168500
11383752,11384983,1231,65803
11384983,11386036,1053,47239
11386036,11386257,221,141209
11386257,11387289,1032,105673
11387289,11388547,1258,279775
11388547,11389608,1061,161972
11389608,11390741,1133,118112
11390741,11391960,1219,68888
11391960,11393041,1081,31629
11393041,11394088,1047,125002
11394088,11395372,1284,139297
11395372,11396370,998,141642
11396370,11397564,1194,145088
11397564,11398802,1238,258986
11398802,11399988,1186,52088
11399988,11401161,1173,96168
11401161,11402289,1128,19361
11402289,11402776,487,121891
11402776,11404048,1272,56777
11404048,11405197,1149,121064
11405197,11406360,1163,395
11406360,11407138,778,75810
11407138,11407611,473,129805
11407611,11408783,1172,123602
11408783,11409115,332,144503
11409115,11410108,993,144987
11410108,11411276,1168,284434
11411276,11412594,1318,278220
11412594,11413822,1228,142362
11413822,11414929,1107,176256
11414929,11416058,1129,130093
11416058,11417152,1094,135762
11417152,11417645,493,63713
11417645,11417855,210,140651
11417855,11419057,1202,30593
11419057,11420324,1267,156224
11420324,11421199,875,150915
11421199,11421528,329,9210
11421528,11422794,1266,34483
11422794,11423193,399,291609
11423193,11424237,1044,295446
11424237,11425456,1219,123048
11425456,11426604,1148,182389
11426604,11427709,1105,177234
11427709,11428855,1146,144135
11428855,11429091,236,48842
11429091,11429708,617,139730
11429708,11430897,1189,13185
11430897,11432135,1238,121148
11432135,11433386,1251,132280
11433386,11434561,1175,123048
11434561,11435754,1193,127694
11435754,11436565,811,294113
11436565,11436717,152,101883
11436717,11437947,1230,3961
11437947,11439130,1183,133424
11439130,11440106,976,56574
11440106,11441183,1077,133395
11441183,11442203,1020,133630
11442203,11443126,923,26853
11443126,11444437,1311,96168
11444437,11445656,1219,123216
11445656,11445933,277,110243
11445933,11446874,941,126292
11446874,11448069,1195,104717
11448069,11449216,1147,69607
11449216,11450442,1226,32136
11450442,11451262,820,85684
11451262,11452014,752,59268
11452014,11453180,1166,37092
11453180,11454369,1189,143893
11454369,11455482,1113,123192
11455482,11456687,1205,127936
11456687,11457001,314,278220
11457001,11458062,1061,6174
11458062,11458925,863,134160
11458925,11459861,936,132530
11459861,11461070,1209,1187
11461070,11462346,1276,31091
11462346,11463440,1094,92200
11463440,11464391,951,126313
11464391,11464536,145,110238
11464536,11465761,1225,75355
11465761,11466688,927,84357
11466688,11467745,1057,10344
11467745,11468576,831,170977
11468576,11469282,706,139200
11469282,11470477,1195,92935
11470477,11471689,1212,64292
11471689,11472808,1119,127691
11472808,11473704,896,32856
11473704,11474841,1137,67863
11474841,11475664,823,60801
11475664,11476614,950,78885
11476614,11477067,453,123048
11477067,11478038,971,161972
11478038,11479049,1011,162667
11479049,11479955,906,135636
11479955,11480914,959,163527
11480914,11482116,1202,10327
11482116,11482299,183,104637
11482299,11483600,1301,170956
11483600,11484830,1230,137141
11484830,11485797,967,283138
11485797,11487040,1243,138290
11487040,11488222,1182,141209
11488222,11489466,1244,14674
11489466,11490030,564,132707
11490030,11491299,1269,171133
11491299,11492387,1088,12707
11492387,11493196,809,73846
11493196,11494036,840,15304
11494036,11495247,1211,110526
11495247,11496465,1218,136863
11496465,11497714,1249,279153
11497714,11498828,1114,681
11498828,11500021,1193,275128
11500021,11501174,1153,63713
11501174,11502187,1013,141135
11502187,11502948,761,168500
11502948,11503159,211,150915
11503159,11503812,653,144496
11503812,11503973,161,10344
11503973,11505170,1197,91072
11505170,11505712,542,112058
11505712,11506967,1255,181961
11506967,11507148,181,116804
11507148,11508392,1244,123197
11508392,11509625,1233,138290
11509625,11510892,1267,258970
11510892,11512145,1253,258266
11512145,11512736,591,291107
11512736,11513842,1106,34478
11513842,11515055,1213,1070
11515055,11516054,999,150915
11516054,11517164,1110,99157
11517164,11518141,977,44912
11518141,11519371,1230,139717
11519371,11520701,1330,132484
11520701,11521086,385,141819
11521086,11522067,981,92814
11522067,11522688,621,142320
11522688,11523800,1112,157243
11523800,11524897,1097,137588
11524897,11526080,1183,700
11526080,11527186,1106,132864
11527186,11528329,1143,135636
11528329,11529219,890,295756
11529219,11530378,1159,276908
11530378,11531331,953,48579
11531331,11532307,976,245707
11532307,11533501,1194,96175
11533501,11534774,1273,40571
11534774,11536061,1287,278228
11536061,11536980,919,146770
11536980,11538167,1187,134176
11538167,11539100,933,185485
11539100,11540261,1161,170438
11540261,11541225,964,136983
11541225,11542472,1247,1532
11542472,11543267,795,61317
11543267,11544384,1117,160602
11544384,11545627,1243,125140
11545627,11546717,1090,92915
11546717,11547702,985,64974
11547702,11548007,305,171137
11548007,11549187,1180,157236
11549187,11550240,1053,72205
11550240,11551505,1265,138290
11551505,11552514,1009,82558
11552514,11553622,1108,133279
11553622,11554883,1261,112012
11554883,11556123,1240,135249
11556123,11557360,1237,130977
11557360,11558295,935,121891
11558295,11559342,1047,142318
11559342,11560594,1252,178748
11560594,11561793,1199,103126
11561793,11563051,1258,92934
11563051,11564185,1134,67233
11564185,11565018,833,138289
11565018,11566156,1138,124990
11566156,11567402,1246,158074
11567402,11568431,1029,147110
11568431,11569617,1186,144986
11569617,11570681,1064,81881
11570681,11571705,1024,163606
11571705,11572746,1041,56222
11572746,11573207,461,72207
11573207,11573479,272,129983
11573479,11573877,398,26894
11573877,11575145,1268,87791
11575145,11576195,1050,122789
11576195,11577372,1177,133239
11577372,11578561,1189,72205
11578561,11579419,858,131228
11579419,11580652,1233,86045
11580652,11581876,1224,39970
11581876,11583088,1212,145703
11583088,11584248,1160,89880
11584248,11585052,804,121064
11585052,11586285,1233,61316
11586285,11587149,864,44586
11587149,11588150,1001,32658
11588150,11589330,1180,171133
11589330,11590477,1147,126319
11590477,11591619,1142,64974
11591619,11592022,403,126220
11592022,11593090,1068,142362
11593090,11594174,1084,109173
11594174,11594896,722,46240
11594896,11595711,815,121543
11595711,11596562,851,111961
11596562,11597658,1096,127518
11597658,11599241,1583,89880
11599241,11599747,506,149939
11599747,11600846,1099,131276
11600846,11601632,786,48579
11601632,11602787,1155,7793
11602787,11603760,973,168638
11603760,11604980,1220,133220
11604980,11605966,986,126832
11605966,11607079,1113,127694
11607079,11607862,783,90852
11607862,11608431,569,132717
11608431,11609414,983,48579
11609414,11610518,1104,140071
11610518,11611729,1211,398
11611729,11612498,769,94876
11612498,11613763,1265,101265
11613763,11614018,255,130184
11614018,11614298,280,232690
11614298,11615349,1051,39761
11615349,11616575,1226,133630
11616575,11617796,1221,58012
11617796,11618704,908,172165
11618704,11619800,1096,131228
11619800,11620802,1002,274374
11620802,11621466,664,129324
11621466,11621703,237,3582
11621703,11622528,825,110526
11622528,11623657,1129,14960
11623657,11624305,648,93470
11624305,11625476,1171,39913
11625476,11625875,399,281188
11625875,11626625,750,110243
11626625,11627678,1053,7943
11627678,11628704,1026,125951
11628704,11629701,997,103126
11629701,11630796,1095,64298
11630796,11632101,1305,129393
11632101,11633410,1309,8675
11633410,11634546,1136,14976
11634546,11635844,1298,231836
11635844,11637008,1164,30106
11637008,11638241,1233,157636
11638241,11639263,1022,282391
11639263,11640176,913,10701
11640176,11640783,607,54016
11640783,11641850,1067,258993
11641850,11642998,1148,293663
11642998,11644063,1065,135636
11644063,11644925,862,162667
11644925,11645722,797,144496
11645722,11646895,1173,8675
11646895,11647922,1027,41610
11647922,11648225,303,278289
11648225,11649410,1185,70837
11649410,11650492,1082,129066
11650492,11651281,789,130493
11651281,11652308,1027,12707
11652308,11653154,846,94522
11653154,11654410,1256,104888
11654410,11655595,1185,246893
11655595,11656756,1161,40556
11656756,11657489,733,172156
11657489,11658642,1153,29101
11658642,11659406,764,105394
11659406,11660428,1022,125127
11660428,11661554,1126,1733
11661554,11661991,437,28380
11661991,11663174,1183,157636
11663174,11663907,733,152826
11663907,11665178,1271,84448
11665178,11666212,1034,163505
11666212,11666573,361,129388
11666573,11667593,1020,36633
11667593,11668946,1353,170976
11668946,11670202,1256,254948
11670202,11670641,439,129752
11670641,11671740,1099,64956
11671740,11672925,1185,123036
11672925,11674214,1289,166436
11674214,11675310,1096,174132
11675310,11676361,1051,276732
11676361,11677450,1089,143948
11677450,11678601,1151,126826
11678601,11678892,291,18005
11678892,11680154,1262,108638
11680154,11681251,1097,395
11681251,11682425,1174,291608
11682425,11683604,1179,100431
11683604,11684574,970,155949
11684574,11685558,984,125128
11685558,11686841,1283,94526
11686841,11687531,690,300047
11687531,11688364,833,135264
11688364,11689568,1204,127215
11689568,11690303,735,101265
11690303,11691371,1068,91072
11691371,11692650,1279,138033
11692650,11692835,185,291384
11692835,11693944,1109,82904
11693944,11694885,941,270777
11694885,11695916,1031,149739
11695916,11696992,1076,129805
11696992,11697211,219,107486
11697211,11698481,1270,102232
11698481,11699574,1093,151776
11699574,11700706,1132,134707
11700706,11701867,1161,103126
11701867,11702924,1057,64292
11702924,11704013,1089,11512
11704013,11704390,377,1731
11704390,11705257,867,157242
11705257,11705675,418,83606
11705675,11706686,1011,43305
11706686,11707785,1099,134176
11707785,11707991,206,154282
11707991,11709051,1060,130093
11709051,11710286,1235,26982
11710286,11711379,1093,121543
11711379,11712047,668,63105
11712047,11712262,215,25765
11712262,11713087,825,56778
11713087,11713988,901,296468
11713988,11715251,1263,116805
11715251,11716001,750,48579
11716001,11717063,1062,107517
11717063,11718366,1303,115046
11718366,11719613,1247,178030
11719613,11720569,956,142752
11720569,11721751,1182,56840
11721751,11722776,1025,132073
11722776,11723554,778,125127
11723554,11724515,961,105394
11724515,11725845,1330,163726
11725845,11727046,1201,30591
11727046,11728288,1242,139404
11728288,11729339,1051,140222
11729339,11730461,1122,12715
11730461,11731018,557,31668
11731018,11732109,1091,156968
11732109,11733403,1294,108640
11733403,11734648,1245,102250
11734648,11735501,853,110128
11735501,11736694,1193,290349
11736694,11737862,1168,96498
11737862,11739081,1219,152264
11739081,11739343,262,279849
11739343,11740591,1248,281188
11740591,11741755,1164,36146
11741755,11742824,1069,184448
11742824,11743662,838,130494
11743662,11744839,1177,124221
11744839,11745939,1100,87508
11745939,11746991,1052,168198
11746991,11747743,752,85635
11747743,11748977,1234,169293
11748977,11750097,1120,148529
11750097,11751006,909,139350
11751006,11752101,1095,68344
11752101,11753358,1257,125128
11753358,11754564,1206,7371
11754564,11754898,334,163518
11754898,11755943,1045,11533
11755943,11757198,1255,126220
11757198,11757572,374,25951
11757572,11758772,1200,122544
11758772,11759083,311,127703
11759083,11760336,1253,73296
11760336,11761668,1332,70753
11761668,11762713,1045,271811
11762713,11763840,1127,123135
11763840,11764949,1109,29108
11764949,11765883,934,126233
11765883,11766863,980,296473
11766863,11767141,278,121130
11767141,11768357,1216,70843
11768357,11769557,1200,8140
11769557,11770770,1213,28465
11770770,11771213,443,159371
11771213,11772208,995,11734
11772208,11773443,1235,16802
11773443,11774680,1237,173230
11774680,11775143,463,147989
11775143,11776345,1202,129583
11776345,11777478,1133,121068
11777478,11778067,589,3586
11778067,11778295,228,281132
11778295,11779502,1207,123176
11779502,11780717,1215,131704
11780717,11781304,587,285896
11781304,11781798,494,133424
11781798,11783073,1275,58763
11783073,11784238,1165,104888
11784238,11785341,1103,135580
11785341,11786476,1135,17615
11786476,11787546,1070,21305
11787546,11788568,1022,64974
11788568,11789654,1086,88363
11789654,11790946,1292,102381
11790946,11792079,1133,132530
11792079,11792274,195,5083
11792274,11793489,1215,274380
11793489,11794694,1205,143005
11794694,11795933,1239,288044
11795933,11796404,471,165428
11796404,11797070,666,26520
11797070,11798273,1203,278289
11798273,11799372,1099,127579
11799372,11800588,1216,9010
11800588,11801895,1307,157236
11801895,11802963,1068,125123
11802963,11804242,1279,146111
11804242,11805129,887,30101
11805129,11806340,1211,132485
11806340,11807132,792,287139
11807132,11808448,1316,67233
11808448,11809177,729,39761
11809177,11809381,204,29120
11809381,11810259,878,61781
11810259,11811458,1199,124549
11811458,11811954,496,125127
11811954,11812756,802,139356
11812756,11813947,1191,148993
11813947,11814730,783,75365
11814730,11815209,479,128309
11815209,11815534,325,153731
11815534,11816300,766,141209
11816300,11817592,1292,16003
11817592,11818929,1337,68361
11818929,11819669,740,296468
11819669,11820991,1322,170956
11820991,11821464,473,83696
11821464,11821662,198,163505
11821662,11822921,1259,22178
11822921,11823192,271,14677
11823192,11824283,1091,1129
11824283,11825177,894,61317
11825177,11826442,1265,58843
11826442,11827639,1197,92935
11827639,11827830,191,26987
11827830,11828999,1169,157861
11828999,11830198,1199,162253
11830198,11831194,996,135580
11831194,11832383,1189,6506
11832383,11833491,1108,140725
11833491,11834541,1050,94526
11834541,11835596,1055,274549
11835596,11836810,1214,76055
11836810,11837826,1016,46889
11837826,11838909,1083,47239
11838909,11840133,1224,20410
11840133,11841385,1252,112597
11841385,11842508,1123,142279
11842508,11843147,639,280380
11843147,11844401,1254,138045
11844401,11845685,1284,59268
11845685,11846732,1047,129388
11846732,11847739,1007,129808
11847739,11848895,1156,88007
11848895,11849526,631,140651
11849526,11850873,1347,174960
11850873,11852069,1196,126955
11852069,11853306,1237,121398
11853306,11854595,1289,398
11854595,11855882,1287,10172
11855882,11857157,1275,275147
11857157,11858285,1128,4445
11858285,11859619,1334,126739
11859619,11860116,497,139350
11860116,11860896,780,89882
11860896,11861787,891,83606
11861787,11862756,969,139356
11862756,11863987,1231,291374
11863987,11865256,1269,121899
11865256,11866511,1255,13056
11866511,11867672,1161,276939
11867672,11868810,1138,158796
11868810,11869969,1159,117384
11869969,11871062,1093,139612
11871062,11871940,878,4691
11871940,11873124,1184,29090
11873124,11874348,1224,101580
11874348,11875565,1217,132645
11875565,11876867,1302,64956
11876867,11877966,1099,150855
11877966,11879044,1078,9010
11879044,11880161,1117,758
11880161,11881159,998,279775
11881159,11882387,1228,141644
11882387,11883201,814,26685
11883201,11884330,1129,231836
11884330,11885526,1196,10988
11885526,11885941,415,135891
11885941,11887201,1260,52088
11887201,11888302,1101,162239
11888302,11889465,1163,25765
11889465,11890290,825,161166
11890290,11891440,1150,10988
11891440,11892449,1009,147045
11892449,11893697,1248,97610
11893697,11894709,1012,105171
11894709,11895802,1093,73075
11895802,11896423,621,231836
11896423,11897316,893,138866
11897316,11898575,1259,123266
11898575,11899004,429,128669
11899004,11899327,323,131296
11899327,11899518,191,282386
11899518,11900137,619,19361
11900137,11900658,521,295761
11900658,11901825,1167,80197
11901825,11902865,1040,290350
11902865,11904063,1198,290361
11904063,11904916,853,143483
11904916,11905759,843,130517
11905759,11906917,1158,101883
11906917,11908090,1173,301693
11908090,11908733,643,129597
11908733,11909825,1092,63839
11909825,11910783,958,76974
11910783,11911574,791,122544
11911574,11912516,942,110238
11912516,11913759,1243,156720
11913759,11914911,1152,101276
11914911,11916027,1116,31097
11916027,11917293,1266,7944
11917293,11917837,544,89898
11917837,11919060,1223,109507
11919060,11919875,815,177641
11919875,11921056,1181,64956
11921056,11922170,1114,92420
11922170,11923280,1110,123866
11923280,11924092,812,149033
11924092,11925333,1241,11734
11925333,11926555,1222,46712
11926555,11927406,851,129752
11927406,11928654,1248,101864
11928654,11929613,959,97593
11929613,11930871,1258,25951
11930871,11931656,785,68359
11931656,11932739,1083,285314
11932739,11933665,926,31603
11933665,11934321,656,26559
11934321,11935355,1034,157088
11935355,11936394,1039,130504
11936394,11937669,1275,24514
11937669,11938578,909,130728
11938578,11939273,695,126965
11939273,11940408,1135,87280
11940408,11941423,1015,56778
11941423,11942276,853,293663
11942276,11943337,1061,123059
11943337,11944588,1251,90852
11944588,11944777,189,86683
11944777,11945995,1218,86045
11945995,11946768,773,142311
11946768,11947797,1029,30593
11947797,11948975,1178,140221
11948975,11949367,392,129388
11949367,11950291,924,108620
11950291,11951496,1205,68358
11951496,11952645,1149,146346
11952645,11953878,1233,133424
11953878,11955017,1139,10822
11955017,11956273,1256,157243
11956273,11957532,1259,163597
11957532,11958672,1140,132485
11958672,11958903,231,129659
11958903,11959330,427,9210
11959330,11960485,1155,124549
11960485,11961721,1236,57154
11961721,11962844,1123,142727
11962844,11963698,854,76973
11963698,11964833,1135,169291
11964833,11965202,369,26685
11965202,11966385,1183,128240
11966385,11966862,477,134717
11966862,11968114,1252,141240
11968114,11969373,1259,173591
11969373,11970669,1296,26852
11970669,11971317,648,26894
11971317,11972642,1325,135891
11972642,11973201,559,145088
11973201,11974337,1136,146770
11974337,11975519,1182,19376
11975519,11975899,380,121331
11975899,11977043,1144,88086
11977043,11978306,1263,92202
11978306,11978789,483,129752
11978789,11979876,1087,73848
11979876,11980870,994,2772
11980870,11982023,1153,176270
11982023,11983034,1011,182394
11983034,11983587,553,132650
11983587,11983949,362,216567
11983949,11984992,1043,39661
11984992,11985321,329,124439
11985321,11986018,697,61758
11986018,11986874,856,121064
11986874,11987890,1016,157859
11987890,11988047,157,81870
11988047,11988565,518,19132
11988565,11989692,1127,53458
11989692,11990777,1085,6397
11990777,11991974,1197,146346
11991974,11993215,1241,105167
11993215,11994149,934,125147
11994149,11995280,1131,116804
11995280,11996348,1068,171137
11996348,11997353,1005,48848
11997353,11998191,838,125140
11998191,11999409,1218,121541
11999409,12000660,1251,60480
12000660,12001782,1122,121382
12001782,12002985,1203,134592
12002985,12004247,1262,134420
12004247,12005044,797,115687
12005044,12006032,988,157861
12006032,12006816,784,158074
12006816,12008058,1242,139404
12008058,12009095,1037,54487
12009095,12010404,1309,122614
12010404,12011359,955,131882
12011359,12012431,1072,35926
12012431,12013627,1196,130529
12013627,12014744,1117,142363
12014744,12016009,1265,96168
12016009,12017252,1243,366
12017252,12018376,1124,40556
12018376,12019020,644,7239
12019020,12020109,1089,14497
12020109,12020671,562,110705
12020671,12021775,1104,274549
12021775,12022448,673,232690
12022448,12023237,789,131256
12023237,12023900,663,5703
12023900,12025165,1265,123135
12025165,12026424,1259,87508
12026424,12027587,1163,233382
12027587,12028843,1256,186230
12028843,12029830,987,136271
12029830,12030925,1095,176853
12030925,12032138,1213,117866
12032138,12032550,412,6556
12032550,12033555,1005,163726
12033555,12034763,1208,395
12034763,12035888,1125,134465
12035888,12036609,721,128677
12036609,12037860,1251,126410
12037860,12038770,910,294114
12038770,12039726,956,121727
12039726,12040749,1023,199
12040749,12041434,685,129514
12041434,12042740,1306,276732
12042740,12043792,1052,15304
12043792,12044465,673,112057
12044465,12045070,605,163726
12045070,12046273,1203,123602
12046273,12047354,1081,141320
12047354,12048380,1026,62347
12048380,12048860,480,5417
12048860,12050072,1212,149881
12050072,12051169,1097,292604
12051169,12051629,460,300343
12051629,12052770,1141,61776
12052770,12053997,1227,8675
12053997,12055282,1285,293531
12055282,12056095,813,140072
12056095,12057230,1135,5416
12057230,12058401,1171,139387
12058401,12059610,1209,282385
12059610,12060823,1213,117382
12060823,12062114,1291,275212
12062114,12063279,1165,173230
12063279,12064147,868,161707
12064147,12064705,558,88748
12064705,12065321,616,143361
12065321,12066508,1187,21393
12066508,12067485,977,130495
12067485,12067662,177,46889
12067662,12068420,758,160592
12068420,12069417,997,12545
12069417,12070663,1246,122655
12070663,12071976,1313,75807
12071976,12073237,1261,156015
12073237,12074330,1093,5710
12074330,12074863,533,139361
12074863,12076101,1238,114468
12076101,12076532,431,36386
12076532,12077498,966,159227
12077498,12078627,1129,104606
12078627,12079746,1119,129325
12079746,12080923,1177,101579
12080923,12082084,1161,21498
12082084,12083381,1297,78193
12083381,12084424,1043,128136
12084424,12085647,1223,131742
12085647,12086778,1131,134728
12086778,12087323,545,48579
12087323,12087656,333,5909
12087656,12088319,663,126955
12088319,12088596,277,163381
12088596,12089862,1266,73712
12089862,12090825,963,86026
12090825,12091852,1027,144987
12091852,12093084,1232,126232
12093084,12094026,942,63111
12094026,12095165,1139,132717
12095165,12095398,233,8684
12095398,12096599,1201,123216
12096599,12097596,997,134312
12097596,12098688,1092,132530
12098688,12099598,910,124439
12099598,12100115,517,6556
12100115,12101308,1193,143307
12101308,12101861,553,140725
12101861,12103058,1197,143485
12103058,12104213,1155,700
12104213,12105130,917,5330
12105130,12105977,847,101578
12105977,12106705,728,144496
12106705,12107804,1099,73961
12107804,12108985,1181,10344
12108985,12110199,1214,293963
12110199,12111269,1070,132891
12111269,12112510,1241,127537
12112510,12113543,1033,19585
12113543,12114800,1257,83696
12114800,12115347,547,130127
12115347,12116434,1087,139358
12116434,12116955,521,279856
12116955,12118053,1098,114452
12118053,12119304,1251,157400
12119304,12120255,951,126851
12120255,12120555,300,143625
12120555,12120833,278,279849
12120833,12121929,1096,163322
12121929,12123028,1099,187005
12123028,12124257,1229,164927
12124257,12125199,942,135220
12125199,12126244,1045,5791
12126244,12127085,841,147970
12127085,12128237,1152,159056
12128237,12129506,1269,279363
12129506,12130590,1084,124221
12130590,12131787,1197,110056
12131787,12132546,759,142363
12132546,12133645,1099,168626
12133645,12134361,716,110238
12134361,12135585,1224,65772
12135585,12136892,1307,60801
12136892,12137944,1052,131030
12137944,12138934,990,126739
12138934,12140113,1179,41166
12140113,12141280,1167,130625
12141280,12142333,1053,11535
12142333,12143088,755,89894
12143088,12144199,1111,281188
12144199,12145279,1080,158744
12145279,12146383,1104,126928
12146383,12147193,810,144986
12147193,12148504,1311,275128
12148504,12149757,1253,118112
12149757,12151073,1316,6557
12151073,12152152,1079,279229
12152152,12152454,302,101799
12152454,12153587,1133,143005
12153587,12153825,238,149798
12153825,12153999,174,1731
12153999,12154428,429,112061
12154428,12155541,1113,72876
12155541,12156610,1069,105673
12156610,12157616,1006,130533
12157616,12158623,1007,8592
12158623,12159924,1301,157243
12159924,12160909,985,123270
12160909,12162134,1225,39475
12162134,12163395,1261,92915
12163395,12164620,1225,1562
12164620,12165777,1157,106367
12165777,12166872,1095,53458
12166872,12168031,1159,6541
12168031,12169106,1075,112593
12169106,12170275,1169,2536
12170275,12171499,1224,41933
12171499,12172674,1175,157400
12172674,12173556,882,160593
12173556,12174496,940,290923
12174496,12175716,1220,116804
12175716,12176820,1104,162129
12176820,12177753,933,132601
12177753,12178875,1122,148962
12178875,12179276,401,24731
12179276,12180406,1130,141242
12180406,12181438,1032,26950
12181438,12182569,1131,136983
12182569,12183701,1132,106800
12183701,12184722,1021,139291
12184722,12185625,903,31629
12185625,12186602,977,12332
12186602,12187722,1120,279775
12187722,12188987,1265,86710
12188987,12190238,1251,69550
12190238,12191547,1309,52087
12191547,12192824,1277,130184
12192824,12193633,809,283138
12193633,12194801,1168,131113
12194801,12195905,1104,275127
12195905,12197133,1228,140718
12197133,12198237,1104,140725
12198237,12199442,1205,39970
12199442,12200654,1212,1732
12200654,12201645,991,72200
12201645,12202601,956,101276
12202601,12203723,1122,149739
12203723,12204969,1246,67218
12204969,12206237,1268,88086
12206237,12207472,1235,134792
12207472,12208603,1131,61316
12208603,12209678,1075,149798
12209678,12210185,507,137628
12210185,12211388,1203,159386
12211388,12212554,1166,157400
12212554,12213199,645,121416
12213199,12214536,1337,291107
12214536,12215745,1209,21393
12215745,12216868,1123,115047
12216868,12217929,1061,133220
12217929,12218193,264,139356
12218193,12219203,1010,7793
12219203,12219525,322,140222
12219525,12220116,591,129597
12220116,12221219,1103,274378
12221219,12222416,1197,135824
12222416,12223631,1215,58776
12223631,12224901,1270,129324
12224901,12226041,1140,123176
12226041,12227133,1092,141235
12227133,12228490,1357,121413
12228490,12229550,1060,284424
12229550,12230785,1235,149738
12230785,12231928,1143,102239
12231928,12233158,1230,166420
12233158,12234387,1229,4662
12234387,12235725,1338,134465
12235725,12237077,1352,114469
12237077,12238338,1261,11547
12238338,12239567,1229,56777
12239567,12240788,1221,13056
12240788,12241820,1032,126739
12241820,12242962,1142,135824
12242962,12244141,1179,79973
12244141,12245232,1091,95963
12245232,12245723,491,135033
12245723,12246976,1253,6174
12246976,12247827,851,123506
12247827,12249010,1183,122655
12249010,12250057,1047,102381
12250057,12250654,597,48579
12250654,12251709,1055,65820
12251709,12252866,1157,32139
12252866,12254055,1189,128309
12254055,12254828,773,32886
12254828,12256071,1243,39478
12256071,12257302,1231,127522
12257302,12258105,803,282985
12258105,12259141,1036,13056
12259141,12259596,455,142311
12259596,12260815,1219,127685
12260815,12261451,636,132484
12261451,12262390,939,12895
12262390,12263496,1106,11533
12263496,12263920,424,160187
12263920,12264968,1048,152842
12264968,12266272,1304,170951
12266272,12267451,1179,121080
12267451,12268423,972,129011
12268423,12269615,1192,132707
12269615,12270845,1230,132601
12270845,12271777,932,31097
12271777,12272864,1087,130625
12272864,12273958,1094,11049
12273958,12275200,1242,5757
12275200,12276472,1272,105398
12276472,12277575,1103,152864
12277575,12278292,717,130492
12278292,12278787,495,232690
12278787,12279677,890,276907
12279677,12279918,241,124224
12279918,12281061,1143,92202
12281061,12281704,643,134830
12281704,12282869,1165,31629
12282869,12284113,1244,134121
12284113,12284744,631,284433
12284744,12285954,1210,114469
12285954,12287203,1249,138045
12287203,12287939,736,19208
12287939,12289144,1205,139387
12289144,12290440,1296,6397
12290440,12291597,1157,278228
12291597,12292606,1009,144135
12292606,12293048,442,129393
12293048,12294335,1287,156154
12294335,12295455,1120,11512
12295455,12296676,1221,125147
12296676,12297885,1209,154736
12297885,12298542,657,47239
12298542,12299373,831,110061
12299373,12300616,1243,137589
12300616,12301397,781,144135
12301397,12301850,453,14936
12301850,12303018,1168,101283
12303018,12304159,1141,21305
12304159,12305514,1355,49755
12305514,12305899,385,134463
12305899,12307230,1331,95969
12307230,12308389,1159,52088
12308389,12309642,1253,282934
12309642,12310863,1221,8912
12310863,12311904,1041,89940
12311904,12313216,1312,8689
12313216,12314504,1288,187466
12314504,12315519,1015,139753
12315519,12316666,1147,5416
12316666,12317884,1218,73073
12317884,12318419,535,10642
12318419,12319559,1140,11258
12319559,12319942,383,110742
12319942,12321219,1277,11547
12321219,12321918,699,127518
12321918,12322799,881,143485
12322799,12323951,1152,29110
12323951,12325154,1203,64956
12325154,12326350,1196,296467
12326350,12326555,205,28465
12326555,12326862,307,26894
12326862,12327085,223,66622
12327085,12328324,1239,152224
12328324,12329377,1053,61316
12329377,12330428,1051,41911
12330428,12331516,1088,64708
12331516,12332575,1059,123059
12332575,12333665,1090,18533
12333665,12334515,850,11077
12334515,12335776,1261,14960
12335776,12336987,1211,112597
12336987,12338052,1065,119637
12338052,12339288,1236,86045
12339288,12340493,1205,135897
12340493,12341707,1214,26496
12341707,12342324,617,141135
12342324,12343487,1163,136983
12343487,12344148,661,128310
12344148,12345163,1015,127595
12345163,12345900,737,159371
12345900,12347200,1300,144485
12347200,12348313,1113,126859
12348313,12349148,835,126286
12349148,12350278,1130,138115
12350278,12351297,1019,108638
12351297,12352081,784,128331
12352081,12353362,1281,11512
12353362,12354289,927,258266
12354289,12354613,324,135762
12354613,12355463,850,152264
12355463,12356560,1097,300047
12356560,12357785,1225,121541
12357785,12358867,1082,175448
12358867,12359476,609,160187
12359476,12359758,282,145138
12359758,12360874,1116,13256
12360874,12361949,1075,147110
12361949,12363165,1216,52088
12363165,12364434,1269,28868
12364434,12365445,1011,141571
12365445,12366520,1075,132649
12366520,12367773,1253,148920
12367773,12369066,1293,187005
12369066,12369905,839,104398
12369905,12370986,1081,106369
12370986,12372016,1030,64974
12372016,12372929,913,96157
12372929,12374132,1203,126221
12374132,12375379,1247,97610
12375379,12376567,1188,15307
12376567,12377776,1209,138047
12377776,12378004,228,131113
12378004,12379245,1241,54659
12379245,12380531,1286,109656
12380531,12381538,1007,296159
12381538,12382722,1184,135891
12382722,12383846,1124,274375
12383846,12385128,1282,144135
12385128,12386183,1055,19361
12386183,12387112,929,9010
12387112,12388363,1251,74798
12388363,12389522,1159,121130
12389522,12390703,1181,18005
12390703,12391264,561,39660
12391264,12392387,1123,60800
12392387,12393600,1213,147110
12393600,12394640,1040,46890
12394640,12395882,1242,38026
12395882,12396958,1076,123285
12396958,12398002,1044,102381
12398002,12399179,1177,13364
12399179,12400206,1027,138290
12400206,12401333,1127,28247
12401333,12402610,1277,110705
12402610,12403875,1265,132891
12403875,12404961,1086,296473
12404961,12405465,504,139741
12405465,12406594,1129,21493
12406594,12407616,1022,220951
12407616,12408933,1317,8689
12408933,12410182,1249,121331
12410182,12411381,1199,168500
12411381,12412561,1180,126859
12412561,12413708,1147,176270
12413708,12414033,325,60774
12414033,12415096,1063,49755
12415096,12416202,1106,212
12416202,12417328,1126,280380
12417328,12418363,1035,73958
12418363,12419566,1203,182389
12419566,12419875,309,13185
12419875,12421120,1245,88748
12421120,12421967,847,300343
12421967,12422874,907,298549
12422874,12423395,521,173230
12423395,12424598,1203,131742
12424598,12425635,1037,102232
12425635,12426750,1115,13364
12426750,12427825,1075,12471
12427825,12428941,1116,123882
12428941,12430111,1170,159371
12430111,12430262,151,102240
12430262,12431507,1245,1187
12431507,12431856,349,296473
12431856,12432831,975,131704
12432831,12433980,1149,130489
12433980,12435151,1171,141209
12435151,12436302,1151,135580
12436302,12437464,1162,126955
12437464,12438416,952,126319
12438416,12439605,1189,129805
12439605,12440280,675,6557
12440280,12441256,976,126961
12441256,12442510,1254,134451
12442510,12443771,1261,158081
12443771,12444852,1081,14274
12444852,12445943,1091,145733
12445943,12447096,1153,102250
12447096,12448025,929,18527
12448025,12448272,247,46889
12448272,12449414,1142,6541
12449414,12450576,1162,133471
12450576,12451599,1023,131294
12451599,12452659,1060,220951
12452659,12453707,1048,113272
12453707,12454916,1209,51162
12454916,12455895,979,112187
12455895,12457000,1105,245691
12457000,12458156,1156,296473
12458156,12458994,838,293987
12458994,12460044,1050,160949
12460044,12461034,990,134991
12461034,12461601,567,141208
12461601,12462903,1302,9914
12462903,12464122,1219,110742
12464122,12465373,1251,157644
12465373,12466472,1099,283242
12466472,12467683,1211,123866
12467683,12468576,893,39913
12468576,12469757,1181,163597
12469757,12470820,1063,147110
12470820,12471975,1155,245691
12471975,12473037,1062,298549
12473037,12474270,1233,49755
12474270,12475488,1218,137588
12475488,12476195,707,126965
12476195,12477478,1283,142750
12477478,12478557,1079,58843
12478557,12479788,1231,130625
12479788,12480758,970,93276
12480758,12481914,1156,1043
12481914,12482994,1080,53342
12482994,12483172,178,12898
12483172,12484354,1182,149738
12484354,12485337,983,77779
12485337,12485632,295,11512
12485632,12486813,1181,245687
12486813,12488016,1203,141571
12488016,12488521,505,129396
12488521,12489193,672,7793
12489193,12490314,1121,41166
12490314,12491605,1291,11243
12491605,12492328,723,162239
12492328,12493354,1026,6498
12493354,12494641,1287,134981
12494641,12495788,1147,105398
12495788,12496036,248,46889
12496036,12497037,1001,183988
12497037,12497190,153,216570
12497190,12498261,1071,86710
12498261,12499532,1271,132718
12499532,12500493,961,35926
12500493,12501769,1276,161226
12501769,12502889,1120,133440
12502889,12504103,1214,86710
12504103,12505325,1222,46890
12505325,12505977,652,105171
12505977,12507094,1117,245708
12507094,12508310,1216,104979
12508310,12509253,943,271826
12509253,12509419,166,12731
12509419,12510662,1243,124368
12510662,12511950,1288,142279
12511950,12513110,1160,57179
12513110,12513494,384,14274
12513494,12513752,258,132592
12513752,12514918,1166,13185
12514918,12516025,1107,41933
12516025,12516960,935,86804
12516960,12518155,1195,68188
12518155,12519245,1090,274374
12519245,12520346,1101,132073
12520346,12520933,587,52195
12520933,12522134,1201,61317
12522134,12523406,1272,290350
12523406,12523981,575,156230
12523981,12525120,1139,140067
12525120,12526244,1124,146123
12526244,12527435,1191,293959
12527435,12528506,1071,80534
12528506,12528803,297,258250
12528803,12529131,328,123192
12529131,12529965,834,296159
12529965,12531056,1091,135221
12531056,12532159,1103,182402
12532159,12533460,1301,48831
12533460,12533861,401,32637
12533861,12535005,1144,127704
12535005,12535956,951,133447
12535956,12537076,1120,135216
12537076,12538085,1009,101262
12538085,12539234,1149,84357
12539234,12540508,1274,110243
12540508,12540737,229,105171
12540737,12541071,334,44576
12541071,12542224,1153,258263
12542224,12543303,1079,142824
12543303,12544484,1181,32135
12544484,12544981,497,135659
12544981,12546053,1072,283228
12546053,12547148,1095,126961
12547148,12548238,1090,14677
12548238,12549491,1253,11079
12549491,12550791,1300,167023
12550791,12551752,961,102381
12551752,12552945,1193,138656
12552945,12553988,1043,150915
12553988,12555024,1036,232690
12555024,12555555,531,68344
12555555,12556189,634,276939
12556189,12557310,1121,132882
12557310,12558571,1261,23295
12558571,12559683,1112,2777
12559683,12560955,1272,296159
12560955,12562117,1162,116804
12562117,12563118,1001,67233
12563118,12563597,479,291172
12563597,12564833,1236,131722
12564833,12565908,1075,160952
12565908,12566467,559,129440
12566467,12567371,904,12926
12567371,12568084,713,5758
12568084,12569053,969,32139
12569053,12569976,923,110128
12569976,12571176,1200,365
12571176,12571445,269,6556
12571445,12572246,801,216570
12572246,12573124,878,134160
12573124,12574187,1063,143484
12574187,12575317,1130,155948
12575317,12576372,1055,83607
12576372,12577312,940,14526
12577312,12578454,1142,75355
12578454,12579595,1141,10172
12579595,12580182,587,157644
12580182,12581404,1222,124547
12581404,12582665,1261,11546
12582665,12583665,1000,88086
12583665,12584634,969,26982
12584634,12585429,795,31629
12585429,12586315,886,87791
12586315,12587314,999,290047
12587314,12588518,1204,178450
12588518,12589672,1154,82458
12589672,12590938,1266,142733
12590938,12591593,655,106366
12591593,12592554,961,44912
12592554,12593823,1269,126286
12593823,12594912,1089,127215
12594912,12596118,1206,3582
12596118,12597324,1206,68762
12597324,12598312,988,24515
12598312,12599397,1085,11077
12599397,12600518,1121,72205
12600518,12601284,766,245708
12601284,12602594,1310,67863
12602594,12603810,1216,47237
12603810,12605081,1271,244431
12605081,12606008,927,28375
12606008,12607189,1181,167023
12607189,12608412,1223,123013
12608412,12609447,1035,63841
12609447,12610580,1133,106965
12610580,12611718,1138,100044
12611718,12612152,434,147989
12612152,12612313,161,141819
12612313,12613582,1269,182396
12613582,12614563,981,106800
12614563,12614801,238,149939
12614801,12615606,805,285173
12615606,12616681,1075,245708
12616681,12617020,339,6541
12617020,12617999,979,143264
12617999,12619300,1301,87791
12619300,12620506,1206,231862
12620506,12621728,1222,104986
12621728,12622847,1119,92202
12622847,12623342,495,70837
12623342,12624468,1126,85685
12624468,12625513,1045,129393
12625513,12626670,1157,38660
12626670,12626857,187,122801
12626857,12627373,516,137608
12627373,12628532,1159,10701
12628532,12629697,1165,163612
12629697,12630066,369,132644
12630066,12631200,1134,101289
12631200,12632272,1072,131295
12632272,12633575,1303,65820
12633575,12634564,989,92814
12634564,12635362,798,51163
12635362,12636241,879,186230
12636241,12637481,1240,111754
12637481,12638541,1060,138074
12638541,12638785,244,25765
12638785,12639940,1155,43306
12639940,12640859,919,86043
12640859,12642083,1224,57836
12642083,12643114,1031,104637
12643114,12644246,1132,133447
12644246,12645047,801,37090
12645047,12646307,1260,104398
12646307,12646927,620,233382
12646927,12647357,430,862
12647357,12648106,749,89735
12648106,12649457,1351,287837
12649457,12650749,1292,105394
12650749,12651892,1143,55202
12651892,12652980,1088,105002
12652980,12653214,234,121543
12653214,12653743,529,294523
12653743,12655000,1257,132300
12655000,12656143,1143,63713
12656143,12657292,1149,1536
12657292,12658485,1193,166433
12658485,12658962,477,291379
12658962,12660153,1191,141174
12660153,12661179,1026,68359
12661179,12662002,823,132069
12662002,12662187,185,9342
12662187,12663069,882,166420
12663069,12664184,1115,294697
12664184,12664736,552,163527
12664736,12665771,1035,162238
12665771,12666940,1169,64974
12666940,12667538,598,126739
12667538,12668694,1156,11546
12668694,12669700,1006,156968
12669700,12670876,1176,284424
12670876,12671982,1106,41933
12671982,12672991,1009,149033
12672991,12674021,1030,176660
12674021,12675113,1092,137483
12675113,12676343,1230,163505
12676343,12677533,1190,135580
12677533,12678784,1251,157236
12678784,12679134,350,281188
12679134,12680362,1228,279229
12680362,12681689,1327,148993
12681689,12682119,430,696
12682119,12682778,659,155949
12682778,12684047,1269,110243
12684047,12685234,1187,8927
12685234,12686296,1062,9342
12686296,12687418,1122,134804
12687418,12688416,998,3582
12688416,12689456,1040,150469
12689456,12689882,426,129974
12689882,12690979,1097,107520
12690979,12692284,1305,102250
12692284,12693564,1280,59288
12693564,12694647,1083,295446
12694647,12695763,1116,159230
12695763,12696984,1221,154697
12696984,12697329,345,130727
12697329,12698551,1222,64738
12698551,12699728,1177,32639
12699728,12701025,1297,56175
12701025,12702066,1041,121106
12702066,12702781,715,136483
12702781,12703947,1166,122451
12703947,12705124,1177,123715
12705124,12706158,1034,39501
12706158,12707437,1279,58845
12707437,12708488,1051,15081
12708488,12709045,557,133211
12709045,12709587,542,125951
12709587,12710384,797,127685
12710384,12711018,634,169293
12711018,12711850,832,275147
12711850,12713028,1178,111961
12713028,12714271,1243,6174
12714271,12715340,1069,293531
12715340,12716594,1254,29012
12716594,12717291,697,110061
12717291,12718111,820,121446
12718111,12719114,1003,39967
12719114,12720159,1045,101276
12720159,12721196,1037,84349
12721196,12722103,907,11258
12722103,12723212,1109,142727
12723212,12724015,803,162129
12724015,12725241,1226,59268
12725241,12725686,445,144999
12725686,12726018,332,365
12726018,12727141,1123,124002
12727141,12728401,1260,5083
12728401,12729673,1272,130876
12729673,12730574,901,366
12730574,12731703,1129,131276
12731703,12732772,1069,83606
12732772,12733916,1144,10327
12733916,12735178,1262,30593
12735178,12735441,263,63101
12735441,12735696,255,123190
12735696,12736769,1073,6524
12736769,12738112,1343,131295
12738112,12739233,1121,134991
12739233,12740431,1198,48032
12740431,12741398,967,104717
12741398,12742452,1054,25951
12742452,12742717,265,126955
12742717,12743861,1144,157644
12743861,12744928,1067,147173
12744928,12745845,917,83633
12745845,12746948,1103,6171
12746948,12748106,1158,43321
12748106,12749208,1102,117384
12749208,12750026,818,130627
12750026,12751215,1189,139742
12751215,12751992,777,88089
12751992,12752669,677,130977
12752669,12753870,1201,117866
12753870,12754499,629,14677
12754499,12755780,1281,6175
12755780,12756861,1081,89388
12756861,12758116,1255,30101
12758116,12758291,175,101283
12758291,12758894,603,121799
12758894,12760056,1162,293957
12760056,12761219,1163,127538
12761219,12762479,1260,77782
12762479,12763651,1172,127215
12763651,12764762,1111,94876
12764762,12765927,1165,254948
12765927,12766912,985,185074
12766912,12767550,638,130755
12767550,12767775,225,5909
12767775,12768702,927,139742
12768702,12769836,1134,4733
12769836,12770824,988,296078
12770824,12772131,1307,101799
12772131,12773208,1077,129440
12773208,12774300,1092,117899
12774300,12775418,1118,58776
12775418,12776469,1051,113336
12776469,12777688,1219,163597
12777688,12778059,371,14936
12778059,12778638,579,132717
12778638,12779084,446,64300
12779084,12780378,1294,156757
12780378,12781465,1087,44937
12781465,12782682,1217,185125
12782682,12783229,547,173591
12783229,12784350,1121,64713
12784350,12785359,1009,130532
12785359,12786568,1209,366
12786568,12787828,1260,109656
12787828,12788639,811,123191
12788639,12789262,623,130093
12789262,12790455,1193,58012
12790455,12791728,1273,92820
12791728,12793001,1273,39515
12793001,12793457,456,157861
12793457,12794513,1056,1733
12794513,12794734,221,293963
12794734,12795988,1254,130900
12795988,12797004,1016,156230
12797004,12797255,251,139307
12797255,12798392,1137,300234
12798392,12799625,1233,92002
12799625,12800870,1245,89940
12800870,12801137,267,126945
12801137,12802318,1181,132272
12802318,12803470,1152,231862
12803470,12804674,1204,12971
12804674,12805830,1156,141270
12805830,12806739,909,24731
12806739,12807934,1195,63105
12807934,12809179,1245,12332
12809179,12810304,1125,131218
12810304,12811382,1078,141240
12811382,12812497,1115,94108
12812497,12813478,981,160188
12813478,12814550,1072,137597
12814550,12815649,1099,126313
12815649,12816904,1255,59268
12816904,12817886,982,143477
12817886,12819046,1160,109507
12819046,12819977,931,31668
12819977,12821150,1173,159371
12821150,12822293,1143,14274
12822293,12823327,1034,157644
12823327,12824474,1147,72311
12824474,12825716,1242,61780
12825716,12826977,1261,84010
12826977,12828286,1309,121398
12828286,12829558,1272,149735
12829558,12830473,915,35926
12830473,12831749,1276,141174
12831749,12832710,961,99249
12832710,12833875,1165,138047
12833875,12835140,1265,127518
12835140,12836267,1127,75939
12836267,12837513,1246,123191
12837513,12838792,1279,101265
12838792,12839743,951,132485
12839743,12840888,1145,129324
12840888,12841683,795,135635
12841683,12842723,1040,14958
12842723,12843871,1148,109658
12843871,12844743,872,122876
12844743,12845708,965,131004
12845708,12846857,1149,110243
12846857,12848084,1227,107517
12848084,12849271,1187,144503
12849271,12849486,215,13248
12849486,12850607,1121,53320
12850607,12851910,1303,37090
12851910,12852926,1016,67857
12852926,12854163,1237,162130
12854163,12854771,608,92806
12854771,12855730,959,141174
12855730,12856951,1221,11546
12856951,12858041,1090,300343
12858041,12859280,1239,121148
12859280,12860472,1192,74477
12860472,12860897,425,128309
12860897,12862027,1130,43322
12862027,12863199,1172,154284
12863199,12864410,1211,138486
12864410,12865539,1129,284435
12865539,12866829,1290,60489
12866829,12867892,1063,156154
12867892,12869031,1139,112011
12869031,12870277,1246,32639
12870277,12871157,880,106965
12871157,12872258,1101,107627
12872258,12872996,738,277898
12872996,12873848,852,293987
12873848,12874875,1027,135832
12874875,12875709,834,112761
12875709,12876861,1152,101579
12876861,12878151,1290,117384
12878151,12879382,1231,68361
12879382,12880537,1155,80656
12880537,12881623,1086,59167
12881623,12882871,1248,142363
12882871,12884082,1211,135636
12884082,12884416,334,127704
12884416,12885546,1130,121392
12885546,12886768,1222,44575
12886768,12887233,465,149033
12887233,12888385,1152,122544
12888385,12889338,953,40571
12889338,12890399,1061,64290
12890399,12891621,1222,174953
12891621,12892644,1023,132718
12892644,12892990,346,59268
12892990,12894171,1181,153309
12894171,12894884,713,105002
12894884,12896196,1312,66464
12896196,12896818,622,166423
12896818,12897846,1028,138866
12897846,12898550,704,124164
12898550,12899841,1291,123215
12899841,12900578,737,138656
12900578,12901398,820,262291
12901398,12902413,1015,130870
12902413,12903616,1203,109174
12903616,12904838,1222,142320
12904838,12906003,1165,149939
12906003,12907060,1057,138486
12907060,12908167,1107,232057
12908167,12909427,1260,6398
12909427,12910535,1108,44585
12910535,12911768,1233,395
12911768,12912733,965,172156
12912733,12913772,1039,176256
12913772,12914879,1107,130878
12914879,12915952,1073,101579
12915952,12917152,1200,131732
12917152,12918339,1187,141279
12918339,12919430,1091,105398
12919430,12920285,855,130627
12920285,12920985,700,102381
12920985,12922122,1137,285896
12922122,12923200,1078,15307
12923200,12924300,1100,128309
12924300,12925474,1174,130549
12925474,12926717,1243,232691
12926717,12927222,505,3961
12927222,12927601,379,136863
12927601,12928049,448,150127
12928049,12929220,1171,134316
12929220,12929481,261,216563
12929481,12930191,710,169619
12930191,12931095,904,7894
12931095,12931370,275,165702
12931370,12932456,1086,131106
12932456,12932713,257,67857
12932713,12934043,1330,73024
12934043,12935113,1070,185074
12935113,12936121,1008,76973
12936121,12936771,650,48830
12936771,12937906,1135,123866
12937906,12939010,1104,31609
12939010,12939933,923,101579
12939933,12941068,1135,59268
12941068,12942177,1109,165702
12942177,12943054,877,154671
12943054,12944281,1227,30106
12944281,12945492,1211,145145
12945492,12946627,1135,175962
12946627,12947217,590,148312
12947217,12948443,1226,76973
12948443,12948753,310,122451
12948753,12948988,235,134119
12948988,12949917,929,106370
12949917,12950100,183,153733
12950100,12951353,1253,126965
12951353,12952643,1290,124439
12952643,12953537,894,136610
12953537,12954737,1200,102238
12954737,12955812,1075,143948
12955812,12957021,1209,151817
12957021,12958138,1117,6556
12958138,12958666,528,6556
12958666,12959509,843,63841
12959509,12960726,1217,134804
12960726,12961657,931,279775
12961657,12962894,1237,31089
12962894,12964026,1132,131256
12964026,12965100,1074,26853
12965100,12966349,1249,8927
12966349,12967470,1121,139387
12967470,12968325,855,133290
12968325,12969490,1165,96241
12969490,12970570,1080,134312
12970570,12971696,1126,143477
12971696,12972850,1154,4275
12972850,12973856,1006,169291
12973856,12975028,1172,131732
12975028,12976069,1041,234106
12976069,12976500,431,126232
12976500,12977214,714,18005
12977214,12978325,1111,114476
12978325,12979644,1319,101864
12979644,12980303,659,131899
12980303,12980892,589,16002
12980892,12981463,571,121068
12981463,12982704,1241,127525
12982704,12983845,1141,88761
12983845,12984794,949,63713
12984794,12986112,1318,135832
12986112,12987340,1228,129011
12987340,12988570,1230,119637
12988570,12989757,1187,30101
12989757,12990858,1101,89390
12990858,12991961,1103,130093
12991961,12992904,943,12715
12992904,12993529,625,109179
12993529,12993993,464,126826
12993993,12994982,989,130728
12994982,12996097,1115,14936
12996097,12996470,373,142858
12996470,12997656,1186,134707
12997656,12998627,971,94876
12998627,12999596,969,144965
12999596,13000897,1301,93470
13000897,13002089,1192,166421
13002089,13003000,911,67584
13003000,13004098,1098,158781
13004098,13004769,671,82904
13004769,13005233,464,8890
13005233,13005932,699,92427
13005932,13007217,1285,145703
13007217,13008302,1085,149735
13008302,13009533,1231,98644
13009533,13010632,1099,289242
13010632,13011873,1241,44912
13011873,13012258,385,162238
13012258,13013355,1097,174992
13013355,13014634,1279,1733
13014634,13015789,1155,16632
13015789,13016718,929,89898
13016718,13017676,958,94522
13017676,13017903,227,142744
13017903,13018983,1080,123190
13018983,13019698,715,245708
13019698,13020492,794,63839
13020492,13021523,1031,101836
13021523,13022546,1023,60801
13022546,13023755,1209,139200
13023755,13024791,1036,139297
13024791,13025979,1188,123133
13025979,13026846,867,134717
13026846,13027376,530,63713
13027376,13027935,559,140718
13027935,13029082,1147,275128
13029082,13030213,1131,19366
13030213,13030578,365,291374
13030578,13031533,955,18533
13031533,13032657,1124,124547
13032657,13033952,1295,103120
13033952,13035130,1178,121080
13035130,13035700,570,126319
13035700,13036201,501,274379
13036201,13037418,1217,13056
13037418,13038662,1244,102250
13038662,13039917,1255,54006
13039917,13041042,1125,133224
13041042,13042326,1284,139290
13042326,13042843,517,129994
13042843,13043726,883,23281
13043726,13044699,973,131732
13044699,13045732,1033,121799
13045732,13046915,1183,127525
13046915,13047980,1065,82904
13047980,13048908,928,122944
13048908,13049959,1051,132568
13049959,13050652,693,131882
13050652,13051910,1258,40544
13051910,13053097,1187,362
13053097,13053382,285,126965
13053382,13053840,458,126739
13053840,13054747,907,296467
13054747,13055875,1128,135832
13055875,13057032,1157,155152
13057032,13058213,1181,134728
13058213,13059177,964,275218
13059177,13060290,1113,92806
13060290,13061416,1126,15081
13061416,13062631,1215,2301
13062631,13063242,611,185074
13063242,13064387,1145,274549
13064387,13064646,259,163381
13064646,13065789,1143,105179
13065789,13066954,1165,100044
13066954,13068173,1219,156015
13068173,13068518,345,171133
13068518,13069756,1238,4733
13069756,13070790,1034,53320
13070790,13072017,1227,68192
13072017,13072957,940,11512
13072957,13073909,952,138617
13073909,13075055,1146,71405
13075055,13075354,299,131722
13075354,13076514,1160,262291
13076514,13077782,1268,86679
13077782,13078582,800,67200
13078582,13079759,1177,153731
13079759,13080128,369,130105
13080128,13081246,1118,160187
13081246,13082215,969,278217
13082215,13083301,1086,159371
13083301,13083835,534,164927
13083835,13084628,793,14904
13084628,13085808,1180,63839
13085808,13086709,901,274374
13086709,13087828,1119,64974
13087828,13088976,1148,276939
13088976,13090143,1167,126319
13090143,13091093,950,12538
13091093,13092326,1233,150855
13092326,13093497,1171,142858
13093497,13094680,1183,129443
13094680,13095940,1260,8912
13095940,13096984,1044,124990
13096984,13097197,213,107479
13097197,13098359,1162,13256
13098359,13099046,687,105390
13099046,13100213,1167,126336
13100213,13101403,1190,121140
13101403,13101666,263,157480
13101666,13102538,872,132499
13102538,13103552,1014,101884
13103552,13104711,1159,142279
13104711,13105900,1189,2327
13105900,13106696,796,12715
13106696,13107821,1125,110238
13107821,13109024,1203,144503
13109024,13110234,1210,129752
13110234,13111581,1347,163612
13111581,13111995,414,185126
13111995,13113171,1176,131882
13113171,13114433,1262,145700
13114433,13115588,1155,59268
13115588,13116682,1094,28384
13116682,13117656,974,47032
13117656,13118647,991,99157
13118647,13119917,1270,100145
13119917,13120831,914,130530
13120831,13122047,1216,44585
13122047,13123225,1178,86026
13123225,13123596,371,144135
13123596,13124808,1212,101265
13124808,13126140,1332,131030
13126140,13127366,1226,282357
13127366,13128416,1050,141571
13128416,13129443,1027,63105
13129443,13129730,287,246893
13129730,13130976,1246,137154
13130976,13132219,1243,105386
13132219,13133306,1087,39477
13133306,13134381,1075,4275
13134381,13135610,1229,46890
13135610,13136805,1195,58193
13136805,13138017,1212,51162
13138017,13139136,1119,134981
13139136,13140177,1041,96153
13140177,13141210,1033,139681
13141210,13142309,1099,130627
13142309,13142673,364,123048
13142673,13143798,1125,132850
13143798,13144061,263,129979
13144061,13145358,1297,117095
13145358,13146303,945,121658
13146303,13147586,1283,124224
13147586,13148803,1217,149890
13148803,13149806,1003,26894
13149806,13150988,1182,174511
13150988,13152044,1056,122806
13152044,13153303,1259,62851
13153303,13153883,580,172156
13153883,13155099,1216,132499
13155099,13156355,1256,2772
13156355,13157351,996,273050
13157351,13158463,1112,1532
13158463,13159717,1254,112597
13159717,13160960,1243,139752
13160960,13161880,920,144503
13161880,13163054,1174,155151
13163054,13164348,1294,142896
13164348,13164829,481,13364
13164829,13166170,1341,82904
13166170,13167417,1247,13364
13167417,13168294,877,132848
13168294,13169405,1111,73296
13169405,13170589,1184,67592
13170589,13171722,1133,105673
13171722,13172440,718,140931
13172440,13173732,1292,134465
13173732,13175005,1273,4691
13175005,13175965,960,169293
13175965,13176983,1018,6556
13176983,13177380,397,130105
13177380,13178521,1141,143005
13178521,13179689,1168,292252
13179689,13180799,1110,84448
13180799,13181259,460,112061
13181259,13182541,1282,132592
13182541,13183787,1246,126794
13183787,13184886,1099,8684
13184886,13185376,490,282934
13185376,13186628,1252,144496
13186628,13187746,1118,119253
13187746,13188628,882,39478
13188628,13189627,999,185485
13189627,13190875,1248,161166
13190875,13191948,1073,4447
13191948,13193055,1107,292138
13193055,13194308,1253,132069
13194308,13195386,1078,123135
13195386,13196435,1049,171134
13196435,13197346,911,284434
13197346,13198412,1066,55856
13198412,13199177,765,69607
13199177,13200085,908,20034
13200085,13201409,1324,67863
13201409,13202668,1259,295756
13202668,13203651,983,127579
13203651,13204954,1303,124990
13204954,13205533,579,133227
13205533,13206728,1195,62516
13206728,13208008,1280,170976
13208008,13209032,1024,13185
13209032,13210160,1128,132782
13210160,13210524,364,5909
13210524,13211627,1103,124221
13211627,13212762,1135,164100
13212762,13214056,1294,161707
13214056,13215128,1072,155972
13215128,13216341,1213,245691
13216341,13217616,1275,279363
13217616,13218759,1143,44586
13218759,13219568,809,69412
13219568,13220649,1081,101289
13220649,13221736,1087,291101
13221736,13223011,1275,157636
13223011,13223952,941,4731
13223952,13225137,1185,67860
13225137,13226377,1240,7574
13226377,13227326,949,128991
13227326,13228348,1022,125140
13228348,13229120,772,37999
13229120,13229659,539,24731
13229659,13230887,1228,6498
13230887,13231880,993,121068
13231880,13233005,1125,292348
13233005,13234236,1231,125941
13234236,13235394,1158,133217
13235394,13236598,1204,142733
13236598,13237745,1147,121068
13237745,13238244,499,57180
13238244,13239440,1196,27593
13239440,13240697,1257,136483
13240697,13241940,1243,70837
13241940,13242330,390,124164
13242330,13243099,769,67858
13243099,13244231,1132,287837
13244231,13245438,1207,130977
13245438,13246645,1207,174960
13246645,13247844,1199,47032
13247844,13248935,1091,183239
13248935,13249955,1020,60774
13249955,13250882,927,12103
13250882,13252017,1135,36641
13252017,13253266,1249,89388
13253266,13254424,1158,291170
13254424,13254903,479,86765
13254903,13256028,1125,129587
13256028,13257118,1090,142744
13257118,13258243,1125,174953
13258243,13259480,1237,59167
13259480,13260690,1210,134728
13260690,13261749,1059,57154
13261749,13262899,1150,95969
13262899,13264123,1224,133834
13264123,13265050,927,156720
13265050,13266204,1154,134312
13266204,13266540,336,122944
13266540,13266921,381,112061
13266921,13268229,1308,102240
13268229,13268797,568,152262
13268797,13269166,369,39616
13269166,13270430,1264,77779
13270430,13271395,965,141208
13271395,13272103,708,136483
13272103,13272626,523,862
13272626,13273780,1154,121106
13273780,13275032,1252,160964
13275032,13275871,839,282934
13275871,13277146,1275,135635
13277146,13277344,198,171133
13277344,13277642,298,129325
13277642,13278739,1097,138042
13278739,13279108,369,168626
13279108,13279551,443,107479
13279551,13280637,1086,4654
13280637,13280885,248,157242
13280885,13282053,1168,5776
13282053,13283022,969,31629
13283022,13284035,1013,126600
13284035,13285168,1133,29090
13285168,13286220,1052,139752
13286220,13287304,1084,121106
13287304,13288632,1328,39476
13288632,13289196,564,160188
13289196,13290271,1075,104391
13290271,13291494,1223,170452
13291494,13292600,1106,139290
13292600,13293849,1249,102238
13293849,13295108,1259,290363
13295108,13296355,1247,162130
13296355,13297693,1338,138045
13297693,13298916,1223,254918
13298916,13300021,1105,147990
13300021,13301168,1147,73972
13301168,13301632,464,163527
13301632,13302791,1159,259009
13302791,13303558,767,234067
13303558,13304717,1159,155944
13304717,13305653,936,8912
13305653,13306617,964,157236
13306617,13307322,705,59234
13307322,13308383,1061,152224
13308383,13309696,1313,101265
13309696,13310817,1121,127522
13310817,13312114,1297,172165
13312114,13313326,1212,129805
13313326,13314184,858,121064
13314184,13315455,1271,58869
13315455,13316508,1053,1189
13316508,13317660,1152,185466
13317660,13318919,1259,85640
13318919,13320222,1303,133211
13320222,13320905,683,103120
13320905,13321342,437,20410
13321342,13322522,1180,38660
13322522,13323791,1269,121766
13323791,13324033,242,287671
13324033,13324459,426,20410
13324459,13325560,1101,41911
13325560,13326711,1151,121766
13326711,13327952,1241,121068
13327952,13328924,972,77173
13328924,13330101,1177,184447
13330101,13330654,553,143521
13330654,13331909,1255,64075
13331909,13332592,683,162238
13332592,13333588,996,64588
13333588,13334812,1224,233342
13334812,13336121,1309,130105
13336121,13337291,1170,270778
13337291,13338412,1121,99124
13338412,13339694,1282,44912
13339694,13340845,1151,176660
13340845,13341122,277,123047
13341122,13342331,1209,78885
13342331,13342976,645,7793
13342976,13343537,561,134708
13343537,13344522,985,146346
13344522,13344816,294,146770
13344816,13346097,1281,234067
13346097,13346892,795,62851
13346892,13347723,831,11528
13347723,13348823,1100,132532
13348823,13350028,1205,73296
13350028,13351316,1288,132272
13351316,13352403,1087,107487
13352403,13353673,1270,224
13353673,13354474,801,157056
13354474,13355398,924,160187
13355398,13356545,1147,118119
13356545,13357717,1172,283242
13357717,13358530,813,110742
13358530,13359493,963,56174
13359493,13360553,1060,1129
13360553,13361601,1048,147110
13361601,13362708,1107,142279
13362708,13363935,1227,32856
13363935,13364398,463,135892
13364398,13365535,1137,14274
13365535,13366694,1159,151776
13366694,13367458,764,47032
13367458,13368693,1235,4861
13368693,13369634,941,121392
13369634,13369859,225,160187
13369859,13371048,1189,166420
13371048,13371733,685,149245
13371733,13372897,1164,274378
13372897,13373136,239,57154
13373136,13373751,615,240992
13373751,13374635,884,74798
13374635,13375417,782,147193
13375417,13376706,1289,4275
13376706,13377965,1259,92202
13377965,13379107,1142,262305
13379107,13380342,1235,114971
13380342,13380705,363,279852
13380705,13381531,826,129596
13381531,13382761,1230,141268
13382761,13383892,1131,142745
13383892,13384965,1073,281472
13384965,13386204,1239,54016
13386204,13386597,393,143271
13386597,13386810,213,279153
13386810,13387966,1156,39476
13387966,13388209,243,133396
13388209,13389242,1033,39971
13389242,13390147,905,84122
13390147,13390896,749,176683
13390896,13391947,1051,163726
13391947,13392894,947,29110
13392894,13393664,770,290363
13393664,13394862,1198,137739
13394862,13396115,1253,127215
13396115,13397246,1131,137483
13397246,13398387,1141,58137
13398387,13399151,764,24515
13399151,13400296,1145,125883
13400296,13401462,1166,48579
13401462,13402559,1097,30593
13402559,13403208,649,67200
13403208,13404452,1244,121661
13404452,13405002,550,122627
13405002,13405273,271,47032
13405273,13406401,1128,73732
13406401,13407655,1254,116797
13407655,13408758,1103,39967
13408758,13410065,1307,274378
13410065,13411208,1143,67147
13411208,13411756,548,101836
13411756,13412935,1179,120280
13412935,13413880,945,141209
13413880,13415060,1180,67851
13415060,13416174,1114,122827
13416174,13417066,892,130878
13417066,13418278,1212,6176
13418278,13419136,858,756
13419136,13420159,1023,64588
13420159,13421409,1250,126928
13421409,13422667,1258,134636
13422667,13423216,549,111754
13423216,13424358,1142,44937
13424358,13425645,1287,91072
13425645,13426857,1212,47541
13426857,13427497,640,10327
13427497,13428691,1194,73958
13428691,13429850,1159,58192
13429850,13431043,1193,60489
13431043,13431362,319,254949
13431362,13432604,1242,110528
13432604,13433614,1010,123715
13433614,13434141,527,121799
13434141,13435016,875,13269
13435016,13435980,964,129324
13435980,13437138,1158,144986
13437138,13438363,1225,132530
13438363,13439552,1189,138043
13439552,13440350,798,147971
13440350,13440931,581,30593
13440931,13441966,1035,246948
13441966,13443003,1037,186230
13443003,13444140,1137,73958
13444140,13445287,1147,58845
13445287,13446501,1214,160602
13446501,13447547,1046,9915
13447547,13448830,1283,166423
13448830,13450003,1173,141242
13450003,13451213,1210,1732
13451213,13451727,514,187464
13451727,13452344,617,75807
13452344,13453573,1229,259009
13453573,13454674,1101,30593
13454674,13455841,1167,12085
13455841,13456664,823,39661
13456664,13457810,1146,125123
13457810,13458346,536,126480
13458346,13458743,397,10674
13458743,13459546,803,258960
13459546,13460676,1130,138545
13460676,13461894,1218,56175
13461894,13463165,1271,153309
13463165,13464431,1266,73973
13464431,13465546,1115,20410
13465546,13466669,1123,83696
13466669,13467776,1107,4479
13467776,13469011,1235,130755
13469011,13469842,831,22581
13469842,13471130,1288,134728
13471130,13472373,1243,131259
13472373,13473598,1225,41151
13473598,13474511,913,44577
13474511,13475516,1005,259009
13475516,13476664,1148,137614
13476664,13477541,877,287139
13477541,13478678,1137,129594
13478678,13479652,974,92930
13479652,13480501,849,108621
13480501,13481376,875,121661
13481376,13482549,1173,144485
13482549,13483795,1246,135826
13483795,13484247,452,282357
13484247,13485389,1142,245708
13485389,13485768,379,8927
13485768,13486939,1171,124439
13486939,13488022,1083,134451
13488022,13489388,1366,94523
13489388,13490639,1251,58192
13490639,13491734,1095,129513
13491734,13492709,975,5416
13492709,13493358,649,155151
13493358,13494636,1278,274376
13494636,13495818,1182,83606
13495818,13496897,1079,71531
13496897,13498027,1130,132272
13498027,13499207,1180,285314
13499207,13500224,1017,274374
13500224,13501341,1117,130105
13501341,13502334,993,276730
13502334,13503907,1573,135635
13503907,13504993,1086,133273
13504993,13505442,449,41610
13505442,13506590,1148,141209
13506590,13507788,1198,117382
13507788,13508918,1130,19376
13508918,13510157,1239,105673
13510157,13511076,919,152265
13511076,13512227,1151,11612
13512227,13513077,850,145700
13513077,13513961,884,4136
13513961,13514360,399,142727
13514360,13514969,609,294523
13514969,13515925,956,143948
13515925,13517202,1277,57180
13517202,13517877,675,123059
13517877,13519085,1208,101579
13519085,13519973,888,109662
13519973,13521191,1218,284268
13521191,13522452,1261,143264
13522452,13523597,1145,67592
13523597,13524136,539,137597
13524136,13524543,407,73296
13524543,13525778,1235,128632
13525778,13526907,1129,72200
13526907,13527857,950,300343
13527857,13528227,370,124164
13528227,13529373,1146,73847
13529373,13530527,1154,85685
13530527,13531328,801,295761
13531328,13532024,696,132644
13532024,13533282,1258,127685
13533282,13533991,709,7239
13533991,13534768,777,276732
13534768,13535051,283,157636
13535051,13536279,1228,60774
13536279,13537480,1201,40556
13537480,13537689,209,121140
13537689,13538948,1259,28868
13538948,13540077,1129,5911
13540077,13541376,1299,170982
13541376,13541537,161,88349
13541537,13542558,1021,96241
13542558,13543641,1083,73957
13543641,13544652,1011,124439
13544652,13545991,1339,135824
13545991,13547030,1039,48579
13547030,13548229,1199,700
13548229,13549372,1143,148529
13549372,13550252,880,101278
13550252,13550526,274,756
13550526,13551609,1083,5083
13551609,13552550,941,10822
13552550,13553833,1283,157243
13553833,13554300,467,59288
13554300,13555284,984,123882
13555284,13556477,1193,220952
13556477,13557773,1296,123715
13557773,13558944,1171,126739
13558944,13559921,977,160187
13559921,13561017,1096,49755
13561017,13562173,1156,165387
13562173,13562791,618,129514
13562791,13563529,738,176680
13563529,13563976,447,258960
13563976,13565298,1322,139717
13565298,13565995,697,6557
13565995,13566967,972,5776
13566967,13568169,1202,121734
13568169,13568998,829,126410
13568998,13570131,1133,132777
13570131,13570840,709,104978
13570840,13571961,1121,86679
13571961,13573125,1164,105002
13573125,13574372,1247,86040
13574372,13575613,1241,101580
13575613,13576760,1147,245708
13576760,13578026,1266,68188
13578026,13579233,1207,157057
13579233,13580486,1253,152826
13580486,13581693,1207,278228
13581693,13582688,995,291374
13582688,13583369,681,139350
13583369,13584652,1283,6506
13584652,13585703,1051,292604
13585703,13586967,1264,28465
13586967,13587933,966,108638
13587933,13589111,1178,141242
13589111,13590281,1170,129396
13590281,13591360,1079,158744
13591360,13592445,1085,112056
13592445,13593514,1069,108638
13593514,13594523,1009,134434
13594523,13595587,1064,128136
13595587,13596700,1113,109173
13596700,13597039,339,397
13597039,13598305,1266,124368
13598305,13598646,341,39761
13598646,13599878,1232,101283
13599878,13601124,1246,112011
13601124,13602373,1249,129659
13602373,13603619,1246,95969
13603619,13604798,1179,276735
13604798,13606043,1245,216567
13606043,13606778,735,158744
13606778,13607795,1017,94876
13607795,13608927,1132,110742
13608927,13610192,1265,134176
13610192,13610504,312,126929
13610504,13611670,1166,139753
13611670,13612695,1025,131259
13612695,13613391,696,12715
13613391,13613925,534,52088
13613925,13614910,985,140041
13614910,13616007,1097,138043
13616007,13617073,1066,10801
13617073,13618172,1099,291107
13618172,13618989,817,126410
13618989,13620107,1118,123506
13620107,13620968,861,144503
13620968,13622173,1205,134312
13622173,13623210,1037,62516
13623210,13624317,1107,5764
13624317,13624770,453,158744
13624770,13625971,1201,3966
13625971,13626641,670,75810
13626641,13627568,927,132485
13627568,13628746,1178,300343
13628746,13629836,1090,172156
13629836,13631020,1184,106969
13631020,13632084,1064,129597
13632084,13633195,1111,108621
13633195,13634288,1093,9010
13634288,13635604,1316,143521
13635604,13635902,298,133290
13635902,13636191,289,11243
13636191,13637257,1066,140639
13637257,13638539,1282,74797
13638539,13638960,421,101864
13638960,13640023,1063,96241
13640023,13641232,1209,158796
13641232,13642341,1109,12971
13642341,13642731,390,169291
13642731,13643912,1181,158796
13643912,13645132,1220,39970
13645132,13646343,1211,23281
13646343,13647633,1290,295710
13647633,13648845,1212,135264
13648845,13649940,1095,123715
13649940,13651117,1177,121661
13651117,13652370,1253,164327
13652370,13653477,1107,290047
13653477,13654704,1227,127521
13654704,13655790,1086,95969
13655790,13656951,1161,134434
13656951,13658096,1145,47239
13658096,13658551,455,135894
13658551,13659612,1061,137483
13659612,13660792,1180,37134
13660792,13661391,599,300343
13661391,13662680,1289,258250
13662680,13663889,1209,122828
13663889,13664961,1072,67592
13664961,13666222,1261,170212
13666222,13667465,1243,132499
13667465,13668675,1210,862
13668675,13669970,1295,133630
13669970,13670552,582,143485
13670552,13671340,788,290047
13671340,13672560,1220,61742
13672560,13673785,1225,36146
13673785,13675002,1217,121024
13675002,13676091,1089,177627
13676091,13677306,1215,117095
13677306,13678378,1072,141235
13678378,13679518,1140,293959
13679518,13680846,1328,285173
13680846,13681894,1048,134120
13681894,13682119,225,129790
13682119,13683280,1161,131228
13683280,13684493,1213,116797
13684493,13685188,695,127703
13685188,13686427,1239,102239
13686427,13687730,1303,185436
13687730,13688901,1171,19376
13688901,13689957,1056,11734
13689957,13691112,1155,75939
13691112,13692260,1148,77782
13692260,13693425,1165,144987
13693425,13694680,1255,10172
13694680,13695929,1249,132272
13695929,13697140,1211,126859
13697140,13697765,625,47541
13697765,13698976,1211,87997
13698976,13699461,485,168204
13699461,13700616,1155,121658
13700616,13701863,1247,10088
13701863,13702993,1130,156474
13702993,13704175,1182,137589
13704175,13705280,1105,14358
13705280,13706091,811,158781
13706091,13707356,1265,46712
13707356,13708541,1185,184447
13708541,13709619,1078,23295
13709619,13710916,1297,121541
13710916,13711181,265,31629
13711181,13712246,1065,143321
13712246,13713431,1185,101289
13713431,13714585,1154,109185
13714585,13715603,1018,46890
13715603,13716826,1223,133395
13716826,13717974,1148,22581
13717974,13718920,946,84357
13718920,13720216,1296,137614
13720216,13720775,559,39971
13720775,13721781,1006,129623
13721781,13722977,1196,74477
13722977,13724305,1328,668
13724305,13724654,349,288043
13724654,13725745,1091,176660
13725745,13726882,1137,131228
13726882,13727992,1110,126859
13727992,13729245,1253,258960
13729245,13730382,1137,149735
13730382,13730971,589,126408
13730971,13732050,1079,88761
13732050,13732890,840,56777
13732890,13733879,989,28247
13733879,13734804,925,155968
13734804,13736040,1236,700
13736040,13737282,1242,16632
13737282,13738437,1155,134425
13738437,13739598,1161,129325
13739598,13740651,1053,138656
13740651,13741845,1194,87508
13741845,13742966,1121,39478
13742966,13744202,1236,148920
13744202,13745315,1113,39481
13745315,13746594,1279,274378
13746594,13747845,1251,101892
13747845,13748037,192,178450
13748037,13749278,1241,164100
13749278,13750379,1101,144485
13750379,13751234,855,124368
13751234,13752445,1211,83607
13752445,13753332,887,132705
13753332,13754566,1234,26852
13754566,13755803,1237,126221
13755803,13756964,1161,104491
13756964,13757265,301,139009
13757265,13758411,1146,52087
13758411,13759456,1045,73296
13759456,13760507,1051,6498
13760507,13761852,1345,127703
13761852,13762832,980,8689
13762832,13764013,1181,121398
13764013,13765115,1102,48842
13765115,13766203,1088,279775
13766203,13767390,1187,5710
13767390,13768627,1237,184265
13768627,13769684,1057,187005
13769684,13770935,1251,287139
13770935,13772063,1128,108005
13772063,13773256,1193,108620
13773256,13774476,1220,142848
13774476,13775721,1245,73972
13775721,13776914,1193,157858
13776914,13777139,225,138290
13777139,13778384,1245,39475
13778384,13778785,401,60774
13778785,13779166,381,126408
13779166,13780276,1110,66470
13780276,13780949,673,64292
13780949,13781153,204,62347
13781153,13782213,1060,300208
13782213,13783176,963,112058
13783176,13784441,1265,125128
13784441,13785481,1040,67584
13785481,13786738,1257,107487
13786738,13787789,1051,124990
13787789,13788357,568,32139
13788357,13788940,583,101579
13788940,13789377,437,129393
13789377,13790143,766,26894
13790143,13791352,1209,44577
13791352,13792637,1285,47541
13792637,13793891,1254,133442
13793891,13795013,1122,63713
13795013,13795401,388,139612
13795401,13796394,993,176853
13796394,13797435,1041,157243
13797435,13798634,1199,138901
13798634,13799830,1196,231862
13799830,13800703,873,172165
13800703,13801950,1247,92806
13801950,13802826,876,122544
13802826,13802999,173,145703
13802999,13804086,1087,56777
13804086,13805295,1209,171139
13805295,13806384,1089,156977
13806384,13807503,1119,287671
13807503,13808130,627,95875
13808130,13809219,1089,9914
13809219,13810060,841,121085
13810060,13810587,527,36641
13810587,13811579,992,60480
13811579,13812074,495,160188
13812074,13813125,1051,93470
13813125,13814303,1178,4861
13814303,13814996,693,143005
13814996,13816103,1107,60801
13816103,13817047,944,58869
13817047,13818192,1145,8689
13818192,13819274,1082,135580
13819274,13820547,1273,54016
13820547,13820711,164,86026
13820711,13821803,1092,273050
13821803,13822946,1143,134728
13822946,13824177,1231,48525
13824177,13825454,1277,107517
13825454,13826496,1042,177234
13826496,13826914,418,6397
13826914,13827791,877,83708
13827791,13828886,1095,122828
13828886,13829134,248,86732
13829134,13830115,981,147110
13830115,13831089,974,39481
13831089,13832049,960,168500
13832049,13832740,691,47239
13832740,13833348,608,1536
13833348,13833841,493,93276
13833841,13834054,213,220951
13834054,13835034,980,166683
13835034,13835923,889,17615
13835923,13836735,812,187006
13836735,13837922,1187,149735
13837922,13838555,633,123267
13838555,13839828,1273,43321
13839828,13840284,456,73732
13840284,13841567,1283,138074
13841567,13842539,972,102381
13842539,13843649,1110,12538
13843649,13844214,565,131735
13844214,13845464,1250,156967
13845464,13846177,713,13364
13846177,13846376,199,19209
13846376,13847342,966,85635
13847342,13848389,1047,177641
13848389,13849595,1206,143895
13849595,13850705,1110,123266
13850705,13851328,623,123197
13851328,13852553,1225,123167
13852553,13853631,1078,121085
13853631,13854825,1194,8689
13854825,13856061,1236,137770
13856061,13857111,1050,88761
13857111,13857961,850,164101
13857961,13859568,1607,62851
13859568,13860921,1353,282357
13860921,13861820,899,91905
13861820,13863009,1189,157088
13863009,13864198,1189,68770
13864198,13865115,917,138488
13865115,13866341,1226,126860
13866341,13867442,1101,12332
13867442,13868685,1243,143946
13868685,13869684,999,94526
13869684,13870828,1144,163597
13870828,13871950,1122,146111
13871950,13872914,964,70998
13872914,13874113,1199,295759
13874113,13875320,1207,271812
13875320,13876333,1013,86765
13876333,13877590,1257,39761
13877590,13878341,751,130994
13878341,13879368,1027,91801
13879368,13880031,663,11734
13880031,13881120,1089,1562
13881120,13881797,677,170453
13881797,13883047,1250,133442
13883047,13884156,1109,126957
13884156,13885458,1302,155152
13885458,13886653,1195,279775
13886653,13887854,1201,362
13887854,13889115,1261,183239
13889115,13890412,1297,143307
13890412,13891687,1275,19361
13891687,13892346,659,12103
13892346,13893467,1121,130870
13893467,13893902,435,139297
13893902,13895104,1202,186232
13895104,13896141,1037,133395
13896141,13897476,1335,285135
13897476,13897786,310,157236
13897786,13898765,979,121658
13898765,13899087,322,155949
13899087,13900214,1127,134804
13900214,13901412,1198,86777
13901412,13902727,1315,125123
13902727,13903990,1263,8674
13903990,13905233,1243,184266
13905233,13906406,1173,139009
13906406,13907434,1028,11079
13907434,13908647,1213,67857
13908647,13909677,1030,32886
13909677,13910710,1033,142848
13910710,13911998,1288,125001
13911998,13913242,1244,131218
13913242,13914474,1232,123047
13914474,13914964,490,138045
13914964,13915414,450,278217
13915414,13916658,1244,104979
13916658,13917952,1294,86040
13917952,13918927,975,37090
13918927,13919386,459,37999
13919386,13919701,315,134149
13919701,13920874,1173,39761
13920874,13922052,1178,95870
13922052,13923273,1221,26853
13923273,13924216,943,8890
13924216,13925488,1272,93276
13925488,13925781,293,245691
13925781,13926961,1180,131722
13926961,13927937,976,220951
13927937,13928962,1025,58433
13928962,13929344,382,157644
13929344,13930142,798,293531
13930142,13931425,1283,157056
13931425,13932180,755,12545
13932180,13933251,1071,133263
13933251,13934438,1187,140041
13934438,13935567,1129,234106
13935567,13936899,1332,293531
13936899,13937931,1032,84122
13937931,13938974,1043,12898
13938974,13940077,1103,28375
13940077,13940859,782,106367
13940859,13941265,406,67851
13941265,13942463,1198,122806
13942463,13942985,522,141320
13942985,13944118,1133,362
13944118,13945268,1150,132882
13945268,13946300,1032,130533
13946300,13947406,1106,86765
13947406,13948656,1250,66166
13948656,13949139,483,122451
13949139,13950241,1102,111574
13950241,13951413,1172,149739
13951413,13952684,1271,121734
13952684,13953948,1264,92002
13953948,13954994,1046,89388
13954994,13956167,1173,121727
13956167,13956645,478,138033
13956645,13957712,1067,114971
13957712,13958748,1036,136610
13958748,13959927,1179,125883
13959927,13960884,957,291379
13960884,13961969,1085,142824
13961969,13963049,1080,137141
13963049,13964215,1166,171133
13964215,13965240,1025,19208
13965240,13965459,219,122944
13965459,13966699,1240,129011
13966699,13967579,880,113272
13967579,13968480,901,164187
13968480,13969633,1153,12707
13969633,13970906,1273,105673
13970906,13972145,1239,12538
13972145,13973274,1129,281472
13973274,13974493,1219,54487
13974493,13975613,1120,39475
13975613,13976709,1096,130532
13976709,13977607,898,52087
13977607,13978747,1140,291107
13978747,13979903,1156,126296
13979903,13981099,1196,280922
13981099,13981526,427,4275
13981526,13982722,1196,126296
13982722,13983955,1233,29092
13983955,13984861,906,34501
13984861,13985562,701,57180
13985562,13986771,1209,74477
13986771,13987001,230,126965
13987001,13988263,1262,39967
13988263,13989206,943,112056
13989206,13989792,586,124547
13989792,13990876,1084,63101
13990876,13992102,1226,108638
13992102,13993210,1108,133440
13993210,13993445,235,302395
13993445,13994587,1142,121103
13994587,13994964,377,163381
13994964,13995412,448,136271
13995412,13996576,1164,130977
13996576,13997739,1163,139743
13997739,13998781,1042,74797
13998781,14000003,1222,284434
14000003,14001157,1154,126737
14001157,14002414,1257,66166
14002414,14003472,1058,134981
14003472,14004732,1260,85640
14004732,14005825,1093,19209
14005825,14007087,1262,6525
14007087,14008262,1175,143005
14008262,14009228,966,79973
14009228,14010404,1176,91192
14010404,14011525,1121,142858
14011525,14012751,1226,19132
14012751,14013429,678,133290
14013429,14014424,995,141248
14014424,14015520,1096,258262
14015520,14016627,1107,70998
14016627,14017957,1330,143521
14017957,14018886,929,126232
14018886,14019999,1113,133279
14019999,14021192,1193,121068
14021192,14022251,1059,156973
14022251,14023256,1005,86710
14023256,14024447,1191,108638
14024447,14025449,1002,220980
14025449,14025918,469,104394
14025918,14027119,1201,160602
14027119,14028284,1165,75810
14028284,14029556,1272,46890
14029556,14030555,999,30119
14030555,14031650,1095,14672
14031650,14032930,1280,87280
14032930,14034134,1204,130226
14034134,14035436,1302,125118
14035436,14036702,1266,122809
14036702,14037246,544,68369
14037246,14038485,1239,122801
14038485,14039650,1165,281471
14039650,14040625,975,133279
14040625,14040777,152,104637
14040777,14041161,384,142320
14041161,14042445,1284,144135
14042445,14042680,235,291379
14042680,14043687,1007,262269
14043687,14044961,1274,284433
14044961,14045862,901,121140
14045862,14046961,1099,163726
14046961,14048152,1191,126209
14048152,14049369,1217,104483
14049369,14050613,1244,132776
14050613,14051902,1289,121085
14051902,14052889,987,157242
14052889,14054035,1146,109173
14054035,14055164,1129,136861
14055164,14056270,1106,294120
14056270,14057207,937,144965
14057207,14057583,376,134463
14057583,14058252,669,101276
14058252,14059332,1080,147990
14059332,14060122,790,245707
14060122,14061387,1265,163527
14061387,14062655,1268,74797
14062655,14063826,1171,122545
14063826,14064983,1157,176853
14064983,14065630,647,110238
14065630,14066749,1119,19665
14066749,14067955,1206,258283
14067955,14069213,1258,133224
14069213,14069991,778,70998
14069991,14071154,1163,139361
14071154,14072089,935,258974
14072089,14073193,1104,699
14073193,14074475,1282,58090
14074475,14075662,1187,126313
14075662,14076860,1198,170977
14076860,14077918,1058,35926
14077918,14078743,825,114452
14078743,14079970,1227,155968
14079970,14081153,1183,132299
14081153,14082372,1219,134657
14082372,14083325,953,126221
14083325,14084451,1126,128761
14084451,14085343,892,84121
14085343,14086482,1139,54487
14086482,14087539,1057,5710
14087539,14088544,1005,13185
14088544,14089642,1098,277899
14089642,14090955,1313,139336
14090955,14092216,1261,139361
14092216,14092689,473,48032
14092689,14093930,1241,6171
14093930,14095128,1198,135636
14095128,14096343,1215,135762
14096343,14097623,1280,39515
14097623,14098728,1105,71320
14098728,14099258,530,130494
14099258,14100417,1159,64290
14100417,14100978,561,295759
14100978,14102036,1058,176682
14102036,14103035,999,164328
14103035,14104242,1207,18524
14104242,14105454,1212,31609
14105454,14106595,1141,284268
14106595,14107616,1021,43296
14107616,14108847,1231,76055
14108847,14110063,1216,127537
14110063,14111355,1292,283462
14111355,14112422,1067,279852
14112422,14113093,671,304535
14113093,14114318,1225,91801
14114318,14115523,1205,6556
14115523,14116838,1315,171139
14116838,14117161,323,135897
14117161,14118371,1210,16802
14118371,14119605,1234,139753
14119605,14120694,1089,87791
14120694,14121915,1221,282406
14121915,14123147,1232,107486
14123147,14124225,1078,138656
14124225,14125426,1201,123270
14125426,14126575,1149,362
14126575,14127359,784,110238
14127359,14128367,1008,304535
14128367,14129198,831,140725
14129198,14129665,467,288043
14129665,14130574,909,90852
14130574,14131892,1318,146123
14131892,14133169,1277,169656
14133169,14134264,1095,274379
14134264,14135434,1170,240992
14135434,14136681,1247,185074
14136681,14137023,342,134816
14137023,14138075,1052,46890
14138075,14139350,1275,107480
14139350,14140610,1260,63111
14140610,14141858,1248,133393
14141858,14142705,847,139387
14142705,14143458,753,141571
14143458,14144428,970,80192
14144428,14145009,581,148522
14145009,14145543,534,231837
14145543,14145962,419,143361
14145962,14146642,680,95441
14146642,14147956,1314,40544
14147956,14149152,1196,135580
14149152,14149890,738,90847
14149890,14150990,1100,123047
14150990,14152151,1161,34479
14152151,14153440,1289,287657
14153440,14153718,278,68888
14153718,14154679,961,147990
14154679,14155803,1124,295761
14155803,14157020,1217,105574
14157020,14158202,1182,130994
14158202,14159469,1267,129396
14159469,14160632,1163,69412
14160632,14161457,825,130876
14161457,14162663,1206,30101
14162663,14163926,1263,258986
14163926,14164682,756,163935
14164682,14165711,1029,137608
14165711,14166980,1269,139753
14166980,14167211,231,39648
14167211,14168502,1291,113336
14168502,14169038,536,130989
14169038,14170047,1009,5703
14170047,14171187,1140,92812
14171187,14172166,979,715
14172166,14173400,1234,157858
14173400,14174531,1131,258959
14174531,14175303,772,700
14175303,14175994,691,121722
14175994,14177178,1184,63095
14177178,14178435,1257,123266
14178435,14179109,674,258266
14179109,14180025,916,137608
14180025,14180677,652,157066
14180677,14180882,205,129396
14180882,14182078,1196,121799
14182078,14182437,359,130495
14182437,14183693,1256,96498
14183693,14184103,410,129514
14184103,14184673,570,126408
14184673,14185124,451,139297
14185124,14185314,190,105168
14185314,14186393,1079,143625
14186393,14187067,674,108620
14187067,14187536,469,160592
14187536,14188409,873,27504
14188409,14188913,504,128309
14188913,14190143,1230,131735
14190143,14191145,1002,279775
14191145,14192440,1295,44582
14192440,14193089,649,124164
14193089,14194295,1206,146770
14194295,14195520,1225,128138
14195520,14196107,587,9920
14196107,14197332,1225,11547
14197332,14198535,1203,245687
14198535,14199736,1201,110061
14199736,14200888,1152,124368
14200888,14201886,998,27593
14201886,14203053,1167,147970
14203053,14204246,1193,58845
14204246,14205439,1193,83607
14205439,14206346,907,121799
14206346,14206688,342,69411
14206688,14207797,1109,10172
14207797,14208791,994,117866
14208791,14209836,1045,395
14209836,14210432,596,134636
14210432,14211717,1285,88367
14211717,14212198,481,161217
14212198,14212759,561,157263
14212759,14213714,955,168497
14213714,14214137,423,98878
14214137,14215383,1246,24731
14215383,14216486,1103,36641
14216486,14217599,1113,34478
14217599,14218466,867,164187
14218466,14219237,771,12731
14219237,14220565,1328,132864
14220565,14220885,320,60800
14220885,14222108,1223,28384
14222108,14223196,1088,10822
14223196,14224349,1153,135762
14224349,14225340,991,134120
14225340,14226535,1195,135216
14226535,14227733,1198,20410
14227733,14228838,1105,128138
14228838,14229829,991,92200
14229829,14230221,392,121331
14230221,14231216,995,72311
14231216,14232273,1057,58012
14232273,14233408,1135,69607
14233408,14233595,187,70843
14233595,14234802,1207,128631
14234802,14236035,1233,140072
14236035,14237229,1194,304535
14237229,14238344,1115,13364
14238344,14239592,1248,107517
14239592,14240836,1244,157243
14240836,14241907,1071,123047
14241907,14243060,1153,71404
14243060,14243689,629,138043
14243689,14244758,1069,140221
14244758,14245056,298,123269
14245056,14246339,1283,131218
14246339,14247290,951,282357
14247290,14248509,1219,258970
14248509,14249773,1264,163380
14249773,14250789,1016,85684
14250789,14251907,1118,156977
14251907,14253194,1287,156224
14253194,14254265,1071,125945
14254265,14254750,485,129597
14254750,14255968,1218,8675
14255968,14257063,1095,135832
14257063,14258330,1267,154838
14258330,14259141,811,232691
14259141,14260237,1096,139361
14260237,14261048,811,258974
14261048,14262214,1166,127732
14262214,14263233,1019,13364
14263233,14264340,1107,142896
14264340,14265479,1139,19376
14265479,14265780,301,121899
14265780,14266386,606,164101
14266386,14266634,248,5341
14266634,14267888,1254,9342
14267888,14269134,1246,163322
14269134,14270360,1226,141642
14270360,14270792,432,124547
14270792,14272119,1327,13270
14272119,14273383,1264,12332
14273383,14274618,1235,274376
14274618,14275860,1242,139707
14275860,14277055,1195,132101
14277055,14278008,953,7371
14278008,14279200,1192,48513
14279200,14280293,1093,137597
14280293,14281426,1133,142824
14281426,14282036,610,83607
14282036,14283151,1115,182396
14283151,14284325,1174,1120
14284325,14285300,975,142311
14285300,14286474,1174,88489
14286474,14287257,783,129974
14287257,14288474,1217,282977
14288474,14289265,791,133211
14289265,14289970,705,48579
14289970,14291120,1150,19373
14291120,14292011,891,132568
14292011,14293234,1223,140639
14293234,14294363,1129,121449
14294363,14295574,1211,130870
14295574,14296543,969,105167
14296543,14297262,719,4445
14297262,14298130,868,24514
14298130,14299187,1057,134707
14299187,14300042,855,121068
14300042,14300343,301,134816
14300343,14301308,965,8689
14301308,14302354,1046,149798
14302354,14303395,1041,137739
14303395,14304712,1317,161226
14304712,14305877,1165,176853
14305877,14306886,1009,138115
14306886,14308097,1211,54487
14308097,14308585,488,125123
14308585,14309346,761,122944
14309346,14310621,1275,138545
14310621,14311692,1071,65554
14311692,14312906,1214,121079
14312906,14314185,1279,126955
14314185,14314572,387,141240
14314572,14314743,171,126313
14314743,14315559,816,126739
14315559,14316781,1222,178030
14316781,14317977,1196,144503
14317977,14318320,343,7741
14318320,14319572,1252,157263
14319572,14320811,1239,129513
14320811,14321899,1088,67147
14321899,14323183,1284,82020
14323183,14324172,989,107517
14324172,14324675,503,133273
14324675,14325908,1233,129597
14325908,14326435,527,144496
14326435,14327660,1225,46889
14327660,14328685,1025,278289
14328685,14329967,1282,136983
14329967,14331100,1133,282385
14331100,14332360,1260,53638
14332360,14333492,1132,395
14333492,14334635,1143,130566
14334635,14335813,1178,136271
14335813,14336861,1048,25951
14336861,14338000,1139,18533
14338000,14339235,1235,133220
14339235,14340523,1288,133220
14340523,14341700,1177,68353
14341700,14342586,886,139358
14342586,14343745,1159,140222
14343745,14344311,566,291101
14344311,14345548,1237,138290
14345548,14346687,1139,61356
14346687,14347926,1239,19371
14347926,14349171,1245,10642
14349171,14349684,513,125882
14349684,14350917,1233,131704
14350917,14351761,844,61317
14351761,14352382,621,45217
14352382,14353647,1265,138042
14353647,14354910,1263,133834
14354910,14355283,373,304534
14355283,14356242,959,44912
14356242,14357389,1147,287357
14357389,14357884,495,139361
14357884,14358941,1057,279153
14358941,14360080,1139,294551
14360080,14361244,1164,138043
14361244,14362067,823,41172
14362067,14362312,245,153733
14362312,14363588,1276,109658
14363588,14364617,1029,36641
14364617,14365484,867,44937
14365484,14366433,949,37134
14366433,14367454,1021,114452
14367454,14368663,1209,65803
14368663,14369656,993,352
14369656,14370799,1143,159230
14370799,14371937,1138,128309
14371937,14373092,1155,104978
14373092,14374146,1054,291172
14374146,14374612,466,296395
14374612,14375748,1136,125945
14375748,14376043,295,26520
14376043,14377335,1292,135657
14377335,14378389,1054,12118
14378389,14379467,1078,10089
14379467,14380618,1151,138115
14380618,14381591,973,150916
14381591,14382829,1238,76043
14382829,14383990,1161,293959
14383990,14385241,1251,135824
14385241,14386522,1281,132800
14386522,14387738,1216,1133
14387738,14388744,1006,300234
14388744,14389835,1091,129983
14389835,14391106,1271,68359
14391106,14392262,1156,159056
14392262,14393523,1261,143321
14393523,14393839,316,66347
14393839,14394766,927,61316
14394766,14395800,1034,21393
14395800,14397005,1205,6506
14397005,14397420,415,4662
14397420,14398367,947,123285
14398367,14399657,1290,112761
14399657,14400697,1040,146770
14400697,14401816,1119,138047
14401816,14402869,1053,147627
14402869,14403944,1075,138631
14403944,14405212,1268,131722
14405212,14405733,521,166436
14405733,14406816,1083,67851
14406816,14408046,1230,133220
14408046,14408661,615,154284
14408661,14409898,1237,134636
14409898,14410930,1032,19208
14410930,14412216,1286,117382
14412216,14413753,1537,32139
14413753,14414870,1117,131882
14414870,14415888,1018,4861
14415888,14416190,302,120281
14416190,14417312,1122,139336
14417312,14418523,1211,291170
14418523,14419805,1282,144135
14419805,14420848,1043,127579
14420848,14421858,1010,39971
14421858,14422969,1111,69550
14422969,14424251,1282,163505
14424251,14425399,1148,39515
14425399,14426606,1207,106800
14426606,14427803,1197,130517
14427803,14429068,1265,116805
14429068,14429755,687,160187
14429755,14430747,992,47237
14430747,14431311,564,106969
14431311,14431555,244,107480
14431555,14432668,1113,31603
14432668,14433640,972,136280
14433640,14434364,724,84349
14434364,14435243,879,125883
14435243,14436356,1113,166421
14436356,14437635,1279,170977
14437635,14438310,675,121127
14438310,14439473,1163,67858
14439473,14440685,1212,71402
14440685,14441897,1212,139361
14441897,14442995,1098,21393
14442995,14443999,1004,138043
14443999,14445250,1251,126829
14445250,14446433,1183,293959
14446433,14447626,1193,277898
14447626,14448818,1192,126859
14448818,14450076,1258,145703
14450076,14451259,1183,132499
14451259,14451739,480,126965
14451739,14452142,403,133217
14452142,14453119,977,44912
14453119,14454332,1213,5710
14454332,14454725,393,63105
14454725,14456000,1275,12723
14456000,14457124,1124,187005
14457124,14457850,726,160188
14457850,14458642,792,64974
14458642,14459911,1269,133263
14459911,14461020,1109,160952
14461020,14462214,1194,268287
14462214,14463483,1269,64956
14463483,14464587,1104,87997
14464587,14465694,1107,114468
14465694,14466855,1161,83633
14466855,14468120,1265,46267
14468120,14469203,1083,130486
14469203,14470474,1271,4445
14470474,14471422,948,146111
14471422,14472237,815,295756
14472237,14473496,1259,187466
14473496,14474648,1152,276908
14474648,14475677,1029,14274
14475677,14476290,613,39508
14476290,14477381,1091,212
14477381,14477999,618,9915
14477999,14479318,1319,19361
14479318,14479892,574,110526
14479892,14481043,1151,282934
14481043,14482231,1188,66464
14482231,14483492,1261,276749
14483492,14484715,1223,133220
14484715,14485763,1048,105398
14485763,14486067,304,141174
14486067,14486969,902,178029
14486969,14487858,889,19366
14487858,14488591,733,147627
14488591,14489868,1277,160984
14489868,14490239,371,129396
14490239,14491498,1259,82020
14491498,14492779,1281,131218
14492779,14493071,292,121085
14493071,14493740,669,105002
14493740,14494085,345,110742
14494085,14495375,1290,106367
14495375,14496638,1263,291608
14496638,14497761,1123,70843
14497761,14498330,569,126829
14498330,14499458,1128,6397
14499458,14499676,218,8684
14499676,14500886,1210,42637
14500886,14502002,1116,121331
14502002,14502873,871,140041
14502873,14503986,1113,143485
14503986,14505263,1277,141268
14505263,14506486,1223,171109
14506486,14507627,1141,113273
14507627,14508704,1077,92002
14508704,14509891,1187,141320
14509891,14510855,964,126221
14510855,14511793,938,160187
14511793,14513013,1220,290923
14513013,14514259,1246,10347
14514259,14515594,1335,66184
14515594,14516687,1093,138289
14516687,14517671,984,282977
14517671,14518998,1327,281132
14518998,14519913,915,126957
14519913,14520736,823,187006
14520736,14521983,1247,32451
14521983,14523068,1085,131295
14523068,14524213,1145,61742
14524213,14525425,1212,240992
14525425,14526669,1244,143895
14526669,14527894,1225,120318
14527894,14529073,1179,68188
14529073,14530349,1276,91192
14530349,14531526,1177,125147
14531526,14532751,1225,121416
14532751,14533956,1205,121392
14533956,14534968,1012,304541
14534968,14536148,1180,156159
14536148,14537014,866,126959
14537014,14538288,1274,80690
14538288,14539524,1236,110522
14539524,14540688,1164,111961
14540688,14541479,791,48830
14541479,14542508,1029,295710
14542508,14543741,1233,1731
14543741,14543972,231,283138
14543972,14545210,1238,274375
14545210,14546246,1036,39508
14546246,14547280,1034,98877
14547280,14548007,727,138631
14548007,14549221,1214,121398
14549221,14550260,1039,121148
14550260,14550769,509,4275
14550769,14552000,1231,130164
14552000,14553245,1245,53458
14553245,14554409,1164,67584
14554409,14555532,1123,128345
14555532,14556458,926,184447
14556458,14557613,1155,32135
14557613,14558368,755,99249
14558368,14559502,1134,187466
14559502,14560707,1205,24732
14560707,14561224,517,11077
14561224,14562365,1141,46240
14562365,14563128,763,80665
14563128,14564265,1137,140221
14564265,14565374,1109,127597
14565374,14566638,1264,246904
14566638,14567911,1273,96175
14567911,14569228,1317,91906
14569228,14570497,1269,44912
14570497,14571472,975,142745
14571472,14572831,1359,102381
14572831,14573671,840,105394
14573671,14574776,1105,294554
14574776,14575623,847,168204
14575623,14575788,165,9010
14575788,14576887,1099,126957
14576887,14577617,730,163505
14577617,14578771,1154,138631
14578771,14579615,844,290047
14579615,14579889,274,105171
14579889,14581084,1195,10642
14581084,14582115,1031,115047
14582115,14583315,1200,73073
14583315,14583553,238,62516
14583553,14584042,489,97610
14584042,14585210,1168,124587
14585210,14586155,945,131106
14586155,14587406,1251,48830
14587406,14588495,1089,224
14588495,14589637,1142,300234
14589637,14590638,1001,129324
14590638,14591772,1134,138042
14591772,14593027,1255,84010
14593027,14594078,1051,123048
14594078,14595303,1225,37090
14595303,14596531,1228,281472
14596531,14597764,1233,65803
14597764,14598155,391,135762
14598155,14599254,1099,139743
14599254,14600567,1313,171108
14600567,14601580,1013,159230
14601580,14602690,1110,280380
14602690,14603974,1284,131003
14603974,14604216,242,89882
14604216,14605444,1228,64708
14605444,14606342,898,23281
14606342,14606618,276,149738
14606618,14607973,1355,144485
14607973,14609211,1238,12731
14609211,14610287,1076,170950
14610287,14611547,1260,172156
14611547,14612808,1261,177641
14612808,14613779,971,43322
14613779,14614359,580,156977
14614359,14615417,1058,2301
14615417,14616212,795,273050
14616212,14617130,918,138047
14617130,14617759,629,129393
14617759,14618842,1083,57837
14618842,14620102,1260,105394
14620102,14621311,1209,26894
14621311,14622551,1240,216563
14622551,14623600,1049,132499
14623600,14624883,1283,110238
14624883,14626112,1229,110526
14626112,14627137,1025,139741
14627137,14628314,1177,121148
14628314,14629509,1195,282357
14629509,14630760,1251,59239
14630760,14631933,1173,134176
14631933,14632336,403,171134
14632336,14633602,1266,861
14633602,14634784,1182,138063
14634784,14635484,700,135229
14635484,14636373,889,132499
14636373,14636850,477,131732
14636850,14637065,215,152265
14637065,14638313,1248,110238
14638313,14639518,1205,104398
14639518,14640681,1163,109176
14640681,14641735,1054,105171
14641735,14643002,1267,284269
14643002,14643706,704,14013
14643706,14643905,199,140041
14643905,14644206,301,143005
14644206,14645349,1143,52088
14645349,14645608,259,153728
14645608,14646815,1207,284268
14646815,14647911,1096,138617
14647911,14649119,1208,122789
14649119,14650290,1171,102239
14650290,14651455,1165,96151
14651455,14652394,939,14960
14652394,14653589,1195,282977
14653589,14654781,1192,138043
14654781,14655968,1187,234067
14655968,14656983,1015,142752
14656983,14658014,1031,77361
14658014,14658912,898,131732
14658912,14660039,1127,84447
14660039,14660248,209,128669
14660248,14661473,1225,131004
14661473,14662529,1056,73957
14662529,14663708,1179,125883
14663708,14664978,1270,12926
14664978,14665706,728,104979
14665706,14666431,725,136054
14666431,14667666,1235,216564
14667666,14668684,1018,167023
14668684,14669080,396,56574
14669080,14670391,1311,70919
14670391,14671098,707,41933
14671098,14672333,1235,73075
14672333,14673007,674,9210
14673007,14674196,1189,68359
14674196,14675254,1058,170440
14675254,14676225,971,129064
14676225,14677233,1008,160958
14677233,14678299,1066,110061
14678299,14679626,1327,71405
14679626,14680890,1264,82020
14680890,14681936,1046,13056
14681936,14683138,1202,134981
14683138,14684340,1202,130548
14684340,14684949,609,14672
14684949,14686148,1199,3586
14686148,14687249,1101,4691
14687249,14688328,1079,53342
14688328,14689412,1084,294700
14689412,14689719,307,132532
14689719,14690791,1072,132707
14690791,14692050,1259,122545
14692050,14693131,1081,109656
14693131,14694039,908,245708
14694039,14694846,807,60774
14694846,14696167,1321,39478
14696167,14697264,1097,96241
14697264,14698074,810,19376
14698074,14699321,1247,134312
14699321,14700468,1147,121080
14700468,14701319,851,156155
14701319,14702428,1109,130492
14702428,14703701,1273,114468
14703701,14704566,865,133290
14704566,14705649,1083,55856
14705649,14706532,883,287660
14706532,14707555,1023,170976
14707555,14708718,1163,92814
14708718,14709837,1119,102612
14709837,14710046,209,126408
14710046,14711032,986,254918
14711032,14711369,337,170952
14711369,14712543,1174,154284
14712543,14713429,886,109662
14713429,14714509,1080,233342
14714509,14715150,641,135020
14715150,14716220,1070,133630
14716220,14717391,1171,282391
14717391,14718555,1164,187018
14718555,14719616,1061,66347
14719616,14720845,1229,75360
14720845,14721943,1098,131203
14721943,14723155,1212,131113
14723155,14724121,966,117095
14724121,14725358,1237,133442
14725358,14726155,797,11258
14726155,14727221,1066,276735
14727221,14728482,1261,12971
14728482,14729702,1220,138888
14729702,14730849,1147,167022
14730849,14732127,1278,290365
14732127,14733249,1122,30591
14733249,14734512,1263,700
14734512,14735514,1002,363
14735514,14735855,341,126233
14735855,14737054,1199,76574
14737054,14737521,467,75360
14737521,14738736,1215,135249
14738736,14739293,557,47541
14739293,14740145,852,126961
14740145,14741382,1237,125127
14741382,14742653,1271,279856
14742653,14743186,533,126965
14743186,14743753,567,26496
14743753,14744130,377,160188
14744130,14745432,1302,86804
14745432,14746090,658,127703
14746090,14746830,740,10172
14746830,14748055,1225,144965
14748055,14748332,277,105394
14748332,14748629,297,123269
14748629,14749472,843,54659
14749472,14749828,356,121331
14749828,14751175,1347,174511
14751175,14752298,1123,144987
14752298,14753505,1207,117382
14753505,14754679,1174,130878
14754679,14755917,1238,9010
14755917,14756971,1054,23311
14756971,14758251,1280,300234
14758251,14759489,1238,92930
14759489,14759666,177,167609
14759666,14759845,179,135832
14759845,14761111,1266,115686
14761111,14761706,595,122810
14761706,14762900,1194,31668
14762900,14763885,985,101276
14763885,14765179,1294,100044
14765179,14766362,1183,6541
14766362,14767553,1191,168626
14767553,14768746,1193,22178
14768746,14769744,998,122944
14769744,14770835,1091,72876
14770835,14772000,1165,126410
14772000,14773119,1119,157830
14773119,14774336,1217,146197
14774336,14775321,985,103120
14775321,14776539,1218,56175
14776539,14777697,1158,132499
14777697,14778804,1107,758
14778804,14779965,1161,27504
14779965,14781031,1066,131722
14781031,14782210,1179,82458
14782210,14783278,1068,274549
14783278,14784443,1165,122828
14784443,14785333,890,132800
14785333,14786090,757,137618
14786090,14787153,1063,131228
14787153,14788108,955,130486
14788108,14788645,537,137597
14788645,14789872,1227,127215
14789872,14791075,1203,275127
14791075,14792310,1235,81858
14792310,14793388,1078,86679
14793388,14794661,1273,169656
14794661,14795441,780,28465
14795441,14796548,1107,156724
14796548,14797168,620,157263
14797168,14798403,1235,232690
14798403,14798782,379,126739
14798782,14799009,227,39481
14799009,14800339,1330,129011
14800339,14801622,1283,279363
14801622,14802490,868,16802
14802490,14803676,1186,142318
14803676,14804295,619,134316
14804295,14805542,1247,89390
14805542,14806648,1106,72200
14806648,14807912,1264,145700
14807912,14809149,1237,2301
14809149,14809552,403,106366
14809552,14810263,711,50777
14810263,14811367,1104,126313
14811367,14812554,1187,48579
14812554,14813613,1059,144503
14813613,14814426,813,46267
14814426,14815026,600,65803
14815026,14816221,1195,127731
14816221,14816794,573,32639
14816794,14818041,1247,105405
14818041,14819063,1022,98645
14819063,14820276,1213,84447
14820276,14821321,1045,89388
14821321,14822580,1259,170956
14822580,14823708,1128,17615
14823708,14824605,897,160187
14824605,14824795,190,139324
14824795,14825821,1026,126945
14825821,14827071,1250,114256
14827071,14828338,1267,69550
14828338,14829508,1170,4691
14829508,14830577,1069,48842
14830577,14831844,1267,91906
14831844,14832745,901,8927
14832745,14833707,962,10642
14833707,14834910,1203,29110
14834910,14835942,1032,216563
14835942,14837068,1126,178149
14837068,14838320,1252,163519
14838320,14839504,1184,138866
14839504,14840851,1347,280250
14840851,14842038,1187,110238
14842038,14843338,1300,72212
14843338,14844355,1017,156981
14844355,14845384,1029,169656
14845384,14846557,1173,9342
14846557,14847793,1236,296473
14847793,14848526,733,85635
14848526,14849668,1142,126947
14849668,14850730,1062,276908
14850730,14851279,549,130994
14851279,14852391,1112,258960
14852391,14853508,1117,64588
14853508,14854725,1217,72200
14854725,14855912,1187,108638
14855912,14856476,564,208
14856476,14857719,1243,73958
14857719,14858988,1269,133424
14858988,14859993,1005,126851
14859993,14861235,1242,18524
14861235,14862525,1290,130184
14862525,14862705,180,98876
14862705,14863955,1250,88089
14863955,14865221,1266,86045
14865221,14866591,1370,283462
14866591,14867703,1112,39970
14867703,14868822,1119,164101
14868822,14869400,578,86679
14869400,14870081,681,6541
14870081,14871316,1235,112012
14871316,14872266,950,285137
14872266,14873159,893,291170
14873159,14873599,440,147989
14873599,14874810,1211,292252
14874810,14875603,793,71550
14875603,14876718,1115,5417
14876718,14877021,303,109180
14877021,14878158,1137,144503
14878158,14878462,304,231862
14878462,14879626,1164,133396
14879626,14880556,930,6541
14880556,14881041,485,121799
14881041,14882102,1061,156015
14882102,14883309,1207,286306
14883309,14884554,1245,14274
14884554,14885424,870,125127
14885424,14886710,1286,126209
14886710,14887736,1026,105386
14887736,14888808,1072,23281
14888808,14889748,940,123192
14889748,14890537,789,293663
14890537,14891277,740,3582
14891277,14892642,1365,136280
14892642,14893775,1133,139200
14893775,14894204,429,56574
14894204,14894634,430,32139
14894634,14895503,869,4136
14895503,14896655,1152,681
14896655,14897705,1050,86026
14897705,14898955,1250,129388
14898955,14900139,1184,124595
14900139,14901364,1225,114476
14901364,14902595,1231,127525
14902595,14902961,366,10347
14902961,14904058,1097,137106
14904058,14904500,442,141240
14904500,14905692,1192,11533
14905692,14906915,1223,142752
14906915,14908088,1173,163384
14908088,14908429,341,15307
14908429,14909677,1248,274549
14909677,14910933,1256,6398
14910933,14912198,1265,64298
14912198,14913191,993,149881
14913191,14913693,502,11528
14913693,14914810,1117,112761
14914810,14915488,678,129325
14915488,14916487,999,157066
14916487,14917756,1269,131030
14917756,14918908,1152,156155
14918908,14920151,1243,122810
14920151,14920808,657,135762
14920808,14921185,377,291384
14921185,14922430,1245,8592
14922430,14923653,1223,22581
14923653,14924733,1080,99156
14924733,14925828,1095,68192
14925828,14926858,1030,112057
14926858,14927335,477,120280
14927335,14927868,533,133212
14927868,14928924,1056,64738
14928924,14929876,952,163726
14929876,14930849,973,114452
14930849,14932046,1197,37090
14932046,14933376,1330,106611
14933376,14933700,324,123602
14933700,14934881,1181,48525
14934881,14935930,1049,168199
14935930,14937047,1117,147159
14937047,14937424,377,126965
14937424,14938510,1086,58843
14938510,14939632,1122,135762
14939632,14940890,1258,58433
14940890,14942097,1207,101283
14942097,14942583,486,87280
14942583,14943790,1207,138545
14943790,14944987,1197,67584
14944987,14946107,1120,12332
14946107,14946678,571,158744
14946678,14947942,1264,143485
14947942,14949199,1257,274379
14949199,14950325,1126,122441
14950325,14951496,1171,164461
14951496,14952515,1019,138656
14952515,14952873,358,87280
14952873,14953884,1011,40556
14953884,14954451,567,163606
14954451,14955710,1259,102612
14955710,14956987,1277,137106
14956987,14957379,392,7887
14957379,14958278,899,54016
14958278,14959371,1093,171138
14959371,14960301,930,285135
14960301,14961502,1201,102381
14961502,14962701,1199,138289
14962701,14963837,1136,26853
14963837,14963998,161,73712
14963998,14965066,1068,86039
14965066,14966121,1055,96168
14966121,14967338,1217,26853
14967338,14968677,1339,128991
14968677,14969830,1153,177638
14969830,14971182,1352,19376
14971182,14972165,983,69550
14972165,14973297,1132,2327
14973297,14974351,1054,363
14974351,14974974,623,126959
14974974,14976028,1054,39477
14976028,14977229,1201,131295
14977229,14978378,1149,143485
14978378,14979581,1203,148993
14979581,14980750,1169,5776
14980750,14982013,1263,105398
14982013,14982406,393,246892
14982406,14983516,1110,133290
14983516,14983964,448,158074
14983964,14985284,1320,304534
14985284,14985924,640,170438
14985924,14987156,1232,58193
14987156,14988265,1109,70919
14988265,14989319,1054,137141
14989319,14990454,1135,5757
14990454,14991769,1315,57667
14991769,14993078,1309,300234
14993078,14994244,1166,254918
14994244,14995339,1095,163527
14995339,14996489,1150,70837
14996489,14997614,1125,44575
14997614,14998855,1241,101883
14998855,14999938,1083,107487
14999938,15001043,1105,15081
15001043,15002159,1116,12898
15002159,15002428,269,120583
15002428,15003758,1330,75810
15003758,15005011,1253,19209
15005011,15006256,1245,133834
15006256,15007186,930,161972
15007186,15007615,429,157057
15007615,15008890,1275,32136
15008890,15010111,1221,13364
15010111,15011434,1323,19366
15011434,15012678,1244,73075
15012678,15012855,177,121398
15012855,15014091,1236,125002
15014091,15015310,1219,169293
15015310,15016487,1177,122441
15016487,15017776,1289,84122
15017776,15018575,799,287139
15018575,15019786,1211,862
15019786,15021019,1233,158781
15021019,15022323,1304,26951
15022323,15023598,1275,293959
15023598,15024888,1290,95441
15024888,15026133,1245,83633
15026133,15027344,1211,126796
15027344,15028470,1126,157243
15028470,15029637,1167,64974
15029637,15030653,1016,8592
15030653,15031692,1039,12715
15031692,15032974,1282,19376
15032974,15034177,1203,294114
15034177,15035406,1229,187018
15035406,15036463,1057,130728
15036463,15037423,960,148550
15037423,15038428,1005,6398
15038428,15039398,970,50777
15039398,15040589,1191,176854
15040589,15041126,537,4275
15041126,15042374,1248,174953
15042374,15043367,993,53342
15043367,15044464,1097,86043
15044464,15044791,327,232690
15044791,15045948,1157,132821
15045948,15047000,1052,39477
15047000,15047603,603,133273
15047603,15048753,1150,668
15048753,15049990,1237,177638
15049990,15050946,956,162130
15050946,15052210,1264,20028
15052210,15053472,1262,26956
15053472,15054622,1150,129388
15054622,15055812,1190,77782
15055812,15056787,975,121103
15056787,15058029,1242,114468
15058029,15059247,1218,21493
15059247,15060361,1114,46890
15060361,15061649,1288,135020
15061649,15062134,485,161166
15062134,15063341,1207,59268
15063341,15064299,958,106969
15064299,15065488,1189,125883
15065488,15066600,1112,212
15066600,15067811,1211,120277
15067811,15068147,336,124221
15068147,15068774,627,6498
15068774,15069687,913,159227
15069687,15070946,1259,141571
15070946,15072148,1202,122545
15072148,15073269,1121,126796
15073269,15074492,1223,15446
15074492,15075769,1277,39476
15075769,15076376,607,4654
15076376,15077537,1161,94876
15077537,15078324,787,138486
15078324,15079485,1161,95441
15079485,15080233,748,129597
15080233,15081431,1198,156981
15081431,15082787,1356,279153
15082787,15082990,203,128990
15082990,15083210,220,142727
15083210,15084345,1135,131106
15084345,15085443,1098,3961
15085443,15086664,1221,65772
15086664,15087679,1015,138045
15087679,15087890,211,141209
15087890,15089145,1255,11244
15089145,15089780,635,121140
15089780,15090027,247,13185
15090027,15091215,1188,1189
15091215,15091426,211,106800
15091426,15092502,1076,271817
15092502,15093742,1240,5704
15093742,15095006,1264,16632
15095006,15095890,884,758
15095890,15096920,1030,132073
15096920,15098121,1201,122806
15098121,15098995,874,168638
15098995,15099885,890,64974
15099885,15101005,1120,95875
15101005,15102257,1252,142733
15102257,15103394,1137,31603
15103394,15104515,1121,139742
15104515,15105782,1267,129440
15105782,15106944,1162,73075
15106944,15108111,1167,294697
15108111,15109369,1258,124520
15109369,15110347,978,39913
15110347,15111222,875,127703
15111222,15111926,704,109507
15111926,15113121,1195,71401
15113121,15113474,353,96672
15113474,15114752,1278,274378
15114752,15115899,1147,139397
15115899,15116900,1001,141571
15116900,15118063,1163,171108
15118063,15119046,983,123269
15119046,15120334,1288,140067
15120334,15121424,1090,11533
15121424,15122565,1141,148522
15122565,15123888,1323,156981
15123888,15124581,693,39478
15124581,15125694,1113,5703
15125694,15126878,1184,148550
15126878,15127934,1056,148522
15127934,15128993,1059,142750
15128993,15130255,1262,6397
15130255,15131046,791,36641
15131046,15132288,1242,134636
15132288,15133393,1105,104890
15133393,15134268,875,13364
15134268,15135524,1256,123602
15135524,15135904,380,121398
15135904,15137202,1298,126794
15137202,15138379,1177,131218
15138379,15139630,1251,262291
15139630,15140257,627,133447
15140257,15141460,1203,287671
15141460,15142522,1062,26956
15142522,15143737,1215,233342
15143737,15144840,1103,216564
15144840,15146042,1202,67858
15146042,15146805,763,59268
15146805,15147960,1155,89940
15147960,15149148,1188,274380
15149148,15150133,985,147045
15150133,15150729,596,39913
15150729,15151339,610,32639
15151339,15152617,1278,139681
15152617,15153516,899,122451
15153516,15153820,304,143521
15153820,15154889,1069,143483
15154889,15156109,1220,44912
15156109,15157236,1127,153731
15157236,15158227,991,258974
15158227,15159247,1020,26894
15159247,15160521,1274,112592
15160521,15160859,338,14674
15160859,15162035,1176,121766
15162035,15163280,1245,39478
15163280,15164221,941,184448
15164221,15165124,903,124547
15165124,15166257,1133,28384
15166257,15167224,967,126739
15167224,15167948,724,4691
15167948,15169094,1146,73958
15169094,15170150,1056,282985
15170150,15171322,1172,7884
15171322,15172473,1151,155949
15172473,15172723,250,287139
15172723,15174006,1283,3586
15174006,15174243,237,152282
15174243,15175044,801,72210
15175044,15176057,1013,4145
15176057,15177292,1235,258993
15177292,15178513,1221,84010
15178513,15179662,1149,172156
15179662,15180898,1236,39660
15180898,15181947,1049,220951
15181947,15182161,214,131887
15182161,15183450,1289,68762
15183450,15184537,1087,185125
15184537,15185580,1043,48525
15185580,15186693,1113,32639
15186693,15187863,1170,124439
15187863,15188544,681,164927
15188544,15189747,1203,134792
15189747,15190999,1252,58845
15190999,15192194,1195,127703
15192194,15193492,1298,1070
15193492,15194711,1219,73961
15194711,15195906,1195,13056
15195906,15196885,979,281188
15196885,15198199,1314,99156
15198199,15198871,672,284269
15198871,15199737,866,1133
15199737,15200807,1070,133396
15200807,15201557,750,128632
15201557,15201666,109,131030
15201666,15202770,1104,128761
15202770,15203728,958,73073
15203728,15204967,1239,6397
15204967,15206122,1155,130532
15206122,15206557,435,137154
15206557,15207647,1090,128240
15207647,15208014,367,129393
15208014,15209010,996,139730
15209010,15210251,1241,48525
15210251,15211246,995,156757
15211246,15212574,1328,114256
15212574,15213539,965,291384
15213539,15213880,341,135826
15213880,15214506,626,142320
15214506,15215760,1254,138901
15215760,15216923,1163,135227
15216923,15217860,937,84357
15217860,15218873,1013,133279
15218873,15220068,1195,9321
15220068,15221194,1126,147970
15221194,15222462,1268,144135
15222462,15223524,1062,157088
15223524,15224592,1068,14672
15224592,15225694,1102,72210
15225694,15225974,280,6541
15225974,15226270,296,126928
15226270,15227313,1043,185126
15227313,15228608,1295,6506
15228608,15229778,1170,130530
15229778,15230912,1134,127538
15230912,15231763,851,112597
15231763,15232931,1168,45204
15232931,15234139,1208,142363
15234139,15235294,1155,138115
15235294,15235883,589,30593
15235883,15236942,1059,130103
15236942,15237555,613,292347
15237555,15238451,896,89894
15238451,15239726,1275,134160
15239726,15240614,888,9174
15240614,15241637,1023,123283
15241637,15241942,305,139009
15241942,15242960,1018,88349
15242960,15244114,1154,144019
15244114,15245023,909,150915
15245023,15246216,1193,1189
15246216,15246406,190,10327
15246406,15247608,1202,27593
15247608,15248891,1283,1133
15248891,15249754,863,134717
15249754,15250945,1191,724
15250945,15251550,605,132101
15251550,15252518,968,258262
15252518,15253692,1174,7622
15253692,15254849,1157,46240
15254849,15255562,713,163380
15255562,15256809,1247,140222
15256809,15257862,1053,304541
15257862,15259147,1285,294700
15259147,15260405,1258,233342
15260405,15261678,1273,14958
15261678,15262664,986,135216
15262664,15263936,1272,142279
15263936,15264909,973,134316
15264909,15266208,1299,134420
15266208,15267425,1217,56174
15267425,15268617,1192,124224
15268617,15269764,1147,129659
15269764,15270610,846,137589
15270610,15271797,1187,134176
15271797,15272567,770,4690
15272567,15273768,1201,125128
15273768,15274954,1186,155973
15274954,15275447,493,132776
15275447,15276719,1272,129066
15276719,15277522,803,69607
15277522,15278731,1209,89940
15278731,15278936,205,110127
15278936,15280059,1123,47541
15280059,15281334,1275,114468
15281334,15281693,359,136458
15281693,15282269,576,76055
15282269,15283549,1280,158074
15283549,15284124,575,133834
15284124,15285325,1201,9010
15285325,15286439,1114,296468
15286439,15287384,945,5791
15287384,15288451,1067,234067
15288451,15289030,579,131030
15289030,15290344,1314,138631
15290344,15291395,1051,88489
15291395,15291942,547,284269
15291942,15293183,1241,46267
15293183,15294368,1185,147981
15294368,15295378,1010,1532
15295378,15296014,636,133396
15296014,15296401,387,92002
15296401,15297582,1181,137628
15297582,15298811,1229,146346
15298811,15299766,955,63105
15299766,15300750,984,41614
15300750,15301602,852,55856
15301602,15302814,1212,134728
15302814,15304009,1195,22581
15304009,15304932,923,176683
15304932,15306221,1289,9010
15306221,15307190,969,100145
15307190,15308478,1288,12545
15308478,15309760,1282,67860
15309760,15310904,1144,109663
15310904,15311483,579,26895
15311483,15312644,1161,37090
15312644,15313934,1290,135894
15313934,15315069,1135,123506
15315069,15316218,1149,126932
15316218,15317425,1207,89388
15317425,15317787,362,89882
15317787,15318474,687,147989
15318474,15319621,1147,283242
15319621,15320903,1282,91801
15320903,15321313,410,186230
15321313,15322458,1145,147990
15322458,15323609,1151,105167
15323609,15324322,713,126600
15324322,15325396,1074,137483
15325396,15326570,1174,49755
15326570,15327765,1195,87508
15327765,15328869,1104,163505
15328869,15329979,1110,5330
15329979,15330590,611,124164
15330590,15331686,1096,145145
15331686,15332091,405,175962
15332091,15333213,1122,282406
15333213,15334445,1232,184447
15334445,15335625,1180,89735
15335625,15336834,1209,294700
15336834,15337974,1140,182396
15337974,15338735,761,258993
15338735,15339822,1087,234106
15339822,15341013,1191,73073
15341013,15342279,1266,28868
15342279,15343472,1193,141208
15343472,15344621,1149,130504
15344621,15345874,1253,126410
15345874,15346532,658,64956
15346532,15347038,506,187464
15347038,15348073,1035,93470
15348073,15349329,1256,67860
15349329,15350528,1199,55088
15350528,15351663,1135,11546
15351663,15352905,1242,121069
15352905,15354043,1138,36641
15354043,15355067,1024,63105
15355067,15356011,944,138113
15356011,15356962,951,89390
15356962,15357217,255,161714
15357217,15358400,1183,288043
15358400,15358679,279,25766
15358679,15359726,1047,87997
15359726,15360781,1055,161100
15360781,15361938,1157,156967
15361938,15363141,1203,129805
15363141,15364083,942,112761
15364083,15364753,670,129805
15364753,15365980,1227,115686
15365980,15367247,1267,67858
15367247,15368406,1159,73728
15368406,15369255,849,150915
15369255,15369660,405,107486
15369660,15370525,865,170438
15370525,15371629,1104,135894
15371629,15372817,1188,72212
15372817,15373399,582,128310
15373399,15374648,1249,10172
15374648,15374916,268,129396
15374916,15376212,1296,101278
15376212,15377313,1101,1119
15377313,15377484,171,279775
15377484,15378624,1140,143895
15378624,15379715,1091,25951
15379715,15380938,1223,59268
15380938,15382019,1081,138033
15382019,15383246,1227,164101
15383246,15384247,1001,54487
15384247,15385522,1275,48361
15385522,15386773,1251,46889
15386773,15387562,789,136458
15387562,15388904,1342,140725
15388904,15389751,847,75355
15389751,15389937,186,122451
15389937,15390813,876,126739
15390813,15391859,1046,276730
15391859,15392544,685,92814
15392544,15393721,1177,157242
15393721,15394760,1039,59268
15394760,15395993,1233,62558
15395993,15396228,235,187466
15396228,15397245,1017,26559
15397245,15398250,1005,131295
15398250,15399306,1056,130870
15399306,15399523,217,126600
15399523,15400756,1233,67200
15400756,15401882,1126,152842
15401882,15402247,365,129443
15402247,15403405,1158,115046
15403405,15404547,1142,4275
15404547,15405692,1145,121543
15405692,15406710,1018,27593
15406710,15407951,1241,113272
15407951,15409048,1097,290923
15409048,15410280,1232,279856
15410280,15411509,1229,12085
15411509,15412476,967,155646
15412476,15412943,467,130900
15412943,15414182,1239,8675
15414182,15414742,560,88007
15414742,15415889,1147,289453
15415889,15417064,1175,8689
15417064,15417746,682,173591
15417746,15419034,1288,14960
15419034,15420123,1089,121068
15420123,15421298,1175,140222
15421298,15422459,1161,132537
15422459,15423745,1286,262291
15423745,15424889,1144,35926
15424889,15425952,1063,216563
15425952,15427014,1062,126221
15427014,15427535,521,36386
15427535,15427864,329,126955
15427864,15429039,1175,5710
15429039,15430028,989,96153
15430028,15431114,1086,124990
15431114,15432392,1278,123013
15432392,15433319,927,150916
15433319,15434465,1146,15446
15434465,15435641,1176,64291
15435641,15436551,910,71420
15436551,15437645,1094,162238
15437645,15438264,619,46240
15438264,15438874,610,83633
15438874,15440055,1181,156968
15440055,15441104,1049,143321
15441104,15442302,1198,63095
15442302,15443542,1240,102612
15443542,15444361,819,170952
15444361,15445098,737,135657
15445098,15446397,1299,100431
15446397,15447247,850,14526
15447247,15448445,1198,43322
15448445,15448799,354,164100
15448799,15450016,1217,138045
15450016,15450930,914,362
15450930,15451455,525,64738
15451455,15452128,673,80192
15452128,15453251,1123,6498
15453251,15454328,1077,34479
15454328,15455537,1209,88363
15455537,15456589,1052,162253
15456589,15457827,1238,140072
15457827,15458665,838,128329
15458665,15459898,1233,80189
15459898,15461150,1252,73958
15461150,15462301,1151,140072
15462301,15463400,1099,176854
15463400,15464644,1244,76974
15464644,15465798,1154,10344
15465798,15467129,1331,18005
15467129,15468392,1263,274378
15468392,15469447,1055,281472
15469447,15469653,206,110061
15469653,15469872,219,61317
15469872,15471017,1145,94876
15471017,15472110,1093,141209
15472110,15473298,1188,12926
15473298,15474329,1031,88349
15474329,15475148,819,121331
15475148,15476060,912,106367
15476060,15477262,1202,162238
15477262,15478405,1143,291609
15478405,15479508,1103,127537
15479508,15480598,1090,68888
15480598,15481165,567,105673
15481165,15482244,1079,96672
15482244,15483578,1334,130876
15483578,15484858,1280,130975
15484858,15486001,1143,244443
15486001,15487102,1101,290365
15487102,15488039,937,81881
15488039,15489098,1059,121069
15489098,15490286,1188,144485
15490286,15491581,1295,124549
15491581,15491870,289,39616
15491870,15493126,1256,133279
15493126,15494255,1129,126928
15494255,15495452,1197,212
15495452,15496670,1218,105171
15496670,15497969,1299,23281
15497969,15498205,236,156757
15498205,15499429,1224,20028
15499429,15500644,1215,9010
15500644,15501955,1311,80690
15501955,15503062,1107,77779
15503062,15503434,372,16020
15503434,15504579,1145,293531
15504579,15505637,1058,258283
15505637,15506706,1069,254918
15506706,15507577,871,106367
15507577,15508594,1017,175390
15508594,15509298,704,187466
15509298,15509750,452,182402
15509750,15510182,432,149738
15510182,15511245,1063,129752
15511245,15512377,1132,141242
15512377,15513573,1196,130127
15513573,15514621,1048,145699
15514621,15515725,1104,168497
15515725,15516836,1111,121449
15516836,15517827,991,100145
15517827,15519069,1242,145083
15519069,15520303,1234,127215
15520303,15521488,1185,1562
15521488,15522064,576,10327
15522064,15523209,1145,130560
15523209,15523696,487,14274
15523696,15524628,932,124224
15524628,15525759,1131,149881
15525759,15526288,529,258262
15526288,15527591,1303,4447
15527591,15528325,734,138045
15528325,15528786,461,121069
15528786,15529907,1121,133834
15529907,15530999,1092,129393
15530999,15532190,1191,398
15532190,15533398,1208,76055
15533398,15534513,1115,54006
15534513,15535803,1290,107483
15535803,15537057,1254,144999
15537057,15537784,727,126965
15537784,15538419,635,177641
15538419,15539240,821,254918
15539240,15540206,966,117899
15540206,15541080,874,7894
15541080,15541691,611,10172
15541691,15542808,1117,282357
15542808,15543145,337,133212
15543145,15544378,1233,18524
15544378,15545617,1239,35921
15545617,15546590,973,164461
15546590,15547809,1219,59268
15547809,15548661,852,176683
15548661,15549905,1244,57836
15549905,15550168,263,150843
15550168,15550853,685,150915
15550853,15551596,743,11734
15551596,15552911,1315,140071
15552911,15554030,1119,93277
15554030,15555223,1193,11528
15555223,15555667,444,83616
15555667,15556477,810,104398
15556477,15557594,1117,281471
15557594,15558700,1106,68369
15558700,15559986,1286,163527
15559986,15561060,1074,47237
15561060,15562147,1087,696
15562147,15563398,1251,132782
15563398,15564587,1189,161100
15564587,15565194,607,46890
15565194,15565994,800,76044
15565994,15567231,1237,130549
15567231,15568080,849,122944
15568080,15569368,1288,121079
15569368,15570131,763,134707
15570131,15570585,454,124224
15570585,15571588,1003,231837
15571588,15572751,1163,294523
15572751,15574026,1275,32137
15574026,15575236,1210,139009
15575236,15576279,1043,14672
15576279,15577321,1042,158081
15577321,15578443,1122,50778
15578443,15579515,1072,126945
15579515,15580416,901,291168
15580416,15580896,480,6556
15580896,15582116,1220,291107
15582116,15582562,446,141279
15582562,15583774,1212,1188
15583774,15584407,633,19366
15584407,15585697,1290,36386
15585697,15586894,1197,128329
15586894,15587993,1099,91192
15587993,15589311,1318,143307
15589311,15589572,261,252342
15589572,15590723,1151,101580
15590723,15591785,1062,139324
15591785,15592854,1069,254918
15592854,15593633,779,25766
15593633,15594739,1106,103126
15594739,15596079,1340,104394
15596079,15596595,516,279153
15596595,15597917,1322,132848
15597917,15598974,1057,73024
15598974,15599675,701,14672
15599675,15600413,738,129396
15600413,15601615,1202,176853
15601615,15602017,402,135264
15602017,15603220,1203,67584
15603220,15604381,1161,130101
15604381,15605380,999,143262
15605380,15606106,726,128677
15606106,15607105,999,290901
15607105,15607494,389,37090
15607494,15608814,1320,142311
15608814,15610097,1283,105394
15610097,15611070,973,131276
15611070,15612123,1053,39967
15612123,15613217,1094,108638
15613217,15614484,1267,39840
15614484,15615493,1009,98876
15615493,15616203,710,136863
15616203,15617422,1219,138042
15617422,15618564,1142,122614
15618564,15619523,959,121085
15619523,15619728,205,104394
15619728,15620727,999,139743
15620727,15621918,1191,80192
15621918,15623013,1095,100145
15623013,15624030,1017,70998
15624030,15625274,1244,158744
15625274,15626416,1142,121727
15626416,15627500,1084,287671
15627500,15628184,684,132601
15628184,15629058,874,128632
15629058,15629371,313,176698
15629371,15630380,1009,125147
15630380,15631395,1015,110243
15631395,15632666,1271,146437
15632666,15633931,1265,105398
15633931,15634917,986,184264
15634917,15635558,641,6556
15635558,15636737,1179,246889
15636737,15637485,748,40556
15637485,15638318,833,11734
15638318,15639193,875,294554
15639193,15640318,1125,97610
15640318,15641591,1273,21393
15641591,15642752,1161,140931
15642752,15643868,1116,121064
15643868,15644495,627,93276
15644495,15645584,1089,121543
15645584,15646640,1056,41259
15646640,15647782,1142,165387
15647782,15649034,1252,163507
15649034,15650146,1112,13364
15650146,15651425,1279,7943
15651425,15652534,1109,147981
15652534,15653641,1107,23281
15653641,15654795,1154,144485
15654795,15656140,1345,85685
15656140,15657318,1178,287660
15657318,15658539,1221,125127
15658539,15659787,1248,61356
15659787,15660925,1138,117866
15660925,15661997,1072,7943
15661997,15662588,591,294120
15662588,15663797,1209,121766
15663797,15664719,922,4447
15664719,15665840,1121,40556
15665840,15666667,827,32451
15666667,15667933,1266,156230
15667933,15669120,1187,39661
15669120,15670447,1327,362
15670447,15671049,602,129396
15671049,15672334,1285,126296
15672334,15672560,226,126829
15672560,15673713,1153,39501
15673713,15674844,1131,58776
15674844,15675957,1113,88367
15675957,15677168,1211,164187
15677168,15677591,423,132649
15677591,15678796,1205,185436
15678796,15679918,1122,301693
15679918,15681133,1215,158781
15681133,15682145,1012,88086
15682145,15682325,180,76574
15682325,15683351,1026,126959
15683351,15684532,1181,53638
15684532,15685355,823,268287
15685355,15685578,223,134792
15685578,15686190,612,138888
15686190,15687385,1195,67218
15687385,15688622,1237,32639
15688622,15689786,1164,113336
15689786,15689977,191,46890
15689977,15691012,1035,234067
15691012,15692217,1205,292253
15692217,15693351,1134,102381
15693351,15694243,892,90850
15694243,15695092,849,141248
15695092,15696148,1056,13265
15696148,15696487,339,9919
15696487,15697641,1154,273050
15697641,15698654,1013,127703
15698654,15699680,1026,291953
15699680,15700405,725,61781
15700405,15701494,1089,87547
15701494,15702281,787,126955
15702281,15703239,958,34479
15703239,15704227,988,160952
15704227,15705345,1118,283228
15705345,15706612,1267,123192
15706612,15707847,1235,12085
15707847,15709110,1263,138866
15709110,15709469,359,98645
15709469,15710577,1108,139035
15710577,15711619,1042,170440
15711619,15712371,752,93470
15712371,15713303,932,164187
15713303,15713755,452,137770
15713755,15715026,1271,154673
15715026,15716131,1105,362
15716131,15717138,1007,62558
15717138,15718352,1214,72876
15718352,15719522,1170,132717
15719522,15720755,1233,142279
15720755,15721931,1176,131751
15721931,15723173,1242,133227
15723173,15724464,1291,140718
15724464,15725717,1253,133224
15725717,15726785,1068,110061
15726785,15728072,1287,125001
15728072,15729227,1155,68770
15729227,15729886,659,143483
15729886,15731150,1264,39475
15731150,15732177,1027,124368
15732177,15733384,1207,141174
15733384,15733635,251,110243
15733635,15734845,1210,87280
15734845,15735058,213,134789
15735058,15735831,773,245687
15735831,15736952,1121,8927
15736952,15738170,1218,143477
15738170,15739355,1185,295446
15739355,15740131,776,75355
15740131,15741105,974,167597
15741105,15741574,469,126947
15741574,15741971,397,120583
15741971,15742975,1004,9342
15742975,15744080,1105,11546
15744080,15744266,186,11546
15744266,15745426,1160,10674
15745426,15746597,1171,148550
15746597,15747799,1202,66185
15747799,15748434,635,129440
15748434,15749681,1247,45204
15749681,15750231,550,282934
15750231,15751518,1287,61743
15751518,15752061,543,7793
15752061,15753113,1052,146346
15753113,15754423,1310,121148
15754423,15755198,775,12471
15755198,15756451,1253,67200
15756451,15757513,1062,130993
15757513,15758514,1001,122789
15758514,15759539,1025,135216
15759539,15760718,1179,126945
15760718,15761712,994,295446
15761712,15762942,1230,273050
15762942,15764060,1118,92427
15764060,15765111,1051,54016
15765111,15766358,1247,156159
15766358,15767527,1169,129325
15767527,15768045,518,138888
15768045,15768247,202,147627
15768247,15769456,1209,12723
15769456,15770180,724,127215
15770180,15771375,1195,34483
15771375,15771886,511,125883
15771886,15773088,1202,170976
15773088,15774277,1189,163726
15774277,15774692,415,699
15774692,15775973,1281,123283
15775973,15776904,931,168204
15776904,15778187,1283,46889
15778187,15779012,825,4687
15779012,15779669,657,123882
15779669,15780504,835,144987
15780504,15781617,1113,104717
15781617,15782887,1270,44937
15782887,15784029,1142,147193
15784029,15785339,1310,20410
15785339,15786516,1177,4691
15786516,15787751,1235,39967
15787751,15788898,1147,282406
15788898,15790110,1212,4731
15790110,15791206,1096,32451
15791206,15792467,1261,155968
15792467,15793680,1213,176278
15793680,15794944,1264,259009
15794944,15796065,1121,75791
15796065,15797212,1147,121528
15797212,15797768,556,132891
15797768,15798849,1081,124368
15798849,15799662,813,48848
15799662,15800159,497,124164
15800159,15801466,1307,131228
15801466,15802727,1261,130627
15802727,15803904,1177,23311
15803904,15804831,927,8592
15804831,15805870,1039,133225
15805870,15806529,659,176853
15806529,15807719,1190,668
15807719,15808559,840,34501
15808559,15809752,1193,182402
15809752,15810909,1157,156981
15810909,15811378,469,46889
15811378,15812554,1176,126577
15812554,15813399,845,131003
15813399,15814015,616,129396
15814015,15815107,1092,8140
15815107,15816238,1131,115686
15816238,15816661,423,10701
15816661,15817341,680,106367
15817341,15818578,1237,1536
15818578,15819783,1205,67857
15819783,15820887,1104,111961
15820887,15822080,1193,41610
15822080,15822981,901,111961
15822981,15824214,1233,129514
15824214,15825428,1214,129440
15825428,15826628,1200,34497
15826628,15827692,1064,163606
15827692,15828863,1171,101276
15828863,15830185,1322,61781
15830185,15831351,1166,92935
15831351,15832112,761,3966
15832112,15833176,1064,101278
15833176,15834334,1158,240992
15834334,15835450,1116,88367
15835450,15835733,283,7887
15835733,15836995,1262,147173
15836995,15837958,963,39660
15837958,15839188,1230,112057
15839188,15840306,1118,11512
15840306,15841336,1030,127703
15841336,15842547,1211,124587
15842547,15843708,1161,129582
15843708,15844917,1209,47030
15844917,15845968,1051,165701
15845968,15846677,709,115047
15846677,15847808,1131,274378
15847808,15849091,1283,88489
15849091,15850398,1307,26947
15850398,15851359,961,10089
15851359,15852460,1101,66622
15852460,15853721,1261,147962
15853721,15854250,529,60480
15854250,15855280,1030,121024
15855280,15856258,978,84122
15856258,15857553,1295,31668
15857553,15858837,1284,70919
15858837,15859916,1079,292604
15859916,15861034,1118,122467
15861034,15862189,1155,107627
15862189,15863272,1083,88089
15863272,15864543,1271,14936
15864543,15865778,1235,1133
15865778,15867008,1230,13056
15867008,15867709,701,41166
15867709,15868488,779,105383
15868488,15868720,232,131882
15868720,15869862,1142,154838
15869862,15871043,1181,147627
15871043,15872241,1198,73972
15872241,15873321,1080,121766
15873321,15874471,1150,258954
15874471,15875580,1109,170453
15875580,15876721,1141,233366
15876721,15877748,1027,35926
15877748,15878038,290,157236
15878038,15878660,622,39501
15878660,15879756,1096,71405
15879756,15880556,800,134160
15880556,15881719,1163,24731
15881719,15882877,1158,63885
15882877,15884118,1241,134463
15884118,15885172,1054,696
15885172,15886329,1157,161102
15886329,15887588,1259,68361
15887588,15888714,1126,294554
15888714,15889392,678,121543
15889392,15890646,1254,282385
15890646,15891748,1102,121398
15891748,15892965,1217,60480
15892965,15893296,331,118119
15893296,15893742,446,165428
15893742,15894889,1147,131294
15894889,15896058,1169,103120
15896058,15897368,1310,134119
15897368,15898569,1201,29108
15898569,15899809,1240,167609
15899809,15900846,1037,32904
15900846,15902061,1215,128138
15902061,15902940,879,104890
15902940,15904168,1228,138901
15904168,15905312,1144,294114
15905312,15906486,1174,56837
15906486,15907299,813,123269
15907299,15908446,1147,104483
15908446,15909649,1203,131732
15909649,15910804,1155,19208
15910804,15912004,1200,174511
15912004,15913098,1094,28465
15913098,15914065,967,290349
15914065,15915307,1242,164100
15915307,15916511,1204,26496
15916511,15917615,1104,13056
15917615,15918745,1130,98878
15918745,15919785,1040,136458
15919785,15920652,867,131722
15920652,15921745,1093,18524
15921745,15923012,1267,132891
15923012,15924372,1360,76055
15924372,15924913,541,76044
15924913,15925812,899,109174
15925812,15926977,1165,69607
15926977,15928111,1134,91192
15928111,15928354,243,163381
15928354,15929392,1038,135635
15929392,15930682,1290,133424
15930682,15930996,314,117382
15930996,15931311,315,133396
15931311,15932125,814,1043
15932125,15933267,1142,57156
15933267,15934516,1249,129594
15934516,15935686,1170,135814
15935686,15936695,1009,258974
15936695,15937927,1232,84121
15937927,15938969,1042,41614
15938969,15939958,989,123507
15939958,15940935,977,163402
15940935,15942060,1125,127685
15942060,15943404,1344,121140
15943404,15943852,448,220951
15943852,15944214,362,9210
15944214,15945383,1169,133220
15945383,15946662,1279,177638
15946662,15947936,1274,144496
15947936,15949141,1205,49755
15949141,15950192,1051,127518
15950192,15951215,1023,157400
15951215,15951707,492,129393
15951707,15952956,1249,139325
15952956,15953955,999,154697
15953955,15954156,201,168198
15954156,15954951,795,39648
15954951,15956060,1109,84010
15956060,15957184,1124,175448
15957184,15958292,1108,274378
15958292,15959306,1014,10701
15959306,15960161,855,101283
15960161,15961403,1242,142733
15961403,15961583,180,129623
15961583,15962797,1214,68358
15962797,15963952,1155,178030
15963952,15965173,1221,294551
15965173,15965585,412,125128
15965585,15966686,1101,86026
15966686,15967861,1175,890
15967861,15968082,221,131890
15968082,15968420,338,134717
15968420,15968865,445,296395
15968865,15969980,1115,61777
15969980,15970958,978,27593
15970958,15972162,1204,14497
15972162,15973072,910,121734
15973072,15974197,1125,134717
15974197,15975442,1245,7887
15975442,15975608,166,11243
15975608,15975874,266,101289
15975874,15976647,773,78193
15976647,15977836,1189,185488
15977836,15979154,1318,12971
15979154,15980248,1094,175448
15980248,15981283,1035,147990
15981283,15981949,666,142311
15981949,15982579,630,105405
15982579,15983620,1041,126826
15983620,15984705,1085,121669
15984705,15985109,404,176270
15985109,15986272,1163,125128
15986272,15987226,954,125123
15987226,15988332,1106,111754
15988332,15988586,254,125084
15988586,15989515,929,143485
15989515,15990740,1225,47541
15990740,15991947,1207,11546
15991947,15992484,537,147989
15992484,15993677,1193,39970
15993677,15994969,1292,283138
15994969,15996134,1165,65772
15996134,15997393,1259,170452
15997393,15998538,1145,129440
15998538,15999746,1208,262291
15999746,16000879,1133,86765
16000879,16001869,990,132485
16001869,16003054,1185,395
16003054,16003733,679,131735
16003733,16004612,879,302000
16004612,16005455,843,177234
16005455,16006673,1218,282926
16006673,16007020,347,12895
16007020,16007973,953,44912
16007973,16009138,1165,134816
16009138,16010285,1147,150469
16010285,16010632,347,279153
16010632,16011464,832,187464
16011464,16012143,679,156724
16012143,16013355,1212,101289
16013355,16014456,1101,130131
16014456,16015743,1287,293957
16015743,16016166,423,141571
16016166,16017185,1019,126232
16017185,16018349,1164,182402
16018349,16019647,1298,216564
16019647,16020783,1136,291608
16020783,16021806,1023,126965
16021806,16022330,524,26987
16022330,16022791,461,139307
16022791,16023889,1098,85685
16023889,16024966,1077,168497
16024966,16025763,797,61316
16025763,16026891,1128,28247
16026891,16028106,1215,95963
16028106,16029347,1241,24515
16029347,16029580,233,129443
16029580,16030521,941,262305
16030521,16031102,581,96157
16031102,16032341,1239,4731
16032341,16032962,621,11612
16032962,16034109,1147,296473
16034109,16034506,397,6525
16034506,16035744,1238,135033
16035744,16036966,1222,28465
16036966,16037939,973,73073
16037939,16039056,1117,41610
16039056,16040323,1267,262305
16040323,16041267,944,70919
16041267,16042516,1249,53320
16042516,16043711,1195,147193
16043711,16044727,1016,5757
16044727,16045907,1180,154697
16045907,16046496,589,185436
16046496,16047518,1022,6498
16047518,16048577,1059,296468
16048577,16049114,537,3966
16049114,16049847,733,4691
16049847,16050909,1062,10347
16050909,16051862,953,173230
16051862,16052285,423,130627
16052285,16053058,773,176263
16053058,16054115,1057,122828
16054115,16055371,1256,114469
16055371,16056334,963,216564
16056334,16057389,1055,14904
16057389,16058042,653,143521
16058042,16059223,1181,10988
16059223,16060488,1265,296473
16060488,16061515,1027,135221
16061515,16062781,1266,53320
16062781,16063776,995,13247
16063776,16064820,1044,39661
16064820,16066075,1255,19208
16066075,16067028,953,7887
16067028,16068117,1089,132532
16068117,16069075,958,39508
16069075,16070354,1279,231838
16070354,16071116,762,134981
16071116,16071811,695,171133
16071811,16073008,1197,129587
16073008,16074079,1071,130101
16074079,16074900,821,135892
16074900,16075086,186,124549
16075086,16076193,1107,304541
16076193,16077229,1036,127936
16077229,16077541,312,301694
16077541,16078709,1168,146123
16078709,16079748,1039,4654
16079748,16081082,1334,28247
16081082,16082297,1215,68344
16082297,16082868,571,112012
16082868,16084130,1262,10089
16084130,16085267,1137,127525
16085267,16086106,839,295710
16086106,16087142,1036,72311
16087142,16087445,303,258974
16087445,16088599,1154,124221
16088599,16089821,1222,220979
16089821,16090832,1011,126302
16090832,16091459,627,91902
16091459,16092177,718,26685
16092177,16093168,991,142744
16093168,16094461,1293,146437
16094461,16095662,1201,137106
16095662,16096763,1101,68361
16096763,16097808,1045,130545
16097808,16099058,1250,61758
16099058,16099379,321,126965
16099379,16100560,1181,293957
16100560,16101215,655,77173
16101215,16102288,1073,156738
16102288,16103317,1029,149939
16103317,16103719,402,176853
16103719,16104994,1275,292253
16104994,16105208,214,176278
16105208,16106146,938,89894
16106146,16107241,1095,144135
16107241,16108355,1114,110128
16108355,16109548,1193,19376
16109548,16110655,1107,91801
16110655,16111848,1193,700
16111848,16112991,1143,93277
16112991,16114196,1205,276908
16114196,16114747,551,129325
16114747,16115993,1246,62347
16115993,16117265,1272,138045
16117265,16117938,673,142311
16117938,16119090,1152,139741
16119090,16119832,742,289453
16119832,16120620,788,37090
16120620,16120960,340,57154
16120960,16122160,1200,122627
16122160,16123139,979,295756
16123139,16124235,1096,59268
16124235,16125425,1190,19208
16125425,16126545,1120,71531
16126545,16127025,480,26559
16127025,16128309,1284,11243
16128309,16128568,259,6506
16128568,16129846,1278,70753
16129846,16130684,838,76046
16130684,16131756,1072,112761
16131756,16133071,1315,75365
16133071,16134335,1264,121899
16134335,16134613,278,5083
16134613,16135606,993,126957
16135606,16136239,633,48513
16136239,16137376,1137,149939
16137376,16138170,794,13185
16138170,16138683,513,58868
16138683,16139963,1280,300047
16139963,16141091,1128,24732
16141091,16142137,1046,156967
16142137,16142758,621,48361
16142758,16143219,461,83606
16143219,16144521,1302,103120
16144521,16144742,221,9919
16144742,16145631,889,143005
16145631,16146727,1096,104491
16146727,16147416,689,125943
16147416,16148662,1246,121730
16148662,16149786,1124,57156
16149786,16150957,1171,282934
16150957,16152093,1136,132882
16152093,16153216,1123,39967
16153216,16153678,462,165428
16153678,16154703,1025,19208
16154703,16155762,1059,137597
16155762,16156208,446,163381
16156208,16157468,1260,132280
16157468,16158581,1113,27504
16158581,16158866,285,304541
16158866,16159901,1035,46267
16159901,16160958,1057,7944
16160958,16161515,557,58776
16161515,16162711,1196,130184
16162711,16163995,1284,109663
16163995,16165186,1191,152831
16165186,16166215,1029,131722
16166215,16166416,201,126336
16166416,16167535,1119,124224
16167535,16168156,621,135762
16168156,16168905,749,14936
16168905,16170023,1118,112597
16170023,16171377,1354,64738
16171377,16172492,1115,139307
16172492,16173635,1143,48525
16173635,16174829,1194,84349
16174829,16176022,1193,130296
16176022,16176358,336,14677
16176358,16177618,1260,122806
16177618,16178159,541,139358
16178159,16179288,1129,279233
16179288,16180574,1286,283228
16180574,16181227,653,107520
16181227,16182451,1224,133393
16182451,16183547,1096,58090
16183547,16184586,1039,141148
16184586,16185851,1265,121671
16185851,16186194,343,72205
16186194,16187291,1097,123602
16187291,16188480,1189,122876
16188480,16189713,1233,135020
16189713,16190111,398,123602
16190111,16191324,1213,144987
16191324,16192574,1250,62558
16192574,16193705,1131,88483
16193705,16194787,1082,170440
16194787,16195658,871,108640
16195658,16196186,528,91801
16196186,16197317,1131,73973
16197317,16198480,1163,121331
16198480,16199540,1060,123033
16199540,16200769,1229,13364
16200769,16201936,1167,395
16201936,16203089,1153,130627
16203089,16204290,1201,39660
16204290,16205434,1144,280250
16205434,16206366,932,862
16206366,16207344,978,37090
16207344,16208490,1146,12971
16208490,16209263,773,120318
16209263,16209676,413,122544
16209676,16210676,1000,63839
16210676,16211509,833,258959
16211509,16212790,1281,244431
16212790,16213998,1208,32139
16213998,16214187,189,18005
16214187,16214777,590,104717
16214777,16215513,736,46267
16215513,16216546,1033,244431
16216546,16216860,314,134786
16216860,16218081,1221,18527
16218081,16218406,325,121661
16218406,16219619,1213,90852
16219619,16220826,1207,48842
16220826,16222161,1335,245687
16222161,16223256,1095,140072
16223256,16224579,1323,9010
16224579,16225620,1041,20034
16225620,16226799,1179,35926
16226799,16227860,1061,88483
16227860,16228696,836,245691
16228696,16229938,1242,125128
16229938,16230443,505,122467
16230443,16231684,1241,30593
16231684,16232907,1223,294554
16232907,16233920,1013,86043
16233920,16234879,959,96498
16234879,16236118,1239,138033
16236118,16237293,1175,122801
16237293,16238576,1283,132499
16238576,16239683,1107,152842
16239683,16240962,1279,298549
16240962,16242145,1183,12544
16242145,16243328,1183,123135
16243328,16243803,475,83616
16243803,16244696,893,274549
16244696,16246004,1308,138486
16246004,16247263,1259,107247
16247263,16248422,1159,185466
16248422,16249687,1265,139009
16249687,16250659,972,96241
16250659,16251117,458,138115
16251117,16251434,317,54666
16251434,16252779,1345,25765
16252779,16253967,1188,156015
16253967,16254984,1017,75242
16254984,16256242,1258,12085
16256242,16257346,1104,89940
16257346,16257741,395,12898
16257741,16258985,1244,92805
16258985,16259794,809,182389
16259794,16260845,1051,72205
16260845,16261885,1040,127579
16261885,16263128,1243,28384
16263128,16263514,386,282926
16263514,16264531,1017,32451
16264531,16265447,916,65554
16265447,16266528,1081,8927
16266528,16267615,1087,46243
16267615,16267916,301,178449
16267916,16269021,1105,74477
16269021,16270252,1231,124164
16270252,16271336,1084,161166
16271336,16272489,1153,137627
16272489,16273153,664,130994
16273153,16274024,871,129011
16274024,16275268,1244,64956
16275268,16276477,1209,138074
16276477,16277340,863,171134
16277340,16278334,994,83696
16278334,16278799,465,104890
16278799,16280158,1359,92200
16280158,16280941,783,130503
16280941,16282016,1075,64291
16282016,16283162,1146,132069
16283162,16284421,1259,128036
16284421,16285412,991,1188
16285412,16286690,1278,5704
16286690,16287775,1085,121140
16287775,16288952,1177,121658
16288952,16289985,1033,135897
16289985,16290989,1004,156968
16290989,16291172,183,123269
16291172,16291775,603,170976
16291775,16292970,1195,140639
16292970,16293277,307,131748
16293277,16294347,1070,152864
16294347,16295330,983,92202
16295330,16296533,1203,276907
16296533,16296878,345,127597
16296878,16297989,1111,76044
16297989,16298903,914,134728
16298903,16300168,1265,129983
16300168,16301417,1249,280250
16301417,16302428,1011,142848
16302428,16303192,764,175448
16303192,16303985,793,90847
16303985,16305124,1139,124526
16305124,16305597,473,126965
16305597,16306712,1115,4158
16306712,16307971,1259,121331
16307971,16309174,1203,125140
16309174,16310309,1135,146770
16310309,16311585,1276,291101
16311585,16312647,1062,127521
16312647,16313872,1225,134830
16313872,16315098,1226,38026
16315098,16315263,165,101289
16315263,16316486,1223,122467
16316486,16317757,1271,294700
16317757,16318644,887,91801
16318644,16319950,1306,72311
16319950,16321199,1249,104888
16321199,16322496,1297,101276
16322496,16323570,1074,129805
16323570,16324787,1217,34572
16324787,16325867,1080,187005
16325867,16326450,583,92427
16326450,16327509,1059,258959
16327509,16328253,744,131218
16328253,16328907,654,75807
16328907,16330047,1140,278289
16330047,16331318,1271,132864
16331318,16332515,1197,170976
16332515,16333479,964,668
16333479,16334420,941,121415
16334420,16335395,975,15307
16335395,16336040,645,76574
16336040,16337255,1215,56777
16337255,16337802,547,127215
16337802,16338217,415,53320
16338217,16339195,978,124368
16339195,16340340,1145,149245
16340340,16341567,1227,163612
16341567,16342681,1114,80197
16342681,16343992,1311,164187
16343992,16345117,1125,30119
16345117,16346146,1029,67147
16346146,16347280,1134,102239
16347280,16348341,1061,109658
16348341,16348774,433,170950
16348774,16349946,1172,300234
16349946,16351180,1234,32886
16351180,16352090,910,101578
16352090,16353345,1255,32904
16353345,16354006,661,2327
16354006,16354879,873,66016
16354879,16356164,1285,164187
16356164,16357494,1330,75365
16357494,16358756,1262,83633
16358756,16359991,1235,126961
16359991,16361064,1073,86026
16361064,16361949,885,96153
16361949,16362516,567,24515
16362516,16363362,846,138656
16363362,16364564,1202,124549
16364564,16365353,789,61758
16365353,16365804,451,171107
16365804,16367020,1216,68361
16367020,16368285,1265,171107
16368285,16369302,1017,9920
16369302,16370450,1148,131040
16370450,16370675,225,136863
16370675,16371878,1203,138656
16371878,16372982,1104,134636
16372982,16373407,425,106969
16373407,16373655,248,149738
16373655,16374869,1214,128761
16374869,16375912,1043,125943
16375912,16376906,994,134176
16376906,16377797,891,139290
16377797,16378966,1169,862
16378966,16379883,917,7943
16379883,16380290,407,126959
16380290,16381057,767,121449
16381057,16382131,1074,146111
16382131,16383298,1167,11547
16383298,16383583,285,232690
16383583,16384517,934,294700
16384517,16385716,1199,150855
16385716,16387027,1311,258250
16387027,16387463,436,47541
16387463,16388698,1235,129443
16388698,16389955,1257,14976
16389955,16390915,960,126410
16390915,16391555,640,105168
16391555,16392778,1223,234106
16392778,16393824,1046,294120
16393824,16394973,1149,140221
16394973,16396147,1174,178449
16396147,16397246,1099,157236
16397246,16398453,1207,109185
16398453,16399723,1270,90852
16399723,16400938,1215,44576
16400938,16401419,481,163505
16401419,16402478,1059,130503
16402478,16403642,1164,124368
16403642,16404924,1282,174132
16404924,16406116,1192,13185
16406116,16407226,1110,104986
16407226,16408483,1257,143307
16408483,16409672,1189,121064
16409672,16410895,1223,74477
16410895,16412140,1245,129393
16412140,16413354,1214,66184
16413354,16414154,800,293959
16414154,16414684,530,163505
16414684,16415883,1199,174132
16415883,16417078,1195,137004
16417078,16417441,363,95870
16417441,16418511,1070,135580
16418511,16419631,1120,115046
16419631,16420355,724,58025
16420355,16421082,727,100145
16421082,16422201,1119,64713
16422201,16423385,1184,127518
16423385,16424594,1209,139290
16424594,16425628,1034,73075
16425628,16426846,1218,301693
16426846,16427818,972,279153
16427818,16429087,1269,126220
16429087,16430338,1251,282934
16430338,16431563,1225,282985
16431563,16432002,439,163381
16432002,16433064,1062,123506
16433064,16434282,1218,41610
16434282,16434578,296,129623
16434578,16435685,1107,111961
16435685,16436997,1312,277899
16436997,16438311,1314,9174
16438311,16439486,1175,44912
16439486,16440619,1133,112592
16440619,16441250,631,246948
16441250,16442303,1053,296467
16442303,16443630,1327,282385
16443630,16443915,285,112592
16443915,16445062,1147,13056
16445062,16446238,1176,132485
16446238,16446990,752,90852
16446990,16447610,620,187023
16447610,16448938,1328,122614
16448938,16449958,1020,138074
16449958,16450185,227,96672
16450185,16451240,1055,138043
16451240,16452507,1267,170951
16452507,16453751,1244,141148
16453751,16454800,1049,138656
16454800,16456063,1263,130975
16456063,16457336,1273,87997
16457336,16458355,1019,60489
16458355,16459089,734,129440
16459089,16460167,1078,87997
16460167,16461454,1287,152831
16461454,16462501,1047,101854
16462501,16463635,1134,140040
16463635,16464854,1219,281131
16464854,16465958,1104,133220
16465958,16466134,176,121528
16466134,16466947,813,123192
16466947,16468114,1167,131899
16468114,16469387,1273,14958
16469387,16469971,584,141174
16469971,16471207,1236,10172
16471207,16472230,1023,142358
16472230,16473249,1019,283462
16473249,16474448,1199,123285
16474448,16475517,1069,178028
16475517,16476743,1226,30105
16476743,16477842,1099,121766
16477842,16479168,1326,352
16479168,16480478,1310,61781
16480478,16481746,1268,109173
16481746,16482658,912,132705
16482658,16483807,1149,135636
16483807,16484986,1179,132280
16484986,16486151,1165,98645
16486151,16486739,588,61316
16486739,16487974,1235,31609
16487974,16489193,1219,21493
16489193,16490322,1129,133273
16490322,16491314,992,95875
16491314,16492380,1066,44576
16492380,16493349,969,34572
16493349,16494641,1292,44937
16494641,16495688,1047,275147
16495688,16496496,808,132101
16496496,16497553,1057,121024
16497553,16498614,1061,149735
16498614,16499805,1191,126410
16499805,16500593,788,156738
16500593,16501878,1285,68192
16501878,16503140,1262,270778
16503140,16503306,166,1539
16503306,16504427,1121,199
16504427,16504984,557,56179
16504984,16506243,1259,109179
16506243,16507485,1242,110742
16507485,16508611,1126,279775
16508611,16508898,287,75360
16508898,16510087,1189,110061
16510087,16511349,1262,105394
16511349,16512516,1167,142320
16512516,16513725,1209,123172
16513725,16514953,1228,129396
16514953,16516204,1251,145083
16516204,16517045,841,139397
16517045,16517582,537,157636
16517582,16518663,1081,121148
16518663,16519888,1225,75360
16519888,16520949,1061,132499
16520949,16522062,1113,134160
16522062,16523048,986,175962
16523048,16524294,1246,104890
16524294,16524576,282,287659
16524576,16525347,771,182389
16525347,16526351,1004,129514
16526351,16527600,1249,130503
16527600,16528091,491,129582
16528091,16529268,1177,54006
16529268,16530328,1060,58776
16530328,16531469,1141,61317
16531469,16532600,1131,135580
16532600,16533887,1287,129066
16533887,16534990,1103,110238
16534990,16536260,1270,121528
16536260,16537420,1160,25766
16537420,16538671,1251,233366
16538671,16539962,1291,134825
16539962,16541212,1250,270778
16541212,16542185,973,220980
16542185,16543442,1257,122441
16543442,16544583,1141,66465
16544583,16545401,818,304541
16545401,16546563,1162,129066
16546563,16547374,811,155521
16547374,16548485,1111,29120
16548485,16549702,1217,161975
16549702,16550335,633,102612
16550335,16550537,202,284424
16550537,16551704,1167,121760
16551704,16552848,1144,134674
16552848,16553996,1148,132644
16553996,16555208,1212,75355
16555208,16556079,871,296468
16556079,16557272,1193,102240
16557272,16558545,1273,74798
16558545,16559012,467,282977
16559012,16560255,1243,67233
16560255,16561411,1156,147627
16561411,16562297,886,100043
16562297,16563274,977,366
16563274,16564381,1107,103126
16564381,16565512,1131,94522
16565512,16565920,408,15304
16565920,16566921,1001,138074
16566921,16567760,839,130093
16567760,16568689,929,134991
16568689,16569837,1148,92002
16569837,16571050,1213,131256
16571050,16572075,1025,156981
16572075,16573364,1289,274374
16573364,16574561,1197,129994
16574561,16575731,1170,2503
16575731,16575991,260,158074
16575991,16576683,692,86043
16576683,16577771,1088,34572
16577771,16578986,1215,139009
16578986,16580233,1247,123047
16580233,16580418,185,12539
16580418,16581599,1181,166420
16581599,16581942,343,67147
16581942,16583050,1108,122441
16583050,16584160,1110,3961
16584160,16585246,1086,291172
16585246,16585541,295,133217
16585541,16586609,1068,160592
16586609,16587720,1111,43322
16587720,16588997,1277,117382
16588997,16590262,1265,126286
16590262,16591413,1151,130105
16591413,16592502,1089,92812
16592502,16593632,1130,80192
16593632,16594732,1100,12971
16594732,16595987,1255,135659
16595987,16597188,1201,65534
16597188,16598052,864,176263
16598052,16599196,1144,175962
16599196,16599665,469,134786
16599665,16600786,1121,96151
16600786,16601694,908,82904
16601694,16602706,1012,159386
16602706,16603579,873,281131
16603579,16604826,1247,92427
16604826,16605706,880,71531
16605706,16606140,434,176854
16606140,16606634,494,150915
16606634,16607639,1005,25766
16607639,16608733,1094,102238
16608733,16609893,1160,132299
16609893,16610235,342,16020
16610235,16611386,1151,98880
16611386,16612073,687,149791
16612073,16613340,1267,132705
16613340,16614558,1218,279229
16614558,16615703,1145,109174
16615703,16616922,1219,163612
16616922,16618146,1224,284444
16618146,16619289,1143,86710
16619289,16620408,1119,105405
16620408,16621682,1274,39515
16621682,16622947,1265,99122
16622947,16624214,1267,125127
16624214,16624933,719,127537
16624933,16625465,532,12538
16625465,16625976,511,126233
16625976,16627033,1057,157263
16627033,16628167,1134,163527
16628167,16628669,502,48377
16628669,16629909,1240,174960
16629909,16631110,1201,129325
16631110,16632113,1003,220979
16632113,16633465,1352,126859
16633465,16634430,965,167609
16634430,16635723,1293,110243
16635723,16636953,1230,143895
16636953,16638208,1255,141721
16638208,16639265,1057,161102
16639265,16640440,1175,8157
16640440,16641460,1020,128309
16641460,16642499,1039,169291
16642499,16643368,869,147173
16643368,16643593,225,36641
16643593,16644778,1185,65772
16644778,16645237,459,67851
16645237,16645416,179,296159
16645416,16646040,624,12926
16646040,16647312,1272,275212
16647312,16648404,1092,127522
16648404,16649443,1039,48361
16649443,16650672,1229,86710
16650672,16651949,1277,131751
16651949,16653170,1221,157859
16653170,16654352,1182,131732
16654352,16655587,1235,128345
16655587,16656678,1091,128344
16656678,16657429,751,279852
16657429,16658566,1137,130625
16658566,16659396,830,107479
16659396,16660643,1247,142750
16660643,16661458,815,100044
16661458,16661935,477,91801
16661935,16663169,1234,22179
16663169,16663732,563,54006
16663732,16664988,1256,19361
16664988,16666062,1074,69550
16666062,16667229,1167,156224
16667229,16668363,1134,84447
16668363,16669372,1009,143307
16669372,16669718,346,104890
16669718,16670070,352,5909
16670070,16671271,1201,112061
16671271,16672518,1247,104978
16672518,16673613,1095,131040
16673613,16674719,1106,4861
16674719,16675937,1218,101276
16675937,16677278,1341,77778
16677278,16678517,1239,107483
16678517,16679738,1221,88086
16679738,16680988,1250,82020
16680988,16681455,467,14674
16681455,16682602,1147,119253
16682602,16683841,1239,164187
16683841,16684946,1105,122806
16684946,16685461,515,140040
16685461,16686449,988,139350
16686449,16687408,959,126209
16687408,16688591,1183,301693
16688591,16689820,1229,156977
16689820,16690041,221,117382
16690041,16691316,1275,170976
16691316,16691722,406,137483
16691722,16692938,1216,8890
16692938,16694147,1209,4275
16694147,16694395,248,121392
16694395,16695136,741,278217
16695136,16696471,1335,157243
16696471,16697755,1284,146197
16697755,16698619,864,245687
16698619,16699480,861,153728
16699480,16700425,945,37090
16700425,16700972,547,146437
16700972,16701356,384,126286
16701356,16702519,1163,293963
16702519,16703776,1257,139291
16703776,16704976,1200,163322
16704976,16706158,1182,82020
16706158,16707351,1193,142752
16707351,16708632,1281,64717
16708632,16709978,1346,75242
16709978,16711178,1200,36386
16711178,16712057,879,117382
16712057,16713261,1204,70837
16713261,16713976,715,56179
16713976,16715289,1313,107517
16715289,16716554,1265,283242
16716554,16717752,1198,121127
16717752,16718892,1140,146770
16718892,16719843,951,68773
16719843,16721058,1215,121398
16721058,16722313,1255,28375
16722313,16723573,1260,126932
16723573,16724787,1214,87766
16724787,16725372,585,133393
16725372,16726524,1152,284444
16726524,16727663,1139,274378
16727663,16728757,1094,72876
16728757,16730014,1257,155151
16730014,16731250,1236,32137
16731250,16732312,1062,30593
16732312,16733443,1131,67592
16733443,16734576,1133,131735
16734576,16735029,453,94523
16735029,16736280,1251,284444
16736280,16736569,289,34572
16736569,16737776,1207,143022
16737776,16738445,669,122545
16738445,16739377,932,11612
16739377,16740541,1164,160958
16740541,16741782,1241,38660
16741782,16742822,1040,10988
16742822,16743807,985,16002
16743807,16745005,1198,130900
16745005,16745410,405,130225
16745410,16746590,1180,102250
16746590,16747799,1209,64738
16747799,16748868,1069,148312
16748868,16750135,1267,130486
16750135,16751296,1161,46889
16751296,16752507,1211,121541
16752507,16753272,765,66176
16753272,16754579,1307,174953
16754579,16755726,1147,163612
16755726,16756584,858,39761
16756584,16757818,1234,137618
16757818,16759019,1201,12103
16759019,16759997,978,129011
16759997,16761135,1138,119637
16761135,16762292,1157,135249
16762292,16763651,1359,44576
16763651,16764516,865,118112
16764516,16765037,521,131735
16765037,16766299,1262,142318
16766299,16767515,1216,29120
16767515,16768740,1225,66185
16768740,16769926,1186,10988
16769926,16770950,1024,86710
16770950,16772169,1219,34479
16772169,16773447,1278,63885
16773447,16774571,1124,19366
16774571,16775813,1242,2777
16775813,16776655,842,95963
16776655,16777713,1058,37092
16777713,16778891,1178,148521
16778891,16779071,180,129979
16779071,16780018,947,252342
16780018,16780441,423,120583
16780441,16781466,1025,9342
16781466,16782742,1276,138033
16782742,16783891,1149,84010
16783891,16785133,1242,3961
16785133,16786397,1264,123443
16786397,16787566,1169,134717
16787566,16788245,679,163597
16788245,16789485,1240,142848
16789485,16790614,1129,295756
16790614,16791691,1077,104979
16791691,16792900,1209,137628
16792900,16794158,1258,102250
16794158,16795181,1023,161707
16795181,16796388,1207,123163
16796388,16796685,297,262291
16796685,16797844,1159,17615
16797844,16798879,1035,160984
16798879,16800122,1243,115046
16800122,16800912,790,67200
16800912,16802188,1276,157475
16802188,16803207,1019,290365
16803207,16804264,1057,12707
16804264,16805491,1227,92820
16805491,16806738,1247,1070
16806738,16807793,1055,132101
16807793,16809027,1234,130105
16809027,16810318,1291,74798
16810318,16811358,1040,10642
16811358,16812323,965,130532
16812323,16813594,1271,123133
16813594,16814739,1145,129011
16814739,16816030,1291,55856
16816030,16817146,1116,185125
16817146,16817340,194,153728
16817340,16818541,1201,6541
16818541,16819720,1179,11533
16819720,16820060,340,127731
16820060,16820904,844,121658
16820904,16821222,318,121079
16821222,16822426,1204,48842
16822426,16823647,1221,127518
16823647,16824876,1229,1536
16824876,16825961,1085,2536
16825961,16827228,1267,128309
16827228,16827812,584,275128
16827812,16828873,1061,134825
16828873,16829860,987,41151
16829860,16830105,245,56574
16830105,16831273,1168,86741
16831273,16832619,1346,116797
16832619,16832842,223,126796
16832842,16832948,106,129396
16832948,16834068,1120,296473
16834068,16834772,704,258978
16834772,16835305,533,136861
16835305,16836472,1167,6397
16836472,16837755,1283,10172
16837755,16838935,1180,139361
16838935,16839867,932,276749
16839867,16841028,1161,46712
16841028,16842097,1069,134717
16842097,16843373,1276,216564
16843373,16844624,1251,105168
16844624,16845887,1263,86710
16845887,16847134,1247,39661
16847134,16848449,1315,82904
16848449,16849431,982,110520
16849431,16850542,1111,274558
16850542,16851756,1214,107621
16851756,16852910,1154,220951
16852910,16853967,1057,183988
16853967,16854131,164,134312
16854131,16855411,1280,123715
16855411,16855682,271,138901
16855682,16856901,1219,161707
16856901,16858150,1249,187464
16858150,16859509,1359,121446
16859509,16860691,1182,104888
16860691,16861841,1150,130093
16861841,16862712,871,184448
16862712,16863863,1151,163612
16863863,16865074,1211,145083
16865074,16865991,917,122810
16865991,16866945,954,70753
16866945,16867960,1015,156154
16867960,16868720,760,121130
16868720,16869774,1054,153958
16869774,16871044,1270,124990
16871044,16872177,1133,362
16872177,16872936,759,269254
16872936,16874125,1189,35921
16874125,16875498,1373,138656
16875498,16876677,1179,281188
16876677,16877852,1175,48830
16877852,16878650,798,53343
16878650,16879341,691,135216
16879341,16880506,1165,300225
16880506,16881756,1250,302000
16881756,16882368,612,68188
16882368,16882492,124,129393
16882492,16883538,1046,54667
16883538,16884646,1108,126955
16884646,16885931,1285,278289
16885931,16886394,463,109663
16886394,16887414,1020,398
16887414,16887618,204,128136
16887618,16888799,1181,133279
16888799,16889968,1169,284424
16889968,16891095,1127,137483
16891095,16892291,1196,122544
16892291,16893344,1053,161707
16893344,16894009,665,138045
16894009,16895090,1081,185074
16895090,16896305,1215,55927
16896305,16897527,1222,295710
16897527,16898722,1195,138047
16898722,16899881,1159,9210
16899881,16901095,1214,129790
16901095,16902352,1257,44576
16902352,16903593,1241,123216
16903593,16904891,1298,136863
16904891,16906056,1165,105386
16906056,16907209,1153,258970
16907209,16908125,916,107483
16908125,16909365,1240,4275
16909365,16910532,1167,107487
16910532,16911724,1192,142824
16911724,16912540,816,91906
16912540,16913818,1278,284268
16913818,16914794,976,129440
16914794,16915400,606,129064
16915400,16916347,947,129994
16916347,16917300,953,124439
16917300,16918375,1075,75355
16918375,16919544,1169,134816
16919544,16920587,1043,128990
16920587,16921665,1078,158796
16921665,16922692,1027,290901
16922692,16923736,1044,131294
16923736,16924563,827,216570
16924563,16925428,865,295759
16925428,16926222,794,46890
16926222,16927316,1094,302000
16927316,16928543,1227,135814
16928543,16929253,710,167597
16929253,16930475,1222,144135
16930475,16931415,940,138047
16931415,16932083,668,89735
16932083,16933137,1054,19373
16933137,16934084,947,139009
16934084,16935370,1286,137483
16935370,16936547,1177,76043
16936547,16937803,1256,277898
16937803,16938447,644,9210
16938447,16939555,1108,143307
16939555,16940740,1185,109176
16940740,16941839,1099,10172
16941839,16943115,1276,290351
16943115,16944234,1119,123033
16944234,16945208,974,137628
16945208,16946405,1197,105390
16946405,16947034,629,129388
16947034,16948163,1129,75362
16948163,16949439,1276,163519
16949439,16950662,1223,286306
16950662,16951911,1249,127518
16951911,16952923,1012,120583
16952923,16954032,1109,102612
16954032,16955291,1259,110705
16955291,16956562,1271,14976
16956562,16957724,1162,153733
16957724,16958837,1113,138032
16958837,16959283,446,122827
16959283,16960484,1201,128990
16960484,16960981,497,130105
16960981,16962165,1184,135832
16962165,16963115,950,110061
16963115,16964185,1070,142896
16964185,16964974,789,4136
16964974,16966224,1250,130627
16966224,16967236,1012,6541
16967236,16968235,999,136458
16968235,16969442,1207,128240
16969442,16970611,1169,164101
16970611,16971664,1053,137739
16971664,16972857,1193,132291
16972857,16973983,1126,54659
16973983,16975062,1079,163381
16975062,16976073,1011,157242
16976073,16977195,1122,14960
16977195,16977910,715,110238
16977910,16978384,474,120583
16978384,16979382,998,14526
16979382,16980593,1211,130227
16980593,16981652,1059,273050
16981652,16982308,656,184447
16982308,16983340,1032,122810
16983340,16984139,799,46890
16984139,16985240,1101,156019
16985240,16986090,850,135249
16986090,16987257,1167,121080
16987257,16988148,891,66016
16988148,16989234,1086,144503
16989234,16990216,982,92930
16990216,16991384,1168,274374
16991384,16992649,1265,91072
16992649,16993821,1172,132782
16993821,16994840,1019,131722
16994840,16995998,1158,283242
16995998,16997243,1245,7944
16997243,16998510,1267,129443
16998510,16999048,538,9919
16999048,16999755,707,279233
16999755,17000918,1163,278217
17000918,17002057,1139,67857
17002057,17003270,1213,10088
17003270,17003445,175,71402
17003445,17004507,1062,149880
17004507,17005120,613,158744
17005120,17006309,1189,133263
17006309,17007223,914,129396
17007223,17008475,1252,162375
17008475,17009624,1149,96168
17009624,17010833,1209,141208
17010833,17011452,619,126945
17011452,17012409,957,73296
17012409,17013381,972,276730
17013381,17013847,466,64588
17013847,17014018,171,110127
17014018,17015177,1159,291374
17015177,17016275,1098,115686
17016275,17017248,973,22179
17017248,17018483,1235,148521
17018483,17019394,911,8141
17019394,17020599,1205,125128
17020599,17021704,1105,123048
17021704,17022978,1274,282357
17022978,17024226,1248,102381
17024226,17025443,1217,9174
17025443,17026315,872,66465
17026315,17026796,481,130164
17026796,17027368,572,24732
17027368,17027937,569,133395
17027937,17028782,845,294697
17028782,17030058,1276,146123
17030058,17031109,1051,185485
17031109,17032324,1215,131259
17032324,17033183,859,121064
17033183,17034409,1226,10674
17034409,17035538,1129,143895
17035538,17036807,1269,7574
17036807,17037460,653,92002
17037460,17038379,919,121416
17038379,17039489,1110,135221
17039489,17040702,1213,135659
17040702,17041946,1244,282926
17041946,17042367,421,132717
17042367,17043447,1080,157057
17043447,17044563,1116,39501
17044563,17045772,1209,20028
17045772,17046874,1102,291170
17046874,17048042,1168,133424
17048042,17049278,1236,57416
17049278,17050490,1212,148550
17050490,17051610,1120,130876
17051610,17051805,195,19366
17051805,17052511,706,10347
17052511,17053631,1120,121541
17053631,17053780,149,143361
17053780,17055059,1279,8689
17055059,17056129,1070,48377
17056129,17056411,282,31091
17056411,17056674,263,105390
17056674,17057778,1104,199
17057778,17058866,1088,138656
17058866,17059929,1063,723
17059929,17060910,981,39508
17060910,17061934,1024,147045
17061934,17063008,1074,141208
17063008,17064037,1029,158081
17064037,17065218,1181,281471
17065218,17066289,1071,129317
17066289,17067578,1289,138486
17067578,17068798,1220,127936
17068798,17069709,911,133440
17069709,17070934,1225,293987
17070934,17072137,1203,132821
17072137,17072322,185,126860
17072322,17073469,1147,136280
17073469,17073785,316,114452
17073785,17074950,1165,290365
17074950,17076079,1129,18527
17076079,17076934,855,130993
17076934,17078165,1231,81858
17078165,17079399,1234,122614
17079399,17080608,1209,121064
17080608,17081708,1100,135020
17081708,17082972,1264,723
17082972,17083756,784,121543
17083756,17085017,1261,134728
17085017,17085511,494,107486
17085511,17085676,165,140651
17085676,17086830,1154,142318
17086830,17088033,1203,152224
17088033,17088233,200,10328
17088233,17089257,1024,19373
17089257,17090480,1223,166436
17090480,17091621,1141,7943
17091621,17092730,1109,129443
17092730,17093025,295,216570
17093025,17093379,354,115686
17093379,17094555,1176,131722
17094555,17095712,1157,1732
17095712,17096960,1248,274549
17096960,17098048,1088,176263
17098048,17098914,866,70753
17098914,17099923,1009,86732
17099923,17100836,913,26496
17100836,17101969,1133,5791
17101969,17103063,1094,7793
17103063,17104188,1125,25951
17104188,17105173,985,133834
17105173,17106433,1260,6397
17106433,17107422,989,291953
17107422,17108703,1281,121382
17108703,17109486,783,150915
17109486,17110525,1039,5083
17110525,17111382,857,163518
17111382,17112457,1075,283138
17112457,17113641,1184,125140
17113641,17114332,691,48361
17114332,17115309,977,160958
17115309,17116219,910,124990
17116219,17117450,1231,163935
17117450,17118511,1061,55927
17118511,17119604,1093,168500
17119604,17120821,1217,130871
17120821,17122105,1284,20028
17122105,17122464,359,160593
17122464,17123403,939,68353
17123403,17123619,216,135635
17123619,17124672,1053,8140
17124672,17125699,1027,178149
17125699,17126921,1222,12539
17126921,17128032,1111,46240
17128032,17129171,1139,126794
17129171,17130310,1139,123283
17130310,17131560,1250,291608
17131560,17132803,1243,121799
17132803,17134142,1339,9919
17134142,17135381,1239,165702
17135381,17135748,367,59167
17135748,17136631,883,12715
17136631,17137824,1193,133220
17137824,17139008,1184,19373
17139008,17139199,191,138045
17139199,17140465,1266,121080
17140465,17141491,1026,109179
17141491,17142597,1106,108638
17142597,17143831,1234,142363
17143831,17144826,995,296467
17144826,17146071,1245,293168
17146071,17147085,1014,270777
17147085,17147738,653,138290
17147738,17148946,1208,8141
17148946,17150021,1075,167609
17150021,17151262,1241,63111
17151262,17152378,1116,163726
17152378,17153171,793,293959
17153171,17154436,1265,10642
17154436,17155401,965,157636
17155401,17156699,1298,231838
17156699,17157793,1094,73958
17157793,17158975,1182,126539
17158975,17160216,1241,38660
17160216,17160550,334,14677
17160550,17161593,1043,137608
17161593,17162806,1213,142848
17162806,17163967,1161,284445
17163967,17165067,1100,77361
17165067,17166128,1061,183239
17166128,17166453,325,14674
17166453,17167417,964,6398
17167417,17168550,1133,138033
17168550,17169250,700,128761
17169250,17170132,882,39477
17170132,17171157,1025,164187
17171157,17171496,339,254918
17171496,17172429,933,144135
17172429,17173626,1197,123443
17173626,17173828,202,123602
17173828,17174617,789,36641
17174617,17175514,897,166683
17175514,17176753,1239,276732
17176753,17178042,1289,12332
17178042,17179211,1169,258974
17179211,17180020,809,170976
17180020,17181223,1203,10088
17181223,17182465,1242,138045
17182465,17183321,856,126739
17183321,17184673,1352,283228
17184673,17185588,915,131106
17185588,17185965,377,65534
17185965,17187078,1113,29092
17187078,17187523,445,134708
17187523,17187828,305,232057
17187828,17189037,1209,130975
17189037,17190184,1147,132710
17190184,17191242,1058,138631
17191242,17192456,1214,22574
17192456,17193691,1235,91098
17193691,17194638,947,122828
17194638,17195861,1223,57667
17195861,17196279,418,143005
17196279,17197548,1269,147981
17197548,17198648,1100,126945
17198648,17199826,1178,64956
17199826,17201116,1290,24731
17201116,17201576,460,160958
17201576,17202627,1051,80656
17202627,17202819,192,276730
17202819,17203988,1169,39660
17203988,17205187,1199,77782
17205187,17206429,1242,290923
17206429,17206688,259,159227
17206688,17207405,717,51162
17207405,17208692,1287,123025
17208692,17209869,1177,156230
17209869,17211132,1263,140931
17211132,17212153,1021,121413
17212153,17213438,1285,92805
17213438,17214641,1203,124224
17214641,17215941,1300,4447
17215941,17217172,1231,12546
17217172,17218198,1026,131742
17218198,17219406,1208,117095
17219406,17220726,1320,155151
17220726,17221991,1265,84010
17221991,17223080,1089,126408
17223080,17224308,1228,160438
17224308,17225422,1114,142848
17225422,17226567,1145,131259
17226567,17227796,1229,25766
17227796,17228962,1166,19373
17228962,17230064,1102,122451
17230064,17230380,316,158074
17230380,17230989,609,11734
17230989,17231770,781,142896
17231770,17232832,1062,157263
17232832,17233183,351,24732
17233183,17234038,855,282386
17234038,17234406,368,92002
17234406,17235727,1321,122441
17235727,17236202,475,155151
17236202,17237269,1067,129388
17237269,17238374,1105,104483
17238374,17239628,1254,18524
17239628,17240819,1191,126965
17240819,17241902,1083,26685
17241902,17243126,1224,163612
17243126,17244233,1107,31668
17244233,17244684,451,19585
17244684,17245303,619,135762
17245303,17246386,1083,159386
17246386,17247383,997,170951
17247383,17248667,1284,8140
17248667,17249864,1197,116804
17249864,17250978,1114,240992
17250978,17251414,436,139358
17251414,17252670,1256,282926
17252670,17253822,1152,101278
17253822,17254145,323,104890
17254145,17255279,1134,275127
17255279,17255578,299,291379
17255578,17256674,1096,145088
17256674,17257889,1215,156230
17257889,17258884,995,28868
17258884,17259955,1071,135814
17259955,17261033,1078,862
17261033,17262263,1230,271817
17262263,17262965,702,96168
17262965,17264220,1255,88349
17264220,17264611,391,46889
17264611,17265890,1279,112058
17265890,17267052,1162,187006
17267052,17268279,1227,9919
17268279,17269380,1101,135264
17269380,17270481,1101,34479
17270481,17271572,1091,156757
17271572,17272768,1196,668
17272768,17273808,1040,145700
17273808,17275152,1344,15304
17275152,17276407,1255,82020
17276407,17277550,1143,291107
17277550,17278565,1015,125084
17278565,17279692,1127,121148
17279692,17280959,1267,160593
17280959,17282183,1224,298549
17282183,17283101,918,147971
17283101,17284469,1368,87508
17284469,17284772,303,167023
17284772,17285823,1051,130878
17285823,17286823,1000,155949
17286823,17288083,1260,159227
17288083,17289191,1108,114476
17289191,17289964,773,121106
17289964,17291057,1093,10347
17291057,17292034,977,75939
17292034,17293148,1114,130184
17293148,17294396,1248,185436
17294396,17295123,727,105405
17295123,17295805,682,72311
17295805,17296613,808,176278
17296613,17297515,902,144999
17297515,17298787,1272,111754
17298787,17299569,782,45204
17299569,17300713,1144,111574
17300713,17301964,1251,68188
17301964,17303149,1185,109663
17303149,17304223,1074,143625
17304223,17305371,1148,157088
17305371,17306568,1197,172165
17306568,17307588,1020,11243
17307588,17308722,1134,262269
17308722,17309046,324,157644
17309046,17310277,1231,134708
17310277,17311415,1138,296473
17311415,17312675,1260,134708
17312675,17313830,1155,36641
17313830,17314943,1113,130878
17314943,17316082,1139,135249
17316082,17317191,1109,157054
17317191,17318400,1209,121907
17318400,17319514,1114,46268
17319514,17320804,1290,138045
17320804,17322017,1213,81858
17322017,17323099,1082,70843
17323099,17324343,1244,84448
17324343,17325496,1153,142824
17325496,17326571,1075,110238
17326571,17327205,634,132705
17327205,17328355,1150,276730
17328355,17329310,955,142363
17329310,17330403,1093,8141
17330403,17331604,1201,126312
17331604,17332780,1176,275127
17332780,17333885,1105,88086
17333885,17334824,939,135814
17334824,17335551,727,50777
17335551,17336678,1127,154697
17336678,17337836,1158,170976
17337836,17339149,1313,24731
17339149,17340397,1248,395
17340397,17340685,288,141148
17340685,17341740,1055,125084
17341740,17342841,1101,1133
17342841,17343865,1024,67200
17343865,17344904,1039,53342
17344904,17346183,1279,287357
17346183,17347430,1247,128309
17347430,17348656,1226,126296
17348656,17349523,867,156224
17349523,17350764,1241,143485
17350764,17351784,1020,75807
17351784,17353007,1223,28465
17353007,17354265,1258,135216
17354265,17355420,1155,296468
17355420,17356585,1165,113272
17356585,17357734,1149,84122
17357734,17358973,1239,101580
17358973,17359982,1009,136458
17359982,17361121,1139,3587
17361121,17362276,1155,109174
17362276,17363564,1288,5912
17363564,17364701,1137,126296
17364701,17364932,231,294523
17364932,17366081,1149,87280
17366081,17366588,507,110238
17366588,17367597,1009,99249
17367597,17368534,937,138047
17368534,17369568,1034,6541
17369568,17370789,1221,56837
17370789,17372063,1274,109507
17372063,17373213,1150,144965
17373213,17374410,1197,294113
17374410,17375285,875,101580
17375285,17376308,1023,19371
17376308,17376827,519,6556
17376827,17377025,198,51162
17377025,17378136,1111,101578
17378136,17379226,1090,259009
17379226,17380071,845,295759
17380071,17381292,1221,154284
17381292,17382507,1215,142358
17382507,17382899,392,116804
17382899,17383270,371,132777
17383270,17384371,1101,91902
17384371,17385634,1263,290365
17385634,17386108,474,128991
17386108,17387018,910,244431
17387018,17388261,1243,126832
17388261,17389385,1124,6397
17389385,17390512,1127,171134
17390512,17391757,1245,126220
17391757,17392767,1010,57416
17392767,17394012,1245,122627
17394012,17395221,1209,142358
17395221,17396134,913,44575
17396134,17397325,1191,105405
17397325,17398442,1117,137154
17398442,17399725,1283,41933
17399725,17400990,1265,136983
17400990,17401195,205,182402
17401195,17402247,1052,102381
17402247,17402582,335,149890
17402582,17403621,1039,138047
17403621,17404795,1174,15305
17404795,17406051,1256,142318
17406051,17406403,352,156738
17406403,17407610,1207,58090
17407610,17407833,223,126965
17407833,17408878,1045,105574
17408878,17409815,937,138045
17409815,17411069,1254,105394
17411069,17412318,1249,101836
17412318,17413221,903,63095
17413221,17414409,1188,144965
17414409,17415650,1241,25951
17415650,17416835,1185,121080
17416835,17418001,1166,39475
17418001,17419257,1256,153309
17419257,17419562,305,101578
17419562,17419737,175,7793
17419737,17420995,1258,42637
17420995,17422117,1122,160958
17422117,17422369,252,61316
17422369,17423505,1136,59288
17423505,17424635,1130,245687
17424635,17425523,888,94108
17425523,17426606,1083,300047
17426606,17426995,389,107627
17426995,17427845,850,258986
17427845,17428779,934,121799
17428779,17429980,1201,291101
17429980,17431243,1263,164927
17431243,17432360,1117,121674
17432360,17433258,898,25766
17433258,17434168,910,3587
17434168,17435099,931,9915
17435099,17436364,1265,50778
17436364,17437485,1121,126302
17437485,17438119,634,9174
17438119,17439166,1047,126208
17439166,17439617,451,120282
17439617,17440685,1068,128631
17440685,17441688,1003,104888
17441688,17442953,1265,74477
17442953,17444016,1063,58192
17444016,17445171,1155,124439
17445171,17446413,1242,234067
17446413,17447570,1157,160188
17447570,17448807,1237,63105
17448807,17449033,226,128309
17449033,17450250,1217,170976
17450250,17451588,1338,110238
17451588,17452642,1054,103126
17452642,17454263,1621,85685
17454263,17455434,1171,121416
17455434,17456547,1113,105398
17456547,17457298,751,107247
17457298,17458349,1051,48361
17458349,17459541,1192,282934
17459541,17460145,604,122944
17460145,17460526,381,19208
17460526,17461710,1184,4445
17461710,17462786,1076,58868
17462786,17463937,1151,60774
17463937,17465190,1253,63105
17465190,17466483,1293,69607
17466483,17467368,885,48361
17467368,17468369,1001,132650
17468369,17469587,1218,131704
17469587,17470684,1097,152864
17470684,17471781,1097,83607
17471781,17472971,1190,30106
17472971,17473398,427,67592
17473398,17474121,723,128138
17474121,17475310,1189,148312
17475310,17475941,631,168204
17475941,17477241,1300,126794
17477241,17477540,299,92002
17477540,17478781,1241,31603
17478781,17479805,1024,246892
17479805,17480961,1156,133395
17480961,17481981,1020,92915
17481981,17483195,1214,127704
17483195,17484322,1127,167609
17484322,17484523,201,122467
17484523,17485808,1285,70837
17485808,17486517,709,121130
17486517,17487213,696,157644
17487213,17488344,1131,41911
17488344,17489532,1188,178449
17489532,17490781,1249,132717
17490781,17491602,821,170956
17491602,17492709,1107,121085
17492709,17494024,1315,39501
17494024,17495316,1292,138901
17495316,17495688,372,27120
17495688,17496945,1257,101265
17496945,17497822,877,155949
17497822,17498250,428,115047
17498250,17499427,1177,87280
17499427,17500532,1105,110061
17500532,17501542,1010,39515
17501542,17502780,1238,129983
17502780,17503907,1127,48513
17503907,17505125,1218,117382
17505125,17505609,484,163380
17505609,17506758,1149,156718
17506758,17507778,1020,295761
17507778,17508925,1147,124549
17508925,17509966,1041,125127
17509966,17511255,1289,1562
17511255,17512226,971,293959
17512226,17513455,1229,187024
17513455,17514234,779,232691
17514234,17515501,1267,157236
17515501,17516701,1200,56837
17516701,17517999,1298,104491
17517999,17519086,1087,114469
17519086,17519835,749,132710
17519835,17521165,1330,184448
17521165,17522439,1274,140725
17522439,17522802,363,61317
17522802,17524130,1328,147627
17524130,17525361,1231,107520
17525361,17526654,1293,293963
17526654,17527768,1114,121085
17527768,17528705,937,126965
17528705,17529675,970,132291
17529675,17530812,1137,125128
17530812,17531469,657,758
17531469,17531804,335,14672
17531804,17533021,1217,124439
17533021,17533505,484,107486
17533505,17534810,1305,125002
17534810,17536071,1261,60774
17536071,17537228,1157,86708
17537228,17538332,1104,22178
17538332,17539344,1012,130627
17539344,17540483,1139,134981
17540483,17541366,883,164187
17541366,17542019,653,170951
17542019,17543234,1215,293663
17543234,17544423,1189,159056
17544423,17545522,1099,90850
17545522,17546430,908,143361
17546430,17547605,1175,258959
17547605,17548638,1033,254949
17548638,17549854,1216,92427
17549854,17550258,404,132891
17550258,17551219,961,283138
17551219,17552295,1076,32658
17552295,17553452,1157,15446
17553452,17554694,1242,31603
17554694,17555950,1256,95969
17555950,17557161,1211,4731
17557161,17558417,1256,121541
17558417,17559716,1299,156724
17559716,17561058,1342,133273
17561058,17561789,731,11077
17561789,17562983,1194,57154
17562983,17564205,1222,105394
17564205,17565376,1171,352
17565376,17566365,989,14526
17566365,17567137,772,167022
17567137,17568178,1041,8689
17568178,17568471,293,133471
17568471,17569631,1160,96175
17569631,17570667,1036,168500
17570667,17571491,824,282985
17571491,17572196,705,295197
17572196,17573283,1087,156973
17573283,17574391,1108,123197
17574391,17575314,923,163606
17575314,17576352,1038,121658
17576352,17577585,1233,39661
17577585,17578371,786,129805
17578371,17579617,1246,127732
17579617,17580176,559,122545
17580176,17581065,889,1043
17581065,17582251,1186,121103
17582251,17583432,1181,122825
17583432,17584154,722,109173
17584154,17585147,993,134120
17585147,17586248,1101,152842
17586248,17587513,1265,61421
17587513,17588308,795,128636
17588308,17589069,761,142824
17589069,17589882,813,109180
17589882,17590970,1088,110127
17590970,17592163,1193,44577
17592163,17593396,1233,143005
17593396,17594585,1189,35921
17594585,17595637,1052,139336
17595637,17596920,1283,147967
17596920,17597774,854,82904
17597774,17598976,1202,56179
17598976,17600105,1129,104978
17600105,17601018,913,126851
17601018,17601562,544,24515
17601562,17602675,1113,1119
17602675,17603877,1202,137739
17603877,17604643,766,94523
17604643,17605720,1077,121064
17605720,17606773,1053,64974
17606773,17607877,1104,76974
17607877,17608985,1108,106611
17608985,17609904,919,106965
17609904,17610643,739,128660
17610643,17611711,1068,60800
17611711,17612471,760,142318
17612471,17613768,1297,175448
17613768,17614876,1108,134465
17614876,17615090,214,4691
17615090,17616053,963,14674
17616053,17617197,1144,106800
17617197,17618249,1052,366
17618249,17619202,953,12085
17619202,17620485,1283,104717
17620485,17621623,1138,130900
17621623,17622805,1182,170952
17622805,17623996,1191,9203
17623996,17625271,1275,130588
17625271,17626307,1036,36641
17626307,17627412,1105,130625
17627412,17628205,793,134119
17628205,17628590,385,121085
17628590,17629718,1128,129325
17629718,17630278,560,130548
17630278,17631527,1249,65772
17631527,17632840,1313,137589
17632840,17634099,1259,142318
17634099,17635272,1173,129393
17635272,17636300,1028,48579
17636300,17637241,941,178748
17637241,17638268,1027,125943
17638268,17639406,1138,150843
17639406,17640311,905,291101
17640311,17641440,1129,171171
17641440,17642625,1185,73732
17642625,17643626,1001,14526
17643626,17644856,1230,132800
17644856,17645976,1120,64588
17645976,17647153,1177,132650
17647153,17648352,1199,121730
17648352,17649246,894,163935
17649246,17650161,915,103481
17650161,17651387,1226,245691
17651387,17652546,1159,120583
17652546,17653557,1011,139361
17653557,17654602,1045,10172
17654602,17655599,997,287657
17655599,17656354,755,157242
17656354,17656884,530,92915
17656884,17657683,799,21498
17657683,17658838,1155,132568
17658838,17659220,382,52195
17659220,17659504,284,108638
17659504,17660363,859,4691
17660363,17661375,1012,86043
17661375,17662586,1211,295710
17662586,17663669,1083,86741
17663669,17664824,1155,11243
17664824,17665922,1098,220979
17665922,17667055,1133,140222
17667055,17668172,1117,123267
17668172,17669347,1175,41166
17669347,17670604,1257,96157
17670604,17671456,852,110238
17671456,17671893,437,177638
17671893,17672441,548,141242
17672441,17673786,1345,133273
17673786,17674641,855,121722
17674641,17675744,1103,104888
17675744,17676953,1209,73958
17676953,17678180,1227,98644
17678180,17679065,885,86045
17679065,17680278,1213,157263
17680278,17681347,1069,87791
17681347,17682307,960,232057
17682307,17683524,1217,39660
17683524,17684826,1302,48830
17684826,17685933,1107,138488
17685933,17687024,1091,91905
17687024,17687711,687,92915
17687711,17688905,1194,156724
17688905,17690212,1307,130989
17690212,17691374,1162,157636
17691374,17692448,1074,88089
17692448,17692864,416,258960
17692864,17694130,1266,5791
17694130,17695349,1219,105171
17695349,17696335,986,294523
17696335,17697601,1266,78193
17697601,17698851,1250,37090
17698851,17700048,1197,121543
17700048,17701118,1070,28380
17701118,17702368,1250,134707
17702368,17703379,1011,57179
17703379,17703738,359,127694
17703738,17704998,1260,133393
17704998,17706207,1209,56179
17706207,17706707,500,160187
17706707,17707589,882,133290
17707589,17708852,1263,11079
17708852,17710065,1213,145700
17710065,17711242,1177,131890
17711242,17711435,193,123192
17711435,17712708,1273,62558
17712708,17713910,1202,116804
17713910,17715161,1251,279856
17715161,17716402,1241,169291
17716402,17716612,210,13247
17716612,17717722,1110,279775
17717722,17718122,400,149881
17718122,17719348,1226,130871
17719348,17720577,1229,96498
17720577,17721340,763,138042
17721340,17722195,855,142320
17722195,17722408,213,15307
17722408,17723654,1246,174132
17723654,17724870,1216,128991
17724870,17725976,1106,122806
17725976,17726623,647,149739
17726623,17727463,840,9010
17727463,17728225,762,119253
17728225,17729478,1253,275147
17729478,17730545,1067,141148
17730545,17731646,1101,39476
17731646,17732760,1114,98645
17732760,17734014,1254,60480
17734014,17734923,909,135229
17734923,17736194,1271,123271
17736194,17737213,1019,84121
17737213,17738293,1080,143262
17738293,17738540,247,13270
17738540,17739742,1202,54006
17739742,17740774,1032,139797
17740774,17742049,1275,73957
17742049,17743166,1117,118119
17743166,17744131,965,15446
17744131,17745331,1200,157858
17745331,17746570,1239,12538
17746570,17747822,1252,140639
17747822,17748132,310,164327
17748132,17749454,1322,112593
17749454,17750604,1150,135826
17750604,17751325,721,134785
17751325,17752567,1242,34572
17752567,17753662,1095,279233
17753662,17754587,925,171137
17754587,17755234,647,12545
17755234,17756505,1271,139350
17756505,17757776,1271,126965
17757776,17758326,550,116797
17758326,17759518,1192,73073
17759518,17760783,1265,101883
17760783,17762089,1306,57836
17762089,17763257,1168,129587
17763257,17764277,1020,102238
17764277,17765488,1211,10642
17765488,17766757,1269,282926
17766757,17767859,1102,124224
17767859,17768925,1066,160188
17768925,17770064,1139,14929
17770064,17771281,1217,131735
17771281,17772346,1065,142320
17772346,17773598,1252,132848
17773598,17774637,1039,94108
17774637,17775779,1142,84122
17775779,17776203,424,67857
17776203,17777453,1250,68770
17777453,17778690,1237,101262
17778690,17779909,1219,160958
17779909,17781202,1293,58193
17781202,17782355,1153,150916
17782355,17783521,1166,7793
17783521,17784771,1250,276907
17784771,17785898,1127,208
17785898,17786934,1036,170452
17786934,17788027,1093,148550
17788027,17789140,1113,231838
17789140,17789845,705,107627
17789845,17790910,1065,170453
17790910,17791546,636,110520
17791546,17792735,1189,1187
17792735,17793702,967,112012
17793702,17794941,1239,138074
17794941,17796111,1170,130494
17796111,17796730,619,132532
17796730,17797070,340,76974
17797070,17798325,1255,153958
17798325,17799468,1143,144496
17799468,17800742,1274,94523
17800742,17801830,1088,10674
17801830,17802879,1049,106965
17802879,17804161,1282,7741
17804161,17805008,847,139355
17805008,17806273,1265,121080
17806273,17807418,1145,117382
17807418,17808656,1238,150715
17808656,17809732,1076,142733
17809732,17810834,1102,133424
17810834,17811904,1070,152224
17811904,17812869,965,756
17812869,17813957,1088,115968
17813957,17814583,626,86710
17814583,17815691,1108,132882
17815691,17816818,1127,199
17816818,17818073,1255,134707
17818073,17819179,1106,106366
17819179,17820494,1315,21393
17820494,17821765,1271,262269
17821765,17823040,1275,172165
17823040,17824178,1138,84447
17824178,17825271,1093,57831
17825271,17826442,1171,145138
17826442,17827602,1160,64956
17827602,17828139,537,139681
17828139,17829151,1012,103481
17829151,17830390,1239,157400
17830390,17831496,1106,130553
17831496,17832739,1243,4145
17832739,17833604,865,143948
17833604,17834741,1137,58137
17834741,17835994,1253,60774
17835994,17837084,1090,9920
17837084,17838287,1203,294700
17838287,17839454,1167,63101
17839454,17840008,554,176854
17840008,17841225,1217,63713
17841225,17842512,1287,156155
17842512,17842847,335,141571
17842847,17843962,1115,130727
17843962,17845065,1103,157236
17845065,17846160,1095,285135
17846160,17847157,997,11079
17847157,17848452,1295,139361
17848452,17848703,251,216570
17848703,17849874,1171,101883
17849874,17851218,1344,128344
17851218,17851581,363,276730
17851581,17852780,1199,216564
17852780,17853863,1083,114971
17853863,17854250,387,137483
17854250,17855234,984,86026
17855234,17855930,696,20034
17855930,17857034,1104,166436
17857034,17858205,1171,92934
17858205,17859212,1007,89880
17859212,17860335,1123,58192
17860335,17861576,1241,283462
17861576,17862825,1249,117866
17862825,17863298,473,31629
17863298,17864327,1029,43322
17864327,17864780,453,4145
17864780,17866013,1233,146111
17866013,17867319,1306,149739
17867319,17868487,1168,85685
17868487,17869782,1295,19376
17869782,17870967,1185,296159
17870967,17872250,1283,123500
17872250,17872391,141,129396
17872391,17873665,1274,155968
17873665,17874939,1274,10172
17874939,17875784,845,270778
17875784,17876860,1076,44912
17876860,17878089,1229,139707
17878089,17878989,900,270778
17878989,17880260,1271,129064
17880260,17881476,1216,274376
17881476,17882601,1125,167609
17882601,17883888,1287,296468
17883888,17885151,1263,123192
17885151,17886255,1104,69422
17886255,17887270,1015,12971
17887270,17887498,228,141791
17887498,17888125,627,30119
17888125,17889396,1271,131228
17889396,17890633,1237,274374
17890633,17891863,1230,88748
17891863,17893056,1193,60774
17893056,17894305,1249,142896
17894305,17895503,1198,187466
17895503,17896730,1227,395
17896730,17898047,1317,7622
17898047,17899001,954,44937
17899001,17900079,1078,160188
17900079,17900560,481,102250
17900560,17901417,857,106366
17901417,17902618,1201,107520
17902618,17903914,1296,141644
17903914,17904513,599,131899
17904513,17905716,1203,174132
17905716,17906483,767,10798
17906483,17906807,324,69422
17906807,17907412,605,105167
17907412,17908518,1106,724
17908518,17909685,1167,245691
17909685,17910938,1253,366
17910938,17911781,843,64713
17911781,17912608,827,122451
17912608,17913837,1229,29120
17913837,17914241,404,70753
17914241,17915044,803,135216
17915044,17916173,1129,99157
17916173,17917415,1242,88484
17917415,17918535,1120,144987
17918535,17919615,1080,81859
17919615,17920558,943,102239
17920558,17921846,1288,11254
17921846,17922511,665,162239
17922511,17923637,1126,159371
17923637,17923997,360,149939
17923997,17925256,1259,285135
17925256,17926169,913,110528
17926169,17927400,1231,141242
17927400,17928430,1030,133630
17928430,17929590,1160,153728
17929590,17930649,1059,130871
17930649,17931626,977,123266
17931626,17932716,1090,144965
17932716,17933834,1118,128136
17933834,17935142,1308,81858
17935142,17936333,1191,105673
17936333,17936984,651,124224
17936984,17937905,921,119637
17937905,17939174,1269,70753
17939174,17940233,1059,137154
17940233,17941335,1102,104483
17941335,17942637,1302,696
17942637,17943832,1195,41610
17943832,17944731,899,290361
17944731,17945943,1212,159228
17945943,17947114,1171,153733
17947114,17947979,865,154736
17947979,17949111,1132,116804
17949111,17949430,319,124164
17949430,17949605,175,75810
17949605,17950623,1018,285173
17950623,17951663,1040,279233
17951663,17952910,1247,48830
17952910,17953913,1003,280380
17953913,17954131,218,187464
17954131,17954650,519,12723
17954650,17955795,1145,187024
17955795,17956911,1116,133442
17956911,17958043,1132,112761
17958043,17959272,1229,8141
17959272,17960222,950,134728
17960222,17961114,892,39971
17961114,17962350,1236,54659
17962350,17963557,1207,15082
17963557,17964660,1103,145742
17964660,17965835,1175,142750
17965835,17966792,957,86683
17966792,17967961,1169,293168
17967961,17969088,1127,144965
17969088,17969527,439,10328
17969527,17970686,1159,89735
17970686,17971825,1139,127215
17971825,17972050,225,259009
17972050,17973078,1028,279153
17973078,17974096,1018,124587
17974096,17975304,1208,80665
17975304,17976391,1087,142750
17976391,17977660,1269,135894
17977660,17978903,1243,232057
17978903,17980094,1191,122825
17980094,17981106,1012,12085
17981106,17982309,1203,46890
17982309,17983533,1224,104483
17983533,17984380,847,274374
17984380,17985473,1093,135221
17985473,17986590,1117,137141
17986590,17987619,1029,57836
17987619,17988457,838,362
17988457,17989573,1116,171133
17989573,17990302,729,48361
17990302,17991530,1228,176278
17991530,17991843,313,88748
17991843,17992893,1050,140718
17992893,17993744,851,289453
17993744,17994837,1093,302000
17994837,17995036,199,133225
17995036,17995956,920,94876
17995956,17997067,1111,11535
17997067,17998328,1261,139797
17998328,17998903,575,71405
17998903,17999788,885,31603
17999788,18000446,658,121103
18000446,18001499,1053,46890
18001499,18001902,403,126739
18001902,18003123,1221,44575
18003123,18003998,875,125943
18003998,18004870,872,41610
18004870,18006011,1141,143893
18006011,18006285,274,143625
18006285,18007236,951,168198
18007236,18008491,1255,129396
18008491,18009693,1202,96168
18009693,18010024,331,144999
18010024,18011151,1127,130492
18011151,18011386,235,278220
18011386,18012605,1219,139035
18012605,18013693,1088,130878
18013693,18014950,1257,80656
18014950,18015991,1041,38026
18015991,18017212,1221,127518
18017212,18017587,375,127936
18017587,18018845,1258,146437
18018845,18020014,1169,124994
18020014,18021163,1149,158796
18021163,18022369,1206,14274
18022369,18023506,1137,12332
18023506,18023670,164,284428
18023670,18024710,1040,168198
18024710,18025907,1197,293963
18025907,18026809,902,32886
18026809,18027597,788,39970
18027597,18028768,1171,47237
18028768,18029942,1174,4145
18029942,18030247,305,61743
18030247,18031322,1075,71320
18031322,18032634,1312,80192
18032634,18033757,1123,103120
18033757,18034850,1093,279153
18034850,18035963,1113,126233
18035963,18037112,1149,109180
18037112,18038222,1110,135762
18038222,18039199,977,143361
18039199,18040381,1182,163384
18040381,18041262,881,122544
18041262,18042608,1346,137106
18042608,18043022,414,292347
18043022,18044271,1249,294114
18044271,18045426,1155,290351
18045426,18046611,1185,65554
18046611,18047707,1096,131228
18047707,18048746,1039,121079
18048746,18048965,219,110706
18048965,18050310,1345,12715
18050310,18051560,1250,2301
18051560,18051749,189,101262
18051749,18052171,422,23281
18052171,18053365,1194,110243
18053365,18054408,1043,282977
18054408,18055613,1205,15081
18055613,18056628,1015,11254
18056628,18057523,895,136280
18057523,18058586,1063,144485
18058586,18058889,303,19214
18058889,18059930,1041,12538
18059930,18061096,1166,83633
18061096,18062379,1283,14274
18062379,18063577,1198,6175
18063577,18064813,1236,104979
18064813,18065965,1152,128329
18065965,18066685,720,283138
18066685,18067854,1169,284444
18067854,18069211,1357,135894
18069211,18070386,1175,122614
18070386,18071351,965,283462
18071351,18072592,1241,122806
18072592,18073883,1291,126932
18073883,18074841,958,16003
18074841,18075817,976,137628
18075817,18077176,1359,104391
18077176,18078311,1135,48842
18078311,18079438,1127,87791
18079438,18079947,509,110705
18079947,18081213,1266,100431
18081213,18082568,1355,16002
18082568,18083761,1193,101580
18083761,18085013,1252,49750
18085013,18086184,1171,133630
18086184,18087267,1083,277898
18087267,18088386,1119,6174
18088386,18089492,1106,144021
18089492,18089901,409,157858
18089901,18091021,1120,139752
18091021,18092219,1198,4479
18092219,18092883,664,52195
18092883,18093289,406,85684
18093289,18094532,1243,134728
18094532,18095878,1346,98877
18095878,18097139,1261,148962
18097139,18098395,1256,72207
18098395,18099676,1281,137106
18099676,18100735,1059,304535
18100735,18101952,1217,37090
18101952,18102234,282,114452
18102234,18103370,1136,53320
18103370,18104398,1028,138545
18104398,18105097,699,109663
18105097,18106243,1146,123500
18106243,18107510,1267,19665
18107510,18108659,1149,118119
18108659,18109824,1165,156963
18109824,18110649,825,80656
18110649,18111758,1109,1731
18111758,18112963,1205,143485
18112963,18114190,1227,135229
18114190,18114731,541,285135
18114731,18115977,1246,216570
18115977,18117191,1214,160964
18117191,18118412,1221,91801
18118412,18119607,1195,141270
18119607,18120771,1164,134434
18120771,18121971,1200,154673
18121971,18122308,337,126796
18122308,18122511,203,132782
18122511,18123649,1138,58763
18123649,18124856,1207,144496
18124856,18125315,459,121064
18125315,18126612,1297,89390
18126612,18127753,1141,143893
18127753,18128108,355,126286
18128108,18129417,1309,14929
18129417,18130437,1020,169291
18130437,18131589,1152,54006
18131589,18132714,1125,145138
18132714,18133823,1109,10172
18133823,18134624,801,95959
18134624,18135720,1096,178748
18135720,18136182,462,123271
18136182,18137366,1184,129443
18137366,18138575,1209,292253
18138575,18139134,559,134657
18139134,18140188,1054,156154
18140188,18141050,862,121085
18141050,18142192,1142,15307
18142192,18143408,1216,128345
18143408,18144639,1231,120318
18144639,18145499,860,58868
18145499,18146640,1141,13056
18146640,18147654,1014,53342
18147654,18148156,502,168626
18148156,18149106,950,169291
18149106,18149859,753,121024
18149859,18150612,753,89880
18150612,18151417,805,169293
18151417,18152453,1036,140072
18152453,18153666,1213,4275
18153666,18154842,1176,147193
18154842,18156093,1251,109658
18156093,18157326,1233,291168
18157326,18158054,728,123266
18158054,18159095,1041,63885
18159095,18160292,1197,122626
18160292,18161371,1079,723
18161371,18162052,681,181961
18162052,18162937,885,12118
18162937,18163641,704,41911
18163641,18164517,876,4662
18164517,18165672,1155,127936
18165672,18166904,1232,11244
18166904,18168067,1163,6176
18168067,18168283,216,168204
18168283,18169366,1083,67592
18169366,18170571,1205,134981
18170571,18171615,1044,158744
18171615,18172575,960,160188
18172575,18173770,1195,139361
18173770,18174737,967,185457
18174737,18175722,985,111961
18175722,18176871,1149,70998
18176871,18177616,745,121140
18177616,18178133,517,129388
18178133,18179457,1324,681
18179457,18180038,581,129396
18180038,18181141,1103,92930
18181141,18182058,917,296159
18182058,18183300,1242,3967
18183300,18184471,1171,182402
18184471,18184586,115,124554
18184586,18185620,1034,134434
18185620,18186705,1085,88349
18186705,18187839,1134,81870
18187839,18188478,639,168626
18188478,18189675,1197,134789
18189675,18190816,1141,40556
18190816,18191963,1147,66166
18191963,18192342,379,41614
18192342,18193605,1263,76973
18193605,18194677,1072,127525
18194677,18195835,1158,130489
18195835,18196974,1139,168500
18196974,18197771,797,141242
18197771,18198907,1136,274380
18198907,18199777,870,91905
18199777,18200116,339,254918
18200116,18201373,1257,142824
18201373,18201929,556,129979
18201929,18202861,932,91801
18202861,18204142,1281,157088
18204142,18205059,917,73728
18205059,18206020,961,25951
18206020,18207129,1109,129388
18207129,18207399,270,32139
18207399,18208701,1302,47032
18208701,18209383,682,291374
18209383,18210418,1035,105179
18210418,18211359,941,124990
18211359,18212548,1189,6541
18212548,18213724,1176,134707
18213724,18214876,1152,10172
18214876,18215180,304,40556
18215180,18216330,1150,130127
18216330,18217570,1240,67592
18217570,18218787,1217,121103
18218787,18219715,928,142363
18219715,18220517,802,112761
18220517,18221149,632,10172
18221149,18222315,1166,126286
18222315,18223460,1145,155151
18223460,18224628,1168,68344
18224628,18225363,735,144987
18225363,18226290,927,123443
18226290,18227007,717,131106
18227007,18228278,1271,63713
18228278,18229466,1188,112593
18229466,18229719,253,46889
18229719,18231072,1353,156724
18231072,18231544,472,98644
18231544,18232649,1105,291379
18232649,18233918,1269,142320
18233918,18235009,1091,34483
18235009,18235940,931,55202
18235940,18236807,867,110520
18236807,18237929,1122,282386
18237929,18239110,1181,64713
18239110,18240231,1121,5912
18240231,18241192,961,105167
18241192,18242261,1069,28247
18242261,18243388,1127,116797
18243388,18243730,342,295756
18243730,18244953,1223,86741
18244953,18245388,435,169656
18245388,18246515,1127,395
18246515,18247360,845,123049
18247360,18248538,1178,129983
18248538,18249754,1216,25951
18249754,18250894,1140,155646
18250894,18251837,943,127703
18251837,18253126,1289,82020
18253126,18254206,1080,280380
18254206,18255082,876,112056
18255082,18256402,1320,97610
18256402,18257647,1245,54666
18257647,18258806,1159,28247
18258806,18260045,1239,89882
18260045,18260652,607,64298
18260652,18260841,189,137608
18260841,18261069,228,157644
18261069,18262279,1210,4445
18262279,18263019,740,105398
18263019,18264042,1023,164187
18264042,18264830,788,176270
18264830,18265997,1167,25765
18265997,18267312,1315,137614
18267312,18268113,801,109179
18268113,18269242,1129,137770
18269242,18270472,1230,12723
18270472,18271533,1061,296473
18271533,18272736,1203,110056
18272736,18273715,979,10160
18273715,18274856,1141,92200
18274856,18275612,756,136458
18275612,18276236,624,99157
18276236,18277499,1263,96168
18277499,18278660,1161,160958
18278660,18279345,685,47032
18279345,18280531,1186,134451
18280531,18281642,1111,57179
18281642,18282789,1147,8689
18282789,18283989,1200,4136
18283989,18285208,1219,144135
18285208,18286279,1071,25766
18286279,18287392,1113,123215
18287392,18288353,961,135892
18288353,18289607,1254,66464
18289607,18290709,1102,170956
18290709,18291332,623,291172
18291332,18291960,628,14013
18291960,18292715,755,140718
18292715,18293962,1247,1562
18293962,18295091,1129,290349
18295091,18296215,1124,132272
18296215,18296680,465,11243
18296680,18297803,1123,22574
18297803,18298930,1127,23311
18298930,18300188,1258,62558
18300188,18301466,1278,139741
18301466,18301697,231,36386
18301697,18302957,1260,12723
18302957,18304207,1250,134420
18304207,18305234,1027,30591
18305234,18306442,1208,104491
18306442,18307407,965,108005
18307407,18308601,1194,134830
18308601,18309791,1190,169291
18309791,18310877,1086,131704
18310877,18312178,1301,10642
18312178,18313490,1312,114256
18313490,18314496,1006,6398
18314496,18315588,1092,147967
18315588,18316745,1157,133220
18316745,18318010,1265,46267
18318010,18319144,1134,275212
18319144,18319974,830,121730
18319974,18320978,1004,10172
18320978,18321888,910,66185
18321888,18323064,1176,91905
18323064,18324229,1165,129994
18324229,18324497,268,26894
18324497,18325579,1082,108640
18325579,18326863,1284,136846
18326863,18327353,490,147193
18327353,18328022,669,132645
18328022,18328919,897,12715
18328919,18330124,1205,144503
18330124,18331393,1269,176698
18331393,18332213,820,124439
18332213,18333149,936,61316
18333149,18334107,958,146123
18334107,18335319,1212,142311
18335319,18336635,1316,25766
18336635,18337792,1157,126539
18337792,18338918,1126,66622
18338918,18340069,1151,140222
18340069,18340826,757,64956
18340826,18342039,1213,129443
18342039,18343248,1209,73972
18343248,18343759,511,26894
18343759,18344970,1211,101579
18344970,18345135,165,101884
18345135,18346430,1295,142858
18346430,18347365,935,106969
18347365,18348406,1041,290923
18348406,18349606,1200,132776
18349606,18350158,552,121398
18350158,18351105,947,28380
18351105,18352356,1251,60489
18352356,18352579,223,150715
18352579,18353583,1004,136458
18353583,18354834,1251,121148
18354834,18355973,1139,681
18355973,18357129,1156,172165
18357129,18358429,1300,128345
18358429,18358732,303,291379
18358732,18359817,1085,130974
18359817,18360527,710,141713
18360527,18361687,1160,39661
18361687,18363037,1350,128145
18363037,18364201,1164,128309
18364201,18365424,1223,14653
18365424,18366633,1209,291101
18366633,18367910,1277,108005
18367910,18369117,1207,76046
18369117,18370280,1163,48032
18370280,18371554,1274,132592
18371554,18372509,955,112012
18372509,18372918,409,163402
18372918,18374061,1143,175448
18374061,18375392,1331,1562
18375392,18375846,454,129064
18375846,18376544,698,13056
18376544,18376879,335,39970
18376879,18378057,1178,157858
18378057,18379112,1055,94523
18379112,18380257,1145,80665
18380257,18381488,1231,166420
18381488,18381647,159,144965
18381647,18382783,1136,132272
18382783,18383506,723,126221
18383506,18384202,696,282926
18384202,18385365,1163,132484
18385365,18386608,1243,176680
18386608,18387829,1221,122825
18387829,18389107,1278,90847
18389107,18390347,1240,142858
18390347,18390596,249,142752
18390596,18391742,1146,163322
18391742,18391950,208,158074
18391950,18393143,1193,9010
18393143,18394364,1221,133224
18394364,18395235,871,245691
18395235,18396344,1109,126739
18396344,18397439,1095,36641
18397439,18398597,1158,7887
18398597,18399886,1289,75939
18399886,18400911,1025,68359
18400911,18401218,307,38660
18401218,18401920,702,129623
18401920,18402513,593,75362
18402513,18403905,1392,294120
18403905,18404962,1057,122443
18404962,18406203,1241,91072
18406203,18407477,1274,54487
18407477,18408476,999,156968
18408476,18409002,526,54666
18409002,18410271,1269,12707
18410271,18411298,1027,12332
18411298,18412275,977,26951
18412275,18413308,1033,139325
18413308,18414384,1076,125118
18414384,18415562,1178,156155
18415562,18416811,1249,19209
18416811,18417814,1003,19373
18417814,18418865,1051,122789
18418865,18420060,1195,137739
18420060,18420713,653,142744
18420713,18421970,1257,137106
18421970,18423226,1256,134804
18423226,18424305,1079,124990
18424305,18425428,1123,48377
18425428,18426499,1071,274374
18426499,18427665,1166,20410
18427665,18428688,1023,73958
18428688,18429764,1076,135020
18429764,18431046,1282,163597
18431046,18432195,1149,294114
18432195,18433252,1057,138047
18433252,18434483,1231,80665
18434483,18435558,1075,122806
18435558,18436512,954,97610
18436512,18437792,1280,8684
18437792,18438904,1112,144135
18438904,18439879,975,58869
18439879,18440646,767,122655
18440646,18441478,832,73972
18441478,18442327,849,133290
18442327,18442716,389,158081
18442716,18443945,1229,16632
18443945,18444999,1054,233382
18444999,18446276,1277,293963
18446276,18447406,1130,144987
18447406,18448245,839,12707
18448245,18448775,530,6541
18448775,18449871,1096,125943
18449871,18451078,1207,287657
18451078,18452149,1071,126577
18452149,18453360,1211,294114
18453360,18454666,1306,150915
18454666,18455847,1181,132592
18455847,18456927,1080,129325
18456927,18457605,678,288044
18457605,18457816,211,39910
18457816,18459045,1229,126739
18459045,18460113,1068,294551
18460113,18461447,1334,48361
18461447,18462451,1004,163726
18462451,18463703,1252,295759
18463703,18464850,1147,14960
18464850,18465410,560,176680
18465410,18466443,1033,284269
18466443,18467698,1255,1120
18467698,18468873,1175,57836
18468873,18470108,1235,161714
18470108,18471117,1009,11512
18471117,18472368,1251,154736
18472368,18473568,1200,103120
18473568,18474697,1129,175448
18474697,18474962,265,121069
18474962,18475310,348,85640
18475310,18476087,777,183239
18476087,18476770,683,282926
18476770,18477746,976,281472
18477746,18479057,1311,117382
18479057,18480396,1339,276735
18480396,18481483,1087,168198
18481483,18482760,1277,64588
18482760,18483905,1145,128636
18483905,18485043,1138,2772
18485043,18486010,967,11734
18486010,18487243,1233,148993
18487243,18488396,1153,144999
18488396,18489603,1207,208
18489603,18489792,189,130494
18489792,18490361,569,136861
18490361,18491473,1112,133220
18491473,18492696,1223,91906
18492696,18493753,1057,96672
18493753,18494588,835,67584
18494588,18495689,1101,99249
18495689,18496200,511,13364
18496200,18497432,1232,35926
18497432,18497594,162,121541
18497594,18498773,1179,138042
18498773,18499850,1077,41933
18499850,18501009,1159,143521
18501009,18502334,1325,75242
18502334,18503592,1258,276939
18503592,18504856,1264,30105
18504856,18505936,1080,130876
18505936,18506825,889,126829
18506825,18507784,959,291172
18507784,18508761,977,132484
18508761,18509889,1128,126737
18509889,18510987,1098,156159
18510987,18512257,1270,39501
18512257,18513542,1285,126410
18513542,18514014,472,40556
18514014,18515140,1126,284434
18515140,18516287,1147,15446
18516287,18517414,1127,11079
18517414,18518566,1152,4275
18518566,18519748,1182,137770
18519748,18520927,1179,70837
18520927,18522120,1193,80665
18522120,18523366,1246,164461
18523366,18523673,307,131040
18523673,18524709,1036,124439
18524709,18525898,1189,64974
18525898,18526922,1024,138043
18526922,18528053,1131,62516
18528053,18529302,1249,9174
18529302,18530509,1207,105394
18530509,18531288,779,105383
18531288,18532459,1171,114971
18532459,18533566,1107,142733
18533566,18534811,1245,12539
18534811,18535231,420,87547
18535231,18536040,809,13269
18536040,18537141,1101,131899
18537141,18538274,1133,7944
18538274,18539379,1105,26559
18539379,18540616,1237,29108
18540616,18541889,1273,89388
18541889,18542536,647,5703
18542536,18543605,1069,13269
18543605,18544279,674,10674
18544279,18545614,1335,212
18545614,18546776,1162,104398
18546776,18547925,1149,157243
18547925,18549212,1287,50776
18549212,18550397,1185,157858
18550397,18551381,984,31097
18551381,18552598,1217,147981
18552598,18553722,1124,139404
18553722,18554775,1053,15307
18554775,18555762,987,157857
18555762,18556975,1213,26947
18556975,18558240,1265,142279
18558240,18559453,1213,10798
18559453,18560124,671,278289
18560124,18561338,1214,14958
18561338,18562625,1287,121674
18562625,18563665,1040,65772
18563665,18564702,1037,300234
18564702,18565771,1069,66166
18565771,18566422,651,862
18566422,18567695,1273,122614
18567695,18568901,1206,124368
18568901,18569466,565,14677
18569466,18570015,549,160188
18570015,18571218,1203,48848
18571218,18572259,1041,137589
18572259,18573606,1347,132484
18573606,18574092,486,134170
18574092,18575417,1325,258266
18575417,18576622,1205,10172
18576622,18577941,1319,134708
18577941,18578489,548,862
18578489,18579665,1176,285135
18579665,18580131,466,126947
18580131,18581265,1134,75355
18581265,18582536,1271,187464
18582536,18583609,1073,123443
18583609,18584807,1198,139336
18584807,18586031,1224,129752
18586031,18587095,1064,98645
18587095,18587320,225,162238
18587320,18587948,628,285173
18587948,18588942,994,246889
18588942,18590156,1214,132848
18590156,18590838,682,164328
18590838,18591597,759,5764
18591597,18591884,287,70843
18591884,18593142,1258,274375
18593142,18594340,1198,216564
18594340,18594768,428,254948
18594768,18595902,1134,286306
18595902,18596811,909,125941
18596811,18597997,1186,4447
18597997,18599198,1201,10674
18599198,18600432,1234,122801
18600432,18601722,1290,147967
18601722,18602660,938,39475
18602660,18603189,529,77361
18603189,18604306,1117,75242
18604306,18604894,588,84349
18604894,18605744,850,281132
18605744,18606976,1232,92934
18606976,18607957,981,161101
18607957,18609004,1047,67592
18609004,18610019,1015,70837
18610019,18611119,1100,129064
18611119,18612236,1117,723
18612236,18613439,1203,10988
18613439,18614632,1193,138032
18614632,18615534,902,166436
18615534,18616694,1160,135216
18616694,18617634,940,124549
18617634,18618674,1040,1120
18618674,18619846,1172,137588
18619846,18620120,274,128631
18620120,18621303,1183,135894
18621303,18622176,873,86804
18622176,18623377,1201,96168
18623377,18623631,254,160187
18623631,18624726,1095,19376
18624726,18625390,664,294113
18625390,18626701,1311,163527
18626701,18627965,1264,130184
18627965,18629054,1089,139308
18629054,18630147,1093,149939
18630147,18631437,1290,59175
18631437,18632632,1195,182402
18632632,18633751,1119,128761
18633751,18634773,1022,121674
18634773,18635928,1155,294697
18635928,18636256,328,111961
18636256,18637544,1288,142733
18637544,18638743,1199,88489
18638743,18639812,1069,136458
18639812,18640897,1085,127215
18640897,18641952,1055,34483
18641952,18642950,998,76046
18642950,18644177,1227,10327
18644177,18645249,1072,147981
18645249,18646348,1099,137618
18646348,18647473,1125,70837
18647473,18647799,326,258954
18647799,18648790,991,29110
18648790,18649978,1188,25563
18649978,18651126,1148,35921
18651126,18652215,1089,395
18652215,18653284,1069,102381
18653284,18653623,339,129064
18653623,18654600,977,245691
18654600,18655183,583,133290
18655183,18656399,1216,216563
18656399,18656936,537,163322
18656936,18657833,897,94876
18657833,18658897,1064,11079
18658897,18660024,1127,159386
18660024,18661091,1067,104391
18661091,18662403,1312,135657
18662403,18663007,604,166420
18663007,18663518,511,121799
18663518,18664733,1215,169291
18664733,18665812,1079,92915
18665812,18666879,1067,53458
18666879,18668163,1284,291101
18668163,18668426,263,121064
18668426,18669701,1275,90850
18669701,18670892,1191,134728
18670892,18671086,194,135762
18671086,18672284,1198,120280
18672284,18672759,475,246904
18672759,18673862,1103,290363
18673862,18675083,1221,294700
18675083,18676245,1162,756
18676245,18677179,934,157644
18677179,18678360,1181,60480
18678360,18679609,1249,26947
18679609,18680186,577,121068
18680186,18680741,555,163380
18680741,18681753,1012,122467
18681753,18682004,251,165428
18682004,18683196,1192,126312
18683196,18684307,1111,133424
18684307,18685138,831,284444
18685138,18685667,529,7235
18685667,18686626,959,129974
18686626,18687709,1083,8912
18687709,18688528,819,105398
18688528,18689381,853,140718
18689381,18690635,1254,144135
18690635,18691798,1163,92915
18691798,18692861,1063,132717
18692861,18693942,1081,39477
18693942,18695268,1326,121024
18695268,18696494,1226,142733
18696494,18697583,1089,88363
18697583,18698776,1193,139717
18698776,18699990,1214,140041
18699990,18700877,887,109507
18700877,18701286,409,15305
18701286,18702391,1105,262291
18702391,18703656,1265,293987
18703656,18704902,1246,139358
18704902,18706007,1105,57837
18706007,18707128,1121,126842
18707128,18708349,1221,110520
18708349,18709553,1204,128226
18709553,18710254,701,152282
18710254,18711283,1029,134119
18711283,18711632,349,121741
18711632,18712706,1074,5084
18712706,18713228,522,153731
18713228,18714392,1164,145699
18714392,18715603,1211,131256
18715603,18716688,1085,39508
18716688,18717808,1120,128990
18717808,18718946,1138,152825
18718946,18719683,737,130975
18719683,18720935,1252,10674
18720935,18722029,1094,70919
18722029,18722416,387,165428
18722416,18723683,1267,10822
18723683,18724937,1254,164100
18724937,18726177,1240,294554
18726177,18727333,1156,127691
18727333,18728535,1202,168638
18728535,18729666,1131,121106
18729666,18730851,1185,71550
18730851,18731183,332,117382
18731183,18732323,1140,127704
18732323,18733522,1199,77361
18733522,18734167,645,142362
18734167,18734812,645,158081
18734812,18735735,923,20034
18735735,18736792,1057,296473
18736792,18737820,1028,110131
18737820,18738204,384,128677
18738204,18739497,1293,26982
18739497,18740789,1292,86741
18740789,18741744,955,25563
18741744,18742953,1209,145138
18742953,18744094,1141,176263
18744094,18745376,1282,103481
18745376,18746575,1199,58137
18746575,18747559,984,6506
18747559,18747882,323,143625
18747882,18749089,1207,124368
18749089,18750342,1253,86708
18750342,18751543,1201,187466
18751543,18752596,1053,121103
18752596,18752731,135,138042
18752731,18753984,1253,132300
18753984,18755120,1136,37134
18755120,18755461,341,129623
18755461,18756617,1156,133442
18756617,18757040,423,28465
18757040,18758012,972,123270
18758012,18759242,1230,129582
18759242,18760214,972,126932
18760214,18761459,1245,138617
18761459,18762738,1279,124002
18762738,18763987,1249,52088
18763987,18764714,727,170952
18764714,18765949,1235,104717
18765949,18766937,988,161166
18766937,18768041,1104,8890
18768041,18769151,1110,117382
18769151,18769654,503,135897
18769654,18770903,1249,295761
18770903,18772009,1106,131887
18772009,18773013,1004,123191
18773013,18774204,1191,170440
18774204,18775386,1182,3967
18775386,18776693,1307,138063
18776693,18777588,895,105002
18777588,18778817,1229,258960
18778817,18779179,362,126292
18779179,18780399,1220,123602
18780399,18780873,474,46889
18780873,18781311,438,153964
18781311,18781493,182,123192
18781493,18782503,1010,258959
18782503,18783370,867,110131
18783370,18784641,1271,110056
18784641,18785510,869,157242
18785510,18785810,300,216563
18785810,18786902,1092,11533
18786902,18788045,1143,142744
18788045,18789000,955,11077
18789000,18790161,1161,67147
18790161,18790597,436,245687
18790597,18791617,1020,169291
18791617,18792666,1049,108620
18792666,18793524,858,166433
18793524,18794648,1124,289242
18794648,18795615,967,83607
18795615,18796848,1233,69607
18796848,18797916,1068,129752
18797916,18799186,1270,6525
18799186,18799790,604,64588
18799790,18800789,999,72210
18800789,18801729,940,274376
18801729,18802777,1048,46243
18802777,18803824,1047,11512
18803824,18805114,1290,89898
18805114,18806239,1125,122806
18806239,18806984,745,20410
18806984,18808278,1294,1536
18808278,18809474,1196,290351
18809474,18810646,1172,28247
18810646,18810803,157,32135
18810803,18812039,1236,76046
18812039,18813273,1234,106611
18813273,18813573,300,124547
18813573,18814807,1234,29091
18814807,18815447,640,8140
18815447,18816438,991,120281
18816438,18817649,1211,13056
18817649,18818990,1341,130489
18818990,18820203,1213,53638
18820203,18821403,1200,132499
18821403,18822516,1113,123135
18822516,18822908,392,142279
18822908,18824100,1192,39971
18824100,18825380,1280,63095
18825380,18826312,932,77779
18826312,18827478,1166,121799
18827478,18827740,262,5909
18827740,18828933,1193,92915
18828933,18830204,1271,184266
18830204,18831097,893,129596
18831097,18831928,831,134789
18831928,18832944,1016,142311
18832944,18833660,716,152264
18833660,18834881,1221,1120
18834881,18836110,1229,19361
18836110,18836709,599,19376
18836709,18837586,877,284435
18837586,18838014,428,129396
18838014,18839260,1246,36956
18839260,18840398,1138,29101
18840398,18841471,1073,64290
18841471,18842384,913,146437
18842384,18843723,1339,143484
18843723,18844876,1153,71550
18844876,18846131,1255,130878
18846131,18846420,289,121085
18846420,18847533,1113,54006
18847533,18848683,1150,169291
18848683,18849936,1253,169293
18849936,18851111,1175,165428
18851111,18852153,1042,49755
18852153,18853281,1128,36633
18853281,18854531,1250,87766
18854531,18855627,1096,139743
18855627,18856821,1194,73847
18856821,18858024,1203,86043
18858024,18859216,1192,4275
18859216,18860216,1000,9210
18860216,18861390,1174,134316
18861390,18862536,1146,166421
18862536,18863511,975,155521
18863511,18864601,1090,281471
18864601,18865738,1137,126739
18865738,18866899,1161,29091
18866899,18868042,1143,121741
18868042,18869176,1134,156968
18869176,18870493,1317,131742
18870493,18871757,1264,128309
18871757,18873060,1303,132280
18873060,18874197,1137,134728
18874197,18875435,1238,63841
18875435,18876524,1089,102239
18876524,18877696,1172,64708
18877696,18878845,1149,2503
18878845,18879978,1133,285314
18879978,18880861,883,125002
18880861,18881680,819,92935
18881680,18882900,1220,73296
18882900,18884211,1311,145699
18884211,18884852,641,13256
18884852,18886056,1204,91072
18886056,18887219,1163,157475
18887219,18888319,1100,155972
18888319,18889433,1114,366
18889433,18890135,702,126932
18890135,18891329,1194,187005
18891329,18892304,975,134981
18892304,18893254,950,101836
18893254,18894394,1140,164100
18894394,18895196,802,298549
18895196,18896228,1032,290351
18896228,18897011,783,122876
18897011,18898234,1223,134149
18898234,18899451,1217,291609
18899451,18900686,1235,54487
18900686,18901899,1213,141644
18901899,18903152,1253,88007
18903152,18904474,1322,46268
18904474,18905126,652,167024
18905126,18905505,379,89880
18905505,18906420,915,165387
18906420,18907532,1112,141642
18907532,18908885,1353,110238
18908885,18910114,1229,103126
18910114,18911042,928,285173
18911042,18912203,1161,38026
18912203,18913367,1164,285135
18913367,18914480,1113,152824
18914480,18915733,1253,95441
18915733,18916958,1225,134789
18916958,18918206,1248,281188
18918206,18919334,1128,12332
18919334,18920515,1181,169291
18920515,18921762,1247,2503
18921762,18922777,1015,126965
18922777,18923900,1123,262305
18923900,18925062,1162,19361
18925062,18926235,1173,290349
18926235,18926800,565,123882
18926800,18927687,887,133273
18927687,18928737,1050,88367
18928737,18928910,173,7793
18928910,18930174,1264,125882
18930174,18930755,581,143477
18930755,18931164,409,126965
18931164,18932413,1249,161972
18932413,18933277,864,124990
18933277,18934375,1098,277898
18934375,18935435,1060,4145
18935435,18936276,841,86043
18936276,18937036,760,96241
18937036,18938203,1167,11535
18938203,18939299,1096,1129
18939299,18940606,1307,92420
18940606,18941788,1182,130560
18941788,18943055,1267,28465
18943055,18944070,1015,155521
18944070,18944836,766,109185
18944836,18946090,1254,157056
18946090,18946869,779,220951
18946869,18947767,898,156724
18947767,18948941,1174,178149
18948941,18950168,1227,122806
18950168,18951213,1045,61316
18951213,18952395,1182,145145
18952395,18953538,1143,108005
18953538,18954581,1043,121413
18954581,18955806,1225,62347
18955806,18956922,1116,9010
18956922,18958018,1096,132800
18958018,18959243,1225,132280
18959243,18960316,1073,80197
18960316,18961581,1265,163597
18961581,18962426,845,44576
18962426,18963371,945,14274
18963371,18963726,355,269254
18963726,18964802,1076,131704
18964802,18965951,1149,48579
18965951,18966487,536,63713
18966487,18967394,907,129582
18967394,18968413,1019,157644
18968413,18969509,1096,4479
18969509,18970699,1190,107627
18970699,18971300,601,133471
18971300,18972519,1219,155973
18972519,18973792,1273,9174
18973792,18975068,1276,135216
18975068,18976244,1176,5703
18976244,18976947,703,122467
18976947,18977915,968,138488
18977915,18979132,1217,71405
18979132,18980031,899,135020
18980031,18981228,1197,88489
18981228,18982431,1203,127685
18982431,18982633,202,155521
18982633,18983908,1275,178030
18983908,18984328,420,124224
18984328,18985547,1219,71320
18985547,18986634,1087,126410
18986634,18987644,1010,29091
18987644,18988739,1095,58845
18988739,18989900,1161,295761
18989900,18991093,1193,160592
18991093,18992152,1059,74477
18992152,18993394,1242,59268
18993394,18994636,1242,279849
18994636,18995863,1227,157054
18995863,18996295,432,166423
18996295,18997354,1059,133279
18997354,18998577,1223,155972
18998577,18999687,1110,112058
18999687,19000480,793,101832
19000480,19001255,775,258986
19001255,19002330,1075,273050
19002330,19003523,1193,141148
19003523,19004846,1323,216563
19004846,19005747,901,114468
19005747,19006900,1153,89894
19006900,19008125,1225,26947
19008125,19008462,337,132776
19008462,19009637,1175,127595
19009637,19009898,261,14929
19009898,19011023,1125,123284
19011023,19011859,836,121069
19011859,19012984,1125,126233
19012984,19014059,1075,150915
19014059,19015314,1255,141148
19015314,19016464,1150,122545
19016464,19017622,1158,395
19017622,19018210,588,46889
19018210,19019159,949,129396
19019159,19019715,556,102526
19019715,19020300,585,128631
19020300,19021315,1015,156757
19021315,19022360,1045,39971
19022360,19023397,1037,131259
19023397,19024280,883,160187
19024280,19025498,1218,135657
19025498,19026648,1150,11079
19026648,19027811,1163,12707
19027811,19028971,1160,14274
19028971,19030297,1326,258986
19030297,19031534,1237,134176
19031534,19032767,1233,87280
19032767,19033288,521,135220
19033288,19034524,1236,172165
19034524,19035718,1194,148993
19035718,19036981,1263,126539
19036981,19038122,1141,132850
19038122,19039318,1196,114256
19039318,19040671,1353,185488
19040671,19041667,996,279153
19041667,19042850,1183,129596
19042850,19044060,1210,270778
19044060,19044722,662,49755
19044722,19045866,1144,132499
19045866,19046989,1123,134785
19046989,19047794,805,12332
19047794,19048765,971,58845
19048765,19048942,177,141571
19048942,19050106,1164,279233
19050106,19051400,1294,11243
19051400,19052525,1125,122614
19052525,19053461,936,271812
19053461,19053986,525,104606
19053986,19055135,1149,395
19055135,19056284,1149,352
19056284,19057511,1227,70837
19057511,19058362,851,279233
19058362,19059602,1240,45204
19059602,19060549,947,131899
19060549,19061815,1266,5703
19061815,19062965,1150,131030
19062965,19064143,1178,72927
19064143,19065152,1009,143895
19065152,19066158,1006,144999
19066158,19067332,1174,63095
19067332,19068393,1061,98876
19068393,19069682,1289,56840
19069682,19070951,1269,291107
19070951,19071524,573,110742
19071524,19072683,1159,118128
19072683,19073884,1201,284444
19073884,19074670,786,231862
19074670,19075662,992,278289
19075662,19076860,1198,149739
19076860,19077887,1027,147173
19077887,19078890,1003,168626
19078890,19080173,1283,29092
19080173,19081313,1140,123285
19081313,19082095,782,138074
19082095,19082773,678,258263
19082773,19083856,1083,88761
19083856,19084930,1074,277898
19084930,19086024,1094,127215
19086024,19086650,626,284433
19086650,19087842,1192,128660
19087842,19088463,621,51162
19088463,19089414,951,168497
19089414,19090702,1288,54006
19090702,19092014,1312,291608
19092014,19093277,1263,87997
19093277,19094494,1217,47032
19094494,19095668,1174,96175
19095668,19096777,1109,128136
19096777,19097415,638,72212
19097415,19098635,1220,178028
19098635,19099901,1266,66184
19099901,19100930,1029,176680
19100930,19102125,1195,162238
19102125,19102946,821,54613
19102946,19103977,1031,135832
19103977,19105158,1181,133424
19105158,19106215,1057,121674
19106215,19107423,1208,130495
19107423,19108106,683,279153
19108106,19109209,1103,11077
19109209,19110144,935,42637
19110144,19111447,1303,174953
19111447,19112634,1187,262305
19112634,19113903,1269,159228
19113903,19114903,1000,245687
19114903,19115851,948,10327
19115851,19116308,457,6397
19116308,19117601,1293,36641
19117601,19118854,1253,80192
19118854,19120124,1270,87280
19120124,19121247,1123,281471
19121247,19122449,1202,233366
19122449,19123685,1236,143893
19123685,19124340,655,61781
19124340,19125543,1203,116804
19125543,19126667,1124,48362
19126667,19127584,917,86045
19127584,19128888,1304,123163
19128888,19130163,1275,64738
19130163,19131082,919,121730
19131082,19132129,1047,132592
19132129,19133159,1030,121064
19133159,19134051,892,58778
19134051,19134800,749,39616
19134800,19136071,1271,142318
19136071,19137331,1260,11243
19137331,19138542,1211,143893
19138542,19139371,829,40571
19139371,19140525,1154,113272
19140525,19141568,1043,294551
19141568,19142696,1128,134316
19142696,19144052,1356,126965
19144052,19145235,1183,96151
19145235,19145884,649,64713
19145884,19147143,1259,104606
19147143,19148324,1181,246904
19148324,19149598,1274,112597
19149598,19150816,1218,132499
19150816,19151776,960,101283
19151776,19152994,1218,81843
19152994,19153988,994,51163
19153988,19155116,1128,178449
19155116,19156166,1050,170982
19156166,19157356,1190,7884
19157356,19158583,1227,34497
19158583,19159468,885,163606
19159468,19159936,468,114476
19159936,19161052,1116,2536
19161052,19161534,482,132299
19161534,19162825,1291,127936
19162825,19164027,1202,143307
19164027,19164918,891,49755
19164918,19165768,850,140651
19165768,19166908,1140,121064
19166908,19168099,1191,284433
19168099,19168636,537,123269
19168636,19169845,1209,123507
19169845,19171074,1229,170956
19171074,19172300,1226,168497
19172300,19172888,588,12707
19172888,19173900,1012,92805
19173900,19175130,1230,134707
19175130,19176249,1119,10798
19176249,19177548,1299,151817
19177548,19178619,1071,153728
19178619,19179694,1075,129064
19179694,19180969,1275,176698
19180969,19182195,1226,29120
19182195,19183428,1233,83696
19183428,19184657,1229,144496
19184657,19185929,1272,126209
19185929,19186944,1015,54666
19186944,19188101,1157,113273
19188101,19189280,1179,72212
19189280,19190459,1179,129066
19190459,19191669,1210,143321
19191669,19192263,594,55088
19192263,19193072,809,66622
19193072,19193888,816,290923
19193888,19195139,1251,177638
19195139,19195305,166,110061
19195305,19195864,559,133396
19195864,19197035,1171,6525
19197035,19198042,1007,91801
19198042,19199189,1147,138033
19199189,19200369,1180,12544
19200369,19201509,1140,395
19201509,19202673,1164,100044
19202673,19203904,1231,240992
19203904,19205152,1248,9919
19205152,19206281,1129,58193
19206281,19207234,953,144999
19207234,19208379,1145,1187
19208379,19209178,799,131882
19209178,19210468,1290,168500
19210468,19211701,1233,34501
19211701,19212682,981,32137
19212682,19213974,1292,34572
19213974,19214897,923,127704
19214897,19216166,1269,289453
19216166,19217311,1145,148521
19217311,19218548,1237,133279
19218548,19219719,1171,10988
19219719,19220414,695,131722
19220414,19221268,854,26956
19221268,19222077,809,41170
19222077,19223303,1226,96153
19223303,19224591,1288,9210
19224591,19225812,1221,56174
19225812,19226987,1175,176270
19226987,19228066,1079,11535
19228066,19229231,1165,92934
19229231,19230493,1262,10089
19230493,19231632,1139,46588
19231632,19232400,768,279153
19232400,19233502,1102,398
19233502,19234732,1230,32886
19234732,19235714,982,126932
19235714,19236874,1160,78885
19236874,19238084,1210,143485
19238084,19239267,1183,126233
19239267,19240238,971,122944
19240238,19241497,1259,279363
19241497,19242318,821,137627
19242318,19243377,1059,111754
19243377,19243612,235,167597
19243612,19244387,775,32139
19244387,19245570,1183,31097
19245570,19246601,1031,141571
19246601,19247708,1107,41166
19247708,19248875,1167,132891
19248875,19250092,1217,30101
19250092,19250965,873,5083
19250965,19252155,1190,132782
19252155,19253115,960,176853
19253115,19254321,1206,132891
19254321,19255616,1295,124520
19255616,19256770,1154,67592
19256770,19257237,467,132717
19257237,19258044,807,101884
19258044,19258258,214,131882
19258258,19259409,1151,108620
19259409,19260389,980,144987
19260389,19261378,989,298549
19261378,19262113,735,19373
19262113,19263061,948,130975
19263061,19263922,861,16632
19263922,19265134,1212,281188
19265134,19266029,895,162239
19266029,19267096,1067,175390
19267096,19267905,809,177641
19267905,19268658,753,121080
19268658,19269878,1220,61421
19269878,19270820,942,187005
19270820,19272128,1308,58868
19272128,19273306,1178,76055
19273306,19274195,889,45204
19274195,19275378,1183,75807
19275378,19275809,431,39661
19275809,19277011,1202,156019
19277011,19277685,674,14358
19277685,19278866,1181,101579
19278866,19280071,1205,147159
19280071,19281232,1161,134816
19281232,19282409,1177,46268
19282409,19282588,179,126826
19282588,19283761,1173,142318
19283761,19284557,796,77361
19284557,19285101,544,98645
19285101,19286091,990,123197
19286091,19287326,1235,119295
19287326,19288483,1157,53342
19288483,19289490,1007,4690
19289490,19290669,1179,41911
19290669,19291840,1171,724
19291840,19293017,1177,55088
19293017,19294234,1217,108066
19294234,19294755,521,233342
19294755,19295593,838,109185
19295593,19296398,805,5776
19296398,19297463,1065,46890
19297463,19298787,1324,135657
19298787,19299139,352,254949
19299139,19300308,1169,92812
19300308,19301443,1135,10642
19301443,19302723,1280,296159
19302723,19303981,1258,14653
19303981,19305165,1184,70843
19305165,19306058,893,107487
19306058,19307234,1176,112012
19307234,19307903,669,128991
19307903,19309007,1104,278228
19309007,19309961,954,67200
19309961,19311212,1251,126313
19311212,19311684,472,122944
19311684,19312782,1098,163612
19312782,19313610,828,291608
19313610,19314835,1225,167023
19314835,19315835,1000,143893
19315835,19317051,1216,161166
19317051,19318182,1131,109658
19318182,19318601,419,275128
19318601,19319833,1232,130871
19319833,19320712,879,72207
19320712,19321933,1221,123998
19321933,19323072,1139,282357
19323072,19324013,941,36633
19324013,19324866,853,122025
19324866,19325996,1130,83607
19325996,19326561,565,64290
19326561,19327596,1035,126739
19327596,19328648,1052,67860
19328648,19329804,1156,122614
19329804,19330537,733,148993
19330537,19331798,1261,34501
19331798,19332911,1113,145700
19332911,19333954,1043,122863
19333954,19335122,1168,129011
19335122,19336417,1295,57156
19336417,19337704,1287,163322
19337704,19338206,502,84448
19338206,19339382,1176,81881
19339382,19340252,870,262269
19340252,19341515,1263,130588
19341515,19342564,1049,135657
19342564,19343574,1010,290365
19343574,19344631,1057,10089
19344631,19345902,1271,5764
19345902,19347019,1117,756
19347019,19348269,1250,138866
19348269,19348642,373,102250
19348642,19349809,1167,135635
19349809,19351056,1247,108638
19351056,19352267,1211,395
19352267,19353457,1190,101276
19353457,19353867,410,36641
19353867,19355037,1170,15082
19355037,19355366,329,60489
19355366,19355617,251,187464
19355617,19356708,1091,185466
19356708,19357770,1062,149881
19357770,19357941,171,13250
19357941,19359158,1217,294523
19359158,19359612,454,129623
19359612,19360715,1103,157644
19360715,19361978,1263,100431
19361978,19362915,937,86026
19362915,19363993,1078,29120
19363993,19365012,1019,98645
19365012,19366312,1300,83606
19366312,19367563,1251,58137
19367563,19368332,769,29120
19368332,19369431,1099,31629
19369431,19370688,1257,83606
19370688,19371829,1141,285896
19371829,19373065,1236,135657
19373065,19374155,1090,54006
19374155,19374878,723,275885
19374878,19375923,1045,271811
19375923,19377102,1179,115686
19377102,19378213,1111,48830
19378213,19378801,588,104978
19378801,19379928,1127,282385
19379928,19381085,1157,105394
19381085,19382022,937,98880
19382022,19383296,1274,234067
19383296,19383717,421,245707
19383717,19384605,888,19376
19384605,19385484,879,117382
19385484,19386592,1108,290047
19386592,19387875,1283,18005
19387875,19388970,1095,47238
19388970,19389769,799,168198
19389769,19390818,1049,103120
19390818,19391866,1048,107479
19391866,19393019,1153,39967
19393019,19394233,1214,121799
19394233,19395415,1182,92427
19395415,19396258,843,164927
19396258,19397366,1108,31668
19397366,19398455,1089,8890
19398455,19399682,1227,121148
19399682,19400797,1115,5417
19400797,19401844,1047,12723
19401844,19403009,1165,141320
19403009,19403543,534,282977
19403543,19403995,452,136863
19403995,19405215,1220,77779
19405215,19405921,706,26872
19405921,19407134,1213,220979
19407134,19408341,1207,156224
19408341,19409588,1247,143521
19409588,19410837,1249,168500
19410837,19411974,1137,233382
19411974,19413142,1168,170952
19413142,19414340,1198,125127
19414340,19415528,1188,19361
19415528,19416684,1156,68344
19416684,19417963,1279,123215
19417963,19419169,1206,352
19419169,19419802,633,73846
19419802,19420818,1016,275128
19420818,19421065,247,24514
19421065,19422181,1116,39508
19422181,19423270,1089,59268
19423270,19423442,172,176698
19423442,19424687,1245,157243
19424687,19425672,985,11734
19425672,19426947,1275,19366
19426947,19428058,1111,130876
19428058,19429240,1182,142750
19429240,19430414,1174,110705
19430414,19430973,559,126221
19430973,19432088,1115,40544
19432088,19432886,798,104979
19432886,19434127,1241,139710
19434127,19435047,920,129596
19435047,19436286,1239,41151
19436286,19437537,1251,104483
19437537,19438835,1298,138063
19438835,19440039,1204,18524
19440039,19441212,1173,117382
19441212,19442113,901,155520
19442113,19442314,201,25765
19442314,19442707,393,246948
19442707,19443886,1179,140931
19443886,19444247,361,134176
19444247,19445502,1255,279775
19445502,19446783,1281,157644
19446783,19448082,1299,258250
19448082,19448254,172,39616
19448254,19449505,1251,283462
19449505,19450769,1264,123602
19450769,19451929,1160,74798
19451929,19453033,1104,262269
19453033,19454218,1185,53342
19454218,19455334,1116,233366
19455334,19456509,1175,141613
19456509,19457447,938,138901
19457447,19458717,1270,44585
19458717,19459542,825,26987
19459542,19459764,222,284428
19459764,19460832,1068,156977
19460832,19461978,1146,54006
19461978,19462718,740,107627
19462718,19463915,1197,80189
19463915,19465258,1343,121148
19465258,19466468,1210,5704
19466468,19467667,1199,138074
19467667,19468739,1072,86804
19468739,19470090,1351,279775
19470090,19471210,1120,155949
19471210,19472447,1237,291381
19472447,19473594,1147,14526
19473594,19474618,1024,134707
19474618,19475515,897,216570
19475515,19476524,1009,148962
19476524,19477568,1044,295756
19477568,19478666,1098,11528
19478666,19479862,1196,123172
19479862,19481111,1249,294551
19481111,19482097,986,122825
19482097,19482290,193,40571
19482290,19483194,904,6397
19483194,19484459,1265,293957
19484459,19485702,1243,147963
19485702,19486959,1257,246932
19486959,19488044,1085,121760
19488044,19489249,1205,282391
19489249,19490378,1129,167609
19490378,19490999,621,65554
19490999,19492060,1061,39970
19492060,19492955,895,75365
19492955,19493214,259,6525
19493214,19494271,1057,22179
19494271,19494601,330,130105
19494601,19495937,1336,67860
19495937,19496885,948,18005
19496885,19498144,1259,262269
19498144,19498973,829,146111
19498973,19500123,1150,67233
19500123,19501263,1140,140221
19501263,19502512,1249,124164
19502512,19502930,418,63713
19502930,19504110,1180,283462
19504110,19505179,1069,9010
19505179,19506374,1195,44577
19506374,19507474,1100,129513
19507474,19507676,202,131228
19507676,19508441,765,18524
19508441,19509798,1357,67147
19509798,19510439,641,232691
19510439,19511699,1260,66176
19511699,19512676,977,142311
19512676,19513946,1270,58025
19513946,19515182,1236,109658
19515182,19516320,1138,176680
19516320,19517416,1096,147962
19517416,19518024,608,150915
19518024,19518881,857,143264
19518881,19520099,1218,101278
19520099,19520443,344,143321
19520443,19521684,1241,114256
19521684,19522940,1256,126232
19522940,19524095,1155,120325
19524095,19525420,1325,187018
19525420,19526671,1251,135249
19526671,19527870,1199,285896
19527870,19529115,1245,696
19529115,19530331,1216,31629
19530331,19530623,292,132717
19530623,19531608,985,45217
19531608,19532743,1135,131259
19532743,19533587,844,133239
19533587,19534764,1177,12707
19534764,19536020,1256,132850
19536020,19536835,815,39477
19536835,19538058,1223,165428
19538058,19538585,527,56777
19538585,19539848,1263,135832
19539848,19540162,314,91072
19540162,19541229,1067,32137
19541229,19542419,1190,61421
19542419,19543593,1174,59167
19543593,19544763,1170,156720
19544763,19545821,1058,186230
19545821,19546996,1175,54006
19546996,19547773,777,70843
19547773,19548852,1079,144965
19548852,19549949,1097,187024
19549949,19550626,677,110706
19550626,19551836,1210,11512
19551836,19552150,314,110522
19552150,19553027,877,143485
19553027,19554224,1197,12545
19554224,19555331,1107,68770
19555331,19556435,1104,290349
19556435,19557476,1041,232691
19557476,19558641,1165,142279
19558641,19559828,1187,138063
19559828,19560926,1098,133273
19560926,19562034,1108,32137
19562034,19563056,1022,290363
19563056,19564063,1007,73848
19564063,19565148,1085,135033
19565148,19566451,1303,132280
19566451,19567684,1233,140639
19567684,19568717,1033,87508
19568717,19569831,1114,112761
19569831,19570978,1147,56222
19570978,19571980,1002,140040
19571980,19573196,1216,140654
19573196,19574207,1011,130093
19574207,19575468,1261,132280
19575468,19576528,1060,148522
19576528,19577676,1148,135814
19577676,19578922,1246,13185
19578922,19579587,665,110520
19579587,19580818,1231,81870
19580818,19581414,596,89390
19581414,19582628,1214,68888
19582628,19582937,309,62516
19582937,19583819,882,181961
19583819,19584368,549,282412
19584368,19585584,1216,110061
19585584,19586783,1199,295710
19586783,19587924,1141,44582
19587924,19588795,871,14672
19588795,19589392,597,216570
19589392,19590583,1191,280922
19590583,19591024,441,176854
19591024,19592285,1261,165387
19592285,19593516,1231,142358
19593516,19594783,1267,296468
19594783,19595781,998,92202
19595781,19597091,1310,130974
19597091,19598305,1214,10172
19598305,19598843,538,32137
19598843,19599880,1037,22179
19599880,19601136,1256,158081
19601136,19602368,1232,139753
19602368,19603175,807,126233
19603175,19604282,1107,7574
19604282,19605326,1044,63111
19605326,19606390,1064,134465
19606390,19607304,914,160953
19607304,19608375,1071,139009
19608375,19609492,1117,146111
19609492,19610778,1286,10701
19610778,19612074,1296,104986
19612074,19613367,1293,139307
19613367,19614521,1154,123443
19614521,19615748,1227,129324
19615748,19616954,1206,93276
19616954,19618072,1118,86765
19618072,19619124,1052,124221
19619124,19619781,657,133239
19619781,19620886,1105,102612
19620886,19621873,987,1732
19621873,19623070,1197,14274
19623070,19623406,336,140651
19623406,19624461,1055,138545
19624461,19625550,1089,123715
19625550,19626826,1276,890
19626826,19627917,1091,1731
19627917,19628306,389,362
19628306,19628501,195,131228
19628501,19629541,1040,294114
19629541,19630817,1276,73957
19630817,19631906,1089,26852
19631906,19633168,1262,1189
19633168,19634137,969,155948
19634137,19634883,746,127703
19634883,19635803,920,1129
19635803,19636796,993,128990
19636796,19637355,559,155151
19637355,19638533,1178,65820
19638533,19639514,981,157858
19639514,19640844,1330,169291
19640844,19642148,1304,258266
19642148,19642603,455,169291
19642603,19643832,1229,53320
19643832,19644697,865,65534
19644697,19645966,1269,143895
19645966,19647150,1184,130625
19647150,19648388,1238,290363
19648388,19649602,1214,291609
19649602,19650696,1094,132821
19650696,19651784,1088,132484
19651784,19652927,1143,113336
19652927,19654128,1201,66176
19654128,19655196,1068,80534
19655196,19656391,1195,11049
19656391,19657466,1075,109176
19657466,19658563,1097,170976
19658563,19659575,1012,103126
19659575,19659986,411,123059
19659986,19660989,1003,286306
19660989,19662238,1249,53342
19662238,19663091,853,6525
19663091,19664170,1079,141242
19664170,19665361,1191,126961
19665361,19666642,1281,128136
19666642,19667670,1028,100145
19667670,19668303,633,130229
19668303,19669190,887,123267
19669190,19670551,1361,91906
19670551,19671785,1234,109663
19671785,19672958,1173,143262
19672958,19674169,1211,108005
19674169,19675403,1234,91801
19675403,19676574,1171,281187
19676574,19676735,161,123267
19676735,19678034,1299,56179
19678034,19679086,1052,72207
19679086,19680116,1030,147971
19680116,19681219,1103,144965
19681219,19681910,691,104491
19681910,19682959,1049,155968
19682959,19684002,1043,284445
19684002,19685028,1026,220952
19685028,19685303,275,158816
19685303,19686541,1238,63885
19686541,19687633,1092,138289
19687633,19688734,1101,9919
19688734,19689216,482,129805
19689216,19690413,1197,154671
19690413,19691664,1251,102381
19691664,19692939,1275,104483
19692939,19693764,825,136280
19693764,19694581,817,274374
19694581,19694814,233,158074
19694814,19696153,1339,8927
19696153,19696444,291,163381
19696444,19697723,1279,105168
19697723,19698983,1260,19208
19698983,19700255,1272,135020
19700255,19701240,985,132848
19701240,19702331,1091,5330
19702331,19702511,180,109507
19702511,19703660,1149,233382
19703660,19704888,1228,164187
19704888,19705051,163,123176
19705051,19706196,1145,294700
19706196,19706977,781,91905
19706977,19708187,1210,138866
19708187,19709363,1176,138043
19709363,19710186,823,132848
19710186,19711241,1055,119295
19711241,19712416,1175,73958
19712416,19713527,1111,130993
19713527,19714052,525,121331
19714052,19715376,1324,81881
19715376,19716287,911,282926
19716287,19717372,1085,143307
19717372,19718461,1089,32135
19718461,19719635,1174,63839
19719635,19720740,1105,184265
19720740,19721856,1116,41919
19721856,19723147,1291,75355
19723147,19724188,1041,171108
19724188,19725386,1198,11512
19725386,19726526,1140,91072
19726526,19726984,458,131882
19726984,19728301,1317,87280
19728301,19729384,1083,86045
19729384,19729550,166,271811
19729550,19730671,1121,39508
19730671,19731799,1128,122863
19731799,19732866,1067,91906
19732866,19734065,1199,3967
19734065,19735286,1221,116805
19735286,19736218,932,116797
19736218,19737151,933,68359
19737151,19738351,1200,57179
19738351,19739408,1057,58763
19739408,19740661,1253,137106
19740661,19741809,1148,174992
19741809,19743005,1196,142750
19743005,19744062,1057,37090
19744062,19745232,1170,77361
19745232,19746170,938,4445
19746170,19747360,1190,280250
19747360,19748401,1041,102526
19748401,19749556,1155,681
19749556,19749787,231,144019
19749787,19750384,597,258262
19750384,19751723,1339,169291
19751723,19751915,192,282385
19751915,19753044,1129,26685
19753044,19754317,1273,287657
19754317,19755537,1220,105168
19755537,19756747,1210,121069
19756747,19757944,1197,122806
19757944,19758909,965,150915
19758909,19759772,863,105383
19759772,19759955,183,129623
19759955,19760869,914,138113
19760869,19761170,301,7793
19761170,19762290,1120,58763
19762290,19763429,1139,39970
19763429,19764595,1166,58137
19764595,19765730,1135,220951
19765730,19766863,1133,286306
19766863,19767878,1015,216567
19767878,19768971,1093,131732
19768971,19770089,1118,171134
19770089,19771166,1077,149738
19771166,19772383,1217,137618
19772383,19773454,1071,284424
19773454,19774390,936,146346
19774390,19775517,1127,102250
19775517,19776467,950,49755
19776467,19777553,1086,106965
19777553,19778480,927,74477
19778480,19778757,277,68188
19778757,19779986,1229,131887
19779986,19781189,1203,15305
19781189,19782391,1202,281132
19782391,19783164,773,46243
19783164,19784353,1189,16002
19784353,19785457,1104,122614
19785457,19785916,459,138043
19785916,19787188,1272,66465
19787188,19788131,943,176680
19788131,19789319,1188,129393
19789319,19790536,1217,126861
19790536,19791579,1043,280250
19791579,19792617,1038,70919
19792617,19793849,1232,160984
19793849,19794348,499,143521
19794348,19795361,1013,84448
19795361,19796398,1037,28380
19796398,19797497,1099,144503
19797497,19797752,255,129974
19797752,19798677,925,110238
19798677,19799840,1163,108621
19799840,19800431,591,150915
19800431,19801494,1063,68358
19801494,19802709,1215,64717
19802709,19804022,1313,31609
19804022,19804252,230,26947
19804252,19804489,237,72210
19804489,19805063,574,187018
19805063,19806195,1132,127685
19806195,19807272,1077,10674
19807272,19808345,1073,176660
19808345,19809524,1179,132848
19809524,19810773,1249,127537
19810773,19811131,358,15305
19811131,19812217,1086,31668
19812217,19813462,1245,270778
19813462,19814754,1292,129325
19814754,19815872,1118,38026
19815872,19817115,1243,668
19817115,19818364,1249,166423
19818364,19819556,1192,95959
19819556,19820792,1236,105383
19820792,19822007,1215,240992
19822007,19822874,867,304534
19822874,19824127,1253,11077
19824127,19824362,235,34478
19824362,19825536,1174,135657
19825536,19826551,1015,4733
19826551,19827514,963,106969
19827514,19828004,490,110526
19828004,19829220,1216,132650
19829220,19830505,1285,109176
19830505,19831787,1282,135229
19831787,19832995,1208,2301
19832995,19833231,236,232057
19833231,19834416,1185,98645
19834416,19835432,1016,10988
19835432,19836464,1032,187464
19836464,19837702,1238,87766
19837702,19838878,1176,7741
19838878,19839353,475,129808
19839353,19840621,1268,63713
19840621,19841780,1159,130549
19841780,19842725,945,104978
19842725,19843226,501,70843
19843226,19843599,373,126739
19843599,19844840,1241,64974
19844840,19845889,1049,124549
19845889,19846727,838,134176
19846727,19847839,1112,44586
19847839,19849029,1190,129790
19849029,19850292,1263,10344
19850292,19851237,945,282383
19851237,19852328,1091,129974
19852328,19853590,1262,107486
19853590,19854686,1096,26872
19854686,19855804,1118,74477
19855804,19856599,795,132073
19856599,19856898,299,134991
19856898,19858107,1209,86026
19858107,19859406,1299,134465
19859406,19860644,1238,112761
19860644,19861821,1177,274375
19861821,19862314,493,46890
19862314,19863325,1011,54487
19863325,19864312,987,155972
19864312,19864595,283,129011
19864595,19865736,1141,11079
19865736,19866770,1034,124549
19866770,19867740,970,53343
19867740,19868944,1204,10701
19868944,19870051,1107,8592
19870051,19871071,1020,73972
19871071,19872128,1057,123866
19872128,19872309,181,157636
19872309,19872865,556,262269
19872865,19874096,1231,124547
19874096,19875331,1235,130101
19875331,19876604,1273,105383
19876604,19877677,1073,3587
19877677,19878058,381,12723
19878058,19879031,973,123285
19879031,19880202,1171,112761
19880202,19881329,1127,106800
19881329,19882706,1377,143264
19882706,19883891,1185,246889
19883891,19884871,980,98645
19884871,19885742,871,184448
19885742,19886861,1119,64292
19886861,19888010,1149,114468
19888010,19888511,501,61421
19888511,19889220,709,65534
19889220,19890380,1160,281471
19890380,19891569,1189,132530
19891569,19892661,1092,160953
19892661,19893162,501,134463
19893162,19893807,645,300343
19893807,19895047,1240,67584
19895047,19896121,1074,26956
19896121,19897273,1152,232057
19897273,19898461,1188,149880
19898461,19899712,1251,58845
19899712,19900267,555,129582
19900267,19901315,1048,46267
19901315,19902561,1246,130876
19902561,19903731,1170,302000
19903731,19904704,973,142279
19904704,19905838,1134,172165
19905838,19906853,1015,101262
19906853,19907838,985,39970
19907838,19909098,1260,11079
19909098,19910349,1251,129325
19910349,19911648,1299,141148
19911648,19912587,939,129443
19912587,19913783,1196,70837
19913783,19914546,763,137739
19914546,19916364,1818,133440
19916364,19917079,715,65554
19917079,19918332,1253,163527
19918332,19918631,299,57667
19918631,19919263,632,140654
19919263,19919893,630,39840
19919893,19921050,1157,130900
19921050,19921359,309,287837
19921359,19922520,1161,135657
19922520,19923747,1227,8141
19923747,19925022,1275,291953
19925022,19926265,1243,130625
19926265,19927492,1227,127597
19927492,19928136,644,140718
19928136,19929370,1234,77173
19929370,19930593,1223,121674
19930593,19931880,1287,6498
19931880,19933160,1280,152842
19933160,19934438,1278,129325
19934438,19935683,1245,6174
19935683,19936937,1254,142318
19936937,19937841,904,121392
19937841,19939010,1169,139387
19939010,19939969,959,148920
19939969,19940436,467,278289
19940436,19941378,942,75365
19941378,19942358,980,138033
19942358,19942836,478,127691
19942836,19944080,1244,86741
19944080,19945323,1243,112597
19945323,19946606,1283,64717
19946606,19947141,535,126945
19947141,19947537,396,139308
19947537,19948712,1175,131722
19948712,19949216,504,139741
19949216,19950226,1010,274549
19950226,19951370,1144,80189
19951370,19952583,1213,115687
19952583,19952768,185,5758
19952768,19954065,1297,5757
19954065,19955272,1207,91192
19955272,19955445,173,140651
19955445,19956672,1227,136458
19956672,19957863,1191,156155
19957863,19959074,1211,274376
19959074,19960305,1231,84448
19960305,19960954,649,123059
19960954,19962284,1330,279153
19962284,19963130,846,61316
19963130,19964261,1131,63713
19964261,19965424,1163,94108
19965424,19966069,645,60800
19966069,19967182,1113,83708
19967182,19968068,886,122809
19968068,19969221,1153,90852
19969221,19970154,933,138488
19970154,19971367,1213,291107
19971367,19972460,1093,281188
19972460,19973691,1231,138656
19973691,19974944,1253,122544
19974944,19976225,1281,68344
19976225,19977132,907,88484
19977132,19977957,825,48032
19977957,19979061,1104,26558
19979061,19979915,854,85685
19979915,19981148,1233,144503
19981148,19982331,1183,130900
19982331,19982568,237,13248
19982568,19983579,1011,156968
19983579,19984840,1261,121541
19984840,19985957,1117,126296
19985957,19987251,1294,300343
19987251,19988370,1119,295710
19988370,19989229,859,11612
19989229,19989819,590,120282
19989819,19990974,1155,90852
19990974,19992339,1365,89388
19992339,19993408,1069,276907
19993408,19994448,1040,252341
19994448,19995499,1051,279852
19995499,19996664,1165,96175
19996664,19997931,1267,11528
19997931,19999209,1278,258993
19999209,20000336,1127,134789
20000336,20000709,373,161226
20000709,20001774,1065,8157
20001774,20002588,814,282383
20002588,20003591,1003,46890
20003591,20004020,429,136054
20004020,20004968,948,135220
20004968,20006161,1193,139612
20006161,20007169,1008,47032
20007169,20008353,1184,12332
20008353,20009230,877,8674
20009230,20010095,865,122441
20010095,20011272,1177,134120
20011272,20012455,1183,11077
20012455,20013701,1246,138033
20013701,20014692,991,143477
20014692,20015831,1139,67851
20015831,20016482,651,9915
20016482,20017085,603,46588
20017085,20018348,1263,131004
20018348,20019461,1113,61742
20019461,20020455,994,280380
20020455,20021527,1072,121741
20021527,20022798,1271,138548
20022798,20023926,1128,138043
20023926,20024710,784,107621
20024710,20025141,431,152282
20025141,20026332,1191,66464
20026332,20027651,1319,134592
20027651,20028803,1152,135033
20028803,20030061,1258,130755
20030061,20031255,1194,130975
20031255,20031534,279,9914
20031534,20032759,1225,108066
20032759,20033804,1045,112592
20033804,20034874,1070,171137
20034874,20036175,1301,137483
20036175,20037314,1139,155151
20037314,20037652,338,157400
20037652,20038922,1270,232057
20038922,20040043,1121,39661
20040043,20041060,1017,121674
20041060,20042325,1265,12926
20042325,20043510,1185,81870
20043510,20044719,1209,122789
20044719,20045911,1192,125140
20045911,20047121,1210,4275
20047121,20048376,1255,35921
20048376,20048839,463,216563
20048839,20049511,672,258986
20049511,20050335,824,128309
20050335,20050727,392,168199
20050727,20052008,1281,278228
20052008,20053311,1303,13364
20053311,20054431,1120,142320
20054431,20055669,1238,84010
20055669,20056945,1276,282357
20056945,20058073,1128,134119
20058073,20059142,1069,139707
20059142,20060233,1091,122810
20060233,20061406,1173,121766
20061406,20061689,283,293957
20061689,20062868,1179,278228
20062868,20064060,1192,138032
20064060,20065169,1109,159227
20065169,20066968,1799,62850
20066968,20067179,211,75807
20067179,20068146,967,132280
20068146,20069312,1166,39508
20069312,20069594,282,98877
20069594,20070791,1197,13056
20070791,20071854,1063,115047
20071854,20073023,1169,106974
20073023,20074170,1147,128761
20074170,20074987,817,245707
20074987,20076138,1151,47238
20076138,20076672,534,130900
20076672,20077715,1043,287139
20077715,20078755,1040,18527
20078755,20079920,1165,121382
20079920,20081187,1267,78885
20081187,20081426,239,159056
20081426,20082707,1281,170952
20082707,20083040,333,104717
20083040,20084294,1254,135894
20084294,20085228,934,4136
20085228,20086011,783,121064
20086011,20087203,1192,84349
20087203,20088406,1203,5912
20088406,20089615,1209,165702
20089615,20090633,1018,132705
20090633,20091784,1151,7793
20091784,20092596,812,127579
20092596,20093798,1202,122545
20093798,20094988,1190,134119
20094988,20095476,488,124547
20095476,20096652,1176,43296
20096652,20097170,518,101283
20097170,20097630,460,123190
20097630,20098879,1249,78193
20098879,20099994,1115,127685
20099994,20100397,403,19366
20100397,20101261,864,245707
20101261,20102531,1270,154838
20102531,20102960,429,114452
20102960,20104030,1070,91072
20104030,20105239,1209,54613
20105239,20105908,669,129396
20105908,20107075,1167,15305
20107075,20108186,1111,112061
20108186,20108719,533,144965
20108719,20109926,1207,128632
20109926,20111158,1232,83708
20111158,20112370,1212,147159
20112370,20113301,931,44912
20113301,20114493,1192,102240
20114493,20115502,1009,104978
20115502,20116688,1186,101864
20116688,20117581,893,64291
20117581,20118766,1185,143005
20118766,20120038,1272,130504
20120038,20120876,838,13265
20120876,20121933,1057,15304
20121933,20122785,852,133224
20122785,20124106,1321,101283
20124106,20125058,952,145701
20125058,20126110,1052,26685
20126110,20127079,969,92420
20127079,20128192,1113,132717
20128192,20129452,1260,176270
20129452,20130739,1287,294697
20130739,20131843,1104,121446
20131843,20132963,1120,10328
20132963,20134102,1139,116804
20134102,20134826,724,36641
20134826,20135203,377,90847
20135203,20136468,1265,91072
20136468,20137360,892,279775
20137360,20138931,1571,165428
20138931,20140054,1123,126220
20140054,20140183,129,129396
20140183,20141253,1070,157088
20141253,20142378,1125,5417
20142378,20142961,583,47030
20142961,20144034,1073,132649
20144034,20144549,515,128036
20144549,20145398,849,134170
20145398,20146681,1283,59288
20146681,20147006,325,137614
20147006,20147744,738,162253
20147744,20148989,1245,132782
20148989,20150212,1223,131113
20150212,20151360,1148,174992
20151360,20152426,1066,274374
20152426,20152772,346,13247
20152772,20153933,1161,101578
20153933,20155159,1226,5911
20155159,20156420,1261,138113
20156420,20157706,1286,34572
20157706,20158819,1113,121130
20158819,20160123,1304,137770
20160123,20161417,1294,177627
20161417,20162728,1311,274375
20162728,20163310,582,127704
20163310,20164421,1111,121398
20164421,20165626,1205,170438
20165626,20166841,1215,161972
20166841,20167983,1142,296468
20167983,20169182,1199,2777
20169182,20170370,1188,133834
20170370,20171635,1265,66176
20171635,20172820,1185,64291
20172820,20173672,852,169293
20173672,20174789,1117,133393
20174789,20176025,1236,57667
20176025,20176354,329,152267
20176354,20177477,1123,138656
20177477,20178630,1153,24515
20178630,20178786,156,81870
20178786,20180026,1240,127538
20180026,20181197,1171,168500
20181197,20182378,1181,160953
20182378,20183433,1055,36386
20183433,20184448,1015,73728
20184448,20185698,1250,126220
20185698,20186187,489,48362
20186187,20187410,1223,61356
20187410,20188596,1186,156977
20188596,20189836,1240,142858
20189836,20190325,489,86683
20190325,20190792,467,82558
20190792,20191933,1141,234100
20191933,20193167,1234,123715
20193167,20194413,1246,187018
20194413,20195615,1202,139200
20195615,20196715,1100,157480
20196715,20197595,880,163527
20197595,20197922,327,187464
20197922,20198573,651,146437
20198573,20198873,300,106969
20198873,20200094,1221,139741
20200094,20201300,1206,30593
20201300,20202471,1171,134825
20202471,20203499,1028,134425
20203499,20204132,633,10327
20204132,20205412,1280,216564
20205412,20206529,1117,161972
20206529,20207526,997,88089
20207526,20208789,1263,12103
20208789,20209957,1168,132707
20209957,20211234,1277,115046
20211234,20212227,993,15446
20212227,20212766,539,139727
20212766,20214072,1306,112592
20214072,20215318,1246,258970
20215318,20216348,1030,66465
20216348,20216538,190,142318
20216538,20217781,1243,64974
20217781,20218990,1209,124595
20218990,20220178,1188,54667
20220178,20221197,1019,144135
20221197,20222382,1185,175448
20222382,20223646,1264,156154
20223646,20224937,1291,19371
20224937,20225658,721,157644
20225658,20226902,1244,22574
20226902,20227723,821,132484
20227723,20229063,1340,43305
20229063,20230019,956,284434
20230019,20231332,1313,133834
20231332,20232182,850,291953
20232182,20232371,189,59268
20232371,20233552,1181,36956
20233552,20233990,438,174960
20233990,20235238,1248,1562
20235238,20236461,1223,105386
20236461,20237423,962,20410
20237423,20238680,1257,10327
20238680,20239789,1109,363
20239789,20240826,1037,112597
20240826,20241706,880,122545
20241706,20242565,859,14653
20242565,20242978,413,185126
20242978,20244174,1196,80192
20244174,20245286,1112,75355
20245286,20246521,1235,110056
20246521,20247685,1164,96175
20247685,20248914,1229,8689
20248914,20250023,1109,134792
20250023,20251177,1154,292252
20251177,20252398,1221,73732
20252398,20253652,1254,143271
20253652,20254869,1217,134830
20254869,20255853,984,159386
20255853,20257087,1234,121415
20257087,20258337,1250,285896
20258337,20259446,1109,185074
20259446,20260528,1082,128345
20260528,20261699,1171,47239
20261699,20262960,1261,155968
20262960,20264159,1199,132866
20264159,20264894,735,292604
20264894,20265999,1105,117095
20265999,20267115,1116,304535
20267115,20268343,1228,121085
20268343,20269110,767,274376
20269110,20270042,932,4445
20270042,20271128,1086,143485
20271128,20272107,979,11734
20272107,20273316,1209,130125
20273316,20274228,912,47030
20274228,20274423,195,126336
20274423,20275642,1219,124439
20275642,20276881,1239,58845
20276881,20278069,1188,133273
20278069,20278512,443,140651
20278512,20279852,1340,12971
20279852,20281135,1283,284424
20281135,20282347,1212,287837
20282347,20282675,328,141235
20282675,20283892,1217,134160
20283892,20284309,417,123197
20284309,20285466,1157,171138
20285466,20286126,660,131882
20286126,20287225,1099,137483
20287225,20288182,957,65534
20288182,20289435,1253,18524
20289435,20290592,1157,121068
20290592,20291612,1020,122614
20291612,20292885,1273,53638
20292885,20294141,1256,122801
20294141,20295325,1184,73729
20295325,20296170,845,289242
20296170,20297333,1163,282357
20297333,20298384,1051,50776
20298384,20299619,1235,70753
20299619,20300813,1194,124587
20300813,20302032,1219,70919
20302032,20303038,1006,13056
20303038,20304290,1252,133273
20304290,20304780,490,36641
20304780,20305962,1182,6541
20305962,20307246,1284,135894
20307246,20308342,1096,110054
20308342,20309586,1244,292252
20309586,20310699,1113,131294
20310699,20312009,1310,32139
20312009,20312470,461,24515
20312470,20313022,552,138545
20313022,20314241,1219,39648
20314241,20315358,1117,147110
20315358,20315725,367,86683
20315725,20316872,1147,139009
20316872,20317920,1048,50776
20317920,20318842,922,158081
20318842,20320039,1197,104637
20320039,20321320,1281,79973
20321320,20322221,901,70753
20322221,20322944,723,101578
20322944,20324124,1180,290363
20324124,20325361,1237,126739
20325361,20326430,1069,133290
20326430,20327603,1173,121068
20327603,20328808,1205,136458
20328808,20329863,1055,294114
20329863,20331152,1289,157236
20331152,20332393,1241,141644
20332393,20333017,624,140222
20333017,20334278,1261,284444
20334278,20335488,1210,73957
20335488,20336528,1040,159227
20336528,20337777,1249,293529
20337777,20338838,1061,696
20338838,20340058,1220,25765
20340058,20341213,1155,90847
20341213,20342377,1164,152267
20342377,20343444,1067,130105
20343444,20344558,1114,126928
20344558,20345777,1219,147110
20345777,20346748,971,98877
20346748,20348056,1308,32137
20348056,20349205,1149,274375
20349205,20350408,1203,160187
20350408,20351315,907,40544
20351315,20352408,1093,132530
20352408,20353713,1305,4158
20353713,20354730,1017,291384
20354730,20355667,937,108638
20355667,20356884,1217,11258
20356884,20358152,1268,135227
20358152,20359300,1148,121416
20359300,20360526,1226,3961
20360526,20361662,1136,95969
20361662,20361924,262,156738
20361924,20362873,949,104979
20362873,20363989,1116,10988
20363989,20364842,853,156981
20364842,20365102,260,19208
20365102,20365677,575,143625
20365677,20366774,1097,150855
20366774,20367446,672,46588
20367446,20367988,542,112058
20367988,20369225,1237,132782
20369225,20370461,1236,159228
20370461,20371110,649,12926
20371110,20372250,1140,98880
20372250,20373508,1258,108621
20373508,20374840,1332,72207
20374840,20376052,1212,178748
20376052,20377297,1245,14929
20377297,20378603,1306,156224
20378603,20379682,1079,224746
20379682,20380778,1096,152842
20380778,20382037,1259,12539
20382037,20383200,1163,152864
20383200,20383582,382,126965
20383582,20384773,1191,68773
20384773,20386000,1227,149880
20386000,20387041,1041,150469
20387041,20388178,1137,125118
20388178,20389300,1122,87280
20389300,20390530,1230,5417
20390530,20391051,521,290361
20391051,20391996,945,285135
20391996,20393007,1011,100043
20393007,20394179,1172,142896
20394179,20395052,873,83633
20395052,20396222,1170,117382
20396222,20396937,715,83696
20396937,20398126,1189,64075
20398126,20398891,765,32637
20398891,20399969,1078,124368
20399969,20401185,1216,168638
20401185,20401761,576,138631
20401761,20403036,1275,142733
20403036,20404163,1127,174953
20404163,20405356,1193,53342
20405356,20406356,1000,184264
20406356,20407235,879,121541
20407235,20407979,744,123267
20407979,20409026,1047,10673
20409026,20410128,1102,185436
20410128,20411279,1151,141174
20411279,20412541,1262,44937
20412541,20413752,1211,131722
20413752,20414167,415,141209
20414167,20415190,1023,130504
20415190,20415775,585,164100
20415775,20416505,730,258263
20416505,20416911,406,63713
20416911,20418068,1157,279239
20418068,20419296,1228,262269
20419296,20420582,1286,157636
20420582,20421673,1091,39661
20421673,20422727,1054,27120
20422727,20423700,973,80656
20423700,20424807,1107,91072
20424807,20426044,1237,25951
20426044,20426659,615,107627
20426659,20427822,1163,101289
20427822,20428947,1125,126410
20428947,20430032,1085,47030
20430032,20430820,788,142362
20430820,20432033,1213,176660
20432033,20433261,1228,181961
20433261,20434316,1055,75791
20434316,20435470,1154,4861
20435470,20436522,1052,57154
20436522,20437579,1057,121528
20437579,20437922,343,175962
20437922,20439087,1165,87280
20439087,20440169,1082,1070
20440169,20440561,392,287671
20440561,20441486,925,156968
20441486,20442599,1113,131751
20442599,20443876,1277,132705
20443876,20444501,625,147968
20444501,20445741,1240,16632
20445741,20446909,1168,20034
20446909,20447450,541,46889
20447450,20448597,1147,96672
20448597,20448968,371,121727
20448968,20450222,1254,47239
20450222,20451057,835,123285
20451057,20452173,1116,139290
20452173,20453327,1154,15081
20453327,20454218,891,102612
20454218,20455185,967,5776
20455185,20456382,1197,254949
20456382,20457455,1073,283138
20457455,20458625,1170,129324
20458625,20459882,1257,291168
20459882,20460996,1114,133395
20460996,20462142,1146,76973
20462142,20462763,621,232690
20462763,20463929,1166,131735
20463929,20465150,1221,10642
20465150,20465922,772,276730
20465922,20467171,1249,68770
20467171,20468441,1270,16632
20468441,20469714,1273,126955
20469714,20470596,882,176854
20470596,20471863,1267,19373
20471863,20472847,984,133239
20472847,20474058,1211,132710
20474058,20475213,1155,72210
20475213,20476182,969,152864
20476182,20476643,461,141209
20476643,20477910,1267,80189
20477910,20478969,1059,161226
20478969,20479228,259,166421
20479228,20480296,1068,254918
20480296,20480762,466,113336
20480762,20481748,986,88367
20481748,20482709,961,129440
20482709,20483858,1149,112592
20483858,20484475,617,131890
20484475,20484919,444,135762
20484919,20486206,1287,126929
20486206,20486562,356,135216
20486562,20487781,1219,73296
20487781,20489025,1244,163606
20489025,20490106,1081,163518
20490106,20491144,1038,122825
20491144,20492415,1271,109662
20492415,20493463,1048,70753
20493463,20494726,1263,80690
20494726,20495391,665,137154
20495391,20496473,1082,109174
20496473,20497740,1267,133447
20497740,20498979,1239,19376
20498979,20500114,1135,129443
20500114,20501252,1138,137627
20501252,20502406,1154,3582
20502406,20503527,1121,43305
20503527,20504661,1134,220951
20504661,20505312,651,123882
20505312,20506597,1285,65820
20506597,20506938,341,148962
20506938,20508052,1114,108005
20508052,20509009,957,160188
20509009,20509531,522,37092
20509531,20510755,1224,130728
20510755,20510976,221,120282
20510976,20512154,1178,135580
20512154,20513293,1139,58192
20513293,20514466,1173,8927
20514466,20515708,1242,287139
20515708,20517068,1360,155948
20517068,20518192,1124,95441
20518192,20519370,1178,10160
20519370,20521542,2172,32139
20521542,20522779,1237,85684
20522779,20523245,466,106974
20523245,20524398,1153,91072
20524398,20524676,278,141642
20524676,20525940,1264,163519
20525940,20527081,1141,26685
20527081,20528318,1237,88489
20528318,20529536,1218,130486
20529536,20529885,349,61743
20529885,20530985,1100,139612
20530985,20532143,1158,61777
20532143,20532860,717,122944
20532860,20533557,697,52088
20533557,20534761,1204,145145
20534761,20535809,1048,121541
20535809,20536049,240,32139
20536049,20537322,1273,163384
20537322,20538445,1123,119637
20538445,20539228,783,75939
20539228,20540378,1150,168062
20540378,20541549,1171,287357
20541549,20542678,1129,168500
20542678,20543706,1028,64300
20543706,20544451,745,231834
20544451,20545534,1083,19585
20545534,20546747,1213,123133
20546747,20547928,1181,85685
20547928,20549193,1265,121127
20549193,20550339,1146,74798
20550339,20551605,1266,5416
20551605,20552159,554,11254
20552159,20552781,622,362
20552781,20553831,1050,170951
20553831,20554505,674,133834
20554505,20555783,1278,59268
20555783,20556480,697,137004
20556480,20557711,1231,41933
20557711,20558751,1040,78885
20558751,20559630,879,132707
20559630,20560689,1059,170977
20560689,20561630,941,36641
20561630,20562391,761,46890
20562391,20563162,771,7622
20563162,20563413,251,85685
20563413,20564586,1173,56174
20564586,20565510,924,12332
20565510,20566667,1157,131722
20566667,20567876,1209,157400
20567876,20568856,980,45204
20568856,20569630,774,87732
20569630,20570887,1257,132532
20570887,20572071,1184,41614
20572071,20573003,932,7894
20573003,20574065,1062,130517
20574065,20575162,1097,92935
20575162,20576433,1271,126232
20576433,20577576,1143,110127
20577576,20578891,1315,122801
20578891,20580107,1216,146346
20580107,20581216,1109,73712
20581216,20582173,957,28384
20582173,20583432,1259,18524
20583432,20583692,260,157644
20583692,20584940,1248,106800
20584940,20586164,1224,168638
20586164,20587394,1230,96151
20587394,20587963,569,156968
20587963,20588095,132,129396
20588095,20589178,1083,163607
20589178,20590172,994,18533
20590172,20591111,939,89894
20591111,20592351,1240,184265
20592351,20593398,1047,57836
20593398,20593926,528,26852
20593926,20594533,607,61316
20594533,20595759,1226,86708
20595759,20596280,521,93470
20596280,20596884,604,258986
20596884,20598139,1255,68192
20598139,20599374,1235,133630
20599374,20600389,1015,5710
20600389,20600894,505,142848
20600894,20601986,1092,36386
20601986,20603176,1190,112187
20603176,20604421,1245,61780
20604421,20605409,988,150127
20605409,20606639,1230,73295
20606639,20607680,1041,58869
20607680,20608990,1310,1187
20608990,20610208,1218,14958
20610208,20611260,1052,275127
20611260,20611583,323,216570
20611583,20612853,1270,723
20612853,20614084,1231,26872
20614084,20614301,217,13265
20614301,20615436,1135,52088
20615436,20616450,1014,105405
20616450,20617129,679,176682
20617129,20618333,1204,288043
20618333,20619679,1346,290901
20619679,20620779,1100,145701
20620779,20621862,1083,156981
20621862,20623195,1333,157263
20623195,20624344,1149,129388
20624344,20625256,912,98645
20625256,20626418,1162,95441
20626418,20627377,959,262269
20627377,20628516,1139,231834
20628516,20628747,231,138032
20628747,20629877,1130,101262
20629877,20631213,1336,182389
20631213,20632484,1271,163384
20632484,20633705,1221,127215
20633705,20634796,1091,366
20634796,20636113,1317,177638
20636113,20637136,1023,69422
20637136,20638179,1043,12971
20638179,20639434,1255,46890
20639434,20640686,1252,101265
20640686,20641884,1198,1133
20641884,20642561,677,293957
20642561,20643825,1264,6171
20643825,20645115,1290,142745
20645115,20646271,1156,6506
20646271,20647074,803,172165
20647074,20647486,412,282934
20647486,20648771,1285,270778
20648771,20650056,1285,92915
20650056,20651248,1192,123049
20651248,20652313,1065,231836
20652313,20653497,1184,131722
20653497,20654462,965,69412
20654462,20655754,1292,125118
20655754,20656678,924,130900
20656678,20657878,1200,4445
20657878,20658970,1092,117384
20658970,20659985,1015,126480
20659985,20661244,1259,59268
20661244,20662199,955,165702
20662199,20663452,1253,279153
20663452,20664652,1200,134420
20664652,20665880,1228,121416
20665880,20667009,1129,132601
20667009,20668167,1158,6397
20668167,20669024,857,159230
20669024,20669435,411,129396
20669435,20670200,765,90850
20670200,20671357,1157,119637
20671357,20672110,753,134149
20672110,20673007,897,125941
20673007,20674128,1121,163597
20674128,20675428,1300,138045
20675428,20676638,1210,668
20676638,20677867,1229,103120
20677867,20678896,1029,121541
20678896,20680117,1221,122801
20680117,20681146,1029,106800
20681146,20682400,1254,60800
20682400,20683655,1255,72311
20683655,20684876,1221,290047
20684876,20686158,1282,123268
20686158,20687207,1049,64298
20687207,20688161,954,284428
20688161,20689339,1178,133424
20689339,20690598,1259,45217
20690598,20691857,1259,129983
20691857,20693022,1165,125002
20693022,20694122,1100,131004
20694122,20695378,1256,130975
20695378,20696365,987,129066
20696365,20696953,588,105394
20696953,20697238,285,126965
20697238,20698353,1115,161101
20698353,20699565,1212,5710
20699565,20700868,1303,184264
20700868,20701874,1006,131732
20701874,20703001,1127,150843
20703001,20704246,1245,7793
20704246,20705394,1148,129396
20705394,20706029,635,126860
20706029,20707227,1198,134176
20707227,20708503,1276,258266
20708503,20709609,1106,13364
20709609,20710836,1227,141320
20710836,20711668,832,12544
20711668,20712748,1080,4145
20712748,20714031,1283,139009
20714031,20714980,949,162129
20714980,20715443,463,121127
20715443,20716674,1231,22581
20716674,20717676,1002,139308
20717676,20718920,1244,224746
20718920,20720144,1224,123135
20720144,20720551,407,176853
20720551,20721754,1203,157644
20721754,20722959,1205,130560
20722959,20724202,1243,270778
20724202,20725362,1160,105167
20725362,20726479,1117,127518
20726479,20727630,1151,133273
20727630,20728821,1191,240992
20728821,20730003,1182,135033
20730003,20730537,534,132644
20730537,20731481,944,102381
20731481,20732170,689,82558
20732170,20733249,1079,159386
20733249,20734437,1188,134465
20734437,20735428,991,294120
20735428,20736469,1041,34478
20736469,20737620,1151,281472
20737620,20738501,881,56778
20738501,20738946,445,163384
20738946,20740049,1103,153958
20740049,20741190,1141,183988
20741190,20742252,1062,131735
20742252,20743373,1121,72927
20743373,20744372,999,117095
20744372,20745525,1153,78885
20745525,20746748,1223,88483
20746748,20748019,1271,240992
20748019,20748393,374,11528
20748393,20749584,1191,68770
20749584,20750811,1227,129011
20750811,20751262,451,262291
20751262,20752506,1244,31603
20752506,20753505,999,107487
20753505,20754478,973,8675
20754478,20755478,1000,48842
20755478,20756274,796,4861
20756274,20757535,1261,13056
20757535,20758639,1104,300208
20758639,20759843,1204,39661
20759843,20761055,1212,185125
20761055,20762337,1282,107520
20762337,20763099,762,130876
20763099,20764325,1226,73073
20764325,20765553,1228,143307
20765553,20766548,995,148522
20766548,20767545,997,121064
20767545,20768814,1269,84122
20768814,20770049,1235,156017
20770049,20770921,872,82020
20770921,20772239,1318,275147
20772239,20773486,1247,1187
20773486,20774637,1151,68344
20774637,20775741,1104,147045
20775741,20776575,834,157644
20776575,20777827,1252,126292
20777827,20778488,661,34478
20778488,20779813,1325,165701
20779813,20781018,1205,169656
20781018,20782167,1149,130530
20782167,20782652,485,146111
20782652,20783923,1271,121799
20783923,20784860,937,75355
20784860,20785983,1123,171109
20785983,20787044,1061,128636
20787044,20788309,1265,87791
20788309,20789424,1115,63101
20789424,20790565,1141,6541
20790565,20791518,953,108620
20791518,20792712,1194,121382
20792712,20792959,247,7239
20792959,20794055,1096,130184
20794055,20795302,1247,60801
20795302,20796589,1287,64974
20796589,20797664,1075,252341
20797664,20798903,1239,170956
20798903,20800183,1280,99249
20800183,20801240,1057,143361
20801240,20802389,1149,122863
20802389,20803292,903,16802
20803292,20804508,1216,122944
20804508,20805042,534,26559
20805042,20805519,477,61316
20805519,20806570,1051,62850
20806570,20807753,1183,134707
20807753,20809092,1339,108638
20809092,20810329,1237,107621
20810329,20811424,1095,157861
20811424,20812456,1032,124990
20812456,20813059,603,135659
20813059,20814223,1164,132882
20814223,20815252,1029,124595
20815252,20816367,1115,121543
20816367,20817522,1155,121729
20817522,20818624,1102,48032
20818624,20819899,1275,68188
20819899,20820166,267,291374
20820166,20821275,1109,18524
20821275,20822614,1339,282386
20822614,20823564,950,26956
20823564,20824447,883,142363
20824447,20825676,1229,293663
20825676,20826871,1195,83633
20826871,20827993,1122,187464
20827993,20829233,1240,123216
20829233,20829841,608,26895
20829841,20831076,1235,108638
20831076,20832311,1235,121331
20832311,20833414,1103,139336
20833414,20834633,1219,147110
20834633,20835510,877,137154
20835510,20836801,1291,290047
20836801,20837980,1179,32139
20837980,20839163,1183,141268
20839163,20840384,1221,132866
20840384,20841564,1180,163505
20841564,20841956,392,156738
20841956,20842964,1008,100431
20842964,20844104,1140,9321
20844104,20844937,833,286306
20844937,20845459,522,274549
20845459,20846394,935,129440
20846394,20846749,355,129808
20846749,20847592,843,130876
20847592,20848609,1017,284445
20848609,20849816,1207,155972
20849816,20851090,1274,187464
20851090,20852316,1226,48831
20852316,20853597,1281,44582
20853597,20854311,714,296473
20854311,20855482,1171,5912
20855482,20856514,1032,130533
20856514,20857847,1333,8140
20857847,20859156,1309,135894
20859156,20859997,841,276730
20859997,20861262,1265,143484
20861262,20861514,252,150715
20861514,20862033,519,220951
20862033,20863152,1119,11244
20863152,20863924,772,131882
20863924,20865145,1221,170956
20865145,20866324,1179,279363
20866324,20867580,1256,41259
20867580,20868837,1257,133225
20868837,20869954,1117,8927
20869954,20871068,1114,233382
20871068,20872269,1201,252341
20872269,20872567,298,163597
20872567,20873766,1199,4687
20873766,20874897,1131,184264
20874897,20875971,1074,130495
20875971,20876984,1013,246932
20876984,20877689,705,158074
20877689,20878781,1092,43306
20878781,20880035,1254,127215
20880035,20880787,752,66184
20880787,20882024,1237,290350
20882024,20882371,347,291374
20882371,20883657,1286,105383
20883657,20884476,819,139200
20884476,20885451,975,233342
20885451,20886296,845,11535
20886296,20887030,734,129396
20887030,20888231,1201,123133
20888231,20889398,1167,37090
20889398,20890586,1188,258283
20890586,20891120,534,121449
20891120,20891693,573,157644
20891693,20892433,740,141209
20892433,20893614,1181,216563
20893614,20894855,1241,86741
20894855,20895746,891,39913
20895746,20896860,1114,88483
20896860,20898055,1195,104979
20898055,20899277,1222,92420
20899277,20900453,1176,10801
20900453,20901810,1357,149798
20901810,20902469,659,288044
20902469,20903694,1225,271812
20903694,20904918,1224,274378
20904918,20906138,1220,57831
20906138,20907165,1027,166423
20907165,20908455,1290,58192
20908455,20909645,1190,7622
20909645,20910652,1007,155151
20910652,20911752,1100,105386
20911752,20912801,1049,161100
20912801,20913954,1153,270778
20913954,20915141,1187,293963
20915141,20915775,634,126408
20915775,20917130,1355,126313
20917130,20918037,907,123506
20918037,20919245,1208,88089
20919245,20920534,1289,79973
20920534,20921671,1137,88489
20921671,20922834,1163,18006
20922834,20924085,1251,39910
20924085,20925048,963,293963
20925048,20926216,1168,156977
20926216,20927375,1159,34497
20927375,20928315,940,129582
20928315,20929556,1241,105390
20929556,20930817,1261,152267
20930817,20931324,507,65534
20931324,20932563,1239,58012
20932563,20933400,837,159227
20933400,20934665,1265,39761
20934665,20935924,1259,122810
20935924,20936866,942,85635
20936866,20938057,1191,166423
20938057,20939136,1079,48831
20939136,20939888,752,155972
20939888,20940871,983,274549
20940871,20942084,1213,53638
20942084,20943306,1222,155521
20943306,20943741,435,149245
20943741,20944955,1214,137770
20944955,20946040,1085,88089
20946040,20947276,1236,274376
20947276,20947997,721,99157
20947997,20948986,989,176683
20948986,20949951,965,274549
20949951,20951236,1285,715
20951236,20952524,1288,304534
20952524,20953795,1271,286306
20953795,20954576,781,164927
20954576,20955615,1039,29110
20955615,20956736,1121,129011
20956736,20957916,1180,246889
20957916,20959265,1349,163518
20959265,20959728,463,158816
20959728,20960637,909,149236
20960637,20961112,475,141819
20961112,20962382,1270,141644
20962382,20963634,1252,290363
20963634,20964341,707,141571
20964341,20965550,1209,161102
20965550,20965741,191,216563
20965741,20967007,1266,64708
20967007,20967405,398,163381
20967405,20968499,1094,43305
20968499,20969336,837,72200
20969336,20970350,1014,150915
20970350,20971558,1208,54016
20971558,20972553,995,143477
20972553,20973747,1194,139710
20973747,20974993,1246,122806
20974993,20976192,1199,57831
20976192,20977279,1087,258970
20977279,20978464,1185,135220
20978464,20979573,1109,121760
20979573,20980656,1083,162130
20980656,20980981,325,129396
20980981,20982179,1198,21393
20982179,20983218,1039,124994
20983218,20984523,1305,104890
20984523,20985706,1183,142858
20985706,20986813,1107,271812
20986813,20987483,670,132705
20987483,20988748,1265,61758
20988748,20989884,1136,126232
20989884,20990650,766,100145
20990650,20991717,1067,54666
20991717,20992930,1213,234100
20992930,20994148,1218,124547
20994148,20994400,252,163402
20994400,20995481,1081,173230
20995481,20996494,1013,161166
20996494,20997548,1054,177234
20997548,20998813,1265,139297
20998813,21000067,1254,143005
21000067,21001284,1217,73024
21001284,21002503,1219,84448
21002503,21003730,1227,32886
21003730,21004747,1017,142750
21004747,21005666,919,76574
21005666,21006878,1212,12085
21006878,21007287,409,158074
21007287,21008260,973,121413
21008260,21009405,1145,1730
21009405,21010410,1005,130125
21010410,21011270,860,137618
21011270,21012076,806,284269
21012076,21013232,1156,36641
21013232,21014424,1192,121720
21014424,21015297,873,126842
21015297,21016384,1087,137739
21016384,21017668,1284,64956
21017668,21018875,1207,130296
21018875,21020052,1177,156474
21020052,21021254,1202,147981
21021254,21022607,1353,142750
21022607,21023179,572,160188
21023179,21024178,999,134981
21024178,21025384,1206,137483
21025384,21026535,1151,70843
21026535,21026869,334,282934
21026869,21028125,1256,62347
21028125,21028305,180,61758
21028305,21029528,1223,121416
21029528,21030815,1287,273050
21030815,21031941,1126,82904
21031941,21033185,1244,132291
21033185,21033987,802,4662
21033987,21035110,1123,37134
21035110,21036158,1048,2327
21036158,21037233,1075,13056
21037233,21038380,1147,6557
21038380,21039607,1227,6506
21039607,21040726,1119,159228
21040726,21041927,1201,89880
21041927,21043195,1268,245691
21043195,21044300,1105,137588
21044300,21045351,1051,131228
21045351,21046429,1078,168626
21046429,21047658,1229,276735
21047658,21048609,951,129983
21048609,21049483,874,68770
21049483,21050701,1218,39475
21050701,21051786,1085,131294
21051786,21052914,1128,130871
21052914,21054141,1227,128991
21054141,21054744,603,127518
21054744,21055189,445,129396
21055189,21056368,1179,12707
21056368,21057633,1265,68369
21057633,21058722,1089,28465
21058722,21059528,806,24731
21059528,21060532,1004,135229
21060532,21061835,1303,275885
21061835,21062593,758,141320
21062593,21063648,1055,281131
21063648,21064487,839,130900
21064487,21065806,1319,76046
21065806,21067025,1219,171133
21067025,21068154,1129,73958
21068154,21069122,968,142858
21069122,21070412,1290,145145
21070412,21071578,1166,57831
21071578,21072804,1226,143521
21072804,21073919,1115,234100
21073919,21074940,1021,142733
21074940,21075786,846,138901
21075786,21076831,1045,139752
21076831,21077954,1123,137004
21077954,21078939,985,61316
21078939,21079908,969,109662
21079908,21081096,1188,121730
21081096,21082277,1181,5417
21082277,21083404,1127,233342
21083404,21084713,1309,138888
21084713,21085926,1213,129790
21085926,21087153,1227,137739
21087153,21088301,1148,25563
21088301,21089375,1074,126832
21089375,21090404,1029,58763
21090404,21091644,1240,108638
21091644,21092817,1173,280250
21092817,21094026,1209,134176
21094026,21095021,995,104717
21095021,21096215,1194,135824
21096215,21097362,1147,270778
21097362,21097507,145,14274
21097507,21098834,1327,76574
21098834,21100008,1174,54016
21100008,21100281,273,132848
21100281,21101454,1173,133630
21101454,21102622,1168,363
21102622,21103832,1210,98645
21103832,21105027,1195,69412
21105027,21106270,1243,142727
21106270,21107311,1041,12544
21107311,21107825,514,86710
21107825,21108953,1128,245687
21108953,21110057,1104,122825
21110057,21111060,1003,142858
21111060,21111913,853,61780
21111913,21113103,1190,22178
21113103,21114382,1279,46243
21114382,21115529,1147,140718
21115529,21116640,1111,132073
21116640,21117932,1292,39508
21117932,21118281,349,176660
21118281,21119365,1084,44912
21119365,21119846,481,141270
21119846,21120389,543,128036
21120389,21120839,450,128678
21120839,21121987,1148,156015
21121987,21123197,1210,117095
21123197,21124124,927,172165
21124124,21124670,546,157066
21124670,21125937,1267,129582
21125937,21127175,1238,150915
21127175,21127378,203,15082
21127378,21128511,1133,145088
21128511,21128881,370,39477
21128881,21130230,1349,140041
21130230,21130499,269,140651
21130499,21131644,1145,142896
21131644,21132753,1109,133239
21132753,21133373,620,56179
21133373,21134643,1270,131226
21134643,21135849,1206,110705
21135849,21137105,1256,57831
21137105,21137914,809,127595
21137914,21138347,433,63713
21138347,21139540,1193,122944
21139540,21140837,1297,56777
21140837,21142112,1275,100431
21142112,21143199,1087,144986
21143199,21144346,1147,61316
21144346,21145450,1104,73732
21145450,21146651,1201,174132
21146651,21146832,181,126577
21146832,21147815,983,142311
21147815,21149087,1272,84122
21149087,21150363,1276,121069
21150363,21151314,951,7887
21151314,21152376,1062,138290
21152376,21153321,945,138043
21153321,21153767,446,158744
21153767,21154939,1172,279775
21154939,21156110,1171,133225
21156110,21157181,1071,290363
21157181,21158297,1116,109663
21158297,21159466,1169,44582
21159466,21160646,1180,123163
21160646,21161397,751,129393
21161397,21162367,970,129583
21162367,21163581,1214,291168
21163581,21164652,1071,116804
21164652,21165875,1223,123047
21165875,21166320,445,141791
21166320,21167476,1156,147962
21167476,21168215,739,77778
21168215,21169338,1123,295710
21169338,21170476,1138,126851
21170476,21171635,1159,117384
21171635,21172816,1181,104606
21172816,21173991,1175,12332
21173991,21175121,1130,126859
21175121,21176230,1109,9915
21176230,21177191,961,64713
21177191,21178087,896,56777
21178087,21178763,676,130516
21178763,21180055,1292,1532
21180055,21181121,1066,137739
21181121,21181939,818,128631
21181939,21183058,1119,139336
21183058,21184175,1117,140718
21184175,21185385,1210,126410
21185385,21185845,460,88349
21185845,21186446,601,160188
21186446,21186883,437,174992
21186883,21187592,709,134674
21187592,21188106,514,99122
21188106,21188652,546,141235
21188652,21189911,1259,290365
21189911,21190648,737,98876
21190648,21191642,994,110520
21191642,21192762,1120,53320
21192762,21193279,517,110127
21193279,21194523,1244,157242
21194523,21195578,1055,13364
21195578,21196805,1227,133220
21196805,21197389,584,171107
21197389,21197768,379,84349
21197768,21198165,397,47238
21198165,21199326,1161,2536
21199326,21200462,1136,156981
21200462,21200897,435,134170
21200897,21201839,942,109176
21201839,21202958,1119,134119
21202958,21204191,1233,145742
21204191,21205248,1057,280380
21205248,21206266,1018,281132
21206266,21207547,1281,66176
21207547,21208794,1247,127579
21208794,21209961,1167,254918
21209961,21211098,1137,99122
21211098,21212181,1083,121413
21212181,21213367,1186,302000
21213367,21214628,1261,123172
21214628,21215577,949,102612
21215577,21215776,199,120583
21215776,21216931,1155,130533
21216931,21218280,1349,148522
21218280,21219471,1191,145700
21219471,21220621,1150,137483
21220621,21221820,1199,143895
21221820,21223053,1233,8927
21223053,21224231,1178,61356
21224231,21225457,1226,67584
21225457,21226420,963,92200
21226420,21227694,1274,126232
21227694,21228994,1300,185436
21228994,21229881,887,285173
21229881,21230792,911,14013
21230792,21232075,1283,43321
21232075,21233329,1254,121528
21233329,21234336,1007,130878
21234336,21235567,1231,287660
21235567,21236524,957,150916
21236524,21237375,851,137141
21237375,21238116,741,12707
21238116,21239331,1215,63101
21239331,21239814,483,28465
21239814,21240860,1046,131722
21240860,21242072,1212,126209
21242072,21243393,1321,123133
21243393,21244537,1144,6397
21244537,21245672,1135,68770
21245672,21246545,873,82558
21246545,21247160,615,27593
21247160,21248138,978,141240
21248138,21248764,626,112011
21248764,21249926,1162,95870
21249926,21250915,989,177627
21250915,21251987,1072,134160
21251987,21253030,1043,139612
21253030,21254216,1186,113336
21254216,21255348,1132,121069
21255348,21256542,1194,75939
21256542,21257675,1133,110056
21257675,21258531,856,96151
21258531,21259872,1341,121068
21259872,21260997,1125,130728
21260997,21262126,1129,104483
21262126,21263056,930,89894
21263056,21264330,1274,69607
21264330,21265549,1219,36641
21265549,21265935,386,127518
21265935,21267169,1234,135897
21267169,21268103,934,284445
21268103,21269098,995,161714
21269098,21270367,1269,169291
21270367,21271595,1228,19373
21271595,21272649,1054,175390
21272649,21273472,823,123133
21273472,21274550,1078,32886
21274550,21275767,1217,175390
21275767,21276632,865,59175
21276632,21277243,611,71405
21277243,21278362,1119,141174
21278362,21279838,1476,131735
21279838,21280993,1155,216564
21280993,21282177,1184,57156
21282177,21283030,853,294523
21283030,21284177,1147,76574
21284177,21285052,875,54667
21285052,21285926,874,115687
21285926,21286189,263,13248
21286189,21287458,1269,47237
21287458,21288827,1369,19366
21288827,21289424,597,132891
21289424,21290591,1167,185074
21290591,21291670,1079,282934
21291670,21292119,449,140651
21292119,21293202,1083,64300
21293202,21294192,990,122544
21294192,21295433,1241,10988
21295433,21296636,1203,44586
21296636,21297842,1206,121080
21297842,21299050,1208,72927
21299050,21300175,1125,142745
21300175,21301318,1143,135022
21301318,21302437,1119,159230
21302437,21302702,265,126480
21302702,21303813,1111,16003
21303813,21304786,973,68369
21304786,21306073,1287,122441
21306073,21307314,1241,41151
21307314,21308477,1163,88007
21308477,21309568,1091,146197
21309568,21310347,779,24732
21310347,21311421,1074,132499
21311421,21312584,1163,157242
21312584,21312964,380,127694
21312964,21314059,1095,106800
21314059,21315182,1123,135264
21315182,21316238,1056,132101
21316238,21316637,399,149880
21316637,21317836,1199,106611
21317836,21318981,1145,150855
21318981,21319909,928,134176
21319909,21320266,357,57179
21320266,21321294,1028,7741
21321294,21322052,758,87280
21322052,21323229,1177,294523
21323229,21324494,1265,176263
21324494,21325822,1328,136271
21325822,21326043,221,65534
21326043,21327210,1167,6498
21327210,21328455,1245,138045
21328455,21329647,1192,104890
21329647,21330918,1271,76043
21330918,21331698,780,153731
21331698,21332067,369,12332
21332067,21333099,1032,283462
21333099,21334192,1093,8684
21334192,21335051,859,4654
21335051,21335767,716,149939
21335767,21336740,973,19376
21336740,21337966,1226,119295
21337966,21339139,1173,273050
21339139,21339532,393,140040
21339532,21340843,1311,123602
21340843,21342139,1296,96157
21342139,21342808,669,86777
21342808,21343530,722,106366
21343530,21343694,164,296473
21343694,21343992,298,72311
21343992,21345284,1292,296468
21345284,21346528,1244,110238
21346528,21347634,1106,137770
21347634,21348587,953,134804
21348587,21349690,1103,149245
21349690,21350801,1111,293963
21350801,21351860,1059,157088
21351860,21353111,1251,127704
21353111,21354176,1065,154671
21354176,21355370,1194,135657
21355370,21356428,1058,284268
21356428,21357553,1125,101262
21357553,21358024,471,9010
21358024,21359301,1277,28465
21359301,21359683,382,14672
21359683,21360454,771,7793
21360454,21361411,957,125941
21361411,21362228,817,141791
21362228,21363517,1289,144986
21363517,21364564,1047,86683
21364564,21365842,1278,122827
21365842,21367076,1234,125123
21367076,21368333,1257,138488
21368333,21368550,217,132707
21368550,21369080,530,157243
21369080,21370257,1177,134463
21370257,21371319,1062,115047
21371319,21372416,1097,121799
21372416,21373582,1166,144496
21373582,21374790,1208,286306
21374790,21375994,1204,132866
21375994,21377236,1242,123047
21377236,21378308,1072,138486
21378308,21378563,255,300343
21378563,21379640,1077,28380
21379640,21380112,472,142824
21380112,21381415,1303,86679
21381415,21381636,221,129587
21381636,21382416,780,284444
21382416,21382688,272,291374
21382688,21383854,1166,29108
21383854,21384210,356,134786
21384210,21385254,1044,56222
21385254,21386429,1175,139707
21386429,21387478,1049,48525
21387478,21388581,1103,124368
21388581,21389921,1340,7574
21389921,21391226,1305,170976
21391226,21392284,1058,5097
21392284,21393464,1180,127522
21393464,21394817,1353,155949
21394817,21395771,954,171138
21395771,21397022,1251,294700
21397022,21398093,1071,160952
21398093,21399208,1115,14936
21399208,21400486,1278,103120
21400486,21400733,247,134657
21400733,21401918,1185,123216
21401918,21402741,823,4662
21402741,21403132,391,29012
21403132,21403241,109,129393
21403241,21404440,1199,300234
21404440,21405236,796,109663
21405236,21406558,1322,31603
21406558,21406847,289,58868
21406847,21407483,636,121068
21407483,21407906,423,157644
21407906,21408220,314,258954
21408220,21409513,1293,398
21409513,21410818,1305,9174
21410818,21411978,1160,47541
21411978,21413133,1155,56179
21413133,21414100,967,163519
21414100,21415034,934,122441
21415034,21416357,1323,296395
21416357,21417409,1052,131295
21417409,21418560,1151,62851
21418560,21419789,1229,14958
21419789,21420766,977,101265
21420766,21421885,1119,126232
21421885,21423106,1221,138033
21423106,21424413,1307,54667
21424413,21425441,1028,126221
21425441,21426630,1189,86765
21426630,21427672,1042,158081
21427672,21428827,1155,80189
21428827,21430019,1192,290365
21430019,21431061,1042,129808
21431061,21432132,1071,162129
21432132,21433244,1112,61356
21433244,21434461,1217,279229
21434461,21435692,1231,156154
21435692,21436315,623,86679
21436315,21437257,942,71550
21437257,21438258,1001,129393
21438258,21439359,1101,271812
21439359,21440586,1227,65803
21440586,21441175,589,12898
21441175,21442316,1141,254948
21442316,21443146,830,69411
21443146,21443935,789,59268
21443935,21444498,563,134463
21444498,21445761,1263,284269
21445761,21446725,964,29090
21446725,21447457,732,157243
21447457,21448518,1061,138074
21448518,21449679,1161,13185
21449679,21450910,1231,102240
21450910,21452111,1201,66176
21452111,21453083,972,127597
21453083,21454011,928,159386
21454011,21455016,1005,6556
21455016,21456157,1141,121331
21456157,21457439,1282,156963
21457439,21458668,1229,58090
21458668,21459799,1131,187006
21459799,21460604,805,72311
21460604,21461710,1106,58090
21461710,21462499,789,138032
21462499,21463177,678,127685
21463177,21464358,1181,7793
21464358,21465630,1272,101289
21465630,21465942,312,28462
21465942,21467256,1314,281131
21467256,21467515,259,121106
21467515,21468056,541,98645
21468056,21469019,963,36641
21469019,21470260,1241,89735
21470260,21471279,1019,72311
21471279,21472458,1179,24731
21472458,21473640,1182,102240
21473640,21474763,1123,75360
21474763,21475984,1221,138289
21475984,21477143,1159,149881
21477143,21478314,1171,8689
21478314,21479504,1190,14274
21479504,21480196,692,19361
21480196,21481369,1173,86040
21481369,21482579,1210,139336
21482579,21483805,1226,25563
21483805,21484964,1159,142363
21484964,21485249,285,121902
21485249,21486515,1266,162129
21486515,21487719,1204,135657
21487719,21489027,1308,187006
21489027,21490254,1227,39616
21490254,21491102,848,13265
21491102,21492189,1087,86765
21492189,21493237,1048,123133
21493237,21493484,247,13247
21493484,21493757,273,144999
21493757,21494858,1101,133263
21494858,21496097,1239,80690
21496097,21496336,239,170452
21496336,21497500,1164,14958
21497500,21498253,753,187023
21498253,21499192,939,279153
21499192,21500360,1168,65772
21500360,21501517,1157,128345
21501517,21501885,368,246892
21501885,21502684,799,155972
21502684,21503111,427,10172
21503111,21504279,1168,10160
21504279,21504722,443,112057
21504722,21505636,914,61777
21505636,21506930,1294,129011
21506930,21508075,1145,83607
21508075,21509213,1138,139009
21509213,21510266,1053,141209
21510266,21511527,1261,275218
21511527,21512636,1109,88483
21512636,21513661,1025,67233
21513661,21514018,357,5909
21514018,21515063,1045,34501
21515063,21516311,1248,2772
21516311,21516482,171,48032
21516482,21517639,1157,121543
21517639,21518328,689,157054
21518328,21519061,733,246893
21519061,21520149,1088,276730
21520149,21520475,326,89880
21520475,21520718,243,63713
21520718,21521830,1112,121760
21521830,21523107,1277,9915
21523107,21524283,1176,135894
21524283,21525503,1220,175962
21525503,21525820,317,39913
21525820,21526948,1128,178748
21526948,21528112,1164,40571
21528112,21529293,1181,262269
21529293,21530570,1277,130627
21530570,21531784,1214,115686
21531784,21532873,1089,125127
21532873,21533957,1084,135897
21533957,21535144,1187,21498
21535144,21536108,964,295710
21536108,21537352,1244,62558
21537352,21538284,932,126794
21538284,21539463,1179,38660
21539463,21540675,1212,56179
21540675,21541902,1227,11528
21541902,21543208,1306,74798
21543208,21544037,829,178449
21544037,21545061,1024,7591
21545061,21545649,588,58192
21545649,21546860,1211,105574
21546860,21548020,1160,104606
21548020,21549256,1236,240992
21549256,21550309,1053,70843
21550309,21551526,1217,86741
21551526,21551893,367,126945
21551893,21552454,561,7944
21552454,21553585,1131,52088
21553585,21554166,581,132866
21554166,21554910,744,44575
21554910,21555715,805,1539
21555715,21557025,1310,147173
21557025,21558179,1154,145145
21558179,21559274,1095,10172
21559274,21560425,1151,282383
21560425,21561654,1229,101265
21561654,21562920,1266,270778
21562920,21564187,1267,10702
21564187,21564567,380,160593
21564567,21564988,421,1043
21564988,21565707,719,135659
21565707,21566965,1258,150915
21566965,21567746,781,282385
21567746,21568915,1169,101262
21568915,21570008,1093,64974
21570008,21570631,623,8684
21570631,21571193,562,294120
21571193,21572414,1221,143893
21572414,21573597,1183,124439
21573597,21574932,1335,14936
21574932,21576003,1071,50776
21576003,21576944,941,132069
21576944,21578160,1216,147159
21578160,21579439,1279,39971
21579439,21580485,1046,157861
21580485,21581707,1222,182394
21581707,21582878,1171,127579
21582878,21584062,1184,123163
21584062,21585239,1177,142311
21585239,21586177,938,14672
21586177,21587353,1176,290365
21587353,21588540,1187,62850
21588540,21589789,1249,70843
21589789,21590803,1014,276732
21590803,21591755,952,67200
21591755,21592987,1232,1187
21592987,21594241,1254,141235
21594241,21594592,351,134636
21594592,21595095,503,31629
21595095,21596320,1225,73972
21596320,21596830,510,19366
21596830,21597037,207,131742
21597037,21598059,1022,298549
21598059,21598944,885,128138
21598944,21600194,1250,4445
21600194,21601297,1103,161714
21601297,21602478,1181,152842
21602478,21603544,1066,163606
21603544,21604388,844,291458
21604388,21605413,1025,61421
21605413,21606629,1216,138486
21606629,21607719,1090,131722
21607719,21609012,1293,126961
21609012,21609939,927,133447
21609939,21611055,1116,170440
21611055,21612312,1257,131722
21612312,21612534,222,140041
21612534,21613603,1069,98645
21613603,21614702,1099,15081
21614702,21616036,1334,31091
21616036,21617166,1130,279153
21617166,21618303,1137,1730
21618303,21619426,1123,220952
21619426,21620581,1155,58845
21620581,21621804,1223,47239
21621804,21621966,162,27120
21621966,21622983,1017,57179
21622983,21624184,1201,166436
21624184,21625321,1137,29108
21625321,21625728,407,245707
21625728,21626959,1231,126826
21626959,21627603,644,157400
21627603,21628372,769,107479
21628372,21629046,674,109658
21629046,21630237,1191,125147
21630237,21630810,573,123998
21630810,21631971,1161,161707
21631971,21633298,1327,141148
21633298,21634193,895,157858
21634193,21635037,844,245708
21635037,21636206,1169,123197
21636206,21637296,1090,294700
21637296,21637776,480,279153
21637776,21637950,174,125951
21637950,21639008,1058,4445
21639008,21639957,949,157242
21639957,21641188,1231,365
21641188,21642477,1289,64738
21642477,21642947,470,176660
21642947,21643972,1025,139336
21643972,21645026,1054,164187
21645026,21646048,1022,132800
21646048,21647081,1033,144135
21647081,21648122,1041,231836
21648122,21649194,1072,270778
21649194,21650473,1279,132568
21650473,21651742,1269,216563
21651742,21652243,501,140651
21652243,21653483,1240,28380
21653483,21654628,1145,106800
21654628,21655778,1150,123049
21655778,21656618,840,123283
21656618,21657815,1197,19361
21657815,21658088,273,129396
21658088,21659265,1177,131003
21659265,21660360,1095,91072
21660360,21661537,1177,24516
21661537,21661854,317,258970
21661854,21662283,429,133290
21662283,21663455,1172,174960
21663455,21664743,1288,57837
21664743,21665656,913,12723
21665656,21666339,683,135022
21666339,21667511,1172,68888
21667511,21668184,673,132891
21668184,21669379,1195,108066
21669379,21670589,1210,296465
21670589,21671759,1170,122876
21671759,21673002,1243,123500
21673002,21674061,1059,154838
21674061,21675293,1232,19361
21675293,21675567,274,60489
21675567,21676720,1153,31097
21676720,21677827,1107,9174
21677827,21678896,1069,164327
21678896,21679940,1044,39475
21679940,21681209,1269,170976
21681209,21682226,1017,131226
21682226,21683151,925,88489
21683151,21683568,417,129443
21683568,21684729,1161,245691
21684729,21685064,335,149939
21685064,21686239,1175,8592
21686239,21687344,1105,129623
21687344,21688349,1005,93277
21688349,21688720,371,132718
21688720,21689729,1009,109658
21689729,21690864,1135,4662
21690864,21692089,1225,143946
21692089,21693256,1167,80534
21693256,21694454,1198,129805
21694454,21695720,1266,58433
21695720,21696988,1268,161972
21696988,21698141,1153,259009
21698141,21698324,183,157242
21698324,21699577,1253,146437
21699577,21700629,1052,121528
21700629,21701766,1137,183988
21701766,21702989,1223,36641
21702989,21703706,717,140651
21703706,21703933,227,19376
21703933,21704964,1031,140067
21704964,21706157,1193,275885
21706157,21707198,1041,60800
21707198,21707971,773,159386
21707971,21709289,1318,125147
21709289,21709702,413,19208
21709702,21710769,1067,131732
21710769,21711688,919,66176
21711688,21712465,777,276730
21712465,21713636,1171,106800
21713636,21714695,1059,291101
21714695,21715792,1097,26520
21715792,21716747,955,130101
21716747,21717986,1239,88086
21717986,21719199,1213,136983
21719199,21720374,1175,138033
21720374,21721246,872,39476
21721246,21722389,1143,11243
21722389,21723665,1276,157857
21723665,21723932,267,131113
21723932,21725137,1205,278220
21725137,21726353,1216,7793
21726353,21727482,1129,54006
21727482,21727665,183,138033
21727665,21728006,341,101892
21728006,21729207,1201,139200
21729207,21730436,1229,130728
21730436,21731325,889,151776
21731325,21732050,725,157644
21732050,21733174,1124,92200
21733174,21733989,815,143005
21733989,21735243,1254,16632
21735243,21736436,1193,34483
21736436,21737631,1195,142363
21737631,21738531,900,57667
21738531,21739630,1099,66184
21739630,21740436,806,168626
21740436,21741587,1151,137627
21741587,21742788,1201,44576
21742788,21743299,511,169293
21743299,21744631,1332,26950
21744631,21745550,919,19371
21745550,21746647,1097,158074
21746647,21747807,1160,95870
21747807,21748277,470,130627
21748277,21749510,1233,129443
21749510,21750613,1103,138888
21750613,21751692,1079,6524
21751692,21752865,1173,48830
21752865,21753937,1072,73732
21753937,21754474,537,19214
21754474,21755478,1004,155949
21755478,21756697,1219,128226
21756697,21757878,1181,123270
21757878,21759055,1177,296078
21759055,21760340,1285,62516
21760340,21761280,940,131735
21761280,21761854,574,12546
21761854,21763048,1194,130131
21763048,21764279,1231,9010
21764279,21765349,1070,20410
21765349,21765871,522,144496
21765871,21767114,1243,127521
21767114,21768347,1233,110131
21768347,21769336,989,130625
21769336,21770636,1300,18006
21770636,21770895,259,67858
21770895,21772092,1197,138043
21772092,21773286,1194,144135
21773286,21774429,1143,112592
21774429,21775686,1257,166433
21775686,21776671,985,123283
21776671,21777884,1213,122443
21777884,21779127,1243,133220
21779127,21780306,1179,258283
21780306,21781302,996,106611
21781302,21781627,325,106367
21781627,21782892,1265,131732
21782892,21784044,1152,283228
21784044,21785325,1281,157830
21785325,21786588,1263,41610
21786588,21787692,1104,132848
21787692,21788628,936,29101
21788628,21789865,1237,715
21789865,21790565,700,139358
21790565,21791767,1202,137589
21791767,21792333,566,60800
21792333,21793501,1168,80690
21793501,21794840,1339,142279
21794840,21795975,1135,121130
21795975,21796468,493,133834
21796468,21797550,1082,127579
21797550,21798739,1189,138047
21798739,21799746,1007,14960
21799746,21800731,985,159386
21800731,21801662,931,92915
21801662,21802155,493,48830
21802155,21803124,969,274549
21803124,21804355,1231,75939
21804355,21805457,1102,108621
21805457,21806613,1156,129583
21806613,21807578,965,10172
21807578,21808698,1120,170438
21808698,21809234,536,106965
21809234,21810509,1275,5084
21810509,21811753,1244,285173
21811753,21813015,1262,89940
21813015,21814278,1263,52195
21814278,21815413,1135,187005
21815413,21816656,1243,120325
21816656,21816928,272,139009
21816928,21817933,1005,20410
21817933,21818769,836,123715
21818769,21820065,1296,138032
21820065,21821205,1140,20410
21821205,21822484,1279,58843
21822484,21823687,1203,86040
21823687,21824905,1218,39971
21824905,21826163,1258,20023
21826163,21827420,1257,14274
21827420,21828646,1226,258250
21828646,21829778,1132,126965
21829778,21830885,1107,108621
21830885,21831146,261,13248
21831146,21832059,913,24515
21832059,21833222,1163,258954
21833222,21833910,688,36641
21833910,21834964,1054,133290
21834964,21836071,1107,293529
21836071,21837249,1178,123715
21837249,21837460,211,128660
21837460,21838402,942,171134
21838402,21838834,432,70837
21838834,21840032,1198,105398
21840032,21841281,1249,114476
21841281,21842429,1148,258959
21842429,21843565,1136,245708
21843565,21844392,827,129808
21844392,21845682,1290,125001
21845682,21846863,1181,157243
21846863,21848020,1157,91801
21848020,21849177,1157,130131
21849177,21850398,1221,25765
21850398,21851490,1092,144987
21851490,21852535,1045,135891
21852535,21853769,1234,141209
21853769,21854973,1204,57180
21854973,21855993,1020,134707
21855993,21857160,1167,170438
21857160,21858303,1143,143895
21858303,21859368,1065,171171
21859368,21860481,1113,73024
21860481,21861110,629,69412
21861110,21861907,797,142824
21861907,21863095,1188,163527
21863095,21864239,1144,282934
21864239,21865276,1037,97593
21865276,21865852,576,129623
21865852,21866911,1059,78885
21866911,21868036,1125,8141
21868036,21869005,969,155151
21869005,21870092,1087,117384
21870092,21871365,1273,123133
21871365,21872704,1339,170452
21872704,21873926,1222,126313
21873926,21875037,1111,76043
21875037,21876361,1324,144503
21876361,21877533,1172,90850
21877533,21878528,995,10642
21878528,21879680,1152,121130
21879680,21880955,1275,74797
21880955,21883052,2097,170212
21883052,21884187,1135,159386
21884187,21884511,324,3587
21884511,21885624,1113,289453
21885624,21886762,1138,23295
21886762,21888036,1274,104986
21888036,21889177,1141,155968
21889177,21890481,1304,121068
21890481,21891768,1287,135635
21891768,21892780,1012,137588
21892780,21893961,1181,59234
21893961,21894307,346,62851
21894307,21895353,1046,231862
21895353,21896664,1311,279153
21896664,21897399,735,92812
21897399,21898406,1007,112058
21898406,21899417,1011,53638
21899417,21900446,1029,84010
21900446,21901535,1089,133630
21901535,21902682,1147,62347
21902682,21903946,1264,116804
21903946,21905220,1274,134451
21905220,21906469,1249,68359
21906469,21907312,843,131256
21907312,21908667,1355,126312
21908667,21909746,1079,168497
21909746,21911114,1368,121331
21911114,21912354,1240,13269
21912354,21913645,1291,132280
21913645,21914678,1033,81870
21914678,21915914,1236,175448
21915914,21917151,1237,14653
21917151,21917640,489,130977
21917640,21918813,1173,164188
21918813,21920069,1256,87732
21920069,21921102,1033,128991
21921102,21922129,1027,73073
21922129,21923171,1042,107621
21923171,21924425,1254,135894
21924425,21925608,1183,124520
21925608,21926633,1025,65772
21926633,21927959,1326,262305
21927959,21929235,1276,30591
21929235,21930461,1226,165701
21930461,21931480,1019,171134
21931480,21932281,801,29108
21932281,21933273,992,132484
21933273,21934340,1067,8675
21934340,21935617,1277,29101
21935617,21936163,546,6524
21936163,21937130,967,138617
21937130,21937880,750,134657
21937880,21938622,742,91905
21938622,21939834,1212,28247
21939834,21940797,963,8689
21940797,21941958,1161,135220
21941958,21943002,1044,106366
21943002,21944187,1185,126947
21944187,21945335,1148,75362
21945335,21945976,641,129393
21945976,21946607,631,138289
21946607,21947705,1098,245687
21947705,21948260,555,26895
21948260,21949328,1068,8689
21949328,21950657,1329,142318
21950657,21951786,1129,123133
21951786,21953023,1237,159230
21953023,21954256,1233,133447
21954256,21954801,545,61316
21954801,21955588,787,137483
21955588,21956665,1077,129515
21956665,21957237,572,125941
21957237,21958375,1138,64298
21958375,21959464,1089,89882
21959464,21960091,627,129388
21960091,21961392,1301,18004
21961392,21962613,1221,115046
21962613,21963762,1149,92820
21963762,21965055,1293,139355
21965055,21966125,1070,19376
21966125,21967208,1083,121085
21967208,21968084,876,141320
21968084,21969330,1246,18524
21969330,21970500,1170,12332
21970500,21971708,1208,31091
21971708,21971957,249,130125
21971957,21973089,1132,134728
21973089,21973721,632,131220
21973721,21974964,1243,258986
21974964,21976291,1327,1733
21976291,21976812,521,159056
21976812,21978121,1309,162253
21978121,21979001,880,282385
21979001,21979500,499,300234
21979500,21980823,1323,141571
21980823,21981878,1055,123013
21981878,21983033,1155,104890
21983033,21984021,988,130588
21984021,21985274,1253,121449
21985274,21986469,1195,73846
21986469,21987726,1257,162238
21987726,21988879,1153,170952
21988879,21989405,526,128145
21989405,21989602,197,124587
21989602,21990870,1268,275127
21990870,21992161,1291,4145
21992161,21993080,919,125001
21993080,21994070,990,15081
21994070,21995288,1218,281471
21995288,21996534,1246,88089
21996534,21997797,1263,135580
21997797,21998549,752,129011
21998549,21999644,1095,157056
21999644,22000923,1279,127521
22000923,22002126,1203,64956
22002126,22003281,1155,72927
22003281,22004436,1155,119295
22004436,22005140,704,10327
22005140,22006169,1029,142824
22006169,22007512,1343,291101
22007512,22008642,1130,94522
22008642,22009542,900,125123
22009542,22010624,1082,92002
22010624,22011746,1122,156968
22011746,22012385,639,170976
22012385,22013632,1247,50776
22013632,22014532,900,106974
22014532,22015685,1153,119637
22015685,22016878,1193,158074
22016878,22017557,679,39913
22017557,22018610,1053,12715
22018610,22019742,1132,163322
22019742,22020912,1170,138042
22020912,22022198,1286,1189
22022198,22023363,1165,154697
22023363,22024669,1306,283242
22024669,22025624,955,65772
22025624,22026904,1280,283462
22026904,22027382,478,162238
22027382,22028615,1233,140718
22028615,22029797,1182,271812
22029797,22030862,1065,143895
22030862,22031641,779,275218
22031641,22032479,838,171133
22032479,22033592,1113,138042
22033592,22034879,1287,290047
22034879,22035948,1069,44586
22035948,22036941,993,54487
22036941,22037931,990,121069
22037931,22039080,1149,126861
22039080,22040159,1079,131295
22040159,22040880,721,139681
22040880,22042013,1133,62516
22042013,22043182,1169,24731
22043182,22044046,864,283462
22044046,22044508,462,124990
22044508,22045775,1267,67860
22045775,22046886,1111,262269
22046886,22047965,1079,159386
22047965,22049236,1271,91801
22049236,22050321,1085,276735
22050321,22051232,911,121729
22051232,22052082,850,88761
22052082,22052435,353,24515
22052435,22052818,383,139009
22052818,22054047,1229,121064
22054047,22054655,608,30101
22054655,22055912,1257,129515
22055912,22057092,1180,5710
22057092,22057738,646,136861
22057738,22058358,620,54016
22058358,22059376,1018,67147
22059376,22060461,1085,246948
22060461,22061378,917,130627
22061378,22062347,969,102238
22062347,22063585,1238,46890
22063585,22064759,1174,127597
22064759,22065297,538,171138
22065297,22066496,1199,132568
22066496,22067769,1273,12085
22067769,22069005,1236,108638
22069005,22070246,1241,162129
22070246,22071415,1169,131887
22071415,22072532,1117,142745
22072532,22072862,330,131295
22072862,22074062,1200,145742
22074062,22075104,1042,124990
22075104,22076223,1119,6556
22076223,22077274,1051,16002
22077274,22077645,371,157236
22077645,22078934,1289,216563
22078934,22080151,1217,146437
22080151,22081220,1069,142362
22081220,22082203,983,258959
22082203,22083271,1068,61781
22083271,22084438,1167,72876
22084438,22085299,861,131203
22085299,22086256,957,132717
22086256,22087429,1173,69422
22087429,22088608,1179,130588
22088608,22088815,207,130225
22088815,22090048,1233,281131
22090048,22090815,767,291458
22090815,22092052,1237,105398
22092052,22093234,1182,185457
22093234,22094296,1062,136863
22094296,22095376,1080,155968
22095376,22096483,1107,46588
22096483,22097583,1100,9210
22097583,22098543,960,7944
22098543,22099765,1222,135891
22099765,22100885,1120,16632
22100885,22101105,220,104637
22101105,22102034,929,275128
22102034,22103216,1182,290365
22103216,22103395,179,9210
22103395,22104507,1112,57416
22104507,22105726,1219,86741
22105726,22106860,1134,140718
22106860,22107777,917,133395
22107777,22108473,696,39501
22108473,22109482,1009,138113
22109482,22110601,1119,143005
22110601,22111604,1003,16632
22111604,22112838,1234,34483
22112838,22114147,1309,3961
22114147,22114951,804,135814
22114951,22115692,741,132601
22115692,22116928,1236,110243
22116928,22118189,1261,120318
22118189,22119388,1199,92812
22119388,22120404,1016,101278
22120404,22121581,1177,39970
22121581,22121994,413,279849
22121994,22122941,947,68770
22122941,22124188,1247,262269
22124188,22125421,1233,84349
22125421,22126697,1276,64713
22126697,22127747,1050,32136
22127747,22128911,1164,5417
22128911,22130084,1173,156968
22130084,22131164,1080,2327
22131164,22132324,1160,133263
22132324,22133408,1084,135762
22133408,22134679,1271,5758
22134679,22135928,1249,125118
22135928,22136969,1041,130876
22136969,22137998,1029,49750
22137998,22138808,810,279852
22138808,22139646,838,134316
22139646,22140894,1248,122876
22140894,22142096,1202,122876
22142096,22143186,1090,71401
22143186,22144319,1133,69550
22144319,22145054,735,69607
22145054,22146115,1061,125951
22146115,22147382,1267,127537
22147382,22148145,763,63101
22148145,22149193,1048,258283
22149193,22150422,1229,12971
22150422,22151648,1226,70756
22151648,22152912,1264,163380
22152912,22153782,870,70837
22153782,22154971,1189,63885
22154971,22155866,895,80192
22155866,22156967,1101,143477
22156967,22157934,967,127537
22157934,22159128,1194,158074
22159128,22160075,947,92934
22160075,22161181,1106,287671
22161181,22161726,545,128632
22161726,22162733,1007,123268
22162733,22163407,674,140725
22163407,22163955,548,132645
22163955,22165138,1183,68353
22165138,22166210,1072,170977
22166210,22166920,710,304534
22166920,22167715,795,49750
22167715,22168188,473,163935
22168188,22168935,747,58776
22168935,22170121,1186,154697
22170121,22171447,1326,99156
22171447,22172478,1031,142358
22172478,22173175,697,61316
22173175,22174031,856,170453
22174031,22174942,911,246932
22174942,22175130,188,107480
22175130,22176313,1183,143321
22176313,22177482,1169,280380
22177482,22178687,1205,8675
22178687,22179413,726,66622
22179413,22180468,1055,66016
22180468,22181699,1231,11079
22181699,22182780,1081,12103
22182780,22183993,1213,296473
22183993,22185255,1262,101276
22185255,22186464,1209,94526
22186464,22187751,1287,69422
22187751,22188896,1145,135657
22188896,22190250,1354,26853
22190250,22191418,1168,81843
22191418,22192449,1031,135657
22192449,22192717,268,132705
22192717,22193495,778,169293
22193495,22194481,986,83607
22194481,22195787,1306,120318
22195787,22196477,690,133220
22196477,22197580,1103,31668
22197580,22198790,1210,158074
22198790,22199851,1061,39910
22199851,22200494,643,109179
22200494,22201649,1155,152224
22201649,22202835,1186,4691
22202835,22204041,1206,128240
22204041,22205287,1246,26956
22205287,22206541,1254,262291
22206541,22207707,1166,133396
22207707,22208723,1016,1150
22208723,22209936,1213,125128
22209936,22211191,1255,171139
22211191,22212354,1163,138115
22212354,22212655,301,174960
22212655,22213796,1141,53343
22213796,22214665,869,132291
22214665,22215672,1007,15304
22215672,22216830,1158,44575
22216830,22217865,1035,279849
22217865,22218575,710,110243
22218575,22219844,1269,139404
22219844,22220655,811,149939
22220655,22221227,572,146346
22221227,22222402,1175,135897
22222402,22223147,745,156738
22223147,22224457,1310,182396
22224457,22225290,833,25765
22225290,22225752,462,8684
22225752,22226129,377,57154
22226129,22227188,1059,156724
22227188,22228353,1165,129515
22228353,22229520,1167,12332
22229520,22230600,1080,75362
22230600,22231609,1009,121140
22231609,22232782,1173,57154
22232782,22233953,1171,95969
22233953,22235154,1201,44912
22235154,22236204,1050,163726
22236204,22237335,1131,165387
22237335,22238482,1147,132537
22238482,22239684,1202,138656
22239684,22240584,900,1070
22240584,22241730,1146,14960
22241730,22243026,1296,134789
22243026,22244340,1314,130878
22244340,22245481,1141,140222
22245481,22246643,1162,176680
22246643,22247722,1079,126220
22247722,22248866,1144,139710
22248866,22250056,1190,174992
22250056,22250749,693,129388
22250749,22251629,880,139324
22251629,22252894,1265,129325
22252894,22254047,1153,125941
22254047,22255201,1154,104986
22255201,22256332,1131,130878
22256332,22256932,600,58193
22256932,22258203,1271,121658
22258203,22259098,895,10701
22259098,22259845,747,30119
22259845,22261082,1237,141644
22261082,22262089,1007,69412
22262089,22263156,1067,6397
22263156,22263371,215,279849
22263371,22264572,1201,134825
22264572,22265745,1173,124549
22265745,22266990,1245,104986
22266990,22267961,971,139741
22267961,22269055,1094,284434
22269055,22270236,1181,130876
22270236,22271433,1197,132272
22271433,22272422,989,132300
22272422,22273382,960,104986
22273382,22274445,1063,39478
22274445,22275627,1182,123049
22275627,22276297,670,138043
22276297,22277101,804,121068
22277101,22278329,1228,143022
22278329,22279588,1259,21393
22279588,22280793,1205,122825
22280793,22281132,339,162375
22281132,22281884,752,4275
22281884,22282822,938,126932
22282822,22283844,1022,281131
22283844,22284905,1061,282977
22284905,22285864,959,184447
22285864,22286907,1043,64708
22286907,22288120,1213,27120
22288120,22288791,671,290361
22288791,22289983,1192,46267
22289983,22291164,1181,281188
22291164,22292245,1081,122545
22292245,22293329,1084,133442
22293329,22294268,939,26872
22294268,22295526,1258,39967
22295526,22296779,1253,80690
22296779,22297601,822,291374
22297601,22298793,1192,108620
22298793,22299092,299,48361
22299092,22300275,1183,124439
22300275,22300585,310,123192
22300585,22301506,921,92002
22301506,22302685,1179,156720
22302685,22303927,1242,84010
22303927,22304474,547,123048
22304474,22305748,1274,81858
22305748,22306822,1074,185126
22306822,22307366,544,166420
22307366,22308149,783,149881
22308149,22309078,929,71550
22309078,22310038,960,291101
22310038,22311264,1226,3967
22311264,22312481,1217,130900
22312481,22313803,1322,275212
22313803,22314705,902,296467
22314705,22315308,603,131735
22315308,22315962,654,121130
22315962,22317145,1183,115687
22317145,22318336,1191,137618
22318336,22319505,1169,124549
22319505,22320632,1127,129393
22320632,22321949,1317,101276
22321949,22322447,498,142848
22322447,22323234,787,11077
22323234,22324530,1296,65820
22324530,22325787,1257,73296
22325787,22326855,1068,56574
22326855,22327876,1021,86679
22327876,22329142,1266,12971
22329142,22330259,1117,29091
22330259,22331415,1156,274549
22331415,22332456,1041,131735
22332456,22333587,1131,258283
22333587,22334792,1205,110528
22334792,22335832,1040,86741
22335832,22336127,295,88367
22336127,22337286,1159,277899
22337286,22338437,1151,134804
22338437,22339597,1160,133440
22339597,22340766,1169,54487
22340766,22341179,413,121528
22341179,22342376,1197,57667
22342376,22343557,1181,176278
22343557,22344766,1209,130164
22344766,22345811,1045,292348
22345811,22346538,727,162129
22346538,22347730,1192,17615
22347730,22348993,1263,133263
22348993,22349687,694,32137
22349687,22350829,1142,291608
22350829,22352105,1276,142824
22352105,22352482,377,110742
22352482,22353663,1181,127537
22353663,22354702,1039,29101
22354702,22355289,587,130486
22355289,22356267,978,136271
22356267,22357398,1131,149245
22357398,22358650,1252,102250
22358650,22359895,1245,47032
22359895,22360673,778,139742
22360673,22361878,1205,92930
22361878,22362138,260,44575
22362138,22363112,974,143307
22363112,22364353,1241,112057
22364353,22364727,374,123191
22364727,22365144,417,187464
22365144,22366155,1011,23281
22366155,22367414,1259,295445
22367414,22368765,1351,131259
22368765,22369940,1175,395
22369940,22370857,917,134120
22370857,22372079,1222,58025
22372079,22373076,997,157243
22373076,22374170,1094,175448
22374170,22375192,1022,73075
22375192,22376325,1133,112761
22376325,22377512,1187,170212
22377512,22378538,1026,129325
22378538,22379800,1262,5084
22379800,22380773,973,19209
22380773,22381982,1209,279239
22381982,22383212,1230,122655
22383212,22383670,458,86777
22383670,22384890,1220,122876
22384890,22386065,1175,75360
22386065,22387276,1211,118112
22387276,22388400,1124,138042
22388400,22389584,1184,157400
22389584,22390835,1251,6541
22390835,22391985,1150,162238
22391985,22392209,224,26982
22392209,22393480,1271,212
22393480,22394620,1140,17615
22394620,22395976,1356,130296
22395976,22396952,976,105179
22396952,22398118,1166,92915
22398118,22399200,1082,286306
22399200,22400118,918,132821
22400118,22401182,1064,13056
22401182,22401813,631,138113
22401813,22403042,1229,96151
22403042,22403206,164,47541
22403206,22404417,1211,233342
22404417,22405644,1227,108638
22405644,22406901,1257,699
22406901,22408027,1126,105574
22408027,22408820,793,11612
22408820,22409999,1179,113336
22409999,22410979,980,141209
22410979,22412217,1238,158744
22412217,22413333,1116,160188
22413333,22414542,1209,153728
22414542,22415619,1077,139290
22415619,22416879,1260,56840
22416879,22417929,1050,73024
22417929,22419098,1169,29012
22419098,22420285,1187,139324
22420285,22420643,358,281132
22420643,22421598,955,155646
22421598,22422731,1133,130627
22422731,22423726,995,126832
22423726,22425047,1321,122467
22425047,22426063,1016,73073
22426063,22427209,1146,176853
22427209,22428443,1234,128138
22428443,22429697,1254,157859
22429697,22430807,1110,19132
22430807,22432032,1225,127538
22432032,22433057,1025,285135
22433057,22434023,966,105171
22434023,22434734,711,112061
22434734,22436076,1342,127518
22436076,22437197,1121,135580
22437197,22437447,250,123998
22437447,22438501,1054,84349
22438501,22439763,1262,139404
22439763,22440680,917,159386
22440680,22441271,591,34478
22441271,22442572,1301,148529
22442572,22443539,967,104888
22443539,22443896,357,245708
22443896,22445077,1181,279849
22445077,22446158,1081,130532
22446158,22447427,1269,5703
22447427,22448543,1116,246948
22448543,22449734,1191,5703
22449734,22450769,1035,73728
22450769,22451983,1214,723
22451983,22452428,445,178149
22452428,22453445,1017,113336
22453445,22454775,1330,143948
22454775,22455967,1192,279153
22455967,22457152,1185,124547
22457152,22458269,1117,758
22458269,22459382,1113,176698
22459382,22460494,1112,175448
22460494,22461733,1239,281187
22461733,22462810,1077,8592
22462810,22463033,223,282926
22463033,22463789,756,139361
22463789,22464336,547,245707
22464336,22465219,883,105179
22465219,22465742,523,862
22465742,22466111,369,161100
22466111,22466821,710,46243
22466821,22467780,959,20410
22467780,22468957,1177,126961
22468957,22470160,1203,171139
22470160,22471420,1260,131276
22471420,22472069,649,142279
22472069,22473206,1137,283462
22473206,22474176,970,275127
22474176,22474844,668,138545
22474844,22476173,1329,269254
22476173,22477388,1215,139743
22477388,22478673,1285,146346
22478673,22479724,1051,87508
22479724,22480253,529,101283
22480253,22481506,1253,89390
22481506,22482775,1269,9914
22482775,22484048,1273,146346
22484048,22485128,1080,163505
22485128,22486341,1213,137618
22486341,22487148,807,102239
22487148,22488408,1260,147627
22488408,22489012,604,130533
22489012,22490122,1110,135229
22490122,22491050,928,122789
22491050,22492150,1100,139397
22492150,22492884,734,141571
22492884,22493995,1111,134149
22493995,22494983,988,232057
22494983,22496074,1091,109507
22496074,22497159,1085,61777
22497159,22497714,555,109507
22497714,22498783,1069,133396
22498783,22500114,1331,176854
22500114,22501359,1245,175448
22501359,22502514,1155,75365
22502514,22503837,1323,258986
22503837,22504701,864,130728
22504701,22505654,953,141571
22505654,22506061,407,123268
22506061,22506630,569,89880
22506630,22507586,956,178149
22507586,22508363,777,132891
22508363,22509573,1210,125084
22509573,22510748,1175,123176
22510748,22511843,1095,113336
22511843,22513094,1251,23295
22513094,22514354,1260,363
22514354,22515683,1329,140040
22515683,22516945,1262,10160
22516945,22517664,719,142745
22517664,22518768,1104,34479
22518768,22519899,1131,144135
22519899,22520858,959,76044
22520858,22521149,291,66176
22521149,22521958,809,126929
22521958,22523150,1192,54016
22523150,22524367,1217,15446
22524367,22525619,1252,155944
22525619,22526071,452,134789
22526071,22527288,1217,89882
22527288,22527598,310,157644
22527598,22528649,1051,176853
22528649,22529640,991,80665
22529640,22530773,1133,124520
22530773,22531212,439,160592
22531212,22532402,1190,130728
22532402,22533261,859,138042
22533261,22534220,959,143321
22534220,22535503,1283,137618
22535503,22536397,894,122825
22536397,22536699,302,136861
22536699,22537872,1173,104637
22537872,22538966,1094,144986
22538966,22540202,1236,11546
22540202,22541453,1251,232057
22541453,22542404,951,125002
22542404,22543661,1257,130516
22543661,22544491,830,15305
22544491,22545560,1069,134830
22545560,22546798,1238,126539
22546798,22547852,1054,24516
22547852,22548963,1111,29120
22548963,22549808,845,141713
22549808,22551018,1210,282985
22551018,22552154,1136,12103
22552154,22552955,801,72311
22552955,22554033,1078,4447
22554033,22554987,954,292347
22554987,22556102,1115,73973
22556102,22556360,258,163606
22556360,22557518,1158,48831
22557518,22557859,341,86710
22557859,22559071,1212,133471
22559071,22559970,899,134785
22559970,22561265,1295,133424
22561265,22562404,1139,282926
22562404,22563369,965,61780
22563369,22564225,856,11254
22564225,22565492,1267,130876
22565492,22566547,1055,143485
22566547,22567449,902,234100
22567449,22568275,826,7591
22568275,22569462,1187,129443
22569462,22570756,1294,125140
22570756,22571562,806,287671
22571562,22571803,241,129596
22571803,22572762,959,121331
22572762,22574009,1247,135891
22574009,22574949,940,160438
22574949,22576007,1058,290365
22576007,22577071,1064,76574
22577071,22578302,1231,46240
22578302,22579569,1267,1532
22579569,22580670,1101,84010
22580670,22581812,1142,4861
22581812,22583060,1248,4275
22583060,22584138,1078,59175
22584138,22584601,463,157056
22584601,22585872,1271,8675
22585872,22587038,1166,46268
22587038,22587255,217,164101
22587255,22588520,1265,134717
22588520,22589581,1061,59268
22589581,22590583,1002,138486
22590583,22591686,1103,124549
22591686,22592915,1229,130974
22592915,22593696,781,130871
22593696,22594576,880,55088
22594576,22595772,1196,12971
22595772,22597074,1302,121449
22597074,22597333,259,105168
22597333,22598554,1221,164461
22598554,22599735,1181,80656
22599735,22600906,1171,117384
22600906,22602029,1123,124439
22602029,22603210,1181,40556
22603210,22604472,1262,138656
22604472,22605745,1273,167609
22605745,22606639,894,71402
22606639,22607832,1193,68762
22607832,22609081,1249,283462
22609081,22609961,880,279153
22609961,22611003,1042,11528
22611003,22612062,1059,276735
22612062,22613094,1032,101578
22613094,22614355,1261,150127
22614355,22615194,839,160188
22615194,22615507,313,134786
22615507,22616517,1010,304541
22616517,22617782,1265,39970
22617782,22618731,949,166433
22618731,22619476,745,130489
22619476,22620723,1247,115686
22620723,22621996,1273,36146
22621996,22623228,1232,131296
22623228,22623838,610,39515
22623838,22624886,1048,125140
22624886,22625718,832,141270
22625718,22626774,1056,88363
22626774,22627230,456,283228
22627230,22628415,1185,70998
22628415,22629761,1346,158816
22629761,22631013,1252,122806
22631013,22632301,1288,131704
22632301,22633411,1110,112187
22633411,22633576,165,6525
22633576,22634825,1249,141248
22634825,22635868,1043,156224
22635868,22636686,818,133834
22636686,22637901,1215,73295
22637901,22638109,208,129388
22638109,22639268,1159,220952
22639268,22640453,1185,398
22640453,22641494,1041,125084
22641494,22642473,979,94522
22642473,22643547,1074,26951
22643547,22644269,722,92002
22644269,22645576,1307,123267
22645576,22646866,1290,75807
22646866,22647057,191,130627
22647057,22648101,1044,125002
22648101,22649076,975,46890
22649076,22650188,1112,28375
22650188,22651399,1211,294690
22651399,22652356,957,164100
22652356,22653076,720,133212
22653076,22654266,1190,26553
22654266,22655478,1212,147045
22655478,22655685,207,139727
22655685,22656610,925,56777
22656610,22656817,207,157859
22656817,22658024,1207,127215
22658024,22658864,840,126859
22658864,22660041,1177,132537
22660041,22661080,1039,26982
22661080,22662091,1011,25563
22662091,22662830,739,14897
22662830,22663790,960,123882
22663790,22665001,1211,144485
22665001,22666150,1149,286306
22666150,22667419,1269,160952
22667419,22668580,1161,83708
22668580,22669822,1242,52088
22669822,22670987,1165,156154
22670987,22672209,1222,292348
22672209,22673432,1223,161714
22673432,22674372,940,75365
22674372,22675622,1250,110127
22675622,22676767,1145,12538
22676767,22677752,985,6498
22677752,22678913,1161,132537
22678913,22679340,427,134148
22679340,22680114,774,102526
22680114,22681421,1307,130755
22681421,22682730,1309,152265
22682730,22683850,1120,134717
22683850,22685131,1281,121446
22685131,22686368,1237,110520
22686368,22687579,1211,19373
22687579,22688731,1152,126577
22688731,22689848,1117,137483
22689848,22690994,1146,70843
22690994,22692207,1213,128678
22692207,22692463,256,150915
22692463,22692963,500,70837
22692963,22694096,1133,158744
22694096,22695319,1223,90847
22695319,22696578,1259,72207
22696578,22697924,1346,122467
22697924,22699014,1090,304535
22699014,22700245,1231,7741
22700245,22701129,884,39910
22701129,22702042,913,30591
22702042,22703245,1203,287359
22703245,22704436,1191,132484
22704436,22704915,479,101799
22704915,22706223,1308,861
22706223,22706409,186,32135
22706409,22707552,1143,131722
22707552,22708885,1333,138063
22708885,22710177,1292,5764
22710177,22711446,1269,258970
22711446,22712587,1141,26685
22712587,22713298,711,130493
22713298,22713872,574,9010
22713872,22715133,1261,83708
22715133,22716151,1018,134991
22716151,22717088,937,254918
22717088,22718224,1136,157857
22718224,22719385,1161,12538
22719385,22720550,1165,281188
22720550,22721723,1173,14274
22721723,22722946,1223,220951
22722946,22724017,1071,29110
22724017,22724291,274,125128
22724291,22725538,1247,141209
22725538,22726819,1281,153731
22726819,22727367,548,143005
22727367,22728635,1268,145703
22728635,22729906,1271,89388
22729906,22730895,989,124221
22730895,22732046,1151,29110
22732046,22732845,799,170438
22732845,22734080,1235,127595
22734080,22735365,1285,184447
22735365,22736496,1131,177234
22736496,22737769,1273,291609
22737769,22738784,1015,109663
22738784,22739875,1091,149880
22739875,22740842,967,139742
22740842,22742054,1212,5912
22742054,22742526,472,137483
22742526,22743718,1192,274558
22743718,22744817,1099,59234
22744817,22745992,1175,147963
22745992,22747243,1251,159230
22747243,22748466,1223,39501
22748466,22749415,949,141279
22749415,22750126,711,61316
22750126,22751245,1119,182394
22751245,22752413,1168,139612
22752413,22753594,1181,110127
22753594,22754308,714,135229
22754308,22754706,398,121741
22754706,22755989,1283,4275
22755989,22756572,583,140040
22756572,22757866,1294,126221
22757866,22758945,1079,108066
22758945,22760123,1178,82904
22760123,22761073,950,157263
22761073,22761278,205,126600
22761278,22762449,1171,178450
22762449,22763482,1033,105179
22763482,22764523,1041,111574
22764523,22765673,1150,72200
22765673,22766709,1036,12085
22766709,22767961,1252,120277
22767961,22769226,1265,11535
22769226,22770477,1251,1129
22770477,22771535,1058,86741
22771535,22772663,1128,82020
22772663,22773893,1230,244431
22773893,22774887,994,64291
22774887,22776164,1277,151817
22776164,22777339,1175,98644
22777339,22778476,1137,131113
22778476,22779018,542,139325
22779018,22780237,1219,157242
22780237,22780700,463,159386
22780700,22781427,727,1188
22781427,22782674,1247,153733
22782674,22783904,1230,274549
22783904,22785158,1254,130227
22785158,22786445,1287,47030
22786445,22787744,1299,156159
22787744,22788994,1250,133239
22788994,22789821,827,145145
22789821,22791001,1180,58025
22791001,22792121,1120,69607
22792121,22792425,304,14936
22792425,22793753,1328,106965
22793753,22794841,1088,8592
22794841,22795991,1150,89894
22795991,22796516,525,176853
22796516,22797759,1243,121382
22797759,22799036,1277,124368
22799036,22800292,1256,95441
22800292,22801588,1296,132272
22801588,22802647,1059,293987
22802647,22803514,867,99249
22803514,22804782,1268,10344
22804782,22805687,905,44937
22805687,22806649,962,137483
22806649,22807852,1203,141174
22807852,22808703,851,130870
22808703,22809707,1004,99249
22809707,22810404,697,140651
22810404,22811463,1059,75810
22811463,22812733,1270,132800
22812733,22813840,1107,101799
22813840,22815064,1224,1119
22815064,22815328,264,58763
22815328,22816442,1114,36386
22816442,22816613,171,143484
22816613,22817800,1187,4687
22817800,22819048,1248,13364
22819048,22820237,1189,138033
22820237,22821315,1078,80534
22821315,22822276,961,165701
22822276,22822943,667,122467
22822943,22824201,1258,105383
22824201,22825387,1186,58192
22825387,22826537,1150,122806
22826537,22827339,802,31609
22827339,22827994,655,124224
22827994,22829239,1245,13056
22829239,22830260,1021,110742
22830260,22831328,1068,143477
22831328,22832517,1189,100044
22832517,22832665,148,84121
22832665,22833634,969,21393
22833634,22834979,1345,259009
22834979,22835239,260,139356
22835239,22836376,1137,58869
22836376,22837446,1070,132280
22837446,22838498,1052,133290
22838498,22839671,1173,53342
22839671,22840075,404,110128
22840075,22841288,1213,135657
22841288,22842551,1263,258283
22842551,22843590,1039,138656
22843590,22844827,1237,291107
22844827,22845851,1024,66176
22845851,22846984,1133,123176
22846984,22848073,1089,148521
22848073,22849301,1228,30591
22849301,22850592,1291,72212
22850592,22851819,1227,128990
22851819,22853155,1336,77778
22853155,22853351,196,158744
22853351,22854437,1086,224
22854437,22855633,1196,138045
22855633,22856861,1228,156757
22856861,22857893,1032,109507
22857893,22858576,683,1133
22858576,22859675,1099,138866
22859675,22860874,1199,134420
22860874,22862179,1305,80189
22862179,22863288,1109,254918
22863288,22864497,1209,36146
22864497,22865688,1191,150674
22865688,22866793,1105,84010
22866793,22867518,725,123163
22867518,22868571,1053,157236
22868571,22869707,1136,7944
22869707,22871001,1294,135229
22871001,22871478,477,44586
22871478,22872561,1083,160964
22872561,22873881,1320,290351
22873881,22874247,366,126539
22874247,22875609,1362,104637
22875609,22876706,1097,282357
22876706,22877914,1208,105167
22877914,22878992,1078,158781
22878992,22880265,1273,134420
22880265,22881495,1230,8927
22881495,22882676,1181,149735
22882676,22883665,989,29090
22883665,22884065,400,110238
22884065,22884786,721,142858
22884786,22886061,1275,176256
22886061,22887182,1121,110054
22887182,22887791,609,102250
22887791,22888774,983,160602
22888774,22889792,1018,70843
22889792,22890930,1138,19366
22890930,22892123,1193,107247
22892123,22892498,375,304534
22892498,22893623,1125,7741
22893623,22894871,1248,280922
22894871,22895839,968,121085
22895839,22896668,829,60801
22896668,22897818,1150,301693
22897818,22898944,1126,232057
22898944,22900067,1123,135635
22900067,22901183,1116,40544
22901183,22902397,1214,157636
22902397,22903115,718,163505
22903115,22904258,1143,6506
22904258,22905379,1121,58778
22905379,22906292,913,93470
22906292,22907555,1263,101276
22907555,22908813,1258,6175
22908813,22909793,980,64738
22909793,22910915,1122,1119
22910915,22912182,1267,123163
22912182,22913460,1278,164328
22913460,22914213,753,53342
22914213,22915318,1105,112187
22915318,22916569,1251,67233
22916569,22916932,363,135762
22916932,22918141,1209,103126
22918141,22919381,1240,80189
22919381,22920487,1106,245691
22920487,22921314,827,8592
22921314,22922663,1349,282406
22922663,22923667,1004,123176
22923667,22924903,1236,57180
22924903,22925677,774,187005
22925677,22926465,788,134312
22926465,22927683,1218,28375
22927683,22928879,1196,129581
22928879,22930012,1133,143893
22930012,22931082,1070,8684
22931082,22932093,1011,110243
22932093,22933143,1050,11258
22933143,22934465,1322,110705
22934465,22934830,365,138901
22934830,22935973,1143,143895
22935973,22937080,1107,284428
22937080,22938070,990,23281
22938070,22938766,696,142311
22938766,22939657,891,39648
22939657,22940873,1216,160187
22940873,22942177,1304,104717
22942177,22943159,982,164187
22943159,22943982,823,163518
22943982,22944307,325,34572
22944307,22945028,721,112187
22945028,22946265,1237,291101
22946265,22947448,1183,129064
22947448,22948512,1064,72311
22948512,22949594,1082,126313
22949594,22950685,1091,294551
22950685,22951916,1231,57837
22951916,22952957,1041,76043
22952957,22954284,1327,293529
22954284,22955277,993,87732
22955277,22956316,1039,96153
22956316,22957638,1322,132291
22957638,22958303,665,30101
22958303,22958840,537,275885
22958840,22959821,981,366
22959821,22961106,1285,99124
22961106,22962211,1105,234067
22962211,22963398,1187,135654
22963398,22964577,1179,281131
22964577,22965736,1159,127936
22965736,22966729,993,11546
22966729,22968096,1367,24515
22968096,22969281,1185,8927
22969281,22970281,1000,73958
22970281,22971414,1133,12971
22971414,22972038,624,89894
22972038,22972301,263,134160
22972301,22973205,904,85685
22973205,22973604,399,366
22973604,22974414,810,132717
22974414,22975002,588,139291
22975002,22976185,1183,70756
22976185,22976504,319,131113
22976504,22977600,1096,131218
22977600,22978827,1227,147971
22978827,22980056,1229,28465
22980056,22981261,1205,134420
22981261,22981447,186,163612
22981447,22982200,753,123191
22982200,22983468,1268,41919
22983468,22984713,1245,300343
22984713,22985824,1111,126739
22985824,22987008,1184,397
22987008,22988071,1063,124221
22988071,22989280,1209,143477
22989280,22990419,1139,111574
22990419,22991553,1134,142896
22991553,22992241,688,123133
22992241,22993305,1064,290901
22993305,22994660,1355,21393
22994660,22995912,1252,13364
22995912,22996962,1050,170982
22996962,22998051,1089,92200
22998051,22998603,552,135762
22998603,22998925,322,9210
22998925,22999960,1035,61777
22999960,23001029,1069,287657
23001029,23002386,1357,26894
23002386,23003640,1254,159230
23003640,23004838,1198,145703
23004838,23005916,1078,139404
23005916,23007145,1229,133290
23007145,23008393,1248,124526
23008393,23009521,1128,121064
23009521,23010747,1226,138656
23010747,23012012,1265,135894
23012012,23013146,1134,121902
23013146,23014393,1247,2301
23014393,23015603,1210,138043
23015603,23016338,735,34479
23016338,23017207,869,106965
23017207,23017391,184,157057
23017391,23018358,967,124520
23018358,23018669,311,39616
23018669,23019844,1175,5703
23019844,23021087,1243,861
23021087,23022101,1014,128329
23022101,23023163,1062,122443
23023163,23024349,1186,40556
23024349,23025356,1007,129317
23025356,23025743,387,62516
23025743,23026918,1175,138631
23026918,23028173,1255,178449
23028173,23029401,1228,90850
23029401,23030543,1142,131735
23030543,23030896,353,130503
23030896,23032112,1216,121415
23032112,23033345,1233,134708
23033345,23034563,1218,10673
23034563,23034776,213,224746
23034776,23035703,927,7622
23035703,23036864,1161,132776
23036864,23037835,971,290365
23037835,23039054,1219,155944
23039054,23040387,1333,37090
23040387,23041131,744,161101
23041131,23042240,1109,10172
23042240,23043500,1260,160958
23043500,23044484,984,147193
23044484,23045718,1234,128310
23045718,23046748,1030,76046
23046748,23047718,970,137154
23047718,23048857,1139,699
23048857,23050104,1247,115686
23050104,23051324,1220,176278
23051324,23052429,1105,216564
23052429,23053649,1220,16802
23053649,23054710,1061,136610
23054710,23055908,1198,59175
23055908,23057098,1190,143477
23057098,23058396,1298,291101
23058396,23059453,1057,147968
23059453,23060634,1181,281132
23060634,23061767,1133,258266
23061767,23062872,1105,126292
23062872,23063756,884,67592
23063756,23064996,1240,2777
23064996,23065316,320,18006
23065316,23066266,950,117095
23066266,23067495,1229,6397
23067495,23068547,1052,700
23068547,23069613,1066,161166
23069613,23070630,1017,125943
23070630,23071173,543,300343
23071173,23072149,976,48362
23072149,23073370,1221,144987
23073370,23074259,889,76973
23074259,23075380,1121,143321
23075380,23076507,1127,287660
23076507,23077794,1287,39971
23077794,23078453,659,45218
23078453,23079578,1125,138545
23079578,23080362,784,6525
23080362,23081592,1230,142363
23081592,23082777,1185,282934
23082777,23083858,1081,9203
23083858,23084182,324,161102
23084182,23085386,1204,23295
23085386,23086559,1173,141148
23086559,23087722,1163,31097
23087722,23088008,286,232690
23088008,23089239,1231,102381
23089239,23090069,830,130495
23090069,23091229,1160,10327
23091229,23092596,1367,41933
23092596,23093735,1139,8912
23093735,23094755,1020,112187
23094755,23096017,1262,139009
23096017,23097138,1121,862
23097138,23098346,1208,5710
23098346,23099203,857,82558
23099203,23100280,1077,76974
23100280,23101350,1070,17615
23101350,23102527,1177,2503
23102527,23103642,1115,36386
23103642,23104752,1110,147981
23104752,23105944,1192,24732
23105944,23107099,1155,224
23107099,23108215,1116,149939
23108215,23109413,1198,155973
23109413,23110472,1059,281188
23110472,23111681,1209,122025
23111681,23112917,1236,140072
23112917,23114192,1275,86708
23114192,23115417,1225,165702
23115417,23116612,1195,62851
23116612,23117859,1247,170956
23117859,23119060,1201,117095
23119060,23120079,1019,67857
23120079,23121259,1180,352
23121259,23122045,786,117866
23122045,23123184,1139,291609
23123184,23124438,1254,96168
23124438,23125151,713,230928
23125151,23126328,1177,130878
23126328,23127305,977,134785
23127305,23128582,1277,32886
23128582,23128947,365,162253
23128947,23130021,1074,10088
23130021,23131252,1231,81881
23131252,23132507,1255,76044
23132507,23133780,1273,86710
23133780,23135067,1287,134708
23135067,23136271,1204,6171
23136271,23137428,1157,130505
23137428,23138377,949,216570
23138377,23138646,269,141320
23138646,23139800,1154,104978
23139800,23140907,1107,281472
23140907,23142190,1283,11258
23142190,23143227,1037,52195
23143227,23144412,1185,13185
23144412,23145608,1196,88007
23145608,23146733,1125,123172
23146733,23147870,1137,85685
23147870,23148985,1115,131040
23148985,23150054,1069,28375
23150054,23151211,1157,6557
23151211,23151679,468,129388
23151679,23151966,287,2503
23151966,23152416,450,129388
23152416,23153625,1209,163935
23153625,23154928,1303,125140
23154928,23156154,1226,130103
23156154,23157321,1167,139307
23157321,23158209,888,126965
23158209,23158610,401,107480
23158610,23159889,1279,231838
23159889,23161103,1214,71531
23161103,23162115,1012,10172
23162115,23162351,236,147968
23162351,23163546,1195,132499
23163546,23164696,1150,127694
23164696,23165845,1149,4136
23165845,23167029,1184,9915
23167029,23167275,246,128660
23167275,23168348,1073,152224
23168348,23169652,1304,124994
23169652,23170907,1255,8674
23170907,23172172,1265,110061
23172172,23173307,1135,142358
23173307,23174318,1011,170440
23174318,23174961,643,108638
23174961,23176206,1245,2327
23176206,23177403,1197,6506
23177403,23178682,1279,116805
23178682,23179603,921,122828
23179603,23180800,1197,283228
23180800,23182088,1288,187464
23182088,23183211,1123,258974
23183211,23184440,1229,37090
23184440,23185648,1208,39478
23185648,23186791,1143,163606
23186791,23187260,469,131228
23187260,23187491,231,132848
23187491,23188059,568,123048
23188059,23189082,1023,139710
23189082,23190099,1017,64713
23190099,23191294,1195,101283
23191294,23192275,981,84121
23192275,23193533,1258,135220
23193533,23194690,1157,101579
23194690,23195929,1239,157236
23195929,23197226,1297,84357
23197226,23197429,203,19366
23197429,23198073,644,216570
23198073,23198648,575,129388
23198648,23199827,1179,298549
23199827,23200202,375,164100
23200202,23201423,1221,143262
23201423,23202118,695,48579
23202118,23202968,850,83616
23202968,23204085,1117,137588
23204085,23205038,953,131294
23205038,23205456,418,25951
23205456,23206591,1135,279153
23206591,23207715,1124,120281
23207715,23208998,1283,69550
23208998,23209908,910,232690
23209908,23210712,804,280922
23210712,23211265,553,139742
23211265,23212164,899,163384
23212164,23212842,678,84448
23212842,23213752,910,285173
23213752,23214179,427,11533
23214179,23215528,1349,163518
23215528,23216643,1115,131882
23216643,23217697,1054,87547
23217697,23218845,1148,46712
23218845,23219068,223,30101
23219068,23219983,915,138032
23219983,23220743,760,141644
23220743,23221874,1131,121799
23221874,23222516,642,120282
23222516,23222781,265,120583
23222781,23224038,1257,140222
23224038,23224959,921,216567
23224959,23226233,1274,4654
23226233,23227313,1080,7622
23227313,23228181,868,48361
23228181,23229392,1211,12971
23229392,23230307,915,126832
23230307,23231441,1134,35926
23231441,23231865,424,143483
23231865,23232147,282,168062
23232147,23233249,1102,275212
23233249,23234516,1267,9210
23234516,23235703,1187,294551
23235703,23236575,872,5758
23236575,23237622,1047,279229
23237622,23238011,389,140041
23238011,23239201,1190,110243
23239201,23240409,1208,259009
23240409,23241633,1224,108638
23241633,23242868,1235,182394
23242868,23243957,1089,14653
23243957,23245192,1235,92200
23245192,23246197,1005,156014
23246197,23247425,1228,10172
23247425,23247807,382,12707
23247807,23248706,899,126600
23248706,23249972,1266,126861
23249972,23250367,395,245691
23250367,23251630,1263,75810
23251630,23252919,1289,126959
23252919,23253988,1069,139397
23253988,23255234,1246,12539
23255234,23255798,564,126794
23255798,23256973,1175,26496
23256973,23257869,896,117095
23257869,23258610,741,258283
23258610,23259432,822,61316
23259432,23260541,1109,163726
23260541,23261275,734,132848
23261275,23262408,1133,46890
23262408,23263636,1228,252341
23263636,23264939,1303,160602
23264939,23266002,1063,63101
23266002,23266962,960,123270
23266962,23267545,583,136610
23267545,23268816,1271,102250
23268816,23270090,1274,103126
23270090,23270415,325,46712
23270415,23271756,1341,9174
23271756,23273031,1275,121127
23273031,23274128,1097,121064
23274128,23275269,1141,294554
23275269,23276410,1141,161101
23276410,23277190,780,135762
23277190,23278375,1185,6506
23278375,23279512,1137,84010
23279512,23280433,921,156018
23280433,23281506,1073,130977
23281506,23281992,486,91192
23281992,23283066,1074,39508
23283066,23283459,393,11546
23283459,23284687,1228,112058
23284687,23285940,1253,121024
23285940,23287139,1199,139291
23287139,23288365,1226,91072
23288365,23288733,368,133834
23288733,23290001,1268,283462
23290001,23291152,1151,110243
23291152,23292341,1189,133442
23292341,23293610,1269,107517
23293610,23294771,1161,87508
23294771,23296037,1266,130184
23296037,23297287,1250,155968
23297287,23298520,1233,110056
23298520,23299763,1243,1070
23299763,23300962,1199,48831
23300962,23301933,971,75791
23301933,23302394,461,105002
23302394,23303555,1161,132821
23303555,23304683,1128,282926
23304683,23305542,859,110238
23305542,23306262,720,11734
23306262,23307514,1252,140040
23307514,23308709,1195,160593
23308709,23309147,438,67857
23309147,23310418,1271,21305
23310418,23311405,987,133424
23311405,23312623,1218,12085
23312623,23313606,983,109658
23313606,23314882,1276,131732
23314882,23315370,488,32856
23315370,23316526,1156,39970
23316526,23317746,1220,258954
23317746,23318945,1199,143948
23318945,23320086,1141,76574
23320086,23321309,1223,58193
23321309,23322570,1261,131226
23322570,23323855,1285,292604
23323855,23325138,1283,82020
23325138,23326172,1034,131735
23326172,23327212,1040,138548
23327212,23328411,1199,121661
23328411,23329640,1229,724
23329640,23330899,1259,22581
23330899,23331786,887,66016
23331786,23332103,317,13250
23332103,23333187,1084,1730
23333187,23334292,1105,53638
23334292,23335575,1283,4136
23335575,23336636,1061,6175
23336636,23337853,1217,21393
23337853,23339087,1234,66176
23339087,23340361,1274,5417
23340361,23341313,952,170212
23341313,23342082,769,32136
23342082,23343257,1175,121127
23343257,23344466,1209,288043
23344466,23345451,985,140221
23345451,23346558,1107,92935
23346558,23347813,1255,147967
23347813,23348557,744,92420
23348557,23349781,1224,147963
23349781,23350721,940,86741
23350721,23352057,1336,1536
23352057,23353294,1237,96168
23353294,23354421,1127,147110
23354421,23355516,1095,107483
23355516,23356649,1133,176263
23356649,23357921,1272,145138
23357921,23359129,1208,74797
23359129,23360256,1127,139681
23360256,23361447,1191,122441
23361447,23362744,1297,132707
23362744,23363931,1187,187024
23363931,23364902,971,139710
23364902,23366127,1225,133263
23366127,23367086,959,132644
23367086,23367963,877,132280
23367963,23369226,1263,155968
23369226,23370171,945,240992
23370171,23371312,1141,19361
23371312,23371942,630,136458
23371942,23372937,995,54659
23372937,23373927,990,138290
23373927,23375139,1212,143477
23375139,23376392,1253,285173
23376392,23377639,1247,130727
23377639,23378703,1064,133279
23378703,23378890,187,13247
23378890,23380057,1167,71402
23380057,23381335,1278,32856
23381335,23382208,873,126829
23382208,23382799,591,39970
23382799,23384051,1252,145083
23384051,23385212,1161,88483
23385212,23385494,282,25766
23385494,23386023,529,178029
23386023,23387090,1067,95969
23387090,23388211,1121,105394
23388211,23388626,415,43322
23388626,23389748,1122,123163
23389748,23390848,1100,122825
23390848,23391385,537,126929
23391385,23392671,1286,279229
23392671,23393402,731,131220
23393402,23393773,371,39648
23393773,23393942,169,63111
23393942,23394488,546,141571
23394488,23395815,1327,48579
23395815,23396535,720,162238
23396535,23397255,720,126408
23397255,23398324,1069,136458
23398324,23398683,359,129752
23398683,23399229,546,66470
23399229,23400388,1159,12926
23400388,23401449,1061,133630
23401449,23402688,1239,132707
23402688,23403820,1132,234106
23403820,23404956,1136,22179
23404956,23406047,1091,126220
23406047,23406730,683,130627
23406730,23407348,618,90852
23407348,23408495,1147,199
23408495,23409712,1217,105167
23409712,23410920,1208,134825
23410920,23412130,1210,169291
23412130,23413341,1211,19361
23413341,23414594,1253,132485
23414594,23414991,397,112187
23414991,23416144,1153,136863
23416144,23417459,1315,26982
23417459,23418101,642,168204
23418101,23419191,1090,54016
23419191,23420368,1177,135659
23420368,23420589,221,29092
23420589,23421682,1093,44586
23421682,23422887,1205,163612
23422887,23424148,1261,69412
23424148,23425423,1275,72311
23425423,23426671,1248,723
23426671,23427758,1087,126959
23427758,23428139,381,275212
23428139,23428999,860,259009
23428999,23430316,1317,39475
23430316,23431439,1123,137739
23431439,23432570,1131,29108
23432570,23433207,637,130517
23433207,23434434,1227,104986
23434434,23435672,1238,155968
23435672,23436150,478,130489
23436150,23436447,297,130878
23436447,23436918,471,48032
23436918,23437801,883,28384
23437801,23439048,1247,104394
23439048,23440082,1034,141248
23440082,23441165,1083,139404
23441165,23442421,1256,100431
23442421,23443740,1319,41172
23443740,23444200,460,4861
23444200,23445439,1239,283228
23445439,23446205,766,19376
23446205,23446528,323,132717
23446528,23447802,1274,114469
23447802,23449037,1235,132532
23449037,23450170,1133,19361
23450170,23451355,1185,163612
23451355,23451862,507,137627
23451862,23453111,1249,156153
23453111,23454312,1201,138290
23454312,23454668,356,15305
23454668,23455992,1324,365
23455992,23456634,642,160187
23456634,23456984,350,39477
23456984,23458168,1184,24731
23458168,23459321,1153,155968
23459321,23459598,277,11049
23459598,23459930,332,2772
23459930,23460491,561,126945
23460491,23461604,1113,132101
23461604,23461698,94,6556
23461698,23461889,191,153309
23461889,23462580,691,154838
23462580,23463746,1166,18524
23463746,23465011,1265,279363
23465011,23466179,1168,139361
23466179,23467479,1300,12332
23467479,23468674,1195,149880
23468674,23469753,1079,143307
23469753,23470316,563,167024
23470316,23471472,1156,130625
23471472,23472660,1188,293168
23472660,23473877,1217,281187
23473877,23475130,1253,1119
23475130,23476347,1217,171137
23476347,23477601,1254,25765
23477601,23478786,1185,90850
23478786,23479896,1110,158074
23479896,23480985,1089,154282
23480985,23481562,577,72927
23481562,23482756,1194,300234
23482756,23483478,722,121064
23483478,23484361,883,167597
23484361,23485611,1250,126737
23485611,23486854,1243,134785
23486854,23487714,860,300234
23487714,23488953,1239,10088
23488953,23490087,1134,75939
23490087,23490867,780,139397
23490867,23492066,1199,149245
23492066,23493194,1128,10088
23493194,23494145,951,9342
23494145,23495222,1077,14929
23495222,23495491,269,19665
23495491,23496744,1253,158081
23496744,23497947,1203,139350
23497947,23498230,283,139730
23498230,23499522,1292,70837
23499522,23500772,1250,88007
23500772,23500935,163,112058
23500935,23502058,1123,75939
23502058,23502984,926,138901
23502984,23503454,470,73729
23503454,23504653,1199,71320
23504653,23505894,1241,101278
23505894,23507111,1217,12538
23507111,23508262,1151,64300
23508262,23509320,1058,82558
23509320,23509547,227,26894
23509547,23509953,406,123602
23509953,23511158,1205,76574
23511158,23512167,1009,147971
23512167,23512791,624,6398
23512791,23513869,1078,258970
23513869,23514717,848,67584
23514717,23515835,1118,59288
23515835,23517140,1305,156977
23517140,23518195,1055,133395
23518195,23519282,1087,121024
23519282,23520642,1360,199
23520642,23521855,1213,48525
23521855,23522828,973,111574
23522828,23523713,885,31609
23523713,23524850,1137,122614
23524850,23525959,1109,134804
23525959,23526953,994,144135
23526953,23528241,1288,50776
23528241,23529435,1194,295756
23529435,23530688,1253,10327
23530688,23531529,841,88007
23531529,23531940,411,138631
23531940,23532982,1042,152825
23532982,23534126,1144,57154
23534126,23535177,1051,70998
23535177,23536140,963,128240
23536140,23537307,1167,234106
23537307,23538553,1246,291170
23538553,23539779,1226,149245
23539779,23540241,462,157088
23540241,23541316,1075,138113
23541316,23542562,1246,64713
23542562,23543706,1144,72311
23543706,23544949,1243,126296
23544949,23546096,1147,157861
23546096,23547201,1105,154284
23547201,23547540,339,32135
23547540,23548615,1075,280380
23548615,23549080,465,69411
23549080,23550259,1179,27504
23550259,23551546,1287,157243
23551546,23552582,1036,4479
23552582,23553830,1248,290901
23553830,23554981,1151,105405
23554981,23556019,1038,70837
23556019,23557164,1145,124990
23557164,23558421,1257,48513
23558421,23559480,1059,145700
23559480,23560705,1225,293959
23560705,23561887,1182,5341
23561887,23563018,1131,723
23563018,23563863,845,285137
23563863,23564881,1018,127522
23564881,23566000,1119,104890
23566000,23567163,1163,95441
23567163,23568276,1113,63839
23568276,23569565,1289,128632
23569565,23570865,1300,14976
23570865,23571842,977,121760
23571842,23572878,1036,126794
23572878,23573750,872,284268
23573750,23574989,1239,126794
23574989,23576095,1106,169293
23576095,23577304,1209,132073
23577304,23578572,1268,17615
23578572,23579830,1258,28375
23579830,23580961,1131,121079
23580961,23581886,925,288043
23581886,23583117,1231,293959
23583117,23584445,1328,69607
23584445,23585653,1208,116797
23585653,23586911,1258,232057
23586911,23587980,1069,171109
23587980,23588972,992,362
23588972,23589852,880,304535
23589852,23590850,998,282386
23590850,23591997,1147,258960
23591997,23593170,1173,95441
23593170,23594204,1034,80656
23594204,23595373,1169,288043
23595373,23596668,1295,153728
23596668,23597795,1127,104483
23597795,23598833,1038,143005
23598833,23599815,982,142727
23599815,23600842,1027,113272
23600842,23601676,834,89898
23601676,23602842,1166,168638
23602842,23603943,1101,129974
23603943,23605074,1131,131004
23605074,23606313,1239,135892
23606313,23607472,1159,101265
23607472,23608497,1025,138488
23608497,23609362,865,177641
23609362,23610320,958,163612
23610320,23611137,817,170952
23611137,23612311,1174,129974
23612311,23613641,1330,125883
23613641,23614592,951,156967
23614592,23615864,1272,185457
23615864,23617120,1256,69550
23617120,23618325,1205,130876
23618325,23619231,906,142320
23619231,23620522,1291,184265
23620522,23621768,1246,294554
23621768,23622249,481,11243
23622249,23623482,1233,120330
23623482,23624643,1161,296473
23624643,23625626,983,142320
23625626,23626669,1043,125118
23626669,23627872,1203,290350
23627872,23629215,1343,64738
23629215,23629602,387,291374
23629602,23630747,1145,296473
23630747,23632050,1303,137154
23632050,23633218,1168,58869
23633218,23634359,1141,151817
23634359,23635352,993,54016
23635352,23636495,1143,66166
23636495,23637614,1119,47032
23637614,23638860,1246,4861
23638860,23640054,1194,274374
23640054,23641215,1161,187024
23641215,23641442,227,66347
23641442,23642521,1079,10673
23642521,23643773,1252,135657
23643773,23645014,1241,109185
23645014,23646293,1279,91192
23646293,23647534,1241,122614
23647534,23648682,1148,144135
23648682,23649684,1002,129581
23649684,23650859,1175,141320
23650859,23651937,1078,143895
23651937,23653270,1333,84010
23653270,23654561,1291,143893
23654561,23654837,276,135762
23654837,23656113,1276,7943
23656113,23657293,1180,135657
23657293,23658441,1148,30119
23658441,23659512,1071,39476
23659512,23660645,1133,121543
23660645,23661806,1161,69411
23661806,23662367,561,123190
23662367,23662785,418,86765
23662785,23663764,979,126965
23663764,23664840,1076,128329
23664840,23665942,1102,141148
23665942,23667185,1243,258960
23667185,23667842,657,130093
23667842,23668953,1111,75939
23668953,23669990,1037,48377
23669990,23671177,1187,135826
23671177,23672280,1103,233342
23672280,23673334,1054,127597
23673334,23674431,1097,39481
23674431,23675433,1002,123882
23675433,23676460,1027,176256
23676460,23677503,1043,56777
23677503,23677757,254,82558
23677757,23679092,1335,72311
23679092,23679734,642,83696
23679734,23680948,1214,132499
23680948,23682207,1259,291718
23682207,23683363,1156,70837
23683363,23684560,1197,129324
23684560,23685703,1143,26853
23685703,23686909,1206,101276
23686909,23688174,1265,4662
23688174,23688547,373,157066
23688547,23689767,1220,169293
23689767,23690960,1193,66347
23690960,23692022,1062,29120
23692022,23692643,621,56179
23692643,23693859,1216,53320
23693859,23695045,1186,126739
23695045,23696294,1249,163402
23696294,23696452,158,9010
23696452,23697709,1257,7793
23697709,23698732,1023,27120
23698732,23699106,374,48579
23699106,23700292,1186,129805
23700292,23700912,620,132891
23700912,23702080,1168,291101
23702080,23702698,618,44585
23702698,23703254,556,141174
23703254,23704588,1334,135264
23704588,23705712,1124,124526
23705712,23706923,1211,85640
23706923,23707168,245,258993
23707168,23708300,1132,131040
23708300,23709475,1175,129582
23709475,23710680,1205,246893
23710680,23711464,784,132300
23711464,23712071,607,1532
23712071,23712920,849,165428
23712920,23714058,1138,7741
23714058,23715069,1011,122825
23715069,23715986,917,130728
23715986,23717094,1108,109185
23717094,23718229,1135,122806
23718229,23719359,1130,184447
23719359,23719690,331,144021
23719690,23721044,1354,70919
23721044,23722279,1235,12118
23722279,23723154,875,105386
23723154,23724017,863,63095
23724017,23725258,1241,105002
23725258,23726337,1079,45218
23726337,23727591,1254,287139
23727591,23728737,1146,296473
23728737,23730043,1306,122614
23730043,23731104,1061,84121
23731104,23732345,1241,128310
23732345,23733535,1190,126577
23733535,23734698,1163,1536
23734698,23735985,1287,58090
23735985,23737104,1119,10344
23737104,23738341,1237,12707
23738341,23739121,780,130588
23739121,23740212,1091,56222
23740212,23741479,1267,104978
23741479,23742507,1028,65772
23742507,23743220,713,72200
23743220,23744241,1021,121127
23744241,23745606,1365,142320
23745606,23746670,1064,88367
23746670,23747856,1186,101278
23747856,23748440,584,84122
23748440,23749554,1114,86741
23749554,23750703,1149,143361
23750703,23751794,1091,3967
23751794,23752960,1166,152265
23752960,23753410,450,133396
23753410,23754561,1151,54666
23754561,23755468,907,147045
23755468,23755665,197,105383
23755665,23756064,399,160602
23756064,23757193,1129,138548
23757193,23757666,473,134149
23757666,23757959,293,139717
23757959,23759050,1091,37090
23759050,23760337,1287,126292
23760337,23760662,325,171108
23760662,23761938,1276,281132
23761938,23762460,522,144135
23762460,23763747,1287,72200
23763747,23765048,1301,121543
23765048,23766250,1202,123192
23766250,23767348,1098,101289
23767348,23768577,1229,134991
23768577,23769097,520,134981
23769097,23770182,1085,126961
23770182,23770824,642,158081
23770824,23771975,1151,129066
23771975,23773020,1045,6398
23773020,23773771,751,39661
23773771,23774992,1221,122627
23774992,23775723,731,131735
23775723,23776946,1223,150916
23776946,23778026,1080,120318
23778026,23778695,669,80656
23778695,23779872,1177,216564
23779872,23781016,1144,7574
23781016,23781951,935,5341
23781951,23783065,1114,259009
23783065,23784206,1141,146197
23784206,23785442,1236,216563
23785442,23786648,1206,301694
23786648,23787614,966,129324
23787614,23788805,1191,121024
23788805,23789460,655,61316
23789460,23789683,223,86679
23789683,23790652,969,138548
23790652,23791626,974,160592
23791626,23792668,1042,12707
23792668,23793943,1275,149881
23793943,23795169,1226,244443
23795169,23795563,394,129388
23795563,23796624,1061,28375
23796624,23797726,1102,5710
23797726,23799008,1282,276908
23799008,23800140,1132,300343
23800140,23801337,1197,292253
23801337,23802420,1083,119253
23802420,23803673,1253,146437
23803673,23803919,246,123190
23803919,23804476,557,110522
23804476,23805599,1123,73729
23805599,23806805,1206,6398
23806805,23807968,1163,6397
23807968,23809071,1103,271826
23809071,23810137,1066,141248
23810137,23811065,928,231834
23811065,23812078,1013,57180
23812078,23813317,1239,159230
23813317,23814566,1249,80665
23814566,23815757,1191,6171
23815757,23817022,1265,232057
23817022,23817333,311,129790
23817333,23817514,181,130093
23817514,23818748,1234,29101
23818748,23819942,1194,129396
23819942,23820717,775,36641
23820717,23821185,468,134636
23821185,23822254,1069,101864
23822254,23822413,159,115686
23822413,23823646,1233,138631
23823646,23824118,472,156159
23824118,23824708,590,132891
23824708,23824870,162,138032
23824870,23825169,299,150916
23825169,23826304,1135,122863
23826304,23827388,1084,262291
23827388,23828560,1172,28465
23828560,23829603,1043,134176
23829603,23830700,1097,113272
23830700,23831706,1006,75355
23831706,23832214,508,139707
23832214,23833123,909,258993
23833123,23833948,825,66465
23833948,23835073,1125,110243
23835073,23836184,1111,143895
23836184,23837098,914,133273
23837098,23838302,1204,149738
23838302,23839447,1145,187466
23839447,23840420,973,58193
23840420,23841722,1302,119253
23841722,23842375,653,294114
23842375,23843684,1309,157644
23843684,23844355,671,61776
23844355,23845240,885,102381
23845240,23846380,1140,71404
23846380,23847504,1124,283462
23847504,23848784,1280,80534
23848784,23849093,309,147967
23849093,23850173,1080,95875
23850173,23851322,1149,104888
23851322,23852611,1289,134148
23852611,23853741,1130,102238
23853741,23854857,1116,131259
23854857,23856051,1194,177627
23856051,23857262,1211,172165
23857262,23857539,277,141174
23857539,23858848,1309,105673
23858848,23859689,841,167597
23859689,23860902,1213,276907
23860902,23862069,1167,143307
23862069,23863277,1208,9342
23863277,23864289,1012,39840
23864289,23864727,438,27120
23864727,23865991,1264,150915
23865991,23866274,283,141135
23866274,23867549,1275,133834
23867549,23867917,368,129396
23867917,23868907,990,156738
23868907,23869934,1027,132705
23869934,23870603,669,92820
23870603,23871917,1314,137589
23871917,23872716,799,20410
23872716,23873797,1081,133396
23873797,23874897,1100,84448
23874897,23876073,1176,80534
23876073,23877036,963,116804
23877036,23878074,1038,293168
23878074,23879081,1007,137154
23879081,23880166,1085,1187
23880166,23881446,1280,4447
23881446,23882527,1081,51162
23882527,23882830,303,4861
23882830,23883916,1086,131294
23883916,23885256,1340,135216
23885256,23886457,1201,287357
23886457,23886843,386,138901
23886843,23887441,598,160958
23887441,23888606,1165,77361
23888606,23889048,442,129443
23889048,23890347,1299,132537
23890347,23891522,1175,233382
23891522,23891853,331,129983
23891853,23892983,1130,11079
23892983,23893575,592,142318
23893575,23894430,855,155646
23894430,23895389,959,133471
23895389,23896460,1071,79973
23896460,23897720,1260,176278
23897720,23898820,1100,278220
23898820,23899143,323,258283
23899143,23900231,1088,3961
23900231,23901440,1209,283242
23901440,23902593,1153,178030
23902593,23903801,1208,21393
23903801,23904498,697,104986
23904498,23905673,1175,130545
23905673,23906334,661,132499
23906334,23907518,1184,48377
23907518,23908810,1292,68369
23908810,23909452,642,84010
23909452,23910233,781,102381
23910233,23911470,1237,75355
23911470,23912718,1248,139009
23912718,23913930,1212,285137
23913930,23915057,1127,130532
23915057,23915750,693,139361
23915750,23916896,1146,171171
23916896,23917262,366,126408
23917262,23918380,1118,83706
23918380,23919641,1261,135229
23919641,23920142,501,121415
23920142,23921423,1281,63101
23921423,23922605,1182,102239
23922605,23923903,1298,39477
23923903,23924104,201,121730
23924104,23925311,1207,70756
23925311,23926489,1178,141571
23926489,23926930,441,132645
23926930,23927568,638,92002
23927568,23928648,1080,73712
23928648,23929436,788,121541
23929436,23930746,1310,164188
23930746,23931746,1000,178030
23931746,23932762,1016,290363
23932762,23933913,1151,29012
23933913,23935076,1163,151817
23935076,23935693,617,70843
23935693,23936899,1206,77173
23936899,23937751,852,136280
23937751,23938838,1087,170951
23938838,23939611,773,110061
23939611,23939921,310,109662
23939921,23941107,1186,274375
23941107,23942267,1160,175448
23942267,23943194,927,163606
23943194,23944518,1324,131732
23944518,23945682,1164,123172
23945682,23946886,1204,5776
23946886,23947859,973,64291
23947859,23949092,1233,128331
23949092,23950286,1194,132866
23950286,23951490,1204,758
23951490,23952667,1177,142320
23952667,23953340,673,134786
23953340,23954523,1183,135891
23954523,23955772,1249,41170
23955772,23956790,1018,115687
23956790,23957961,1171,84122
23957961,23959045,1084,82020
23959045,23959884,839,283242
23959884,23960542,658,36641
23960542,23961518,976,126208
23961518,23962773,1255,86683
23962773,23963967,1194,39475
23963967,23964645,678,131113
23964645,23965608,963,125147
23965608,23966654,1046,168198
23966654,23967841,1187,11079
23967841,23969081,1240,135814
23969081,23970195,1114,121661
23970195,23971384,1189,186232
23971384,23971662,278,182402
23971662,23972249,587,11243
23972249,23973407,1158,284445
23973407,23974578,1171,135814
23974578,23975889,1311,28380
23975889,23976918,1029,87791
23976918,23978115,1197,52195
23978115,23978348,233,165428
23978348,23979507,1159,84447
23979507,23980714,1207,159386
23980714,23981309,595,128329
23981309,23982423,1114,76974
23982423,23983436,1013,128991
23983436,23984613,1177,126965
23984613,23985828,1215,58868
23985828,23986701,873,110238
23986701,23987961,1260,154282
23987961,23989204,1243,65803
23989204,23990416,1212,133630
23990416,23991489,1073,53342
23991489,23992529,1040,64713
23992529,23993502,973,124221
23993502,23994358,856,163527
23994358,23995486,1128,73846
23995486,23996590,1104,137627
23996590,23997763,1173,118128
23997763,23999004,1241,147967
23999004,24000195,1191,122655
24000195,24001321,1126,129396
24001321,24002455,1134,44586
24002455,24003430,975,132850
24003430,24004415,985,83696
24004415,24005562,1147,5416
24005562,24006613,1051,38026
24006613,24007797,1184,163935
24007797,24009059,1262,4447
24009059,24009767,708,12926
24009767,24010978,1211,82020
24010978,24011259,281,46889
24011259,24011824,565,166420
24011824,24013043,1219,156977
24013043,24014197,1154,72212
24014197,24015304,1107,41610
24015304,24015509,205,141135
24015509,24016641,1132,73848
24016641,24017798,1157,254949
24017798,24018923,1125,154838
24018923,24020239,1316,163597
24020239,24020886,647,39648
24020886,24021927,1041,39476
24021927,24022192,265,171134
24022192,24022613,421,25951
24022613,24022779,166,157857
24022779,24023747,968,123267
24023747,24024314,567,90847
24024314,24025512,1198,103120
24025512,24026756,1244,14677
24026756,24027889,1133,137739
24027889,24028839,950,4445
24028839,24029690,851,96241
24029690,24030441,751,3582
24030441,24031474,1033,130529
24031474,24032627,1153,291101
24032627,24033900,1273,64708
24033900,24035095,1195,1150
24035095,24035501,406,145145
24035501,24036583,1082,289453
24036583,24037802,1219,123135
24037802,24039026,1224,68773
24039026,24039679,653,66347
24039679,24040899,1220,105673
24040899,24041935,1036,86679
24041935,24043084,1149,129064
24043084,24044341,1257,174992
24044341,24044819,478,187024
24044819,24045271,452,61742
24045271,24046285,1014,6398
24046285,24047458,1173,104978
24047458,24047836,378,61780
24047836,24049038,1202,134728
24049038,24050123,1085,94522
24050123,24051288,1165,258250
24051288,24052253,965,10674
24052253,24052624,371,25563
24052624,24053747,1123,275885
24053747,24054935,1188,258263
24054935,24055183,248,231838
24055183,24056415,1232,41151
24056415,24057630,1215,133630
24057630,24058881,1251,148993
24058881,24060009,1128,165428
24060009,24061293,1284,135891
24061293,24061820,527,134465
24061820,24062230,410,58868
24062230,24063562,1332,91906
24063562,24064662,1100,72311
24064662,24065419,757,147159
24065419,24066557,1138,130566
24066557,24067624,1067,174960
24067624,24068840,1216,282385
24068840,24070091,1251,88089
24070091,24071156,1065,150469
24071156,24071888,732,61316
24071888,24072991,1103,233366
24072991,24073388,397,124224
24073388,24074643,1255,41919
24074643,24075452,809,170982
24075452,24076568,1116,112012
24076568,24077707,1139,291718
24077707,24078815,1108,76973
24078815,24079936,1121,47030
24079936,24081098,1162,132272
24081098,24082260,1162,130989
24082260,24083323,1063,142858
24083323,24084561,1238,102250
24084561,24085742,1181,142745
24085742,24086627,885,130105
24086627,24087678,1051,82458
24087678,24087901,223,132069
24087901,24089069,1168,41933
24089069,24090347,1278,60489
24090347,24091606,1259,139387
24091606,24092569,963,110522
24092569,24093737,1168,122614
24093737,24094515,778,86804
24094515,24095714,1199,153733
24095714,24096610,896,126286
24096610,24097687,1077,97593
24097687,24098818,1131,145703
24098818,24099656,838,365
24099656,24100500,844,169291
24100500,24101638,1138,32136
24101638,24102274,636,133290
24102274,24103448,1174,104979
24103448,24104503,1055,147173
24104503,24105125,622,134816
24105125,24106316,1191,293663
24106316,24106972,656,9210
24106972,24107823,851,67233
24107823,24108924,1101,20023
24108924,24110039,1115,275218
24110039,24111112,1073,122825
24111112,24111715,603,245687
24111715,24111995,280,157057
24111995,24113037,1042,298549
24113037,24114249,1212,68770
24114249,24115455,1206,129974
24115455,24115554,99,126292
24115554,24116282,728,161714
24116282,24116779,497,14013
24116779,24117957,1178,98644
24117957,24119135,1178,32135
24119135,24120251,1116,166436
24120251,24121509,1258,10089
24121509,24122110,601,9210
24122110,24122935,825,84122
24122935,24124076,1141,168500
24124076,24124992,916,6174
24124992,24126233,1241,129979
24126233,24126725,492,137770
24126725,24127884,1159,124520
24127884,24129153,1269,30106
24129153,24129527,374,72311
24129527,24130794,1267,284444
24130794,24131594,800,75807
24131594,24132840,1246,176698
24132840,24133987,1147,287660
24133987,24135062,1075,1560
24135062,24136074,1012,4662
24136074,24136950,876,26950
24136950,24138137,1187,166683
24138137,24139362,1225,139710
24139362,24140259,897,67233
24140259,24141462,1203,293663
24141462,24142548,1086,123268
24142548,24143629,1081,287837
24143629,24144590,961,130876
24144590,24145784,1194,270777
24145784,24146910,1126,84122
24146910,24148000,1090,28465
24148000,24149028,1028,176660
24149028,24150183,1155,149798
24150183,24151240,1057,121543
24151240,24152438,1198,131732
24152438,24153631,1193,133440
24153631,24154892,1261,128309
24154892,24155086,194,132601
24155086,24156185,1099,150916
24156185,24157249,1064,132484
24157249,24157594,345,13185
24157594,24158759,1165,32856
24158759,24159314,555,138032
24159314,24160518,1204,122809
24160518,24161760,1242,280380
24161760,24162995,1235,115046
24162995,24164156,1161,118119
24164156,24165354,1198,137618
24165354,24166545,1191,156015
24166545,24167800,1255,184447
24167800,24169119,1319,122441
24169119,24170280,1161,73972
24170280,24171529,1249,152224
24171529,24172592,1063,144485
24172592,24173859,1267,145699
24173859,24175021,1162,174960
24175021,24176179,1158,12103
24176179,24176502,323,171133
24176502,24177100,598,167024
24177100,24178121,1021,276730
24178121,24179272,1151,121541
24179272,24180340,1068,10673
24180340,24181465,1125,163507
24181465,24182484,1019,31097
24182484,24183567,1083,110131
24183567,24184821,1254,291384
24184821,24185933,1112,130492
24185933,24186666,733,164101
24186666,24187723,1057,56777
24187723,24188992,1269,28465
24188992,24190091,1099,11546
24190091,24191273,1182,54667
24191273,24192415,1142,292604
24192415,24193535,1120,131742
24193535,24194726,1191,187024
24194726,24196013,1287,88367
24196013,24197000,987,121661
24197000,24198301,1301,125002
24198301,24199626,1325,281472
24199626,24200908,1282,17615
24200908,24201842,934,38026
24201842,24202227,385,129064
24202227,24203522,1295,71550
24203522,24204328,806,107487
24204328,24205601,1273,11243
24205601,24206730,1129,129752
24206730,24207919,1189,134717
24207919,24208915,996,139361
24208915,24209742,827,135891
24209742,24210999,1257,128761
24210999,24211958,959,133630
24211958,24213175,1217,36146
24213175,24213363,188,125123
24213363,24214597,1234,58868
24214597,24215762,1165,118128
24215762,24217060,1298,39967
24217060,24218128,1068,155152
24218128,24218973,845,84122
24218973,24219900,927,178149
24219900,24221181,1281,67147
24221181,24222409,1228,187024
24222409,24223622,1213,295446
24223622,24224547,925,127704
24224547,24225670,1123,47237
24225670,24226782,1112,157236
24226782,24227261,479,86741
24227261,24228261,1000,162129
24228261,24228662,401,178028
24228662,24228906,244,93276
24228906,24229979,1073,80656
24229979,24230944,965,20410
24230944,24232120,1176,135894
24232120,24233320,1200,133834
24233320,24234498,1178,61741
24234498,24235615,1117,1730
24235615,24236855,1240,170951
24236855,24237847,992,127537
24237847,24238883,1036,15307
24238883,24239968,1085,67592
24239968,24241029,1061,86741
24241029,24241988,959,15082
24241988,24242310,322,109179
24242310,24243479,1169,48831
24243479,24243896,417,107479
24243896,24244563,667,183239
24244563,24245592,1029,133279
24245592,24246633,1041,199
24246633,24247589,956,362
24247589,24247830,241,142744
24247830,24248791,961,121148
24248791,24249882,1091,44912
24249882,24251137,1255,46267
24251137,24252340,1203,186230
24252340,24253288,948,175448
24253288,24254423,1135,82904
24254423,24255278,855,136846
24255278,24256501,1223,58025
24256501,24257678,1177,77361
24257678,24258254,576,110526
24258254,24259070,816,293959
24259070,24259318,248,89735
24259318,24260478,1160,126221
24260478,24261421,943,8140
24261421,24262596,1175,282385
24262596,24263695,1099,123048
24263695,24264928,1233,147110
24264928,24266122,1194,133424
24266122,24267108,986,115047
24267108,24268157,1049,110243
24268157,24269434,1277,164327
24269434,24270707,1273,124439
24270707,24271973,1266,41151
24271973,24273204,1231,43322
24273204,24273424,220,105002
24273424,24274455,1031,26872
24274455,24275360,905,28384
24275360,24276099,739,123191
24276099,24277285,1186,73958
24277285,24278504,1219,128240
24278504,24279724,1220,12895
24279724,24280891,1167,124990
24280891,24282029,1138,122627
24282029,24282239,210,121331
24282239,24283416,1177,60480
24283416,24284577,1161,144485
24284577,24285771,1194,159386
24285771,24286739,968,11533
24286739,24287940,1201,136280
24287940,24288914,974,73958
24288914,24290050,1136,143005
24290050,24291310,1260,108621
24291310,24292276,966,126739
24292276,24293019,743,36641
24293019,24294152,1133,161102
24294152,24295416,1264,58869
24295416,24296447,1031,5704
24296447,24297667,1220,220980
24297667,24298896,1229,163505
24298896,24299925,1029,57154
24299925,24301130,1205,155968
24301130,24302197,1067,54487
24302197,24303387,1190,89898
24303387,24304578,1191,138290
24304578,24305623,1045,176660
24305623,24306618,995,58433
24306618,24307494,876,5909
24307494,24308593,1099,109174
24308593,24309689,1096,6524
24309689,24310779,1090,19366
24310779,24311347,568,92814
24311347,24312517,1170,5416
24312517,24313522,1005,76044
24313522,24314254,732,92002
24314254,24314539,285,280380
24314539,24315645,1106,185466
24315645,24316791,1146,10988
24316791,24317520,729,154284
24317520,24317728,208,216570
24317728,24318776,1048,177638
24318776,24319699,923,156981
24319699,24320477,778,148312
24320477,24320842,365,59268
24320842,24321513,671,150916
24321513,24322624,1111,95959
24322624,24323848,1224,245707
24323848,24324618,770,147110
24324618,24325807,1189,144496
24325807,24326909,1102,10673
24326909,24328101,1192,158816
24328101,24329303,1202,187466
24329303,24330412,1109,234100
24330412,24331650,1238,178030
24331650,24332193,543,185074
24332193,24333377,1184,125123
24333377,24334482,1105,110238
24334482,24335641,1159,126410
24335641,24336844,1203,281188
24336844,24338049,1205,129974
24338049,24339299,1250,155968
24339299,24340612,1313,141148
24340612,24341855,1243,46712
24341855,24342816,961,8684
24342816,24343728,912,121543
24343728,24344957,1229,51163
24344957,24346209,1252,101265
24346209,24347443,1234,126965
24347443,24348513,1070,106367
24348513,24349479,966,131732
24349479,24350245,766,106969
24350245,24351536,1291,220951
24351536,24352695,1159,156015
24352695,24353855,1160,143484
24353855,24355033,1178,123443
24355033,24355503,470,61780
24355503,24356541,1038,140221
24356541,24357540,999,57179
24357540,24358060,520,139797
24358060,24358875,815,220952
24358875,24360189,1314,129587
24360189,24361412,1223,72200
24361412,24362508,1096,156019
24362508,24363792,1284,163527
24363792,24365044,1252,122627
24365044,24365569,525,139612
24365569,24366737,1168,128331
24366737,24367813,1076,140041
24367813,24368896,1083,121064
24368896,24370149,1253,131722
24370149,24370620,471,139355
24370620,24371383,763,157857
24371383,24372544,1161,291458
24372544,24373598,1054,178030
24373598,24374837,1239,68344
24374837,24375856,1019,121064
24375856,24376212,356,139308
24376212,24377326,1114,139325
24377326,24378340,1014,274549
24378340,24379445,1105,282383
24379445,24380594,1149,183239
24380594,24380949,355,140718
24380949,24381214,265,121907
24381214,24382203,989,124520
24382203,24383433,1230,26894
24383433,24384610,1177,66465
24384610,24385847,1237,126929
24385847,24387138,1291,139612
24387138,24388369,1231,139741
24388369,24389609,1240,758
24389609,24390625,1016,86045
24390625,24391386,761,133212
24391386,24392427,1041,70837
24392427,24393724,1297,67233
24393724,24394810,1086,158081
24394810,24395825,1015,65554
24395825,24396847,1022,147967
24396847,24398134,1287,75939
24398134,24399232,1098,141148
24399232,24399763,531,258960
24399763,24400062,299,6174
24400062,24401339,1277,170952
24401339,24402551,1212,158081
24402551,24402960,409,124224
24402960,24404009,1049,5341
24404009,24405324,1315,7793
24405324,24405743,419,132645
24405743,24406980,1237,26852
24406980,24408061,1081,163519
24408061,24409120,1059,145083
24409120,24410175,1055,126737
24410175,24411312,1137,96498
24411312,24412377,1065,271811
24412377,24413505,1128,4158
24413505,24414464,959,10347
24414464,24415587,1123,8592
24415587,24415921,334,216563
24415921,24417101,1180,278228
24417101,24418396,1295,75791
24418396,24419531,1135,167024
24419531,24420575,1044,10089
24420575,24421581,1006,276730
24421581,24422872,1291,278228
24422872,24423779,907,290361
24423779,24425060,1281,87280
24425060,24426105,1045,66184
24426105,24426460,355,258970
24426460,24427617,1157,186230
24427617,24428573,956,5704
24428573,24429628,1055,100043
24429628,24430642,1014,15304
24430642,24431637,995,48848
24431637,24432660,1023,133225
24432660,24433138,478,90852
24433138,24434218,1080,14958
24434218,24435307,1089,101884
24435307,24436292,985,1187
24436292,24437493,1201,44582
24437493,24437904,411,163527
24437904,24439083,1179,96175
24439083,24440046,963,105167
24440046,24441255,1209,283462
24441255,24442468,1213,91072
24442468,24443719,1251,4447
24443719,24444152,433,18533
24444152,24445302,1150,64300
24445302,24446530,1228,284444
24446530,24447710,1180,182389
24447710,24447937,227,73972
24447937,24448814,877,86708
24448814,24449877,1063,167022
24449877,24450798,921,121148
24450798,24451011,213,7884
24451011,24452256,1245,129790
24452256,24453237,981,31603
24453237,24453639,402,163612
24453639,24454876,1237,39970
24454876,24456103,1227,13269
24456103,24457360,1257,115687
24457360,24457829,469,121392
24457829,24459024,1195,124595
24459024,24460220,1196,128145
24460220,24461140,920,46588
24461140,24461343,203,25951
24461343,24462554,1211,83708
24462554,24463799,1245,129659
24463799,24464280,481,165428
24464280,24465550,1270,130900
24465550,24466482,932,160188
24466482,24466796,314,286306
24466796,24468047,1251,36641
24468047,24468779,732,1532
24468779,24469385,606,112011
24469385,24470539,1154,300234
24470539,24471018,479,258283
24471018,24472240,1222,165702
24472240,24473375,1135,282934
24473375,24474693,1318,285135
24474693,24476022,1329,363
24476022,24477194,1172,16632
24477194,24477697,503,10327
24477697,24478678,981,5330
24478678,24479865,1187,234100
24479865,24481088,1223,14653
24481088,24481875,787,126408
24481875,24483062,1187,43321
24483062,24483519,457,117382
24483519,24484541,1022,155949
24484541,24485631,1090,397
24485631,24486046,415,12332
24486046,24487171,1125,31091
24487171,24488468,1297,18527
24488468,24489789,1321,144987
24489789,24491021,1232,108638
24491021,24491970,949,125123
24491970,24493058,1088,132592
24493058,24494089,1031,158744
24494089,24495209,1120,131030
24495209,24495853,644,142320
24495853,24496573,720,126965
24496573,24497842,1269,8689
24497842,24499082,1240,668
24499082,24500265,1183,139612
24500265,24501415,1150,54613
24501415,24502237,822,164328
24502237,24503378,1141,135635
24503378,24504598,1220,125140
24504598,24505824,1226,107517
24505824,24506665,841,39476
24506665,24507768,1103,124520
24507768,24508649,881,67233
24508649,24509868,1219,131106
24509868,24510555,687,395
24510555,24511808,1253,123190
24511808,24512874,1066,142727
24512874,24513814,940,121658
24513814,24514497,683,110526
24514497,24515720,1223,283462
24515720,24516712,992,287357
24516712,24517806,1094,147159
24517806,24518741,935,121543
24518741,24519946,1205,18004
24519946,24521006,1060,75791
24521006,24521961,955,61421
24521961,24522676,715,156154
24522676,24523638,962,4861
24523638,24524912,1274,293963
24524912,24525163,251,35926
24525163,24526081,918,138290
24526081,24526659,578,160187
24526659,24527677,1018,133273
24527677,24528508,831,139356
24528508,24529600,1092,124587
24529600,24530890,1290,54487
24530890,24531873,983,291379
24531873,24532991,1118,291718
24532991,24533992,1001,104394
24533992,24535257,1265,54666
24535257,24536526,1269,10701
24536526,24537763,1237,138047
24537763,24538842,1079,127703
24538842,24539939,1097,5710
24539939,24541116,1177,108620
24541116,24542294,1178,73972
24542294,24543453,1159,220951
24543453,24544353,900,123269
24544353,24545406,1053,129805
24545406,24546531,1125,147963
24546531,24547782,1251,142733
24547782,24548983,1201,287358
24548983,24550040,1057,63105
24550040,24550722,682,19208
24550722,24551954,1232,19373
24551954,24553211,1257,23281
24553211,24554320,1109,129443
24554320,24555503,1183,147110
24555503,24556440,937,144986
24556440,24557616,1176,144986
24557616,24558827,1211,290361
24558827,24560029,1202,11734
24560029,24561293,1264,64075
24561293,24562289,996,281188
24562289,24563557,1268,137106
24563557,24564903,1346,13247
24564903,24566099,1196,139355
24566099,24567289,1190,68770
24567289,24568367,1078,139741
24568367,24569576,1209,99249
24569576,24570685,1109,105405
24570685,24571419,734,147967
24571419,24572556,1137,275128
24572556,24573823,1267,63101
24573823,24574805,982,136280
24574805,24575704,899,139308
24575704,24576872,1168,9203
24576872,24577842,970,155948
24577842,24578865,1023,132866
24578865,24579145,280,153728
24579145,24580300,1155,129583
24580300,24581499,1199,73024
24581499,24582827,1328,154282
24582827,24583251,424,13364
24583251,24584458,1207,147159
24584458,24585660,1202,84122
24585660,24586293,633,290349
24586293,24587320,1027,138486
24587320,24588565,1245,291168
24588565,24588965,400,87791
24588965,24590060,1095,185125
24590060,24590514,454,34479
24590514,24591116,602,125943
24591116,24592145,1029,61316
24592145,24593135,990,127522
24593135,24594226,1091,69607
24594226,24595311,1085,147110
24595311,24596627,1316,157236
24596627,24597928,1301,1120
24597928,24598915,987,10798
24598915,24599410,495,123192
24599410,24599637,227,122451
24599637,24600137,500,103481
24600137,24601160,1023,122614
24601160,24602353,1193,156159
24602353,24603580,1227,64974
24603580,24604882,1302,185457
24604882,24605652,770,175390
24605652,24606801,1149,123176
24606801,24607219,418,14526
24607219,24607846,627,77173
24607846,24609105,1259,129066
24609105,24610326,1221,61356
24610326,24611604,1278,147981
24611604,24612603,999,158074
24612603,24613864,1261,57667
24613864,24615095,1231,28462
24615095,24616348,1253,83606
24616348,24617554,1206,56574
24617554,24618705,1151,98878
24618705,24619585,880,76574
24619585,24620747,1162,126955
24620747,24621998,1251,155151
24621998,24623067,1069,157636
24623067,24624217,1150,121674
24624217,24625314,1097,122626
24625314,24626448,1134,167609
24626448,24627127,679,284434
24627127,24628375,1248,130625
24628375,24629605,1230,32137
24629605,24630822,1217,398
24630822,24631310,488,95963
24631310,24632239,929,58763
24632239,24633449,1210,91906
24633449,24634694,1245,13056
24634694,24635928,1234,137618
24635928,24637024,1096,292253
24637024,24637929,905,262291
24637929,24638548,619,11079
24638548,24638776,228,76044
24638776,24639915,1139,86588
24639915,24641019,1104,31089
24641019,24642034,1015,12538
24642034,24643273,1239,155968
24643273,24644597,1324,170452
24644597,24645681,1084,119253
24645681,24646836,1155,81858
24646836,24648039,1203,208
24648039,24649200,1161,184264
24649200,24650443,1243,147173
24650443,24650771,328,187464
24650771,24651304,533,169656
24651304,24652371,1067,132299
24652371,24653674,1303,122655
24653674,24654231,557,141819
24654231,24654558,327,106366
24654558,24655721,1163,132499
24655721,24656436,715,107627
24656436,24657206,770,136280
24657206,24658463,1257,159386
24658463,24659675,1212,284433
24659675,24660238,563,127537
24660238,24661203,965,43296
24661203,24662437,1234,127215
24662437,24663720,1283,139297
24663720,24664865,1145,4861
24664865,24666086,1221,137004
24666086,24667151,1065,154671
24667151,24668223,1072,284433
24668223,24669420,1197,170977
24669420,24670543,1123,1539
24670543,24671535,992,145742
24671535,24671790,255,143946
24671790,24672963,1173,124439
24672963,24674057,1094,291101
24674057,24675110,1053,160952
24675110,24676247,1137,171133
24676247,24677340,1093,22179
24677340,24678519,1179,84357
24678519,24679846,1327,216570
24679846,24680997,1151,147110
24680997,24682206,1209,163612
24682206,24683350,1144,176698
24683350,24684633,1283,41259
24684633,24685570,937,126859
24685570,24686133,563,141174
24686133,24686947,814,6525
24686947,24688104,1157,352
24688104,24688837,733,177638
24688837,24689854,1017,126955
24689854,24690660,806,36641
24690660,24691933,1273,173591
24691933,24693006,1073,282383
24693006,24694121,1115,27504
24694121,24694561,440,26947
24694561,24695600,1039,157861
24695600,24696895,1295,279153
24696895,24698038,1143,123135
24698038,24698637,599,12118
24698637,24699659,1022,132850
24699659,24700643,984,157644
24700643,24701933,1290,67218
24701933,24703215,1282,100045
24703215,24703400,185,86679
24703400,24704419,1019,32658
24704419,24705666,1247,46267
24705666,24705879,213,26559
24705879,24706874,995,26951
24706874,24707369,495,110742
24707369,24708543,1174,170951
24708543,24709735,1192,88089
24709735,24710306,571,284435
24710306,24711532,1226,52088
24711532,24712703,1171,10327
24712703,24713525,822,19376
24713525,24714741,1216,87791
24714741,24715538,797,168062
24715538,24716325,787,3587
24716325,24717365,1040,28247
24717365,24718496,1131,80189
24718496,24719633,1137,128136
24719633,24720855,1222,185488
24720855,24721911,1056,119253
24721911,24723098,1187,73728
24723098,24724413,1315,59288
24724413,24725370,957,111961
24725370,24726479,1109,127595
24726479,24726954,475,254948
24726954,24728179,1225,55202
24728179,24729406,1227,7944
24729406,24730623,1217,131259
24730623,24731684,1061,129582
24731684,24732822,1138,166423
24732822,24733108,286,105179
24733108,24734173,1065,169291
24734173,24735439,1266,131113
24735439,24736622,1183,252342
24736622,24737838,1216,130560
24737838,24739067,1229,47239
24739067,24739360,293,80665
24739360,24740397,1037,80534
24740397,24741160,763,142727
24741160,24742314,1154,137597
24742314,24743474,1160,160949
24743474,24744610,1136,148312
24744610,24745530,920,290901
24745530,24746686,1156,254918
24746686,24747881,1195,70998
24747881,24748893,1012,128309
24748893,24750014,1121,294114
24750014,24751135,1121,115047
24751135,24752240,1105,258283
24752240,24753555,1315,244431
24753555,24754120,565,142733
24754120,24755305,1185,106800
24755305,24756314,1009,110054
24756314,24757539,1225,127936
24757539,24758675,1136,220952
24758675,24759926,1251,166433
24759926,24760361,435,5417
24760361,24761517,1156,69607
24761517,24762668,1151,139753
24762668,24763903,1235,68369
24763903,24765240,1337,49755
24765240,24765471,231,147990
24765471,24766668,1197,668
24766668,24767615,947,122627
24767615,24768846,1231,143946
24768846,24769921,1075,258283
24769921,24770884,963,115046
24770884,24772110,1226,12538
24772110,24773380,1270,152262
24773380,24774565,1185,3961
24774565,24775830,1265,63839
24775830,24777067,1237,174960
24777067,24778149,1082,130588
24778149,24779370,1221,143022
24779370,24780601,1231,114971
24780601,24781292,691,7793
24781292,24782254,962,12332
24782254,24783459,1205,130870
24783459,24784630,1171,104483
24784630,24785779,1149,40556
24785779,24786909,1130,14976
24786909,24788110,1201,133224
24788110,24788955,845,145700
24788955,24790216,1261,135580
24790216,24791401,1185,126336
24791401,24792515,1114,154838
24792515,24793576,1061,74477
24793576,24794469,893,270778
24794469,24795621,1152,92915
24795621,24795954,333,70843
24795954,24797036,1082,84121
24797036,24797444,408,279852
24797444,24798607,1163,65772
24798607,24799132,525,275885
24799132,24799588,456,104398
24799588,24800759,1171,11734
24800759,24801959,1200,292252
24801959,24803161,1202,279153
24803161,24804421,1260,34497
24804421,24805626,1205,123866
24805626,24805996,370,101276
24805996,24806608,612,19665
24806608,24807650,1042,58025
24807650,24808978,1328,144965
24808978,24809930,952,4447
24809930,24810859,929,122467
24810859,24812034,1175,47238
24812034,24813342,1308,279153
24813342,24814477,1135,58433
24814477,24815710,1233,109662
24815710,24816309,599,26685
24816309,24817220,911,28465
24817220,24818307,1087,184265
24818307,24819147,840,135824
24819147,24819956,809,122441
24819956,24821124,1168,126957
24821124,24821544,420,11049
24821544,24822068,524,61741
24822068,24822854,786,67857
24822854,24823909,1055,132300
24823909,24825214,1305,138074
24825214,24826482,1268,174953
24826482,24827596,1114,123998
24827596,24828775,1179,300208
24828775,24829932,1157,156718
24829932,24831012,1080,26895
24831012,24832128,1116,715
24832128,24833279,1151,109173
24833279,24834186,907,129979
24834186,24835426,1240,132499
24835426,24836659,1233,139752
24836659,24837822,1163,109173
24837822,24839135,1313,59167
24839135,24840236,1101,87791
24840236,24841349,1113,157243
24841349,24842497,1148,7894
24842497,24843489,992,112058
24843489,24844606,1117,274378
24844606,24844982,376,137739
24844982,24846013,1031,135221
24846013,24846964,951,131722
24846964,24848074,1110,119295
24848074,24849060,986,109507
24849060,24850025,965,123271
24850025,24851162,1137,262305
24851162,24852378,1216,106611
24852378,24853499,1121,130871
24853499,24854528,1029,296468
24854528,24855366,838,144503
24855366,24856259,893,6171
24856259,24857308,1049,60774
24857308,24858479,1171,224
24858479,24859752,1273,102238
24859752,24860915,1163,141642
24860915,24862132,1217,110243
24862132,24863031,899,65534
24863031,24864230,1199,139336
24864230,24864914,684,231836
24864914,24865946,1032,259009
24865946,24867201,1255,134119
24867201,24868155,954,94526
24868155,24869317,1162,86683
24869317,24870489,1172,5791
24870489,24871624,1135,104986
24871624,24872753,1129,160958
24872753,24873776,1023,139035
24873776,24874587,811,129396
24874587,24875646,1059,135657
24875646,24876141,495,174953
24876141,24876745,604,39661
24876745,24877831,1086,30591
24877831,24878581,750,121080
24878581,24879099,518,123013
24879099,24879478,379,275218
24879478,24880728,1250,125118
24880728,24881060,332,286306
24881060,24882167,1107,275127
24882167,24882980,813,163612
24882980,24883967,987,59175
24883967,24885056,1089,86741
24885056,24886277,1221,58868
24886277,24887447,1170,262291
24887447,24888612,1165,67860
24888612,24889149,537,46889
24889149,24890490,1341,107520
24890490,24891709,1219,55856
24891709,24891900,191,129066
24891900,24892484,584,78193
24892484,24893321,837,89894
24893321,24893831,510,6556
24893831,24895081,1250,139707
24895081,24896243,1162,258283
24896243,24897164,921,5911
24897164,24898165,1001,63111
24898165,24899101,936,295756
24899101,24900089,988,124587
24900089,24901153,1064,88363
24901153,24901536,383,7574
24901536,24902692,1156,109176
24902692,24903912,1220,122441
24903912,24905023,1111,142896
24905023,24905927,904,134785
24905927,24907076,1149,96151
24907076,24907405,329,149739
24907405,24908653,1248,140718
24908653,24909302,649,3586
24909302,24910438,1136,138488
24910438,24911430,992,128990
24911430,24912571,1141,182394
24912571,24913852,1281,156154
24913852,24914947,1095,121528
24914947,24916102,1155,56777
24916102,24917356,1254,12723
24917356,24918189,833,73728
24918189,24919405,1216,6541
24919405,24920376,971,139741
24920376,24921647,1271,231836
24921647,24922783,1136,58433
24922783,24923318,535,2503
24923318,24924072,754,114476
24924072,24925293,1221,146770
24925293,24926529,1236,141279
24926529,24927646,1117,144987
24927646,24928750,1104,4447
24928750,24929910,1160,64300
24929910,24931137,1227,158796
24931137,24932202,1065,17615
24932202,24933439,1237,127595
24933439,24934635,1196,13256
24934635,24935123,488,77361
24935123,24935958,835,57667
24935958,24937178,1220,291384
24937178,24938372,1194,55088
24938372,24939422,1050,153309
24939422,24939585,163,106366
24939585,24940499,914,126932
24940499,24941639,1140,10327
24941639,24942766,1127,144496
24942766,24943893,1127,126796
24943893,24945088,1195,123025
24945088,24945608,520,139336
24945608,24946836,1228,158081
24946836,24947799,963,65772
24947799,24948679,880,141135
24948679,24950026,1347,7884
24950026,24950747,721,18527
24950747,24952043,1296,161100
24952043,24953206,1163,149738
24953206,24953931,725,128136
24953931,24955058,1127,138043
24955058,24955379,321,26852
24955379,24956643,1264,102250
24956643,24957988,1345,279849
24957988,24959032,1044,131295
24959032,24960358,1326,36146
24960358,24961183,825,147627
24961183,24961437,254,279849
24961437,24962628,1191,1120
24962628,24963396,768,144496
24963396,24964071,675,147159
24964071,24965242,1171,147193
24965242,24966250,1008,12085
24966250,24967537,1287,110243
24967537,24968808,1271,131296
24968808,24969386,578,56179
24969386,24970283,897,40571
24970283,24971296,1013,76044
24971296,24972505,1209,71550
24972505,24973241,736,165428
24973241,24974093,852,67233
24974093,24975004,911,161226
24975004,24976124,1120,155151
24976124,24977486,1362,100043
24977486,24978283,797,161166
24978283,24979508,1225,58845
24979508,24980748,1240,12546
24980748,24981928,1180,9010
24981928,24983210,1282,73732
24983210,24983595,385,48032
24983595,24984941,1346,252342
24984941,24985358,417,176853
24985358,24986306,948,157263
24986306,24987454,1148,279229
24987454,24988166,712,9920
24988166,24989309,1143,129513
24989309,24990637,1328,245691
24990637,24991812,1175,157400
24991812,24992913,1101,27504
24992913,24993931,1018,62347
24993931,24995226,1295,19373
24995226,24996329,1103,296468
24996329,24997451,1122,23281
24997451,24998224,773,19376
24998224,24999400,1176,81859
24999400,25000616,1216,40544
25000616,25001876,1260,134785
25001876,25002601,725,11077
25002601,25003666,1065,75939
25003666,25004801,1135,147963
25004801,25005823,1022,157243
25005823,25006859,1036,12971
25006859,25007938,1079,231836
25007938,25009028,1090,101883
25009028,25010218,1190,1562
25010218,25011414,1196,68358
25011414,25012659,1245,244443
25012659,25013939,1280,147968
25013939,25015052,1113,101854
25015052,25016313,1261,130900
25016313,25017286,973,102526
25017286,25018421,1135,108620
25018421,25018731,310,276908
25018731,25019921,1190,7793
25019921,25021104,1183,132821
25021104,25021311,207,8927
25021311,25022428,1117,142848
25022428,25023502,1074,105398
25023502,25024227,725,161217
25024227,25025116,889,171139
25025116,25026184,1068,122828
25026184,25027225,1041,56174
25027225,25028433,1208,283228
25028433,25029574,1141,176853
25029574,25030211,637,39970
25030211,25031310,1099,129994
25031310,25032101,791,140651
25032101,25033325,1224,121766
25033325,25034621,1296,5791
25034621,25035856,1235,56179
25035856,25037051,1195,138290
25037051,25038355,1304,121085
25038355,25039546,1191,294697
25039546,25040382,836,46243
25040382,25041237,855,304535
25041237,25042214,977,46889
25042214,25042671,457,126410
25042671,25043798,1127,280380
25043798,25044623,825,157242
25044623,25045255,632,162239
25045255,25046269,1014,63101
25046269,25046856,587,56777
25046856,25048040,1184,11528
25048040,25049124,1084,696
25049124,25050271,1147,56174
25050271,25051316,1045,64291
25051316,25052543,1227,285135
25052543,25053753,1210,59175
25053753,25055008,1255,139741
25055008,25055962,954,140221
25055962,25057105,1143,108066
25057105,25058242,1137,294697
25058242,25059554,1312,285896
25059554,25060626,1072,99157
25060626,25061895,1269,124224
25061895,25063104,1209,185488
25063104,25064175,1071,139361
25064175,25065198,1023,112592
25065198,25066484,1286,35926
25066484,25067761,1277,72212
25067761,25068587,826,141242
25068587,25069800,1213,1119
25069800,25070981,1181,47032
25070981,25071998,1017,153964
25071998,25072986,988,123284
25072986,25074063,1077,64738
25074063,25075146,1083,135897
25075146,25076313,1167,104394
25076313,25077175,862,132300
25077175,25078108,933,129974
25078108,25079251,1143,139324
25079251,25080511,1260,47238
25080511,25081628,1117,3961
25081628,25082121,493,289242
25082121,25083324,1203,89390
25083324,25084286,962,175962
25084286,25085517,1231,134592
25085517,25086744,1227,159386
25086744,25087441,697,138631
25087441,25088442,1001,10702
25088442,25089750,1308,123443
25089750,25090350,600,70837
25090350,25091273,923,133220
25091273,25092481,1208,48513
25092481,25093746,1265,171139
25093746,25094945,1199,171138
25094945,25096175,1230,12545
25096175,25097263,1088,48361
25097263,25098467,1204,155151
25098467,25099536,1069,48362
25099536,25099885,349,129623
25099885,25101210,1325,122801
25101210,25102403,1193,150674
25102403,25103320,917,61776
25103320,25104492,1172,29092
25104492,25105459,967,14897
25105459,25106624,1165,19376
25106624,25106969,345,138032
25106969,25107739,770,131220
25107739,25108994,1255,48842
25108994,25110147,1153,13247
25110147,25111289,1142,164100
25111289,25112366,1077,92935
25112366,25113361,995,132882
25113361,25114596,1235,18527
25114596,25115789,1193,166436
25115789,25116928,1139,8592
25116928,25118033,1105,48032
25118033,25119107,1074,90847
25119107,25120146,1039,25951
25120146,25120411,265,155972
25120411,25121393,982,281472
25121393,25122005,612,104491
25122005,25123172,1167,175962
25123172,25124345,1173,86741
25124345,25125440,1095,1187
25125440,25126697,1257,11079
25126697,25127940,1243,121799
25127940,25129093,1153,130296
25129093,25129952,859,26872
25129952,25130879,927,143264
25130879,25132052,1173,130101
25132052,25132545,493,78193
25132545,25133136,591,274375
25133136,25134017,881,155973
25134017,25135084,1067,153958
25135084,25136365,1281,137589
25136365,25137580,1215,66166
25137580,25138442,862,300343
25138442,25139679,1237,121024
25139679,25140952,1273,268287
25140952,25141273,321,86732
25141273,25142237,964,134785
25142237,25143346,1109,132291
25143346,25144331,985,129587
25144331,25145429,1098,58433
25145429,25146649,1220,87791
25146649,25147861,1212,141571
25147861,25149217,1356,139612
25149217,25150101,884,130533
25150101,25151289,1188,133225
25151289,25152368,1079,246904
25152368,25153471,1103,131735
25153471,25154599,1128,39970
25154599,25155661,1062,254949
25155661,25155981,320,254949
25155981,25157222,1241,133220
25157222,25158279,1057,141320
25158279,25158441,162,284268
25158441,25159550,1109,131295
25159550,25160763,1213,142733
25160763,25162021,1258,69412
25162021,25163250,1229,170440
25163250,25164392,1142,84447
25164392,25165569,1177,121140
25165569,25166798,1229,9210
25166798,25168017,1219,282386
25168017,25169270,1253,138631
25169270,25170541,1271,183988
25170541,25171440,899,15305
25171440,25172016,576,278220
25172016,25173346,1330,139290
25173346,25174478,1132,184448
25174478,25175684,1206,130545
25175684,25176707,1023,142318
25176707,25177911,1204,71405
25177911,25178951,1040,96157
25178951,25180088,1137,147110
25180088,25180743,655,130125
25180743,25181945,1202,141644
25181945,25183125,1180,143264
25183125,25184324,1199,31097
25184324,25185547,1223,104394
25185547,25186797,1250,120583
25186797,25188012,1215,21493
25188012,25188928,916,135657
25188928,25189986,1058,2772
25189986,25190905,919,135657
25190905,25191271,366,128678
25191271,25192504,1233,56222
25192504,25193085,581,246889
25193085,25193505,420,153733
25193505,25194528,1023,128138
25194528,25195733,1205,187466
25195733,25197028,1295,145088
25197028,25198179,1151,65820
25198179,25198991,812,283462
25198991,25200053,1062,139397
25200053,25201270,1217,141642
25201270,25202340,1070,121413
25202340,25203547,1207,147971
25203547,25204742,1195,128990
25204742,25205883,1141,162130
25205883,25206958,1075,69550
25206958,25207764,806,5776
25207764,25208795,1031,10344
25208795,25209882,1087,258960
25209882,25211033,1151,275127
25211033,25212368,1335,94108
25212368,25212841,473,137589
25212841,25213932,1091,232057
25213932,25215113,1181,6525
25215113,25216411,1298,155968
25216411,25217587,1176,68358
25217587,25218132,545,126539
25218132,25218916,784,105168
25218916,25219965,1049,55856
25219965,25221211,1246,134176
25221211,25221440,229,129623
25221440,25222697,1257,102250
25222697,25223012,315,126965
25223012,25224212,1200,286306
25224212,25225347,1135,82020
25225347,25226554,1207,125147
25226554,25227142,588,32135
25227142,25228246,1104,12085
25228246,25229412,1166,175448
25229412,25230664,1252,62347
25230664,25231814,1150,126739
25231814,25233016,1202,276908
25233016,25234083,1067,67857
25234083,25235218,1135,126829
25235218,25235624,406,13364
25235624,25236762,1138,723
25236762,25237911,1149,152831
25237911,25239242,1331,143307
25239242,25239951,709,130103
25239951,25241058,1107,85685
25241058,25242268,1210,259009
25242268,25243531,1263,83708
25243531,25244532,1001,46243
25244532,25245057,525,140651
25245057,25246065,1008,121541
25246065,25247241,1176,104890
25247241,25248557,1316,132272
25248557,25249822,1265,158796
25249822,25251075,1253,140931
25251075,25252378,1303,6171
25252378,25252828,450,6557
25252828,25254098,1270,151817
25254098,25254447,349,137614
25254447,25255433,986,109185
25255433,25255776,343,121064
25255776,25256885,1109,73972
25256885,25257991,1106,92934
25257991,25258400,409,131218
25258400,25259572,1172,24514
25259572,25260741,1169,133442
25260741,25261272,531,86765
25261272,25261494,222,87997
25261494,25262651,1157,291101
25262651,25263874,1223,137770
25263874,25265065,1191,48579
25265065,25266189,1124,152864
25266189,25267190,1001,258250
25267190,25268286,1096,90850
25268286,25269469,1183,87508
25269469,25270692,1223,130993
25270692,25271952,1260,139361
25271952,25272856,904,132782
25272856,25273233,377,114452
25273233,25274329,1096,285896
25274329,25275402,1073,21393
25275402,25275799,397,101265
25275799,25276990,1191,45218
25276990,25278176,1186,126232
25278176,25279348,1172,139741
25279348,25280632,1284,185488
25280632,25281867,1235,123047
25281867,25283157,1290,61776
25283157,25284368,1211,90852
25284368,25285647,1279,131004
25285647,25286177,530,6557
25286177,25287228,1051,96498
25287228,25288352,1124,110706
25288352,25289525,1173,146111
25289525,25290681,1156,164327
25290681,25291505,824,135824
25291505,25292676,1171,118112
25292676,25293729,1053,87280
25293729,25294846,1117,166683
25294846,25295808,962,290923
25295808,25296828,1020,92930
25296828,25297774,946,168062
25297774,25298843,1069,44937
25298843,25300114,1271,244431
25300114,25301303,1189,67233
25301303,25302424,1121,125147
25302424,25302942,518,47541
25302942,25304213,1271,134991
25304213,25305345,1132,50778
25305345,25306620,1275,23295
25306620,25307668,1048,32856
25307668,25308959,1291,246932
25308959,25310084,1125,296468
25310084,25311286,1202,55202
25311286,25312378,1092,176680
25312378,25313611,1233,121799
25313611,25313885,274,22179
25313885,25315163,1278,141240
25315163,25316380,1217,107627
25316380,25317597,1217,110705
25317597,25318716,1119,128309
25318716,25319430,714,158074
25319430,25319801,371,101884
25319801,25320072,271,287671
25320072,25321297,1225,70919
25321297,25322405,1108,80690
25322405,25323343,938,131890
25323343,25324212,869,109174
25324212,25325340,1128,130532
25325340,25326615,1275,132864
25326615,25327742,1127,72927
25327742,25328939,1197,110127
25328939,25330192,1253,28868
25330192,25331430,1238,276735
25331430,25332499,1069,233382
25332499,25333512,1013,10822
25333512,25334493,981,32136
25334493,25335435,942,128990
25335435,25336500,1065,1536
25336500,25337700,1200,13269
25337700,25338985,1285,130164
25338985,25340031,1046,143005
25340031,25340238,207,129623
25340238,25341492,1254,75360
25341492,25342708,1216,6174
25342708,25343404,696,31609
25343404,25344544,1140,98644
25344544,25344783,239,5909
25344783,25346033,1250,36633
25346033,25346524,491,137628
25346524,25347596,1072,16632
25347596,25348919,1323,4479
25348919,25350029,1110,284435
25350029,25351172,1143,152282
25351172,25352323,1151,300047
25352323,25353615,1292,75365
25353615,25354223,608,162253
25354223,25355426,1203,363
25355426,25356617,1191,158816
25356617,25357715,1098,125128
25357715,25358537,822,6557
25358537,25358874,337,41259
25358874,25359858,984,145742
25359858,25361120,1262,12539
25361120,25362253,1133,134121
25362253,25363360,1107,294113
25363360,25364619,1259,140040
25364619,25365767,1148,50776
25365767,25366748,981,109663
25366748,25367778,1030,291718
25367778,25368928,1150,77361
25368928,25370192,1264,7622
25370192,25371330,1138,146123
25371330,25372256,926,120281
25372256,25373574,1318,126233
25373574,25374743,1169,129583
25374743,25375650,907,130878
25375650,25376869,1219,91801
25376869,25377845,976,258974
25377845,25379057,1212,184447
25379057,25380322,1265,121899
25380322,25381689,1367,139710
25381689,25382845,1156,178030
25382845,25384011,1166,283462
25384011,25385044,1033,108005
25385044,25386246,1202,26950
25386246,25387340,1094,149738
25387340,25388449,1109,139752
25388449,25389594,1145,129752
25389594,25389977,383,92002
25389977,25391075,1098,8674
25391075,25391994,919,32658
25391994,25393354,1360,90847
25393354,25394275,921,109663
25394275,25395358,1083,68359
25395358,25396323,965,282383
25396323,25397534,1211,279775
25397534,25398566,1032,12898
25398566,25398922,356,14929
25398922,25400227,1305,121127
25400227,25401318,1091,292604
25401318,25402463,1145,125140
25402463,25403255,792,72311
25403255,25403937,682,61323
25403937,25405050,1113,12085
25405050,25405885,835,48032
25405885,25407083,1198,74798
25407083,25407632,549,86679
25407632,25408860,1228,123285
25408860,25410135,1275,169291
25410135,25411195,1060,114971
25411195,25412548,1353,108640
25412548,25413777,1229,39515
25413777,25414850,1073,1189
25414850,25416119,1269,122806
25416119,25416706,587,12545
25416706,25417955,1249,26852
25417955,25419061,1106,105673
25419061,25419756,695,121891
25419756,25421028,1272,160953
25421028,25422339,1311,67233
25422339,25422706,367,220979
25422706,25423943,1237,144965
25423943,25425034,1091,75362
25425034,25425884,850,148522
25425884,25426157,273,86710
25426157,25427136,979,81870
25427136,25428207,1071,110522
25428207,25429485,1278,246948
25429485,25430400,915,141208
25430400,25431410,1010,398
25431410,25432556,1146,89940
25432556,25433746,1190,2503
25433746,25434446,700,131203
25434446,25435654,1208,120325
25435654,25436811,1157,4731
25436811,25437706,895,168497
25437706,25438950,1244,133471
25438950,25440186,1236,155944
25440186,25441471,1285,70756
25441471,25442656,1185,185457
25442656,25443832,1176,15082
25443832,25445100,1268,127597
25445100,25446328,1228,12118
25446328,25447219,891,89735
25447219,25448367,1148,14497
25448367,25449430,1063,59167
25449430,25449978,548,292138
25449978,25450430,452,117384
25450430,25451624,1194,83606
25451624,25452664,1040,143484
25452664,25453702,1038,29108
25453702,25453908,206,104890
25453908,25455128,1220,87791
25455128,25456329,1201,254918
25456329,25457508,1179,126220
25457508,25457710,202,73972
25457710,25458988,1278,112592
25458988,25460248,1260,88483
25460248,25460621,373,110705
25460621,25461732,1111,157088
25461732,25462054,322,64713
25462054,25463338,1284,59167
25463338,25464386,1048,5710
25464386,25465239,853,15307
25465239,25465756,517,131218
25465756,25466841,1085,278289
25466841,25467323,482,140654
25467323,25468546,1223,144021
25468546,25469781,1235,126955
25469781,25470869,1088,142896
25470869,25471935,1066,104483
25471935,25473164,1229,139324
25473164,25474310,1146,57180
25474310,25475580,1270,163527
25475580,25476784,1204,268287
25476784,25477887,1103,157480
25477887,25479034,1147,39477
25479034,25480295,1261,116804
25480295,25480603,308,149881
25480603,25480801,198,12926
25480801,25482007,1206,300208
25482007,25483297,1290,156738
25483297,25484485,1188,58193
25484485,25485330,845,84122
25485330,25486515,1185,152262
25486515,25487778,1263,128309
25487778,25488197,419,133263
25488197,25489287,1090,59175
25489287,25490495,1208,123285
25490495,25491735,1240,89388
25491735,25492756,1021,141791
25492756,25493946,1190,138113
25493946,25494584,638,280922
25494584,25495696,1112,116805
25495696,25496797,1101,109179
25496797,25497954,1157,130625
25497954,25499171,1217,287660
25499171,25500216,1045,129443
25500216,25501392,1176,262305
25501392,25502613,1221,246904
25502613,25503901,1288,144135
25503901,25504124,223,138032
25504124,25505295,1171,125002
25505295,25506302,1007,157057
25506302,25507010,708,121415
25507010,25507755,745,70843
25507755,25508423,668,283242
25508423,25509573,1150,138074
25509573,25510861,1288,157236
25510861,25511586,725,160593
25511586,25512794,1208,109185
25512794,25513389,595,157830
25513389,25514228,839,232057
25514228,25514825,597,130093
25514825,25515930,1105,363
25515930,25517029,1099,144135
25517029,25517620,591,106969
25517620,25518787,1167,142358
25518787,25519189,402,138901
25519189,25520366,1177,80534
25520366,25521581,1215,48848
25521581,25522809,1228,12539
25522809,25523131,322,220952
25523131,25524284,1153,88748
25524284,25525069,785,25951
25525069,25526316,1247,144986
25526316,25527619,1303,52088
25527619,25528294,675,129388
25528294,25529556,1262,32904
25529556,25530241,685,80197
25530241,25531318,1077,139355
25531318,25532515,1197,86043
25532515,25533504,989,161972
25533504,25534657,1153,286306
25534657,25535323,666,4733
25535323,25535937,614,11079
25535937,25536668,731,104979
25536668,25537538,870,135216
25537538,25538820,1282,129443
25538820,25540011,1191,15082
25540011,25540408,397,7591
25540408,25541734,1326,137483
25541734,25542674,940,141248
25542674,25543849,1175,291172
25543849,25545088,1239,165428
25545088,25545874,786,59268
25545874,25547129,1255,142733
25547129,25548046,917,133424
25548046,25549295,1249,275128
25549295,25550286,991,153958
25550286,25550733,447,47239
25550733,25551405,672,98876
25551405,25552654,1249,97610
25552654,25553688,1034,10701
25553688,25554811,1123,37999
25554811,25556086,1275,14929
25556086,25556980,894,31097
25556980,25557705,725,129597
25557705,25558862,1157,101832
25558862,25559617,755,95963
25559617,25560860,1243,93277
25560860,25561851,991,91902
25561851,25563039,1188,61743
25563039,25564278,1239,132073
25564278,25565411,1133,129325
25565411,25565864,453,117382
25565864,25566922,1058,139009
25566922,25567121,199,109656
25567121,25568268,1147,186230
25568268,25569547,1279,174960
25569547,25570835,1288,166423
25570835,25572097,1262,20410
25572097,25573225,1128,160187
25573225,25574377,1152,152224
25574377,25575600,1223,130900
25575600,25575832,232,106366
25575832,25577049,1217,156154
25577049,25577613,564,143321
25577613,25578379,766,138901
25578379,25579459,1080,166683
25579459,25579960,501,94876
25579960,25581169,1209,291107
25581169,25581755,586,8141
25581755,25583009,1254,124439
25583009,25584158,1149,2777
25584158,25585325,1167,97610
25585325,25586554,1229,44576
25586554,25587626,1072,131735
25587626,25588495,869,160187
25588495,25589694,1199,74797
25589694,25590881,1187,282977
25590881,25592113,1232,121069
25592113,25593095,982,13364
25593095,25594292,1197,25766
25594292,25595380,1088,130494
25595380,25596591,1211,245691
25596591,25597028,437,135220
25597028,25598289,1261,7887
25598289,25599524,1235,102240
25599524,25600830,1306,258970
25600830,25601945,1115,276908
25601945,25603096,1151,110243
25603096,25604271,1175,125001
25604271,25605359,1088,18527
25605359,25606615,1256,156159
25606615,25606815,200,138043
25606815,25607782,967,110742
25607782,25608950,1168,133630
25608950,25609895,945,53458
25609895,25611030,1135,14677
25611030,25611973,943,144019
25611973,25613092,1119,106800
25613092,25614344,1252,134830
25614344,25615008,664,41166
25615008,25616112,1104,64713
25616112,25617266,1154,122443
25617266,25617765,499,258970
25617765,25618578,813,24732
25618578,25619587,1009,163726
25619587,25620561,974,276730
25620561,25621519,958,12332
25621519,25622772,1253,52088
25622772,25623845,1073,59175
25623845,25624681,836,112061
25624681,25625628,947,5084
25625628,25626569,941,155968
25626569,25626930,361,98877
25626930,25627941,1011,157088
25627941,25628236,295,61316
25628236,25629468,1232,53342
25629468,25630534,1066,131276
25630534,25631510,976,232057
25631510,25632734,1224,48032
25632734,25633879,1145,133290
25633879,25635067,1188,6557
25635067,25636337,1270,134592
25636337,25636614,277,87766
25636614,25637377,763,44577
25637377,25638586,1209,87732
25638586,25639706,1120,293987
25639706,25640499,793,134420
25640499,25641434,935,134119
25641434,25642693,1259,123283
25642693,25643423,730,10327
25643423,25644377,954,76574
25644377,25645538,1161,296473
25645538,25646839,1301,121416
25646839,25648103,1264,48361
25648103,25649304,1201,129983
25649304,25650570,1266,108621
25650570,25651636,1066,29110
25651636,25652872,1236,134170
25652872,25653785,913,122801
25653785,25654916,1131,28247
25654916,25655972,1056,132882
25655972,25657142,1170,68888
25657142,25658328,1186,80534
25658328,25659473,1145,681
25659473,25660336,863,105168
25660336,25661458,1122,68192
25661458,25662677,1219,101276
25662677,25663990,1313,13364
25663990,25665076,1086,119253
25665076,25665844,768,112187
25665844,25667103,1259,130974
25667103,25668332,1229,104637
25668332,25669338,1006,141571
25669338,25670553,1215,44582
25670553,25670778,225,163527
25670778,25672020,1242,126408
25672020,25672471,451,14677
25672471,25673510,1039,131296
25673510,25674749,1239,101799
25674749,25675895,1146,14958
25675895,25676973,1078,121127
25676973,25678202,1229,121543
25678202,25679336,1134,135020
25679336,25679694,358,134451
25679694,25680823,1129,14958
25680823,25682152,1329,124368
25682152,25683269,1117,123882
25683269,25684265,996,95969
25684265,25685412,1147,276730
25685412,25686664,1252,126959
25686664,25687827,1163,27593
25687827,25689062,1235,282357
25689062,25689625,563,123998
25689625,25690760,1135,274378
25690760,25691445,685,87791
25691445,25692651,1206,112011
25692651,25693629,978,138032
25693629,25694075,446,175390
25694075,25694358,283,86732
25694358,25695505,1147,84357
25695505,25696522,1017,282357
25696522,25697598,1076,135220
25697598,25698652,1054,88007
25698652,25699801,1149,65820
25699801,25700844,1043,138486
25700844,25702047,1203,157400
25702047,25703264,1217,11077
25703264,25704032,768,258250
25704032,25705303,1271,73732
25705303,25706433,1130,186230
25706433,25707702,1269,35926
25707702,25708655,953,122827
25708655,25709894,1239,41170
25709894,25711146,1252,73073
25711146,25711979,833,12895
25711979,25712597,618,137588
25712597,25713646,1049,155646
25713646,25714741,1095,41911
25714741,25716008,1267,14976
25716008,25717251,1243,862
25717251,25718384,1133,110128
25718384,25719571,1187,148522
25719571,25720613,1042,274378
25720613,25721786,1173,88748
25721786,25722895,1109,62516
25722895,25723915,1020,25951
25723915,25725119,1204,155972
25725119,25725753,634,70756
25725753,25727018,1265,29012
25727018,25728227,1209,138656
25728227,25729473,1246,8674
25729473,25729996,523,141235
25729996,25731203,1207,147159
25731203,25732282,1079,44912
25732282,25733523,1241,122443
25733523,25734613,1090,128036
25734613,25735938,1325,142311
25735938,25737201,1263,130876
25737201,25738426,1225,138901
25738426,25738807,381,123271
25738807,25739995,1188,281131
25739995,25741258,1263,170976
25741258,25742482,1224,129317
25742482,25743542,1060,90852
25743542,25744886,1344,60801
25744886,25746134,1248,55202
25746134,25746751,617,26553
25746751,25747995,1244,89390
25747995,25749336,1341,143893
25749336,25750202,866,4861
25750202,25751343,1141,131735
25751343,25751871,528,134717
25751871,25752783,912,274376
25752783,25753816,1033,133471
25753816,25755005,1189,157088
25755005,25756121,1116,149033
25756121,25756710,589,30119
25756710,25757877,1167,31091
25757877,25759054,1177,122614
25759054,25760055,1001,258993
25760055,25761179,1124,144496
25761179,25762308,1129,61780
25762308,25763430,1122,284424
25763430,25764163,733,258959
25764163,25765078,915,98644
25765078,25766437,1359,281471
25766437,25767442,1005,44575
25767442,25768519,1077,16632
25768519,25769820,1301,92420
25769820,25770220,400,121799
25770220,25771344,1124,84010
25771344,25772387,1043,138488
25772387,25773380,993,3582
25773380,25774567,1187,68361
25774567,25775598,1031,18524
25775598,25776030,432,135762
25776030,25777309,1279,143005
25777309,25778428,1119,278217
25778428,25779678,1250,295446
25779678,25780674,996,296159
25780674,25781927,1253,397
25781927,25783070,1143,300343
25783070,25784188,1118,291107
25784188,25785220,1032,125883
25785220,25786520,1300,156963
25786520,25787487,967,128138
25787487,25788592,1105,283138
25788592,25788817,225,134981
25788817,25789931,1114,104986
25789931,25791158,1227,101884
25791158,25792374,1216,133212
25792374,25793418,1044,76973
25793418,25794674,1256,143307
25794674,25795664,990,133395
25795664,25796802,1138,126945
25796802,25797847,1045,141208
25797847,25799027,1180,133273
25799027,25800109,1082,128309
25800109,25801179,1070,110061
25801179,25802262,1083,132499
25802262,25803212,950,105390
25803212,25804219,1007,96672
25804219,25805523,1304,145145
25805523,25806819,1296,160958
25806819,25807981,1162,59288
25807981,25808832,851,131742
25808832,25809982,1150,147159
25809982,25811001,1019,126296
25811001,25812068,1067,106800
25812068,25812611,543,126600
25812611,25812865,254,10347
25812865,25813983,1118,258986
25813983,25815037,1054,156720
25815037,25816131,1094,53638
25816131,25817055,924,56778
25817055,25818164,1109,124526
25818164,25819388,1224,4145
25819388,25820481,1093,70843
25820481,25821588,1107,156963
25821588,25822697,1109,29091
25822697,25823940,1243,76974
25823940,25824872,932,273050
25824872,25826030,1158,171108
25826030,25826981,951,127732
25826981,25827388,407,91801
25827388,25828543,1155,300047
25828543,25828974,431,28868
25828974,25830135,1161,259009
25830135,25831247,1112,290363
25831247,25832502,1255,141208
25832502,25833640,1138,86026
25833640,25834061,421,132717
25834061,25835200,1139,93470
25835200,25835485,285,129752
25835485,25836648,1163,140639
25836648,25837919,1271,105383
25837919,25839088,1169,123866
25839088,25840255,1167,130529
25840255,25840818,563,167597
25840818,25842050,1232,141713
25842050,25843117,1067,136458
25843117,25844114,997,135033
25844114,25845328,1214,135657
25845328,25846501,1173,158074
25846501,25847763,1262,154838
25847763,25849009,1246,126302
25849009,25850221,1212,86043
25850221,25850686,465,134160
25850686,25851799,1113,132882
25851799,25853102,1303,89735
25853102,25854441,1339,109658
25854441,25855728,1287,126959
25855728,25856989,1261,246904
25856989,25858245,1256,105383
25858245,25859351,1106,147159
25859351,25859566,215,178449
25859566,25860578,1012,291107
25860578,25861837,1259,258960
25861837,25863026,1189,34501
25863026,25864295,1269,135221
25864295,25865362,1067,104391
25865362,25866413,1051,88086
25866413,25866671,258,131732
25866671,25867180,509,66465
25867180,25868348,1168,121543
25868348,25869525,1177,109658
25869525,25870774,1249,5084
25870774,25871929,1155,143893
25871929,25872967,1038,9321
25872967,25874058,1091,160952
25874058,25874501,443,163322
25874501,25875685,1184,66622
25875685,25876000,315,39648
25876000,25877187,1187,4731
25877187,25878380,1193,289242
25878380,25879374,994,95441
25879374,25879984,610,233366
25879984,25880288,304,186230
25880288,25881420,1132,724
25881420,25882549,1129,131003
25882549,25882958,409,140072
25882958,25884049,1091,178748
25884049,25885316,1267,74797
25885316,25885697,381,9174
25885697,25886991,1294,9210
25886991,25888219,1228,99124
25888219,25889451,1232,140040
25889451,25890591,1140,163612
25890591,25891475,884,125882
25891475,25892708,1233,109662
25892708,25893174,466,296395
25893174,25893869,695,131882
25893869,25894483,614,157054
25894483,25895663,1180,131735
25895663,25896937,1274,129393
25896937,25897512,575,121446
25897512,25898798,1286,89898
25898798,25899701,903,133630
25899701,25900973,1272,160188
25900973,25901776,803,123135
25901776,25902704,928,83606
25902704,25903745,1041,300234
25903745,25904437,692,723
25904437,25905618,1181,12085
25905618,25906877,1259,284424
25906877,25908044,1167,108638
25908044,25909207,1163,128345
25909207,25910294,1087,290365
25910294,25910490,196,47541
25910490,25911486,996,131113
25911486,25912539,1053,129597
25912539,25913097,558,26872
25913097,25913490,393,30593
25913490,25914349,859,176853
25914349,25915576,1227,168626
25915576,25916771,1195,109173
25916771,25917719,948,77779
25917719,25918911,1192,129582
25918911,25919971,1060,132499
25919971,25921061,1090,133220
25921061,25922144,1083,2301
25922144,25923164,1020,122441
25923164,25923489,325,135762
25923489,25924650,1161,96157
25924650,25925885,1235,96168
25925885,25927005,1120,11528
25927005,25928240,1235,134316
25928240,25929484,1244,122863
25929484,25930367,883,10674
25930367,25930831,464,9210
25930831,25931328,497,278289
25931328,25931515,187,12546
25931515,25932626,1111,216563
25932626,25933653,1027,141279
25933653,25934221,568,93277
25934221,25935453,1232,8912
25935453,25936587,1134,185125
25936587,25937716,1129,10344
25937716,25938688,972,142858
25938688,25940056,1368,139612
25940056,25941053,997,70753
25941053,25942092,1039,284428
25942092,25943309,1217,16003
25943309,25943909,600,48579
25943909,25945014,1105,163597
25945014,25945887,873,107621
25945887,25947095,1208,121799
25947095,25948108,1013,51163
25948108,25949369,1261,157400
25949369,25950429,1060,140718
25950429,25951554,1125,141208
25951554,25952113,559,11049
25952113,25953284,1171,280922
25953284,25954382,1098,98644
25954382,25955540,1158,64738
25955540,25956129,589,234106
25956129,25956479,350,121541
25956479,25957350,871,76574
25957350,25957930,580,163505
25957930,25959112,1182,187018
25959112,25960326,1214,696
25960326,25961336,1010,71402
25961336,25962525,1189,133212
25962525,25963714,1189,5084
25963714,25964730,1016,126539
25964730,25965959,1229,163612
25965959,25966318,359,19366
25966318,25967391,1073,29090
25967391,25968606,1215,19376
25968606,25969601,995,110128
25969601,25970754,1153,12332
25970754,25971959,1205,157088
25971959,25973164,1205,35926
25973164,25974462,1298,91072
25974462,25975631,1169,70756
25975631,25976875,1244,163518
25976875,25977821,946,149245
25977821,25979047,1226,17942
25979047,25980243,1196,136483
25980243,25980892,649,14936
25980892,25981836,944,105171
25981836,25983049,1213,362
25983049,25983276,227,138656
25983276,25984424,1148,28465
25984424,25985752,1328,30105
25985752,25986995,1243,122863
25986995,25988080,1085,126410
25988080,25989151,1071,135216
25989151,25990399,1248,14976
25990399,25991473,1074,126945
25991473,25992106,633,130093
25992106,25993176,1070,123167
25993176,25994057,881,121331
25994057,25995282,1225,127731
25995282,25996205,923,112057
25996205,25997348,1143,145700
25997348,25997820,472,123500
25997820,25998004,184,62850
25998004,25999251,1247,89388
25999251,26000232,981,67200
26000232,26001367,1135,10674
26001367,26002553,1186,150127
26002553,26003670,1117,275127
26003670,26004956,1286,298549
26004956,26006071,1115,139355
26006071,26007253,1182,125118
26007253,26008477,1224,11528
26008477,26009462,985,66184
26009462,26010723,1261,110054
26010723,26011952,1229,11079
26011952,26012983,1031,59167
26012983,26014275,1292,39501
26014275,26014576,301,296395
26014576,26015714,1138,116804
26015714,26017007,1293,122809
26017007,26017478,471,72207
26017478,26018721,1243,92806
26018721,26020012,1291,3587
26020012,26021269,1257,143477
26021269,26022419,1150,143262
26022419,26023720,1301,65554
26023720,26024876,1156,274549
26024876,26025726,850,139009
26025726,26026870,1144,282926
26026870,26028120,1250,7622
26028120,26029290,1170,67218
26029290,26030627,1337,64956
26030627,26031598,971,85685
26031598,26032788,1190,64298
26032788,26034023,1235,161226
26034023,26034968,945,296465
26034968,26036002,1034,4136
26036002,26037233,1231,95963
26037233,26038288,1055,12085
26038288,26039378,1090,123500
26039378,26040620,1242,184266
26040620,26041833,1213,10172
26041833,26042009,176,157066
26042009,26043260,1251,12544
26043260,26044482,1222,145701
26044482,26045681,1199,281132
26045681,26046885,1204,185488
26046885,26047352,467,26987
26047352,26048476,1124,125127
26048476,26049339,863,130727
26049339,26050516,1177,161972
26050516,26051659,1143,123283
26051659,26052642,983,46890
26052642,26053018,376,290350
26053018,26053931,913,140725
26053931,26055199,1268,86679
26055199,26055923,724,139741
26055923,26057065,1142,121392
26057065,26058277,1212,46889
26058277,26059081,804,142311
26059081,26060040,959,138033
26060040,26061267,1227,135762
26061267,26062108,841,59288
26062108,26063267,1159,149738
26063267,26064479,1212,282385
26064479,26065799,1320,139752
26065799,26066884,1085,132291
26066884,26068085,1201,122828
26068085,26069278,1193,280250
26069278,26070508,1230,131106
26070508,26071684,1176,91072
26071684,26072425,741,65772
26072425,26073679,1254,113272
26073679,26074236,557,139336
26074236,26075407,1171,106974
26075407,26076575,1168,18527
26076575,26077712,1137,281471
26077712,26078479,767,133442
26078479,26079729,1250,72927
26079729,26080038,309,129393
26080038,26081263,1225,130296
26081263,26082432,1169,293987
26082432,26082571,139,132891
26082571,26083548,977,140651
26083548,26084579,1031,176683
26084579,26085552,973,128990
26085552,26086737,1185,216563
26086737,26087465,728,140041
26087465,26088761,1296,170452
26088761,26089747,986,109663
26089747,26090875,1128,126233
26090875,26091574,699,132848
26091574,26092829,1255,157400
26092829,26093870,1041,126539
26093870,26095031,1161,156230
26095031,26096051,1020,138617
26096051,26097214,1163,64290
26097214,26098358,1144,258974
26098358,26098665,307,130994
26098665,26099738,1073,61776
26099738,26100465,727,111754
26100465,26101600,1135,142318
26101600,26102628,1028,132848
26102628,26103365,737,155520
26103365,26104652,1287,149735
26104652,26105803,1151,8674
26105803,26106853,1050,121085
26106853,26108116,1263,136861
26108116,26108432,316,160592
26108432,26109511,1079,15307
26109511,26109780,269,131220
26109780,26110909,1129,121416
26110909,26111977,1068,64708
26111977,26113144,1167,110705
26113144,26114389,1245,128331
26114389,26115514,1125,170212
26115514,26116389,875,6557
26116389,26117427,1038,291107
26117427,26118549,1122,131751
26118549,26119530,981,234106
26119530,26120661,1131,28247
26120661,26121778,1117,142279
26121778,26121983,205,121741
26121983,26123262,1279,279775
26123262,26124362,1100,69607
26124362,26124775,413,104978
26124775,26126023,1248,80690
26126023,26126908,885,129752
26126908,26128199,1291,132776
26128199,26129428,1229,131296
26129428,26130085,657,135249
26130085,26131228,1143,16802
26131228,26132479,1251,126480
26132479,26133593,1114,15081
26133593,26134634,1041,36633
26134634,26135937,1303,13185
26135937,26137161,1224,254948
26137161,26138379,1218,3967
26138379,26139542,1163,126220
26139542,26139988,446,101276
26139988,26141111,1123,11049
26141111,26142268,1157,186232
26142268,26143404,1136,39967
26143404,26144650,1246,147159
26144650,26145871,1221,115687
26145871,26146673,802,15446
26146673,26147661,988,149033
26147661,26148900,1239,89735
26148900,26150012,1112,53343
26150012,26151192,1180,135580
26151192,26152436,1244,13250
26152436,26152847,411,123192
26152847,26154041,1194,142279
26154041,26155253,1212,39481
26155253,26156319,1066,79973
26156319,26156662,343,129388
26156662,26157194,532,274379
26157194,26158283,1089,88086
26158283,26159489,1206,125951
26159489,26160687,1198,34478
26160687,26161924,1237,32886
26161924,26163183,1259,26947
26163183,26164364,1181,12898
26164364,26165719,1355,140221
26165719,26166961,1242,101276
26166961,26168194,1233,56778
26168194,26169461,1267,90850
26169461,26170469,1008,125084
26170469,26171656,1187,147173
26171656,26172608,952,104886
26172608,26172864,256,167023
26172864,26174005,1141,130105
26174005,26175119,1114,18006
26175119,26176121,1002,157858
26176121,26177358,1237,155968
26177358,26178595,1237,216563
26178595,26179478,883,7894
26179478,26181311,1833,13270
26181311,26182499,1188,39971
26182499,26183652,1153,11079
26183652,26184757,1105,284444
26184757,26186005,1248,15446
26186005,26186208,203,122827
26186208,26187457,1249,64708
26187457,26188403,946,289453
26188403,26189670,1267,155944
26189670,26190903,1233,71404
26190903,26192242,1339,102232
26192242,26193209,967,11546
26193209,26194121,912,245708
26194121,26195214,1093,48362
26195214,26195599,385,86026
26195599,26196063,464,105390
26196063,26197110,1047,167597
26197110,26198203,1093,293531
26198203,26199222,1019,300047
26199222,26199959,737,126577
26199959,26201131,1172,6176
26201131,26202305,1174,143005
26202305,26203335,1030,104888
26203335,26204616,1281,126410
26204616,26204943,327,18524
26204943,26205250,307,69411
26205250,26206091,841,254949
26206091,26207316,1225,92930
26207316,26208125,809,11612
26208125,26209256,1131,286306
26209256,26210330,1074,135892
26210330,26211414,1084,134707
26211414,26212645,1231,110238
26212645,26213766,1121,5911
26213766,26214221,455,122944
26214221,26214972,751,138888
26214972,26215649,677,258263
26215649,26216982,1333,169656
26216982,26218137,1155,121799
26218137,26219303,1166,126955
26219303,26219623,320,11533
26219623,26220792,1169,284444
26220792,26221892,1100,122806
26221892,26223055,1163,73295
26223055,26224192,1137,715
26224192,26224586,394,28465
26224586,26225759,1173,102381
26225759,26226712,953,1536
26226712,26227854,1142,681
26227854,26229105,1251,92935
26229105,26229870,765,160592
26229870,26231107,1237,130125
26231107,26232060,953,133396
26232060,26232942,882,125945
26232942,26233188,246,126945
26233188,26234335,1147,110061
26234335,26235526,1191,134148
26235526,26236669,1143,102381
26236669,26237810,1141,30593
26237810,26238691,881,129583
26238691,26239820,1129,92805
26239820,26240934,1114,108621
26240934,26242006,1072,31097
26242006,26242192,186,163402
26242192,26243245,1053,123049
26243245,26244484,1239,142279
26244484,26245605,1121,63713
26245605,26246950,1345,134170
26246950,26247585,635,861
26247585,26248743,1158,132592
26248743,26249915,1172,31097
26249915,26250969,1054,284445
26250969,26252126,1157,129974
26252126,26253316,1190,4145
26253316,26254509,1193,57837
26254509,26254684,175,74798
26254684,26254821,137,121720
26254821,26255642,821,39749
26255642,26256653,1011,54006
26256653,26257872,1219,122810
26257872,26258969,1097,8689
26258969,26260164,1195,88086
26260164,26261235,1071,107627
26261235,26262493,1258,276730
26262493,26263476,983,81859
26263476,26264607,1131,157236
26264607,26265848,1241,123049
26265848,26267097,1249,282386
26267097,26268362,1265,131003
26268362,26269656,1294,30591
26269656,26270953,1297,140222
26270953,26271946,993,150469
26271946,26273039,1093,284444
26273039,26274229,1190,127696
26274229,26275304,1075,105574
26275304,26276560,1256,112056
26276560,26277707,1147,132592
26277707,26278929,1222,101265
26278929,26279889,960,9914
26279889,26281215,1326,95875
26281215,26282341,1126,73847
26282341,26282867,526,12118
26282867,26284067,1200,160958
26284067,26284868,801,126947
26284868,26286106,1238,6398
26286106,26286820,714,121331
26286820,26287910,1090,46889
26287910,26289253,1343,76974
26289253,26289481,228,135020
26289481,26290640,1159,290363
26290640,26291573,933,129396
26291573,26292743,1170,39970
26292743,26293840,1097,28375
26293840,26294871,1031,121413
26294871,26296214,1343,72311
26296214,26297293,1079,14936
26297293,26298221,928,108005
26298221,26299426,1205,64290
26299426,26300491,1065,41166
26300491,26300853,362,112058
26300853,26302079,1226,107517
26302079,26303242,1163,110706
26303242,26304509,1267,291374
26304509,26305039,530,62558
26305039,26306064,1025,276730
26306064,26307103,1039,5710
26307103,26308010,907,177641
26308010,26309253,1243,87732
26309253,26310242,989,88086
26310242,26311539,1297,13364
26311539,26312827,1288,22574
26312827,26314091,1264,149245
26314091,26315292,1201,143005
26315292,26316328,1036,126410
26316328,26317435,1107,5911
26317435,26318614,1179,139387
26318614,26319965,1351,112057
26319965,26321002,1037,156968
26321002,26321735,733,114256
26321735,26322864,1129,143307
26322864,26324116,1252,64588
26324116,26325433,1317,39660
26325433,26326660,1227,139356
26326660,26327804,1144,231838
26327804,26328563,759,139742
26328563,26329376,813,39481
26329376,26329685,309,171137
26329685,26330462,777,280380
26330462,26330877,415,134434
26330877,26332124,1247,258986
26332124,26333336,1212,100431
26333336,26334483,1147,2503
26334483,26335665,1182,126945
26335665,26336667,1002,67858
26336667,26337622,955,34501
26337622,26338574,952,142744
26338574,26339855,1281,64956
26339855,26341015,1160,5757
26341015,26342136,1121,126312
26342136,26343388,1252,115047
26343388,26344502,1114,135227
26344502,26345815,1313,131742
26345815,26346744,929,158074
26346744,26347955,1211,39840
26347955,26349102,1147,96168
26349102,26350340,1238,157861
26350340,26351019,679,55856
26351019,26352144,1125,121669
26352144,26353320,1176,13185
26353320,26354482,1162,104391
26354482,26355507,1025,148312
26355507,26356632,1125,9210
26356632,26357844,1212,10801
26357844,26359036,1192,135894
26359036,26360201,1165,160984
26360201,26360505,304,130093
26360505,26361594,1089,21393
26361594,26362681,1087,89880
26362681,26363968,1287,132800
26363968,26364456,488,92427
26364456,26365724,1268,53342
26365724,26366901,1177,143271
26366901,26367411,510,187466
26367411,26367766,355,108640
26367766,26368645,879,70998
26368645,26369026,381,128660
26369026,26370204,1178,63105
26370204,26371257,1053,107517
26371257,26372287,1030,121661
26372287,26373120,833,46889
26373120,26374043,923,135220
26374043,26374933,890,130989
26374933,26376190,1257,56174
26376190,26377489,1299,20410
26377489,26377967,478,291953
26377967,26379216,1249,140639
26379216,26380484,1268,13250
26380484,26381686,1202,137483
26381686,26382839,1153,131732
26382839,26383914,1075,5083
26383914,26385134,1220,25563
26385134,26386210,1076,106366
26386210,26387494,1284,6175
26387494,26388209,715,275212
26388209,26389406,1197,140071
26389406,26390013,607,132530
26390013,26390592,579,141209
26390592,26391918,1326,6506
26391918,26393085,1167,62558
26393085,26394119,1034,62347
26394119,26395168,1049,130164
26395168,26396288,1120,231836
26396288,26397484,1196,92002
26397484,26398780,1296,48377
26398780,26400035,1255,129317
26400035,26401305,1270,101283
26401305,26402474,1169,6498
26402474,26403553,1079,184266
26403553,26403878,325,109658
26403878,26404426,548,6174
26404426,26405535,1109,132272
26405535,26406609,1074,287671
26406609,26407683,1074,8157
26407683,26408012,329,131203
26408012,26408999,987,130569
26408999,26410010,1011,44937
26410010,26411234,1224,109173
26411234,26412479,1245,66465
26412479,26413048,569,131722
26413048,26413956,908,144496
26413956,26414496,540,47239
26414496,26415532,1036,298549
26415532,26416456,924,76044
26416456,26416873,417,129752
26416873,26418212,1339,29012
26418212,26418472,260,275147
26418472,26419744,1272,279852
26419744,26420825,1081,39913
26420825,26422060,1235,187005
26422060,26422601,541,163505
26422601,26423658,1057,123285
26423658,26424120,462,117866
26424120,26424521,401,155152
26424521,26425391,870,101265
26425391,26426509,1118,124994
26426509,26427764,1255,183239
26427764,26428822,1058,164327
26428822,26430085,1263,127731
26430085,26430820,735,134451
26430820,26431919,1099,80656
26431919,26433000,1081,101289
26433000,26433262,262,30593
26433262,26434444,1182,121446
26434444,26434841,397,13185
26434841,26436059,1218,126220
26436059,26437004,945,39910
26437004,26438197,1193,53342
26438197,26438976,779,105171
26438976,26440099,1123,71405
26440099,26441272,1173,126955
26441272,26441780,508,124002
26441780,26442792,1012,58763
26442792,26443834,1042,66185
26443834,26444959,1125,137483
26444959,26445226,267,37092
26445226,26446375,1149,73729
26446375,26447603,1228,131256
26447603,26448836,1233,24758
26448836,26449309,473,106366
26449309,26450284,975,121799
26450284,26451547,1263,87766
26451547,26452468,921,124999
26452468,26453689,1221,129325
26453689,26453878,189,134674
26453878,26454958,1080,131295
26454958,26455972,1014,121392
26455972,26456158,186,121661
26456158,26457276,1118,39501
26457276,26457772,496,81870
26457772,26458831,1059,67584
26458831,26460064,1233,129597
26460064,26461303,1239,171133
26461303,26462530,1227,129581
26462530,26463540,1010,245687
26463540,26464696,1156,160984
26464696,26465826,1130,130627
26465826,26466470,644,142824
26466470,26467643,1173,39749
26467643,26468093,450,122944
26468093,26469144,1051,88367
26469144,26470295,1151,187023
26470295,26471491,1196,39648
26471491,26472755,1264,125883
26472755,26473010,255,125084
26473010,26473936,926,102381
26473936,26475229,1293,153958
26475229,26476550,1321,156757
26476550,26477468,918,182394
26477468,26478646,1178,181420
26478646,26479801,1155,104398
26479801,26481051,1250,121416
26481051,26482281,1230,86026
26482281,26483561,1280,142896
26483561,26484135,574,84349
26484135,26485286,1151,5083
26485286,26486096,810,158744
26486096,26487386,1290,117866
26487386,26488673,1287,10089
26488673,26489676,1003,140041
26489676,26490915,1239,147963
26490915,26492096,1181,138901
26492096,26493425,1329,138042
26493425,26494635,1210,148962
26494635,26495534,899,304541
26495534,26496811,1277,286306
26496811,26498015,1204,293987
26498015,26499239,1224,44582
26499239,26500432,1193,10089
26500432,26500881,449,128660
26500881,26501993,1112,138486
26501993,26503222,1229,155520
26503222,26504316,1094,122944
26504316,26505161,845,81843
26505161,26505357,196,126600
26505357,26505799,442,231834
26505799,26506488,689,104491
26506488,26507713,1225,276907
26507713,26508131,418,8927
26508131,26509089,958,10642
26509089,26509688,599,12545
26509688,26510869,1181,160953
26510869,26511727,858,285135
26511727,26512995,1268,68369
26512995,26513286,291,10347
26513286,26513527,241,696
26513527,26514682,1155,39967
26514682,26514823,141,140651
26514823,26515926,1103,4275
26515926,26517255,1329,176698
26517255,26518605,1350,128345
26518605,26519296,691,129805
26519296,26520530,1234,168500
26520530,26521809,1279,144503
26521809,26523110,1301,92202
26523110,26523352,242,130625
26523352,26524594,1242,135832
26524594,26524814,220,176853
26524814,26526117,1303,123715
26526117,26526922,805,122467
26526922,26527935,1013,121413
26527935,26529109,1174,121085
26529109,26530200,1091,48842
26530200,26531309,1109,291608
26531309,26532417,1108,156474
26532417,26532923,506,61316
26532923,26533807,884,176683
26533807,26534995,1188,32904
26534995,26536187,1192,147990
26536187,26537500,1313,139325
26537500,26537809,309,86026
26537809,26539056,1247,78885
26539056,26540267,1211,122451
26540267,26541570,1303,104986
26541570,26542641,1071,395
26542641,26543917,1276,121140
26543917,26545104,1187,159371
26545104,26546295,1191,156963
26546295,26547464,1169,141721
26547464,26548634,1170,14677
26548634,26549586,952,30106
26549586,26550300,714,130131
26550300,26551332,1032,862
26551332,26552502,1170,286306
26552502,26553735,1233,14653
26553735,26554956,1221,149033
26554956,26555716,760,61316
26555716,26556929,1213,130755
26556929,26558067,1138,114452
26558067,26559204,1137,129064
26559204,26560442,1238,121907
26560442,26561758,1316,41614
26561758,26562261,503,22178
26562261,26563067,806,135897
26563067,26564096,1029,285137
26564096,26565228,1132,158744
26565228,26565894,666,39910
26565894,26566906,1012,129583
26566906,26568077,1171,92814
26568077,26568770,693,145733
26568770,26569748,978,7894
26569748,26570974,1226,84010
26570974,26572248,1274,106367
26572248,26573221,973,16632
26573221,26574107,886,143625
26574107,26575160,1053,127525
26575160,26576163,1003,101580
26576163,26577359,1196,121766
26577359,26578561,1202,134451
26578561,26579501,940,15081
26579501,26580681,1180,298549
26580681,26580928,247,96175
26580928,26582021,1093,292252
26582021,26583098,1077,153731
26583098,26584303,1205,131218
26584303,26585274,971,117382
26585274,26586428,1154,102240
26586428,26587283,855,304535
26587283,26587937,654,126929
26587937,26589081,1144,10988
26589081,26590405,1324,144999
26590405,26591642,1237,276735
26591642,26592876,1234,139324
26592876,26594122,1246,138043
26594122,26595361,1239,149791
26595361,26596471,1110,121064
26596471,26597633,1162,142752
26597633,26598649,1016,39475
26598649,26599819,1170,54613
26599819,26601133,1314,12971
26601133,26602241,1108,101276
26602241,26603447,1206,125127
26603447,26604574,1127,92930
26604574,26605791,1217,291608
26605791,26607045,1254,126312
26607045,26607875,830,125001
26607875,26609027,1152,130977
26609027,26610229,1202,118128
26610229,26611030,801,174992
26611030,26612199,1169,11512
26612199,26613431,1232,234100
26613431,26614617,1186,144135
26614617,26615866,1249,6398
26615866,26617175,1309,275147
26617175,26618233,1058,124439
26618233,26619395,1162,150843
26619395,26620636,1241,172165
26620636,26621795,1159,280922
26621795,26622138,343,22178
26622138,26623203,1065,82020
26623203,26624264,1061,11258
26624264,26625448,1184,136458
26625448,26626675,1227,49755
26626675,26627586,911,84448
26627586,26628030,444,121730
26628030,26629041,1011,141148
26629041,26630357,1316,155968
26630357,26631356,999,18524
26631356,26632358,1002,144503
26632358,26633491,1133,44586
26633491,26634586,1095,142362
26634586,26635680,1094,15307
26635680,26636075,395,156967
26636075,26637103,1028,276732
26637103,26638286,1183,156718
26638286,26639588,1302,123998
26639588,26640831,1243,294697
26640831,26641067,236,141208
26641067,26642198,1131,131899
26642198,26642919,721,136280
26642919,26643896,977,119295
26643896,26644968,1072,92820
26644968,26646095,1127,157400
26646095,26647334,1239,154838
26647334,26648494,1160,290365
26648494,26649814,1320,140718
26649814,26650943,1129,105398
26650943,26651804,861,95441
26651804,26652415,611,32137
26652415,26653524,1109,176698
26653524,26654550,1026,123267
26654550,26655858,1308,106367
26655858,26656968,1110,127696
26656968,26658133,1165,149738
26658133,26659192,1059,148521
26659192,26660441,1249,287660
26660441,26661654,1213,4861
26661654,26662905,1251,170438
26662905,26664123,1218,153728
26664123,26664489,366,90852
26664489,26665730,1241,281188
26665730,26666698,968,28375
26666698,26667888,1190,149798
26667888,26668137,249,220952
26668137,26669412,1275,84448
26669412,26670697,1285,92934
26670697,26671778,1081,54487
26671778,26672805,1027,6525
26672805,26674023,1218,62516
26674023,26675194,1171,282926
26675194,26676026,832,150843
26676026,26677127,1101,131256
26677127,26678412,1285,177638
26678412,26678900,488,141721
26678900,26679934,1034,140639
26679934,26681041,1107,10673
26681041,26682184,1143,134789
26682184,26682467,283,7239
26682467,26682776,309,126965
26682776,26683745,969,271812
26683745,26684837,1092,83633
26684837,26685830,993,58845
26685830,26686991,1161,131113
26686991,26688209,1218,2777
26688209,26689008,799,1539
26689008,26690190,1182,6498
26690190,26691401,1211,28380
26691401,26692569,1168,291718
26692569,26693692,1123,126232
26693692,26694825,1133,16002
26694825,26695908,1083,123268
26695908,26696128,220,157066
26696128,26696390,262,173591
26696390,26697535,1145,139612
26697535,26698574,1039,135216
26698574,26699422,848,11535
26699422,26700130,708,216570
26700130,26700503,373,170453
26700503,26701724,1221,24731
26701724,26702690,966,39967
26702690,26703269,579,294113
26703269,26704483,1214,134312
26704483,26705505,1022,140931
26705505,26706790,1285,150843
26706790,26707498,708,279153
26707498,26708422,924,139358
26708422,26709519,1097,258266
26709519,26709733,214,129623
26709733,26710858,1125,130127
26710858,26711415,557,129623
26711415,26712502,1087,74797
26712502,26712830,328,65554
26712830,26713917,1087,66184
26713917,26714570,653,94526
26714570,26714834,264,3961
26714834,26715332,498,101258
26715332,26715780,448,14526
26715780,26716847,1067,1133
26716847,26717818,971,5703
26717818,26719043,1225,83606
26719043,26720338,1295,133442
26720338,26721515,1177,80690
26721515,26722697,1182,756
26722697,26723940,1243,134991
26723940,26725183,1243,262305
26725183,26725910,727,81870
26725910,26726337,427,182394
26726337,26727608,1271,122467
26727608,26728130,522,134786
26728130,26729301,1171,133447
26729301,26730364,1063,11049
26730364,26731485,1121,117384
26731485,26732574,1089,162667
26732574,26732919,345,102381
26732919,26733875,956,115046
26733875,26735082,1207,10172
26735082,26736323,1241,157236
26736323,26737256,933,40571
26737256,26738569,1313,57179
26738569,26739648,1079,137589
26739648,26740152,504,53342
26740152,26741207,1055,186230
26741207,26742487,1280,29090
26742487,26743542,1055,21493
26743542,26744037,495,26947
26744037,26744796,759,62851
26744796,26745982,1186,271812
26745982,26747185,1203,122467
26747185,26747675,490,126221
26747675,26748797,1122,67233
26748797,26749772,975,129752
26749772,26751039,1267,102232
26751039,26751495,456,19366
26751495,26752498,1003,291101
26752498,26753793,1295,84010
26753793,26754976,1183,2301
26754976,26756167,1191,290363
26756167,26757072,905,155968
26757072,26758113,1041,48513
26758113,26759129,1016,64290
26759129,26760319,1190,14013
26760319,26760734,415,149939
26760734,26762033,1299,148522
26762033,26763316,1283,366
26763316,26764584,1268,126945
26764584,26765637,1053,26951
26765637,26766856,1219,137141
26766856,26768064,1208,54667
26768064,26769274,1210,262291
26769274,26770088,814,79973
26770088,26770542,454,7239
26770542,26771710,1168,69411
26771710,26772961,1251,82020
26772961,26774036,1075,9010
26774036,26775176,1140,124439
26775176,26776295,1119,290047
26776295,26777442,1147,141644
26777442,26777819,377,64292
26777819,26778482,663,89880
26778482,26779636,1154,147110
26779636,26780933,1297,149245
26780933,26782122,1189,150915
26782122,26783196,1074,62851
26783196,26783836,640,4275
26783836,26784814,978,150127
26784814,26786088,1274,117382
26786088,26787223,1135,292253
26787223,26788456,1233,101864
26788456,26789652,1196,149880
26789652,26790884,1232,129752
26790884,26792136,1252,130296
26792136,26793380,1244,7591
26793380,26793689,309,290363
26793689,26794901,1212,109185
26794901,26795186,285,47541
26795186,26796276,1090,5416
26796276,26796629,353,68773
26796629,26797849,1220,48579
26797849,26799008,1159,81859
26799008,26800083,1075,134170
26800083,26801227,1144,105390
26801227,26801831,604,138074
26801831,26802874,1043,29090
26802874,26804181,1307,131113
26804181,26805373,1192,245708
26805373,26806554,1181,149798
26806554,26807805,1251,139707
26807805,26808976,1171,101883
26808976,26810240,1264,283462
26810240,26811239,999,39913
26811239,26811681,442,126233
26811681,26812882,1201,157236
26812882,26814124,1242,157400
26814124,26814428,304,15446
26814428,26815475,1047,143264
26815475,26816559,1084,104886
26816559,26817732,1173,102232
26817732,26818393,661,4662
26818393,26818907,514,245687
26818907,26820107,1200,25563
26820107,26821388,1281,131295
26821388,26822261,873,18006
26822261,26823432,1171,132291
26823432,26824497,1065,129974
26824497,26825619,1122,156155
26825619,26826743,1124,101580
26826743,26827924,1181,715
26827924,26829065,1141,123163
26829065,26829290,225,111961
26829290,26829914,624,254949
26829914,26831134,1220,163527
26831134,26831867,733,128761
26831867,26832170,303,143625
26832170,26833348,1178,126539
26833348,26834089,741,135580
26834089,26835269,1180,274558
26835269,26836314,1045,758
26836314,26837285,971,157644
26837285,26838499,1214,302000
26838499,26839756,1257,73848
26839756,26840840,1084,182402
26840840,26842100,1260,170438
26842100,26843356,1256,135220
26843356,26843914,558,70837
26843914,26845096,1182,129752
26845096,26846343,1247,21393
26846343,26846654,311,176660
26846654,26847860,1206,138042
26847860,26848467,607,182402
26848467,26849454,987,104391
26849454,26850721,1267,101864
26850721,26851910,1189,121541
26851910,26853073,1163,58192
26853073,26853780,707,184448
26853780,26854962,1182,97610
26854962,26856085,1123,124003
26856085,26856813,728,7793
26856813,26857234,421,129393
26857234,26857967,733,97593
26857967,26859259,1292,29120
26859259,26860369,1110,144135
26860369,26861589,1220,171133
26861589,26862836,1247,138289
26862836,26863062,226,121392
26863062,26864349,1287,756
26864349,26865446,1097,101262
26865446,26866433,987,271812
26866433,26867100,667,64738
26867100,26868366,1266,170950
26868366,26869383,1017,110131
26869383,26870611,1228,11243
26870611,26871883,1272,75362
26871883,26872550,667,139009
26872550,26873296,746,106370
26873296,26874447,1151,110742
26874447,26875723,1276,4275
26875723,26876936,1213,127691
26876936,26878193,1257,121024
26878193,26878602,409,126292
26878602,26879455,853,254948
26879455,26880755,1300,395
26880755,26881025,270,130486
26881025,26882223,1198,124368
26882223,26883071,848,8912
26883071,26884324,1253,10801
26884324,26885591,1267,110238
26885591,26886848,1257,121415
26886848,26887875,1027,124999
26887875,26889110,1235,173591
26889110,26889521,411,148993
26889521,26890679,1158,11734
26890679,26891933,1254,127525
26891933,26893076,1143,174132
26893076,26894268,1192,162253
26894268,26895456,1188,156159
26895456,26896573,1117,139733
26896573,26897812,1239,121730
26897812,26898301,489,137141
26898301,26898533,232,75791
26898533,26899650,1117,83706
26899650,26900881,1231,122627
26900881,26902009,1128,126209
26902009,26903272,1263,168198
26903272,26904222,950,126408
26904222,26904789,567,128991
26904789,26905770,981,174132
26905770,26906954,1184,137614
26906954,26907381,427,89880
26907381,26908254,873,183988
26908254,26909200,946,55927
26909200,26910287,1087,126410
26910287,26911484,1197,87547
26911484,26912731,1247,157400
26912731,26913667,936,46267
26913667,26914793,1126,69607
26914793,26915099,306,161100
26915099,26915997,898,48032
26915997,26917138,1141,7622
26917138,26918091,953,132705
26918091,26918917,826,16003
26918917,26919998,1081,128991
26919998,26921221,1223,160188
26921221,26922430,1209,139742
26922430,26922926,496,12538
26922926,26923363,437,78193
26923363,26924505,1142,132717
26924505,26925294,789,39475
26925294,26925698,404,157636
26925698,26926753,1055,10988
26926753,26927993,1240,131732
26927993,26928968,975,281471
26928968,26930257,1289,131256
26930257,26930642,385,110128
26930642,26931848,1206,109507
26931848,26932728,880,175448
26932728,26933799,1071,132821
26933799,26934978,1179,157400
26934978,26936181,1203,182402
26936181,26937196,1015,133395
26937196,26938450,1254,133290
26938450,26939633,1183,245687
26939633,26940717,1084,245707
26940717,26941834,1117,29101
26941834,26943049,1215,156757
26943049,26944116,1067,130493
26944116,26945221,1105,93277
26945221,26945580,359,164328
26945580,26946695,1115,67592
26946695,26947151,456,13185
26947151,26948156,1005,139291
26948156,26949385,1229,7944
26949385,26950634,1249,155646
26950634,26951613,979,158781
26951613,26952237,624,10344
26952237,26953344,1107,126209
26953344,26954182,838,245708
26954182,26955329,1147,111961
26955329,26956613,1284,110054
26956613,26957626,1013,122614
26957626,26958969,1343,39501
26958969,26960229,1260,167609
26960229,26961505,1276,6506
26961505,26962599,1094,104890
26962599,26963814,1215,126965
26963814,26965015,1201,70919
26965015,26966204,1189,174953
26966204,26966495,291,40571
26966495,26966672,177,129393
26966672,26967855,1183,293663
26967855,26968647,792,14960
26968647,26969972,1325,22178
26969972,26971203,1231,10701
26971203,26972261,1058,5416
26972261,26973578,1317,143948
26973578,26974650,1072,95969
26974650,26975158,508,121730
26975158,26976353,1195,53342
26976353,26977526,1173,20034
26977526,26978370,844,132705
26978370,26979129,759,138042
26979129,26980189,1060,131735
26980189,26981433,1244,145733
26981433,26981834,401,137739
26981834,26982681,847,104717
26982681,26983806,1125,118128
26983806,26985019,1213,76055
26985019,26986066,1047,12971
26986066,26987252,1186,127936
26987252,26988410,1158,107487
26988410,26989595,1185,30119
26989595,26990773,1178,245687
26990773,26991919,1146,126220
26991919,26993206,1287,7884
26993206,26994514,1308,160958
26994514,26995511,997,4733
26995511,26996608,1097,39970
26996608,26997079,471,278217
26997079,26998108,1029,139707
26998108,26999235,1127,140067
26999235,27000442,1207,137588
27000442,27001707,1265,127518
27001707,27002728,1021,130125
27002728,27003725,997,171133
27003725,27004934,1209,124224
27004934,27006244,1310,126312
27006244,27007340,1096,121541
27007340,27007740,400,165702
27007740,27008932,1192,135580
27008932,27009842,910,42637
27009842,27011044,1202,122810
27011044,27011249,205,156738
27011249,27012396,1147,101265
27012396,27012876,480,8890
27012876,27013782,906,22179
27013782,27015157,1375,9210
27015157,27016411,1254,25766
27016411,27017089,678,1188
27017089,27017848,759,116797
27017848,27019077,1229,98880
27019077,27020239,1162,91902
27020239,27021224,985,112593
27021224,27022240,1016,89735
27022240,27023452,1212,59175
27023452,27024793,1341,145700
27024793,27025653,860,67592
27025653,27026456,803,283228
27026456,27027635,1179,131003
27027635,27028653,1018,98878
27028653,27029781,1128,279363
27029781,27031053,1272,28384
27031053,27032196,1143,185126
27032196,27033322,1126,177234
27033322,27034261,939,26894
27034261,27035209,948,152825
27035209,27036448,1239,73958
27036448,27037747,1299,142362
27037747,27038851,1104,121799
27038851,27039113,262,88761
27039113,27040246,1133,185125
27040246,27041095,849,134804
27041095,27041925,830,132891
27041925,27043138,1213,177234
27043138,27044331,1193,149880
27044331,27045204,873,89735
27045204,27046349,1145,88363
27046349,27047344,995,141279
27047344,27048383,1039,128345
27048383,27049581,1198,71405
27049581,27050491,910,75939
27050491,27051476,985,158816
27051476,27052622,1146,285896
27052622,27053872,1250,11547
27053872,27055035,1163,10673
27055035,27056117,1082,245708
27056117,27057320,1203,126796
27057320,27058547,1227,123191
27058547,27059873,1326,105390
27059873,27060091,218,14013
27060091,27060821,730,184265
27060821,27061859,1038,121528
27061859,27062958,1099,143521
27062958,27063971,1013,39840
27063971,27065156,1185,124520
27065156,27066105,949,46889
27066105,27066927,822,142311
27066927,27068020,1093,158781
27068020,27068367,347,168638
27068367,27069559,1192,293663
27069559,27070716,1157,130975
27070716,27071768,1052,125002
27071768,27072982,1214,4861
27072982,27074221,1239,171109
27074221,27075443,1222,123715
27075443,27076576,1133,144496
27076576,27077821,1245,26872
27077821,27078930,1109,67858
27078930,27079961,1031,132499
27079961,27081079,1118,50777
27081079,27082220,1141,715
27082220,27083492,1272,8141
27083492,27084571,1079,110238
27084571,27085592,1021,282383
27085592,27086671,1079,246904
27086671,27087766,1095,161101
27087766,27089015,1249,11079
27089015,27090227,1212,128345
27090227,27091512,1285,278228
27091512,27092662,1150,240992
27092662,27093821,1159,130227
27093821,27095009,1188,26852
27095009,27095218,209,137154
27095218,27096422,1204,168626
27096422,27097643,1221,141571
27097643,27097962,319,128633
27097962,27099146,1184,72212
27099146,27100338,1192,131030
27100338,27101539,1201,117095
27101539,27102520,981,258283
27102520,27102729,209,48032
27102729,27104010,1281,86683
27104010,27105153,1143,7622
27105153,27106387,1234,110061
27106387,27107532,1145,66470
27107532,27108716,1184,63841
27108716,27109464,748,31603
27109464,27110630,1166,143946
27110630,27111816,1186,122545
27111816,27113096,1280,279852
27113096,27114091,995,130545
27114091,27115033,942,139035
27115033,27115998,965,130544
27115998,27116903,905,19585
27116903,27118117,1214,135580
27118117,27119235,1118,143893
27119235,27120395,1160,95441
27120395,27121157,762,64974
27121157,27122392,1235,131751
27122392,27123673,1281,54016
27123673,27124841,1168,65534
27124841,27125588,747,7741
27125588,27126871,1283,77782
27126871,27128076,1205,92934
27128076,27129100,1024,81859
27129100,27130371,1271,159371
27130371,27131509,1138,12103
27131509,27132490,981,126208
27132490,27133662,1172,278220
27133662,27133955,293,155520
27133955,27135236,1281,8890
27135236,27136489,1253,55927
27136489,27137614,1125,57179
27137614,27138632,1018,130533
27138632,27139479,847,98645
27139479,27140644,1165,85685
27140644,27141691,1047,138063
27141691,27142964,1273,41259
27142964,27143944,980,184447
27143944,27144997,1053,155948
27144997,27146291,1294,134312
27146291,27147558,1267,107627
27147558,27148791,1233,142858
27148791,27149779,988,109663
27149779,27150641,862,35926
27150641,27151688,1047,157861
27151688,27152665,977,98876
27152665,27153538,873,133227
27153538,27154589,1051,134451
27154589,27155874,1285,75807
27155874,27157058,1184,79973
27157058,27158306,1248,8140
27158306,27159561,1255,182402
27159561,27160674,1113,129597
27160674,27161743,1069,123285
27161743,27162993,1250,163384
27162993,27163956,963,8157
27163956,27164690,734,142318
27164690,27165917,1227,134451
27165917,27167100,1183,147971
27167100,27168194,1094,139361
27168194,27169369,1175,58843
27169369,27170605,1236,162239
27170605,27171692,1087,155152
27171692,27172921,1229,101832
27172921,27173396,475,258283
27173396,27174463,1067,295197
27174463,27174864,401,19376
27174864,27175158,294,7239
27175158,27176227,1069,16632
27176227,27177302,1075,163505
27177302,27177831,529,232057
27177831,27179034,1203,102250
27179034,27179792,758,279775
27179792,27181017,1225,129393
27181017,27182088,1071,291718
27182088,27183366,1278,283242
27183366,27184549,1183,134451
27184549,27185434,885,302000
27185434,27186692,1258,158744
27186692,27187501,809,133290
27187501,27188330,829,135580
27188330,27189469,1139,275147
27189469,27190485,1016,105673
27190485,27191756,1271,86741
27191756,27192655,899,65534
27192655,27193942,1287,136983
27193942,27195087,1145,91072
27195087,27195699,612,186230
27195699,27197000,1301,116804
27197000,27198203,1203,132069
27198203,27199304,1101,153964
27199304,27199713,409,9919
27199713,27200763,1050,185125
27200763,27201193,430,3967
27201193,27202474,1281,132601
27202474,27203487,1013,126739
27203487,27204563,1076,83696
27204563,27205523,960,132499
27205523,27206691,1168,80192
27206691,27206908,217,126959
27206908,27207990,1082,57179
27207990,27209241,1251,862
27209241,27210562,1321,295710
27210562,27211576,1014,220979
27211576,27212658,1082,96672
27212658,27213882,1224,126945
27213882,27214974,1092,78885
27214974,27215689,715,126739
27215689,27216849,1160,14936
27216849,27217152,303,32658
27217152,27218243,1091,76055
27218243,27219122,879,110054
27219122,27220317,1195,146346
27220317,27221009,692,59175
27221009,27221607,598,135762
27221607,27222709,1102,129325
27222709,27223778,1069,126965
27223778,27224551,773,141209
27224551,27224900,349,63111
27224900,27226137,1237,185485
27226137,27227413,1276,14672
27227413,27228647,1234,89940
27228647,27229923,1276,131722
27229923,27231052,1129,26982
27231052,27232292,1240,104888
27232292,27232413,121,129393
27232413,27233348,935,64290
27233348,27234501,1153,156720
27234501,27235143,642,83607
27235143,27236161,1018,108640
27236161,27237356,1195,56777
27237356,27238517,1161,142279
27238517,27239550,1033,54016
27239550,27240675,1125,126826
27240675,27241856,1181,140222
27241856,27242896,1040,124003
27242896,27243721,825,121069
27243721,27244792,1071,85685
27244792,27245091,299,9210
27245091,27245338,247,147110
27245338,27246666,1328,131722
27246666,27247807,1141,174953
27247807,27249062,1255,129582
27249062,27250003,941,73075
27250003,27251178,1175,73972
27251178,27252278,1100,144485
27252278,27253092,814,150915
27253092,27254441,1349,147627
27254441,27255498,1057,185074
27255498,27255921,423,150916
27255921,27256604,683,99249
27256604,27257534,930,271817
27257534,27258723,1189,136054
27258723,27259678,955,98645
27259678,27260816,1138,1560
27260816,27262046,1230,153309
27262046,27262359,313,59268
27262359,27262906,547,86732
27262906,27263875,969,86741
27263875,27264994,1119,126832
27264994,27266022,1028,43306
27266022,27266284,262,126794
27266284,27266976,692,105394
27266976,27268201,1225,12723
27268201,27269219,1018,143005
27269219,27270328,1109,83607
27270328,27271616,1288,289453
27271616,27272939,1323,5341
27272939,27273788,849,293987
27273788,27274751,963,143005
27274751,27275975,1224,163527
27275975,27277250,1275,295197
27277250,27278514,1264,109173
27278514,27279782,1268,157400
27279782,27280991,1209,132291
27280991,27281981,990,41610
27281981,27283180,1199,67584
27283180,27284257,1077,141148
27284257,27285540,1283,67218
27285540,27286073,533,300047
27286073,27287163,1090,121799
27287163,27288250,1087,127732
27288250,27289292,1042,172165
27289292,27290552,1260,70843
27290552,27290832,280,70753
27290832,27292177,1345,282383
27292177,27293439,1262,32886
27293439,27294332,893,139387
27294332,27294805,473,284269
27294805,27295421,616,101799
27295421,27296747,1326,155968
27296747,27297642,895,132782
27297642,27297938,296,44912
27297938,27299167,1229,144485
27299167,27300112,945,1562
27300112,27301436,1324,66176
27301436,27302513,1077,54006
27302513,27303415,902,20410
27303415,27304452,1037,108621
27304452,27304638,186,104890
27304638,27305566,928,70756
27305566,27306562,996,86732
27306562,27306823,261,121799
27306823,27308174,1351,129752
27308174,27309216,1042,95969
27309216,27309862,646,123191
27309862,27311025,1163,48830
27311025,27312104,1079,163597
27312104,27313316,1212,64290
27313316,27314527,1211,7887
27314527,27315399,872,110238
27315399,27316632,1233,98644
27316632,27317592,960,56222
27317592,27318273,681,366
27318273,27319285,1012,122801
27319285,27320350,1065,184264
27320350,27321705,1355,86588
27321705,27322636,931,147989
27322636,27323800,1164,34572
27323800,27324819,1019,121446
27324819,27325799,980,134981
27325799,27327027,1228,8890
27327027,27328184,1157,128991
27328184,27329233,1049,365
27329233,27329712,479,3587
27329712,27330787,1075,295445
27330787,27331802,1015,5341
27331802,27332387,585,163381
27332387,27333395,1008,156017
27333395,27334284,889,46267
27334284,27335549,1265,156724
27335549,27336540,991,67863
27336540,27337799,1259,9920
27337799,27338781,982,102232
27338781,27339961,1180,158796
27339961,27341200,1239,30591
27341200,27341717,517,121068
27341717,27342747,1030,13185
27342747,27343806,1059,32658
27343806,27344202,396,13269
27344202,27345111,909,140222
27345111,27346255,1144,156968
27346255,27347403,1148,92820
27347403,27348513,1110,72212
27348513,27348938,425,8684
27348938,27349172,234,48579
27349172,27349562,390,54659
27349562,27350799,1237,291953
27350799,27352047,1248,101854
27352047,27353306,1259,287139
27353306,27354071,765,18533
27354071,27354781,710,141240
27354781,27355891,1110,861
27355891,27356884,993,41166
27356884,27358192,1308,124520
27358192,27359300,1108,135657
27359300,27360319,1019,88089
27360319,27361402,1083,123215
27361402,27362623,1221,86026
27362623,27363742,1119,109174
27363742,27364915,1173,133471
27364915,27366116,1201,164187
27366116,27367322,1206,143477
27367322,27368395,1073,161166
27368395,27369414,1019,131722
27369414,27370667,1253,149890
27370667,27370937,270,139336
27370937,27372236,1299,14960
27372236,27372737,501,293663
27372737,27373665,928,128633
27373665,27374492,827,140725
27374492,27375701,1209,14497
27375701,27376744,1043,117095
27376744,27377871,1127,274380
27377871,27379091,1220,121382
27379091,27380372,1281,65772
27380372,27381503,1131,13364
27381503,27382584,1081,156738
27382584,27383726,1142,9919
27383726,27385027,1301,48362
27385027,27386180,1153,5083
27386180,27387415,1235,135635
27387415,27388655,1240,156154
27388655,27389864,1209,176256
27389864,27390682,818,150916
27390682,27391963,1281,28384
27391963,27392940,977,10642
27392940,27393793,853,54487
27393793,27394964,1171,3961
27394964,27395767,803,259009
27395767,27397029,1262,6176
27397029,27398318,1289,279856
27398318,27399568,1250,136458
27399568,27400903,1335,122443
27400903,27401922,1019,136280
27401922,27403231,1309,246889
27403231,27404091,860,135892
27404091,27404741,650,70753
27404741,27406015,1274,123163
27406015,27407126,1111,57831
27407126,27408242,1116,187006
27408242,27408518,276,170951
27408518,27409631,1113,57156
27409631,27410803,1172,1129
27410803,27411864,1061,39661
27411864,27413165,1301,157830
27413165,27413552,387,142848
27413552,27414752,1200,124164
27414752,27415875,1123,31609
27415875,27416393,518,284268
27416393,27417659,1266,163402
27417659,27418248,589,282926
27418248,27419400,1152,130993
27419400,27420312,912,140725
27420312,27421464,1152,56179
27421464,27422668,1204,187466
27422668,27423844,1176,26894
27423844,27425018,1174,61316
27425018,27426132,1114,187023
27426132,27427390,1258,6556
27427390,27428564,1174,123191
27428564,27429053,489,61356
27429053,27430260,1207,19371
27430260,27431523,1263,135892
27431523,27432031,508,64708
27432031,27433237,1206,57667
27433237,27434323,1086,77779
27434323,27435518,1195,160187
27435518,27436691,1173,2772
27436691,27437944,1253,291107
27437944,27438979,1035,133290
27438979,27440159,1180,129011
27440159,27441420,1261,155973
27441420,27441885,465,166683
27441885,27443020,1135,89390
27443020,27444115,1095,224
27444115,27445430,1315,5757
27445430,27446554,1124,262291
27446554,27447683,1129,283462
27447683,27448965,1282,4861
27448965,27449950,985,104717
27449950,27451134,1184,162129
27451134,27452361,1227,119253
27452361,27453512,1151,159386
27453512,27454721,1209,52088
27454721,27455936,1215,66184
27455936,27456851,915,155968
27456851,27457602,751,128631
27457602,27458868,1266,121392
27458868,27459214,346,758
27459214,27460255,1041,135891
27460255,27461332,1077,185466
27461332,27462671,1339,96151
27462671,27463633,962,145699
27463633,27465009,1376,756
27465009,27466291,1282,131704
27466291,27467420,1129,131228
27467420,27467989,569,54666
27467989,27469174,1185,144496
27469174,27470349,1175,278217
27470349,27471644,1295,273050
27471644,27472236,592,14013
27472236,27473077,841,10798
27473077,27473992,915,295445
27473992,27475241,1249,87508
27475241,27476364,1123,244431
27476364,27477312,948,72311
27477312,27478443,1131,37090
27478443,27478981,538,104606
27478981,27480144,1163,126296
27480144,27481024,880,75362
27481024,27482327,1303,149939
27482327,27483110,783,130127
27483110,27484181,1071,140718
27484181,27485387,1206,110706
27485387,27486020,633,132782
27486020,27487081,1061,98880
27487081,27488358,1277,138113
27488358,27489560,1202,141279
27489560,27490668,1108,140040
27490668,27491989,1321,39913
27491989,27492772,783,164188
27492772,27493319,547,182402
27493319,27494417,1098,163612
27494417,27495539,1122,17942
27495539,27496777,1238,135020
27496777,27497840,1063,130549
27497840,27499051,1211,133440
27499051,27500268,1217,107520
27500268,27501445,1177,126292
27501445,27502479,1034,715
27502479,27503642,1163,105398
27503642,27504316,674,134786
27504316,27505261,945,137614
27505261,27506369,1108,294120
27506369,27507358,989,143022
27507358,27507741,383,137588
27507741,27508946,1205,132532
27508946,27510219,1273,67218
27510219,27511351,1132,132707
27511351,27512453,1102,108005
27512453,27513642,1189,5703
27513642,27514805,1163,109174
27514805,27515860,1055,48830
27515860,27516190,330,141208
27516190,27517355,1165,158816
27517355,27518394,1039,147045
27518394,27519199,805,126829
27519199,27520491,1292,39501
27520491,27521732,1241,139710
27521732,27522767,1035,80665
27522767,27522992,225,270778
27522992,27524312,1320,148529
27524312,27525360,1048,135249
27525360,27526565,1205,44937
27526565,27527527,962,129587
27527527,27528406,879,7884
27528406,27529634,1228,170212
27529634,27530721,1087,122827
27530721,27531804,1083,56840
27531804,27533115,1311,1733
27533115,27534116,1001,126739
27534116,27535169,1053,110742
27535169,27536432,1263,290351
27536432,27537626,1194,141721
27537626,27538686,1060,155968
27538686,27539850,1164,123059
27539850,27541136,1286,169293
27541136,27541695,559,61741
27541695,27542803,1108,142733
27542803,27543825,1022,21498
27543825,27544920,1095,13256
27544920,27546171,1251,131003
27546171,27547275,1104,80690
27547275,27548568,1293,160953
27548568,27549785,1217,61781
27549785,27550942,1157,129623
27550942,27552171,1229,123866
27552171,27553318,1147,60801
27553318,27554142,824,141613
27554142,27555428,1286,138042
27555428,27556623,1195,129396
27556623,27557831,1208,130728
27557831,27559014,1183,1562
27559014,27560002,988,5416
27560002,27561056,1054,31603
27561056,27562251,1195,16632
27562251,27562641,390,102381
27562641,27563964,1323,163612
27563964,27565199,1235,134170
27565199,27566436,1237,27504
27566436,27567517,1081,137770
27567517,27567872,355,46267
27567872,27569093,1221,127732
27569093,27570036,943,86765
27570036,27571147,1111,301693
27571147,27572171,1024,94523
27572171,27573286,1115,48362
27573286,27574383,1097,104979
27574383,27575584,1201,278220
27575584,27576809,1225,31629
27576809,27578078,1269,291101
27578078,27579251,1173,76574
27579251,27580014,763,102381
27580014,27580459,445,121130
27580459,27581724,1265,287660
27581724,27582680,956,121085
27582680,27583687,1007,138043
27583687,27584825,1138,139742
27584825,27586022,1197,68344
27586022,27587067,1045,131259
27587067,27588316,1249,157636
27588316,27588961,645,276730
27588961,27590038,1077,28380
27590038,27591239,1201,54487
27591239,27592276,1037,99157
27592276,27593409,1133,130516
27593409,27594574,1165,4479
27594574,27595668,1094,39967
27595668,27596886,1218,113336
27596886,27598032,1146,131722
27598032,27599033,1001,142363
27599033,27599574,541,230928
27599574,27600781,1207,167609
27600781,27601936,1155,125127
27601936,27602793,857,73728
27602793,27603988,1195,104398
27603988,27605158,1170,32637
27605158,27606340,1182,134825
27606340,27607492,1152,291101
27607492,27608787,1295,108640
27608787,27609842,1055,154697
27609842,27610595,753,123882
27610595,27611700,1105,62851
27611700,27612705,1005,105405
27612705,27614003,1298,277898
27614003,27615260,1257,292138
27615260,27616575,1315,130900
27616575,27617508,933,130878
27617508,27618666,1158,135657
27618666,27619776,1110,137004
27619776,27620115,339,281132
27620115,27621232,1117,121543
27621232,27622346,1114,69607
27622346,27622991,645,290363
27622991,27624230,1239,123048
27624230,27625378,1148,6397
27625378,27626583,1205,185125
27626583,27627691,1108,298549
27627691,27628907,1216,31091
27628907,27629909,1002,32886
27629909,27630832,923,176853
27630832,27632192,1360,107486
27632192,27633389,1197,14897
27633389,27634084,695,129805
27634084,27635290,1206,132568
27635290,27636408,1118,9210
27636408,27637251,843,282934
27637251,27638494,1243,13248
27638494,27639728,1234,296473
27639728,27640838,1110,133227
27640838,27641297,459,129587
27641297,27642493,1196,6175
27642493,27643077,584,26895
27643077,27644284,1207,157243
27644284,27645335,1051,300225
27645335,27646590,1255,4145
27646590,27647002,412,285137
27647002,27647480,478,77782
27647480,27648748,1268,126208
27648748,27649953,1205,112592
27649953,27650439,486,153731
27650439,27651588,1149,14672
27651588,27651943,355,121720
27651943,27652224,281,143946
27652224,27653500,1276,44937
27653500,27654766,1266,141613
27654766,27656007,1241,128633
27656007,27657261,1254,133395
27657261,27658379,1118,31603
27658379,27659607,1228,293959
27659607,27660674,1067,102238
27660674,27661895,1221,116797
27661895,27663152,1257,131294
27663152,27664198,1046,187005
27664198,27665428,1230,160188
27665428,27666414,986,117899
27666414,27667653,1239,10327
27667653,27668902,1249,14936
27668902,27670185,1283,6556
27670185,27671461,1276,122810
27671461,27672726,1265,136271
27672726,27673962,1236,20410
27673962,27674450,488,276730
27674450,27674696,246,134789
27674696,27675731,1035,122614
27675731,27676902,1171,133471
27676902,27678178,1276,130569
27678178,27679318,1140,80534
27679318,27680567,1249,136861
27680567,27681519,952,142320
27681519,27682740,1221,12707
27682740,27683996,1256,71402
27683996,27685065,1069,107480
27685065,27686256,1191,30119
27686256,27687049,793,291101
27687049,27688109,1060,95441
27688109,27689013,904,13270
27689013,27690249,1236,123602
27690249,27691350,1101,142279
27691350,27692411,1061,129597
27692411,27693374,963,301693
27693374,27694514,1140,129396
27694514,27695721,1207,116804
27695721,27696799,1078,124224
27696799,27697368,569,240992
27697368,27698391,1023,156757
27698391,27698622,231,105405
27698622,27699259,637,284435
27699259,27699969,710,280380
27699969,27701108,1139,123192
27701108,27702351,1243,126577
27702351,27703552,1201,58192
27703552,27704657,1105,124002
27704657,27705807,1150,105179
27705807,27706904,1097,258283
27706904,27707235,331,124990
27707235,27708506,1271,71405
27708506,27709532,1026,12898
27709532,27710656,1124,35926
27710656,27711858,1202,216564
27711858,27712994,1136,66464
27712994,27714163,1169,10642
27714163,27714428,265,176853
27714428,27715302,874,163519
27715302,27715984,682,85685
27715984,27716983,999,163507
27716983,27717834,851,40556
27717834,27718219,385,276730
27718219,27719405,1186,131113
27719405,27720568,1163,8927
27720568,27721811,1243,62516
27721811,27723017,1206,90850
27723017,27723989,972,138901
27723989,27725132,1143,108005
27725132,27726352,1220,123059
27726352,27727369,1017,44576
27727369,27728697,1328,39501
27728697,27728976,279,10347
27728976,27730100,1124,286306
27730100,27731262,1162,208
27731262,27731581,319,169291
27731581,27732628,1047,73073
27732628,27732855,227,140041
27732855,27733873,1018,89898
27733873,27734997,1124,295446
27734997,27735507,510,31629
27735507,27736693,1186,157263
27736693,27737855,1162,294700
27737855,27738833,978,291608
27738833,27739881,1048,8674
27739881,27740971,1090,48848
27740971,27741169,198,64974
27741169,27741474,305,110522
27741474,27742679,1205,64713
27742679,27743874,1195,216563
27743874,27744896,1022,80656
27744896,27746013,1117,279775
27746013,27747159,1146,102240
27747159,27748255,1096,141235
27748255,27749439,1184,132601
27749439,27750710,1271,281188
27750710,27751220,510,26894
27751220,27751877,657,26895
27751877,27753066,1189,244431
27753066,27754250,1184,70756
27754250,27755033,783,114476
27755033,27756086,1053,59268
27756086,27757110,1024,62347
27757110,27757519,409,121729
27757519,27757806,287,96672
27757806,27758960,1154,133211
27758960,27760081,1121,85685
27760081,27761345,1264,132300
27761345,27762525,1180,64738
27762525,27763781,1256,15304
27763781,27764891,1110,64974
27764891,27766083,1192,185466
27766083,27767131,1048,60800
27767131,27767362,231,121331
27767362,27768326,964,124520
27768326,27769548,1222,287357
27769548,27770471,923,294113
27770471,27771780,1309,258960
27771780,27772557,777,121446
27772557,27772800,243,30101
27772800,27773942,1142,66464
27773942,27774145,203,129808
27774145,27775304,1159,143895
27775304,27776551,1247,159056
27776551,27776804,253,176698
27776804,27777943,1139,290363
27777943,27779066,1123,366
27779066,27780269,1203,47541
27780269,27781348,1079,86588
27781348,27782002,654,129443
27782002,27782525,523,143948
27782525,27783060,535,124990
27783060,27784204,1144,8912
27784204,27785532,1328,160958
27785532,27786828,1296,177234
27786828,27787835,1007,132499
27787835,27789026,1191,138043
27789026,27790185,1159,14672
27790185,27791385,1200,80197
27791385,27791807,422,135636
27791807,27793072,1265,5083
27793072,27793910,838,362
27793910,27795017,1107,245707
27795017,27796069,1052,147963
27796069,27796424,355,4662
27796424,27797608,1184,128145
27797608,27798657,1049,143893
27798657,27799740,1083,122827
27799740,27800972,1232,102381
27800972,27801811,839,36386
27801811,27803086,1275,116805
27803086,27804152,1066,131004
27804152,27804681,529,10172
27804681,27805874,1193,73972
27805874,27806512,638,284434
27806512,27807765,1253,138047
27807765,27808378,613,7943
27808378,27809659,1281,68358
27809659,27810819,1160,135020
27810819,27811602,783,140222
27811602,27812857,1255,4136
27812857,27814182,1325,46890
27814182,27815303,1121,121543
27815303,27816432,1129,1730
27816432,27817690,1258,123036
27817690,27818083,393,98644
27818083,27819246,1163,157056
27819246,27820322,1076,6176
27820322,27821533,1211,131735
27821533,27822381,848,131113
27822381,27823506,1125,141148
27823506,27824278,772,134991
27824278,27825441,1163,161100
27825441,27826554,1113,139324
27826554,27827799,1245,7793
27827799,27828904,1105,141208
27828904,27830068,1164,121543
27830068,27831104,1036,124547
27831104,27832188,1084,140072
27832188,27833383,1195,286306
27833383,27834676,1293,171138
27834676,27835875,1199,52195
27835875,27836908,1033,138901
27836908,27837848,940,13364
27837848,27838580,732,216570
27838580,27839768,1188,131220
27839768,27840713,945,6506
27840713,27841760,1047,64290
27841760,27842016,256,142311
27842016,27843299,1283,287660
27843299,27844001,702,101580
27844001,27845167,1166,157263
27845167,27846010,843,129011
27846010,27846490,480,130545
27846490,27847670,1180,88086
27847670,27848170,500,70837
27848170,27849423,1253,159386
27849423,27850505,1082,862
27850505,27851788,1283,68358
27851788,27852971,1183,294551
27852971,27854180,1209,7574
27854180,27855204,1024,83607
27855204,27856287,1083,139742
27856287,27857365,1078,258986
27857365,27858528,1163,715
27858528,27859787,1259,63111
27859787,27860990,1203,112592
27860990,27861278,288,56179
27861278,27862363,1085,135580
27862363,27863480,1117,258986
27863480,27864703,1223,86777
27864703,27865863,1160,127685
27865863,27866715,852,64292
27866715,27867656,941,291101
27867656,27869010,1354,85684
27869010,27870285,1275,231837
27870285,27871495,1210,282412
27871495,27872528,1033,131228
27872528,27872868,340,163726
27872868,27873937,1069,35921
27873937,27874947,1010,130876
27874947,27876106,1159,12707
27876106,27877239,1133,67233
27877239,27878528,1289,11734
27878528,27879556,1028,275128
27879556,27880793,1237,51163
27880793,27881176,383,132650
27881176,27882397,1221,88484
27882397,27882727,330,1188
27882727,27883924,1197,166420
27883924,27884943,1019,300343
27884943,27886153,1210,130727
27886153,27887079,926,136458
27887079,27888333,1254,70837
27888333,27889344,1011,216567
27889344,27890387,1043,142358
27890387,27891464,1077,126312
27891464,27892505,1041,142311
27892505,27893029,524,28462
27893029,27894274,1245,46268
27894274,27895083,809,61316
27895083,27896248,1165,4447
27896248,27897508,1260,73295
27897508,27897968,460,131899
27897968,27898887,919,220952
27898887,27900050,1163,177234
27900050,27901049,999,117382
27901049,27902166,1117,121899
27902166,27903351,1185,145733
27903351,27903624,273,232690
27903624,27904698,1074,275128
27904698,27905850,1152,147045
27905850,27907097,1247,50777
27907097,27908392,1295,53342
27908392,27909635,1243,291458
27909635,27910208,573,104483
27910208,27911394,1186,160952
27911394,27912199,805,94523
27912199,27913462,1263,84122
27913462,27914475,1013,66184
27914475,27915624,1149,292604
27915624,27916069,445,98877
27916069,27917018,949,59288
27917018,27918146,1128,70753
27918146,27919420,1274,60774
27919420,27920187,767,9210
27920187,27921317,1130,99156
27921317,27922536,1219,135762
27922536,27923770,1234,135221
27923770,27924937,1167,105398
27924937,27925961,1024,71405
27925961,27927037,1076,68361
27927037,27927974,937,46712
27927974,27929200,1226,64290
27929200,27930378,1178,133424
27930378,27931277,899,39661
27931277,27932408,1131,102250
27932408,27933449,1041,95959
27933449,27934293,844,153728
27934293,27935541,1248,2772
27935541,27936808,1267,135580
27936808,27937864,1056,32639
27937864,27938762,898,127537
27938762,27939962,1200,134463
27939962,27941149,1187,133279
27941149,27942166,1017,126539
27942166,27943408,1242,126296
27943408,27943579,171,6556
27943579,27944801,1222,54613
27944801,27945891,1090,121766
27945891,27946914,1023,65803
27946914,27947910,996,6398
27947910,27948120,210,276735
27948120,27949295,1175,84010
27949295,27950290,995,92930
27950290,27951429,1139,170977
27951429,27951948,519,21393
27951948,27953119,1171,89894
27953119,27954189,1070,44912
27954189,27955311,1122,25951
27955311,27956530,1219,101283
27956530,27957831,1301,127518
27957831,27958968,1137,114468
27958968,27960055,1087,38026
27960055,27961279,1224,68344
27961279,27962364,1085,12118
27962364,27963555,1191,64075
27963555,27964530,975,138063
27964530,27965781,1251,296078
27965781,27966984,1203,184265
27966984,27968201,1217,125883
27968201,27969281,1080,142279
27969281,27970537,1256,134451
27970537,27971426,889,150469
27971426,27972673,1247,22178
27972673,27973872,1199,153733
27973872,27975081,1209,16632
27975081,27976347,1266,170982
27976347,27977478,1131,758
27977478,27977797,319,135894
27977797,27979101,1304,141279
27979101,27979459,358,125882
27979459,27980432,973,132532
27980432,27981735,1303,73957
27981735,27982922,1187,35926
27982922,27984169,1247,76574
27984169,27984744,575,121766
27984744,27985958,1214,71320
27985958,27987266,1308,123998
27987266,27988474,1208,668
27988474,27989221,747,134707
27989221,27990349,1128,12118
27990349,27991535,1186,68188
27991535,27992809,1274,177638
27992809,27994044,1235,57154
27994044,27995015,971,80656
27995015,27996055,1040,95441
27996055,27997062,1007,276907
27997062,27998313,1251,14960
27998313,27998865,552,8140
27998865,27999451,586,164188
27999451,28000714,1263,292347
28000714,28001848,1134,123059
28001848,28002972,1124,64588
28002972,28004245,1273,135635
28004245,28005279,1034,279775
28005279,28006563,1284,57831
28006563,28007641,1078,199
28007641,28008758,1117,19208
28008758,28009358,600,126961
28009358,28010387,1029,126600
28010387,28011150,763,160592
28011150,28012427,1277,140931
28012427,28013608,1181,134728
28013608,28014871,1263,171171
28014871,28016004,1133,139710
28016004,28017260,1256,46240
28017260,28018401,1141,114971
28018401,28018872,471,129440
28018872,28019991,1119,231836
28019991,28020987,996,296159
28020987,28022197,1210,135654
28022197,28023362,1165,142320
28023362,28024161,799,156977
28024161,28024930,769,136983
28024930,28026150,1220,36956
28026150,28027255,1105,132484
28027255,28028541,1286,82020
28028541,28029666,1125,138488
28029666,28030473,807,130093
28030473,28031593,1120,104890
28031593,28032750,1157,113336
28032750,28033973,1223,90850
28033973,28035194,1221,55202
28035194,28036035,841,112061
28036035,28036821,786,110128
28036821,28037850,1029,12332
28037850,28038037,187,7235
28038037,28039318,1281,16632
28039318,28039644,326,112061
28039644,28040585,941,10088
28040585,28041698,1113,11077
28041698,28042852,1154,130975
28042852,28043374,522,6398
28043374,28043765,391,79973
28043765,28044999,1234,161975
28044999,28045745,746,31668
28045745,28046983,1238,140221
28046983,28048218,1235,11258
28048218,28049421,1203,121720
28049421,28050669,1248,159371
28050669,28051766,1097,107487
28051766,28052843,1077,142858
28052843,28053747,904,366
28053747,28054805,1058,126336
28054805,28055832,1027,110742
28055832,28056669,837,122801
28056669,28057862,1193,41933
28057862,28059031,1169,80189
28059031,28060150,1119,52088
28060150,28061158,1008,48513
28061158,28062343,1185,107486
28062343,28062784,441,131203
28062784,28063716,932,148920
28063716,28064682,966,132710
28064682,28065807,1125,70837
28065807,28066848,1041,46267
28066848,28067980,1132,39970
28067980,28068899,919,141571
28068899,28069997,1098,199
28069997,28071201,1204,185466
28071201,28072215,1014,46890
28072215,28073372,1157,83607
28073372,28074671,1299,245708
28074671,28075956,1285,182396
28075956,28076993,1037,170438
28076993,28078204,1211,129064
28078204,28079455,1251,32886
28079455,28080190,735,1188
28080190,28081400,1210,92812
28081400,28082599,1199,103126
28082599,28083806,1207,45217
28083806,28084158,352,18006
28084158,28084569,411,163612
28084569,28085818,1249,146197
28085818,28087045,1227,143895
28087045,28088287,1242,64075
28088287,28089490,1203,282406
28089490,28090008,518,137106
28090008,28090795,787,130184
28090795,28092049,1254,144999
28092049,28092735,686,114476
28092735,28093767,1032,127521
28093767,28094970,1203,136983
28094970,28096016,1046,112057
28096016,28097381,1365,54666
28097381,28098073,692,231837
28098073,28099321,1248,128309
28099321,28100256,935,123268
28100256,28100556,300,69411
28100556,28101803,1247,131735
28101803,28103030,1227,109174
28103030,28104285,1255,279153
28104285,28104848,563,126796
28104848,28106133,1285,154673
28106133,28106788,655,134636
28106788,28107566,778,129393
28107566,28108762,1196,121669
28108762,28109878,1116,2301
28109878,28111105,1227,171137
28111105,28112017,912,134991
28112017,28112376,359,126408
28112376,28113501,1125,861
28113501,28114569,1068,11077
28114569,28114805,236,129514
28114805,28116024,1219,11734
28116024,28116200,176,6556
28116200,28117115,915,109663
28117115,28117804,689,138631
28117804,28118457,653,128669
28118457,28118808,351,138033
28118808,28120031,1223,123283
28120031,28121218,1187,14526
28121218,28121836,618,143893
28121836,28122793,957,288044
28122793,28123524,731,41911
28123524,28123845,321,101854
28123845,28124982,1137,85635
28124982,28126239,1257,108066
28126239,28127266,1027,132530
28127266,28128314,1048,20410
28128314,28129383,1069,81843
28129383,28129559,176,90852
28129559,28130380,821,157243
28130380,28131518,1138,2301
28131518,28132583,1065,107517
28132583,28133690,1107,55088
28133690,28133865,175,282934
28133865,28135162,1297,68770
28135162,28135965,803,160188
28135965,28136670,705,32856
28136670,28137499,829,246889
28137499,28138437,938,129581
28138437,28139002,565,139733
28139002,28140170,1168,130103
28140170,28141162,992,161166
28141162,28142226,1064,176853
28142226,28143447,1221,133424
28143447,28143891,444,5417
28143891,28144525,634,107483
28144525,28145271,746,28462
28145271,28146501,1230,105574
28146501,28147697,1196,34572
28147697,28148794,1097,110243
28148794,28149945,1151,142311
28149945,28151129,1184,143361
28151129,28152446,1317,165428
28152446,28152872,426,176660
28152872,28154138,1266,7894
28154138,28154862,724,1070
28154862,28156060,1198,72876
28156060,28157357,1297,34483
28157357,28158187,830,13270
28158187,28159304,1117,53458
28159304,28160379,1075,144987
28160379,28161494,1115,68353
28161494,28162691,1197,5084
28162691,28163880,1189,135659
28163880,28164062,182,258283
28164062,28165303,1241,56777
28165303,28166545,1242,135657
28166545,28167626,1081,130505
28167626,28168586,960,122827
28168586,28169550,964,7894
28169550,28170443,893,96241
28170443,28171696,1253,861
28171696,28172829,1133,122806
28172829,28174045,1216,13270
28174045,28175076,1031,11734
28175076,28176303,1227,110243
28176303,28177469,1166,68359
28177469,28178528,1059,3961
28178528,28179707,1179,14976
28179707,28180460,753,76044
28180460,28181604,1144,134148
28181604,28182853,1249,135033
28182853,28183794,941,83706
28183794,28185037,1243,123048
28185037,28185900,863,54666
28185900,28186886,986,275212
28186886,28187609,723,157861
28187609,28188726,1117,46240
28188726,28189982,1256,245708
28189982,28191032,1050,279775
28191032,28192131,1099,14274
28192131,28193335,1204,89882
28193335,28194286,951,141791
28194286,28194680,394,87766
28194680,28195972,1292,20410
28195972,28196632,660,76574
28196632,28197570,938,128136
28197570,28198855,1285,184448
28198855,28199778,923,233382
28199778,28201151,1373,87732
28201151,28202345,1194,86765
28202345,28203574,1229,61421
28203574,28204689,1115,3961
28204689,28205870,1181,160593
28205870,28206952,1082,130553
28206952,28208123,1171,6398
28208123,28209159,1036,126336
28209159,28209856,697,126860
28209856,28210743,887,98645
28210743,28211788,1045,123506
28211788,28212902,1114,8927
28212902,28213813,911,245707
28213813,28215060,1247,109174
28215060,28215591,531,147971
28215591,28216674,1083,177638
28216674,28217586,912,245707
28217586,28218260,674,252342
28218260,28219261,1001,122825
28219261,28220334,1073,135216
28220334,28221233,899,117384
28221233,28222272,1039,172165
28222272,28223354,1082,150855
28223354,28223899,545,132705
28223899,28224944,1045,125128
28224944,28226072,1128,171107
28226072,28227315,1243,135832
28227315,28228597,1282,96241
28228597,28229777,1180,144999
28229777,28231028,1251,134830
28231028,28232001,973,126410
28232001,28233188,1187,129582
28233188,28233926,738,134717
28233926,28235273,1347,122451
28235273,28236572,1299,278220
28236572,28237743,1171,157858
28237743,28239027,1284,87791
28239027,28240114,1087,139200
28240114,28241107,993,139717
28241107,28242328,1221,16632
28242328,28242545,217,162239
28242545,28243611,1066,126955
28243611,28244796,1185,187464
28244796,28245871,1075,132073
28245871,28246962,1091,149738
28246962,28248136,1174,59175
28248136,28249031,895,126832
28249031,28250134,1103,102238
28250134,28251151,1017,29091
28251151,28251767,616,18533
28251767,28252830,1063,123506
28252830,28254140,1310,126859
28254140,28254595,455,129514
28254595,28255526,931,155151
28255526,28256658,1132,131704
28256658,28257703,1045,274380
28257703,28258204,501,76046
28258204,28259434,1230,125123
28259434,28260602,1168,282383
28260602,28261683,1081,184448
28261683,28262008,325,121392
28262008,28263272,1264,270778
28263272,28264530,1258,6176
28264530,28265272,742,252342
28265272,28266352,1080,109176
28266352,28266609,257,54667
28266609,28267813,1204,2777
28267813,28268650,837,110522
28268650,28269885,1235,107517
28269885,28270807,922,151817
28270807,28271738,931,46712
28271738,28272863,1125,57156
28272863,28273973,1110,280380
28273973,28275191,1218,132073
28275191,28276392,1201,245687
28276392,28277482,1090,142358
28277482,28278716,1234,12103
28278716,28279817,1101,282357
28279817,28280229,412,176660
28280229,28281116,887,92420
28281116,28282422,1306,136483
28282422,28283603,1181,110238
28283603,28284842,1239,127597
28284842,28285814,972,186232
28285814,28287002,1188,134792
28287002,28288255,1253,138866
28288255,28288685,430,108638
28288685,28289914,1229,83708
28289914,28291205,1291,100045
28291205,28292419,1214,279852
28292419,28293302,883,68353
28293302,28293683,381,36641
28293683,28294909,1226,59268
28294909,28295988,1079,117382
28295988,28297125,1137,296473
28297125,28298279,1154,9919
28298279,28299530,1251,77782
28299530,28300024,494,39660
28300024,28301161,1137,129317
28301161,28302424,1263,176698
28302424,28303422,998,130533
28303422,28304441,1019,278217
28304441,28305584,1143,240992
28305584,28306787,1203,116797
28306787,28307792,1005,149791
28307792,28309084,1292,5757
28309084,28309917,833,294554
28309917,28311173,1256,160593
28311173,28312114,941,86043
28312114,28312343,229,136863
28312343,28313516,1173,124520
28313516,28314577,1061,98644
28314577,28315657,1080,39616
28315657,28316800,1143,114256
28316800,28317291,491,30591
28317291,28318097,806,11734
28318097,28319284,1187,122809
28319284,28320499,1215,167023
28320499,28321554,1055,18533
28321554,28322560,1006,90850
28322560,28323019,459,121799
28323019,28324367,1348,182389
28324367,28325672,1305,84010
28325672,28326647,975,134434
28326647,28327906,1259,130727
28327906,28328841,935,233382
28328841,28329300,459,136458
28329300,28330219,919,5330
28330219,28331374,1155,275885
28331374,28332357,983,47237
28332357,28333086,729,101276
28333086,28334261,1175,278289
28334261,28335596,1335,130566
28335596,28336875,1279,275885
28336875,28338139,1264,29090
28338139,28339430,1291,11258
28339430,28340029,599,148529
28340029,28341118,1089,1562
28341118,28341988,870,139325
28341988,28343091,1103,95441
28343091,28344323,1232,148529
28344323,28345483,1160,124549
28345483,28346139,656,86683
28346139,28347188,1049,120325
28347188,28347589,401,76044
28347589,28348870,1281,81858
28348870,28349913,1043,130105
28349913,28351170,1257,119637
28351170,28352252,1082,293531
28352252,28353232,980,9210
28353232,28354465,1233,5704
28354465,28355728,1263,176698
28355728,28356424,696,58763
28356424,28357360,936,77173
28357360,28358684,1324,135580
28358684,28359945,1261,139356
28359945,28361272,1327,115687
28361272,28362285,1013,16632
28362285,28363393,1108,134420
28363393,28364061,668,123271
28364061,28365134,1073,131735
28365134,28366357,1223,76974
28366357,28367539,1182,9210
28367539,28368865,1326,13185
28368865,28369983,1118,165702
28369983,28371088,1105,127597
28371088,28372294,1206,88489
28372294,28373495,1201,90852
28373495,28374630,1135,57836
28374630,28375877,1247,4445
28375877,28377140,1263,137483
28377140,28377391,251,162253
28377391,28377731,340,157236
28377731,28378801,1070,135216
28378801,28380026,1225,156230
28380026,28381280,1254,80192
28381280,28382203,923,141235
28382203,28383324,1121,133395
28383324,28383565,241,132484
28383565,28384486,921,30105
28384486,28385845,1359,63101
28385845,28386710,865,163505
28386710,28387587,877,28375
28387587,28388832,1245,258960
28388832,28389561,729,36633
28389561,28390836,1275,279856
28390836,28391359,523,134465
28391359,28392323,964,124368
28392323,28392650,327,135580
28392650,28393946,1296,49755
28393946,28394917,971,274375
28394917,28396096,1179,93276
28396096,28397366,1270,282386
28397366,28398553,1187,141571
28398553,28398922,369,232690
28398922,28399837,915,130533
28399837,28400907,1070,136458
28400907,28402195,1288,31603
28402195,28402901,706,295756
28402901,28403854,953,142727
28403854,28404378,524,110243
28404378,28405401,1023,44577
28405401,28406234,833,160958
28406234,28407390,1156,262305
28407390,28408104,714,102526
28408104,28408510,406,131220
28408510,28409541,1031,75355
28409541,28410608,1067,43306
28410608,28411844,1236,127732
28411844,28413059,1215,156224
28413059,28413814,755,90852
28413814,28415065,1251,157475
28415065,28415151,86,132532
28415151,28416410,1259,157242
28416410,28416825,415,302395
28416825,28417867,1042,293959
28417867,28418920,1053,121127
28418920,28420230,1310,136983
28420230,28421437,1207,122944
28421437,28422583,1146,32886
28422583,28423840,1257,167597
28423840,28425046,1206,284445
28425046,28426201,1155,121541
28426201,28427344,1143,34478
28427344,28428311,967,284424
28428311,28429470,1159,147967
28429470,28430775,1305,100431
28430775,28431696,921,136271
28431696,28432968,1272,5710
28432968,28434079,1111,143485
28434079,28434969,890,4662
28434969,28436212,1243,155520
28436212,28436895,683,122827
28436895,28437995,1100,161217
28437995,28438447,452,4275
28438447,28439589,1142,166433
28439589,28440784,1195,143264
28440784,28442053,1269,130569
28442053,28443047,994,26872
28443047,28444307,1260,7944
28444307,28445207,900,58025
28445207,28446387,1180,74798
28446387,28447334,947,12538
28447334,28448278,944,129790
28448278,28448883,605,144496
28448883,28450109,1226,293959
28450109,28451330,1221,77782
28451330,28452076,746,126965
28452076,28453291,1215,124526
28453291,28454455,1164,66470
28454455,28455716,1261,135894
28455716,28456519,803,275127
28456519,28457769,1250,65534
28457769,28458997,1228,141235
28458997,28459960,963,112058
28459960,28461226,1266,115687
28461226,28461632,406,170956
28461632,28462472,840,105167
28462472,28463641,1169,6506
28463641,28464180,539,48032
28464180,28465307,1127,143484
28465307,28466109,802,122789
28466109,28467204,1095,125883
28467204,28468421,1217,144485
28468421,28469233,812,112761
28469233,28470421,1188,137483
28470421,28471164,743,291374
28471164,28471529,365,30119
28471529,28472482,953,231837
28472482,28473761,1279,8592
28473761,28474880,1119,121674
28474880,28475675,795,39477
28475675,28476795,1120,36633
28476795,28477726,931,295710
28477726,28478997,1271,66464
28478997,28479982,985,141248
28479982,28481119,1137,102250
28481119,28482402,1283,12332
28482402,28483597,1195,65772
28483597,28484619,1022,4275
28484619,28485457,838,126955
28485457,28486448,991,124520
28486448,28487383,935,245687
28487383,28488636,1253,4158
28488636,28489168,532,104717
28489168,28490148,980,15304
28490148,28491259,1111,28384
28491259,28492072,813,128660
28492072,28493247,1175,133471
28493247,28494275,1028,25563
28494275,28495254,979,131294
28495254,28496193,939,4445
28496193,28497394,1201,26950
28497394,28498038,644,130105
28498038,28499010,972,9321
28499010,28499292,282,134451
28499292,28500156,864,123036
28500156,28501247,1091,286306
28501247,28502481,1234,121064
28502481,28503634,1153,9210
28503634,28504864,1230,102232
28504864,28505782,918,132891
28505782,28506596,814,85684
28506596,28507785,1189,83696
28507785,28508984,1199,275212
28508984,28510144,1160,159228
28510144,28511369,1225,172165
28511369,28512411,1042,104391
28512411,28513494,1083,1562
28513494,28514591,1097,143948
28514591,28515592,1001,140041
28515592,28516841,1249,284445
28516841,28517090,249,70843
28517090,28518132,1042,169293
28518132,28519006,874,143485
28519006,28519343,337,56174
28519343,28520045,702,6397
28520045,28521210,1165,9210
28521210,28522123,913,8927
28522123,28523216,1093,86040
28523216,28523511,295,123190
28523511,28524672,1161,130164
28524672,28525684,1012,14526
28525684,28526917,1233,117384
28526917,28528081,1164,136846
28528081,28529370,1289,144019
28529370,28529928,558,48032
28529928,28531056,1128,125123
28531056,28531317,261,111754
28531317,28532355,1038,144999
28532355,28533130,775,19376
28533130,28533687,557,47030
28533687,28535006,1319,132705
28535006,28535748,742,121449
28535748,28536914,1166,132650
28536914,28537687,773,121543
28537687,28538815,1128,12715
28538815,28539040,225,34483
28539040,28540294,1254,132485
28540294,28541172,878,47030
28541172,28542241,1069,169619
28542241,28543485,1244,64713
28543485,28544356,871,132891
28544356,28545444,1088,72311
28545444,28546244,800,6557
28546244,28547296,1052,39913
28547296,28548428,1132,290047
28548428,28549499,1071,120325
28549499,28549744,245,162238
28549744,28550922,1178,71550
28550922,28552026,1104,143893
28552026,28553255,1229,146437
28553255,28553546,291,122801
28553546,28554745,1199,270777
28554745,28555924,1179,12895
28555924,28557233,1309,175962
28557233,28557349,116,13248
28557349,28558306,957,278217
28558306,28559437,1131,172156
28559437,28560340,903,130569
28560340,28561175,835,101884
28561175,28562078,903,124224
28562078,28563161,1083,122810
28563161,28564066,905,122944
28564066,28565345,1279,127215
28565345,28565920,575,105383
28565920,28566977,1057,131704
28566977,28568230,1253,68762
28568230,28569276,1046,290349
28569276,28570405,1129,3587
28570405,28571150,745,158816
28571150,28571823,673,184447
28571823,28572953,1130,61780
28572953,28574109,1156,144965
28574109,28575172,1063,54016
28575172,28576380,1208,149791
28576380,28577466,1086,110742
28577466,28578684,1218,132782
28578684,28579654,970,4731
28579654,28580801,1147,246948
28580801,28581646,845,139742
28581646,28582931,1285,34497
28582931,28584047,1116,37134
28584047,28585002,955,126928
28585002,28585414,412,121064
28585414,28585861,447,80690
28585861,28587033,1172,700
28587033,28587582,549,157057
28587582,28588728,1146,149880
28588728,28589931,1203,8157
28589931,28591203,1272,132499
28591203,28591593,390,141571
28591593,28592562,969,49750
28592562,28593724,1162,124526
28593724,28594863,1139,134420
28594863,28596016,1153,163726
28596016,28597236,1220,23311
28597236,28598218,982,133424
28598218,28599164,946,149881
28599164,28600187,1023,57156
28600187,28601467,1280,292604
28601467,28602700,1233,8592
28602700,28603785,1085,86708
28603785,28604716,931,47030
28604716,28605965,1249,138289
28605965,28607082,1117,216564
28607082,28607175,93,6541
28607175,28608424,1249,294554
28608424,28609073,649,144021
28609073,28610330,1257,273050
28610330,28611477,1147,133224
28611477,28612266,789,138901
28612266,28612683,417,121799
28612683,28613219,536,187464
28613219,28613961,742,67592
28613961,28614934,973,52088
28614934,28616179,1245,145138
28616179,28617046,867,64956
28617046,28617960,914,98645
28617960,28618852,892,284428
28618852,28620048,1196,1189
28620048,28621153,1105,184265
28621153,28621529,376,138901
28621529,28622547,1018,170982
28622547,28623638,1091,30106
28623638,28624917,1279,254949
28624917,28626190,1273,139336
28626190,28626713,523,32451
28626713,28627945,1232,185436
28627945,28629218,1273,122876
28629218,28630033,815,124520
28630033,28630652,619,98877
28630652,28631481,829,81870
28631481,28632672,1191,2536
28632672,28633864,1192,22179
28633864,28634273,409,130105
28634273,28635261,988,131704
28635261,28635870,609,122944
28635870,28636476,606,279775
28636476,28637724,1248,115686
28637724,28638961,1237,138888
28638961,28639996,1035,168497
28639996,28641223,1227,121896
28641223,28642225,1002,71550
28642225,28643102,877,71420
28643102,28644009,907,135635
28644009,28645276,1267,39501
28645276,28645435,159,6525
28645435,28646572,1137,138901
28646572,28647120,548,254949
28647120,28647347,227,10701
28647347,28647526,179,10172
28647526,28648472,946,145083
28648472,28648765,293,39616
28648765,28649841,1076,7943
28649841,28650894,1053,140071
28650894,28652039,1145,132718
28652039,28653266,1227,69607
28653266,28654498,1232,163518
28654498,28654982,484,169656
28654982,28656037,1055,270778
28656037,28656760,723,128138
28656760,28657495,735,130871
28657495,28658719,1224,290349
28658719,28659944,1225,281132
28659944,28660163,219,131890
28660163,28661265,1102,142848
28661265,28662501,1236,57837
28662501,28663744,1243,39967
28663744,28664609,865,68358
28664609,28665731,1122,175448
28665731,28666428,697,127537
28666428,28667625,1197,126220
28667625,28668840,1215,114468
28668840,28670098,1258,67200
28670098,28671366,1268,12085
28671366,28672572,1206,220979
28672572,28673899,1327,6556
28673899,28675058,1159,131887
28675058,28676147,1089,103120
28676147,28677209,1062,130164
28677209,28677872,663,141148
28677872,28679027,1155,132069
28679027,28679590,563,6525
28679590,28679877,287,101854
28679877,28681220,1343,137589
28681220,28681822,602,133290
28681822,28682947,1125,285137
28682947,28684107,1160,133424
28684107,28685386,1279,9321
28685386,28685786,400,54006
28685786,28686836,1050,724
28686836,28688067,1231,7793
28688067,28689239,1172,5417
28689239,28690453,1214,75355
28690453,28691599,1146,48361
28691599,28692781,1182,88483
28692781,28693974,1193,282357
28693974,28694629,655,291608
28694629,28695258,629,138617
28695258,28696373,1115,142750
28696373,28697674,1301,143484
28697674,28698968,1294,122614
28698968,28699075,107,129393
28699075,28700271,1196,139710
28700271,28701475,1204,39971
28701475,28701660,185,59268
28701660,28702824,1164,110706
28702824,28703872,1048,142733
28703872,28704033,161,149739
28704033,28704930,897,277899
28704930,28706159,1229,283462
28706159,28706908,749,138047
28706908,28708063,1155,130625
28708063,28709169,1106,133442
28709169,28710511,1342,245687
28710511,28711734,1223,121891
28711734,28712755,1021,258960
28712755,28713046,291,129396
28713046,28714009,963,87280
28714009,28715213,1204,4654
28715213,28716408,1195,149890
28716408,28717758,1350,171137
28717758,28718966,1208,115687
28718966,28720237,1271,154284
28720237,28720492,255,183239
28720492,28721549,1057,70843
28721549,28722341,792,55202
28722341,28723606,1265,83633
28723606,28724572,966,141240
28724572,28725756,1184,283242
28725756,28726717,961,254948
28726717,28727596,879,96153
28727596,28728783,1187,21498
28728783,28729879,1096,13185
28729879,28730552,673,156224
28730552,28731157,605,293957
28731157,28732412,1255,139297
28732412,28733549,1137,122801
28733549,28734479,930,49750
28734479,28735594,1115,128761
28735594,28736735,1141,131899
28736735,28737877,1142,121085
28737877,28739055,1178,293963
28739055,28739834,779,149939
28739834,28740969,1135,137154
28740969,28741958,989,291718
28741958,28742732,774,67592
28742732,28743440,708,61776
28743440,28744716,1276,156474
28744716,28745750,1034,258986
28745750,28746428,678,165428
28746428,28747547,1119,92814
28747547,28748843,1296,122806
28748843,28749948,1105,284268
28749948,28750921,973,58763
28750921,28752187,1266,9920
28752187,28753529,1342,71401
28753529,28754699,1170,12085
28754699,28755986,1287,290363
28755986,28756474,488,258993
28756474,28757347,873,76974
28757347,28758490,1143,102526
28758490,28759717,1227,292604
28759717,28760167,450,22178
28760167,28761424,1257,136054
28761424,28762006,582,65554
28762006,28762853,847,109173
28762853,28763765,912,39660
28763765,28765030,1265,121382
28765030,28766303,1273,132101
28766303,28766972,669,274549
28766972,28767411,439,146346
28767411,28767578,167,139297
28767578,28768631,1053,26685
28768631,28769902,1271,41610
28769902,28770790,888,139297
28770790,28771866,1076,56175
28771866,28772913,1047,294551
28772913,28773841,928,6541
28773841,28774891,1050,170453
28774891,28776063,1172,138063
28776063,28777180,1117,301694
28777180,28778115,935,13265
28778115,28779243,1128,170440
28779243,28780536,1293,133273
28780536,28781819,1283,129790
28781819,28782934,1115,123191
28782934,28783296,362,92935
28783296,28784521,1225,60489
28784521,28785829,1308,101289
28785829,28786993,1164,287671
28786993,28787238,245,13265
28787238,28788429,1191,95963
28788429,28789577,1148,127732
28789577,28790501,924,134660
28790501,28791737,1236,139387
28791737,28792832,1095,23311
28792832,28793949,1117,39477
28793949,28794929,980,135580
28794929,28796128,1199,145145
28796128,28797437,1309,26853
28797437,28797859,422,126739
28797859,28799007,1148,45218
28799007,28800260,1253,11547
28800260,28801407,1147,162667
28801407,28801836,429,46889
28801836,28802594,758,140651
28802594,28803387,793,134660
28803387,28804562,1175,134707
28804562,28804835,273,117384
28804835,28805838,1003,155948
28805838,28806603,765,75939
28806603,28807187,584,185074
28807187,28808381,1194,296473
28808381,28808832,451,132891
28808832,28809647,815,100044
28809647,28810642,995,142752
28810642,28811542,900,123163
28811542,28811802,260,118112
28811802,28813020,1218,157400
28813020,28814261,1241,137004
28814261,28815377,1116,246889
28815377,28815827,450,26894
28815827,28816786,959,129443
28816786,28817719,933,11734
28817719,28818904,1185,54016
28818904,28820096,1192,8927
28820096,28821373,1277,61421
28821373,28822715,1342,161714
28822715,28823868,1153,138047
28823868,28825022,1154,135221
28825022,28826060,1038,128310
28826060,28827111,1051,68344
28827111,28827537,426,46889
28827537,28828470,933,31097
28828470,28829752,1282,231836
28829752,28830664,912,130900
28830664,28831914,1250,137628
28831914,28833081,1167,131113
28833081,28833578,497,132718
28833578,28834760,1182,185457
28834760,28835831,1071,7793
28835831,28836812,981,26982
28836812,28837422,610,157475
28837422,28838395,973,28380
28838395,28839520,1125,88007
28839520,28840739,1219,88089
28840739,28841263,524,139741
28841263,28842184,921,169656
28842184,28843252,1068,110706
28843252,28844144,892,174960
28844144,28845316,1172,137588
28845316,28846373,1057,135897
28846373,28847636,1263,89390
28847636,28848765,1129,14936
28848765,28849679,914,110526
28849679,28850840,1161,144135
28850840,28852054,1214,121085
28852054,28853198,1144,135580
28853198,28854385,1187,91072
28854385,28855445,1060,26951
28855445,28856783,1338,304541
28856783,28857576,793,137589
28857576,28858750,1174,129514
28858750,28860015,1265,138113
28860015,28861144,1129,105398
28861144,28862361,1217,129583
28862361,28863509,1148,157236
28863509,28864748,1239,54487
28864748,28865863,1115,107486
28865863,28866878,1015,131732
28866878,28867933,1055,258266
28867933,28868230,297,48361
28868230,28869431,1201,282385
28869431,28870630,1199,140725
28870630,28871745,1115,102250
28871745,28872964,1219,63839
28872964,28874119,1155,123271
28874119,28875396,1277,47030
28875396,28875657,261,129623
28875657,28876046,389,128344
28876046,28876744,698,94108
28876744,28878018,1274,133834
28878018,28879133,1115,128633
28879133,28880175,1042,259009
28880175,28880408,233,156224
28880408,28881397,989,83633
28881397,28882570,1173,157057
28882570,28883279,709,130994
28883279,28884446,1167,147967
28884446,28885628,1182,147963
28885628,28886739,1111,275127
28886739,28887972,1233,126296
28887972,28889145,1173,295756
28889145,28890047,902,153733
28890047,28891105,1058,291107
28891105,28892281,1176,134451
28892281,28893505,1224,141208
28893505,28894669,1164,134804
28894669,28895268,599,164100
28895268,28896299,1031,35921
28896299,28897630,1331,216570
28897630,28898859,1229,146346
28898859,28900136,1277,178030
28900136,28901327,1191,121068
28901327,28902452,1125,101265
28902452,28903405,953,131732
28903405,28904400,995,29012
28904400,28904909,509,258250
28904909,28905173,264,18533
28905173,28905950,777,121024
28905950,28907012,1062,296468
28907012,28907297,285,129514
28907297,28908427,1130,132864
28908427,28909663,1236,116805
28909663,28909791,128,86710
28909791,28910747,956,126932
28910747,28911150,403,8927
28911150,28912422,1272,143893
28912422,28912740,318,131030
28912740,28912919,179,123269
28912919,28914109,1190,77779
28914109,28915223,1114,300225
28915223,28916358,1135,292604
28916358,28917127,769,176660
28917127,28918128,1001,84447
28918128,28919399,1271,144503
28919399,28920290,891,26895
28920290,28921368,1078,129994
28921368,28922075,707,123167
28922075,28923262,1187,284433
28923262,28924442,1180,126959
28924442,28925737,1295,16632
28925737,28926988,1251,134170
28926988,28928077,1089,168500
28928077,28929310,1233,86765
28929310,28929550,240,232690
28929550,28930572,1022,146346
28930572,28931584,1012,39501
28931584,28932706,1122,10172
28932706,28933951,1245,21393
28933951,28935141,1190,5911
28935141,28935972,831,130530
28935972,28937281,1309,137597
28937281,28938072,791,142362
28938072,28939257,1185,104979
28939257,28940554,1297,100044
28940554,28941877,1323,128990
28941877,28943154,1277,126739
28943154,28944303,1149,86026
28944303,28945531,1228,245691
28945531,28946431,900,126220
28946431,28947574,1143,56777
28947574,28948792,1218,144135
28948792,28948975,183,37090
28948975,28950063,1088,161226
28950063,28951350,1287,141571
28951350,28952261,911,124439
28952261,28952590,329,159056
28952590,28953763,1173,123998
28953763,28954692,929,64588
28954692,28955803,1111,150674
28955803,28956178,375,122944
28956178,28957104,926,132280
28957104,28957861,757,158074
28957861,28959070,1209,145733
28959070,28960359,1289,94876
28960359,28961515,1156,182394
28961515,28962680,1165,129979
28962680,28963885,1205,54667
28963885,28964201,316,258974
28964201,28965142,941,171107
28965142,28966155,1013,128633
28966155,28967330,1175,123269
28967330,28968561,1231,291107
28968561,28969645,1084,4861
28969645,28970719,1074,8912
28970719,28971976,1257,121080
28971976,28973063,1087,130131
28973063,28974038,975,9920
28974038,28974292,254,19208
28974292,28975563,1271,68344
28975563,28976797,1234,86708
28976797,28977361,564,5417
28977361,28978093,732,106611
28978093,28979284,1191,151776
28979284,28980604,1320,185457
28980604,28981763,1159,157830
28981763,28982728,965,64974
28982728,28983592,864,136861
28983592,28984236,644,6506
28984236,28985213,977,254948
28985213,28986257,1044,137618
28986257,28987587,1330,47541
28987587,28988679,1092,126221
28988679,28989597,918,124547
28989597,28989970,373,232057
28989970,28991181,1211,77779
28991181,28992097,916,128309
28992097,28993264,1167,293663
28993264,28994429,1165,279363
28994429,28995444,1015,158081
28995444,28996688,1244,101265
28996688,28997973,1285,94526
28997973,28999242,1269,73958
28999242,28999520,278,170453
28999520,29000646,1126,127696
29000646,29001545,899,146197
29001545,29002668,1123,75939
29002668,29003495,827,16003
29003495,29004780,1285,18524
29004780,29005891,1111,169293
29005891,29006844,953,132592
29006844,29008117,1273,115686
29008117,29008984,867,130532
29008984,29009690,706,152262
29009690,29010647,957,53638
29010647,29011766,1119,142896
29011766,29012848,1082,88086
29012848,29013053,205,149939
29013053,29013938,885,282934
29013938,29015119,1181,105002
29015119,29015882,763,37090
29015882,29016831,949,170956
29016831,29017137,306,121064
29017137,29018130,993,125941
29018130,29019223,1093,6524
29019223,29020525,1302,288043
29020525,29020908,383,131256
29020908,29022243,1335,105398
29022243,29023426,1183,73024
29023426,29024327,901,126928
29024327,29025505,1178,138545
29025505,29026482,977,129317
29026482,29027475,993,130548
29027475,29028670,1195,73846
29028670,29029912,1242,275212
29029912,29030699,787,166436
29030699,29031731,1032,155968
29031731,29031917,186,129805
29031917,29033232,1315,73972
29033232,29034411,1179,123285
29034411,29035191,780,140040
29035191,29036295,1104,132891
29036295,29037500,1205,130755
29037500,29038517,1017,124368
29038517,29039511,994,125951
29039511,29040601,1090,5703
29040601,29041806,1205,123192
29041806,29041999,193,182402
29041999,29043080,1081,89388
29043080,29044191,1111,132710
29044191,29045458,1267,133447
29045458,29046669,1211,123048
29046669,29047771,1102,220979
29047771,29048867,1096,7741
29048867,29049908,1041,4136
29049908,29050783,875,4733
29050783,29051214,431,129623
29051214,29052181,967,37999
29052181,29053356,1175,104986
29053356,29054424,1068,130101
29054424,29055518,1094,65803
29055518,29055809,291,282385
29055809,29056612,803,48362
29056612,29057768,1156,281472
29057768,29059041,1273,287657
29059041,29059890,849,135580
29059890,29060884,994,128345
29060884,29062191,1307,64956
29062191,29063180,989,18006
29063180,29063659,479,63713
29063659,29064706,1047,122828
29064706,29065293,587,140040
29065293,29066340,1047,7371
29066340,29067387,1047,132568
29067387,29068639,1252,296467
29068639,29069837,1198,124990
29069837,29071116,1279,121799
29071116,29072183,1067,129324
29072183,29073457,1274,163322
29073457,29074576,1119,134451
29074576,29075732,1156,2301
29075732,29076859,1127,10701
29076859,29077967,1108,141248
29077967,29079127,1160,11533
29079127,29080368,1241,124003
29080368,29081423,1055,139361
29081423,29082664,1241,160958
29082664,29083931,1267,293663
29083931,29084274,343,107480
29084274,29085369,1095,121415
29085369,29086284,915,122443
29086284,29087433,1149,11243
29087433,29088412,979,153958
29088412,29089452,1040,109507
29089452,29090664,1212,126220
29090664,29091851,1187,123036
29091851,29092697,846,187466
29092697,29092962,265,129659
29092962,29094165,1203,54006
29094165,29094912,747,83708
29094912,29095994,1082,91098
29095994,29096760,766,87508
29096760,29097973,1213,130504
29097973,29099181,1208,127704
29099181,29100216,1035,141148
29100216,29101062,846,175962
29101062,29102223,1161,144496
29102223,29103126,903,139730
29103126,29104189,1063,140931
29104189,29105418,1229,281131
29105418,29106564,1146,90850
29106564,29107683,1119,105383
29107683,29108806,1123,138486
29108806,29109953,1147,87997
29109953,29110929,976,137483
29110929,29111876,947,143484
29111876,29112857,981,294114
29112857,29114152,1295,129393
29114152,29115512,1360,31097
29115512,29116753,1241,301693
29116753,29117552,799,132891
29117552,29118172,620,126208
29118172,29119299,1127,244431
29119299,29120511,1212,91801
29120511,29120828,317,176854
29120828,29122017,1189,134657
29122017,29123179,1162,112058
29123179,29124078,899,137597
29124078,29125150,1072,67218
29125150,29125955,805,142279
29125955,29127076,1121,275212
29127076,29128133,1057,139707
29128133,29128712,579,127518
29128712,29129285,573,93470
29129285,29130553,1268,126312
29130553,29131610,1057,126410
29131610,29132678,1068,125951
29132678,29133902,1224,155151
29133902,29135116,1214,254918
29135116,29136217,1101,24731
29136217,29137340,1123,109176
29137340,29138359,1019,67233
29138359,29139643,1284,352
29139643,29140572,929,25766
29140572,29141467,895,121722
29141467,29142595,1128,231862
29142595,29143751,1156,13056
29143751,29144719,968,67233
29144719,29145371,652,278217
29145371,29146531,1160,289453
29146531,29147317,786,126965
29147317,29148437,1120,6541
29148437,29148968,531,129393
29148968,29150293,1325,61743
29150293,29151408,1115,133630
29151408,29152642,1234,138063
29152642,29153794,1152,168638
29153794,29154985,1191,61422
29154985,29155246,261,52087
29155246,29156268,1022,131732
29156268,29157403,1135,212
29157403,29158460,1057,170976
29158460,29159764,1304,291101
29159764,29160751,987,65803
29160751,29161008,257,129393
29161008,29162015,1007,138033
29162015,29163304,1289,39967
29163304,29164617,1313,258250
29164617,29165876,1259,86710
29165876,29167135,1259,132592
29167135,29168021,886,156224
29168021,29168219,198,48579
29168219,29169486,1267,136863
29169486,29170733,1247,28465
29170733,29171964,1231,142733
29171964,29173179,1215,287357
29173179,29174505,1326,258993
29174505,29175615,1110,132821
29175615,29176453,838,129325
29176453,29177700,1247,170951
29177700,29178954,1254,139325
29178954,29180231,1277,286306
29180231,29181355,1124,61776
29181355,29182607,1252,187024
29182607,29183234,627,84010
29183234,29184514,1280,53343
29184514,29185553,1039,39967
29185553,29186775,1222,28465
29186775,29187730,955,121127
29187730,29188847,1117,88489
29188847,29189431,584,41614
29189431,29190113,682,121382
29190113,29191112,999,28247
29191112,29191897,785,185074
29191897,29193175,1278,55927
29193175,29193637,462,9321
29193637,29194836,1199,117095
29194836,29196151,1315,114256
29196151,29196378,227,285896
29196378,29197451,1073,138866
29197451,29198646,1195,291718
29198646,29199920,1274,105168
29199920,29201191,1271,160438
29201191,29201674,483,163380
29201674,29202954,1280,129443
29202954,29203838,884,130101
29203838,29205023,1185,129805
29205023,29206135,1112,19366
29206135,29207248,1113,162238
29207248,29208350,1102,10674
29208350,29209399,1049,171109
29209399,29210360,961,81859
29210360,29211126,766,129659
29211126,29212364,1238,293959
29212364,29213556,1192,143271
29213556,29214535,979,10327
29214535,29215794,1259,127704
29215794,29217136,1342,122806
29217136,29218333,1197,76055
29218333,29219459,1126,121766
29219459,29219906,447,158074
29219906,29221017,1111,296473
29221017,29222245,1228,104491
29222245,29223219,974,135814
29223219,29224494,1275,132592
29224494,29225073,579,129325
29225073,29226371,1298,72210
29226371,29227243,872,15081
29227243,29228396,1153,233382
29228396,29229699,1303,276735
29229699,29230972,1273,145700
29230972,29232119,1147,258954
29232119,29233349,1230,133220
29233349,29234465,1116,156738
29234465,29234964,499,178030
29234964,29236156,1192,9914
29236156,29237119,963,142848
29237119,29238294,1175,135580
29238294,29239365,1071,130127
29239365,29239772,407,126408
29239772,29241034,1262,121760
29241034,29242079,1045,166423
29242079,29243212,1133,109656
29243212,29244488,1276,98878
29244488,29245209,721,104717
29245209,29246380,1171,101580
29246380,29247451,1071,279849
29247451,29248653,1202,126794
29248653,29249687,1034,54666
29249687,29250792,1105,129011
29250792,29251799,1007,258283
29251799,29253031,1232,113273
29253031,29253905,874,87791
29253905,29254899,994,69422
29254899,29256031,1132,169291
29256031,29256783,752,130989
29256783,29257894,1111,292138
29257894,29259155,1261,10674
29259155,29260474,1319,258993
29260474,29261758,1284,19373
29261758,29262879,1121,291458
29262879,29264094,1215,108066
29264094,29265272,1178,56179
29265272,29266442,1170,68192
29266442,29267654,1212,135894
29267654,29268185,531,20410
29268185,29269214,1029,134830
29269214,29270494,1280,220980
29270494,29271317,823,141209
29271317,29272386,1069,93470
29272386,29273472,1086,88089
29273472,29274644,1172,138290
29274644,29275817,1173,68369
29275817,29277098,1281,176854
29277098,29278183,1085,121064
29278183,29279499,1316,174132
29279499,29280650,1151,171108
29280650,29281807,1157,138290
29281807,29282870,1063,86777
29282870,29284125,1255,126929
29284125,29285216,1091,46268
29285216,29286351,1135,156738
29286351,29287589,1238,137483
29287589,29288132,543,76043
29288132,29288899,767,125951
29288899,29290078,1179,10701
29290078,29291228,1150,69422
29291228,29292294,1066,117899
29292294,29293434,1140,41172
29293434,29294675,1241,123443
29294675,29295798,1123,283138
29295798,29296989,1191,44937
29296989,29298242,1253,130755
29298242,29299336,1094,68344
29299336,29300507,1171,32136
29300507,29301587,1080,71531
29301587,29302558,971,100045
29302558,29303816,1258,105398
29303816,29304699,883,41259
29304699,29305644,945,129623
29305644,29306411,767,138289
29306411,29307354,943,15081
29307354,29308417,1063,183239
29308417,29309552,1135,112593
29309552,29310834,1282,129581
29310834,29311811,977,10160
29311811,29312103,292,171133
29312103,29313307,1204,5083
29313307,29314312,1005,122467
29314312,29315476,1164,12332
29315476,29316496,1020,126929
29316496,29317517,1021,87547
29317517,29317806,289,121543
29317806,29318034,228,129805
29318034,29319232,1198,122863
29319232,29320422,1190,101283
29320422,29321511,1089,164187
29321511,29322556,1045,113336
29322556,29323788,1232,147963
29323788,29324848,1060,53320
29324848,29325988,1140,34483
29325988,29326867,879,170952
29326867,29328059,1192,55202
29328059,29328548,489,111961
29328548,29329685,1137,141240
29329685,29330414,729,157057
29330414,29331180,766,137154
29331180,29331495,315,142733
29331495,29332746,1251,73073
29332746,29333687,941,279233
29333687,29334855,1168,135891
29334855,29336061,1206,184264
29336061,29336744,683,155949
29336744,29337855,1111,76046
29337855,29339017,1162,61316
29339017,29340202,1185,19132
29340202,29341395,1193,170212
29341395,29342651,1256,114469
29342651,29343912,1261,115968
29343912,29344997,1085,148521
29344997,29345280,283,67863
29345280,29346343,1063,170453
29346343,29347482,1139,92806
29347482,29347726,244,46240
29347726,29348968,1242,31091
29348968,29350263,1295,232057
29350263,29351452,1189,142279
29351452,29352685,1233,92915
29352685,29353403,718,1189
29353403,29354188,785,122467
29354188,29355388,1200,46890
29355388,29356448,1060,58845
29356448,29357598,1150,245691
29357598,29357766,168,140040
29357766,29358751,985,44586
29358751,29359787,1036,43296
29359787,29361096,1309,291107
29361096,29362202,1106,157861
29362202,29363365,1163,138033
29363365,29364433,1068,86710
29364433,29365618,1185,135657
29365618,29366702,1084,128329
29366702,29367872,1170,49755
29367872,29368512,640,117384
29368512,29369693,1181,102240
29369693,29370516,823,5791
29370516,29370857,341,91192
29370857,29372074,1217,102250
29372074,29373063,989,77782
29373063,29373428,365,5703
29373428,29374735,1307,127215
29374735,29375922,1187,134451
29375922,29377099,1177,58869
29377099,29377888,789,133440
29377888,29378381,493,139361
29378381,29378856,475,114971
29378856,29379265,409,41166
29379265,29380444,1179,155646
29380444,29381557,1113,126959
29381557,29382729,1172,158796
29382729,29383840,1111,108638
29383840,29384991,1151,5083
29384991,29386207,1216,139681
29386207,29387393,1186,4275
29387393,29388363,970,95870
29388363,29389462,1099,109176
29389462,29390712,1250,123197
29390712,29391913,1201,132484
29391913,29393032,1119,62516
29393032,29394154,1122,174953
29394154,29395406,1252,11079
29395406,29396647,1241,142744
29396647,29396874,227,187024
29396874,29397482,608,45217
29397482,29398622,1140,131295
29398622,29399729,1107,72205
29399729,29400924,1195,290923
29400924,29402132,1208,109185
29402132,29403414,1282,294523
29403414,29404677,1263,12731
29404677,29405068,391,275147
29405068,29405741,673,163381
29405741,29406806,1065,156981
29406806,29408033,1227,147963
29408033,29409111,1078,121528
29409111,29410320,1209,137483
29410320,29411463,1143,171109
29411463,29412465,1002,160952
29412465,29413724,1259,176853
29413724,29414901,1177,154284
29414901,29415488,587,139009
29415488,29416617,1129,47030
29416617,29417410,793,32139
29417410,29418648,1238,64713
29418648,29419571,923,122544
29419571,29420687,1116,133630
29420687,29421549,862,275218
29421549,29422667,1118,160952
29422667,29423349,682,112592
29423349,29424585,1236,106367
29424585,29425127,542,32639
29425127,29426235,1108,125147
29426235,29426714,479,126480
29426714,29428008,1294,290350
29428008,29429009,1001,123192
29429009,29430151,1142,132718
29430151,29431344,1193,862
29431344,29432537,1193,12332
29432537,29433698,1161,103481
29433698,29434241,543,104986
29434241,29435557,1316,25951
29435557,29436776,1219,121729
29436776,29438063,1287,9321
29438063,29438738,675,73728
29438738,29439943,1205,8927
29439943,29440880,937,141791
29440880,29442077,1197,8689
29442077,29443345,1268,121106
29443345,29444555,1210,78193
29444555,29445799,1244,75355
29445799,29447104,1305,124526
29447104,29447747,643,133290
29447747,29448748,1001,117382
29448748,29449481,733,136280
29449481,29450722,1241,142358
29450722,29451736,1014,91801
29451736,29452955,1219,1730
29452955,29454245,1290,2503
29454245,29454482,237,30591
29454482,29455621,1139,152864
29455621,29456871,1250,25765
29456871,29457633,762,137628
29457633,29458768,1135,155948
29458768,29459819,1051,21393
29459819,29460771,952,128761
29460771,29461971,1200,121669
29461971,29462183,212,154671
29462183,29463344,1161,44576
29463344,29464569,1225,187024
29464569,29465786,1217,149881
29465786,29466647,861,129324
29466647,29467701,1054,135826
29467701,29468788,1087,121413
29468788,29469876,1088,34497
29469876,29470407,531,124224
29470407,29471580,1173,134160
29471580,29472711,1131,64298
29472711,29473871,1160,62558
29473871,29474843,972,129396
29474843,29476072,1229,234106
29476072,29477149,1077,164328
29477149,29478023,874,46240
29478023,29478727,704,129066
29478727,29478859,132,178149
29478859,29480160,1301,291170
29480160,29481307,1147,121729
29481307,29482386,1079,1150
29482386,29483646,1260,48361
29483646,29484487,841,141135
29484487,29485789,1302,4158
29485789,29486357,568,129808
29486357,29487507,1150,170453
29487507,29488824,1317,12707
29488824,29490171,1347,142320
29490171,29491152,981,57836
29491152,29491729,577,129597
29491729,29492870,1141,70843
29492870,29494119,1249,1732
29494119,29495187,1068,92002
29495187,29495891,704,11734
29495891,29496210,319,73295
29496210,29497439,1229,141208
29497439,29498663,1224,47032
29498663,29499817,1154,160187
29499817,29501060,1243,262305
29501060,29502081,1021,81881
29502081,29502589,508,12707
29502589,29503619,1030,130184
29503619,29504813,1194,162375
29504813,29506048,1235,187024
29506048,29507318,1270,122467
29507318,29508470,1152,143262
29508470,29509691,1221,178149
29509691,29511014,1323,83633
29511014,29512332,1318,10344
29512332,29513569,1237,140071
29513569,29514814,1245,14976
29514814,29515823,1009,155949
29515823,29516173,350,7239
29516173,29516994,821,141148
29516994,29518277,1283,126410
29518277,29518846,569,170982
29518846,29519938,1092,140041
29519938,29521202,1264,366
29521202,29522433,1231,199
29522433,29523149,716,13185
29523149,29524040,891,148522
29524040,29525212,1172,1560
29525212,29526284,1072,19366
29526284,29527239,955,141174
29527239,29528545,1306,140931
29528545,29529283,738,142279
29529283,29530469,1186,77173
29530469,29531556,1087,28380
29531556,29532717,1161,125883
29532717,29533952,1235,73848
29533952,29535231,1279,6541
29535231,29535546,315,82558
29535546,29536729,1183,5911
29536729,29537963,1234,285896
29537963,29538535,572,129317
29538535,29539724,1189,126945
29539724,29540687,963,22178
29540687,29541978,1291,30106
29541978,29543094,1116,283228
29543094,29544281,1187,127595
29544281,29545582,1301,110238
29545582,29546600,1018,182402
29546600,29547732,1132,127704
29547732,29548891,1159,36146
29548891,29550089,1198,262269
29550089,29551223,1134,252342
29551223,29552097,874,5097
29552097,29553098,1001,4690
29553098,29554229,1131,138631
29554229,29555253,1024,224746
29555253,29556583,1330,129443
29556583,29557334,751,122627
29557334,29558045,711,57831
29558045,29559307,1262,282383
29559307,29559835,528,156738
29559835,29560210,375,121741
29560210,29561359,1149,36641
29561359,29562703,1344,85635
29562703,29563422,719,85684
29563422,29564502,1080,5758
29564502,29564873,371,54006
29564873,29565367,494,132484
29565367,29566600,1233,5710
29566600,29567794,1194,130989
29567794,29568647,853,140222
29568647,29569828,1181,58012
29569828,29570961,1133,133220
29570961,29572010,1049,1732
29572010,29573119,1109,76055
29573119,29574303,1184,86045
29574303,29575486,1183,102240
29575486,29576119,633,89388
29576119,29577154,1035,71404
29577154,29578311,1157,132069
29578311,29579607,1296,58433
29579607,29580659,1052,105168
29580659,29581901,1242,117382
29581901,29583031,1130,19665
29583031,29583398,367,10674
29583398,29584405,1007,134434
29584405,29585496,1091,130549
29585496,29586434,938,258993
29586434,29587673,1239,77778
29587673,29588798,1125,185466
29588798,29589712,914,3961
29589712,29590774,1062,105398
29590774,29591881,1107,234106
29591881,29593067,1186,231838
29593067,29594246,1179,12539
29594246,29595487,1241,281188
29595487,29596144,657,122801
29596144,29596897,753,114452
29596897,29597866,969,137739
29597866,29598611,745,10798
29598611,29599675,1064,19361
29599675,29600801,1126,68369
29600801,29601891,1090,254948
29601891,29602474,583,126796
29602474,29603653,1179,171133
29603653,29604939,1286,130105
29604939,29606079,1140,38660
29606079,29606393,314,304535
29606393,29607250,857,101578
29607250,29607982,732,302111
29607982,29609199,1217,121661
29609199,29609394,195,76974
29609394,29610655,1261,9919
29610655,29611584,929,108620
29611584,29612807,1223,104886
29612807,29613812,1005,284428
29613812,29614261,449,122944
29614261,29614962,701,39478
29614962,29616187,1225,170440
29616187,29617296,1109,258974
29617296,29618453,1157,149033
29618453,29618978,525,131113
29618978,29619557,579,282357
29619557,29620662,1105,52088
29620662,29621803,1141,26947
29621803,29623021,1218,39761
29623021,29624380,1359,138032
29624380,29625507,1127,92806
29625507,29626715,1208,64974
29626715,29627216,501,199
29627216,29627711,495,149939
29627711,29628895,1184,32886
29628895,29629731,836,25951
29629731,29630804,1073,365
29630804,29631688,884,14526
29631688,29632798,1110,64974
29632798,29633712,914,157644
29633712,29634673,961,126794
29634673,29635722,1049,138656
29635722,29636725,1003,67233
29636725,29637650,925,216567
29637650,29638433,783,135229
29638433,29639431,998,93277
29639431,29640699,1268,142358
29640699,29641937,1238,29012
29641937,29643039,1102,70756
29643039,29644115,1076,124547
29644115,29645166,1051,121543
29645166,29646186,1020,36641
29646186,29647427,1241,124999
29647427,29648622,1195,105168
29648622,29648821,199,50776
29648821,29649771,950,131004
29649771,29650686,915,107627
29650686,29651818,1132,6525
29651818,29653034,1216,143521
29653034,29654083,1049,293168
29654083,29655356,1273,94108
29655356,29656573,1217,121064
29656573,29657713,1140,121543
29657713,29658958,1245,276908
29658958,29660080,1122,395
29660080,29660395,315,86765
29660395,29661569,1174,52088
29661569,29662700,1131,9010
29662700,29662965,265,143521
29662965,29664146,1181,290363
29664146,29664841,695,16020
29664841,29665573,732,39910
29665573,29665810,237,132891
29665810,29667015,1205,64588
29667015,29667183,168,41151
29667183,29668404,1221,107621
29668404,29668554,150,134789
29668554,29668872,318,99124
29668872,29669852,980,102240
29669852,29670617,765,276908
29670617,29671728,1111,125945
29671728,29672937,1209,139291
29672937,29674077,1140,39476
29674077,29674731,654,133273
29674731,29675605,874,39476
29675605,29676772,1167,4275
29676772,29677650,878,133440
29677650,29678790,1140,11243
29678790,29679797,1007,246948
29679797,29680950,1153,291172
29680950,29682134,1184,1730
29682134,29682881,747,278289
29682881,29684120,1239,139350
29684120,29685375,1255,152826
29685375,29685563,188,258986
29685563,29686650,1087,83606
29686650,29687770,1120,8912
29687770,29689013,1243,48848
29689013,29690108,1095,125118
29690108,29691077,969,105405
29691077,29692233,1156,76055
29692233,29693399,1166,129324
29693399,29693691,292,145699
29693691,29694606,915,121446
29694606,29695810,1204,281188
29695810,29696098,288,128669
29696098,29697098,1000,88363
29697098,29697555,457,76973
29697555,29697717,162,164101
29697717,29698244,527,141235
29698244,29698663,419,130870
29698663,29698953,290,103126
29698953,29700158,1205,48830
29700158,29701227,1069,39910
29701227,29702324,1097,123268
29702324,29703568,1244,133393
29703568,29704423,855,175448
29704423,29705790,1367,286306
29705790,29707019,1229,161975
29707019,29708183,1164,135020
29708183,29709200,1017,121658
29709200,29710482,1282,105179
29710482,29710753,271,132707
29710753,29711983,1230,128631
29711983,29713178,1195,291608
29713178,29714267,1089,176660
29714267,29715468,1201,69412
29715468,29716623,1155,123215
29716623,29717735,1112,123163
29717735,29718612,877,123285
29718612,29718895,283,168198
29718895,29720078,1183,183988
29720078,29720724,646,170212
29720724,29721802,1078,292347
29721802,29722988,1186,5417
29722988,29724194,1206,104717
29724194,29725261,1067,245691
29725261,29725638,377,280922
29725638,29726885,1247,175448
29726885,29728172,1287,54487
29728172,29728400,228,117382
29728400,29729138,738,19373
29729138,29729762,624,4687
29729762,29730698,936,69550
29730698,29731945,1247,171134
29731945,29733150,1205,48831
29733150,29734039,889,133396
29734039,29734485,446,291379
29734485,29735720,1235,121024
29735720,29737033,1313,144986
29737033,29738066,1033,290365
29738066,29739265,1199,176278
29739265,29740218,953,12332
29740218,29741339,1121,126312
29741339,29742469,1130,50776
29742469,29742926,457,153731
29742926,29744178,1252,259009
29744178,29745273,1095,294523
29745273,29746556,1283,49755
29746556,29747805,1249,129597
29747805,29748640,835,294523
29748640,29749748,1108,281131
29749748,29750865,1117,258266
29750865,29751815,950,144987
29751815,29753002,1187,130503
29753002,29753875,873,49755
29753875,29754900,1025,142318
29754900,29755952,1052,163612
29755952,29757120,1168,281471
29757120,29757484,364,32658
29757484,29758694,1210,126233
29758694,29759809,1115,157475
29759809,29760965,1156,10088
29760965,29762171,1206,121415
29762171,29762972,801,120583
29762972,29764210,1238,89390
29764210,29765377,1167,233382
29765377,29765998,621,143321
29765998,29766561,563,185125
29766561,29767639,1078,115047
29767639,29768512,873,131004
29768512,29769784,1272,155646
29769784,29770997,1213,134728
29770997,29772285,1288,58843
29772285,29773116,831,4275
29773116,29773961,845,130127
29773961,29774847,886,10347
29774847,29776156,1309,22574
29776156,29777510,1354,14653
29777510,29778339,829,126851
29778339,29779606,1267,143946
29779606,29780853,1247,12544
29780853,29782077,1224,142733
29782077,29783074,997,17615
29783074,29784262,1188,156720
29784262,29785356,1094,128761
29785356,29786524,1168,133290
29786524,29787677,1153,99157
29787677,29788744,1067,130588
29788744,29789540,796,136458
29789540,29790588,1048,141791
29790588,29791723,1135,114468
29791723,29792909,1186,64956
29792909,29793223,314,9010
29793223,29794361,1138,181961
29794361,29794605,244,155944
29794605,29795740,1135,113273
29795740,29796341,601,2327
29796341,29797435,1094,10344
29797435,29798417,982,140221
29798417,29799648,1231,156967
29799648,29800800,1152,73847
29800800,29801534,734,291953
29801534,29802374,840,127936
29802374,29803649,1275,112592
29803649,29804910,1261,86732
29804910,29805778,868,136458
29805778,29806381,603,123013
29806381,29807569,1188,123215
29807569,29808824,1255,285135
29808824,29809939,1115,64708
29809939,29811112,1173,169293
29811112,29812375,1263,156154
29812375,29813376,1001,15305
29813376,29814534,1158,8912
29814534,29815638,1104,124999
29815638,29816570,932,79973
29816570,29817638,1068,77361
29817638,29818899,1261,142733
29818899,29819577,678,46268
29819577,29820694,1117,295710
29820694,29821778,1084,134170
29821778,29822802,1024,28462
29822802,29823816,1014,103120
29823816,29824738,922,140725
29824738,29825797,1059,29090
29825797,29826754,957,130164
29826754,29827803,1049,271811
29827803,29828929,1126,12538
29828929,29830254,1325,149245
29830254,29831427,1173,140221
29831427,29831948,521,157066
29831948,29833190,1242,54666
29833190,29833783,593,117384
29833783,29834897,1114,140718
29834897,29835562,665,258266
29835562,29836480,918,110061
29836480,29837713,1233,161707
29837713,29838663,950,61741
29838663,29839969,1306,11049
29839969,29841186,1217,152224
29841186,29842279,1093,121068
29842279,29842812,533,139752
29842812,29843975,1163,133220
29843975,29845139,1164,132644
29845139,29846090,951,168500
29846090,29847363,1273,160952
29847363,29848396,1033,90852
29848396,29849523,1127,87280
29849523,29850508,985,104886
29850508,29851455,947,114971
29851455,29852532,1077,108621
29852532,29853681,1149,73846
29853681,29854928,1247,139742
29854928,29856223,1295,137608
29856223,29857185,962,153309
29857185,29858485,1300,139356
29858485,29858687,202,88489
29858687,29859924,1237,125084
29859924,29861143,1219,258986
29861143,29862402,1259,75939
29862402,29863061,659,233382
29863061,29863907,846,861
29863907,29865253,1346,88489
29865253,29866126,873,278228
29866126,29867286,1160,216567
29867286,29868530,1244,161101
29868530,29869480,950,6541
29869480,29870781,1301,293529
29870781,29872041,1260,20023
29872041,29873152,1111,293957
29873152,29874097,945,128761
29874097,29874347,250,102381
29874347,29875395,1048,137154
29875395,29876658,1263,64713
29876658,29877516,858,99156
29877516,29878432,916,94523
29878432,29879688,1256,121106
29879688,29880824,1136,11049
29880824,29882014,1190,57837
29882014,29883285,1271,124547
29883285,29883815,530,26894
29883815,29884812,997,127595
29884812,29885726,914,105673
29885726,29886710,984,102238
29886710,29887914,1204,64708
29887914,29888974,1060,26951
29888974,29890014,1040,290349
29890014,29890322,308,137739
29890322,29891123,801,275885
29891123,29892408,1285,244443
29892408,29893690,1282,149245
29893690,29894480,790,109179
29894480,29895723,1243,130489
29895723,29896402,679,10327
29896402,29897662,1260,13256
29897662,29898125,463,61316
29898125,29899316,1191,127597
29899316,29900304,988,27504
29900304,29900465,161,140651
29900465,29901690,1225,66465
29901690,29902831,1141,168626
29902831,29903262,431,11049
29903262,29904394,1132,103126
29904394,29905561,1167,132800
29905561,29906548,987,279153
29906548,29907628,1080,130492
29907628,29908859,1231,70837
29908859,29909179,320,105398
29909179,29910412,1233,123284
29910412,29911650,1238,127522
29911650,29912519,869,121741
29912519,29913457,938,127595
29913457,29914309,852,163527
29914309,29915532,1223,126945
29915532,29916717,1185,292252
29916717,29917934,1217,291101
29917934,29918524,590,139741
29918524,29919673,1149,130516
29919673,29919903,230,155968
29919903,29920759,856,174953
29920759,29921940,1181,140067
29921940,29923023,1083,1536
29923023,29923968,945,126319
29923968,29925181,1213,184264
29925181,29926134,953,124221
29926134,29926978,844,14526
29926978,29928119,1141,122828
29928119,29929163,1044,291107
29929163,29930436,1273,75939
29930436,29931498,1062,283462
29931498,29932531,1033,296159
29932531,29933418,887,51162
29933418,29934276,858,116804
29934276,29935470,1194,1562
29935470,29936437,967,65803
29936437,29937068,631,258959
29937068,29938180,1112,8592
29938180,29939399,1219,101884
29939399,29940597,1198,133225
29940597,29941807,1210,32639
29941807,29943013,1206,95441
29943013,29943710,697,138290
29943710,29944670,960,104890
29944670,29945473,803,18004
29945473,29945648,175,20028
29945648,29946794,1146,57156
29946794,29947901,1107,131735
29947901,29949089,1188,156968
29949089,29950295,1206,7574
29950295,29951390,1095,6525
29951390,29952610,1220,127537
29952610,29953799,1189,135216
29953799,29955022,1223,105167
29955022,29956273,1251,10642
29956273,29957512,1239,41933
29957512,29958555,1043,176698
29958555,29959532,977,172156
29959532,29960813,1281,133224
29960813,29961945,1132,10160
29961945,29962794,849,101854
29962794,29963884,1090,123866
29963884,29963996,112,156968
29963996,29965129,1133,16802
29965129,29965908,779,123135
29965908,29966975,1067,181420
29966975,29967538,563,158816
29967538,29968700,1162,139355
29968700,29969832,1132,141240
29969832,29970683,851,279233
29970683,29971731,1048,98645
29971731,29972902,1171,122828
29972902,29973421,519,3967
29973421,29974170,749,129587
29974170,29974606,436,176278
29974606,29975704,1098,126233
29975704,29976812,1108,141148
29976812,29977911,1099,138043
29977911,29978754,843,141209
29978754,29979900,1146,16802
29979900,29980950,1050,171137
29980950,29982221,1271,304541
29982221,29983099,878,163505
29983099,29984266,1167,102250
29984266,29985469,1203,153731
29985469,29986674,1205,156159
29986674,29987914,1240,44577
29987914,29988964,1050,8674
29988964,29989698,734,76046
29989698,29989921,223,32136
29989921,29991169,1248,159386
29991169,29992471,1302,68359
29992471,29993539,1068,150843
29993539,29994500,961,87508
29994500,29995697,1197,72207
29995697,29996398,701,133220
29996398,29997401,1003,46890
29997401,29998540,1139,26987
29998540,29999717,1177,134420
29999717,30000792,1075,168500
30000792,30001987,1195,2327
30001987,30002752,765,244443
30002752,30004291,1539,85685
30004291,30005302,1011,46712
30005302,30006582,1280,6397
30006582,30007823,1241,15081
30007823,30008986,1163,135891
30008986,30010107,1121,1189
30010107,30011323,1216,122825
30011323,30011591,268,126928
30011591,30012730,1139,134728
30012730,30013991,1261,134728
30013991,30014598,607,102526
30014598,30015534,936,170951
30015534,30016754,1220,20410
30016754,30017879,1125,123190
30017879,30019152,1273,92002
30019152,30020406,1254,176698
30020406,30021547,1141,138901
30021547,30022652,1105,258960
30022652,30023805,1153,155972
30023805,30025085,1280,304541
30025085,30025721,636,89882
30025721,30026400,679,95441
30026400,30027659,1259,25951
30027659,30028888,1229,233342
30028888,30030013,1125,64738
30030013,30030790,777,11535
30030790,30032009,1219,6174
30032009,30032827,818,8674
30032827,30034028,1201,160958
30034028,30035289,1261,285135
30035289,30036252,963,120277
30036252,30037545,1293,283242
30037545,30038544,999,139743
30038544,30039403,859,129324
30039403,30040030,627,135814
30040030,30040465,435,104483
30040465,30041420,955,296465
30041420,30042594,1174,72927
30042594,30043734,1140,123443
30043734,30044921,1187,293529
30044921,30045414,493,128309
30045414,30045980,566,137608
30045980,30047058,1078,130225
30047058,30047485,427,134451
30047485,30047902,417,29012
30047902,30049125,1223,133290
30049125,30050364,1239,300225
30050364,30051560,1196,91192
30051560,30052739,1179,89390
30052739,30053916,1177,123998
30053916,30055035,1119,151817
30055035,30056186,1151,30105
30056186,30057355,1169,19366
30057355,30058578,1223,262269
30058578,30059719,1141,157236
30059719,30061009,1290,80189
30061009,30062371,1362,141235
30062371,30063736,1365,89894
30063736,30064851,1115,154736
30064851,30066069,1218,77361
30066069,30066752,683,83607
30066752,30067849,1097,157057
30067849,30068986,1137,40556
30068986,30070005,1019,291107
30070005,30071242,1237,130625
30071242,30071799,557,121064
30071799,30072924,1125,130625
30072924,30073963,1039,296467
30073963,30075239,1276,142858
30075239,30075695,456,118112
30075695,30076500,805,133396
30076500,30077525,1025,164187
30077525,30078723,1198,132710
30078723,30079344,621,150916
30079344,30080378,1034,283242
30080378,30081223,845,102239
30081223,30082020,797,283228
30082020,30083196,1176,133630
30083196,30084489,1293,187024
30084489,30085456,967,185436
30085456,30086685,1229,122626
30086685,30087609,924,100043
30087609,30088679,1070,294697
30088679,30089908,1229,70998
30089908,30090664,756,101836
30090664,30091841,1177,125140
30091841,30092996,1155,156967
30092996,30094297,1301,114452
30094297,30095474,1177,70756
30095474,30095961,487,165428
30095961,30097194,1233,130093
30097194,30098518,1324,74798
30098518,30099353,835,68344
30099353,30100498,1145,96498
30100498,30101358,860,39661
30101358,30102366,1008,107621
30102366,30103540,1174,88007
30103540,30103963,423,132592
30103963,30105132,1169,147989
30105132,30106133,1001,124526
30106133,30107121,988,129064
30107121,30108302,1181,134176
30108302,30109413,1111,132530
30109413,30110688,1275,282383
30110688,30111626,938,156720
30111626,30112812,1186,73848
30112812,30113242,430,87791
30113242,30114422,1180,139009
30114422,30115093,671,102381
30115093,30116368,1275,61758
30116368,30117339,971,352
30117339,30118576,1237,262305
30118576,30119463,887,291609
30119463,30120609,1146,73958
30120609,30121486,877,121720
30121486,30122597,1111,130516
30122597,30123299,702,10089
30123299,30124584,1285,149738
30124584,30125654,1070,120325
30125654,30126236,582,77173
30126236,30126475,239,139741
30126475,30127594,1119,131004
30127594,30128756,1162,120330
30128756,30129489,733,1188
30129489,30130685,1196,187024
30130685,30131965,1280,3961
30131965,30133137,1172,138115
30133137,30134424,1287,133471
30134424,30135479,1055,130975
30135479,30136414,935,135264
30136414,30136717,303,115687
30136717,30137798,1081,96498
30137798,30138154,356,143484
30138154,30139210,1056,284428
30139210,30140373,1163,103126
30140373,30141388,1015,147110
30141388,30142520,1132,77361
30142520,30143638,1118,145701
30143638,30144765,1127,287357
30144765,30145969,1204,121543
30145969,30147298,1329,288044
30147298,30148591,1293,130727
30148591,30148967,376,128660
30148967,30149623,656,71320
30149623,30150845,1222,160188
30150845,30152085,1240,161102
30152085,30153238,1153,170982
30153238,30154472,1234,163612
30154472,30155530,1058,199
30155530,30156655,1125,28375
30156655,30157510,855,232057
30157510,30158464,954,98877
30158464,30159010,546,41610
30159010,30160169,1159,104491
30160169,30161176,1007,254948
30161176,30162386,1210,48848
30162386,30162642,256,159386
30162642,30163508,866,258959
30163508,30164030,522,151817
30164030,30164994,964,294114
30164994,30166231,1237,277899
30166231,30167012,781,176680
30167012,30167235,223,294700
30167235,30167898,663,173230
30167898,30169129,1231,102240
30169129,30170303,1174,68188
30170303,30171420,1117,10347
30171420,30172764,1344,276735
30172764,30173866,1102,122806
30173866,30174955,1089,4158
30174955,30176238,1283,148522
30176238,30177232,994,122614
30177232,30178475,1243,115047
30178475,30179698,1223,77173
30179698,30180686,988,89735
30180686,30181911,1225,6524
30181911,30182785,874,98645
30182785,30183762,977,47030
30183762,30184810,1048,176270
30184810,30186000,1190,8689
30186000,30186158,158,231862
30186158,30187350,1192,61780
30187350,30187845,495,34572
30187845,30188546,701,5083
30188546,30189777,1231,290365
30189777,30190894,1117,105171
30190894,30191884,990,252342
30191884,30193133,1249,284424
30193133,30194100,967,130975
30194100,30194429,329,126221
30194429,30195224,795,155949
30195224,30196409,1185,126410
30196409,30197572,1163,98878
30197572,30198664,1092,121024
30198664,30199921,1257,89735
30199921,30200236,315,99157
30200236,30201486,1250,108066
30201486,30202630,1144,21498
30202630,30203715,1085,6541
30203715,30204720,1005,52087
30204720,30205011,291,39910
30205011,30206281,1270,144135
30206281,30207476,1195,121331
30207476,30208718,1242,23311
30208718,30209703,985,156718
30209703,30210538,835,63713
30210538,30211703,1165,149739
30211703,30212924,1221,160438
30212924,30213871,947,56778
30213871,30214805,934,164327
30214805,30215024,219,134717
30215024,30216260,1236,294554
30216260,30217485,1225,95875
30217485,30217781,296,121068
30217781,30218880,1099,132776
30218880,30219893,1013,54667
30219893,30221245,1352,122544
30221245,30221984,739,39477
30221984,30223105,1121,61780
30223105,30224214,1109,99124
30224214,30225435,1221,106800
30225435,30225778,343,5083
30225778,30227085,1307,107483
30227085,30227423,338,108638
30227423,30228579,1156,133834
30228579,30229733,1154,142358
30229733,30230778,1045,11535
30230778,30231966,1188,105167
30231966,30233232,1266,301694
30233232,30234132,900,131218
30234132,30235201,1069,129808
30235201,30236244,1043,176854
30236244,30237414,1170,94526
30237414,30238584,1170,125882
30238584,30239584,1000,287357
30239584,30240516,932,176263
30240516,30240947,431,110520
30240947,30242168,1221,130625
30242168,30243478,1310,185126
30243478,30244275,797,102381
30244275,30244703,428,96672
30244703,30245944,1241,132485
30245944,30247111,1167,262269
30247111,30248288,1177,268287
30248288,30248856,568,6556
30248856,30249254,398,287659
30249254,30250510,1256,158744
30250510,30250840,330,56777
30250840,30251740,900,134636
30251740,30252896,1156,3967
30252896,30253789,893,107486
30253789,30254828,1039,100145
30254828,30256047,1219,147159
30256047,30257094,1047,137483
30257094,30258299,1205,155949
30258299,30259630,1331,135897
30259630,30260735,1105,167609
30260735,30262000,1265,68359
30262000,30263011,1011,121541
30263011,30263575,564,135580
30263575,30264372,797,147968
30264372,30265438,1066,5341
30265438,30265785,347,71401
30265785,30266814,1029,131203
30266814,30267984,1170,291379
30267984,30268789,805,77173
30268789,30270105,1316,138113
30270105,30270941,836,46240
30270941,30272178,1237,138042
30272178,30273357,1179,123049
30273357,30274636,1279,61356
30274636,30275281,645,7894
30275281,30276105,824,44575
30276105,30277193,1088,154838
30277193,30278404,1211,80656
30278404,30279763,1359,104391
30279763,30281004,1241,147159
30281004,30282250,1246,90847
30282250,30283277,1027,21305
30283277,30284291,1014,140222
30284291,30285458,1167,124587
30285458,30286705,1247,113273
30286705,30287752,1047,130492
30287752,30289019,1267,8592
30289019,30290140,1121,208
30290140,30291310,1170,107520
30291310,30292259,949,154673
30292259,30293363,1104,101289
30293363,30294066,703,61317
30294066,30295315,1249,178149
30295315,30295686,371,15305
30295686,30296832,1146,11079
30296832,30298111,1279,135814
30298111,30298319,208,132710
30298319,30299469,1150,142848
30299469,30299909,440,102239
30299909,30301116,1207,126961
30301116,30302375,1259,104491
30302375,30303359,984,72200
30303359,30304003,644,134981
30304003,30305240,1237,9210
30305240,30305675,435,105167
30305675,30306474,799,149798
30306474,30307514,1040,1188
30307514,30308841,1327,142362
30308841,30309004,163,245708
30309004,30310045,1041,292252
30310045,30311046,1001,41170
30311046,30312096,1050,132069
30312096,30313127,1031,39476
30313127,30314176,1049,25766
30314176,30315043,867,169293
30315043,30316211,1168,134451
30316211,30317323,1112,254948
30317323,30318388,1065,123283
30318388,30319525,1137,149880
30319525,30320588,1063,144135
30320588,30321805,1217,9920
30321805,30323072,1267,128309
30323072,30324259,1187,105002
30324259,30325426,1167,133471
30325426,30325903,477,47238
30325903,30327170,1267,6498
30327170,30327423,253,89735
30327423,30327880,457,131276
30327880,30328771,891,68344
30328771,30329802,1031,295710
30329802,30331095,1293,134425
30331095,30332312,1217,25563
30332312,30333433,1121,287357
30333433,30334573,1140,103120
30334573,30335688,1115,161226
30335688,30336879,1191,31091
30336879,30338138,1259,177627
30338138,30339147,1009,291458
30339147,30339874,727,141571
30339874,30341008,1134,144999
30341008,30341395,387,18004
30341395,30341848,453,171139
30341848,30343012,1164,56222
30343012,30344172,1160,144019
30344172,30345463,1291,363
30345463,30346565,1102,124990
30346565,30347378,813,174953
30347378,30348696,1318,296473
30348696,30349998,1302,76574
30349998,30351034,1036,101265
30351034,30351709,675,177627
30351709,30352872,1163,126312
30352872,30353861,989,117899
30353861,30354982,1121,85684
30354982,30356285,1303,167024
30356285,30357416,1131,62347
30357416,30358627,1211,122806
30358627,30359868,1241,56837
30359868,30360930,1062,147173
30360930,30362175,1245,300225
30362175,30363327,1152,129583
30363327,30364515,1188,131256
30364515,30365748,1233,252341
30365748,30366819,1071,12545
30366819,30367016,197,187018
30367016,30368133,1117,135635
30368133,30369384,1251,162667
30369384,30370490,1106,126221
30370490,30371710,1220,26987
30371710,30372943,1233,296078
30372943,30373121,178,126600
30373121,30374000,879,168497
30374000,30375316,1316,163518
30375316,30376449,1133,26872
30376449,30377400,951,134708
30377400,30378613,1213,10642
30378613,30379815,1202,147990
30379815,30380487,672,30101
30380487,30381740,1253,282926
30381740,30382882,1142,121543
30382882,30384087,1205,1536
30384087,30385339,1252,114476
30385339,30386536,1197,163726
30386536,30387722,1186,280380
30387722,30388991,1269,144485
30388991,30390153,1162,129514
30390153,30391334,1181,132300
30391334,30391519,185,135762
30391519,30392782,1263,144965
30392782,30393772,990,72876
30393772,30394360,588,165428
30394360,30395254,894,48579
30395254,30396327,1073,63095
30396327,30397225,898,24731
30397225,30398313,1088,187464
30398313,30399270,957,11243
30399270,30400565,1295,127936
30400565,30401294,729,161707
30401294,30402362,1068,64956
30402362,30403655,1293,134660
30403655,30404664,1009,140725
30404664,30405721,1057,84010
30405721,30406941,1220,104391
30406941,30407936,995,150127
30407936,30409049,1113,301693
30409049,30410263,1214,101265
30410263,30411385,1122,137154
30411385,30412427,1042,156973
30412427,30413692,1265,31603
30413692,30414075,383,139308
30414075,30415174,1099,126928
30415174,30416223,1049,8675
30416223,30416891,668,46889
30416891,30417128,237,125147
30417128,30418235,1107,129011
30418235,30419467,1232,162239
30419467,30420714,1247,114452
30420714,30421306,592,157636
30421306,30422407,1101,48377
30422407,30423706,1299,258263
30423706,30424630,924,216563
30424630,30425322,692,57667
30425322,30426422,1100,103126
30426422,30427580,1158,138042
30427580,30428731,1151,293529
30428731,30429811,1080,157644
30429811,30430818,1007,161217
30430818,30431657,839,108638
30431657,30432755,1098,129011
30432755,30433874,1119,277898
30433874,30434935,1061,162375
30434935,30436061,1126,138032
30436061,30437208,1147,1536
30437208,30437493,285,128136
30437493,30437784,291,124526
30437784,30438689,905,275128
30438689,30439854,1165,67584
30439854,30441072,1218,139404
30441072,30441405,333,212
30441405,30442594,1189,296395
30442594,30443776,1182,30106
30443776,30444810,1034,34572
30444810,30446153,1343,125128
30446153,30446669,516,294120
30446669,30447549,880,12103
30447549,30447760,211,279153
30447760,30448566,806,95969
30448566,30449881,1315,86710
30449881,30451075,1194,141148
30451075,30452225,1150,135216
30452225,30453231,1006,135220
30453231,30454343,1112,73732
30454343,30455354,1011,25951
30455354,30455857,503,92420
30455857,30457017,1160,167597
30457017,30457422,405,13248
30457422,30458036,614,123266
30458036,30459293,1257,115047
30459293,30460490,1197,140718
30460490,30461621,1131,289453
30461621,30462774,1153,282386
30462774,30464057,1283,115046
30464057,30465249,1192,68770
30465249,30465857,608,362
30465857,30466276,419,171137
30466276,30467526,1250,292604
30467526,30468627,1101,139797
30468627,30469835,1208,150915
30469835,30471030,1195,45204
30471030,30471582,552,80690
30471582,30472429,847,154282
30472429,30473748,1319,36146
30473748,30474991,1243,220980
30474991,30475176,185,220951
30475176,30476007,831,270778
30476007,30476850,843,290365
30476850,30477497,647,3966
30477497,30477734,237,133225
30477734,30478951,1217,105167
30478951,30479896,945,12544
30479896,30480361,465,17942
30480361,30481606,1245,274376
30481606,30482495,889,304535
30482495,30483687,1192,293531
30483687,30484390,703,56840
30484390,30485270,880,126209
30485270,30485904,634,161975
30485904,30486624,720,138866
30486624,30487811,1187,5912
30487811,30489046,1235,124003
30489046,30490273,1227,7894
30490273,30491480,1207,108640
30491480,30492259,779,1539
30492259,30493472,1213,156718
30493472,30494605,1133,87766
30494605,30495873,1268,26558
30495873,30496863,990,26950
30496863,30497864,1001,18005
30497864,30499126,1262,1733
30499126,30499473,347,83607
30499473,30500753,1280,64588
30500753,30501959,1206,287359
30501959,30502790,831,132866
30502790,30503862,1072,150855
30503862,30504812,950,29091
30504812,30505602,790,157475
30505602,30506757,1155,134121
30506757,30507770,1013,101258
30507770,30508977,1207,65554
30508977,30509505,528,169293
30509505,30510818,1313,280380
30510818,30511982,1164,9174
30511982,30512995,1013,73728
30512995,30514199,1204,135654
30514199,30515455,1256,157400
30515455,30516473,1018,117899
30516473,30517412,939,54666
30517412,30518099,687,15082
30518099,30518678,579,61742
30518678,30519937,1259,231837
30519937,30520885,948,176660
30520885,30521867,982,139387
30521867,30523103,1236,282985
30523103,30523666,563,4687
30523666,30524200,534,132645
30524200,30525376,1176,135227
30525376,30526528,1152,120330
30526528,30526941,413,110522
30526941,30528204,1263,130103
30528204,30529220,1016,130533
30529220,30530489,1269,123284
30530489,30531624,1135,53638
30531624,30532545,921,126842
30532545,30533407,862,134119
30533407,30534446,1039,68762
30534446,30534771,325,279852
30534771,30535648,877,258986
30535648,30536635,987,25766
30536635,30537713,1078,277899
30537713,30538950,1237,147970
30538950,30540214,1264,132280
30540214,30541302,1088,99124
30541302,30542545,1243,95963
30542545,30543802,1257,133263
30543802,30544971,1169,103126
30544971,30546099,1128,48513
30546099,30547150,1051,133424
30547150,30547793,643,121729
30547793,30549066,1273,174132
30549066,30550267,1201,123284
30550267,30550420,153,216570
30550420,30551704,1284,54006
30551704,30552937,1233,1187
30552937,30553646,709,154838
30553646,30554932,1286,86039
30554932,30556101,1169,123135
30556101,30557278,1177,285135
30557278,30558425,1147,6541
30558425,30559786,1361,38026
30559786,30561079,1293,88349
30561079,30562123,1044,156154
30562123,30563337,1214,148993
30563337,30564042,705,133395
30564042,30565226,1184,21305
30565226,30566225,999,4158
30566225,30566535,310,271826
30566535,30567874,1339,129011
30567874,30569035,1161,19132
30569035,30569326,291,163612
30569326,30570595,1269,141279
30570595,30571397,802,141208
30571397,30572550,1153,66464
30572550,30573809,1259,71320
30573809,30574896,1087,224
30574896,30576039,1143,9210
30576039,30577130,1091,104986
30577130,30578310,1180,246893
30578310,30579041,731,139404
30579041,30579942,901,90852
30579942,30580335,393,141279
30580335,30581543,1208,28462
30581543,30582548,1005,129514
30582548,30583029,481,132645
30583029,30583471,442,121130
30583471,30584641,1170,131294
30584641,30585864,1223,122806
30585864,30587116,1252,123715
30587116,30588456,1340,288044
30588456,30589520,1064,276907
30589520,30590597,1077,124520
30590597,30590906,309,220979
30590906,30591901,995,284444
30591901,30592993,1092,4447
30592993,30594051,1058,138043
30594051,30595261,1210,114476
30595261,30596343,1082,274374
30596343,30596812,469,64292
30596812,30597526,714,131742
30597526,30598720,1194,157400
30598720,30599698,978,279363
30599698,30600874,1176,137597
30600874,30602135,1261,23295
30602135,30602680,545,148522
30602680,30603270,590,5083
30603270,30604483,1213,147159
30604483,30605604,1121,141148
30605604,30606875,1271,167022
30606875,30607998,1123,134728
30607998,30609307,1309,58137
30609307,30610372,1065,178450
30610372,30610606,234,134728
30610606,30611824,1218,106969
30611824,30613085,1261,57667
30613085,30614094,1009,119637
30614094,30615355,1261,128761
30615355,30616621,1266,126955
30616621,30617875,1254,258266
30617875,30618316,441,128632
30618316,30619418,1102,134451
30619418,30620370,952,82458
30620370,30621366,996,4687
30621366,30622531,1165,104491
30622531,30623353,822,129396
30623353,30624579,1226,93277
30624579,30624913,334,61741
30624913,30625934,1021,85640
30625934,30626997,1063,291107
30626997,30628285,1288,74797
30628285,30629346,1061,144135
30629346,30630514,1168,174511
30630514,30631674,1160,121760
30631674,30632899,1225,132650
30632899,30634068,1169,134830
30634068,30634952,884,132650
30634952,30636173,1221,150915
30636173,30637458,1285,133395
30637458,30638465,1007,176680
30638465,30639382,917,274376
30639382,30640517,1135,91905
30640517,30641296,779,136863
30641296,30642250,954,3966
30642250,30643521,1271,123266
30643521,30644538,1017,274558
30644538,30645559,1021,155972
30645559,30646460,901,130127
30646460,30647638,1178,63713
30647638,30648699,1061,123285
30648699,30649779,1080,34479
30649779,30650191,412,131228
30650191,30651408,1217,122627
30651408,30652565,1157,258250
30652565,30653430,865,124221
30653430,30653841,411,278289
30653841,30654877,1036,130529
30654877,30655142,265,18524
30655142,30656378,1236,139681
30656378,30657425,1047,91801
30657425,30658565,1140,163381
30658565,30659244,679,136483
30659244,30660483,1239,121069
30660483,30661423,940,72311
30661423,30662362,939,118128
30662362,30663581,1219,137589
30663581,30664830,1249,26987
30664830,30665445,615,109179
30665445,30666573,1128,283242
30666573,30667756,1183,5097
30667756,30668951,1195,46588
30668951,30669222,271,54666
30669222,30670320,1098,8684
30670320,30671527,1207,48830
30671527,30672770,1243,287358
30672770,30673825,1055,275128
30673825,30675027,1202,131203
30675027,30676263,1236,146123
30676263,30676706,443,41170
30676706,30677914,1208,63841
30677914,30679111,1197,61356
30679111,30680220,1109,11079
30680220,30681215,995,82558
30681215,30682478,1263,132601
30682478,30683567,1089,112011
30683567,30684405,838,140931
30684405,30685541,1136,41151
30685541,30686566,1025,352
30686566,30686766,200,58192
30686766,30687937,1171,132073
30687937,30689118,1181,161166
30689118,30690024,906,8674
30690024,30690959,935,13270
30690959,30691648,689,176853
30691648,30692913,1265,108638
30692913,30693720,807,14674
30693720,30694758,1038,130900
30694758,30695998,1240,126861
30695998,30697009,1011,163505
30697009,30698286,1277,123285
30698286,30699457,1171,12545
30699457,30700546,1089,26947
30700546,30701591,1045,8912
30701591,30702829,1238,129011
30702829,30703632,803,60489
30703632,30704766,1134,122806
30704766,30705914,1148,132821
30705914,30707104,1190,124526
30707104,30708228,1124,139307
30708228,30709336,1108,88748
30709336,30710615,1279,121415
30710615,30711856,1241,135580
30711856,30713075,1219,155944
30713075,30713950,875,12118
30713950,30715129,1179,23281
30715129,30716338,1209,134170
30716338,30716591,253,157054
30716591,30717776,1185,41170
30717776,30718154,378,126408
30718154,30718725,571,10172
30718725,30719892,1167,143361
30719892,30720550,658,39478
30720550,30721616,1066,134170
30721616,30722715,1099,130544
30722715,30723762,1047,163518
30723762,30724854,1092,39477
30724854,30725791,937,12971
30725791,30726860,1069,115047
30726860,30728045,1185,108005
30728045,30729150,1105,72205
30729150,30730437,1287,139733
30730437,30731658,1221,129790
30731658,30732802,1144,138631
30732802,30733317,515,104394
30733317,30734378,1061,110243
30734378,30735414,1036,53342
30735414,30736714,1300,133220
30736714,30737386,672,135022
30737386,30738512,1126,137588
30738512,30739591,1079,83606
30739591,30740779,1188,129623
30740779,30741906,1127,101799
30741906,30742797,891,111754
30742797,30743797,1000,133834
30743797,30744709,912,7894
30744709,30745108,399,92002
30745108,30746412,1304,139752
30746412,30747631,1219,130625
30747631,30748889,1258,259009
30748889,30750060,1171,12332
30750060,30750243,183,98645
30750243,30751494,1251,103126
30751494,30752610,1116,14674
30752610,30753201,591,121661
30753201,30753878,677,32136
30753878,30754949,1071,150916
30754949,30755911,962,130975
30755911,30756588,677,112593
30756588,30757789,1201,133447
30757789,30758820,1031,282357
30758820,30760100,1280,24732
30760100,30761081,981,123033
30761081,30762332,1251,70753
30762332,30763133,801,145733
30763133,30763620,487,153309
30763620,30764007,387,152264
30764007,30764604,597,127685
30764604,30765640,1036,164187
30765640,30766677,1037,130533
30766677,30767972,1295,149236
30767972,30769232,1260,133220
30769232,30770322,1090,124549
30770322,30771612,1290,131040
30771612,30772877,1265,147173
30772877,30774122,1245,156973
30774122,30775436,1314,58845
30775436,30776672,1236,65772
30776672,30777786,1114,70837
30777786,30778683,897,57156
30778683,30779792,1109,134451
30779792,30780312,520,89898
30780312,30781516,1204,130876
30781516,30782636,1120,101278
30782636,30783788,1152,139753
30783788,30784766,978,8592
30784766,30785813,1047,46267
30785813,30786905,1092,164187
30786905,30788203,1298,157263
30788203,30789508,1305,46588
30789508,30790705,1197,147962
30790705,30791296,591,271811
30791296,30792483,1187,57156
30792483,30793251,768,134119
30793251,30794512,1261,46890
30794512,30795743,1231,34497
30795743,30795876,133,129325
30795876,30796933,1057,30105
30796933,30798232,1299,135894
30798232,30799354,1122,4275
30799354,30800667,1313,76574
30800667,30800887,220,81870
30800887,30802130,1243,147981
30802130,30803275,1145,60480
30803275,30804392,1117,245708
30804392,30805387,995,121024
30805387,30806550,1163,39478
30806550,30807721,1171,67860
30807721,30808894,1173,281131
30808894,30810029,1135,268287
30810029,30811128,1099,28868
30811128,30812375,1247,163527
30812375,30813600,1225,163726
30813600,30814644,1044,142358
30814644,30815714,1070,163384
30815714,30816922,1208,132777
30816922,30818165,1243,133273
30818165,30819533,1368,174132
30819533,30820720,1187,12544
30820720,30821288,568,134707
30821288,30822564,1276,121331
30822564,30823865,1301,132592
30823865,30824312,447,163518
30824312,30825529,1217,66622
30825529,30826628,1099,84357
30826628,30826831,203,129396
30826831,30827759,928,22179
30827759,30828936,1177,64075
30828936,30829438,502,126292
30829438,30830638,1200,142733
30830638,30830986,348,86708
30830986,30832244,1258,284269
30832244,30832634,390,59175
30832634,30833598,964,131732
30833598,30834849,1251,89390
30834849,30835934,1085,54016
30835934,30836917,983,126794
30836917,30837763,846,67233
30837763,30838312,549,98876
30838312,30839467,1155,39840
30839467,30840639,1172,37092
30840639,30841335,696,157242
30841335,30842574,1239,3961
30842574,30843609,1035,65803
30843609,30844733,1124,92934
30844733,30845663,930,60801
30845663,30846868,1205,10642
30846868,30848107,1239,88349
30848107,30849344,1237,44937
30849344,30850369,1025,160592
30850369,30851572,1203,72210
30851572,30852781,1209,140639
30852781,30853847,1066,48032
30853847,30854965,1118,16020
30854965,30855421,456,124558
30855421,30856267,846,124990
30856267,30857394,1127,26520
30857394,30858503,1109,104637
30858503,30859721,1218,291609
30859721,30860979,1258,101278
30860979,30861186,207,147159
30861186,30862197,1011,147173
30862197,30863130,933,58433
30863130,30864267,1137,127703
30864267,30865349,1082,154284
30865349,30866616,1267,164187
30866616,30867600,984,275127
30867600,30868569,969,287139
30868569,30869660,1091,46712
30869660,30870874,1214,132530
30870874,30872031,1157,66622
30872031,30873114,1083,134592
30873114,30874332,1218,296473
30874332,30874624,292,259009
30874624,30875665,1041,246893
30875665,30875762,97,6557
30875762,30876795,1033,282385
30876795,30877933,1138,47032
30877933,30879047,1114,41911
30879047,30880310,1263,145703
30880310,30881523,1213,140222
30881523,30882740,1217,125883
30882740,30883993,1253,138866
30883993,30884908,915,13364
30884908,30885748,840,276732
30885748,30886259,511,157636
30886259,30887532,1273,128331
30887532,30888627,1095,156224
30888627,30889812,1185,122789
30889812,30891074,1262,126945
30891074,30892285,1211,890
30892285,30893518,1233,131218
30893518,30894673,1155,91072
30894673,30895691,1018,293663
30895691,30896236,545,270778
30896236,30897503,1267,162375
30897503,30898332,829,11077
30898332,30899484,1152,142727
30899484,30900471,987,87280
30900471,30901768,1297,284433
30901768,30902786,1018,185488
30902786,30903832,1046,135264
30903832,30905147,1315,83708
30905147,30906280,1133,109176
30906280,30906513,233,61776
30906513,30907622,1109,289453
30907622,30908440,818,77782
30908440,30909738,1298,122801
30909738,30910215,477,31089
30910215,30910770,555,132650
30910770,30911592,822,6541
30911592,30912721,1129,232057
30912721,30913250,529,117382
30913250,30913864,614,153733
30913864,30914047,183,39761
30914047,30915246,1199,262305
30915246,30916245,999,1536
30916245,30917107,862,137106
30917107,30917822,715,71320
30917822,30919002,1180,82020
30919002,30920318,1316,121449
30920318,30921426,1108,84349
30921426,30922667,1241,120318
30922667,30923929,1262,279775
30923929,30924951,1022,68344
30924951,30925798,847,160958
30925798,30926842,1044,162238
30926842,30927813,971,128310
30927813,30928931,1118,62851
30928931,30930247,1316,102240
30930247,30931499,1252,140071
30931499,30932602,1103,167597
30932602,30933774,1172,86683
30933774,30934915,1141,136280
30934915,30936048,1133,167609
30936048,30936791,743,126955
30936791,30937690,899,294554
30937690,30938963,1273,282383
30938963,30939872,909,104890
30939872,30940583,711,135635
30940583,30941916,1333,10822
30941916,30942858,942,125140
30942858,30944054,1196,132568
30944054,30945147,1093,159386
30945147,30945653,506,130494
30945653,30946155,502,140040
30946155,30947205,1050,137141
30947205,30948337,1132,129514
30948337,30949585,1248,106965
30949585,30949988,403,284269
30949988,30950657,669,75242
30950657,30951826,1169,95441
30951826,30952850,1024,176698
30952850,30953507,657,132848
30953507,30953796,289,123048
30953796,30954521,725,294114
30954521,30955540,1019,155521
30955540,30956323,783,123266
30956323,30957132,809,75810
30957132,30958289,1157,76046
30958289,30959580,1291,156224
30959580,30960823,1243,123866
30960823,30962139,1316,92806
30962139,30963102,963,25951
30963102,30963367,265,157236
30963367,30963837,470,121446
30963837,30964348,511,48830
30964348,30965645,1297,11547
30965645,30966598,953,137588
30966598,30967061,463,137141
30967061,30967982,921,54016
30967982,30969247,1265,92420
30969247,30969646,399,125123
30969646,30970945,1299,862
30970945,30971632,687,136863
30971632,30972805,1173,56179
30972805,30973278,473,131735
30973278,30974525,1247,105398
30974525,30975766,1241,122025
30975766,30976957,1191,84349
30976957,30978226,1269,135654
30978226,30979490,1264,32135
30979490,30980709,1219,5417
30980709,30981964,1255,138033
30981964,30982957,993,75355
30982957,30983910,953,147159
30983910,30984925,1015,6398
30984925,30986152,1227,98877
30986152,30986430,278,145145
30986430,30987384,954,220951
30987384,30988634,1250,38026
30988634,30989300,666,145701
30989300,30990360,1060,67592
30990360,30991227,867,9210
30991227,30992443,1216,287359
30992443,30993672,1229,37090
30993672,30994837,1165,277898
30994837,30995774,937,39477
30995774,30996132,358,130627
30996132,30997151,1019,124221
30997151,30998099,948,18006
30998099,30999199,1100,11546
30999199,31000355,1156,142750
31000355,31001053,698,149739
31001053,31002234,1181,165428
31002234,31003050,816,280922
31003050,31004152,1102,161102
31004152,31005381,1229,126296
31005381,31006476,1095,142279
31006476,31007615,1139,141320
31007615,31008316,701,163518
31008316,31009143,827,43321
31009143,31010412,1269,130627
31010412,31011593,1181,126860
31011593,31012834,1241,106965
31012834,31013011,177,161226
31013011,31014029,1018,3586
31014029,31014333,304,122467
31014333,31015490,1157,87280
31015490,31016685,1195,135814
31016685,31017946,1261,156720
31017946,31019012,1066,178029
31019012,31020064,1052,39515
31020064,31021197,1133,121543
31021197,31022481,1284,47237
31022481,31023032,551,175962
31023032,31024070,1038,27593
31024070,31024666,596,101262
31024666,31025801,1135,12546
31025801,31026964,1163,135814
31026964,31027863,899,109507
31027863,31028883,1020,149881
31028883,31029202,319,129396
31029202,31030171,969,128632
31030171,31031229,1058,31609
31031229,31032054,825,153728
31032054,31033297,1243,76046
31033297,31034464,1167,110705
31034464,31035456,992,88349
31035456,31036355,899,290365
31036355,31037598,1243,143264
31037598,31038686,1088,18006
31038686,31039219,533,140067
31039219,31040349,1130,125123
31040349,31041605,1256,290361
31041605,31042689,1084,73958
31042689,31043578,889,168062
31043578,31044895,1317,9010
31044895,31046126,1231,56837
31046126,31047375,1249,39970
31047375,31048067,692,126408
31048067,31049002,935,45204
31049002,31049954,952,140718
31049954,31051136,1182,71320
31051136,31052373,1237,132601
31052373,31053306,933,141642
31053306,31054582,1276,275885
31054582,31055797,1215,149890
31055797,31056749,952,56837
31056749,31057994,1245,149939
31057994,31059145,1151,57837
31059145,31060291,1146,136458
31060291,31061437,1146,1731
31061437,31062495,1058,104986
31062495,31063173,678,112061
31063173,31064211,1038,300208
31064211,31064410,199,119637
31064410,31065690,1280,296465
31065690,31066915,1225,164327
31066915,31068132,1217,39971
31068132,31068530,398,101883
31068530,31069581,1051,138042
31069581,31070709,1128,134728
31070709,31071817,1108,139710
31071817,31072153,336,135657
31072153,31072688,535,61741
31072688,31073955,1267,186232
31073955,31075125,1170,139009
31075125,31075651,526,75365
31075651,31075946,295,86683
31075946,31077026,1080,233366
31077026,31078075,1049,130503
31078075,31078838,763,171138
31078838,31079966,1128,86679
31079966,31081053,1087,69422
31081053,31081507,454,135762
31081507,31082641,1134,142318
31082641,31083058,417,98876
31083058,31083693,635,157236
31083693,31084891,1198,283242
31084891,31085536,645,138113
31085536,31085948,412,290349
31085948,31087236,1288,294697
31087236,31088388,1152,32137
31088388,31089432,1044,139200
31089432,31090706,1274,65772
31090706,31091965,1259,147159
31091965,31093213,1248,91906
31093213,31093962,749,170452
31093962,31094361,399,121799
31094361,31094462,101,24732
31094462,31095697,1235,47541
31095697,31096748,1051,111574
31096748,31097650,902,91801
31097650,31098817,1167,95441
31098817,31099882,1065,131203
31099882,31101093,1211,172165
31101093,31102273,1180,101265
31102273,31103485,1212,160438
31103485,31103994,509,145700
31103994,31105121,1127,128345
31105121,31106169,1048,49750
31106169,31107176,1007,6506
31107176,31108473,1297,130755
31108473,31109713,1240,68359
31109713,31111025,1312,121064
31111025,31112258,1233,127691
31112258,31113265,1007,87791
31113265,31114294,1029,137154
31114294,31115303,1009,104886
31115303,31116254,951,92930
31116254,31117193,939,83706
31117193,31117667,474,105390
31117667,31118453,786,11612
31118453,31118649,196,86026
31118649,31119026,377,115047
31119026,31119279,253,25766
31119279,31119828,549,126539
31119828,31120774,946,149880
31120774,31121905,1131,41151
31121905,31122472,567,106965
31122472,31123413,941,132866
31123413,31124407,994,64717
31124407,31125577,1170,112597
31125577,31126800,1223,84122
31126800,31127095,295,292138
31127095,31127739,644,32137
31127739,31128911,1172,123283
31128911,31130075,1164,63713
31130075,31131069,994,138486
31131069,31132150,1081,108638
31132150,31132778,628,127703
31132778,31133692,914,139707
31133692,31134675,983,48032
31134675,31135580,905,165428
31135580,31135975,395,134804
31135975,31136814,839,298549
31136814,31137939,1125,18527
31137939,31139088,1149,186230
31139088,31140379,1291,8141
31140379,31141594,1215,73024
31141594,31142734,1140,14929
31142734,31143239,505,40556
31143239,31144595,1356,145703
31144595,31145815,1220,275128
31145815,31146927,1112,6506
31146927,31147129,202,63841
31147129,31147483,354,61776
31147483,31148290,807,124164
31148290,31149371,1081,134148
31149371,31150324,953,8912
31150324,31151402,1078,121140
31151402,31152651,1249,129443
31152651,31153261,610,158081
31153261,31153813,552,252341
31153813,31155042,1229,13185
31155042,31155442,400,39475
31155442,31156663,1221,46267
31156663,31157538,875,121799
31157538,31158539,1001,86683
31158539,31159076,537,130878
31159076,31160240,1164,146437
31160240,31160831,591,123176
31160831,31161947,1116,6541
31161947,31163198,1251,125941
31163198,31163610,412,270777
31163610,31164595,985,156014
31164595,31165669,1074,187466
31165669,31166206,537,123059
31166206,31167288,1082,88086
31167288,31168413,1125,86588
31168413,31169731,1318,81843
31169731,31170900,1169,254949
31170900,31171270,370,138042
31171270,31172249,979,14013
31172249,31173474,1225,108621
31173474,31174649,1175,5791
31174649,31175093,444,290047
31175093,31176232,1139,126286
31176232,31177281,1049,233382
31177281,31178267,986,284445
31178267,31179478,1211,86804
31179478,31180043,565,156017
31180043,31180832,789,141270
31180832,31181959,1127,134592
31181959,31183216,1257,56840
31183216,31184394,1178,7574
31184394,31184840,446,271812
31184840,31185424,584,58193
31185424,31186497,1073,122614
31186497,31187456,959,9174
31187456,31188817,1361,245707
31188817,31190104,1287,70837
31190104,31191287,1183,127525
31191287,31192531,1244,58090
31192531,31193600,1069,187466
31193600,31194025,425,135657
31194025,31195297,1272,64713
31195297,31196123,826,68344
31196123,31197324,1201,63839
31197324,31198538,1214,54006
31198538,31199660,1122,121068
31199660,31200777,1117,157236
31200777,31201894,1117,80656
31201894,31203132,1238,293663
31203132,31204060,928,39501
31204060,31205068,1008,130878
31205068,31206387,1319,22574
31206387,31207412,1025,15082
31207412,31208568,1156,134451
31208568,31209743,1175,127597
31209743,31210922,1179,57154
31210922,31211867,945,62347
31211867,31213119,1252,72210
31213119,31214167,1048,159227
31214167,31215319,1152,134465
31215319,31216256,937,96168
31216256,31217420,1164,156968
31217420,31218406,986,135249
31218406,31219515,1109,172156
31219515,31220696,1181,142752
31220696,31221472,776,144019
31221472,31222667,1195,139358
31222667,31223617,950,109658
31223617,31224542,925,69607
31224542,31225591,1049,130125
31225591,31226551,960,144987
31226551,31227693,1142,154284
31227693,31229025,1332,32637
31229025,31230054,1029,130533
31230054,31231333,1279,109176
31231333,31232368,1035,4690
31232368,31233557,1189,135635
31233557,31234673,1116,107621
31234673,31235930,1257,37134
31235930,31237293,1363,149791
31237293,31238243,950,12715
31238243,31239386,1143,134170
31239386,31240479,1093,130900
31240479,31241641,1162,128145
31241641,31242896,1255,123285
31242896,31244112,1216,4445
31244112,31245373,1261,133279
31245373,31246536,1163,63095
31246536,31247731,1195,141320
31247731,31248970,1239,167023
31248970,31250193,1223,156757
31250193,31251091,898,134160
31251091,31252038,947,131735
31252038,31252962,924,124990
31252962,31253924,962,141642
31253924,31254617,693,15446
31254617,31255083,466,159371
31255083,31256283,1200,68192
31256283,31257548,1265,118119
31257548,31257931,383,39913
31257931,31258202,271,71401
31258202,31259355,1153,287671
31259355,31260421,1066,291107
31260421,31261436,1015,131732
31261436,31262403,967,10988
31262403,31262735,332,121528
31262735,31263062,327,123192
31263062,31264043,981,122809
31264043,31264795,752,170982
31264795,31265218,423,84349
31265218,31265755,537,285314
31265755,31266004,249,161100
31266004,31267274,1270,293168
31267274,31268476,1202,31629
31268476,31269346,870,73846
31269346,31270397,1051,136483
31270397,31271541,1144,246948
31271541,31272590,1049,244431
31272590,31273759,1169,125001
31273759,31274356,597,21305
31274356,31274937,581,126959
31274937,31275896,959,65534
31275896,31276093,197,126408
31276093,31277230,1137,13185
31277230,31278309,1079,132882
31278309,31279356,1047,55856
31279356,31280588,1232,8592
31280588,31281581,993,54487
31281581,31282677,1096,75360
31282677,31283729,1052,157242
31283729,31284871,1142,152826
31284871,31285207,336,73846
31285207,31285446,239,95963
31285446,31286398,952,67584
31286398,31287420,1022,4687
31287420,31288669,1249,68770
31288669,31289909,1240,85640
31289909,31291085,1176,96672
31291085,31292256,1171,157636
31292256,31293305,1049,135636
31293305,31294542,1237,96175
31294542,31295630,1088,138545
31295630,31296839,1209,130296
31296839,31298012,1173,109176
31298012,31299301,1289,131259
31299301,31299703,402,77778
31299703,31300991,1288,10822
31300991,31301418,427,27504
31301418,31302531,1113,160602
31302531,31303844,1313,14497
31303844,31305155,1311,72927
31305155,31306394,1239,152831
31306394,31306841,447,31629
31306841,31307990,1149,8927
31307990,31309205,1215,861
31309205,31310480,1275,183988
31310480,31311595,1115,155968
31311595,31312837,1242,271817
31312837,31313909,1072,281188
31313909,31314884,975,160952
31314884,31316033,1149,8912
31316033,31317035,1002,4479
31317035,31318122,1087,36146
31318122,31318453,331,127685
31318453,31318650,197,157236
31318650,31319841,1191,68358
31319841,31321029,1188,12898
31321029,31321994,965,133224
31321994,31322556,562,39648
31322556,31323771,1215,184264
31323771,31324531,760,121902
31324531,31325666,1135,101258
31325666,31326012,346,156017
31326012,31327237,1225,34497
31327237,31328486,1249,131882
31328486,31329017,531,11612
31329017,31330097,1080,24758
31330097,31331399,1302,156154
31331399,31332390,991,12926
31332390,31332764,374,67851
31332764,31333747,983,159228
31333747,31334821,1074,139350
31334821,31335332,511,132644
31335332,31336556,1224,283138
31336556,31337791,1235,668
31337791,31338906,1115,170976
31338906,31340207,1301,68369
31340207,31341240,1033,105398
31341240,31342471,1231,54666
31342471,31343566,1095,122443
31343566,31344206,640,62850
31344206,31345532,1326,107486
31345532,31346797,1265,293959
31346797,31348065,1268,131040
31348065,31348685,620,119637
31348685,31349818,1133,142858
31349818,31350604,786,92930
31350604,31351750,1146,85684
31351750,31352983,1233,2777
31352983,31354220,1237,131751
31354220,31355436,1216,129317
31355436,31356329,893,50778
31356329,31357287,958,1731
31357287,31358372,1085,121541
31358372,31359521,1149,62851
31359521,31360310,789,159371
31360310,31361206,896,12898
31361206,31361583,377,129396
31361583,31362625,1042,9174
31362625,31363684,1059,141148
31363684,31364684,1000,109185
31364684,31364837,153,285137
31364837,31365558,721,7887
31365558,31366695,1137,129388
31366695,31367794,1099,153958
31367794,31368864,1070,233342
31368864,31369684,820,161714
31369684,31370665,981,130876
31370665,31370896,231,362
31370896,31371990,1094,148920
31371990,31372407,417,121331
31372407,31373466,1059,138113
31373466,31374461,995,121106
31374461,31375661,1200,157242
31375661,31376666,1005,86804
31376666,31377922,1256,139324
31377922,31379237,1315,92812
31379237,31380455,1218,287357
31380455,31381798,1343,134789
31381798,31382977,1179,105167
31382977,31383892,915,132891
31383892,31385021,1129,60480
31385021,31386011,990,177627
31386011,31386908,897,158744
31386908,31388101,1193,29012
31388101,31389032,931,22178
31389032,31390248,1216,62516
31390248,31391356,1108,170956
31391356,31392577,1221,37999
31392577,31393763,1186,140639
31393763,31395054,1291,6174
31395054,31396303,1249,130870
31396303,31397077,774,32451
31397077,31397810,733,11546
31397810,31399071,1261,64974
31399071,31399931,860,139009
31399931,31400884,953,154736
31400884,31402006,1122,144503
31402006,31402508,502,132848
31402508,31403634,1126,106800
31403634,31404770,1136,30591
31404770,31405507,737,160438
31405507,31406456,949,138032
31406456,31407641,1185,56777
31407641,31408842,1201,133224
31408842,31410088,1246,10088
31410088,31411217,1129,125123
31411217,31412511,1294,279775
31412511,31413562,1051,50777
31413562,31414698,1136,132777
31414698,31415829,1131,301693
31415829,31416975,1146,64974
31416975,31418126,1151,143005
31418126,31419320,1194,166683
31419320,31420337,1017,63101
31420337,31421280,943,30593
31421280,31422478,1198,10702
31422478,31423548,1070,145083
31423548,31424873,1325,398
31424873,31425826,953,139308
31425826,31426581,755,91801
31426581,31427830,1249,157056
31427830,31428995,1165,39478
31428995,31429913,918,160438
31429913,31431202,1289,298549
31431202,31432013,811,139356
31432013,31432565,552,138032
31432565,31433147,582,131295
31433147,31434305,1158,78885
31434305,31435370,1065,130494
31435370,31436136,766,133471
31436136,31437181,1045,127704
31437181,31438306,1125,47030
31438306,31439135,829,245687
31439135,31440363,1228,3961
31440363,31441368,1005,11547
31441368,31442598,1230,86683
31442598,31443629,1031,142279
31443629,31444699,1070,102250
31444699,31445014,315,56777
31445014,31446198,1184,59167
31446198,31447224,1026,54487
31447224,31447651,427,220951
31447651,31448753,1102,262269
31448753,31449638,885,135762
31449638,31450733,1095,126221
31450733,31450956,223,163505
31450956,31452055,1099,110054
31452055,31453307,1252,14936
31453307,31454293,986,157263
31454293,31455616,1323,138545
31455616,31456849,1233,11077
31456849,31457394,545,122467
31457394,31458649,1255,66176
31458649,31459024,375,133396
31459024,31460146,1122,121541
31460146,31461523,1377,67863
31461523,31462772,1249,26951
31462772,31464062,1290,291170
31464062,31465356,1294,5330
31465356,31465600,244,104394
31465600,31466571,971,160188
31466571,31467446,875,136863
31467446,31467978,532,37092
31467978,31468591,613,102381
31468591,31469902,1311,57416
31469902,31470627,725,292252
31470627,31471819,1192,128310
31471819,31472131,312,157861
31472131,31473310,1179,244443
31473310,31474384,1074,274375
31474384,31474648,264,54016
31474648,31475856,1208,142824
31475856,31477117,1261,80534
31477117,31478364,1247,1562
31478364,31479470,1106,56175
31479470,31480167,697,131113
31480167,31481390,1223,121079
31481390,31481778,388,56574
31481778,31482081,303,36633
31482081,31483315,1234,13185
31483315,31483986,671,84010
31483986,31484993,1007,31629
31484993,31485199,206,108638
31485199,31486342,1143,106965
31486342,31486639,297,26894
31486639,31487826,1187,133263
31487826,31488892,1066,12332
31488892,31489858,966,85685
31489858,31490768,910,176854
31490768,31491965,1197,54487
31491965,31493087,1122,104890
31493087,31494274,1187,134120
31494274,31495368,1094,274375
31495368,31496505,1137,37090
31496505,31497428,923,122441
31497428,31498641,1213,700
31498641,31499917,1276,128138
31499917,31501169,1252,240992
31501169,31501695,526,129388
31501695,31502597,902,5416
31502597,31503778,1181,9010
31503778,31504554,776,274376
31504554,31505703,1149,134149
31505703,31506638,935,80690
31506638,31507792,1154,8689
31507792,31508938,1146,281131
31508938,31510151,1213,156967
31510151,31511458,1307,279363
31511458,31512640,1182,143477
31512640,31513836,1196,157243
31513836,31514744,908,87732
31514744,31515959,1215,66176
31515959,31517147,1188,120325
31517147,31517376,229,72311
31517376,31518266,890,156724
31518266,31518861,595,149739
31518861,31519990,1129,144999
31519990,31521093,1103,103120
31521093,31522375,1282,723
31522375,31523432,1057,130989
31523432,31524597,1165,274378
31524597,31525810,1213,129064
31525810,31526323,513,295197
31526323,31527238,915,86026
31527238,31527689,451,123176
31527689,31528184,495,86039
31528184,31529339,1155,129597
31529339,31530601,1262,143005
31530601,31531050,449,139035
31531050,31531233,183,129440
31531233,31532136,903,128660
31532136,31533345,1209,6397
31533345,31534492,1147,61421
31534492,31535563,1071,110061
31535563,31536623,1060,121766
31536623,31537571,948,139361
31537571,31538592,1021,153733
31538592,31539846,1254,46267
31539846,31541070,1224,76574
31541070,31542342,1272,156968
31542342,31543646,1304,39971
31543646,31544885,1239,129393
31544885,31546105,1220,132777
31546105,31547189,1084,232057
31547189,31547943,754,69412
31547943,31548948,1005,121446
31548948,31550155,1207,160952
31550155,31550674,519,131722
31550674,31551775,1101,121085
31551775,31552888,1113,127685
31552888,31554066,1178,86741
31554066,31555097,1031,130871
31555097,31556387,1290,84447
31556387,31557566,1179,6557
31557566,31558713,1147,131226
31558713,31559778,1065,170952
31559778,31561034,1256,270777
31561034,31562009,975,36641
31562009,31563272,1263,137589
31563272,31564258,986,100145
31564258,31565527,1269,102240
31565527,31566796,1269,160602
31566796,31568134,1338,37999
31568134,31569410,1276,28247
31569410,31569837,427,120282
31569837,31570499,662,232057
31570499,31571670,1171,142311
31571670,31572563,893,185125
31572563,31573626,1063,291107
31573626,31574843,1217,122806
31574843,31575911,1068,48579
31575911,31576426,515,19665
31576426,31577599,1173,16632
31577599,31578342,743,284424
31578342,31579321,979,143893
31579321,31580396,1075,132891
31580396,31580782,386,108638
31580782,31582037,1255,145083
31582037,31583106,1069,4654
31583106,31583937,831,89894
31583937,31585223,1286,95870
31585223,31586319,1096,154697
31586319,31587420,1101,258986
31587420,31588289,869,174960
31588289,31589545,1256,83633
31589545,31590707,1162,279153
31590707,31591872,1165,105383
31591872,31593031,1159,9920
31593031,31593475,444,187464
31593475,31594315,840,862
31594315,31595538,1223,126539
31595538,31596594,1056,10674
31596594,31597865,1271,75355
31597865,31598662,797,132866
31598662,31599797,1135,275147
31599797,31600996,1199,157263
31600996,31602186,1190,277899
31602186,31603275,1089,216563
31603275,31604480,1205,76044
31604480,31605622,1142,157242
31605622,31606339,717,128678
31606339,31607602,1263,111961
31607602,31608759,1157,9010
31608759,31610103,1344,73728
31610103,31611358,1255,282383
31611358,31612543,1185,108640
31612543,31613765,1222,88483
31613765,31615021,1256,84447
31615021,31616123,1102,11734
31616123,31617324,1201,92930
31617324,31618604,1280,142858
31618604,31619704,1100,139743
31619704,31620113,409,126336
31620113,31621294,1181,284424
31621294,31622566,1272,129443
31622566,31622934,368,77361
31622934,31623765,831,5776
31623765,31625102,1337,105168
31625102,31626083,981,1562
31626083,31627107,1024,136271
31627107,31628074,967,72311
31628074,31629174,1100,48579
31629174,31630439,1265,258959
31630439,31630930,491,122627
31630930,31631157,227,121085
31631157,31631461,304,232057
31631461,31632630,1169,144986
31632630,31633892,1262,156973
31633892,31634894,1002,252342
31634894,31635935,1041,154697
31635935,31637078,1143,149880
31637078,31638098,1020,87280
31638098,31639222,1124,21305
31639222,31639518,296,12544
31639518,31640716,1198,91801
31640716,31641970,1254,87732
31641970,31643270,1300,151817
31643270,31644318,1048,62850
31644318,31645509,1191,130101
31645509,31646033,524,83606
31646033,31647050,1017,178450
31647050,31648097,1047,157644
31648097,31649365,1268,121543
31649365,31650507,1142,212
31650507,31651746,1239,157400
31651746,31652934,1188,170951
31652934,31654153,1219,56840
31654153,31655211,1058,86804
31655211,31656433,1222,90852
31656433,31657512,1079,88349
31657512,31658502,990,171107
31658502,31659696,1194,125123
31659696,31660011,315,146346
31660011,31661232,1221,139355
31661232,31662511,1279,39475
31662511,31663470,959,133393
31663470,31664582,1112,126296
31664582,31665719,1137,144987
31665719,31667040,1321,282406
31667040,31667584,544,128990
31667584,31668345,761,171108
31668345,31669492,1147,160602
31669492,31670080,588,304534
31670080,31670665,585,102240
31670665,31671916,1251,158781
31671916,31672913,997,282357
31672913,31674056,1143,164101
31674056,31675182,1126,170952
31675182,31676245,1063,66465
31676245,31677066,821,161707
31677066,31678025,959,1043
31678025,31679118,1093,86741
31679118,31680368,1250,59239
31680368,31681406,1038,14013
31681406,31682643,1237,16632
31682643,31683793,1150,96241
31683793,31685025,1232,82020
31685025,31686216,1191,110706
31686216,31687197,981,53343
31687197,31688209,1012,756
31688209,31689268,1059,122944
31689268,31690498,1230,61743
31690498,31691643,1145,158081
31691643,31692681,1038,136610
31692681,31693881,1200,132280
31693881,31694948,1067,132300
31694948,31695782,834,176854
31695782,31696953,1171,293957
31696953,31698099,1146,129513
31698099,31699372,1273,13364
31699372,31700343,971,126929
31700343,31700749,406,59175
31700749,31701965,1216,186230
31701965,31702850,885,187018
31702850,31703916,1066,93277
31703916,31705002,1086,82904
31705002,31706100,1098,101265
31706100,31707380,1280,130727
31707380,31708419,1039,14497
31708419,31708917,498,160188
31708917,31710088,1171,9920
31710088,31711297,1209,131735
31711297,31712280,983,130755
31712280,31712978,698,132777
31712978,31713952,974,133395
31713952,31715175,1223,115968
31715175,31715631,456,84010
31715631,31716756,1125,23295
31716756,31717860,1104,104391
31717860,31719123,1263,254918
31719123,31719311,188,107480
31719311,31720354,1043,86710
31720354,31721180,826,86040
31721180,31721937,757,161707
31721937,31723069,1132,176683
31723069,31724307,1238,132848
31724307,31725488,1181,140931
31725488,31726525,1037,107621
31726525,31727692,1167,105171
31727692,31727963,271,105383
31727963,31729221,1258,144496
31729221,31730476,1255,174953
31730476,31730649,173,135657
31730649,31731912,1263,87280
31731912,31732283,371,124587
31732283,31733475,1192,182402
31733475,31734504,1029,91902
31734504,31735728,1224,86741
31735728,31736840,1112,81881
31736840,31738037,1197,22179
31738037,31739230,1193,96241
31739230,31739817,587,141791
31739817,31741032,1215,94522
31741032,31742093,1061,54006
31742093,31743020,927,143483
31743020,31744215,1195,171109
31744215,31745158,943,133290
31745158,31745426,268,129443
31745426,31746304,878,84447
31746304,31746617,313,89735
31746617,31747784,1167,130504
31747784,31748908,1124,141642
31748908,31750121,1213,132485
31750121,31751354,1233,101799
31751354,31752165,811,132644
31752165,31753458,1293,100431
31753458,31754305,847,76974
31754305,31755515,1210,68369
31755515,31756475,960,278220
31756475,31757576,1101,274558
31757576,31758819,1243,83633
31758819,31759506,687,296078
31759506,31760699,1193,77779
31760699,31761847,1148,15305
31761847,31763068,1221,129581
31763068,31763933,865,46240
31763933,31764108,175,132644
31764108,31765277,1169,175448
31765277,31766270,993,139753
31766270,31767543,1273,6175
31767543,31768615,1072,277898
31768615,31769504,889,156963
31769504,31769689,185,65534
31769689,31770365,676,133217
31770365,31771277,912,39840
31771277,31772099,822,87791
31772099,31773444,1345,129808
31773444,31774703,1259,10822
31774703,31775956,1253,139291
31775956,31777028,1072,162667
31777028,31777821,793,163606
31777821,31778144,323,95969
31778144,31779154,1010,145699
31779154,31780281,1127,16002
31780281,31781573,1292,41259
31781573,31782362,789,126232
31782362,31783501,1139,19373
31783501,31784630,1129,723
31784630,31785766,1136,63885
31785766,31787098,1332,65554
31787098,31787396,298,121024
31787396,31788309,913,14274
31788309,31789360,1051,39477
31789360,31789780,420,144496
31789780,31790891,1111,14904
31790891,31791915,1024,31668
31791915,31793003,1088,9919
31793003,31793988,985,131113
31793988,31794964,976,159228
31794964,31795962,998,109179
31795962,31797217,1255,70843
31797217,31798437,1220,129514
31798437,31799564,1127,146437
31799564,31800541,977,67218
31800541,31801445,904,131899
31801445,31802603,1158,234100
31802603,31803882,1279,147967
31803882,31805026,1144,76043
31805026,31806049,1023,3961
31806049,31807321,1272,129011
31807321,31808462,1141,126851
31808462,31809765,1303,49755
31809765,31810543,778,121331
31810543,31811746,1203,44577
31811746,31812930,1184,6525
31812930,31813611,681,130486
31813611,31814477,866,126928
31814477,31815619,1142,67584
31815619,31816883,1264,44937
31816883,31817959,1076,134451
31817959,31818898,939,110061
31818898,31820063,1165,141240
31820063,31821230,1167,24514
31821230,31822327,1097,127595
31822327,31823460,1133,132891
31823460,31824647,1187,171108
31824647,31825752,1105,102238
31825752,31826752,1000,5084
31826752,31827960,1208,124994
31827960,31829182,1222,102232
31829182,31829737,555,144965
31829737,31830806,1069,127215
31830806,31831963,1157,176660
31831963,31833142,1179,61777
31833142,31833559,417,26950
31833559,31834650,1091,138043
31834650,31835703,1053,98877
31835703,31836738,1035,124595
31836738,31837238,500,130994
31837238,31838547,1309,134728
31838547,31839601,1054,4158
31839601,31840815,1214,123135
31840815,31841889,1074,163322
31841889,31843120,1231,73728
31843120,31844407,1287,128660
31844407,31845302,895,7371
31845302,31845919,617,66184
31845919,31847058,1139,55927
31847058,31847675,617,141242
31847675,31848647,972,170982
31848647,31849915,1268,275128
31849915,31851001,1086,64290
31851001,31852068,1067,71320
31852068,31853221,1153,52087
31853221,31853919,698,160953
31853919,31855131,1212,134825
31855131,31855345,214,182394
31855345,31856122,777,129623
31856122,31857350,1228,178748
31857350,31858532,1182,131228
31858532,31859575,1043,122789
31859575,31860701,1126,270778
31860701,31861856,1155,20028
31861856,31862968,1112,73729
31862968,31864193,1225,48842
31864193,31865459,1266,157859
31865459,31866535,1076,244431
31866535,31867768,1233,110520
31867768,31868867,1099,96151
31868867,31869552,685,178450
31869552,31869917,365,129393
31869917,31870936,1019,157066
31870936,31872181,1245,121760
31872181,31873427,1246,9915
31873427,31874597,1170,5703
31874597,31875890,1293,167023
31875890,31877130,1240,281132
31877130,31878317,1187,135897
31878317,31879247,930,133225
31879247,31880353,1106,62347
31880353,31881034,681,26982
31881034,31882366,1332,155944
31882366,31883297,931,144987
31883297,31884442,1145,143307
31884442,31884852,410,31629
31884852,31885999,1147,161166
31885999,31887306,1307,1187
31887306,31887653,347,110238
31887653,31888853,1200,141240
31888853,31889969,1116,131735
31889969,31891026,1057,69550
31891026,31892243,1217,6397
31892243,31893488,1245,48830
31893488,31894604,1116,105383
31894604,31895626,1022,156015
31895626,31895900,274,105394
31895900,31897029,1129,90850
31897029,31898226,1197,216563
31898226,31899424,1198,48848
31899424,31899599,175,132717
31899599,31900898,1299,141268
31900898,31902132,1234,131722
31902132,31902669,537,275212
31902669,31903825,1156,87508
31903825,31904868,1043,140639
31904868,31905896,1028,159228
31905896,31907025,1129,26520
31907025,31908196,1171,366
31908196,31909461,1265,129325
31909461,31910697,1236,126233
31910697,31911885,1188,60801
31911885,31913179,1294,84122
31913179,31913832,653,157480
31913832,31914792,960,110054
31914792,31915947,1155,117899
31915947,31916924,977,41259
31916924,31917888,964,115686
31917888,31918796,908,280380
31918796,31919899,1103,292347
31919899,31920332,433,11243
31920332,31921410,1078,130225
31921410,31922250,840,45217
31922250,31922967,717,122443
31922967,31924236,1269,135897
31924236,31925495,1259,53342
31925495,31926481,986,61421
31926481,31927665,1184,1187
31927665,31928594,929,291953
31928594,31929569,975,32139
31929569,31930872,1303,32136
31930872,31932022,1150,294551
31932022,31933084,1062,1119
31933084,31933989,905,98877
31933989,31935064,1075,5084
31935064,31936173,1109,126794
31936173,31937430,1257,74477
31937430,31938644,1214,142358
31938644,31939898,1254,145088
31939898,31941056,1158,132717
31941056,31942273,1217,89898
31942273,31943396,1123,124003
31943396,31944642,1246,133393
31944642,31945295,653,170977
31945295,31945753,458,279153
31945753,31947102,1349,126410
31947102,31948148,1046,14674
31948148,31949309,1161,279852
31949309,31950436,1127,73957
31950436,31951494,1058,134316
31951494,31952139,645,122451
31952139,31953369,1230,4136
31953369,31954602,1233,58843
31954602,31955425,823,26982
31955425,31956108,683,18004
31956108,31957027,919,66347
31957027,31958158,1131,129979
31958158,31959139,981,75360
31959139,31959863,724,8927
31959863,31960888,1025,113336
31960888,31961987,1099,134804
31961987,31962959,972,8140
31962959,31963976,1017,86588
31963976,31965249,1273,139612
31965249,31966440,1191,121069
31966440,31967486,1046,137739
31967486,31968617,1131,66465
31968617,31969702,1085,64974
31969702,31970634,932,167597
31970634,31971052,418,34478
31971052,31972307,1255,121658
31972307,31972800,493,31668
31972800,31973964,1164,187024
31973964,31975043,1079,126796
31975043,31975827,784,14958
31975827,31977026,1199,86765
31977026,31978220,1194,130489
31978220,31979138,918,41151
31979138,31980306,1168,244443
31980306,31981556,1250,168199
31981556,31982681,1125,39840
31982681,31983874,1193,3961
31983874,31985203,1329,184447
31985203,31986385,1182,258986
31986385,31987354,969,121541
31987354,31988436,1082,130486
31988436,31989473,1037,58193
31989473,31990585,1112,26950
31990585,31991612,1027,73728
31991612,31992059,447,2772
31992059,31993168,1109,73729
31993168,31994317,1149,246904
31994317,31994518,201,97593
31994518,31995555,1037,118112
31995555,31996845,1290,113336
31996845,31997858,1013,131040
31997858,31998994,1136,143005
31998994,32000130,1136,85685
32000130,32001064,934,90847
32001064,32002354,1290,44582
32002354,32003589,1235,130625
32003589,32004673,1084,73732
32004673,32005674,1001,127685
32005674,32005888,214,287837
32005888,32006961,1073,83607
32006961,32008249,1288,66622
32008249,32009427,1178,130516
32009427,32010654,1227,81881
32010654,32011792,1138,7793
32011792,32012839,1047,58012
32012839,32013960,1121,155520
32013960,32015058,1098,71402
32015058,32015322,264,107487
32015322,32016331,1009,57154
32016331,32017557,1226,110054
32017557,32018751,1194,142320
32018751,32019877,1126,5703
32019877,32020967,1090,258960
32020967,32021544,577,131722
32021544,32022225,681,65772
32022225,32023492,1267,122614
32023492,32024260,768,53342
32024260,32025382,1122,157636
32025382,32026473,1091,147110
32026473,32027704,1231,142320
32027704,32028946,1242,134592
32028946,32029923,977,114256
32029923,32030176,253,124439
32030176,32031394,1218,19361
32031394,32032309,915,161226
32032309,32033386,1077,56175
32033386,32034215,829,63111
32034215,32035517,1302,4662
32035517,32036582,1065,153731
32036582,32037654,1072,123443
32037654,32038959,1305,142750
32038959,32040270,1311,177627
32040270,32041418,1148,147159
32041418,32042309,891,129396
32042309,32043050,741,64717
32043050,32044319,1269,144503
32044319,32045342,1023,130989
32045342,32046585,1243,53638
32046585,32047143,558,30101
32047143,32048243,1100,63839
32048243,32049258,1015,126794
32049258,32050375,1117,84010
32050375,32051343,968,161975
32051343,32052430,1087,65772
32052430,32052896,466,4275
32052896,32054165,1269,10702
32054165,32055309,1144,18527
32055309,32055652,343,121734
32055652,32056833,1181,143895
32056833,32057724,891,114476
32057724,32058901,1177,169291
32058901,32060121,1220,134707
32060121,32061340,1219,16003
32061340,32062439,1099,96157
32062439,32063814,1375,36386
32063814,32064325,511,14677
32064325,32065554,1229,126539
32065554,32066666,1112,121079
32066666,32067302,636,295761
32067302,32068443,1141,128991
32068443,32068698,255,39478
32068698,32069547,849,130184
32069547,32070260,713,84122
32070260,32071458,1198,103120
32071458,32072515,1057,156019
32072515,32073032,517,163607
32073032,32074120,1088,138045
32074120,32075387,1267,141320
32075387,32075666,279,175390
32075666,32076778,1112,283242
32076778,32077879,1101,139035
32077879,32079070,1191,155968
32079070,32080352,1282,39970
32080352,32081624,1272,104986
32081624,32082771,1147,220979
32082771,32083559,788,64974
32083559,32084744,1185,39660
32084744,32085936,1192,122627
32085936,32087103,1167,176853
32087103,32088158,1055,1070
32088158,32089081,923,293663
32089081,32089728,647,71402
32089728,32090989,1261,63839
32090989,32092127,1138,84448
32092127,32092871,744,121130
32092871,32093573,702,168198
32093573,32094817,1244,294523
32094817,32095729,912,129396
32095729,32096170,441,7574
32096170,32097053,883,283138
32097053,32098272,1219,157400
32098272,32099422,1150,133395
32099422,32100629,1207,115968
32100629,32101001,372,13265
32101001,32102364,1363,26872
32102364,32103155,791,131203
32103155,32104029,874,144986
32104029,32105301,1272,282383
32105301,32106560,1259,77173
32106560,32107914,1354,50778
32107914,32108988,1074,121080
32108988,32110219,1231,140067
32110219,32111439,1220,70837
32111439,32112404,965,129440
32112404,32113549,1145,48513
32113549,32114463,914,70837
32114463,32115196,733,127215
32115196,32116244,1048,124990
32116244,32116973,729,157056
32116973,32118303,1330,276735
32118303,32119463,1160,137608
32119463,32120654,1191,134312
32120654,32121984,1330,169291
32121984,32123192,1208,30101
32123192,32123451,259,7943
32123451,32123640,189,11612
32123640,32124773,1133,39970
32124773,32126033,1260,61323
32126033,32126412,379,72311
32126412,32127571,1159,11079
32127571,32128337,766,131722
32128337,32129097,760,246893
32129097,32130287,1190,124368
32130287,32131405,1118,73024
32131405,32132046,641,103126
32132046,32133077,1031,56174
32133077,32134086,1009,124439
32134086,32135296,1210,122809
32135296,32136301,1005,132866
32136301,32137436,1135,43321
32137436,32138635,1199,135264
32138635,32139304,669,8684
32139304,32140393,1089,258986
32140393,32141541,1148,13185
32141541,32142766,1225,170440
32142766,32143035,269,135264
32143035,32144217,1182,10172
32144217,32145475,1258,57836
32145475,32146678,1203,122806
32146678,32147462,784,19208
32147462,32147660,198,10347
32147660,32148204,544,61316
32148204,32149368,1164,135580
32149368,32150493,1125,131003
32150493,32151460,967,65534
32151460,32152539,1079,48362
32152539,32153717,1178,143948
32153717,32154820,1103,130492
32154820,32156028,1208,123135
32156028,32156804,776,186232
32156804,32157545,741,13265
32157545,32158781,1236,105168
32158781,32159918,1137,165701
32159918,32161056,1138,285135
32161056,32162245,1189,126221
32162245,32163071,826,168626
32163071,32163663,592,143484
32163663,32164779,1116,108066
32164779,32165649,870,296468
32165649,32166354,705,12715
32166354,32167359,1005,56778
32167359,32167960,601,120583
32167960,32168409,449,128678
32168409,32169151,742,245691
32169151,32170398,1247,4731
32170398,32171677,1279,100045
32171677,32172693,1016,12971
32172693,32173002,309,156963
32173002,32174209,1207,75939
32174209,32175104,895,108005
32175104,32176270,1166,258959
32176270,32177457,1187,136054
32177457,32178502,1045,137106
32178502,32179522,1020,130517
32179522,32180781,1259,279775
32180781,32181844,1063,91801
32181844,32182766,922,173591
32182766,32183949,1183,102250
32183949,32184759,810,169291
32184759,32185861,1102,168626
32185861,32186924,1063,4861
32186924,32188139,1215,102381
32188139,32189140,1001,138045
32189140,32190197,1057,86732
32190197,32190943,746,62850
32190943,32191688,745,146770
32191688,32192585,897,13364
32192585,32193088,503,26895
32193088,32193864,776,110238
32193864,32195094,1230,66622
32195094,32196228,1134,30105
32196228,32197021,793,121899
32197021,32198300,1279,68353
32198300,32199349,1049,105398
32199349,32200537,1188,142733
32200537,32201783,1246,48848
32201783,32203045,1262,134148
32203045,32204184,1139,122614
32204184,32205487,1303,138045
32205487,32206716,1229,135216
32206716,32207826,1110,121079
32207826,32208682,856,129581
32208682,32208946,264,124990
32208946,32209351,405,282934
32209351,32210106,755,85684
32210106,32211136,1030,126945
32211136,32211646,510,77779
32211646,32212036,390,157475
32212036,32213337,1301,70837
32213337,32214481,1144,115046
32214481,32215722,1241,122614
32215722,32216855,1133,6498
32216855,32218152,1297,6174
32218152,32219327,1175,64956
32219327,32220550,1223,121734
32220550,32221178,628,67200
32221178,32222363,1185,134425
32222363,32223415,1052,126859
32223415,32224552,1137,105171
32224552,32225731,1179,101883
32225731,32226947,1216,5416
32226947,32227430,483,158074
32227430,32228618,1188,14274
32228618,32229416,798,283462
32229416,32229761,345,48362
32229761,32230434,673,83606
32230434,32231538,1104,94108
32231538,32232750,1212,149939
32232750,32233631,881,50778
32233631,32234825,1194,121661
32234825,32235306,481,131899
32235306,32236288,982,134785
32236288,32237598,1310,134434
32237598,32238543,945,140651
32238543,32239343,800,158081
32239343,32240466,1123,7793
32240466,32241614,1148,157236
32241614,32242393,779,13250
32242393,32243682,1289,150127
32243682,32244851,1169,136983
32244851,32246008,1157,108638
32246008,32246363,355,121024
32246363,32246697,334,1189
32246697,32247379,682,290351
32247379,32248467,1088,158744
32248467,32249695,1228,171138
32249695,32250821,1126,132718
32250821,32251890,1069,138047
32251890,32252440,550,61777
32252440,32253601,1161,21393
32253601,32254796,1195,290363
32254796,32256057,1261,131113
32256057,32256955,898,72200
32256955,32257720,765,66470
32257720,32258837,1117,41259
32258837,32259716,879,157263
32259716,32260909,1193,290361
32260909,32261991,1082,149033
32261991,32262955,964,175448
32262955,32264225,1270,138115
32264225,32265487,1262,130569
32265487,32266668,1181,278217
32266668,32267149,481,220951
32267149,32268364,1215,70753
32268364,32269517,1153,290349
32269517,32270518,1001,76044
32270518,32271015,497,258954
32271015,32272273,1258,176853
32272273,32273250,977,138074
32273250,32274555,1305,170977
32274555,32275232,677,1532
32275232,32275868,636,48362
32275868,32277124,1256,160958
32277124,32278381,1257,90852
32278381,32279224,843,126957
32279224,32280269,1045,25766
32280269,32281431,1162,121331
32281431,32282371,940,12118
32282371,32283502,1131,183239
32283502,32284121,619,301694
32284121,32285124,1003,134785
32285124,32286235,1111,278228
32286235,32287368,1133,126829
32287368,32288317,949,365
32288317,32289248,931,1532
32289248,32290451,1203,120583
32290451,32291564,1113,139387
32291564,32292725,1161,8912
32292725,32293621,896,102238
32293621,32294767,1146,134717
32294767,32295999,1232,121130
32295999,32296437,438,85640
32296437,32297586,1149,46712
32297586,32298920,1334,123267
32298920,32300038,1118,155152
32300038,32300697,659,149939
32300697,32301728,1031,2536
32301728,32302088,360,11546
32302088,32303296,1208,132864
32303296,32304497,1201,271817
32304497,32305681,1184,59239
32305681,32306781,1100,145742
32306781,32307387,606,296465
32307387,32308350,963,295446
32308350,32309621,1271,130103
32309621,32310873,1252,123133
32310873,32311223,350,138488
32311223,32312404,1181,143948
32312404,32313574,1170,146123
32313574,32314691,1117,16002
32314691,32315822,1131,142750
32315822,32317055,1233,145701
32317055,32318338,1283,129808
32318338,32319663,1325,95969
32319663,32320826,1163,130627
32320826,32322005,1179,127694
32322005,32323188,1183,140639
32323188,32324161,973,70843
32324161,32325128,967,144503
32325128,32326463,1335,45218
32326463,32327673,1210,128138
32327673,32328804,1131,9174
32328804,32330032,1228,258954
32330032,32330569,537,258263
32330569,32331816,1247,1070
32331816,32333105,1289,126408
32333105,32334311,1206,259009
32334311,32334978,667,132891
32334978,32335487,509,178149
32335487,32336734,1247,274549
32336734,32337657,923,5758
32337657,32338645,988,138656
32338645,32339882,1237,144503
32339882,32341154,1272,144485
32341154,32342003,849,4447
32342003,32343237,1234,54667
32343237,32344390,1153,199
32344390,32345481,1091,99124
32345481,32346652,1171,133834
32346652,32347712,1060,148529
32347712,32348868,1156,39481
32348868,32350073,1205,129324
32350073,32351038,965,135814
32351038,32352031,993,6398
32352031,32353304,1273,124224
32353304,32354566,1262,126312
32354566,32355805,1239,129317
32355805,32356762,957,140639
32356762,32357119,357,41610
32357119,32358363,1244,160964
32358363,32358694,331,131113
32358694,32360011,1317,7574
32360011,32361258,1247,132484
32361258,32362435,1177,142733
32362435,32362643,208,171108
32362643,32363836,1193,723
32363836,32364847,1011,148521
32364847,32366111,1264,160593
32366111,32367081,970,66185
32367081,32368139,1058,275127
32368139,32369342,1203,58193
32369342,32370403,1061,130495
32370403,32371333,930,134120
32371333,32372535,1202,68353
32372535,32373776,1241,56777
32373776,32374718,942,246889
32374718,32375775,1057,131294
32375775,32376929,1154,131040
32376929,32378180,1251,29101
32378180,32378583,403,5704
32378583,32379707,1124,66166
32379707,32380994,1287,159228
32380994,32382012,1018,147045
32382012,32383210,1198,132717
32383210,32384423,1213,296465
32384423,32385643,1220,132644
32385643,32386571,928,158744
32386571,32387745,1174,293959
32387745,32389023,1278,139356
32389023,32390028,1005,277898
32390028,32391206,1178,91192
32391206,32392223,1017,64300
32392223,32393489,1266,88086
32393489,32394674,1185,130975
32394674,32395195,521,117384
32395195,32396537,1342,6506
32396537,32397722,1185,129325
32397722,32398237,515,19585
32398237,32399405,1168,149881
32399405,32400446,1041,72311
32400446,32400631,185,285314
32400631,32401788,1157,68888
32401788,32402846,1058,281131
32402846,32404083,1237,51163
32404083,32404930,847,48361
32404930,32405899,969,134120
32405899,32407040,1141,287359
32407040,32407804,764,101883
32407804,32408844,1040,147970
32408844,32410083,1239,167022
32410083,32411341,1258,130989
32411341,32412324,983,278217
32412324,32413553,1229,54006
32413553,32413721,168,186232
32413721,32414252,531,14497
32414252,32415213,961,298549
32415213,32416463,1250,134170
32416463,32416880,417,5330
32416880,32417119,239,48362
32417119,32418221,1102,285896
32418221,32419436,1215,271817
32419436,32420647,1211,82020
32420647,32421856,1209,43322
32421856,32423060,1204,14958
32423060,32423643,583,130871
32423643,32424895,1252,141208
32424895,32425906,1011,110742
32425906,32426851,945,31629
32426851,32428202,1351,138032
32428202,32429467,1265,64588
32429467,32430641,1174,77361
32430641,32431216,575,29110
32431216,32431397,181,15305
32431397,32432314,917,293663
32432314,32433430,1116,244443
32433430,32434670,1240,143271
32434670,32435905,1235,96241
32435905,32437214,1309,66176
32437214,32438435,1221,294120
32438435,32439189,754,171138
32439189,32440438,1249,39910
32440438,32441440,1002,133442
32441440,32442468,1028,278289
32442468,32443570,1102,127691
32443570,32444671,1101,240992
32444671,32445888,1217,121541
32445888,32446979,1091,301694
32446979,32448186,1207,84357
32448186,32449277,1091,137618
32449277,32450411,1134,123285
32450411,32451406,995,170951
32451406,32452577,1171,128345
32452577,32453696,1119,129808
32453696,32454344,648,134825
32454344,32454575,231,398
32454575,32455759,1184,124990
32455759,32457028,1269,82020
32457028,32457737,709,136861
32457737,32457920,183,273050
32457920,32458769,849,56777
32458769,32459606,837,126959
32459606,32460845,1239,54666
32460845,32462080,1235,143264
32462080,32462663,583,129790
32462663,32463434,771,72311
32463434,32463908,474,294114
32463908,32465121,1213,122789
32465121,32466189,1068,6175
32466189,32466388,199,153733
32466388,32467466,1078,111574
32467466,32468470,1004,121899
32468470,32469477,1007,177234
32469477,32470646,1169,149881
32470646,32471865,1219,13256
32471865,32473049,1184,106800
32473049,32473656,607,121024
32473656,32474969,1313,126233
32474969,32476053,1084,56222
32476053,32477216,1163,285896
32477216,32478455,1239,92915
32478455,32479339,884,10344
32479339,32480589,1250,2777
32480589,32481430,841,395
32481430,32482311,881,59167
32482311,32483559,1248,129583
32483559,32484236,677,10642
32484236,32484955,719,149798
32484955,32486034,1079,64738
32486034,32487187,1153,28384
32487187,32487538,351,39648
32487538,32487804,266,156967
32487804,32488941,1137,67863
32488941,32490184,1243,138115
32490184,32491459,1275,890
32491459,32492302,843,132499
32492302,32492817,515,129443
32492817,32493910,1093,187024
32493910,32494339,429,130627
32494339,32495325,986,133447
32495325,32496497,1172,132499
32496497,32496723,226,129388
32496723,32497412,689,130545
32497412,32497817,405,40556
32497817,32499013,1196,121080
32499013,32500208,1195,135894
32500208,32501118,910,134728
32501118,32502300,1182,58763
32502300,32503589,1289,16802
32503589,32504010,421,128991
32504010,32505123,1113,86710
32505123,32506183,1060,64708
32506183,32507282,1099,132291
32507282,32508147,865,155973
32508147,32509132,985,163726
32509132,32510184,1052,130876
32510184,32511373,1189,287660
32511373,32512614,1241,76046
32512614,32513825,1211,130296
32513825,32514883,1058,147989
32514883,32516126,1243,148962
32516126,32517211,1085,274378
32517211,32517768,557,4691
32517768,32518843,1075,244431
32518843,32520097,1254,58137
32520097,32521198,1101,41610
32521198,32522033,835,290363
32522033,32522735,702,61758
32522735,32523882,1147,36633
32523882,32525128,1246,283242
32525128,32526407,1279,132592
32526407,32527486,1079,145703
32527486,32528680,1194,150469
32528680,32529805,1125,159228
32529805,32530865,1060,124368
32530865,32532033,1168,155646
32532033,32532255,222,232057
32532255,32532470,215,61316
32532470,32533537,1067,130625
32533537,32534453,916,176698
32534453,32535522,1069,140041
32535522,32536820,1298,67584
32536820,32538044,1224,121896
32538044,32539244,1200,140639
32539244,32539932,688,280380
32539932,32541164,1232,23281
32541164,32542412,1248,254949
32542412,32542995,583,123269
32542995,32543489,494,273050
32543489,32544654,1165,270778
32544654,32545875,1221,287657
32545875,32546296,421,135897
32546296,32547443,1147,124595
32547443,32548700,1257,398
32548700,32549874,1174,60800
32549874,32550897,1023,123167
32550897,32552015,1118,57831
32552015,32553319,1304,6176
32553319,32554496,1177,32637
32554496,32555632,1136,2503
32555632,32556153,521,129623
32556153,32557167,1014,723
32557167,32558398,1231,114468
32558398,32559643,1245,187005
32559643,32560840,1197,141613
32560840,32561861,1021,125123
32561861,32562913,1052,11079
32562913,32564119,1206,12971
32564119,32564812,693,150915
32564812,32565946,1134,12545
32565946,32566171,225,19214
32566171,32566408,237,41614
32566408,32567530,1122,48830
32567530,32568685,1155,60801
32568685,32569606,921,133211
32569606,32570367,761,175448
32570367,32571526,1159,121766
32571526,32572725,1199,64292
32572725,32573749,1024,140931
32573749,32574932,1183,363
32574932,32576154,1222,71401
32576154,32577403,1249,245687
32577403,32578358,955,132532
32578358,32579385,1027,144999
32579385,32580586,1201,59268
32580586,32581851,1265,122863
32581851,32582942,1091,126296
32582942,32584251,1309,121799
32584251,32584929,678,12471
32584929,32585843,914,37090
32585843,32587006,1163,184265
32587006,32588096,1090,139009
32588096,32589125,1029,143948
32589125,32590351,1226,125123
32590351,32591379,1028,144503
32591379,32592499,1120,110243
32592499,32593601,1102,3966
32593601,32594922,1321,124595
32594922,32596137,1215,118112
32596137,32596292,155,245707
32596292,32597047,755,19132
32597047,32598270,1223,5417
32598270,32599195,925,102381
32599195,32600427,1232,151776
32600427,32601717,1290,104394
32601717,32602725,1008,290923
32602725,32603762,1037,132644
32603762,32604779,1017,300225
32604779,32605874,1095,94108
32605874,32606537,663,137608
32606537,32607604,1067,293529
32607604,32608500,896,126232
32608500,32609637,1137,365
32609637,32610912,1275,66016
32610912,32611767,855,5757
32611767,32613034,1267,6524
32613034,32613737,703,121741
32613737,32614816,1079,168062
32614816,32615931,1115,28247
32615931,32617182,1251,72311
32617182,32618377,1195,133279
32618377,32619328,951,109180
32619328,32620414,1086,162238
32620414,32621599,1185,37092
32621599,32622089,490,137618
32622089,32622880,791,124368
32622880,32623159,279,172165
32623159,32624209,1050,141613
32624209,32624767,558,75360
32624767,32625919,1152,126410
32625919,32627160,1241,133442
32627160,32628015,855,79973
32628015,32629217,1202,2777
32629217,32630342,1125,149939
32630342,32631447,1105,60774
32631447,32632082,635,92915
32632082,32633310,1228,199
32633310,32633875,565,105394
32633875,32635023,1148,70837
32635023,32636258,1235,41610
32636258,32637485,1227,138113
32637485,32638735,1250,57179
32638735,32639900,1165,57836
32639900,32640935,1035,10344
32640935,32641312,377,131218
32641312,32642410,1098,49755
32642410,32643524,1114,112761
32643524,32644483,959,130871
32644483,32645486,1003,178030
32645486,32646606,1120,104394
32646606,32647856,1250,133393
32647856,32648978,1122,163597
32648978,32650029,1051,131751
32650029,32651379,1350,121541
32651379,32652498,1119,160592
32652498,32653765,1267,133424
32653765,32654944,1179,63713
32654944,32656218,1274,185457
32656218,32657569,1351,130492
32657569,32658704,1135,126737
32658704,32659741,1037,129396
32659741,32660803,1062,141721
32660803,32661587,784,121528
32661587,32662828,1241,92934
32662828,32663571,743,14674
32663571,32664717,1146,12544
32664717,32665680,963,67857
32665680,32666675,995,130125
32666675,32667236,561,130105
32667236,32668077,841,292138
32668077,32668512,435,14497
32668512,32669629,1117,56574
32669629,32670886,1257,126965
32670886,32672097,1211,135033
32672097,32672676,579,73847
32672676,32673833,1157,291168
32673833,32674676,843,29092
32674676,32675596,920,291107
32675596,32676405,809,300047
32676405,32676880,475,105394
32676880,32678164,1284,134816
32678164,32679427,1263,104398
32679427,32680627,1200,81859
32680627,32681217,590,29120
32681217,32682297,1080,8890
32682297,32683508,1211,47239
32683508,32684718,1210,5703
32684718,32685991,1273,92935
32685991,32686363,372,258960
32686363,32687254,891,129790
32687254,32688355,1101,31668
32688355,32689594,1239,61356
32689594,32690913,1319,7793
32690913,32691410,497,91801
32691410,32692544,1134,105179
32692544,32693729,1185,137141
32693729,32694944,1215,73728
32694944,32695959,1015,143946
32695959,32697218,1259,101832
32697218,32698305,1087,155520
32698305,32699238,933,122451
32699238,32700505,1267,216564
32700505,32701646,1141,294554
32701646,32702444,798,163322
32702444,32703494,1050,58763
32703494,32704677,1183,150674
32704677,32705502,825,163726
32705502,32706526,1024,37090
32706526,32707782,1256,135659
32707782,32708655,873,166421
32708655,32709530,875,294523
32709530,32710667,1137,11547
32710667,32711927,1260,73972
32711927,32712940,1013,168626
32712940,32713942,1002,140071
32713942,32714986,1044,278220
32714986,32716309,1323,106800
32716309,32717641,1332,6525
32717641,32718799,1158,212
32718799,32720005,1206,122810
32720005,32721176,1171,130871
32721176,32722058,882,132718
32722058,32723037,979,137627
32723037,32724144,1107,8592
32724144,32725409,1265,161166
32725409,32726505,1096,186230
32726505,32727564,1059,101283
32727564,32728712,1148,150127
32728712,32729511,799,290350
32729511,32730437,926,86679
32730437,32731645,1208,69412
32731645,32731940,295,133273
32731940,32733106,1166,59288
32733106,32733851,745,187024
32733851,32734227,376,245708
32734227,32735515,1288,4662
32735515,32736633,1118,125140
32736633,32737756,1123,5757
32737756,32738979,1223,61743
32738979,32739251,272,143262
32739251,32739472,221,14677
32739472,32740726,1254,131704
32740726,32741699,973,169291
32741699,32742832,1133,181420
32742832,32743831,999,170452
32743831,32744955,1124,101265
32744955,32746162,1207,144135
32746162,32747232,1070,4136
32747232,32747729,497,70919
32747729,32748692,963,148920
32748692,32749441,749,44585
32749441,32749603,162,295756
32749603,32750390,787,75807
32750390,32751465,1075,68188
32751465,32752038,573,139336
32752038,32753229,1191,279849
32753229,32753940,711,106965
32753940,32754220,280,126965
32754220,32755468,1248,21493
32755468,32755795,327,136610
32755795,32756700,905,148529
32756700,32757747,1047,14958
32757747,32758973,1226,283242
32758973,32760206,1233,134160
32760206,32760547,341,43321
32760547,32761812,1265,106974
32761812,32762992,1180,258266
32762992,32763225,233,150915
32763225,32764486,1261,124549
32764486,32765180,694,283242
32765180,32766429,1249,294113
32766429,32767693,1264,75360
32767693,32768913,1220,6175
32768913,32770106,1193,73848
32770106,32771226,1120,134465
32771226,32772181,955,41170
32772181,32772748,567,144019
32772748,32773903,1155,30101
32773903,32774210,307,25951
32774210,32775389,1179,121766
32775389,32776518,1129,134425
32776518,32776855,337,56777
32776855,32778002,1147,112592
32778002,32779237,1235,126286
32779237,32780460,1223,138656
32780460,32781723,1263,16802
32781723,32782830,1107,2301
32782830,32783961,1131,76055
32783961,32785231,1270,131735
32785231,32786455,1224,283462
32786455,32787549,1094,135249
32787549,32788513,964,160953
32788513,32789563,1050,129623
32789563,32790825,1262,1536
32790825,32792065,1240,4158
32792065,32793370,1305,143893
32793370,32794502,1132,5417
32794502,32795028,526,160188
32795028,32795882,854,3582
32795882,32796837,955,185436
32796837,32797102,265,130093
32797102,32798174,1072,52087
32798174,32799407,1233,122614
32799407,32799810,403,756
32799810,32800955,1145,39971
32800955,32802140,1185,890
32802140,32803028,888,135636
32803028,32804023,995,134592
32804023,32805292,1269,131040
32805292,32805781,489,157236
32805781,32806800,1019,133227
32806800,32807831,1031,138045
32807831,32809041,1210,93277
32809041,32809278,237,155972
32809278,32809979,701,121669
32809979,32810906,927,287659
32810906,32812045,1139,270777
32812045,32812803,758,120277
32812803,32813999,1196,132272
32813999,32815211,1212,723
32815211,32815669,458,275212
32815669,32816576,907,63105
32816576,32817843,1267,54016
32817843,32818198,355,149939
32818198,32819426,1228,48525
32819426,32820705,1279,116804
32820705,32821370,665,11612
32821370,32822542,1172,136458
32822542,32822735,193,139361
32822735,32823905,1170,352
32823905,32825077,1172,723
32825077,32825540,463,156153
32825540,32826817,1277,2327
32826817,32827960,1143,88363
32827960,32829229,1269,39971
32829229,32830313,1084,133227
32830313,32831484,1171,131259
32831484,32832572,1088,25766
32832572,32833085,513,132649
32833085,32834227,1142,109179
32834227,32834481,254,112012
32834481,32835555,1074,32136
32835555,32836673,1118,94522
32836673,32837940,1267,57837
32837940,32838747,807,28375
32838747,32839945,1198,138033
32839945,32840841,896,166420
32840841,32841404,563,137627
32841404,32842296,892,163519
32842296,32842947,651,9010
32842947,32844211,1264,114256
32844211,32845378,1167,133220
32845378,32846160,782,287359
32846160,32847392,1232,48525
32847392,32848044,652,176660
32848044,32849058,1014,283228
32849058,32850250,1192,126408
32850250,32850497,247,287671
32850497,32851451,954,16002
32851451,32852604,1153,138486
32852604,32853695,1091,29012
32853695,32854861,1166,282357
32854861,32856134,1273,135826
32856134,32857323,1189,134728
32857323,32858287,964,142318
32858287,32858918,631,291609
32858918,32860163,1245,294113
32860163,32861426,1263,127538
32861426,32862316,890,176660
32862316,32863491,1175,125140
32863491,32864724,1233,71320
32864724,32865913,1189,171109
32865913,32867085,1172,8141
32867085,32868226,1141,86043
32868226,32869445,1219,157236
32869445,32870514,1069,36146
32870514,32871345,831,232690
32871345,32872462,1117,147970
32872462,32873717,1255,19373
32873717,32873864,147,7894
32873864,32874939,1075,64956
32874939,32876097,1158,139404
32876097,32876408,311,23311
32876408,32877675,1267,129066
32877675,32878860,1185,58845
32878860,32880122,1262,38026
32880122,32881211,1089,128761
32881211,32882348,1137,73024
32882348,32883560,1212,285173
32883560,32884224,664,141208
32884224,32885142,918,59288
32885142,32885410,268,292348
32885410,32886351,941,121543
32886351,32887596,1245,105394
32887596,32888700,1104,12544
32888700,32889850,1150,16020
32889850,32890855,1005,105386
32890855,32892000,1145,10801
32892000,32892725,725,19665
32892725,32894001,1276,139707
32894001,32895290,1289,132568
32895290,32895683,393,101892
32895683,32896279,596,147967
32896279,32897639,1360,41166
32897639,32898552,913,64738
32898552,32899706,1154,44577
32899706,32900841,1135,68192
32900841,32902071,1230,110243
32902071,32903237,1166,124439
32903237,32904502,1265,130878
32904502,32905762,1260,39910
32905762,32906734,972,124990
32906734,32907069,335,1730
32907069,32908208,1139,41933
32908208,32908612,404,155151
32908612,32909862,1250,143893
32909862,32911097,1235,39478
32911097,32911384,287,62347
32911384,32911735,351,126312
32911735,32912769,1034,159386
32912769,32913780,1011,83708
32913780,32915056,1276,138074
32915056,32915893,837,279856
32915893,32917092,1199,155972
32917092,32918300,1208,43296
32918300,32919554,1254,137597
32919554,32920731,1177,63713
32920731,32921764,1033,365
32921764,32923099,1335,132848
32923099,32924035,936,41933
32924035,32925104,1069,86588
32925104,32925956,852,61316
32925956,32926492,536,128660
32926492,32927826,1334,129011
32927826,32928696,870,295761
32928696,32929235,539,75365
32929235,32930586,1351,76974
32930586,32930908,322,148521
32930908,32932118,1210,132782
32932118,32933374,1256,121730
32933374,32934641,1267,146770
32934641,32935737,1096,48842
32935737,32936727,990,274374
32936727,32937598,871,126292
32937598,32938412,814,254949
32938412,32939241,829,146437
32939241,32940421,1180,139009
32940421,32941583,1162,8140
32941583,32942376,793,107480
32942376,32943506,1130,48848
32943506,32944311,805,96168
32944311,32945487,1176,184264
32945487,32946696,1209,138032
32946696,32947946,1250,185125
32947946,32949182,1236,149739
32949182,32949561,379,137483
32949561,32950373,812,11079
32950373,32951662,1289,87791
32951662,32952787,1125,141279
32952787,32953597,810,4654
32953597,32954895,1298,69412
32954895,32956161,1266,40556
32956161,32957454,1293,46267
32957454,32958612,1158,162130
32958612,32959962,1350,282385
32959962,32961213,1251,184264
32961213,32962288,1075,67200
32962288,32963539,1251,56175
32963539,32964719,1180,132069
32964719,32965864,1145,7622
32965864,32967057,1193,13364
32967057,32968032,975,181420
32968032,32969297,1265,291101
32969297,32970402,1105,23311
32970402,32971225,823,2327
32971225,32972488,1263,170951
32972488,32973686,1198,1733
32973686,32974868,1182,291170
32974868,32975826,958,123882
32975826,32977096,1270,149739
32977096,32977469,373,47237
32977469,32978696,1227,48513
32978696,32979651,955,155151
32979651,32980828,1177,13364
32980828,32981915,1087,53342
32981915,32983086,1171,133225
32983086,32984394,1308,178450
32984394,32985326,932,105168
32985326,32985603,277,130994
32985603,32986756,1153,56837
32986756,32987855,1099,130549
32987855,32989038,1183,64588
32989038,32990032,994,32639
32990032,32990960,928,138617
32990960,32991960,1000,133447
32991960,32993036,1076,291101
32993036,32994261,1225,41170
32994261,32995372,1111,134176
32995372,32996596,1224,121902
32996596,32996993,397,121449
32996993,32997944,951,31609
32997944,32999069,1125,72212
32999069,33000248,1179,174960
33000248,33000988,740,126965
33000988,33002132,1144,34497
33002132,33003058,926,20028
33003058,33004215,1157,5416
33004215,33004727,512,147971
33004727,33005131,404,123285
33005131,33005552,421,66347
33005552,33006638,1086,34483
33006638,33007755,1117,121127
33007755,33008898,1143,144135
33008898,33009522,624,176660
33009522,33010565,1043,130494
33010565,33010892,327,72311
33010892,33011801,909,102381
33011801,33012004,203,144496
33012004,33013149,1145,64713
33013149,33014426,1277,143271
33014426,33015552,1126,138901
33015552,33016444,892,134160
33016444,33017567,1123,208
33017567,33018414,847,9919
33018414,33018999,585,144496
33018999,33020190,1191,11243
33020190,33021424,1234,139742
33021424,33022685,1261,128310
33022685,33023824,1139,112011
33023824,33024887,1063,14526
33024887,33026114,1227,126220
33026114,33027219,1105,156724
33027219,33027735,516,129623
33027735,33028972,1237,105390
33028972,33030094,1122,163527
33030094,33031266,1172,156224
33031266,33032492,1226,130504
33032492,33032627,135,129396
33032627,33033579,952,102239
33033579,33034428,849,72210
33034428,33035377,949,150843
33035377,33035606,229,166683
33035606,33036983,1377,245691
33036983,33038020,1037,184447
33038020,33039063,1043,137588
33039063,33040107,1044,294690
33040107,33041171,1064,25766
33041171,33041436,265,176853
33041436,33042664,1228,104986
33042664,33043149,485,126945
33043149,33044326,1177,128136
33044326,33045566,1240,287657
33045566,33046399,833,87280
33046399,33047648,1249,89388
33047648,33048959,1311,171134
33048959,33050220,1261,134170
33050220,33051082,862,8140
33051082,33052185,1103,156738
33052185,33053438,1253,48362
33053438,33054753,1315,5911
33054753,33055406,653,109179
33055406,33056657,1251,126737
33056657,33057283,626,296473
33057283,33058482,1199,73073
33058482,33059308,826,41610
33059308,33059942,634,92427
33059942,33061269,1327,37090
33061269,33061919,650,395
33061919,33062145,226,58868
33062145,33063294,1149,137628
33063294,33064522,1228,114476
33064522,33065619,1097,132649
33065619,33066766,1147,98877
33066766,33067913,1147,61758
33067913,33069061,1148,110742
33069061,33069286,225,281188
33069286,33069615,329,284269
33069615,33070748,1133,126965
33070748,33071820,1072,175390
33071820,33072911,1091,162239
33072911,33073296,385,86683
33073296,33074037,741,25766
33074037,33074836,799,122467
33074836,33076049,1213,129790
33076049,33077324,1275,74797
33077324,33077581,257,46243
33077581,33078022,441,130627
33078022,33079184,1162,54016
33079184,33079925,741,1189
33079925,33080529,604,158081
33080529,33080913,384,8157
33080913,33082128,1215,145701
33082128,33083399,1271,184266
33083399,33083894,495,104979
33083894,33085087,1193,5703
33085087,33086334,1247,92820
33086334,33086628,294,57179
33086628,33087915,1287,133225
33087915,33088497,582,124990
33088497,33089762,1265,145703
33089762,33090692,930,270778
33090692,33091955,1263,233342
33091955,33092426,471,140651
33092426,33093487,1061,29091
33093487,33094148,661,6174
33094148,33095370,1222,132537
33095370,33096485,1115,125140
33096485,33097596,1111,11734
33097596,33098586,990,41259
33098586,33099853,1267,282383
33099853,33100978,1125,57154
33100978,33102186,1208,135033
33102186,33103299,1113,125882
33103299,33104555,1256,127579
33104555,33105803,1248,44582
33105803,33106586,783,139290
33106586,33107893,1307,1043
33107893,33109223,1330,7574
33109223,33110516,1293,285135
33110516,33111706,1190,122614
33111706,33112906,1200,76043
33112906,33113999,1093,32139
33113999,33115080,1081,125084
33115080,33116269,1189,142363
33116269,33117505,1236,54006
33117505,33118379,874,135894
33118379,33119604,1225,160958
33119604,33120106,502,4445
33120106,33121333,1227,135897
33121333,33122618,1285,69412
33122618,33123754,1136,167023
33123754,33124657,903,171139
33124657,33125926,1269,133217
33125926,33126880,954,136983
33126880,33128115,1235,126292
33128115,33129204,1089,105574
33129204,33130353,1149,80189
33130353,33131687,1334,16020
33131687,33132679,992,298549
33132679,33133720,1041,96168
33133720,33135001,1281,290350
33135001,33135627,626,280922
33135627,33136891,1264,134176
33136891,33137992,1101,72200
33137992,33139112,1120,132532
33139112,33140383,1271,177627
33140383,33141656,1273,284444
33141656,33142837,1181,124990
33142837,33143984,1147,121415
33143984,33145249,1265,126208
33145249,33146517,1268,142824
33146517,33147704,1187,91072
33147704,33148967,1263,122614
33148967,33150117,1150,126796
33150117,33151297,1180,107621
33151297,33152347,1050,72210
33152347,33153578,1231,145700
33153578,33154753,1175,150855
33154753,33155929,1176,117382
33155929,33157192,1263,14936
33157192,33158520,1328,61316
33158520,33159761,1241,88489
33159761,33160817,1056,126739
33160817,33162088,1271,185488
33162088,33163133,1045,92202
33163133,33163655,522,156224
33163655,33164904,1249,124547
33164904,33166107,1203,13185
33166107,33167429,1322,14497
33167429,33168662,1233,15082
33168662,33169633,971,296078
33169633,33170660,1027,55088
33170660,33171895,1235,35921
33171895,33172933,1038,131106
33172933,33174152,1219,291608
33174152,33175297,1145,86741
33175297,33176501,1204,160952
33176501,33177084,583,121413
33177084,33178325,1241,168204
33178325,33179419,1094,39971
33179419,33179831,412,31097
33179831,33180971,1140,89882
33180971,33182246,1275,26951
33182246,33183503,1257,121541
33183503,33184767,1264,130532
33184767,33184952,185,6506
33184952,33186085,1133,94523
33186085,33187348,1263,124990
33187348,33188553,1205,14497
33188553,33188949,396,75360
33188949,33190090,1141,178030
33190090,33191317,1227,80690
33191317,33192512,1195,136458
33192512,33193530,1018,126221
33193530,33194725,1195,103120
33194725,33195546,821,126957
33195546,33196809,1263,58845
33196809,33198014,1205,28380
33198014,33198975,961,90852
33198975,33199930,955,53342
33199930,33201200,1270,150915
33201200,33202427,1227,296078
33202427,33203703,1276,165428
33203703,33204956,1253,65772
33204956,33205824,868,5911
33205824,33206879,1055,58433
33206879,33208020,1141,121799
33208020,33209095,1075,39508
33209095,33210367,1272,57416
33210367,33211368,1001,160188
33211368,33212494,1126,147045
33212494,33213699,1205,73846
33213699,33214999,1300,290047
33214999,33215876,877,69422
33215876,33216543,667,258954
33216543,33217647,1104,2327
33217647,33218756,1109,134728
33218756,33219702,946,270777
33219702,33220798,1096,169291
33220798,33221775,977,121891
33221775,33222995,1220,130755
33222995,33223987,992,142320
33223987,33224277,290,110520
33224277,33225076,799,108638
33225076,33225839,763,138115
33225839,33227093,1254,19376
33227093,33228272,1179,130229
33228272,33229363,1091,92427
33229363,33229972,609,278220
33229972,33230583,611,89898
33230583,33231803,1220,110054
33231803,33232861,1058,74477
33232861,33233639,778,129983
33233639,33234537,898,122944
33234537,33235612,1075,19376
33235612,33236869,1257,101276
33236869,33238088,1219,21393
33238088,33239439,1351,122614
33239439,33240620,1181,130530
33240620,33241386,766,302111
33241386,33241699,313,130093
33241699,33242501,802,18524
33242501,33243780,1279,4445
33243780,33244906,1126,41933
33244906,33245644,738,55927
33245644,33246789,1145,131735
33246789,33247892,1103,10088
33247892,33248741,849,150916
33248741,33249852,1111,185125
33249852,33250658,806,141279
33250658,33251851,1193,100045
33251851,33252980,1129,148920
33252980,33254255,1275,294114
33254255,33255365,1110,107483
33255365,33256568,1203,128660
33256568,33257787,1219,158081
33257787,33258972,1185,132649
33258972,33260074,1102,147971
33260074,33261259,1185,11535
33261259,33262204,945,166436
33262204,33262892,688,274378
33262892,33263793,901,132891
33263793,33265115,1322,290349
33265115,33266114,999,132777
33266114,33267439,1325,66622
33267439,33268648,1209,398
33268648,33269581,933,130125
33269581,33270800,1219,108066
33270800,33271923,1123,224746
33271923,33273114,1191,11079
33273114,33274387,1273,6557
33274387,33275580,1193,26987
33275580,33276686,1106,130994
33276686,33277707,1021,268287
33277707,33278957,1250,150855
33278957,33280065,1108,19366
33280065,33281035,970,29110
33281035,33282130,1095,84122
33282130,33282736,606,136863
33282736,33283867,1131,23311
33283867,33285134,1267,220951
33285134,33286227,1093,127694
33286227,33286879,652,174960
33286879,33287506,627,258263
33287506,33288843,1337,139361
33288843,33289549,706,146770
33289549,33290680,1131,9010
33290680,33291929,1249,68762
33291929,33293001,1072,133211
33293001,33294072,1071,133239
33294072,33294891,819,10172
33294891,33295444,553,45218
33295444,33295716,272,17615
33295716,33296942,1226,275128
33296942,33298211,1269,73729
33298211,33299198,987,148312
33299198,33299640,442,70843
33299640,33300884,1244,9210
33300884,33302079,1195,57156
33302079,33303238,1159,68773
33303238,33304544,1306,21493
33304544,33305345,801,177627
33305345,33306598,1253,163527
33306598,33306812,214,72311
33306812,33307245,433,139308
33307245,33308510,1265,8674
33308510,33309659,1149,123882
33309659,33310942,1283,30119
33310942,33312127,1185,92930
33312127,33313299,1172,57154
33313299,33314350,1051,121661
33314350,33315401,1051,279239
33315401,33316482,1081,176263
33316482,33317789,1307,139336
33317789,33318953,1164,19132
33318953,33319748,795,285137
33319748,33320792,1044,10988
33320792,33321787,995,110056
33321787,33322958,1171,6174
33322958,33324075,1117,187466
33324075,33324993,918,83633
33324993,33326165,1172,44582
33326165,33327393,1228,101579
33327393,33328475,1082,134425
33328475,33329492,1017,258250
33329492,33330123,631,163606
33330123,33331394,1271,117384
33331394,33332638,1244,19585
33332638,33332921,283,124547
33332921,33334040,1119,121127
33334040,33335284,1244,124994
33335284,33336175,891,108005
33336175,33337065,890,18524
33337065,33338171,1106,82458
33338171,33339388,1217,76055
33339388,33339862,474,143262
33339862,33341187,1325,102250
33341187,33342168,981,157242
33342168,33342938,770,111574
33342938,33343174,236,295445
33343174,33344283,1109,19361
33344283,33345395,1112,160188
33345395,33346541,1146,144135
33346541,33347486,945,287671
33347486,33348690,1204,279363
33348690,33350010,1320,282383
33350010,33350899,889,302111
33350899,33351249,350,63095
33351249,33352352,1103,1539
33352352,33353303,951,109174
33353303,33354254,951,56179
33354254,33355489,1235,46712
33355489,33356758,1269,86777
33356758,33358016,1258,96168
33358016,33359111,1095,130494
33359111,33359451,340,110705
33359451,33359899,448,258974
33359899,33360973,1074,286306
33360973,33361766,793,162253
33361766,33362779,1013,159371
33362779,33364038,1259,163612
33364038,33365274,1236,133471
33365274,33366549,1275,138617
33366549,33367290,741,19366
33367290,33367514,224,129388
33367514,33368677,1163,232690
33368677,33369891,1214,125118
33369891,33371042,1151,105383
33371042,33372244,1202,19361
33372244,33373513,1269,132299
33373513,33374038,525,99249
33374038,33375249,1211,129325
33375249,33376330,1081,135221
33376330,33377566,1236,29120
33377566,33378727,1161,86039
33378727,33379301,574,68369
33379301,33380584,1283,129659
33380584,33381850,1266,139404
33381850,33383174,1324,6541
33383174,33384189,1015,185126
33384189,33384388,199,122876
33384388,33385464,1076,121331
33385464,33386670,1206,231837
33386670,33387090,420,88007
33387090,33387447,357,58868
33387447,33388642,1195,130105
33388642,33389541,899,130625
33389541,33390786,1245,123285
33390786,33391535,749,129393
33391535,33391800,265,138032
33391800,33392763,963,244443
33392763,33393578,815,123047
33393578,33394421,843,121415
33394421,33395700,1279,163726
33395700,33396959,1259,127518
33396959,33398092,1133,121899
33398092,33399414,1322,230928
33399414,33400655,1241,130727
33400655,33401348,693,281187
33401348,33402320,972,56222
33402320,33403493,1173,39913
33403493,33404552,1059,232057
33404552,33405861,1309,139361
33405861,33407091,1230,148312
33407091,33408184,1093,123443
33408184,33409285,1101,234106
33409285,33410432,1147,122614
33410432,33411659,1227,141279
33411659,33412798,1139,110742
33412798,33413742,944,184448
33413742,33414679,937,147045
33414679,33415614,935,155521
33415614,33416892,1278,135897
33416892,33418167,1275,131295
33418167,33419100,933,121760
33419100,33420390,1290,70843
33420390,33421604,1214,63885
33421604,33422837,1233,126861
33422837,33424072,1235,141148
33424072,33425276,1204,3966
33425276,33426151,875,1733
33426151,33427352,1201,139753
33427352,33427830,478,23295
33427830,33429023,1193,63839
33429023,33430040,1017,73295
33430040,33430901,861,68888
33430901,33432077,1176,362
33432077,33433412,1335,138545
33433412,33434609,1197,175390
33434609,33435716,1107,101278
33435716,33436765,1049,110056
33436765,33437780,1015,168062
33437780,33438707,927,126292
33438707,33440016,1309,124368
33440016,33441277,1261,134804
33441277,33442378,1101,296468
33442378,33443600,1222,9342
33443600,33444215,615,128636
33444215,33445414,1199,75242
33445414,33445940,526,291172
33445940,33446931,991,118112
33446931,33447956,1025,108638
33447956,33449050,1094,77173
33449050,33450189,1139,39761
33450189,33451388,1199,91906
33451388,33452651,1263,147110
33452651,33453901,1250,50778
33453901,33454821,920,131295
33454821,33456046,1225,280922
33456046,33456345,299,142824
33456345,33457610,1265,150674
33457610,33458441,831,126945
33458441,33459348,907,134160
33459348,33460571,1223,13185
33460571,33461753,1182,5710
33461753,33462976,1223,64974
33462976,33464321,1345,290923
33464321,33465365,1044,68369
33465365,33466601,1236,144503
33466601,33467591,990,100431
33467591,33468642,1051,144496
33468642,33469878,1236,156015
33469878,33470977,1099,163527
33470977,33471934,957,19361
33471934,33473058,1124,281188
33473058,33474261,1203,164328
33474261,33474532,271,132532
33474532,33475651,1119,233382
33475651,33476631,980,132866
33476631,33477733,1102,7793
33477733,33478945,1212,184448
33478945,33480126,1181,87280
33480126,33481067,941,122863
33481067,33482172,1105,155968
33482172,33483443,1271,135033
33483443,33484682,1239,30591
33484682,33485191,509,132710
33485191,33486371,1180,16632
33486371,33487618,1247,162130
33487618,33488867,1249,174992
33488867,33490118,1251,121085
33490118,33491246,1128,145138
33491246,33492447,1201,61316
33492447,33493544,1097,1133
33493544,33494809,1265,5757
33494809,33495927,1118,70843
33495927,33497067,1140,98644
33497067,33498228,1161,104398
33498228,33499331,1103,24731
33499331,33500614,1283,96153
33500614,33501849,1235,132891
33501849,33502444,595,49755
33502444,33503240,796,121024
33503240,33503561,321,130225
33503561,33504618,1057,182396
33504618,33505772,1154,144485
33505772,33507004,1232,135894
33507004,33507653,649,100045
33507653,33508826,1173,54016
33508826,33509792,966,174511
33509792,33511086,1294,276907
33511086,33511734,648,132601
33511734,33512942,1208,283138
33512942,33514124,1182,130486
33514124,33515037,913,140718
33515037,33516160,1123,19366
33516160,33517361,1201,6557
33517361,33518562,1201,83633
33518562,33519829,1267,75810
33519829,33520120,291,252342
33520120,33521061,941,113336
33521061,33522259,1198,66464
33522259,33523310,1051,126861
33523310,33524397,1087,279239
33524397,33525655,1258,157830
33525655,33526760,1105,39476
33526760,33527931,1171,724
33527931,33529106,1175,121068
33529106,33529563,457,135220
33529563,33530794,1231,5912
33530794,33531715,921,148522
33531715,33532712,997,108621
33532712,33533809,1097,5757
33533809,33535051,1242,145088
33535051,33536063,1012,156159
33536063,33537369,1306,12971
33537369,33538496,1127,156973
33538496,33539713,1217,110054
33539713,33540595,882,216564
33540595,33541762,1167,121069
33541762,33542118,356,304534
33542118,33542385,267,81843
33542385,33543503,1118,44912
33543503,33544782,1279,14526
33544782,33544881,99,11612
33544881,33545852,971,108638
33545852,33547001,1149,124368
33547001,33548358,1357,52088
33548358,33549545,1187,6174
33549545,33549966,421,199
33549966,33550716,750,77778
33550716,33551912,1196,123270
33551912,33552555,643,6541
33552555,33553734,1179,178030
33553734,33554238,504,220951
33554238,33554898,660,107627
33554898,33556095,1197,18524
33556095,33557072,977,31097
33557072,33558293,1221,46890
33558293,33559505,1212,121148
33559505,33560774,1269,293529
33560774,33561869,1095,13056
33561869,33562993,1124,143307
33562993,33563690,697,92427
33563690,33564745,1055,162239
33564745,33565850,1105,83633
33565850,33567066,1216,135221
33567066,33568279,1213,19366
33568279,33569435,1156,101262
33569435,33570661,1226,80665
33570661,33571902,1241,132592
33571902,33572273,371,142848
33572273,33573514,1241,4158
33573514,33574737,1223,104394
33574737,33575776,1039,14976
33575776,33577011,1235,293957
33577011,33578248,1237,163505
33578248,33579499,1251,129623
33579499,33580652,1153,258970
33580652,33581860,1208,135892
33581860,33583087,1227,80665
33583087,33583900,813,110522
33583900,33585101,1201,292138
33585101,33586106,1005,290365
33586106,33587157,1051,139710
33587157,33588355,1198,118128
33588355,33589226,871,57180
33589226,33590419,1193,141235
33590419,33590912,493,284433
33590912,33592180,1268,78885
33592180,33592683,503,115968
33592683,33593910,1227,136271
33593910,33594413,503,26894
33594413,33595640,1227,144496
33595640,33596722,1082,69550
33596722,33597940,1218,133273
33597940,33599088,1148,162375
33599088,33600217,1129,133442
33600217,33601339,1122,135897
33601339,33602651,1312,140639
33602651,33603811,1160,147967
33603811,33604071,260,275147
33604071,33604936,865,117899
33604936,33605924,988,121079
33605924,33606965,1041,293959
33606965,33608122,1157,133220
33608122,33609223,1101,262291
33609223,33610486,1263,4733
33610486,33611079,593,168500
33611079,33611946,867,112011
33611946,33612979,1033,153731
33612979,33613774,795,90852
33613774,33614855,1081,174953
33614855,33615970,1115,5416
33615970,33617131,1161,39501
33617131,33618023,892,129393
33618023,33619001,978,61317
33619001,33620134,1133,20410
33620134,33621274,1140,139404
33621274,33622591,1317,19585
33622591,33622974,383,155151
33622974,33623609,635,122451
33623609,33624716,1107,118128
33624716,33625809,1093,29108
33625809,33626808,999,142362
33626808,33628068,1260,65772
33628068,33628274,206,126600
33628274,33629281,1007,290361
33629281,33630519,1238,295759
33630519,33631446,927,287837
33631446,33632397,951,6556
33632397,33633477,1080,139200
33633477,33634418,941,163402
33634418,33635649,1231,75807
33635649,33636885,1236,129581
33636885,33637880,995,128309
33637880,33638689,809,19376
33638689,33639668,979,107520
33639668,33640668,1000,40556
33640668,33641459,791,121799
33641459,33642498,1039,37090
33642498,33643715,1217,62850
33643715,33644934,1219,126955
33644934,33645506,572,86708
33645506,33646604,1098,7574
33646604,33647264,660,278220
33647264,33648523,1259,16802
33648523,33648760,237,16002
33648760,33649847,1087,170982
33649847,33650890,1043,245707
33650890,33652060,1170,73958
33652060,33653316,1256,136983
33653316,33654360,1044,1536
33654360,33655534,1174,46890
33655534,33656513,979,92805
33656513,33657488,975,137483
33657488,33658633,1145,59288
33658633,33659636,1003,140040
33659636,33660780,1144,158816
33660780,33661954,1174,141174
33661954,33663040,1086,67233
33663040,33663893,853,14958
33663893,33664336,443,86708
33664336,33665464,1128,365
33665464,33666104,640,275212
33666104,33667386,1282,64298
33667386,33667912,526,143005
33667912,33668420,508,158074
33668420,33668998,578,122467
33668998,33670163,1165,56179
33670163,33670999,836,155948
33670999,33672007,1008,143022
33672007,33673037,1030,3966
33673037,33673699,662,132592
33673699,33674168,469,123270
33674168,33675399,1231,240992
33675399,33676444,1045,141613
33676444,33677231,787,167023
33677231,33678412,1181,126539
33678412,33679569,1157,92805
33679569,33680714,1145,39970
33680714,33682003,1289,185126
33682003,33682850,847,68369
33682850,33683864,1014,120330
33683864,33684868,1004,115047
33684868,33686148,1280,161714
33686148,33686798,650,126829
33686798,33687057,259,24731
33687057,33688319,1262,132101
33688319,33689402,1083,39749
33689402,33690526,1124,171137
33690526,33691852,1326,32451
33691852,33692978,1126,91072
33692978,33694272,1294,121064
33694272,33695483,1211,7574
33695483,33696636,1153,66470
33696636,33697733,1097,56777
33697733,33698298,565,157243
33698298,33699509,1211,2777
33699509,33700715,1206,130876
33700715,33701249,534,85635
33701249,33702570,1321,137141
33702570,33703595,1025,231838
33703595,33704812,1217,24731
33704812,33705921,1109,121727
33705921,33707069,1148,216563
33707069,33708057,988,147110
33708057,33708926,869,130974
33708926,33710116,1190,29012
33710116,33710678,562,86683
33710678,33711819,1141,101276
33711819,33712669,850,149245
33712669,33713787,1118,98880
33713787,33714976,1189,104398
33714976,33716086,1110,100145
33716086,33717217,1131,175448
33717217,33718411,1194,46889
33718411,33719312,901,141248
33719312,33719978,666,131899
33719978,33720343,365,164328
33720343,33721527,1184,163519
33721527,33722338,811,126737
33722338,33723569,1231,122627
33723569,33724492,923,133273
33724492,33725572,1080,73024
33725572,33726601,1029,44937
33726601,33727673,1072,48361
33727673,33728694,1021,181961
33728694,33729417,723,147173
33729417,33730673,1256,135657
33730673,33731200,527,128636
33731200,33732253,1053,57836
33732253,33733491,1238,47237
33733491,33734497,1006,258283
33734497,33735138,641,139727
33735138,33736485,1347,101799
33736485,33737552,1067,164927
33737552,33738873,1321,290351
33738873,33739360,487,115686
33739360,33740375,1015,86765
33740375,33741459,1084,14274
33741459,33742613,1154,22179
33742613,33742963,350,10088
33742963,33744116,1153,135894
33744116,33745404,1288,4687
33745404,33746430,1026,163518
33746430,33747381,951,122626
33747381,33748563,1182,145701
33748563,33748922,359,8141
33748922,33750065,1143,138866
33750065,33751251,1186,126313
33751251,33752530,1279,88007
33752530,33752960,430,157636
33752960,33754099,1139,5758
33754099,33755274,1175,4691
33755274,33755609,335,9920
33755609,33756605,996,1189
33756605,33757606,1001,134825
33757606,33758595,989,1562
33758595,33759742,1147,184264
33759742,33760642,900,54666
33760642,33761820,1178,143262
33761820,33763050,1230,152842
33763050,33764197,1147,125127
33764197,33765310,1113,293663
33765310,33766473,1163,152264
33766473,33767440,967,286306
33767440,33768649,1209,86732
33768649,33769731,1082,121766
33769731,33770926,1195,145701
33770926,33771868,942,135891
33771868,33772797,929,10673
33772797,33773950,1153,362
33773950,33774913,963,208
33774913,33775803,890,84357
33775803,33776626,823,10328
33776626,33776858,232,258970
33776858,33777687,829,123172
33777687,33778812,1125,144986
33778812,33779873,1061,55927
33779873,33780891,1018,140725
33780891,33781909,1018,99249
33781909,33782971,1062,138631
33782971,33783369,398,49755
33783369,33784112,743,25766
33784112,33785223,1111,154838
33785223,33786526,1303,142318
33786526,33787856,1330,122451
33787856,33789066,1210,142745
33789066,33790103,1037,100043
33790103,33791315,1212,157088
33791315,33792507,1192,64717
33792507,33793766,1259,127936
33793766,33795043,1277,258262
33795043,33796152,1109,132592
33796152,33796847,695,46243
33796847,33797784,937,282926
33797784,33798046,262,115968
33798046,33798522,476,1562
33798522,33799145,623,134312
33799145,33800394,1249,4447
33800394,33801501,1107,130870
33801501,33802160,659,137483
33802160,33803399,1239,110061
33803399,33804667,1268,75355
33804667,33805036,369,363
33805036,33806160,1124,31629
33806160,33807332,1172,144999
33807332,33808450,1118,82020
33808450,33809295,845,121669
33809295,33810547,1252,155151
33810547,33811768,1221,124549
33811768,33812770,1002,18005
33812770,33813964,1194,121528
33813964,33815030,1066,155972
33815030,33815842,812,14976
33815842,33817160,1318,37090
33817160,33818393,1233,171108
33818393,33819626,1233,131276
33819626,33820706,1080,14958
33820706,33821915,1209,161226
33821915,33822785,870,21493
33822785,33824022,1237,76574
33824022,33825060,1038,174960
33825060,33826248,1188,15446
33826248,33827075,827,134121
33827075,33827989,914,175448
33827989,33829328,1339,64713
33829328,33830357,1029,139741
33830357,33831286,929,141571
33831286,33832577,1291,141270
33832577,33833784,1207,177627
33833784,33835135,1351,58025
33835135,33836325,1190,290361
33836325,33836519,194,39616
33836519,33837569,1050,129805
33837569,33837721,152,38026
33837721,33838944,1223,83708
33838944,33840147,1203,146437
33840147,33841337,1190,61356
33841337,33841595,258,13248
33841595,33842118,523,142752
33842118,33842372,254,131228
33842372,33843573,1201,121068
33843573,33844401,828,126832
33844401,33845602,1201,35926
33845602,33846526,924,169291
33846526,33847475,949,87508
33847475,33848551,1076,16002
33848551,33849828,1277,157243
33849828,33850617,789,88367
33850617,33851804,1187,134119
33851804,33852699,895,130727
33852699,33853791,1092,128136
33853791,33854245,454,133212
33854245,33855448,1203,26558
33855448,33856628,1180,44577
33856628,33857585,957,300234
33857585,33858626,1041,7793
33858626,33859141,515,104398
33859141,33860021,880,129396
33860021,33861093,1072,129388
33861093,33862362,1269,8157
33862362,33863150,788,147110
33863150,33864124,974,163726
33864124,33865293,1169,126737
33865293,33865657,364,181961
33865657,33866446,789,142744
33866446,33867573,1127,149236
33867573,33868744,1171,69550
33868744,33869568,824,6506
33869568,33870841,1273,143893
33870841,33872020,1179,113273
33872020,33873195,1175,71405
33873195,33874440,1245,95959
33874440,33875601,1161,121449
33875601,33875936,335,132891
33875936,33877193,1257,101283
33877193,33878372,1179,11243
33878372,33879417,1045,10347
33879417,33879828,411,13364
33879828,33880997,1169,41610
33880997,33881904,907,5341
33881904,33883056,1152,131294
33883056,33884270,1214,39477
33884270,33885537,1267,282385
33885537,33886770,1233,129011
33886770,33887379,609,6524
33887379,33888576,1197,5764
33888576,33889270,694,122545
33889270,33890545,1275,133273
33890545,33890790,245,122545
33890790,33891211,421,163612
33891211,33892242,1031,82020
33892242,33893337,1095,34572
33893337,33894376,1039,186230
33894376,33895129,753,138289
33895129,33896319,1190,84122
33896319,33897640,1321,128138
33897640,33898786,1146,39971
33898786,33900011,1225,170453
33900011,33901170,1159,160958
33901170,33902301,1131,1539
33902301,33903523,1222,164187
33903523,33903935,412,132705
33903935,33905190,1255,127694
33905190,33906479,1289,124221
33906479,33907496,1017,39477
33907496,33908673,1177,668
33908673,33909795,1122,57836
33909795,33910791,996,156968
33910791,33912013,1222,71320
33912013,33913192,1179,96168
33913192,33914436,1244,12538
33914436,33914669,233,130127
33914669,33915936,1267,122944
33915936,33917098,1162,128632
33917098,33918086,988,185074
33918086,33919153,1067,76574
33919153,33920367,1214,68344
33920367,33921524,1157,96498
33921524,33922757,1233,60480
33922757,33923780,1023,106974
33923780,33924827,1047,10172
33924827,33925633,806,123192
33925633,33926458,825,118119
33926458,33927653,1195,254948
33927653,33928794,1141,140072
33928794,33928954,160,129388
33928954,33930203,1249,696
33930203,33931424,1221,131113
33931424,33932605,1181,290365
33932605,33933845,1240,282926
33933845,33935055,1210,161166
33935055,33936115,1060,96151
33936115,33937348,1233,117382
33937348,33938551,1203,156973
33938551,33939004,453,246904
33939004,33939957,953,130503
33939957,33940996,1039,18524
33940996,33942171,1175,39971
33942171,33942993,822,15082
33942993,33943779,786,95870
33943779,33944010,231,109179
33944010,33944363,353,130127
33944363,33945512,1149,157243
33945512,33946668,1156,12895
33946668,33947894,1226,4662
33947894,33949152,1258,112597
33949152,33950429,1277,126829
33950429,33951791,1362,176270
33951791,33953060,1269,61780
33953060,33954103,1043,155968
33954103,33955330,1227,133442
33955330,33956527,1197,101262
33956527,33957642,1115,128761
33957642,33958927,1285,126965
33958927,33959460,533,70843
33959460,33960441,981,723
33960441,33961641,1200,126233
33961641,33962897,1256,134434
33962897,33964027,1130,160438
33964027,33964844,817,125084
33964844,33966132,1288,129974
33966132,33967297,1165,185488
33967297,33967710,413,121669
33967710,33968884,1174,93277
33968884,33970174,1290,147110
33970174,33971290,1116,44575
33971290,33972431,1141,129388
33972431,33973484,1053,81858
33973484,33974626,1142,294697
33974626,33975889,1263,43296
33975889,33977050,1161,270778
33977050,33978324,1274,139741
33978324,33978937,613,279852
33978937,33980201,1264,282926
33980201,33981312,1111,56175
33981312,33982366,1054,128309
33982366,33983604,1238,121741
33983604,33984657,1053,143521
33984657,33985816,1159,138043
33985816,33986849,1033,131113
33986849,33988050,1201,132499
33988050,33989093,1043,92935
33989093,33990011,918,113273
33990011,33991162,1151,74477
33991162,33992336,1174,26872
33992336,33993464,1128,92806
33993464,33994536,1072,39970
33994536,33995874,1338,285135
33995874,33996129,255,9010
33996129,33997231,1102,65820
33997231,33998395,1164,171139
33998395,33999449,1054,126955
33999449,34000100,651,279852
34000100,34001373,1273,77361
34001373,34002640,1267,220952
34002640,34002984,344,19361
34002984,34004228,1244,155973
34004228,34005432,1204,124368
34005432,34005952,520,123172
34005952,34007036,1084,122451
34007036,34008269,1233,58025
34008269,34009538,1269,258993
34009538,34010727,1189,134316
34010727,34011982,1255,10798
34011982,34013281,1299,130728
34013281,34014395,1114,101864
34014395,34015656,1261,176698
34015656,34016887,1231,232057
34016887,34018035,1148,122806
34018035,34018213,178,147967
34018213,34019267,1054,92200
34019267,34020516,1249,48842
34020516,34021260,744,274379
34021260,34022049,789,132649
34022049,34022990,941,293959
34022990,34024241,1251,11244
34024241,34025376,1135,149881
34025376,34026570,1194,4445
34026570,34026953,383,131722
34026953,34028117,1164,123135
34028117,34029180,1063,18006
34029180,34029626,446,279852
34029626,34030847,1221,138656
34030847,34031266,419,163384
34031266,34032390,1124,105168
34032390,34033550,1160,296395
34033550,34033741,191,121331
34033741,34034604,863,30591
34034604,34035354,750,88748
34035354,34036478,1124,121024
34036478,34037100,622,168638
34037100,34038059,959,281471
34038059,34039337,1278,95441
34039337,34040581,1244,245707
34040581,34041808,1227,131228
34041808,34043142,1334,170212
34043142,34044420,1278,14672
34044420,34045403,983,6541
34045403,34046568,1165,132891
34046568,34047837,1269,58869
34047837,34049073,1236,121543
34049073,34050098,1025,37134
34050098,34051305,1207,5757
34051305,34052357,1052,274380
34052357,34052685,328,122443
34052685,34054000,1315,36641
34054000,34055153,1153,128329
34055153,34056290,1137,395
34056290,34056930,640,28465
34056930,34058176,1246,121106
34058176,34058611,435,258960
34058611,34059647,1036,9919
34059647,34060908,1261,125128
34060908,34062021,1113,66622
34062021,34063078,1057,137589
34063078,34064161,1083,276735
34064161,34065434,1273,130900
34065434,34066548,1114,8592
34066548,34067503,955,39508
34067503,34068168,665,129388
34068168,34069453,1285,143521
34069453,34070673,1220,3966
34070673,34071881,1208,104606
34071881,34073154,1273,57156
34073154,34073409,255,61323
34073409,34074635,1226,129596
34074635,34075700,1065,66464
34075700,34076811,1111,138901
34076811,34077034,223,10344
34077034,34078244,1210,91072
34078244,34079205,961,92814
34079205,34080436,1231,132484
34080436,34081600,1164,165428
34081600,34081866,266,5909
34081866,34083051,1185,82020
34083051,34083943,892,135636
34083943,34084953,1010,148522
34084953,34086134,1181,282357
34086134,34087004,870,89894
34087004,34088036,1032,21305
34088036,34088381,345,86732
34088381,34089647,1266,135227
34089647,34090913,1266,295446
34090913,34092143,1230,64298
34092143,34093413,1270,139307
34093413,34094649,1236,34478
34094649,34095186,537,46889
34095186,34096299,1113,147110
34096299,34097572,1273,290349
34097572,34098553,981,124990
34098553,34099120,567,163518
34099120,34100337,1217,123172
34100337,34101199,862,92915
34101199,34102326,1127,163505
34102326,34103341,1015,115687
34103341,34104484,1143,291170
34104484,34105793,1309,123507
34105793,34106538,745,183988
34106538,34107249,711,137614
34107249,34108436,1187,132299
34108436,34109682,1246,133630
34109682,34110761,1079,123283
34110761,34111816,1055,178748
34111816,34112893,1077,83708
34112893,34113296,403,39477
34113296,34113477,181,136863
34113477,34114191,714,40571
34114191,34115390,1199,224
34115390,34116607,1217,280380
34116607,34117860,1253,39478
34117860,34119174,1314,4662
34119174,34119427,253,1189
34119427,34120595,1168,88761
34120595,34121245,650,150915
34121245,34122516,1271,176680
34122516,34123664,1148,43321
34123664,34124921,1257,34497
34124921,34126206,1285,86039
34126206,34127327,1121,20410
34127327,34128344,1017,254948
34128344,34129199,855,139717
34129199,34130432,1233,19366
34130432,34130753,321,258283
34130753,34132034,1281,138486
34132034,34133357,1323,114256
34133357,34133978,621,59167
34133978,34134150,172,123715
34134150,34135411,1261,9920
34135411,34136600,1189,143264
34136600,34137713,1113,86026
34137713,34138956,1243,163935
34138956,34140190,1234,293663
34140190,34141297,1107,145088
34141297,34142424,1127,138033
34142424,34142651,227,141209
34142651,34143948,1297,294700
34143948,34145143,1195,293531
34145143,34146342,1199,124224
34146342,34147665,1323,131735
34147665,34148001,336,9210
34148001,34148172,171,137588
34148172,34148405,233,86683
34148405,34149445,1040,64738
34149445,34150300,855,92935
34150300,34151616,1316,48579
34151616,34151929,313,290361
34151929,34153212,1283,668
34153212,34153679,467,128633
34153679,34154945,1266,139404
34154945,34156022,1077,121398
34156022,34156582,560,121799
34156582,34157810,1228,101289
34157810,34158119,309,126796
34158119,34159297,1178,147159
34159297,34160440,1143,73712
34160440,34161676,1236,282985
34161676,34162434,758,398
34162434,34163583,1149,102238
34163583,34164809,1226,144496
34164809,34165249,440,66166
34165249,34166394,1145,363
34166394,34167558,1164,122544
34167558,34168704,1146,131722
34168704,34168963,259,95963
34168963,34169744,781,271826
34169744,34170872,1128,143895
34170872,34172047,1175,129979
34172047,34173065,1018,282357
34173065,34174264,1199,138289
34174264,34175578,1314,164187
34175578,34176374,796,128678
34176374,34177010,636,144503
34177010,34178281,1271,84122
34178281,34179526,1245,61781
34179526,34180574,1048,134148
34180574,34181608,1034,187023
34181608,34182908,1300,59268
34182908,34184052,1144,1562
34184052,34185155,1103,48361
34185155,34186198,1043,129659
34186198,34186542,344,134728
34186542,34187738,1196,150469
34187738,34189031,1293,5416
34189031,34189933,902,39508
34189933,34190431,498,258959
34190431,34190775,344,14674
34190775,34191142,367,6541
34191142,34192157,1015,137739
34192157,34192754,597,48579
34192754,34194039,1285,127537
34194039,34195210,1171,5084
34195210,34195822,612,159056
34195822,34196736,914,295756
34196736,34197842,1106,183988
34197842,34199011,1169,143005
34199011,34199946,935,4479
34199946,34201139,1193,31668
34201139,34202387,1248,90850
34202387,34203686,1299,133273
34203686,34204482,796,138043
34204482,34205742,1260,115686
34205742,34207003,1261,127215
34207003,34208313,1310,134121
34208313,34209649,1336,130227
34209649,34210799,1150,126737
34210799,34211774,975,12085
34211774,34211978,204,131228
34211978,34213242,1264,291101
34213242,34214343,1101,134176
34214343,34215612,1269,159230
34215612,34216725,1113,126220
34216725,34217712,987,65534
34217712,34218931,1219,131722
34218931,34219912,981,131732
34219912,34220865,953,131203
34220865,34221662,797,67200
34221662,34222001,339,139358
34222001,34223174,1173,126796
34223174,34224407,1233,130560
34224407,34225518,1111,131003
34225518,34225816,298,129396
34225816,34226674,858,46243
34226674,34227673,999,170977
34227673,34228080,407,143483
34228080,34229145,1065,133224
34229145,34229400,255,274378
34229400,34230120,720,131722
34230120,34230452,332,32139
34230452,34231283,831,27504
34231283,34232497,1214,292253
34232497,34233706,1209,97610
34233706,34234941,1235,212
34234941,34236124,1183,142733
34236124,34236668,544,9914
34236668,34236871,203,165387
34236871,34238142,1271,112592
34238142,34239273,1131,126739
34239273,34240367,1094,151817
34240367,34241510,1143,696
34241510,34242415,905,150469
34242415,34243704,1289,2777
34243704,34244933,1229,70756
34244933,34245858,925,141721
34245858,34246779,921,105386
34246779,34247910,1131,258970
34247910,34248609,699,127522
34248609,34249818,1209,122809
34249818,34251019,1201,130727
34251019,34251952,933,138545
34251952,34252949,997,134451
34252949,34254039,1090,32137
34254039,34255068,1029,53342
34255068,34256135,1067,123176
34256135,34256331,196,128136
34256331,34257486,1155,292138
34257486,34258698,1212,87791
34258698,34259869,1171,171138
34259869,34260919,1050,86708
34260919,34262141,1222,5758
34262141,34263298,1157,132718
34263298,34263564,266,48032
34263564,34264634,1070,142744
34264634,34265104,470,46890
34265104,34266032,928,31668
34266032,34267085,1053,131004
34267085,34267463,378,135824
34267463,34268287,824,279775
34268287,34269482,1195,9919
34269482,34270793,1311,135229
34270793,34271937,1144,133239
34271937,34273019,1082,47032
34273019,34273760,741,121148
34273760,34274909,1149,144019
34274909,34275987,1078,150127
34275987,34276966,979,112056
34276966,34278238,1272,12731
34278238,34279370,1132,14936
34279370,34280369,999,139397
34280369,34281568,1199,86710
34281568,34282814,1246,87791
34282814,34283863,1049,291379
34283863,34285045,1182,112061
34285045,34286248,1203,187018
34286248,34286887,639,124547
34286887,34288128,1241,177234
34288128,34289317,1189,282406
34289317,34290316,999,170952
34290316,34291474,1158,44937
34291474,34291769,295,276732
34291769,34293019,1250,126296
34293019,34293974,955,13250
34293974,34295187,1213,398
34295187,34296137,950,5416
34296137,34297134,997,126232
34297134,34298317,1183,10088
34298317,34299007,690,175962
34299007,34300253,1246,115687
34300253,34301470,1217,280250
34301470,34302711,1241,52087
34302711,34303910,1199,53458
34303910,34304784,874,295759
34304784,34305959,1175,127691
34305959,34307243,1284,177641
34307243,34307787,544,140718
34307787,34308883,1096,41610
34308883,34310093,1210,157644
34310093,34311350,1257,73973
34311350,34312685,1335,109662
34312685,34313349,664,83616
34313349,34314487,1138,14958
34314487,34315585,1098,39661
34315585,34316830,1245,22574
34316830,34318057,1227,107627
34318057,34319292,1235,138032
34319292,34320497,1205,62558
34320497,34321580,1083,128344
34321580,34322143,563,135220
34322143,34323363,1220,163380
34323363,34324442,1079,26872
34324442,34325007,565,2301
34325007,34326134,1127,57837
34326134,34327192,1058,131004
34327192,34328420,1228,130493
34328420,34329621,1201,131040
34329621,34330770,1149,131040
34330770,34330979,209,44912
34330979,34331560,581,64717
34331560,34332694,1134,172165
34332694,34333800,1106,135654
34333800,34334946,1146,49755
34334946,34336107,1161,176263
34336107,34337124,1017,114476
34337124,34338331,1207,134786
34338331,34339598,1267,133447
34339598,34340573,975,91801
34340573,34340993,420,279363
34340993,34342252,1259,109176
34342252,34343411,1159,108005
34343411,34344006,595,132782
34344006,34345256,1250,187024
34345256,34345857,601,164100
34345857,34347015,1158,126859
34347015,34348171,1156,55088
34348171,34349025,854,19371
34349025,34349920,895,143307
34349920,34351141,1221,152864
34351141,34352288,1147,58845
34352288,34353309,1021,81870
34353309,34354592,1283,161226
34354592,34355595,1003,70843
34355595,34356743,1148,142745
34356743,34357565,822,168204
34357565,34357795,230,129443
34357795,34358902,1107,133239
34358902,34360167,1265,129805
34360167,34361104,937,28375
34361104,34362373,1269,39970
34362373,34363654,1281,90847
34363654,34364909,1255,130625
34364909,34366188,1279,19366
34366188,34367308,1120,16002
34367308,34368362,1054,58012
34368362,34369539,1177,142744
34369539,34370673,1134,11049
34370673,34371028,355,54006
34371028,34372163,1135,183239
34372163,34373336,1173,141320
34373336,34374291,955,85684
34374291,34375530,1239,159056
34375530,34376128,598,158081
34376128,34377243,1115,164187
34377243,34378534,1291,2327
34378534,34379704,1170,86588
34379704,34380920,1216,68192
34380920,34381878,958,39661
34381878,34382833,955,124224
34382833,34383936,1103,112761
34383936,34384963,1027,290365
34384963,34386107,1144,148529
34386107,34387121,1014,295710
34387121,34388298,1177,69607
34388298,34389331,1033,150855
34389331,34389876,545,291379
34389876,34391218,1342,26982
34391218,34392315,1097,147989
34392315,34392936,621,139009
34392936,34394154,1218,162375
34394154,34394906,752,245708
34394906,34396195,1289,135221
34396195,34397430,1235,61780
34397430,34398609,1179,112011
34398609,34399793,1184,117382
34399793,34400890,1097,116804
34400890,34401417,527,141209
34401417,34402526,1109,288044
34402526,34403543,1017,105386
34403543,34404583,1040,58192
34404583,34405769,1186,172165
34405769,34407077,1308,59175
34407077,34408044,967,6498
34408044,34409011,967,78885
34409011,34409942,931,150469
34409942,34411250,1308,245708
34411250,34412498,1248,72212
34412498,34413607,1109,134176
34413607,34413819,212,72210
34413819,34414572,753,47541
34414572,34414761,189,14936
34414761,34416025,1264,114256
34416025,34416973,948,101579
34416973,34418085,1112,279229
34418085,34419151,1066,163384
34419151,34420362,1211,258266
34420362,34421374,1012,181961
34421374,34422535,1161,699
34422535,34423598,1063,88484
34423598,34424616,1018,132821
34424616,34425791,1175,172165
34425791,34426889,1098,124003
34426889,34428131,1242,54006
34428131,34429150,1019,284444
34429150,34430347,1197,126739
34430347,34431385,1038,139361
34431385,34432542,1157,39515
34432542,34433563,1021,115687
34433563,34434048,485,124994
34434048,34434298,250,121722
34434298,34434683,385,64588
34434683,34435723,1040,122544
34435723,34436797,1074,11079
34436797,34437954,1157,216570
34437954,34438865,911,43306
34438865,34440133,1268,153964
34440133,34441262,1129,166420
34441262,34442049,787,130993
34442049,34443170,1121,130225
34443170,34444361,1191,122789
34444361,34445119,758,86679
34445119,34446382,1263,121415
34446382,34447516,1134,4145
34447516,34448788,1272,58776
34448788,34449895,1107,175962
34449895,34451042,1147,105390
34451042,34452210,1168,14013
34452210,34453425,1215,4662
34453425,34454518,1093,154697
34454518,34455219,701,124224
34455219,34455534,315,137739
34455534,34456680,1146,12707
34456680,34457918,1238,140222
34457918,34458920,1002,137597
34458920,34459957,1037,86765
34459957,34460296,339,93276
34460296,34460864,568,130101
34460864,34461653,789,45218
34461653,34462114,461,93277
34462114,34463199,1085,245707
34463199,34464351,1152,282934
34464351,34465536,1185,173230
34465536,34466670,1134,28868
34466670,34467891,1221,147967
34467891,34469011,1120,109507
34469011,34469962,951,282934
34469962,34471124,1162,59175
34471124,34471518,394,26947
34471518,34472627,1109,157263
34472627,34473766,1139,48831
34473766,34474769,1003,135654
34474769,34475992,1223,135897
34475992,34477220,1228,16003
34477220,34478333,1113,30591
34478333,34479365,1032,122825
34479365,34479799,434,106969
34479799,34480974,1175,87791
34480974,34481367,393,8675
34481367,34482682,1315,186230
34482682,34483335,653,129396
34483335,34484439,1104,137154
34484439,34484961,522,26951
34484961,34485864,903,135636
34485864,34487106,1242,127731
34487106,34488361,1255,104483
34488361,34489533,1172,56179
34489533,34490781,1248,279852
34490781,34491717,936,126313
34491717,34493032,1315,48362
34493032,34494125,1093,126826
34494125,34494436,311,27504
34494436,34495578,1142,122806
34495578,34496705,1127,121148
34496705,34497894,1189,129388
34497894,34499067,1173,34572
34499067,34500273,1206,75939
34500273,34501529,1256,16002
34501529,34502802,1273,39840
34502802,34503925,1123,166433
34503925,34505102,1177,296159
34505102,34506044,942,67200
34506044,34507190,1146,282926
34507190,34507833,643,121669
34507833,34508948,1115,165428
34508948,34510183,1235,28384
34510183,34510538,355,258986
34510538,34511594,1056,104391
34511594,34512778,1184,143307
34512778,34514000,1222,289242
34514000,34515151,1151,46712
34515151,34516449,1298,1133
34516449,34517564,1115,300208
34517564,34518668,1104,123059
34518668,34519786,1118,110742
34519786,34521053,1267,143895
34521053,34522209,1156,134420
34522209,34523458,1249,10327
34523458,34524529,1071,3582
34524529,34524954,425,139358
34524954,34526196,1242,290365
34526196,34527467,1271,39967
34527467,34528380,913,98645
34528380,34529289,909,11612
34529289,34530412,1123,131228
34530412,34531577,1165,146770
34531577,34532838,1261,163726
34532838,34533350,512,134786
34533350,34534623,1273,41166
34534623,34535649,1026,142752
34535649,34536821,1172,132532
34536821,34537111,290,130125
34537111,34538103,992,168638
34538103,34539142,1039,153958
34539142,34540248,1106,165428
34540248,34540472,224,41170
34540472,34541804,1332,157236
34541804,34543126,1322,65772
34543126,34544335,1209,123268
34544335,34544616,281,134316
34544616,34544842,226,124554
34544842,34545868,1026,157056
34545868,34547064,1196,132891
34547064,34548190,1126,110131
34548190,34549074,884,147045
34549074,34550367,1293,121024
34550367,34551594,1227,142362
34551594,34552385,791,140651
34552385,34553000,615,291608
34553000,34553992,992,129388
34553992,34555227,1235,92002
34555227,34556425,1198,123215
34556425,34557536,1111,109656
34557536,34558749,1213,295197
34558749,34560024,1275,130900
34560024,34561223,1199,287358
34561223,34562307,1084,723
34562307,34563099,792,126577
34563099,34564377,1278,108638
34564377,34565567,1190,296465
34565567,34566800,1233,723
34566800,34567949,1149,148993
34567949,34568135,186,136863
34568135,34569398,1263,291101
34569398,34570601,1203,130131
34570601,34571243,642,139742
34571243,34572295,1052,129388
34572295,34573423,1128,135657
34573423,34574407,984,86040
34574407,34575652,1245,133290
34575652,34576881,1229,121331
34576881,34578025,1144,64956
34578025,34579187,1162,276939
34579187,34580199,1012,131722
34580199,34581210,1011,862
34581210,34582458,1248,101278
34582458,34583696,1238,151776
34583696,34584958,1262,5710
34584958,34585631,673,105167
34585631,34586716,1085,185074
34586716,34587873,1157,39840
34587873,34589090,1217,133279
34589090,34590146,1056,273050
34590146,34591096,950,128991
34591096,34592131,1035,155948
34592131,34593425,1294,156154
34593425,34594529,1104,6541
34594529,34595740,1211,22179
34595740,34596424,684,141208
34596424,34597042,618,76046
34597042,34597462,420,171133
34597462,34598680,1218,161707
34598680,34599118,438,134636
34599118,34600276,1158,212
34600276,34601479,1203,126961
34601479,34602733,1254,126961
34602733,34603933,1200,5912
34603933,34605023,1090,15082
34605023,34605975,952,127694
34605975,34606395,420,47237
34606395,34607654,1259,139308
34607654,34608841,1187,13056
34608841,34609696,855,66016
34609696,34610795,1099,91098
34610795,34612007,1212,19366
34612007,34612355,348,1536
34612355,34613359,1004,2772
34613359,34614605,1246,121415
34614605,34615715,1110,11079
34615715,34616710,995,134465
34616710,34617445,735,395
34617445,34618663,1218,160602
34618663,34619911,1248,48579
34619911,34620520,609,121106
34620520,34621853,1333,157056
34621853,34623126,1273,127691
34623126,34624163,1037,158781
34624163,34625314,1151,101289
34625314,34625625,311,128660
34625625,34626761,1136,152267
34626761,34627850,1089,7894
34627850,34628968,1118,150843
34628968,34629335,367,130131
34629335,34629556,221,84121
34629556,34630815,1259,14936
34630815,34631621,806,126959
34631621,34632790,1169,108621
34632790,34634068,1278,6397
34634068,34635286,1218,258250
34635286,34636333,1047,12895
34636333,34637216,883,54659
34637216,34638354,1138,130505
34638354,34639536,1182,287659
34639536,34640730,1194,258974
34640730,34641802,1072,284444
34641802,34642847,1045,159386
34642847,34644112,1265,122827
34644112,34644633,521,293987
34644633,34645702,1069,141148
34645702,34646865,1163,158781
34646865,34648104,1239,73075
34648104,34648380,276,140651
34648380,34649569,1189,96241
34649569,34649823,254,123191
34649823,34650475,652,142733
34650475,34651722,1247,16802
34651722,34652837,1115,6506
34652837,34654046,1209,96151
34654046,34654291,245,140718
34654291,34654524,233,246932
34654524,34655607,1083,141268
34655607,34656614,1007,138631
34656614,34657305,691,212
34657305,34658196,891,120583
34658196,34658872,676,134119
34658872,34659777,905,4691
34659777,34660830,1053,142824
34660830,34661871,1041,129325
34661871,34662982,1111,39478
34662982,34664203,1221,130125
34664203,34665474,1271,231837
34665474,34666564,1090,155151
34666564,34667735,1171,291718
34667735,34668904,1169,153309
34668904,34670169,1265,156153
34670169,34670409,240,6556
34670409,34671624,1215,288044
34671624,34672715,1091,21305
34672715,34673591,876,70753
34673591,34674386,795,61758
34674386,34675572,1186,72311
34675572,34676815,1243,143307
34676815,34678029,1214,147968
34678029,34679208,1179,28384
34679208,34679959,751,67233
34679959,34681056,1097,114971
34681056,34681911,855,88349
34681911,34682184,273,176680
34682184,34683119,935,142279
34683119,34684212,1093,131003
34684212,34685429,1217,122467
34685429,34686553,1124,212
34686553,34687246,693,123192
34687246,34688383,1137,68359
34688383,34689528,1145,32658
34689528,34690795,1267,282357
34690795,34692103,1308,47238
34692103,34692687,584,366
34692687,34693657,970,258954
34693657,34694874,1217,127525
34694874,34696038,1164,9342
34696038,34696717,679,156738
34696717,34696978,261,156159
34696978,34697448,470,171107
34697448,34698548,1100,144485
34698548,34699593,1045,124164
34699593,34700673,1080,245691
34700673,34701864,1191,8684
34701864,34702995,1131,130530
34702995,34704179,1184,126286
34704179,34705376,1197,246893
34705376,34706577,1201,56840
34706577,34707727,1150,283242
34707727,34708759,1032,85685
34708759,34710064,1305,63839
34710064,34711313,1249,137004
34711313,34711978,665,135832
34711978,34712812,834,132848
34712812,34713919,1107,101289
34713919,34714336,417,140654
34714336,34715222,886,252341
34715222,34716266,1044,139009
34716266,34717358,1092,75791
34717358,34718459,1101,70837
34718459,34719532,1073,126860
34719532,34720048,516,133396
34720048,34721233,1185,133440
34721233,34722390,1157,81881
34722390,34723531,1141,126312
34723531,34724792,1261,12539
34724792,34726029,1237,98878
34726029,34726964,935,130226
34726964,34727487,523,157066
34727487,34728787,1300,92930
34728787,34729911,1124,82020
34729911,34730481,570,48032
34730481,34731640,1159,41259
34731640,34732121,481,7793
34732121,34733254,1133,107487
34733254,34733968,714,132485
34733968,34735212,1244,108620
34735212,34736334,1122,73729
34736334,34737167,833,105167
34737167,34737932,765,178149
34737932,34738991,1059,109185
34738991,34740297,1306,279153
34740297,34741562,1265,67857
34741562,34742596,1034,121446
34742596,34743005,409,132485
34743005,34744213,1208,149880
34744213,34744516,303,63111
34744516,34745345,829,10328
34745345,34746583,1238,4691
34746583,34747703,1120,122827
34747703,34748839,1136,102238
34748839,34749660,821,61323
34749660,34750103,443,121140
34750103,34751081,978,137589
34751081,34752287,1206,142318
34752287,34753079,792,170452
34753079,34754129,1050,156968
34754129,34755123,994,45217
34755123,34756274,1151,11077
34756274,34757447,1173,143477
34757447,34758233,786,61758
34758233,34759382,1149,122944
34759382,34760556,1174,15305
34760556,34761888,1332,67218
34761888,34763105,1217,162239
34763105,34763942,837,110522
34763942,34765208,1266,290363
34765208,34766258,1050,152864
34766258,34767075,817,61780
34767075,34768236,1161,170212
34768236,34769411,1175,12898
34769411,34770678,1267,245687
34770678,34771759,1081,74797
34771759,34773044,1285,111961
34773044,34774321,1277,170453
34774321,34775496,1175,14960
34775496,34776633,1137,57836
34776633,34777753,1120,163384
34777753,34778730,977,40544
34778730,34779899,1169,135580
34779899,34781140,1241,144485
34781140,34782060,920,64075
34782060,34783121,1061,139797
34783121,34784298,1177,30591
34784298,34785393,1095,39970
34785393,34786492,1099,140725
34786492,34787687,1195,171138
34787687,34787977,290,134785
34787977,34789144,1167,73973
34789144,34790298,1154,142358
34790298,34791523,1225,128138
34791523,34792666,1143,19371
34792666,34793357,691,115968
34793357,34794614,1257,137739
34794614,34795813,1199,149791
34795813,34796983,1170,14274
34796983,34798038,1055,9210
34798038,34799295,1257,138032
34799295,34800428,1133,122627
34800428,34801715,1287,10089
34801715,34802008,293,66465
34802008,34803173,1165,105386
34803173,34804227,1054,295710
34804227,34805432,1205,103126
34805432,34806391,959,25563
34806391,34807344,953,97610
34807344,34808191,847,1188
34808191,34809456,1265,156230
34809456,34810607,1151,112011
34810607,34811797,1190,146111
34811797,34813015,1218,258954
34813015,34814230,1215,149735
34814230,34814673,443,76974
34814673,34815577,904,39475
34815577,34816624,1047,276939
34816624,34817844,1220,142362
34817844,34818318,474,131882
34818318,34819533,1215,48848
34819533,34820710,1177,258959
34820710,34821849,1139,86741
34821849,34822767,918,287659
34822767,34823900,1133,39501
34823900,34824921,1021,75242
34824921,34825687,766,131722
34825687,34826770,1083,73846
34826770,34828054,1284,142318
34828054,34829135,1081,143625
34829135,34830119,984,4731
34830119,34831406,1287,112592
34831406,34831683,277,145733
34831683,34832720,1037,27120
34832720,34833546,826,11734
34833546,34834157,611,105002
34834157,34835359,1202,142311
34835359,34836545,1186,147159
34836545,34837804,1259,141644
34837804,34839023,1219,98878
34839023,34839280,257,254949
34839280,34840301,1021,122025
34840301,34841081,780,293957
34841081,34841324,243,98876
34841324,34842277,953,131228
34842277,34843427,1150,282357
34843427,34844653,1226,186232
34844653,34845790,1137,130993
34845790,34846843,1053,6171
34846843,34847942,1099,281188
34847942,34849160,1218,67863
34849160,34849702,542,85684
34849702,34850948,1246,110243
34850948,34851445,497,124224
34851445,34852597,1152,122627
34852597,34853153,556,185457
34853153,34854025,872,108621
34854025,34855295,1270,73848
34855295,34856333,1038,298549
34856333,34857520,1187,26853
34857520,34858676,1156,284434
34858676,34859962,1286,57156
34859962,34861243,1281,120325
34861243,34862386,1143,178449
34862386,34863520,1134,123047
34863520,34864687,1167,95875
34864687,34865894,1207,74477
34865894,34866970,1076,185125
34866970,34868309,1339,126947
34868309,34869385,1076,18524
34869385,34870485,1100,122806
34870485,34870644,159,245707
34870644,34871785,1141,6541
34871785,34872596,811,85635
34872596,34873809,1213,61742
34873809,34874122,313,9210
34874122,34875435,1313,98644
34875435,34875662,227,86679
34875662,34876219,557,134119
34876219,34877015,796,144999
34877015,34877956,941,132717
34877956,34879225,1269,121079
34879225,34879433,208,134636
34879433,34880071,638,139358
34880071,34881351,1280,12085
34881351,34881507,156,131882
34881507,34882524,1017,169291
34882524,34883378,854,183988
34883378,34884452,1074,128136
34884452,34885605,1153,4731
34885605,34886723,1118,158744
34886723,34887907,1184,47239
34887907,34888467,560,232690
34888467,34889697,1230,135229
34889697,34891056,1359,44912
34891056,34892211,1155,123013
34892211,34893392,1181,5703
34893392,34894496,1104,20028
34894496,34895543,1047,137154
34895543,34896624,1081,64956
34896624,34897725,1101,55088
34897725,34898929,1204,102250
34898929,34900071,1142,133471
34900071,34900283,212,142824
34900283,34901451,1168,10160
34901451,34902627,1176,92930
34902627,34903782,1155,258986
34903782,34904914,1132,294697
34904914,34905949,1035,7622
34905949,34907056,1107,18524
34907056,34908194,1138,24731
34908194,34909465,1271,129587
34909465,34910616,1151,157263
34910616,34910929,313,159227
34910929,34912201,1272,28380
34912201,34913388,1187,286306
34913388,34914729,1341,39660
34914729,34915928,1199,68353
34915928,34916816,888,127597
34916816,34917487,671,122944
34917487,34918735,1248,125128
34918735,34919764,1029,114468
34919764,34920263,499,46889
34920263,34921377,1114,140639
34921377,34922686,1309,696
34922686,34923849,1163,7793
34923849,34924836,987,37090
34924836,34926173,1337,147990
34926173,34927347,1174,101262
34927347,34928530,1183,134463
34928530,34929519,989,246948
34929519,34930663,1144,121148
34930663,34931671,1008,153958
34931671,34932744,1073,10347
34932744,34933812,1068,125127
34933812,34934516,704,121064
34934516,34935073,557,14936
34935073,34936070,997,231837
34936070,34937182,1112,7943
34937182,34937367,185,8675
34937367,34938227,860,126232
34938227,34939393,1166,40556
34939393,34940658,1265,67233
34940658,34941864,1206,58776
34941864,34942864,1000,286306
34942864,34943165,301,148920
34943165,34943363,198,163612
34943363,34944494,1131,362
34944494,34945698,1204,133630
34945698,34946894,1196,134451
34946894,34948122,1228,6174
34948122,34948497,375,90847
34948497,34949560,1063,86026
34949560,34950658,1098,74797
34950658,34951882,1224,130101
34951882,34953205,1323,68353
34953205,34954452,1247,28375
34954452,34955466,1014,54487
34955466,34956675,1209,138032
34956675,34957588,913,121024
34957588,34958623,1035,295761
34958623,34959833,1210,141174
34959833,34961069,1236,134728
34961069,34961911,842,121543
34961911,34963149,1238,126286
34963149,34964205,1056,119637
34964205,34965429,1224,129805
34965429,34966583,1154,147971
34966583,34966931,348,121064
34966931,34967219,288,139350
34967219,34968409,1190,123882
34968409,34969693,1284,58845
34969693,34970950,1257,123998
34970950,34972070,1120,143005
34972070,34973151,1081,135894
34973151,34974361,1210,34572
34974361,34975568,1207,44937
34975568,34976848,1280,76055
34976848,34978161,1313,127525
34978161,34979368,1207,67863
34979368,34980467,1099,135892
34980467,34981458,991,138486
34981458,34982665,1207,208
34982665,34983692,1027,156015
34983692,34984664,972,130548
34984664,34985924,1260,138115
34985924,34987150,1226,143264
34987150,34988363,1213,26895
34988363,34989496,1133,56778
34989496,34990500,1004,290351
34990500,34991614,1114,17615
34991614,34992772,1158,73073
34992772,34993965,1193,135897
34993965,34995164,1199,185457
34995164,34996120,956,86043
34996120,34997261,1141,125123
34997261,34998326,1065,131113
34998326,34999339,1013,126955
34999339,34999751,412,96241
34999751,35000836,1085,126955
35000836,35002089,1253,166433
35002089,35002490,401,216570
35002490,35003575,1085,73073
35003575,35004685,1110,295761
35004685,35005565,880,59288
35005565,35006036,471,132776
35006036,35007157,1121,95969
35007157,35008072,915,89388
35008072,35008457,385,59167
35008457,35009739,1282,126965
35009739,35010898,1159,106800
35010898,35012260,1362,131732
35012260,35013326,1066,46890
35013326,35014479,1153,284433
35014479,35015519,1040,13250
35015519,35016604,1085,138043
35016604,35017796,1192,11612
35017796,35018951,1155,82020
35018951,35020215,1264,109658
35020215,35020527,312,134160
35020527,35021140,613,136458
35021140,35022428,1288,49755
35022428,35023572,1144,66185
35023572,35024583,1011,105398
35024583,35025310,727,40556
35025310,35026365,1055,138901
35026365,35027558,1193,131106
35027558,35027768,210,156738
35027768,35028972,1204,62516
35028972,35030089,1117,181420
35030089,35031262,1173,274379
35031262,35032087,825,70837
35032087,35032426,339,41170
35032426,35033680,1254,159227
35033680,35034921,1241,122827
35034921,35035708,787,67851
35035708,35036759,1051,138043
35036759,35037834,1075,13364
35037834,35038681,847,132069
35038681,35040004,1323,47030
35040004,35041116,1112,133220
35041116,35041439,323,302000
35041439,35042718,1279,220951
35042718,35043063,345,101883
35043063,35044063,1000,282934
35044063,35045352,1289,122801
35045352,35046646,1294,141268
35046646,35047565,919,6525
35047565,35048629,1064,34479
35048629,35048864,235,155949
35048864,35050000,1136,106367
35050000,35050357,357,121382
35050357,35051452,1095,114452
35051452,35052356,904,121392
35052356,35053625,1269,121661
35053625,35054668,1043,124990
35054668,35055449,781,95870
35055449,35056610,1161,128138
35056610,35057692,1082,98877
35057692,35058761,1069,129440
35058761,35059703,942,26982
35059703,35060837,1134,4690
35060837,35061167,330,10172
35061167,35061551,384,141209
35061551,35062784,1233,232057
35062784,35063505,721,130625
35063505,35064657,1152,31629
35064657,35065682,1025,11254
35065682,35066820,1138,132850
35066820,35067897,1077,98645
35067897,35068271,374,124439
35068271,35069472,1201,130493
35069472,35070672,1200,44912
35070672,35071792,1120,76055
35071792,35072859,1067,80197
35072859,35074063,1204,141642
35074063,35075111,1048,129581
35075111,35076368,1257,132272
35076368,35077546,1178,1562
35077546,35078684,1138,141174
35078684,35079993,1309,163612
35079993,35080511,518,296465
35080511,35081748,1237,10089
35081748,35082475,727,163612
35082475,35083487,1012,142320
35083487,35083727,240,1539
35083727,35083916,189,125945
35083916,35085229,1313,41170
35085229,35086437,1208,13250
35086437,35087690,1253,700
35087690,35088005,315,129623
35088005,35089295,1290,146346
35089295,35089991,696,11612
35089991,35091112,1121,123506
35091112,35092313,1201,271817
35092313,35093014,701,64291
35093014,35093197,183,98877
35093197,35094188,991,105002
35094188,35095422,1234,160438
35095422,35096455,1033,46712
35096455,35097731,1276,123048
35097731,35098923,1192,292253
35098923,35100184,1261,126955
35100184,35101399,1215,75360
35101399,35102547,1148,145701
35102547,35102959,412,14976
35102959,35104122,1163,75810
35104122,35105428,1306,101276
35105428,35106731,1303,147045
35106731,35107802,1071,103126
35107802,35109054,1252,132272
35109054,35110029,975,53342
35110029,35111365,1336,128991
35111365,35112504,1139,141721
35112504,35113529,1025,110054
35113529,35114430,901,162129
35114430,35115435,1005,291953
35115435,35116548,1113,138656
35116548,35117676,1128,9210
35117676,35118007,331,122451
35118007,35119259,1252,758
35119259,35120467,1208,39478
35120467,35121518,1051,121669
35121518,35122692,1174,122806
35122692,35123903,1211,19585
35123903,35125257,1354,3586
35125257,35126485,1228,135635
35126485,35127654,1169,293663
35127654,35128983,1329,114476
35128983,35130145,1162,139741
35130145,35131402,1257,681
35131402,35132351,949,131203
35132351,35133476,1125,39840
35133476,35134412,936,39661
35134412,35135565,1153,128145
35135565,35136304,739,75365
35136304,35137576,1272,65554
35137576,35138719,1143,48513
35138719,35139802,1083,121734
35139802,35141066,1264,156973
35141066,35142300,1234,138545
35142300,35142873,573,4662
35142873,35144083,1210,120282
35144083,35145242,1159,48377
35145242,35146301,1059,133471
35146301,35147490,1189,132864
35147490,35148752,1262,166683
35148752,35150066,1314,12332
35150066,35151191,1125,10088
35151191,35152297,1106,109174
35152297,35153436,1139,15304
35153436,35154635,1199,24732
35154635,35155458,823,99249
35155458,35155675,217,117382
35155675,35156904,1229,287357
35156904,35157773,869,164100
35157773,35159040,1267,138548
35159040,35160243,1203,18524
35160243,35161410,1167,146346
35161410,35162616,1206,10674
35162616,35163823,1207,47239
35163823,35164699,876,5757
35164699,35165683,984,142358
35165683,35166891,1208,1070
35166891,35168069,1178,300234
35168069,35169258,1189,68358
35169258,35170456,1198,142279
35170456,35171229,773,1539
35171229,35172525,1296,143022
35172525,35173700,1175,64588
35173700,35174431,731,212
35174431,35175648,1217,54016
35175648,35176811,1163,14013
35176811,35178090,1279,86804
35178090,35178742,652,138045
35178742,35179006,264,73712
35179006,35179911,905,63713
35179911,35180829,918,156963
35180829,35181557,728,131887
35181557,35181824,267,75810
35181824,35183132,1308,157243
35183132,35183395,263,144135
35183395,35184512,1117,123270
35184512,35185658,1146,185436
35185658,35186981,1323,138901
35186981,35188134,1153,149791
35188134,35189192,1058,134316
35189192,35190473,1281,170956
35190473,35191467,994,29110
35191467,35191761,294,157830
35191761,35192058,297,86683
35192058,35192691,633,172156
35192691,35193799,1108,122863
35193799,35194938,1139,292253
35194938,35195862,924,61323
35195862,35196904,1042,158074
35196904,35198070,1166,301693
35198070,35198389,319,139707
35198389,35199426,1037,126859
35199426,35200663,1237,79973
35200663,35201776,1113,300234
35201776,35202917,1141,56840
35202917,35204018,1101,127685
35204018,35205159,1141,67857
35205159,35205565,406,32658
35205565,35206574,1009,155520
35206574,35207625,1051,123036
35207625,35208590,965,216564
35208590,35209871,1281,142752
35209871,35211100,1229,208
35211100,35212301,1201,84010
35212301,35213222,921,133212
35213222,35213843,621,129325
35213843,35215100,1257,300047
35215100,35216251,1151,123715
35216251,35217451,1200,134465
35217451,35218441,990,126928
35218441,35219151,710,109656
35219151,35220421,1270,46240
35220421,35221663,1242,122825
35221663,35222739,1076,123715
35222739,35223258,519,715
35223258,35224408,1150,66176
35224408,35225645,1237,132882
35225645,35226326,681,141248
35226326,35227023,697,121079
35227023,35228065,1042,39478
35228065,35229058,993,130553
35229058,35230087,1029,153964
35230087,35231283,1196,144021
35231283,35232304,1021,84357
35232304,35232866,562,216563
35232866,35234039,1173,129790
35234039,35235269,1230,56175
35235269,35236503,1234,102381
35236503,35237806,1303,75939
35237806,35238939,1133,31609
35238939,35240164,1225,113273
35240164,35241354,1190,142320
35241354,35241810,456,124994
35241810,35242356,546,134981
35242356,35243579,1223,16632
35243579,35244155,576,25951
35244155,35245014,859,245708
35245014,35246051,1037,39481
35246051,35247358,1307,123059
35247358,35248311,953,212
35248311,35248884,573,300208
35248884,35249719,835,68369
35249719,35250788,1069,132601
35250788,35251953,1165,279229
35251953,35252733,780,92935
35252733,35253716,983,123191
35253716,35255011,1295,124549
35255011,35256153,1142,92820
35256153,35257163,1010,124587
35257163,35257688,525,42637
35257688,35258649,961,104391
35258649,35259665,1016,131113
35259665,35260993,1328,55927
35260993,35262143,1150,75362
35262143,35263034,891,1539
35263034,35264087,1053,108005
35264087,35264946,859,156738
35264946,35265863,917,285135
35265863,35267060,1197,126737
35267060,35268160,1100,152831
35268160,35268635,475,126292
35268635,35269878,1243,47030
35269878,35270825,947,56175
35270825,35271921,1096,134312
35271921,35273070,1149,1732
35273070,35273547,477,144999
35273547,35274508,961,78885
35274508,35275743,1235,110528
35275743,35276800,1057,73728
35276800,35277303,503,12715
35277303,35278357,1054,216563
35278357,35279510,1153,132718
35279510,35280374,864,136271
35280374,35281572,1198,101832
35281572,35282435,863,160952
35282435,35283664,1229,132864
35283664,35284960,1296,258959
35284960,35285379,419,135762
35285379,35286152,773,136458
35286152,35287423,1271,300343
35287423,35288480,1057,43306
35288480,35288859,379,244443
35288859,35290129,1270,163322
35290129,35290413,284,164188
35290413,35291557,1144,59167
35291557,35292532,975,102240
35292532,35293772,1240,147968
35293772,35295021,1249,155520
35295021,35296326,1305,286306
35296326,35296662,336,295759
35296662,35297799,1137,72205
35297799,35298895,1096,185488
35298895,35300058,1163,143483
35300058,35301311,1253,87508
35301311,35302217,906,144485
35302217,35303069,852,139361
35303069,35303658,589,134786
35303658,35304722,1064,124439
35304722,35305988,1266,31089
35305988,35307268,1280,61780
35307268,35308499,1231,156154
35308499,35309718,1219,56777
35309718,35310989,1271,133440
35310989,35312220,1231,278228
35312220,35313376,1156,92420
35313376,35314553,1177,66622
35314553,35314868,315,231837
35314868,35315954,1086,279775
35315954,35317133,1179,126859
35317133,35318327,1194,127732
35318327,35319316,989,245691
35319316,35320177,861,150915
35320177,35321388,1211,142311
35321388,35322474,1086,72876
35322474,35323577,1103,164101
35323577,35323888,311,105002
35323888,35325055,1167,13364
35325055,35326256,1201,132592
35326256,35327363,1107,104979
35327363,35328335,972,258283
35328335,35329418,1083,184264
35329418,35330153,735,120583
35330153,35331256,1103,138043
35331256,35332355,1099,121069
35332355,35333588,1233,66184
35333588,35334341,753,136458
35334341,35335557,1216,130989
35335557,35336886,1329,16802
35336886,35338017,1131,160964
35338017,35339184,1167,152824
35339184,35340281,1097,138486
35340281,35341421,1140,129011
35341421,35342643,1222,55088
35342643,35343834,1191,108005
35343834,35344083,249,723
35344083,35345347,1264,44575
35345347,35346302,955,129623
35346302,35347440,1138,158781
35347440,35348572,1132,279229
35348572,35349553,981,124595
35349553,35350590,1037,140725
35350590,35351791,1201,130588
35351791,35352963,1172,132101
35352963,35354027,1064,133273
35354027,35355124,1097,134592
35355124,35356331,1207,144503
35356331,35356566,235,216570
35356566,35357662,1096,133471
35357662,35358825,1163,73729
35358825,35359964,1139,99122
35359964,35360998,1034,122627
35360998,35362158,1160,1187
35362158,35363401,1243,41911
35363401,35364563,1162,156963
35364563,35365406,843,133273
35365406,35366516,1110,31091
35366516,35367728,1212,70843
35367728,35368909,1181,54006
35368909,35369836,927,131732
35369836,35370883,1047,67218
35370883,35372101,1218,91072
35372101,35373329,1228,142896
35373329,35374598,1269,47541
35374598,35375852,1254,2503
35375852,35377004,1152,10327
35377004,35378269,1265,5912
35378269,35379215,946,138866
35379215,35380220,1005,72212
35380220,35381477,1257,134592
35381477,35382546,1069,88363
35382546,35383791,1245,132484
35383791,35385077,1286,163597
35385077,35386206,1129,107621
35386206,35387256,1050,244431
35387256,35388394,1138,16632
35388394,35389401,1007,122451
35389401,35390462,1061,10642
35390462,35391657,1195,73847
35391657,35392679,1022,103126
35392679,35393955,1276,133424
35393955,35395162,1207,121449
35395162,35395724,562,124549
35395724,35396832,1108,2536
35396832,35397996,1164,141270
35397996,35399168,1172,86765
35399168,35400359,1191,155520
35400359,35401350,991,139404
35401350,35402479,1129,291718
35402479,35403754,1275,121899
35403754,35405008,1254,21393
35405008,35406272,1264,54613
35406272,35406783,511,279849
35406783,35407932,1149,81843
35407932,35409169,1237,365
35409169,35409604,435,119637
35409604,35410744,1140,86804
35410744,35411444,700,295446
35411444,35412599,1155,130489
35412599,35413773,1174,84349
35413773,35414956,1183,296159
35414956,35416115,1159,147967
35416115,35416720,605,101799
35416720,35417813,1093,141208
35417813,35418991,1178,8592
35418991,35420099,1108,278220
35420099,35421157,1058,127685
35421157,35422272,1115,94108
35422272,35423555,1283,187024
35423555,35424650,1095,1189
35424650,35425848,1198,134121
35425848,35427127,1279,126410
35427127,35428425,1298,127537
35428425,35429362,937,139752
35429362,35429555,193,112057
35429555,35430738,1183,167023
35430738,35431747,1009,126829
35431747,35432514,767,245691
35432514,35433734,1220,156224
35433734,35434840,1106,293987
35434840,35435975,1135,152864
35435975,35436678,703,136861
35436678,35437857,1179,82904
35437857,35439067,1210,144019
35439067,35440025,958,171133
35440025,35441311,1286,122806
35441311,35442508,1197,141644
35442508,35443687,1179,162667
35443687,35444918,1231,132821
35444918,35446050,1132,39971
35446050,35447254,1204,136271
35447254,35447449,195,57667
35447449,35448538,1089,10328
35448538,35449173,635,285137
35449173,35450208,1035,276735
35450208,35450872,664,148529
35450872,35451839,967,70843
35451839,35452413,574,1562
35452413,35453592,1179,149245
35453592,35454772,1180,125118
35454772,35456007,1235,92934
35456007,35457254,1247,292604
35457254,35458305,1051,49750
35458305,35458707,402,147971
35458707,35459960,1253,144135
35459960,35461222,1262,13364
35461222,35462039,817,168500
35462039,35463008,969,130131
35463008,35464177,1169,140725
35464177,35464691,514,126955
35464691,35465159,468,32639
35465159,35465687,528,127522
35465687,35466661,974,162238
35466661,35467920,1259,274376
35467920,35468918,998,160958
35468918,35470069,1151,282357
35470069,35471316,1247,176270
35471316,35472232,916,16632
35472232,35473459,1227,3961
35473459,35474580,1121,142750
35474580,35475784,1204,158744
35475784,35476896,1112,39840
35476896,35477984,1088,258283
35477984,35478317,333,258250
35478317,35479028,711,121741
35479028,35479743,715,139753
35479743,35480908,1165,135020
35480908,35482188,1280,60480
35482188,35483488,1300,149739
35483488,35484727,1239,130900
35484727,35485990,1263,167597
35485990,35486824,834,139355
35486824,35487991,1167,95875
35487991,35489222,1231,124221
35489222,35490388,1166,4662
35490388,35491594,1206,32658
35491594,35492397,803,291608
35492397,35492850,453,294523
35492850,35493595,745,39761
35493595,35494794,1199,139200
35494794,35495942,1148,121416
35495942,35496153,211,101283
35496153,35497324,1171,133630
35497324,35498241,917,137141
35498241,35499415,1174,141268
35499415,35500350,935,131735
35500350,35501610,1260,36641
35501610,35502872,1262,9210
35502872,35504111,1239,4662
35504111,35504521,410,101854
35504521,35505796,1275,8912
35505796,35506910,1114,130625
35506910,35507979,1069,28462
35507979,35509192,1213,71402
35509192,35510245,1053,81843
35510245,35510534,289,86732
35510534,35511836,1302,12971
35511836,35513074,1238,84447
35513074,35514248,1174,128761
35514248,35515484,1236,861
35515484,35516003,519,126233
35516003,35517060,1057,13269
35517060,35517605,545,6176
35517605,35518709,1104,66622
35518709,35519905,1196,121392
35519905,35521026,1121,132101
35521026,35521518,492,11547
35521518,35522654,1136,123013
35522654,35523803,1149,132710
35523803,35524098,295,78193
35524098,35525310,1212,124368
35525310,35525575,265,125883
35525575,35526863,1288,140725
35526863,35528184,1321,14960
35528184,35529296,1112,132073
35529296,35529489,193,232057
35529489,35530640,1151,141148
35530640,35531936,1296,284269
35531936,35533209,1273,156973
35533209,35534215,1006,157243
35534215,35535305,1090,131735
35535305,35536547,1242,176270
35536547,35537678,1131,216570
35537678,35538577,899,128309
35538577,35539689,1112,126319
35539689,35540778,1089,14897
35540778,35541986,1208,132821
35541986,35542350,364,156967
35542350,35542766,416,7741
35542766,35543952,1186,138113
35543952,35545214,1262,74798
35545214,35545683,469,32856
35545683,35546905,1222,73973
35546905,35548251,1346,19208
35548251,35548653,402,18006
35548653,35549705,1052,216567
35549705,35550102,397,123176
35550102,35551293,1191,155949
35551293,35552349,1056,156718
35552349,35553468,1119,139752
35553468,35554499,1031,118128
35554499,35555221,722,122625
35555221,35556310,1089,131704
35556310,35557456,1146,39970
35557456,35558309,853,138042
35558309,35559472,1163,124587
35559472,35560707,1235,159386
35560707,35561982,1275,121085
35561982,35563235,1253,134312
35563235,35563703,468,141248
35563703,35564368,665,122443
35564368,35564664,296,121669
35564664,35565685,1021,117382
35565685,35566583,898,144496
35566583,35567870,1287,133395
35567870,35568881,1011,130503
35568881,35570041,1160,131106
35570041,35571104,1063,133290
35571104,35572197,1093,137597
35572197,35573205,1008,58869
35573205,35574441,1236,135657
35574441,35575632,1191,158816
35575632,35575951,319,39761
35575951,35576906,955,129974
35576906,35578157,1251,37092
35578157,35578469,312,285137
35578469,35579262,793,232691
35579262,35580062,800,157858
35580062,35581017,955,138866
35581017,35581976,959,29091
35581976,35582987,1011,34497
35582987,35584365,1378,90852
35584365,35585298,933,91801
35585298,35586223,925,10674
35586223,35586984,761,73295
35586984,35588049,1065,133273
35588049,35588974,925,162239
35588974,35590142,1168,164328
35590142,35591012,870,54667
35591012,35592014,1002,144503
35592014,35593032,1018,84121
35593032,35594331,1299,56778
35594331,35595513,1182,150843
35595513,35596759,1246,157400
35596759,35597796,1037,130549
35597796,35598839,1043,6397
35598839,35600042,1203,81858
35600042,35601065,1023,130871
35601065,35602278,1213,2536
35602278,35602768,490,112597
35602768,35603883,1115,300234
35603883,35604702,819,254948
35604702,35605537,835,57154
35605537,35606172,635,142279
35606172,35607251,1079,138290
35607251,35608337,1086,287358
35608337,35609326,989,155973
35609326,35610576,1250,224746
35610576,35611835,1259,55202
35611835,35612785,950,171138
35612785,35614039,1254,279229
35614039,35615177,1138,121064
35615177,35616274,1097,121899
35616274,35617373,1099,39970
35617373,35617758,385,233382
35617758,35618437,679,139727
35618437,35619483,1046,126947
35619483,35620636,1153,131887
35620636,35620939,303,163384
35620939,35621637,698,112057
35621637,35622692,1055,282385
35622692,35623839,1147,134717
35623839,35624835,996,293663
35624835,35625568,733,129064
35625568,35626741,1173,244443
35626741,35627878,1137,129623
35627878,35629156,1278,290901
35629156,35630294,1138,139291
35630294,35630516,222,246932
35630516,35631683,1167,164101
35631683,35632919,1236,141174
35632919,35634135,1216,19585
35634135,35635354,1219,154697
35635354,35636119,765,20034
35636119,35637337,1218,110705
35637337,35638133,796,134728
35638133,35639203,1070,54487
35639203,35639427,224,61316
35639427,35640584,1157,122614
35640584,35641857,1273,231836
35641857,35642975,1118,262305
35642975,35644226,1251,138042
35644226,35645095,869,26559
35645095,35646099,1004,285137
35646099,35647018,919,123190
35647018,35647728,710,88363
35647728,35648440,712,176853
35648440,35649213,773,58433
35649213,35650494,1281,64956
35650494,35651559,1065,142896
35651559,35652789,1230,3961
35652789,35654006,1217,12471
35654006,35655324,1318,142858
35655324,35656682,1358,291379
35656682,35656902,220,130588
35656902,35658263,1361,19361
35658263,35659397,1134,245707
35659397,35660624,1227,101278
35660624,35661486,862,52087
35661486,35662812,1326,137154
35662812,35663725,913,177627
35663725,35664750,1025,139742
35664750,35665874,1124,141235
35665874,35666477,603,130876
35666477,35667581,1104,46890
35667581,35668700,1119,10328
35668700,35669383,683,14672
35669383,35670553,1170,60480
35670553,35671328,775,121720
35671328,35672509,1181,71531
35672509,35672824,315,145733
35672824,35673171,347,132530
35673171,35674398,1227,121729
35674398,35675103,705,160984
35675103,35676412,1309,122025
35676412,35677469,1057,138074
35677469,35678740,1271,8927
35678740,35678983,243,123191
35678983,35680138,1155,178149
35680138,35681307,1169,156159
35681307,35682551,1244,128991
35682551,35683690,1139,72927
35683690,35685074,1384,133279
35685074,35685542,468,291379
35685542,35686756,1214,148550
35686756,35687950,1194,258978
35687950,35688954,1004,130530
35688954,35690307,1353,220952
35690307,35691528,1221,279856
35691528,35692783,1255,87997
35692783,35693681,898,135249
35693681,35694444,763,136863
35694444,35695449,1005,127694
35695449,35695795,346,129396
35695795,35696272,477,296465
35696272,35697171,899,68888
35697171,35698335,1164,111961
35698335,35699562,1227,126859
35699562,35700749,1187,64956
35700749,35701641,892,70843
35701641,35702802,1161,7793
35702802,35704029,1227,294523
35704029,35705263,1234,149881
35705263,35705549,286,156738
35705549,35706736,1187,143893
35706736,35707870,1134,141248
35707870,35709098,1228,86043
35709098,35710055,957,141240
35710055,35711316,1261,294114
35711316,35712583,1267,293663
35712583,35713848,1265,126410
35713848,35714180,332,67851
35714180,35714597,417,756
35714597,35715324,727,175448
35715324,35716288,964,127538
35716288,35716995,707,284433
35716995,35718229,1234,104637
35718229,35719377,1148,123025
35719377,35720522,1145,86043
35720522,35721712,1190,116797
35721712,35722844,1132,5710
35722844,35723600,756,30119
35723600,35724641,1041,245687
35724641,35725304,663,130627
35725304,35726350,1046,122876
35726350,35727165,815,136846
35727165,35727850,685,171137
35727850,35728717,867,130989
35728717,35729968,1251,109662
35729968,35731164,1196,86708
35731164,35732169,1005,284424
35732169,35733150,981,130532
35733150,35733573,423,101883
35733573,35734723,1150,187466
35734723,35735760,1037,86765
35735760,35736109,349,120282
35736109,35737293,1184,28247
35737293,35738511,1218,121106
35738511,35739530,1019,155949
35739530,35740760,1230,134120
35740760,35741975,1215,123167
35741975,35742857,882,28868
35742857,35744013,1156,135659
35744013,35745266,1253,86765
35745266,35745632,366,14013
35745632,35746766,1134,106974
35746766,35747968,1202,135220
35747968,35748626,658,9174
35748626,35749721,1095,281471
35749721,35750888,1167,34501
35750888,35751905,1017,96153
35751905,35752692,787,144965
35752692,35753740,1048,157636
35753740,35754991,1251,68188
35754991,35755215,224,5909
35755215,35756410,1195,53320
35756410,35756904,494,143485
35756904,35757524,620,10172
35757524,35758141,617,155152
35758141,35758890,749,41610
35758890,35759568,678,276749
35759568,35760856,1288,7887
35760856,35762137,1281,169291
35762137,35763336,1199,135636
35763336,35764557,1221,137770
35764557,35765426,869,130125
35765426,35766352,926,127538
35766352,35767522,1170,182389
35767522,35768781,1259,88761
35768781,35769620,839,141721
35769620,35770830,1210,121543
35770830,35771993,1163,126286
35771993,35773252,1259,8890
35773252,35774427,1175,75360
35774427,35775696,1269,4275
35775696,35776972,1276,133424
35776972,35777782,810,110061
35777782,35778983,1201,32135
35778983,35780274,1291,274549
35780274,35781387,1113,105673
35781387,35782500,1113,92202
35782500,35783174,674,131276
35783174,35784458,1284,109507
35784458,35785657,1199,19208
35785657,35786739,1082,44937
35786739,35787922,1183,126302
35787922,35789127,1205,274378
35789127,35789708,581,287671
35789708,35790831,1123,105002
35790831,35791006,175,121730
35791006,35792066,1060,134804
35792066,35792443,377,129994
35792443,35793600,1157,112056
35793600,35794763,1163,7944
35794763,35795131,368,6556
35795131,35796247,1116,54006
35796247,35797613,1366,122467
35797613,35798717,1104,157830
35798717,35799615,898,130184
35799615,35799950,335,48579
35799950,35800740,790,4654
35800740,35801786,1046,9915
35801786,35803069,1283,169619
35803069,35804250,1181,127521
35804250,35805438,1188,83607
35805438,35806643,1205,143271
35806643,35806863,220,29110
35806863,35807118,255,19366
35807118,35808166,1048,156019
35808166,35809430,1264,76046
35809430,35810642,1212,113336
35810642,35811793,1151,125882
35811793,35813075,1282,132484
35813075,35814254,1179,254948
35814254,35815517,1263,159386
35815517,35815998,481,126928
35815998,35817057,1059,84121
35817057,35817789,732,132782
35817789,35819012,1223,122614
35819012,35819310,298,86683
35819310,35820613,1303,138042
35820613,35821773,1160,124368
35821773,35823029,1256,146123
35823029,35824256,1227,19376
35824256,35824705,449,121127
35824705,35824994,289,83708
35824994,35826213,1219,294114
35826213,35827384,1171,158744
35827384,35828569,1185,1070
35828569,35829807,1238,258986
35829807,35830894,1087,132272
35830894,35831956,1062,5758
35831956,35832743,787,7741
35832743,35833951,1208,76055
35833951,35834516,565,97593
35834516,35834712,196,86683
35834712,35835544,832,281188
35835544,35835941,397,147159
35835941,35837167,1226,252342
35837167,35838040,873,10701
35838040,35839114,1074,101854
35839114,35840201,1087,143521
35840201,35841324,1123,269254
35841324,35841699,375,24731
35841699,35842618,919,114452
35842618,35843807,1189,92820
35843807,35844929,1122,102239
35844929,35846054,1125,130560
35846054,35847095,1041,90852
35847095,35848319,1224,282977
35848319,35849419,1100,170951
35849419,35849612,193,131887
35849612,35850128,516,8675
35850128,35850360,232,14936
35850360,35851211,851,293963
35851211,35852196,985,187005
35852196,35852526,330,246932
35852526,35853695,1169,121106
35853695,35854874,1179,75362
35854874,35856191,1317,134176
35856191,35857472,1281,6506
35857472,35858544,1072,37090
35858544,35859515,971,126410
35859515,35860625,1110,170976
35860625,35861634,1009,5911
35861634,35862807,1173,121148
35862807,35863972,1165,144496
35863972,35864633,661,11612
35864633,35865746,1113,115687
35865746,35867013,1267,58843
35867013,35868231,1218,185125
35868231,35869419,1188,91072
35869419,35870537,1118,126336
35870537,35871007,470,129582
35871007,35872197,1190,171109
35872197,35873487,1290,14929
35873487,35874650,1163,39761
35874650,35875891,1241,148312
35875891,35877095,1204,284444
35877095,35878158,1063,80189
35878158,35879462,1304,67858
35879462,35880262,800,234067
35880262,35880517,255,86679
35880517,35880983,466,110127
35880983,35882246,1263,112597
35882246,35883342,1096,129317
35883342,35884512,1170,184266
35884512,35885721,1209,105386
35885721,35886961,1240,143022
35886961,35887808,847,98880
35887808,35888912,1104,64290
35888912,35889915,1003,62347
35889915,35891055,1140,160952
35891055,35892254,1199,1187
35892254,35893396,1142,148993
35893396,35893685,289,291953
35893685,35894948,1263,46267
35894948,35895395,447,7235
35895395,35896216,821,25951
35896216,35897268,1052,126955
35897268,35898253,985,68358
35898253,35899246,993,64292
35899246,35900377,1131,208
35900377,35900752,375,130871
35900752,35902016,1264,91801
35902016,35903312,1296,133239
35903312,35904467,1155,157056
35904467,35905510,1043,118128
35905510,35906422,912,64292
35906422,35907630,1208,132821
35907630,35907924,294,122451
35907924,35909087,1163,69550
35909087,35910359,1272,56837
35910359,35911487,1128,6175
35911487,35912721,1234,36956
35912721,35913830,1109,270777
35913830,35914927,1097,300047
35914927,35915608,681,87547
35915608,35916814,1206,135762
35916814,35917955,1141,10327
35917955,35919134,1179,232057
35919134,35920174,1040,91072
35920174,35921191,1017,285896
35921191,35921542,351,86741
35921542,35922771,1229,121068
35922771,35924052,1281,48032
35924052,35924773,721,126208
35924773,35926056,1283,12544
35926056,35927301,1245,133279
35927301,35928199,898,39661
35928199,35928829,630,124368
35928829,35929892,1063,101265
35929892,35930406,514,126286
35930406,35931411,1005,126408
35931411,35932548,1137,74477
35932548,35933782,1234,54016
35933782,35934710,928,92812
35934710,35936037,1327,281131
35936037,35936568,531,142311
35936568,35937626,1058,156977
35937626,35938454,828,290351
35938454,35939509,1055,10702
35939509,35939861,352,131113
35939861,35940940,1079,131294
35940940,35942175,1235,220951
35942175,35943279,1104,145701
35943279,35943473,194,142824
35943473,35944725,1252,135832
35944725,35945978,1253,183988
35945978,35947189,1211,50777
35947189,35947777,588,185466
35947777,35948708,931,170438
35948708,35949851,1143,101289
35949851,35950861,1010,143361
35950861,35952003,1142,40556
35952003,35953068,1065,44577
35953068,35954227,1159,282926
35954227,35955493,1266,138548
35955493,35956122,629,102381
35956122,35957155,1033,140651
35957155,35957979,824,26894
35957979,35959090,1111,132864
35959090,35959908,818,132485
35959908,35961138,1230,54016
35961138,35961817,679,48377
35961817,35962495,678,32451
35962495,35963668,1173,127522
35963668,35964011,343,12332
35964011,35965180,1169,58090
35965180,35966446,1266,138617
35966446,35967420,974,131295
35967420,35968583,1163,140718
35968583,35969442,859,65772
35969442,35970532,1090,130625
35970532,35970901,369,49755
35970901,35971987,1086,122443
35971987,35973141,1154,292252
35973141,35974466,1325,54659
35974466,35975660,1194,129582
35975660,35976595,935,119637
35976595,35977482,887,723
35977482,35978549,1067,106800
35978549,35979340,791,138113
35979340,35980633,1293,174132
35980633,35981718,1085,283138
35981718,35982831,1113,73961
35982831,35983818,987,39661
35983818,35985082,1264,127215
35985082,35985529,447,96153
35985529,35986728,1199,171133
35986728,35987906,1178,163518
35987906,35989077,1171,169291
35989077,35989289,212,126929
35989289,35990495,1206,123163
35990495,35991491,996,71405
35991491,35992404,913,175962
35992404,35992977,573,26853
35992977,35994112,1135,126965
35994112,35995014,902,146111
35995014,35995666,652,145088
35995666,35996750,1084,146770
35996750,35997833,1083,130225
35997833,35999134,1301,6498
35999134,35999759,625,81843
35999759,36000962,1203,12544
36000962,36002193,1231,279363
36002193,36003387,1194,132800
36003387,36004522,1135,88367
36004522,36005770,1248,101289
36005770,36006453,683,129066
36006453,36007469,1016,69550
36007469,36008413,944,64708
36008413,36009508,1095,134434
36009508,36010459,951,68888
36010459,36011448,989,96498
36011448,36012634,1186,156968
36012634,36013908,1274,112593
36013908,36015124,1216,54487
36015124,36016365,1241,131294
36016365,36017612,1247,135264
36017612,36018807,1195,110520
36018807,36019911,1104,141174
36019911,36021115,1204,137483
36021115,36021800,685,46890
36021800,36021977,177,130625
36021977,36023176,1199,147963
36023176,36024180,1004,166421
36024180,36024506,326,94523
36024506,36025507,1001,150469
36025507,36026536,1029,129011
36026536,36027770,1234,4275
36027770,36028951,1181,143893
36028951,36030217,1266,138901
36030217,36031370,1153,131735
36031370,36032443,1073,279233
36032443,36033669,1226,285173
36033669,36034279,610,126965
36034279,36035518,1239,146197
36035518,36036682,1164,127215
36036682,36037974,1292,18524
36037974,36038863,889,118112
36038863,36039518,655,10347
36039518,36040760,1242,122806
36040760,36041795,1035,282383
36041795,36042858,1063,68770
36042858,36043306,448,84010
36043306,36044506,1200,73847
36044506,36045745,1239,290363
36045745,36046977,1232,46890
36046977,36048064,1087,185074
36048064,36048879,815,86741
36048879,36049213,334,28465
36049213,36049588,375,106974
36049588,36050712,1124,124549
36050712,36051730,1018,133290
36051730,36052943,1213,125883
36052943,36053968,1025,65803
36053968,36054737,769,138290
36054737,36055858,1121,130727
36055858,36056839,981,31603
36056839,36057726,887,126932
36057726,36058741,1015,160952
36058741,36059582,841,185436
36059582,36060778,1196,133395
36060778,36061899,1121,115687
36061899,36063132,1233,126302
36063132,36063831,699,39761
36063831,36064897,1066,128990
36064897,36066028,1131,143361
36066028,36066846,818,115687
36066846,36067943,1097,175962
36067943,36069085,1142,212
36069085,36070335,1250,148993
36070335,36071564,1229,78885
36071564,36072712,1148,21498
36072712,36073942,1230,139404
36073942,36075126,1184,1129
36075126,36076182,1056,78885
36076182,36077071,889,87997
36077071,36078322,1251,62558
36078322,36079521,1199,273050
36079521,36080785,1264,177234
36080785,36081470,685,163606
36081470,36082715,1245,162238
36082715,36083844,1129,12971
36083844,36084920,1076,144503
36084920,36085653,733,73295
36085653,36086324,671,86765
36086324,36087547,1223,696
36087547,36088667,1120,57831
36088667,36089934,1267,175448
36089934,36091021,1087,141209
36091021,36092220,1199,279233
36092220,36093393,1173,80534
36093393,36094614,1221,129011
36094614,36095603,989,130226
36095603,36096872,1269,5776
36096872,36097806,934,144019
36097806,36099030,1224,16632
36099030,36100021,991,61741
36100021,36101192,1171,173230
36101192,36102335,1143,277899
36102335,36103570,1235,58869
36103570,36104801,1231,275128
36104801,36105944,1143,4662
36105944,36106530,586,106369
36106530,36107603,1073,28868
36107603,36108775,1172,46712
36108775,36109765,990,137628
36109765,36109998,233,28868
36109998,36111265,1267,163384
36111265,36112495,1230,185488
36112495,36113403,908,283462
36113403,36114581,1178,18524
36114581,36115559,978,132848
36115559,36116612,1053,13248
36116612,36117823,1211,176853
36117823,36118936,1113,68353
36118936,36120222,1286,128136
36120222,36121465,1243,56222
36121465,36122639,1174,134463
36122639,36123812,1173,122806
36123812,36125071,1259,139307
36125071,36126305,1234,278217
36126305,36127578,1273,292604
36127578,36128844,1266,147159
36128844,36129827,983,66465
36129827,36130927,1100,64300
36130927,36131946,1019,292253
36131946,36132351,405,14674
36132351,36133634,1283,129440
36133634,36134527,893,159386
36134527,36135663,1136,88089
36135663,36136866,1203,285896
36136866,36137888,1022,157830
36137888,36138893,1005,101579
36138893,36139972,1079,31609
36139972,36141170,1198,85640
36141170,36141327,157,123266
36141327,36141911,584,164927
36141911,36143040,1129,80534
36143040,36144222,1182,134728
36144222,36144767,545,279153
36144767,36145961,1194,138289
36145961,36147152,1191,143625
36147152,36148292,1140,160949
36148292,36149567,1275,64974
36149567,36150797,1230,157636
36150797,36151986,1189,137618
36151986,36152578,592,61316
36152578,36153766,1188,66166
36153766,36154285,519,281188
36154285,36154966,681,91902
36154966,36155715,749,66470
36155715,36156916,1201,9010
36156916,36158049,1133,121799
36158049,36158999,950,75355
36158999,36160313,1314,13364
36160313,36161476,1163,4861
36161476,36162698,1222,8684
36162698,36163924,1226,254948
36163924,36164965,1041,88089
36164965,36166195,1230,161714
36166195,36166705,510,129396
36166705,36167245,540,138033
36167245,36168409,1164,84121
36168409,36169523,1114,138290
36169523,36170001,478,57416
36170001,36171197,1196,155973
36171197,36172046,849,283138
36172046,36172403,357,66184
36172403,36173517,1114,66185
36173517,36174671,1154,84010
36174671,36175863,1192,102240
36175863,36177064,1201,20410
36177064,36178361,1297,53342
36178361,36179512,1151,234100
36179512,36180617,1105,141135
36180617,36181250,633,121727
36181250,36182452,1202,70998
36182452,36183636,1184,77361
36183636,36184417,781,131751
36184417,36185319,902,67592
36185319,36186340,1021,163935
36186340,36187449,1109,279229
36187449,36188670,1221,46890
36188670,36189776,1106,137141
36189776,36190807,1031,87280
36190807,36192126,1319,18527
36192126,36193366,1240,91801
36193366,36194624,1258,32139
36194624,36195881,1257,142745
36195881,36196872,991,160187
36196872,36197930,1058,72200
36197930,36199170,1240,149791
36199170,36200212,1042,109658
36200212,36201191,979,149798
36201191,36202280,1089,142362
36202280,36203219,939,135894
36203219,36203723,504,89894
36203723,36204933,1210,32451
36204933,36205538,605,126955
36205538,36206783,1245,19373
36206783,36208106,1323,26520
36208106,36209299,1193,159056
36209299,36209618,319,176853
36209618,36210747,1129,277899
36210747,36211944,1197,66470
36211944,36212937,993,68773
36212937,36214076,1139,67863
36214076,36215183,1107,5417
36215183,36216419,1236,130900
36216419,36217423,1004,275218
36217423,36218646,1223,300234
36218646,36219580,934,126221
36219580,36220294,714,138888
36220294,36221483,1189,119637
36221483,36222577,1094,137628
36222577,36223524,947,142311
36223524,36224666,1142,76055
36224666,36225869,1203,67851
36225869,36227048,1179,124526
36227048,36228312,1264,12332
36228312,36229464,1152,53320
36229464,36230735,1271,4733
36230735,36231944,1209,185485
36231944,36233182,1238,291101
36233182,36234324,1142,118128
36234324,36234817,493,46889
36234817,36235410,593,281472
36235410,36236719,1309,170440
36236719,36237856,1137,141148
36237856,36238131,275,135264
36238131,36239028,897,140041
36239028,36239791,763,72200
36239791,36240854,1063,134425
36240854,36241449,595,18533
36241449,36242441,992,138289
36242441,36243642,1201,6524
36243642,36244074,432,25766
36244074,36245163,1089,132073
36245163,36246342,1179,133834
36246342,36247504,1162,69550
36247504,36248635,1131,4861
36248635,36249890,1255,398
36249890,36250631,741,36641
36250631,36251736,1105,73732
36251736,36252897,1161,58433
36252897,36253982,1085,147159
36253982,36254892,910,133273
36254892,36256131,1239,6541
36256131,36256749,618,302395
36256749,36257152,403,59234
36257152,36258270,1118,65554
36258270,36259491,1221,3587
36259491,36260491,1000,133290
36260491,36261704,1213,4136
36261704,36262632,928,138043
36262632,36263958,1326,293959
36263958,36265113,1155,160984
36265113,36266293,1180,11079
36266293,36267373,1080,130103
36267373,36268235,862,128309
36268235,36269398,1163,279849
36269398,36270604,1206,212
36270604,36271716,1112,68358
36271716,36272543,827,128678
36272543,36273775,1232,100145
36273775,36274310,535,35926
36274310,36275593,1283,133424
36275593,36276747,1154,132499
36276747,36277642,895,70843
36277642,36278610,968,76043
36278610,36279361,751,65772
36279361,36279833,472,149739
36279833,36281088,1255,170976
36281088,36282143,1055,121416
36282143,36283207,1064,2772
36283207,36283760,553,131276
36283760,36285005,1245,149791
36285005,36286045,1040,142750
36286045,36286613,568,123191
36286613,36287746,1133,14497
36287746,36289100,1354,300208
36289100,36290165,1065,90850
36290165,36291344,1179,132073
36291344,36291995,651,157242
36291995,36293214,1219,154697
36293214,36294325,1111,290047
36294325,36295248,923,72210
36295248,36296431,1183,171107
36296431,36297692,1261,14960
36297692,36298290,598,66347
36298290,36298822,532,25765
36298822,36300087,1265,144986
36300087,36300521,434,122451
36300521,36301697,1176,216563
36301697,36302821,1124,39475
36302821,36303985,1164,130876
36303985,36305214,1229,175962
36305214,36305669,455,10798
36305669,36306474,805,134789
36306474,36306824,350,300234
36306824,36307677,853,82020
36307677,36308684,1007,27593
36308684,36309791,1107,134316
36309791,36311003,1212,134149
36311003,36312186,1183,156154
36312186,36312396,210,92805
36312396,36313614,1218,107517
36313614,36314441,827,131259
36314441,36315097,656,232057
36315097,36316405,1308,208
36316405,36317448,1043,10674
36317448,36318577,1129,146346
36318577,36319668,1091,254918
36319668,36320592,924,113273
36320592,36321831,1239,104890
36321831,36322956,1125,129443
36322956,36324131,1175,125128
36324131,36325329,1198,126286
36325329,36326524,1195,102250
36326524,36326908,384,48830
36326908,36327765,857,98878
36327765,36328930,1165,139752
36328930,36330083,1153,143521
36330083,36330647,564,63111
36330647,36331868,1221,120325
36331868,36333151,1283,145138
36333151,36334457,1306,28465
36334457,36335716,1259,129443
36335716,36336911,1195,68188
36336911,36337882,971,133279
36337882,36338989,1107,274549
36338989,36340248,1259,122545
36340248,36341518,1270,161100
36341518,36342642,1124,12715
36342642,36343800,1158,122806
36343800,36345073,1273,132864
36345073,36346185,1112,56837
36346185,36347010,825,153958
36347010,36348197,1187,46588
36348197,36349225,1028,131732
36349225,36350357,1132,72200
36350357,36351545,1188,117095
36351545,36352889,1344,69550
36352889,36353907,1018,139290
36353907,36355100,1193,72207
36355100,36356337,1237,92814
36356337,36357149,812,16802
36357149,36358401,1252,105179
36358401,36359549,1148,12539
36359549,36360653,1104,169293
36360653,36361557,904,171134
36361557,36362686,1129,185126
36362686,36363510,824,98876
36363510,36364694,1184,49755
36364694,36365636,942,41151
36365636,36366907,1271,277898
36366907,36368185,1278,123163
36368185,36369378,1193,121064
36369378,36370493,1115,10701
36370493,36370847,354,139710
36370847,36370988,141,87280
36370988,36372230,1242,34572
36372230,36373058,828,61776
36373058,36373965,907,291608
36373965,36374998,1033,134707
36374998,36376255,1257,105171
36376255,36377342,1087,63105
36377342,36378583,1241,89390
36378583,36379626,1043,131732
36379626,36380296,670,141248
36380296,36380620,324,41166
36380620,36381879,1259,135832
36381879,36383058,1179,48842
36383058,36383343,285,140651
36383343,36384532,1189,132499
36384532,36385578,1046,139710
36385578,36386676,1098,290923
36386676,36387762,1086,127518
36387762,36389023,1261,101854
36389023,36390175,1152,121140
36390175,36391400,1225,134451
36391400,36392630,1230,69422
36392630,36393347,717,862
36393347,36394536,1189,146346
36394536,36394930,394,91192
36394930,36395439,509,287671
36395439,36396520,1081,158744
36396520,36397485,965,134434
36397485,36398610,1125,7944
36398610,36399868,1258,122614
36399868,36400614,746,110520
36400614,36401704,1090,86040
36401704,36402817,1113,157400
36402817,36403930,1113,31097
36403930,36404821,891,78193
36404821,36406052,1231,150916
36406052,36407258,1206,245691
36407258,36407759,501,15081
36407759,36409071,1312,124439
36409071,36410008,937,64291
36410008,36411169,1161,281188
36411169,36411512,343,132644
36411512,36412277,765,129396
36412277,36412892,615,126832
36412892,36413994,1102,119295
36413994,36415018,1024,258986
36415018,36416037,1019,157054
36416037,36417240,1203,144135
36417240,36418038,798,52087
36418038,36419251,1213,70837
36419251,36420360,1109,109656
36420360,36421284,924,25951
36421284,36422395,1111,148920
36422395,36422861,466,145700
36422861,36423534,673,16002
36423534,36423854,320,105168
36423854,36424364,510,18533
36424364,36425117,753,136458
36425117,36426364,1247,246904
36426364,36426603,239,70753
36426603,36427852,1249,164101
36427852,36428835,983,126577
36428835,36430096,1261,65803
36430096,36431193,1097,125951
36431193,36432463,1270,4733
36432463,36433615,1152,103481
36433615,36433930,315,246932
36433930,36435227,1297,142745
36435227,36436407,1180,282926
36436407,36437544,1137,168062
36437544,36438830,1286,295197
36438830,36439327,497,124990
36439327,36440126,799,284268
36440126,36441353,1227,152264
36441353,36442543,1190,102250
36442543,36443059,516,143477
36443059,36444368,1309,135657
36444368,36445531,1163,136863
36445531,36446756,1225,121085
36446756,36447303,547,177638
36447303,36448566,1263,294113
36448566,36449808,1242,131256
36449808,36451117,1309,134728
36451117,36452159,1042,83607
36452159,36453476,1317,52088
36453476,36454123,647,130876
36454123,36455179,1056,37999
36455179,36456351,1172,163606
36456351,36457470,1119,34483
36457470,36458615,1145,88483
36458615,36459825,1210,291101
36459825,36460722,897,15305
36460722,36461790,1068,861
36461790,36463049,1259,234106
36463049,36463616,567,130548
36463616,36464829,1213,139397
36464829,36466049,1220,150715
36466049,36467035,986,131106
36467035,36467594,559,72207
36467594,36468679,1085,25951
36468679,36469671,992,62558
36469671,36470672,1001,291101
36470672,36471689,1017,129808
36471689,36472725,1036,144496
36472725,36472922,197,44575
36472922,36473497,575,155151
36473497,36474645,1148,290365
36474645,36475843,1198,67860
36475843,36477010,1167,102250
36477010,36477554,544,147627
36477554,36478842,1288,258250
36478842,36479789,947,141240
36479789,36481052,1263,10172
36481052,36481401,349,26685
36481401,36482627,1226,143307
36482627,36483796,1169,107483
36483796,36485035,1239,29012
36485035,36486254,1219,138032
36486254,36487376,1122,162253
36487376,36488516,1140,862
36488516,36488935,419,130101
36488935,36489521,586,166683
36489521,36490683,1162,122443
36490683,36491876,1193,149245
36491876,36493034,1158,10674
36493034,36494353,1319,48361
36494353,36495393,1040,5097
36495393,36496229,836,149033
36496229,36497440,1211,122944
36497440,36497788,348,10702
36497788,36498964,1176,139035
36498964,36499370,406,105398
36499370,36500523,1153,286306
36500523,36501352,829,116805
36501352,36502575,1223,143948
36502575,36503809,1234,149880
36503809,36504968,1159,291107
36504968,36506205,1237,122806
36506205,36506772,567,273050
36506772,36507942,1170,11535
36507942,36509145,1203,138548
36509145,36510280,1135,287359
36510280,36511316,1036,296473
36511316,36512375,1059,54659
36512375,36513252,877,119637
36513252,36514605,1353,127691
36514605,36515714,1109,2327
36515714,36516129,415,279856
36516129,36517419,1290,108638
36517419,36518442,1023,6398
36518442,36519245,803,21305
36519245,36520436,1191,39971
36520436,36521357,921,139397
36521357,36521749,392,121727
36521749,36523001,1252,290349
36523001,36523742,741,66464
36523742,36524807,1065,164101
36524807,36526076,1269,130755
36526076,36527175,1099,135229
36527175,36528432,1257,139009
36528432,36528615,183,129388
36528615,36529836,1221,119253
36529836,36531072,1236,141240
36531072,36532366,1294,7944
36532366,36533061,695,258960
36533061,36533398,337,110128
36533398,36534456,1058,64738
36534456,36534950,494,176660
36534950,36536137,1187,163607
36536137,36536846,709,138289
36536846,36538099,1253,8140
36538099,36539135,1036,234106
36539135,36540230,1095,7574
36540230,36541488,1258,76973
36541488,36542616,1128,142733
36542616,36543743,1127,99122
36543743,36544592,849,54666
36544592,36545584,992,102239
36545584,36545937,353,129325
36545937,36547209,1272,115687
36547209,36547846,637,129994
36547846,36549101,1255,258954
36549101,36550337,1236,290365
36550337,36550623,286,4861
36550623,36550987,364,84448
36550987,36552157,1170,172156
36552157,36553407,1250,132299
36553407,36554337,930,155972
36554337,36555597,1260,108621
36555597,36556814,1217,68192
36556814,36558071,1257,161102
36558071,36559180,1109,157636
36559180,36560296,1116,35926
36560296,36561077,781,101864
36561077,36562267,1190,149739
36562267,36563471,1204,128344
36563471,36564572,1101,136983
36564572,36565325,753,287359
36565325,36566417,1092,285173
36566417,36567594,1177,58843
36567594,36567996,402,39761
36567996,36569125,1129,10344
36569125,36570273,1148,153309
36570273,36571482,1209,292604
36571482,36572575,1093,5757
36572575,36573484,909,139308
36573484,36574349,865,5776
36574349,36575382,1033,123602
36575382,36576184,802,40556
36576184,36577352,1168,128331
36577352,36578471,1119,122614
36578471,36579686,1215,132866
36579686,36580768,1082,123284
36580768,36582092,1324,121902
36582092,36583361,1269,9342
36583361,36583876,515,116797
36583876,36585109,1233,138074
36585109,36585470,361,9210
36585470,36586595,1125,128309
36586595,36587056,461,129974
36587056,36587930,874,126957
36587930,36588931,1001,124439
36588931,36589983,1052,24758
36589983,36590228,245,281131
36590228,36591268,1040,102239
36591268,36592443,1175,84448
36592443,36593573,1130,127731
36593573,36594720,1147,135022
36594720,36595900,1180,58025
36595900,36597076,1176,300234
36597076,36598255,1179,112761
36598255,36599394,1139,130566
36599394,36600593,1199,19132
36600593,36601818,1225,18524
36601818,36602916,1098,147990
36602916,36603918,1002,142824
36603918,36604933,1015,13056
36604933,36605266,333,130093
36605266,36606457,1191,47541
36606457,36607660,1203,143895
36607660,36608821,1161,121674
36608821,36609775,954,156981
36609775,36609985,210,13247
36609985,36611130,1145,130728
36611130,36612291,1161,135824
36612291,36613311,1020,101289
36613311,36614452,1141,182394
36614452,36615275,823,143022
36615275,36616491,1216,145083
36616491,36617762,1271,700
36617762,36618875,1113,121064
36618875,36620024,1149,83616
36620024,36621207,1183,121382
36621207,36621666,459,171109
36621666,36622786,1120,109179
36622786,36623145,359,245691
36623145,36624334,1189,208
36624334,36624755,421,126965
36624755,36625767,1012,158744
36625767,36626766,999,54666
36626766,36627849,1083,31629
36627849,36628884,1035,12332
36628884,36630211,1327,46890
36630211,36631226,1015,177638
36631226,36632475,1249,26956
36632475,36633618,1143,2327
36633618,36634770,1152,146437
36634770,36635181,411,274374
36635181,36636434,1253,124003
36636434,36637408,974,281188
36637408,36638415,1007,216567
36638415,36639489,1074,139308
36639489,36640653,1164,144965
36640653,36641901,1248,114469
36641901,36642404,503,122944
36642404,36643616,1212,122467
36643616,36644491,875,68773
36644491,36645729,1238,169293
36645729,36646716,987,139009
36646716,36647596,880,128991
36647596,36648545,949,216564
36648545,36649577,1032,135892
36649577,36650606,1029,139009
36650606,36651078,472,185074
36651078,36652212,1134,287358
36652212,36653400,1188,724
36653400,36654621,1221,133225
36654621,36655615,994,139717
36655615,36656897,1282,281472
36656897,36658136,1239,166436
36658136,36659145,1009,39661
36659145,36660306,1161,130504
36660306,36660940,634,133225
36660940,36662220,1280,100043
36662220,36663345,1125,151776
36663345,36664521,1176,44582
36664521,36665763,1242,122806
36665763,36666038,275,291379
36666038,36667087,1049,121541
36667087,36667566,479,111754
36667566,36668425,859,6506
36668425,36669690,1265,274374
36669690,36670947,1257,109173
36670947,36672180,1233,65772
36672180,36673414,1234,161100
36673414,36674779,1365,18524
36674779,36675591,812,128677
36675591,36676615,1024,139404
36676615,36677706,1091,13185
36677706,36678625,919,125883
36678625,36679631,1006,141268
36679631,36680814,1183,281132
36680814,36681220,406,276735
36681220,36682417,1197,135227
36682417,36683686,1269,139297
36683686,36684877,1191,163612
36684877,36685633,756,142727
36685633,36686912,1279,138631
36686912,36687163,251,160187
36687163,36688023,860,134592
36688023,36689277,1254,280250
36689277,36690461,1184,156224
36690461,36691600,1139,101836
36691600,36692750,1150,34501
36692750,36694016,1266,128310
36694016,36695261,1245,8141
36695261,36696309,1048,87547
36696309,36697497,1188,125118
36697497,36697743,246,60800
36697743,36698743,1000,169291
36698743,36698925,182,147963
36698925,36699762,837,47541
36699762,36700075,313,132848
36700075,36700860,785,107487
36700860,36701995,1135,90847
36701995,36702564,569,278289
36702564,36703753,1189,64291
36703753,36704167,414,122827
36704167,36705206,1039,173591
36705206,36706475,1269,78193
36706475,36707235,760,92820
36707235,36708398,1163,143625
36708398,36709663,1265,91902
36709663,36709915,252,7884
36709915,36710233,318,139710
36710233,36711567,1334,105574
36711567,36712695,1128,270777
36712695,36713927,1232,122655
36713927,36714758,831,83607
36714758,36715873,1115,126539
36715873,36717148,1275,128991
36717148,36718426,1278,19366
36718426,36719583,1157,26956
36719583,36720625,1042,4275
36720625,36721432,807,169293
36721432,36722353,921,160952
36722353,36723324,971,101276
36723324,36724308,984,139308
36724308,36725592,1284,34572
36725592,36726720,1128,10327
36726720,36728019,1299,7371
36728019,36729123,1104,154284
36729123,36730248,1125,73295
36730248,36731429,1181,132707
36731429,36731767,338,137770
36731767,36732991,1224,120583
36732991,36734053,1062,108621
36734053,36735192,1139,133273
36735192,36736007,815,133212
36736007,36737114,1107,81859
36737114,36738253,1139,11243
36738253,36739508,1255,258262
36739508,36740267,759,86683
36740267,36740480,213,56574
36740480,36741735,1255,146770
36741735,36742228,493,137739
36742228,36743214,986,96241
36743214,36744068,854,76044
36744068,36745203,1135,135657
36745203,36746448,1245,156154
36746448,36747343,895,4687
36747343,36747644,301,143625
36747644,36748530,886,134707
36748530,36749726,1196,64300
36749726,36750995,1269,54487
36750995,36752226,1231,144019
36752226,36753520,1294,14358
36753520,36754376,856,86804
36754376,36755353,977,148550
36755353,36756350,997,163402
36756350,36757546,1196,88349
36757546,36758086,540,120277
36758086,36759213,1127,29110
36759213,36760300,1087,123059
36760300,36761501,1201,298549
36761501,36762671,1170,64588
36762671,36763912,1241,101276
36763912,36765046,1134,153309
36765046,36766174,1128,132848
36766174,36767377,1203,130989
36767377,36768493,1116,89388
36768493,36769238,745,132649
36769238,36769666,428,6525
36769666,36770937,1271,71531
36770937,36771916,979,232691
36771916,36773091,1175,72200
36773091,36774334,1243,66016
36774334,36775569,1235,89894
36775569,36775971,402,271811
36775971,36777190,1219,284269
36777190,36778191,1001,10701
36778191,36779350,1159,131294
36779350,36780623,1273,15304
36780623,36781611,988,138043
36781611,36782776,1165,143005
36782776,36784089,1313,60774
36784089,36785229,1140,285896
36785229,36785551,322,121080
36785551,36786656,1105,88007
36786656,36787897,1241,113273
36787897,36789128,1231,156757
36789128,36789864,736,102381
36789864,36790801,937,135832
36790801,36792075,1274,148993
36792075,36793284,1209,126826
36793284,36794528,1244,157263
36794528,36795620,1092,137770
36795620,36796789,1169,286306
36796789,36797714,925,117384
36797714,36798950,1236,97593
36798950,36799677,727,136861
36799677,36800693,1016,12545
36800693,36801943,1250,758
36801943,36803218,1275,56840
36803218,36804414,1196,157263
36804414,36804989,575,174992
36804989,36805765,776,29101
36805765,36806196,431,101283
36806196,36807442,1246,158081
36807442,36808162,720,162375
36808162,36808935,773,121127
36808935,36810118,1183,121140
36810118,36811376,1258,287657
36811376,36812292,916,53343
36812292,36812704,412,114476
36812704,36813596,892,76043
36813596,36814834,1238,147159
36814834,36815487,653,156159
36815487,36816445,958,48362
36816445,36817092,647,157644
36817092,36817789,697,138045
36817789,36818936,1147,132592
36818936,36820072,1136,281131
36820072,36821150,1078,365
36821150,36822421,1271,185488
36822421,36823446,1025,10701
36823446,36824449,1003,98880
36824449,36825308,859,138866
36825308,36826317,1009,10088
36826317,36826900,583,5417
36826900,36828081,1181,34478
36828081,36828755,674,136846
36828755,36829832,1077,141270
36829832,36830885,1053,178030
36830885,36832244,1359,262269
36832244,36833235,991,39501
36833235,36834441,1206,135221
36834441,36835262,821,90850
36835262,36836441,1179,132891
36836441,36837556,1115,149245
36837556,36838761,1205,178748
36838761,36839983,1222,65554
36839983,36841119,1136,143948
36841119,36842109,990,12546
36842109,36843298,1189,25563
36843298,36844218,920,123266
36844218,36845529,1311,16632
36845529,36846193,664,132601
36846193,36847257,1064,119253
36847257,36848528,1271,130533
36848528,36849410,882,131735
36849410,36850149,739,146111
36850149,36851071,922,152842
36851071,36851392,321,11734
36851392,36852638,1246,134160
36852638,36853905,1267,11546
36853905,36855110,1205,122655
36855110,36855619,509,121722
36855619,36856671,1052,131276
36856671,36857009,338,138888
36857009,36858206,1197,95963
36858206,36859398,1192,302000
36859398,36860544,1146,127691
36860544,36861704,1160,101265
36861704,36862822,1118,147968
36862822,36863710,888,66465
36863710,36864490,780,46889
36864490,36865537,1047,134981
36865537,36866814,1277,276907
36866814,36868030,1216,1539
36868030,36869172,1142,155972
36869172,36870322,1150,184265
36870322,36871479,1157,124990
36871479,36872508,1029,163505
36872508,36873365,857,137627
36873365,36874415,1050,134816
36874415,36875674,1259,284428
36875674,36876487,813,284424
36876487,36877586,1099,68888
36877586,36878778,1192,77173
36878778,36879955,1177,99122
36879955,36880875,920,127595
36880875,36881987,1112,29120
36881987,36883173,1186,39616
36883173,36883897,724,163935
36883897,36884117,220,129623
36884117,36885226,1109,121730
36885226,36886450,1224,144135
36886450,36887113,663,129623
36887113,36888466,1353,156757
36888466,36889487,1021,68369
36889487,36890752,1265,290349
36890752,36892026,1274,132592
36892026,36892862,836,132891
36892862,36894052,1190,123882
36894052,36895144,1092,123506
36895144,36895955,811,290365
36895955,36897053,1098,131704
36897053,36898221,1168,86732
36898221,36899406,1185,76574
36899406,36900683,1277,81870
36900683,36901023,340,125123
36901023,36902239,1216,52088
36902239,36903544,1305,105179
36903544,36904726,1182,105168
36904726,36905310,584,50778
36905310,36906477,1167,5912
36906477,36907330,853,123135
36907330,36907537,207,162375
36907537,36908647,1110,41610
36908647,36909128,481,19366
36909128,36910231,1103,157088
36910231,36910810,579,153728
36910810,36911820,1010,46267
36911820,36913042,1222,143361
36913042,36914368,1326,121541
36914368,36915332,964,245687
36915332,36916489,1157,106800
36916489,36917358,869,166683
36917358,36918394,1036,66470
36918394,36919664,1270,184447
36919664,36920965,1301,78193
36920965,36922022,1057,142752
36922022,36923267,1245,183988
36923267,36924555,1288,92934
36924555,36925642,1087,126410
36925642,36926890,1248,143264
36926890,36927989,1099,161714
36927989,36929261,1272,72210
36929261,36930239,978,293168
36930239,36931347,1108,178450
36931347,36932741,1394,89880
36932741,36933723,982,94526
36933723,36934704,981,41614
36934704,36935649,945,122655
36935649,36936927,1278,45217
36936927,36938088,1161,121024
36938088,36939229,1141,107247
36939229,36940495,1266,121413
36940495,36941027,532,167024
36941027,36942176,1149,27593
36942176,36943371,1195,35926
36943371,36944462,1091,107520
36944462,36944974,512,279229
36944974,36946224,1250,7741
36946224,36947359,1135,15082
36947359,36947514,155,89898
36947514,36948296,782,7591
36948296,36949419,1123,160593
36949419,36950458,1039,126945
36950458,36950840,382,132592
36950840,36951985,1145,39475
36951985,36953275,1290,37999
36953275,36954505,1230,185074
36954505,36955499,994,105386
36955499,36956758,1259,9010
36956758,36957979,1221,112011
36957979,36959024,1045,170977
36959024,36960272,1248,169291
36960272,36961141,869,71531
36961141,36962316,1175,184447
36962316,36963486,1170,283242
36963486,36963935,449,1150
36963935,36965146,1211,279233
36965146,36965866,720,112057
36965866,36966939,1073,44937
36966939,36968011,1072,139743
36968011,36969260,1249,295710
36969260,36969785,525,293963
36969785,36970961,1176,58433
36970961,36971554,593,164188
36971554,36972730,1176,185126
36972730,36973653,923,144503
36973653,36974890,1237,4447
36974890,36976108,1218,274549
36976108,36977319,1211,178149
36977319,36978372,1053,258960
36978372,36979368,996,20410
36979368,36980420,1052,134830
36980420,36981641,1221,167597
36981641,36982669,1028,121103
36982669,36983856,1187,107520
36983856,36984463,607,43306
36984463,36985605,1142,160602
36985605,36986380,775,19376
36986380,36987218,838,157242
36987218,36988156,938,11547
36988156,36989361,1205,58193
36989361,36990539,1178,76973
36990539,36991745,1206,115046
36991745,36992952,1207,233382
36992952,36993337,385,24731
36993337,36994352,1015,165701
36994352,36994727,375,123190
36994727,36995949,1222,293663
36995949,36997191,1242,2536
36997191,36997384,193,130093
36997384,36998498,1114,126959
36998498,36999618,1120,132891
36999618,37000496,878,76055
37000496,37001530,1034,284445
37001530,37001894,364,170951
37001894,37003222,1328,233382
37003222,37003797,575,163607
37003797,37004986,1189,183239
37004986,37005722,736,254918
37005722,37006707,985,126539
37006707,37007981,1274,138043
37007981,37008852,871,134707
37008852,37010208,1356,1562
37010208,37011308,1100,41172
37011308,37012389,1081,110054
37012389,37013568,1179,161101
37013568,37014740,1172,10089
37014740,37015567,827,295756
37015567,37016702,1135,156230
37016702,37017975,1273,46588
37017975,37019138,1163,138033
37019138,37020263,1125,12971
37020263,37021454,1191,163612
37021454,37022061,607,139358
37022061,37023276,1215,10702
37023276,37024426,1150,133220
37024426,37025193,767,64290
37025193,37026337,1144,64956
37026337,37027512,1175,128309
37027512,37027942,430,163518
37027942,37028783,841,128633
37028783,37029942,1159,106367
37029942,37030861,919,68353
37030861,37031910,1049,156230
37031910,37032728,818,128990
37032728,37033861,1133,36641
37033861,37035196,1335,129594
37035196,37036387,1191,258266
37036387,37037472,1085,136458
37037472,37038484,1012,177641
37038484,37039758,1274,212
37039758,37040762,1004,159230
37040762,37041719,957,6498
37041719,37042798,1079,184266
37042798,37043987,1189,69550
37043987,37045314,1327,93470
37045314,37046487,1173,134991
37046487,37047751,1264,4445
37047751,37048771,1020,53342
37048771,37049920,1149,102526
37049920,37051187,1267,136863
37051187,37052318,1131,148993
37052318,37053209,891,291172
37053209,37054494,1285,160438
37054494,37055405,911,39501
37055405,37056601,1196,135894
37056601,37056850,249,32639
37056850,37057814,964,14929
37057814,37058720,906,132717
37058720,37059720,1000,139356
37059720,37060867,1147,147981
37060867,37062139,1272,139009
37062139,37062522,383,145138
37062522,37063737,1215,131742
37063737,37064171,434,21393
37064171,37065103,932,127731
37065103,37066281,1178,130560
37066281,37067304,1023,283462
37067304,37067751,447,291953
37067751,37068950,1199,147159
37068950,37069851,901,292138
37069851,37070712,861,67592
37070712,37070879,167,86683
37070879,37071956,1077,62347
37071956,37073038,1082,696
37073038,37074191,1153,216570
37074191,37075447,1256,105673
37075447,37076532,1085,118112
37076532,37077064,532,72205
37077064,37078307,1243,137483
37078307,37079275,968,164100
37079275,37080382,1107,124002
37080382,37081595,1213,63105
37081595,37082664,1069,6176
37082664,37083791,1127,258959
37083791,37084942,1151,171107
37084942,37086140,1198,128136
37086140,37087183,1043,76046
37087183,37088464,1281,135826
37088464,37089443,979,65820
37089443,37090670,1227,100043
37090670,37091871,1201,109656
37091871,37093078,1207,134149
37093078,37094186,1108,68358
37094186,37095462,1276,62516
37095462,37096749,1287,25765
37096749,37098004,1255,285173
37098004,37099002,998,122789
37099002,37099472,470,73973
37099472,37100672,1200,173591
37100672,37101569,897,89880
37101569,37102616,1047,134160
37102616,37103905,1289,65772
37103905,37104936,1031,115046
37104936,37105325,389,122627
37105325,37106434,1109,141571
37106434,37107556,1122,141174
37107556,37108767,1211,258250
37108767,37109146,379,28384
37109146,37110283,1137,146437
37110283,37111219,936,153733
37111219,37111707,488,155152
37111707,37112176,469,135891
37112176,37113451,1275,139397
37113451,37114652,1201,132568
37114652,37115862,1210,112761
37115862,37117080,1218,71402
37117080,37118280,1200,75939
37118280,37118781,501,155968
37118781,37119969,1188,138042
37119969,37121230,1261,275212
37121230,37122270,1040,73847
37122270,37122933,663,121127
37122933,37124168,1235,75355
37124168,37124779,611,63101
37124779,37125855,1076,64956
37125855,37126925,1070,130871
37126925,37128088,1163,58192
37128088,37129047,959,104888
37129047,37129734,687,134316
37129734,37130843,1109,276735
37130843,37132017,1174,92805
37132017,37132518,501,163380
37132518,37133724,1206,132484
37133724,37134833,1109,170438
37134833,37136056,1223,123216
37136056,37137293,1237,87280
37137293,37138497,1204,108621
37138497,37139653,1156,132718
37139653,37140890,1237,129597
37140890,37141492,602,126945
37141492,37142541,1049,293529
37142541,37143747,1206,125123
37143747,37145026,1279,96168
37145026,37145892,866,110127
37145892,37147131,1239,139361
37147131,37147873,742,275885
37147873,37149096,1223,119637
37149096,37150074,978,123269
37150074,37151025,951,135020
37151025,37152197,1172,17615
37152197,37153325,1128,122451
37153325,37154224,899,125127
37154224,37155481,1257,105179
37155481,37156085,604,137597
37156085,37157336,1251,70843
37157336,37158514,1178,11734
37158514,37159773,1259,288044
37159773,37160880,1107,87791
37160880,37162017,1137,128329
37162017,37163236,1219,106611
37163236,37164539,1303,12538
37164539,37165599,1060,74477
37165599,37166777,1178,135657
37166777,37167743,966,87997
37167743,37168509,766,276730
37168509,37169036,527,302111
37169036,37170359,1323,67218
37170359,37171549,1190,62347
37171549,37172835,1286,47238
37172835,37173625,790,232691
37173625,37174247,622,117382
37174247,37175548,1301,82020
37175548,37175922,374,132484
37175922,37177120,1198,127597
37177120,37178321,1201,6541
37178321,37179193,872,276730
37179193,37180016,823,11734
37180016,37181212,1196,150855
37181212,37182557,1345,126959
37182557,37183191,634,130101
37183191,37184166,975,129393
37184166,37185336,1170,80665
37185336,37186539,1203,130125
37186539,37187589,1050,276908
37187589,37188038,449,139741
37188038,37189314,1276,50778
37189314,37190465,1151,39910
37190465,37191639,1174,8689
37191639,37192784,1145,8689
37192784,37193924,1140,75355
37193924,37194122,198,156963
37194122,37195253,1131,35926
37195253,37196407,1154,75791
37196407,37197338,931,77778
37197338,37198489,1151,136863
37198489,37199518,1029,156154
37199518,37200570,1052,291101
37200570,37201793,1223,182396
37201793,37202923,1130,18524
37202923,37203876,953,8140
37203876,37204703,827,130876
37204703,37205818,1115,129396
37205818,37207027,1209,121127
37207027,37208226,1199,113273
37208226,37209519,1293,279775
37209519,37210680,1161,66470
37210680,37211482,802,58776
37211482,37212562,1080,139612
37212562,37213845,1283,3582
37213845,37214994,1149,98644
37214994,37216154,1160,66622
37216154,37217263,1109,164327
37217263,37218254,991,36146
37218254,37218969,715,132782
37218969,37219894,925,70919
37219894,37221159,1265,130878
37221159,37222332,1173,131220
37222332,37222728,396,46889
37222728,37223930,1202,141135
37223930,37224488,558,121799
37224488,37225687,1199,395
37225687,37226686,999,134160
37226686,37227766,1080,126961
37227766,37228693,927,133440
37228693,37229905,1212,163527
37229905,37230238,333,15081
37230238,37231422,1184,139361
37231422,37232686,1264,142279
37232686,37233612,926,121331
37233612,37234787,1175,26520
37234787,37235983,1196,131003
37235983,37236905,922,124164
37236905,37238001,1096,291170
37238001,37239264,1263,69422
37239264,37240417,1153,133224
37240417,37241609,1192,139753
37241609,37242823,1214,55856
37242823,37243310,487,138045
37243310,37244385,1075,47030
37244385,37245478,1093,68888
37245478,37246486,1008,2327
37246486,37247718,1232,157242
37247718,37249045,1327,161102
37249045,37249856,811,95441
37249856,37250641,785,6397
37250641,37251072,431,70843
37251072,37251457,385,147159
37251457,37252637,1180,135580
37252637,37253875,1238,121799
37253875,37255127,1252,11512
37255127,37255675,548,141642
37255675,37256901,1226,12895
37256901,37257195,294,6397
37257195,37258287,1092,1732
37258287,37259400,1113,58869
37259400,37260568,1168,156720
37260568,37260875,307,275885
37260875,37262105,1230,282357
37262105,37263080,975,271826
37263080,37263575,495,131203
37263575,37263900,325,129623
37263900,37265152,1252,155968
37265152,37266436,1284,112597
37266436,37267713,1277,64290
37267713,37268644,931,281472
37268644,37269835,1191,285173
37269835,37271106,1271,59288
37271106,37272322,1216,68762
37272322,37272781,459,139355
37272781,37273997,1216,94522
37273997,37275040,1043,172156
37275040,37276080,1040,156015
37276080,37276931,851,127696
37276931,37278073,1142,65554
37278073,37279233,1160,76574
37279233,37280518,1285,101289
37280518,37281737,1219,101580
37281737,37282357,620,135659
37282357,37283574,1217,133424
37283574,37284747,1173,294523
37284747,37285232,485,233382
37285232,37286347,1115,86765
37286347,37287374,1027,137618
37287374,37287587,213,130588
37287587,37288774,1187,130876
37288774,37290090,1316,138866
37290090,37291118,1028,8675
37291118,37292369,1251,135580
37292369,37293592,1223,122443
37293592,37294073,481,122451
37294073,37295114,1041,131722
37295114,37296389,1275,125001
37296389,37297439,1050,127704
37297439,37298678,1239,127518
37298678,37299754,1076,58868
37299754,37300305,551,132782
37300305,37301630,1325,101262
37301630,37302848,1218,88367
37302848,37303497,649,6556
37303497,37304672,1175,5912
37304672,37305895,1223,73972
37305895,37307063,1168,178748
37307063,37308263,1200,139361
37308263,37309470,1207,129623
37309470,37310515,1045,146123
37310515,37310882,367,26895
37310882,37311771,889,132532
37311771,37312934,1163,127522
37312934,37314102,1168,4690
37314102,37315185,1083,86765
37315185,37316411,1226,279239
37316411,37317430,1019,145701
37317430,37318457,1027,296467
37318457,37319756,1299,134425
37319756,37320641,885,88489
37320641,37321699,1058,121543
37321699,37322417,718,18005
37322417,37323540,1123,156968
37323540,37324873,1333,132073
37324873,37325864,991,4733
37325864,37327175,1311,99122
37327175,37328434,1259,124002
37328434,37328627,193,46268
37328627,37328792,165,134707
37328792,37329146,354,122655
37329146,37330049,903,109180
37330049,37330409,360,166423
37330409,37331700,1291,54016
37331700,37332023,323,10347
37332023,37333160,1137,7741
37333160,37333476,316,39616
37333476,37334419,943,123167
37334419,37335140,721,136861
37335140,37336247,1107,121541
37336247,37337437,1190,162129
37337437,37338685,1248,46588
37338685,37338931,246,284428
37338931,37339810,879,152824
37339810,37340915,1105,124368
37340915,37342067,1152,176256
37342067,37343252,1185,723
37343252,37344255,1003,293987
37344255,37344764,509,37092
37344764,37345318,554,153728
37345318,37346583,1265,134420
37346583,37347891,1308,137597
37347891,37349050,1159,186232
37349050,37350210,1160,121148
37350210,37351399,1189,287671
37351399,37351646,247,121722
37351646,37352727,1081,159056
37352727,37353803,1076,108005
37353803,37354063,260,124003
37354063,37355202,1139,12971
37355202,37356412,1210,19376
37356412,37357618,1206,246932
37357618,37358541,923,135762
37358541,37359818,1277,10674
37359818,37361055,1237,144503
37361055,37362204,1149,85685
37362204,37362901,697,127538
37362901,37364145,1244,49755
37364145,37365405,1260,861
37365405,37366461,1056,132821
37366461,37367586,1125,138486
37367586,37368808,1222,208
37368808,37369856,1048,148529
37369856,37370630,774,139730
37370630,37371737,1107,112187
37371737,37373025,1288,138290
37373025,37374278,1253,135894
37374278,37375444,1166,131003
37375444,37376193,749,86026
37376193,37377268,1075,91905
37377268,37378493,1225,258263
37378493,37379550,1057,135033
37379550,37380606,1056,68369
37380606,37381654,1048,366
37381654,37382806,1152,132485
37382806,37383953,1147,126959
37383953,37384993,1040,142750
37384993,37385955,962,84447
37385955,37387202,1247,176263
37387202,37388569,1367,14526
37388569,37389629,1060,102250
37389629,37390044,415,124224
37390044,37391045,1001,26950
37391045,37391411,366,37090
37391411,37392564,1153,76973
37392564,37393756,1192,12723
37393756,37393953,197,681
37393953,37395157,1204,176256
37395157,37396367,1210,54487
37396367,37397188,821,123190
37397188,37397516,328,125140
37397516,37398799,1283,125127
37398799,37399912,1113,171108
37399912,37401130,1218,56837
37401130,37402155,1025,95875
37402155,37403394,1239,127685
37403394,37404608,1214,246932
37404608,37405685,1077,129994
37405685,37406383,698,86679
37406383,37406990,607,167597
37406990,37408171,1181,135659
37408171,37409412,1241,130878
37409412,37410522,1110,4690
37410522,37411623,1101,183988
37411623,37412919,1296,158081
37412919,37413782,863,56174
37413782,37415031,1249,39967
37415031,37416052,1021,12971
37416052,37417246,1194,185074
37417246,37418501,1255,4158
37418501,37419621,1120,40556
37419621,37420287,666,34479
37420287,37421068,781,290901
37421068,37421577,509,102381
37421577,37422796,1219,293663
37422796,37424075,1279,105168
37424075,37425365,1290,291458
37425365,37426551,1186,109174
37426551,37427770,1219,58090
37427770,37428885,1115,140072
37428885,37430092,1207,158074
37430092,37430549,457,141174
37430549,37431595,1046,125883
37431595,37432847,1252,100145
37432847,37433992,1145,14274
37433992,37434846,854,161975
37434846,37435909,1063,48579
37435909,37436993,1084,18524
37436993,37438164,1171,128145
37438164,37438794,630,149033
37438794,37439907,1113,12085
37439907,37441225,1318,133440
37441225,37441460,235,105394
37441460,37442354,894,126965
37442354,37443168,814,212
37443168,37444473,1305,162253
37444473,37445761,1288,122467
37445761,37446895,1134,128309
37446895,37448083,1188,26947
37448083,37449229,1146,40556
37449229,37450348,1119,104637
37450348,37451439,1091,125140
37451439,37452595,1156,137588
37452595,37453739,1144,131704
37453739,37454978,1239,123190
37454978,37455223,245,71550
37455223,37456198,975,159056
37456198,37457292,1094,134176
37457292,37458577,1285,365
37458577,37459812,1235,133471
37459812,37460389,577,60800
37460389,37461483,1094,9210
37461483,37462704,1221,93276
37462704,37463462,758,292253
37463462,37464680,1218,7574
37464680,37464989,309,92002
37464989,37465936,947,293959
37465936,37467034,1098,758
37467034,37468245,1211,90852
37468245,37469477,1232,101262
37469477,37470781,1304,119637
37470781,37471787,1006,75242
37471787,37473058,1271,88748
37473058,37474221,1163,163507
37474221,37475333,1112,132484
37475333,37476567,1234,150855
37476567,37477701,1134,77779
37477701,37478900,1199,59239
37478900,37480131,1231,22178
37480131,37480507,376,162667
37480507,37481740,1233,258986
37481740,37482029,289,158074
37482029,37483279,1250,54016
37483279,37484427,1148,163507
37484427,37484962,535,86710
37484962,37486203,1241,157236
37486203,37487376,1173,177627
37487376,37488538,1162,175448
37488538,37489781,1243,101289
37489781,37490912,1131,126860
37490912,37492111,1199,126945
37492111,37492972,861,163518
37492972,37493917,945,282386
37493917,37495155,1238,134657
37495155,37496357,1202,86683
37496357,37497613,1256,5084
37497613,37498792,1179,696
37498792,37499942,1150,288043
37499942,37501071,1129,90852
37501071,37501306,235,105167
37501306,37502290,984,16632
37502290,37503143,853,136846
37503143,37503378,235,47541
37503378,37504666,1288,283242
37504666,37505141,475,11734
37505141,37505341,200,9342
37505341,37506271,930,108621
37506271,37507481,1210,123216
37507481,37508734,1253,101262
37508734,37508950,216,45204
37508950,37510107,1157,6174
37510107,37511370,1263,140222
37511370,37512367,997,90850
37512367,37513295,928,26685
37513295,37514457,1162,274558
37514457,37515570,1113,121413
37515570,37515872,302,131113
37515872,37517117,1245,121543
37517117,37518225,1108,82904
37518225,37519476,1251,145083
37519476,37520720,1244,157243
37520720,37521216,496,132717
37521216,37521688,472,121130
37521688,37522061,373,30105
37522061,37523293,1232,64291
37523293,37524495,1202,132821
37524495,37525730,1235,131218
37525730,37527048,1318,135227
37527048,37527830,782,96168
37527830,37529077,1247,291953
37529077,37530347,1270,126861
37530347,37531592,1245,69550
37531592,37532715,1123,144135
37532715,37533926,1211,130101
37533926,37534223,297,258266
37534223,37535290,1067,132782
37535290,37536586,1296,14358
37536586,37537666,1080,159386
37537666,37537973,307,29108
37537973,37539245,1272,121766
37539245,37540443,1198,176698
37540443,37541711,1268,10822
37541711,37542909,1198,1070
37542909,37543461,552,54613
37543461,37544629,1168,161100
37544629,37545870,1241,71320
37545870,37547081,1211,121674
37547081,37548268,1187,398
37548268,37549434,1166,165701
37549434,37550528,1094,7884
37550528,37551331,803,88489
37551331,37552401,1070,131882
37552401,37553618,1217,142733
37553618,37554051,433,144496
37554051,37554968,917,30119
37554968,37556163,1195,64713
37556163,37557518,1355,139404
37557518,37557766,248,232057
37557766,37559024,1258,80192
37559024,37560318,1294,6498
37560318,37561287,969,119295
37561287,37562285,998,20028
37562285,37562840,555,15305
37562840,37564053,1213,115046
37564053,37565203,1150,131113
37565203,37566386,1183,101265
37566386,37567116,730,289242
37567116,37568228,1112,123283
37568228,37569427,1199,96168
37569427,37570090,663,130125
37570090,37571321,1231,163380
37571321,37572499,1178,150915
37572499,37573630,1131,296467
37573630,37573987,357,73712
37573987,37574719,732,145733
37574719,37575753,1034,102381
37575753,37576644,891,138047
37576644,37577669,1025,283242
37577669,37578666,997,129011
37578666,37579604,938,87997
37579604,37580751,1147,125127
37580751,37582017,1266,140639
37582017,37582877,860,130553
37582877,37584156,1279,290361
37584156,37584622,466,129443
37584622,37585620,998,287359
37585620,37586643,1023,16802
37586643,37587742,1099,139717
37587742,37588857,1115,110061
37588857,37590096,1239,130505
37590096,37590477,381,39477
37590477,37590630,153,71531
37590630,37591827,1197,149739
37591827,37593002,1175,26950
37593002,37593728,726,125943
37593728,37594887,1159,14526
37594887,37595599,712,78885
37595599,37596746,1147,163380
37596746,37597839,1093,158074
37597839,37599011,1172,94523
37599011,37600205,1194,48361
37600205,37601335,1130,109662
37601335,37602473,1138,139290
37602473,37603459,986,12898
37603459,37604606,1147,10642
37604606,37605848,1242,56837
37605848,37606995,1147,63713
37606995,37608005,1010,71320
37608005,37609310,1305,121068
37609310,37609509,199,163607
37609509,37609864,355,66465
37609864,37611163,1299,136846
37611163,37611671,508,104888
37611671,37612971,1300,129440
37612971,37614090,1119,157830
37614090,37615265,1175,95441
37615265,37616518,1253,126480
37616518,37617532,1014,100043
37617532,37618743,1211,132710
37618743,37619957,1214,174992
37619957,37621126,1169,108640
37621126,37622043,917,130625
37622043,37623207,1164,127525
37623207,37624408,1201,67200
37624408,37625443,1035,86732
37625443,37626603,1160,144485
37626603,37627639,1036,166420
37627639,37628893,1254,185488
37628893,37629992,1099,64292
37629992,37630466,474,163612
37630466,37631751,1285,280380
37631751,37632989,1238,90847
37632989,37634124,1135,135892
37634124,37634758,634,67857
37634758,37635186,428,125945
37635186,37636468,1282,131040
37636468,37636847,379,48032
37636847,37637988,1141,282391
37637988,37638734,746,46889
37638734,37640000,1266,133471
37640000,37641245,1245,121080
37641245,37642364,1119,4447
37642364,37642735,371,160187
37642735,37643664,929,137608
37643664,37644683,1019,285896
37644683,37645813,1130,174511
37645813,37646843,1030,142896
37646843,37648060,1217,291170
37648060,37649069,1009,96672
37649069,37650242,1173,44912
37650242,37651343,1101,287139
37651343,37652500,1157,135635
37652500,37653723,1223,12118
37653723,37654037,314,13247
37654037,37655176,1139,24731
37655176,37656454,1278,275218
37656454,37657593,1139,1119
37657593,37658736,1143,183988
37658736,37660020,1284,101278
37660020,37661044,1024,19371
37661044,37662283,1239,143521
37662283,37663548,1265,139727
37663548,37664585,1037,120280
37664585,37665870,1285,104483
37665870,37666637,767,163505
37666637,37667752,1115,26982
37667752,37668487,735,51162
37668487,37669625,1138,29120
37669625,37670837,1212,293529
37670837,37671965,1128,149738
37671965,37673115,1150,123507
37673115,37673687,572,86765
37673687,37674700,1013,139741
37674700,37675197,497,11734
37675197,37676333,1136,5341
37676333,37676604,271,395
37676604,37677614,1010,277898
37677614,37678175,561,282357
37678175,37679292,1117,101262
37679292,37680495,1203,155948
37680495,37681729,1234,166423
37681729,37682692,963,91072
37682692,37683884,1192,175390
37683884,37684359,475,26947
37684359,37685514,1155,129513
37685514,37686485,971,52088
37686485,37687836,1351,149881
37687836,37688347,511,121140
37688347,37689028,681,156718
37689028,37689809,781,269254
37689809,37690983,1174,124547
37690983,37692218,1235,279153
37692218,37693385,1167,138656
37693385,37693966,581,92427
37693966,37695077,1111,270778
37695077,37695610,533,104606
37695610,37696185,575,135762
37696185,37697168,983,124439
37697168,37698025,857,148521
37698025,37699245,1220,57156
37699245,37700304,1059,166683
37700304,37701299,995,121543
37701299,37701716,417,122627
37701716,37702918,1202,291101
37702918,37703826,908,112012
37703826,37705082,1256,290350
37705082,37706223,1141,131882
37706223,37707235,1012,70843
37707235,37707950,715,4861
37707950,37709123,1173,282985
37709123,37710401,1278,61316
37710401,37711380,979,73075
37711380,37712480,1100,143893
37712480,37713097,617,292253
37713097,37713572,475,142363
37713572,37714587,1015,128138
37714587,37715191,604,140651
37715191,37716309,1118,284268
37716309,37717566,1257,287359
37717566,37718661,1095,18005
37718661,37719872,1211,148920
37719872,37721101,1229,143307
37721101,37722246,1145,46588
37722246,37723449,1203,105383
37723449,37724561,1112,54659
37724561,37725764,1203,155949
37725764,37726909,1145,143022
37726909,37728216,1307,132592
37728216,37729123,907,287660
37729123,37730338,1215,73024
37730338,37731591,1253,139200
37731591,37731995,404,187005
37731995,37733125,1130,365
37733125,37733320,195,145145
37733320,37734538,1218,13185
37734538,37735613,1075,168638
37735613,37736842,1229,171171
37736842,37737737,895,126296
37737737,37738378,641,258283
37738378,37739561,1183,149791
37739561,37740601,1040,291101
37740601,37741369,768,31629
37741369,37742439,1070,85685
37742439,37743633,1194,281131
37743633,37744903,1270,120318
37744903,37746238,1335,66166
37746238,37747327,1089,134425
37747327,37748073,746,245708
37748073,37749015,942,141240
37749015,37750176,1161,84447
37750176,37751328,1152,282383
37751328,37752463,1135,81870
37752463,37753641,1178,37090
37753641,37754575,934,66016
37754575,37755821,1246,40556
37755821,37757030,1209,56777
37757030,37758320,1290,139387
37758320,37759481,1161,68192
37759481,37760455,974,861
37760455,37761611,1156,288043
37761611,37762746,1135,15082
37762746,37763959,1213,5097
37763959,37764138,179,143477
37764138,37765221,1083,291101
37765221,37765696,475,67233
37765696,37766139,443,8675
37766139,37767232,1093,64300
37767232,37768203,971,134717
37768203,37769499,1296,274378
37769499,37770644,1145,171107
37770644,37771959,1315,274380
37771959,37772338,379,143484
37772338,37773465,1127,135897
37773465,37774688,1223,48830
37774688,37775722,1034,143484
37775722,37776885,1163,164927
37776885,37777972,1087,124221
37777972,37779150,1178,121543
37779150,37780179,1029,134786
37780179,37781320,1141,140639
37781320,37782599,1279,134465
37782599,37783572,973,4691
37783572,37784686,1114,156973
37784686,37785936,1250,143477
37785936,37786528,592,122810
37786528,37787700,1172,41259
37787700,37788909,1209,123443
37788909,37789094,185,120280
37789094,37790339,1245,135826
37790339,37790810,471,39749
37790810,37791817,1007,139291
37791817,37792842,1025,122544
37792842,37794031,1189,107487
37794031,37795294,1263,48848
37795294,37796475,1181,130871
37796475,37796816,341,54613
37796816,37798092,1276,132499
37798092,37799339,1247,141791
37799339,37800596,1257,83607
37800596,37801599,1003,220951
37801599,37801778,179,125123
37801778,37802473,695,138290
37802473,37803710,1237,144485
37803710,37804838,1128,296468
37804838,37805936,1098,129324
37805936,37806719,783,135894
37806719,37807793,1074,245708
37807793,37808328,535,54667
37808328,37809577,1249,148522
37809577,37810162,585,161714
37810162,37811101,939,23281
37811101,37812235,1134,57836
37812235,37813363,1128,132782
37813363,37814605,1242,70843
37814605,37815876,1271,149798
37815876,37817151,1275,122810
37817151,37818258,1107,128990
37818258,37819427,1169,26852
37819427,37820044,617,89882
37820044,37821226,1182,127522
37821226,37821816,590,39478
37821816,37823059,1243,244443
37823059,37824298,1239,147963
37824298,37825229,931,135635
37825229,37826414,1185,13256
37826414,37827418,1004,121446
37827418,37828772,1354,139387
37828772,37829970,1198,144485
37829970,37831004,1034,16632
37831004,37831519,515,135033
37831519,37832234,715,9920
37832234,37833084,850,39661
37833084,37834284,1200,294700
37834284,37835079,795,270778
37835079,37836220,1141,123266
37836220,37837152,932,11077
37837152,37838386,1234,144021
37838386,37839143,757,142824
37839143,37840155,1012,154736
37840155,37841178,1023,32139
37841178,37841860,682,289453
37841860,37843124,1264,27593
37843124,37844027,903,99124
37844027,37845220,1193,294700
37845220,37846384,1164,6398
37846384,37847585,1201,274379
37847585,37848420,835,186230
37848420,37849547,1127,130184
37849547,37850619,1072,8912
37850619,37851801,1182,140222
37851801,37853018,1217,5791
37853018,37854196,1178,152842
37854196,37854877,681,145699
37854877,37855606,729,110522
37855606,37856620,1014,131228
37856620,37857783,1163,134657
37857783,37858993,1210,130878
37858993,37860186,1193,154673
37860186,37861361,1175,46267
37861361,37862474,1113,216570
37862474,37863119,645,130494
37863119,37864156,1037,126312
37864156,37865344,1188,108640
37865344,37866527,1183,156015
37866527,37867733,1206,130625
37867733,37869046,1313,143895
37869046,37870181,1135,9010
37870181,37871434,1253,160964
37871434,37871731,297,83606
37871731,37872875,1144,133263
37872875,37873648,773,135897
37873648,37874863,1215,80665
37874863,37875374,511,102612
37875374,37876560,1186,44576
37876560,37877201,641,160187
37877201,37878402,1201,73972
37878402,37879524,1122,18524
37879524,37880716,1192,130544
37880716,37881821,1105,124595
37881821,37882181,360,296465
37882181,37882326,145,7944
37882326,37882973,647,278217
37882973,37883445,472,134121
37883445,37884610,1165,300047
37884610,37885735,1125,157636
37885735,37887021,1286,134728
37887021,37888305,1284,104491
37888305,37889361,1056,233342
37889361,37890499,1138,182389
37890499,37891539,1040,110706
37891539,37892059,520,84122
37892059,37893073,1014,58012
37893073,37894283,1210,244431
37894283,37895561,1278,141148
37895561,37896858,1297,6498
37896858,37897524,666,18004
37897524,37898837,1313,156159
37898837,37899874,1037,50778
37899874,37900783,909,124999
37900783,37901984,1201,114476
37901984,37902770,786,232057
37902770,37903793,1023,138901
37903793,37904214,421,164461
37904214,37905401,1187,138488
37905401,37906273,872,130728
37906273,37907492,1219,123268
37907492,37908681,1189,136863
37908681,37909780,1099,122545
37909780,37910282,502,61316
37910282,37911243,961,92002
37911243,37911600,357,143895
37911600,37912704,1104,4861
37912704,37913723,1019,147110
37913723,37914553,830,32137
37914553,37914776,223,138901
37914776,37916055,1279,112011
37916055,37917104,1049,86710
37917104,37918361,1257,141320
37918361,37919255,894,159228
37919255,37919916,661,39515
37919916,37921087,1171,157243
37921087,37922392,1305,24731
37922392,37923479,1087,75810
37923479,37924730,1251,138901
37924730,37925965,1235,11243
37925965,37927127,1162,135249
37927127,37928428,1301,126221
37928428,37929426,998,279849
37929426,37930250,824,131228
37930250,37931294,1044,126220
37931294,37932553,1259,126313
37932553,37933797,1244,143521
37933797,37935024,1227,115968
37935024,37935548,524,137739
37935548,37936886,1338,121543
37936886,37938133,1247,47239
37938133,37939376,1243,147971
37939376,37940481,1105,49755
37940481,37941718,1237,169291
37941718,37942750,1032,283462
37942750,37943386,636,96672
37943386,37944563,1177,31609
37944563,37945730,1167,112011
37945730,37946773,1043,46243
37946773,37947097,324,142311
37947097,37948312,1215,291107
37948312,37949310,998,92814
37949310,37950067,757,122467
37950067,37951052,985,142858
37951052,37952216,1164,64290
37952216,37953346,1130,186230
37953346,37954628,1282,137618
37954628,37955904,1276,19373
37955904,37956953,1049,136271
37956953,37957704,751,131294
37957704,37958911,1207,71320
37958911,37959130,219,169619
37959130,37960253,1123,125002
37960253,37961429,1176,185126
37961429,37962709,1280,296473
37962709,37963258,549,129443
37963258,37964143,885,142745
37964143,37965405,1262,139707
37965405,37966657,1252,125123
37966657,37967862,1205,37999
37967862,37969168,1306,6498
37969168,37970484,1316,112056
37970484,37971666,1182,64300
37971666,37971882,216,6525
37971882,37972938,1056,126829
37972938,37974121,1183,130625
37974121,37975317,1196,290047
37975317,37976517,1200,185126
37976517,37976700,183,271811
37976700,37977455,755,134981
37977455,37978204,749,44937
37978204,37979305,1101,125943
37979305,37980329,1024,102381
37980329,37981347,1018,132537
37981347,37982296,949,91801
37982296,37983513,1217,95441
37983513,37984569,1056,230928
37984569,37985713,1144,93277
37985713,37986005,292,27504
37986005,37986742,737,112761
37986742,37987937,1195,124990
37987937,37989038,1101,1070
37989038,37990312,1274,176680
37990312,37991555,1243,43306
37991555,37992697,1142,103481
37992697,37993963,1266,296467
37993963,37995110,1147,115686
37995110,37995751,641,163384
37995751,37996903,1152,296473
37996903,37998028,1125,136863
37998028,37999141,1113,118119
37999141,38000220,1079,157644
38000220,38001489,1269,124999
38001489,38002185,696,130125
38002185,38003293,1108,290350
38003293,38003954,661,101836
38003954,38005167,1213,134708
38005167,38006344,1177,224
38006344,38007488,1144,46712
38007488,38008730,1242,122614
38008730,38009694,964,130560
38009694,38010945,1251,395
38010945,38012144,1199,121799
38012144,38013323,1179,126313
38013323,38013650,327,15305
38013650,38014893,1243,56777
38014893,38016104,1211,161100
38016104,38016426,322,72207
38016426,38017749,1323,103126
38017749,38018964,1215,31091
38018964,38020251,1287,15081
38020251,38021424,1173,39478
38021424,38022559,1135,293529
38022559,38023816,1257,12707
38023816,38024984,1168,82020
38024984,38025719,735,149739
38025719,38026984,1265,126286
38026984,38027328,344,139358
38027328,38028450,1122,142727
38028450,38029667,1217,93276
38029667,38030566,899,121140
38030566,38031455,889,61317
38031455,38032437,982,12895
38032437,38033006,569,40544
38033006,38034187,1181,294700
38034187,38035253,1066,295761
38035253,38035672,419,79973
38035672,38036807,1135,156967
38036807,38038146,1339,140725
38038146,38039108,962,10642
38039108,38040373,1265,29101
38040373,38041432,1059,57837
38041432,38042651,1219,7894
38042651,38043898,1247,109176
38043898,38044661,763,395
38044661,38045900,1239,286306
38045900,38046988,1088,87280
38046988,38048062,1074,287671
38048062,38049218,1156,283138
38049218,38050209,991,134707
38050209,38050439,230,284428
38050439,38051564,1125,174960
38051564,38052811,1247,4445
38052811,38053890,1079,122944
38053890,38055087,1197,135227
38055087,38056331,1244,276907
38056331,38056730,399,172156
38056730,38057820,1090,81881
38057820,38058628,808,3582
38058628,38059630,1002,12538
38059630,38060825,1195,134316
38060825,38061914,1089,285137
38061914,38063112,1198,41259
38063112,38064259,1147,112061
38064259,38065366,1107,131218
38065366,38065556,190,132649
38065556,38066068,512,129396
38066068,38066275,207,83696
38066275,38066901,626,157644
38066901,38068014,1113,41170
38068014,38069113,1099,19371
38069113,38070333,1220,139307
38070333,38070779,446,104637
38070779,38071412,633,135657
38071412,38072490,1078,285896
38072490,38073353,863,290901
38073353,38074540,1187,147045
38074540,38075834,1294,100045
38075834,38077044,1210,133834
38077044,38078322,1278,143484
38078322,38079495,1173,270778
38079495,38080528,1033,95875
38080528,38081654,1126,73972
38081654,38082905,1251,128345
38082905,38084016,1111,6397
38084016,38085190,1174,275127
38085190,38085732,542,109179
38085732,38086983,1251,142745
38086983,38088241,1258,170440
38088241,38088859,618,14672
38088859,38090066,1207,76046
38090066,38091117,1051,84448
38091117,38092403,1286,145083
38092403,38093050,647,139009
38093050,38094215,1165,110742
38094215,38095062,847,231862
38095062,38095969,907,132649
38095969,38096220,251,128678
38096220,38097358,1138,398
38097358,38098627,1269,10172
38098627,38099847,1220,152864
38099847,38101065,1218,96168
38101065,38102030,965,155968
38102030,38102730,700,1562
38102730,38103859,1129,120583
38103859,38105083,1224,88748
38105083,38106203,1120,129808
38106203,38107415,1212,126296
38107415,38108348,933,134674
38108348,38109618,1270,89940
38109618,38110292,674,46889
38110292,38110848,556,122544
38110848,38112124,1276,138063
38112124,38112893,769,138043
38112893,38113906,1013,4479
38113906,38114695,789,275128
38114695,38115946,1251,130989
38115946,38117106,1160,129581
38117106,38117662,556,134465
38117662,38118905,1243,220951
38118905,38119994,1089,41911
38119994,38121104,1110,73848
38121104,38122316,1212,149880
38122316,38123574,1258,138063
38123574,38124692,1118,167609
38124692,38125917,1225,128660
38125917,38127063,1146,123059
38127063,38128062,999,132484
38128062,38129329,1267,57156
38129329,38130381,1052,285896
38130381,38131521,1140,41933
38131521,38132049,528,157644
38132049,38133173,1124,138033
38133173,38134102,929,126737
38134102,38135179,1077,122544
38135179,38136416,1237,64713
38136416,38137611,1195,149033
38137611,38138246,635,116804
38138246,38139546,1300,126794
38139546,38140750,1204,276735
38140750,38141274,524,47238
38141274,38142362,1088,141242
38142362,38143606,1244,139612
38143606,38144315,709,128331
38144315,38145596,1281,130103
38145596,38145997,401,139009
38145997,38146432,435,46240
38146432,38147547,1115,86741
38147547,38148886,1339,67147
38148886,38150055,1169,128226
38150055,38151311,1256,234067
38151311,38152297,986,187466
38152297,38153288,991,11533
38153288,38154333,1045,163726
38154333,38155296,963,150855
38155296,38155583,287,106366
38155583,38156824,1241,143022
38156824,38157992,1168,44577
38157992,38159116,1124,65554
38159116,38160336,1220,126410
38160336,38161581,1245,86039
38161581,38162719,1138,132848
38162719,38163846,1127,63713
38163846,38165053,1207,110061
38165053,38166026,973,138115
38166026,38166487,461,296473
38166487,38167133,646,67592
38167133,38168393,1260,178029
38168393,38169639,1246,137141
38169639,38169855,216,122944
38169855,38171099,1244,164328
38171099,38172013,914,41170
38172013,38173045,1032,166421
38173045,38174234,1189,133440
38174234,38175509,1275,135227
38175509,38176375,866,296465
38176375,38177590,1215,141268
38177590,38178743,1153,39475
38178743,38179958,1215,25766
38179958,38180904,946,13056
38180904,38182118,1214,45218
38182118,38183166,1048,13256
38183166,38184170,1004,70756
38184170,38185142,972,159371
38185142,38186044,902,46890
38186044,38187318,1274,170438
38187318,38187680,362,129594
38187680,38188824,1144,86683
38188824,38190038,1214,54613
38190038,38190627,589,291384
38190627,38191340,713,67584
38191340,38192539,1199,365
38192539,38193598,1059,134465
38193598,38194602,1004,148312
38194602,38194769,167,163380
38194769,38195797,1028,163935
38195797,38196702,905,122806
38196702,38197970,1268,132718
38197970,38198673,703,184447
38198673,38199607,934,138289
38199607,38200786,1179,130994
38200786,38202071,1285,122801
38202071,38202713,642,28465
38202713,38203933,1220,134420
38203933,38205088,1155,142752
38205088,38206262,1174,109662
38206262,38207505,1243,143271
38207505,38208606,1101,67147
38208606,38209932,1326,163507
38209932,38210988,1056,122863
38210988,38212205,1217,122614
38212205,38213439,1234,102381
38213439,38214772,1333,31603
38214772,38215998,1226,157243
38215998,38216782,784,41151
38216782,38217898,1116,4731
38217898,38219080,1182,36146
38219080,38220159,1079,142727
38220159,38221419,1260,244431
38221419,38222595,1176,11243
38222595,38223791,1196,116804
38223791,38224791,1000,148522
38224791,38226107,1316,41151
38226107,38227183,1076,26558
38227183,38228369,1186,96241
38228369,38229270,901,132707
38229270,38230502,1232,31091
38230502,38231746,1244,138047
38231746,38232910,1164,10822
38232910,38234012,1102,10642
38234012,38235085,1073,124595
38235085,38236042,957,130486
38236042,38236245,203,130553
38236245,38237525,1280,279849
38237525,38238684,1159,131722
38238684,38239755,1071,34479
38239755,38240818,1063,124587
38240818,38241543,725,165428
38241543,38242630,1087,96672
38242630,38243437,807,125951
38243437,38244707,1270,184265
38244707,38245815,1108,2327
38245815,38247095,1280,220980
38247095,38248128,1033,44912
38248128,38249348,1220,105673
38249348,38250245,897,132848
38250245,38251436,1191,104978
38251436,38251787,351,123025
38251787,38252089,302,275212
38252089,38253350,1261,128345
38253350,38254017,667,110522
38254017,38254974,957,142311
38254974,38256077,1103,110243
38256077,38257224,1147,282926
38257224,38258401,1177,10088
38258401,38258792,391,232691
38258792,38260092,1300,135832
38260092,38261419,1327,160953
38261419,38262668,1249,54487
38262668,38263923,1255,4690
38263923,38264159,236,4687
38264159,38265346,1187,132650
38265346,38266646,1300,212
38266646,38266883,237,132717
38266883,38267084,201,131226
38267084,38268349,1265,700
38268349,38269578,1229,4861
38269578,38270629,1051,135892
38270629,38270812,183,120325
38270812,38271954,1142,164927
38271954,38273029,1075,139307
38273029,38273379,350,163381
38273379,38274115,736,130125
38274115,38275130,1015,14936
38275130,38276406,1276,134425
38276406,38276863,457,124002
38276863,38277987,1124,141279
38277987,38279232,1245,64588
38279232,38280254,1022,274375
38280254,38281633,1379,124990
38281633,38282862,1229,132864
38282862,38284011,1149,127685
38284011,38284494,483,126539
38284494,38285764,1270,81881
38285764,38286807,1043,178029
38286807,38287820,1013,11512
38287820,38289044,1224,84010
38289044,38290223,1179,121760
38290223,38290861,638,86765
38290861,38291121,260,108620
38291121,38292200,1079,58868
38292200,38293317,1117,73972
38293317,38294059,742,72205
38294059,38295048,989,275218
38295048,38296287,1239,147970
38296287,38297550,1263,138047
38297550,38298811,1261,12471
38298811,38300005,1194,132537
38300005,38301131,1126,2777
38301131,38301634,503,135897
38301634,38302850,1216,10642
38302850,38302969,119,47541
38302969,38304223,1254,11546
38304223,38305059,836,86679
38305059,38306321,1262,145701
38306321,38307305,984,14936
38307305,38308348,1043,126410
38308348,38309606,1258,19371
38309606,38310844,1238,163935
38310844,38311964,1120,273050
38311964,38313253,1289,2301
38313253,38314000,747,143307
38314000,38315233,1233,29120
38315233,38316287,1054,132291
38316287,38317152,865,275212
38317152,38318410,1258,167597
38318410,38319473,1063,47541
38319473,38320183,710,140718
38320183,38321065,882,132650
38321065,38321984,919,94526
38321984,38322972,988,132280
38322972,38324216,1244,9203
38324216,38325349,1133,92814
38325349,38325704,355,78193
38325704,38326647,943,61758
38326647,38327747,1100,131276
38327747,38328901,1154,61421
38328901,38330102,1201,124439
38330102,38331230,1128,39749
38331230,38332440,1210,244443
38332440,38333638,1198,110061
38333638,38334815,1177,12332
38334815,38336054,1239,89940
38336054,38337031,977,80189
38337031,38338275,1244,86683
38338275,38339508,1233,14976
38339508,38339812,304,157242
38339812,38340851,1039,19209
38340851,38341883,1032,151817
38341883,38343025,1142,157056
38343025,38343994,969,216567
38343994,38344822,828,276907
38344822,38345287,465,8140
38345287,38346476,1189,121069
38346476,38347723,1247,43322
38347723,38348056,333,127597
38348056,38349297,1241,34501
38349297,38350084,787,148522
38350084,38351184,1100,105171
38351184,38351933,749,681
38351933,38353201,1268,48362
38353201,38354523,1322,43322
38354523,38355656,1133,23281
38355656,38356593,937,291107
38356593,38357882,1289,130549
38357882,38358994,1112,116804
38358994,38360110,1116,129808
38360110,38361340,1230,83607
38361340,38362359,1019,117382
38362359,38363540,1181,166433
38363540,38364598,1058,199
38364598,38365881,1283,95441
38365881,38366730,849,26982
38366730,38367940,1210,185436
38367940,38369026,1086,291107
38369026,38369267,241,101289
38369267,38370521,1254,295445
38370521,38371666,1145,108638
38371666,38372977,1311,130103
38372977,38374204,1227,98877
38374204,38374861,657,132800
38374861,38375964,1103,124526
38375964,38377054,1090,112012
38377054,38378153,1099,123176
38378153,38379312,1159,73295
38379312,38380443,1131,94876
38380443,38381580,1137,123284
38381580,38381825,245,7239
38381825,38382919,1094,105390
38382919,38384114,1195,147110
38384114,38384986,872,153958
38384986,38386091,1105,92805
38386091,38387196,1105,34483
38387196,38388358,1162,696
38388358,38389214,856,112056
38389214,38390307,1093,129805
38390307,38391526,1219,119295
38391526,38392805,1279,129317
38392805,38393948,1143,128632
38393948,38395120,1172,105168
38395120,38395523,403,258954
38395523,38396669,1146,167022
38396669,38397914,1245,258986
38397914,38399028,1114,19214
38399028,38400254,1226,11533
38400254,38401318,1064,273050
38401318,38402674,1356,19361
38402674,38403539,865,170951
38403539,38404774,1235,149880
38404774,38405403,629,79973
38405403,38406638,1235,121024
38406638,38407872,1234,234106
38407872,38409031,1159,129974
38409031,38410262,1231,258954
38410262,38411289,1027,138074
38411289,38412456,1167,68353
38412456,38413553,1097,81870
38413553,38414505,952,11612
38414505,38415536,1031,91906
38415536,38415878,342,85635
38415878,38417045,1167,134728
38417045,38417980,935,133212
38417980,38419307,1327,83633
38419307,38420589,1282,147990
38420589,38421695,1106,208
38421695,38422789,1094,4447
38422789,38423854,1065,129064
38423854,38425123,1269,116804
38425123,38426298,1175,276735
38426298,38427293,995,175448
38427293,38428417,1124,31603
38428417,38429710,1293,123133
38429710,38430889,1179,147962
38430889,38432128,1239,294551
38432128,38433394,1266,114476
38433394,38433990,596,126313
38433990,38435043,1053,166436
38435043,38435701,658,130125
38435701,38436364,663,170950
38436364,38437287,923,129393
38437287,38438402,1115,128761
38438402,38438866,464,121727
38438866,38439965,1099,139730
38439965,38441234,1269,363
38441234,38442449,1215,280380
38442449,38443716,1267,6506
38443716,38444787,1071,153309
38444787,38445868,1081,130625
38445868,38446475,607,109180
38446475,38447639,1164,104491
38447639,38448912,1273,147159
38448912,38449487,575,58192
38449487,38450674,1187,34497
38450674,38451530,856,126232
38451530,38452684,1154,6176
38452684,38453707,1023,230928
38453707,38454915,1208,17615
38454915,38456214,1299,171109
38456214,38456614,400,14274
38456614,38456854,240,134991
38456854,38458129,1275,144503
38458129,38458800,671,56174
38458800,38460050,1250,163612
38460050,38461316,1266,6176
38461316,38462485,1169,149881
38462485,38463734,1249,127691
38463734,38464813,1079,6525
38464813,38466054,1241,246893
38466054,38467273,1219,134465
38467273,38468494,1221,59288
38468494,38469324,830,163402
38469324,38470587,1263,174960
38470587,38471867,1280,47239
38471867,38472331,464,131113
38472331,38473550,1219,106366
38473550,38474485,935,58025
38474485,38475332,847,19366
38475332,38476585,1253,124520
38476585,38477173,588,94523
38477173,38478349,1176,80690
38478349,38478873,524,162667
38478873,38479341,468,158816
38479341,38480644,1303,12707
38480644,38481626,982,138047
38481626,38482869,1243,62516
38482869,38484105,1236,128991
38484105,38484290,185,26685
38484290,38485539,1249,127685
38485539,38486705,1166,86741
38486705,38486992,287,158744
38486992,38487650,658,58776
38487650,38488635,985,155968
38488635,38489794,1159,165701
38489794,38490818,1024,158074
38490818,38492084,1266,174960
38492084,38493167,1083,137597
38493167,38493880,713,276730
38493880,38494933,1053,79973
38494933,38496193,1260,53343
38496193,38496499,306,140931
38496499,38496904,405,138042
38496904,38498206,1302,164188
38498206,38499404,1198,145703
38499404,38499971,567,53320
38499971,38501119,1148,63841
38501119,38502467,1348,32139
38502467,38503702,1235,124547
38503702,38504895,1193,134674
38504895,38506122,1227,135897
38506122,38507380,1258,91098
38507380,38508563,1183,284444
38508563,38509690,1127,22581
38509690,38510169,479,10347
38510169,38511041,872,156159
38511041,38511629,588,157644
38511629,38512715,1086,121541
38512715,38513632,917,164927
38513632,38514781,1149,108638
38514781,38515612,831,11049
38515612,38516896,1284,18005
38516896,38518116,1220,84447
38518116,38519314,1198,40556
38519314,38520089,775,10089
38520089,38520681,592,144019
38520681,38521811,1130,73729
38521811,38522929,1118,53320
38522929,38524139,1210,3587
38524139,38525390,1251,78193
38525390,38526525,1135,91902
38526525,38527758,1233,57837
38527758,38528989,1231,142320
38528989,38530139,1150,295445
38530139,38530820,681,134451
38530820,38531924,1104,12971
38531924,38533197,1273,138043
38533197,38534487,1290,65554
38534487,38535604,1117,64708
38535604,38536399,795,144496
38536399,38537544,1145,268287
38537544,38538641,1097,39971
38538641,38539897,1256,160593
38539897,38540409,512,166423
38540409,38541535,1126,156963
38541535,38542445,910,7574
38542445,38543588,1143,13056
38543588,38543944,356,168638
38543944,38545263,1319,79973
38545263,38545866,603,107487
38545866,38546784,918,121799
38546784,38548009,1225,148920
38548009,38548194,185,70843
38548194,38549386,1192,41172
38549386,38550081,695,39967
38550081,38551115,1034,56175
38551115,38552239,1124,147193
38552239,38553340,1101,112011
38553340,38554538,1198,282383
38554538,38555232,694,76043
38555232,38556445,1213,124520
38556445,38557728,1283,139009
38557728,38558925,1197,130229
38558925,38560245,1320,25765
38560245,38561438,1193,12332
38561438,38562475,1037,288044
38562475,38563678,1203,127595
38563678,38564008,330,185488
38564008,38565091,1083,92934
38565091,38566260,1169,240992
38566260,38566389,129,102240
38566389,38567633,1244,275885
38567633,38568872,1239,10822
38568872,38569941,1069,137588
38569941,38571192,1251,12332
38571192,38572255,1063,135220
38572255,38572636,381,154838
38572636,38572957,321,134465
38572957,38574109,1152,32451
38574109,38574310,201,168500
38574310,38575385,1075,47541
38575385,38575943,558,395
38575943,38576718,775,148312
38576718,38577996,1278,80690
38577996,38579318,1322,46267
38579318,38580215,897,112761
38580215,38581163,948,13364
38581163,38582213,1050,164327
38582213,38583428,1215,121140
38583428,38584436,1008,143485
38584436,38585552,1116,110520
38585552,38586783,1231,55088
38586783,38587970,1187,127685
38587970,38589131,1161,289453
38589131,38590472,1341,6171
38590472,38591409,937,32139
38591409,38592559,1150,142858
38592559,38593761,1202,45204
38593761,38594897,1136,132777
38594897,38595898,1001,130627
38595898,38597137,1239,129443
38597137,38598430,1293,130553
38598430,38599595,1165,157400
38599595,38600157,562,70753
38600157,38600956,799,119253
38600956,38602108,1152,101258
38602108,38603326,1218,40556
38603326,38604405,1079,139009
38604405,38605628,1223,125140
38605628,38606366,738,98877
38606366,38606933,567,104491
38606933,38608046,1113,167597
38608046,38608740,694,164100
38608740,38610040,1300,69411
38610040,38611161,1121,37999
38611161,38611435,274,98645
38611435,38612242,807,288043
38612242,38613441,1199,276735
38613441,38614634,1193,123025
38614634,38615902,1268,92820
38615902,38617092,1190,53342
38617092,38618250,1158,106800
38618250,38618961,711,26956
38618961,38620053,1092,696
38620053,38621186,1133,138290
38621186,38622348,1162,139753
38622348,38623527,1179,87766
38623527,38624240,713,142358
38624240,38625437,1197,72876
38625437,38626543,1106,1731
38626543,38627784,1241,140639
38627784,38628183,399,123269
38628183,38629152,969,80189
38629152,38629428,276,163381
38629428,38630710,1282,72311
38630710,38631936,1226,7793
38631936,38632582,646,129393
38632582,38632988,406,48032
38632988,38634307,1319,185466
38634307,38635434,1127,288044
38635434,38636441,1007,53458
38636441,38637466,1025,8675
38637466,38638418,952,157066
38638418,38639600,1182,101276
38639600,38640625,1025,57154
38640625,38641938,1313,129324
38641938,38643136,1198,129623
38643136,38644267,1131,83606
38644267,38645576,1309,156224
38645576,38646380,804,134657
38646380,38647489,1109,130878
38647489,38648820,1331,3966
38648820,38649938,1118,100431
38649938,38650717,779,124164
38650717,38651902,1185,290365
38651902,38653053,1151,296395
38653053,38653500,447,723
38653500,38654739,1239,143893
38654739,38655718,979,102239
38655718,38657033,1315,268287
38657033,38658248,1215,64956
38658248,38659098,850,160593
38659098,38660341,1243,73958
38660341,38661597,1256,143485
38661597,38662821,1224,160952
38662821,38663137,316,111754
38663137,38664140,1003,13256
38664140,38665303,1163,9919
38665303,38666586,1283,126232
38666586,38667527,941,138888
38667527,38668690,1163,39971
38668690,38669989,1299,67218
38669989,38671160,1171,68770
38671160,38672136,976,258959
38672136,38673267,1131,10328
38673267,38674444,1177,85685
38674444,38675021,577,137597
38675021,38675748,727,55088
38675748,38676238,490,121899
38676238,38677480,1242,301693
38677480,38678596,1116,157242
38678596,38679693,1097,126296
38679693,38680837,1144,279849
38680837,38682118,1281,285314
38682118,38683359,1241,2503
38683359,38684386,1027,134785
38684386,38685315,929,106369
38685315,38686565,1250,291172
38686565,38687897,1332,121398
38687897,38688973,1076,156017
38688973,38689229,256,271826
38689229,38690317,1088,160952
38690317,38691442,1125,15082
38691442,38691996,554,166683
38691996,38693135,1139,6175
38693135,38693669,534,54006
38693669,38694931,1262,57836
38694931,38695970,1039,143485
38695970,38697119,1149,128138
38697119,38698351,1232,69412
38698351,38699628,1277,76574
38699628,38700663,1035,147968
38700663,38701622,959,126739
38701622,38702832,1210,32451
38702832,38704077,1245,282385
38704077,38705356,1279,107480
38705356,38705755,399,10327
38705755,38707012,1257,105002
38707012,38707329,317,156981
38707329,38708291,962,157236
38708291,38709611,1320,22581
38709611,38709832,221,117382
38709832,38710871,1039,184447
38710871,38712038,1167,66622
38712038,38713075,1037,6525
38713075,38714366,1291,129324
38714366,38715587,1221,39761
38715587,38715804,217,132891
38715804,38717001,1197,73846
38717001,38718178,1177,132850
38718178,38719420,1242,274558
38719420,38720613,1193,130548
38720613,38721690,1077,275127
38721690,38723047,1357,55088
38723047,38724322,1275,1539
38724322,38725107,785,16020
38725107,38725871,764,302000
38725871,38726958,1087,63713
38726958,38728123,1165,132717
38728123,38729308,1185,146437
38729308,38730557,1249,148521
38730557,38731683,1126,141642
38731683,38732922,1239,82020
38732922,38734195,1273,138486
38734195,38735355,1160,143893
38735355,38736270,915,12898
38736270,38737238,968,39967
38737238,38738527,1289,287660
38738527,38739592,1065,141174
38739592,38740887,1295,142279
38740887,38741230,343,176263
38741230,38741772,542,10172
38741772,38742613,841,142858
38742613,38743815,1202,28462
38743815,38744942,1127,87508
38744942,38746113,1171,105167
38746113,38746516,403,178030
38746516,38747741,1225,105171
38747741,38748923,1182,36146
38748923,38749651,728,87508
38749651,38750653,1002,130486
38750653,38751047,394,112058
38751047,38752266,1219,108621
38752266,38753240,974,45204
38753240,38753534,294,123266
38753534,38754848,1314,105398
38754848,38755894,1046,48525
38755894,38757095,1201,26853
38757095,38757776,681,35921
38757776,38758905,1129,86683
38758905,38759709,804,138047
38759709,38760986,1277,5417
38760986,38762153,1167,173591
38762153,38763448,1295,86741
38763448,38764644,1196,146437
38764644,38765802,1158,91905
38765802,38766684,882,54487
38766684,38767402,718,291381
38767402,38768535,1133,245708
38768535,38769734,1199,85635
38769734,38770930,1196,300208
38770930,38772169,1239,127595
38772169,38773368,1199,122789
38773368,38774048,680,10327
38774048,38775248,1200,295761
38775248,38776416,1168,53342
38776416,38777064,648,122627
38777064,38778071,1007,167597
38778071,38779150,1079,37090
38779150,38780142,992,121799
38780142,38780888,746,122828
38780888,38782155,1267,284269
38782155,38783299,1144,12898
38783299,38784404,1105,135891
38784404,38785549,1145,231837
38785549,38786510,961,258960
38786510,38787584,1074,135832
38787584,38788900,1316,4479
38788900,38789445,545,1731
38789445,38790523,1078,41151
38790523,38791708,1185,125945
38791708,38792632,924,67592
38792632,38793833,1201,135826
38793833,38794461,628,150855
38794461,38794966,505,231834
38794966,38796185,1219,7793
38796185,38797299,1114,137627
38797299,38798561,1262,125118
38798561,38799700,1139,121148
38799700,38800083,383,137483
38800083,38801274,1191,8592
38801274,38802511,1237,77778
38802511,38803760,1249,282386
38803760,38805073,1313,99124
38805073,38806402,1329,76046
38806402,38807681,1279,59268
38807681,38808558,877,67860
38808558,38808893,335,15446
38808893,38810137,1244,293987
38810137,38811276,1139,252342
38811276,38811683,407,140654
38811683,38812912,1229,135832
38812912,38814093,1181,127597
38814093,38815310,1217,24731
38815310,38816442,1132,135033
38816442,38817055,613,148521
38817055,38818170,1115,6524
38818170,38818502,332,147970
38818502,38819757,1255,145138
38819757,38820924,1167,20410
38820924,38822091,1167,94876
38822091,38823011,920,94876
38823011,38824211,1200,141571
38824211,38825308,1097,132484
38825308,38826234,926,63105
38826234,38827439,1205,5704
38827439,38828712,1273,44582
38828712,38829302,590,109507
38829302,38830384,1082,140222
38830384,38830745,361,25563
38830745,38831924,1179,121541
38831924,38832933,1009,87280
38832933,38834119,1186,126209
38834119,38834624,505,82904
38834624,38835814,1190,129659
38835814,38836645,831,85685
38836645,38837898,1253,10089
38837898,38838577,679,54006
38838577,38839036,459,13269
38839036,38840084,1048,285135
38840084,38840845,761,96498
38840845,38842021,1176,156757
38842021,38842928,907,167023
38842928,38844222,1294,121064
38844222,38845347,1125,182396
38845347,38846567,1220,15082
38846567,38847903,1336,96168
38847903,38848858,955,131732
38848858,38850045,1187,128331
38850045,38851265,1220,295446
38851265,38852377,1112,58868
38852377,38853523,1146,19376
38853523,38854585,1062,166683
38854585,38855164,579,130093
38855164,38856410,1246,126860
38856410,38857653,1243,301693
38857653,38858682,1029,103126
38858682,38859769,1087,8157
38859769,38861018,1249,32658
38861018,38861419,401,128633
38861419,38862366,947,102381
38862366,38863533,1167,132280
38863533,38864720,1187,58869
38864720,38865715,995,65534
38865715,38866945,1230,14672
38866945,38868167,1222,14674
38868167,38869419,1252,58763
38869419,38870537,1118,152224
38870537,38871551,1014,141174
38871551,38872256,705,6171
38872256,38873481,1225,293663
38873481,38874734,1253,115687
38874734,38875985,1251,109662
38875985,38877132,1147,135022
38877132,38878244,1112,101262
38878244,38879391,1147,171171
38879391,38880096,705,258262
38880096,38881253,1157,127703
38881253,38882320,1067,152842
38882320,38883462,1142,294113
38883462,38884597,1135,133224
38884597,38885434,837,135657
38885434,38886626,1192,128240
38886626,38887958,1332,130225
38887958,38888318,360,26559
38888318,38889475,1157,93276
38889475,38890792,1317,130105
38890792,38891867,1075,163402
38891867,38893054,1187,134708
38893054,38894289,1235,132069
38894289,38895463,1174,10088
38895463,38896743,1280,178028
38896743,38897917,1174,278289
38897917,38899112,1195,296467
38899112,38900385,1273,2772
38900385,38900642,257,131226
38900642,38901784,1142,178030
38901784,38902656,872,149880
38902656,38903003,347,132848
38903003,38903886,883,121392
38903886,38904977,1091,162129
38904977,38906261,1284,291608
38906261,38907523,1262,123443
38907523,38908724,1201,137588
38908724,38909588,864,233366
38909588,38910484,896,286306
38910484,38911774,1290,160952
38911774,38912377,603,169293
38912377,38913476,1099,89735
38913476,38914047,571,139308
38914047,38915152,1105,170982
38915152,38916321,1169,108621
38916321,38917327,1006,291101
38917327,38918356,1029,170212
38918356,38919511,1155,86804
38919511,38920564,1053,128761
38920564,38921473,909,123866
38921473,38922275,802,82458
38922275,38923499,1224,170956
38923499,38924684,1185,166436
38924684,38925839,1155,147962
38925839,38927074,1235,134816
38927074,38928235,1161,88489
38928235,38929493,1258,291168
38929493,38930309,816,12715
38930309,38931302,993,66016
38931302,38932513,1211,138074
38932513,38933742,1229,163606
38933742,38935060,1318,46588
38935060,38936301,1241,125123
38936301,38937506,1205,171134
38937506,38938645,1139,5764
38938645,38939785,1140,140222
38939785,38941052,1267,130103
38941052,38941641,589,1150
38941641,38942945,1304,14497
38942945,38943967,1022,34572
38943967,38944342,375,123025
38944342,38945238,896,88761
38945238,38946321,1083,5704
38946321,38947494,1173,12538
38947494,38948688,1194,163612
38948688,38949785,1097,105168
38949785,38951025,1240,132821
38951025,38952123,1098,161166
38952123,38953015,892,129066
38953015,38954301,1286,123998
38954301,38954534,233,142752
38954534,38955492,958,254948
38955492,38956207,715,136483
38956207,38957199,992,86804
38957199,38958400,1201,395
38958400,38959579,1179,181961
38959579,38959923,344,279153
38959923,38960963,1040,5341
38960963,38962264,1301,132650
38962264,38963221,957,147963
38963221,38964356,1135,131203
38964356,38965444,1088,134148
38965444,38966373,929,10347
38966373,38967492,1119,287358
38967492,38968678,1186,130974
38968678,38969942,1264,107517
38969942,38971255,1313,121024
38971255,38972460,1205,147962
38972460,38973565,1105,159386
38973565,38973756,191,36386
38973756,38974989,1233,133630
38974989,38976083,1094,155152
38976083,38977392,1309,138656
38977392,38978065,673,160593
38978065,38978748,683,10701
38978748,38979802,1054,155521
38979802,38981066,1264,129443
38981066,38982159,1093,10089
38982159,38983342,1183,108066
38983342,38984609,1267,131228
38984609,38985662,1053,39971
38985662,38986390,728,135216
38986390,38987590,1200,121902
38987590,38987854,264,73973
38987854,38989013,1159,83607
38989013,38989881,868,12971
38989881,38990749,868,130103
38990749,38991866,1117,117382
38991866,38992846,980,90852
38992846,38994073,1227,294523
38994073,38995215,1142,23311
38995215,38996384,1169,166421
38996384,38997556,1172,158081
38997556,38998877,1321,284434
38998877,38999127,250,216570
38999127,39000391,1264,101265
39000391,39000698,307,142752
39000698,39001811,1113,130625
39001811,39002994,1183,140639
39002994,39004054,1060,54659
39004054,39005066,1012,126739
39005066,39005380,314,158744
39005380,39006363,983,122451
39006363,39007661,1298,132299
39007661,39008281,620,57831
39008281,39009390,1109,12332
39009390,39010449,1059,130974
39010449,39011577,1128,157644
39011577,39012927,1350,279775
39012927,39013176,249,63713
39013176,39014479,1303,70756
39014479,39014977,498,10347
39014977,39016245,1268,87280
39016245,39016663,418,149738
39016663,39017018,355,282385
39017018,39018235,1217,9321
39018235,39018582,347,82558
39018582,39019753,1171,157400
39019753,39020952,1199,147159
39020952,39022098,1146,64075
39022098,39022679,581,144496
39022679,39023702,1023,130516
39023702,39024903,1201,64956
39024903,39026158,1255,7793
39026158,39027369,1211,147970
39027369,39028600,1231,87791
39028600,39029817,1217,296467
39029817,39030869,1052,1129
39030869,39031426,557,129659
39031426,39032613,1187,129583
39032613,39033272,659,240992
39033272,39034386,1114,104606
39034386,39035485,1099,58843
39035485,39036646,1161,154671
39036646,39037945,1299,14497
39037945,39039172,1227,152831
39039172,39040254,1082,134728
39040254,39041219,965,167609
39041219,39041321,102,6541
39041321,39042221,900,115686
39042221,39043390,1169,258993
39043390,39043949,559,122545
39043949,39045138,1189,61316
39045138,39046242,1104,7943
39046242,39047351,1109,123506
39047351,39048377,1026,168500
39048377,39049644,1267,56574
39049644,39050370,726,72212
39050370,39051617,1247,5083
39051617,39052800,1183,269254
39052800,39054003,1203,134592
39054003,39054243,240,137614
39054243,39055472,1229,48831
39055472,39056044,572,129623
39056044,39057342,1298,136983
39057342,39058242,900,101265
39058242,39058717,475,66176
39058717,39059892,1175,54487
39059892,39060231,339,134825
39060231,39061545,1314,143521
39061545,39062709,1164,291953
39062709,39063924,1215,47032
39063924,39065053,1129,144986
39065053,39066276,1223,138047
39066276,39067503,1227,131732
39067503,39068661,1158,93470
39068661,39069105,444,86741
39069105,39070347,1242,184266
39070347,39071601,1254,109174
39071601,39072512,911,11077
39072512,39073815,1303,168626
39073815,39074818,1003,133220
39074818,39075978,1160,77361
39075978,39076801,823,290365
39076801,39077249,448,39481
39077249,39077896,647,285135
39077896,39079172,1276,96241
39079172,39080294,1122,142858
39080294,39081450,1156,47541
39081450,39082305,855,26987
39082305,39082518,213,107479
39082518,39083467,949,245691
39083467,39084498,1031,59268
39084498,39085703,1205,19376
39085703,39086846,1143,28247
39086846,39088039,1193,101289
39088039,39088451,412,258262
39088451,39089665,1214,73296
39089665,39090279,614,133424
39090279,39091341,1062,141148
39091341,39091945,604,7793
39091945,39093107,1162,161166
39093107,39094368,1261,63839
39094368,39095631,1263,295759
39095631,39096892,1261,86683
39096892,39098085,1193,115686
39098085,39099279,1194,166433
39099279,39100532,1253,80690
39100532,39101512,980,140656
39101512,39102452,940,93277
39102452,39103547,1095,171133
39103547,39104661,1114,723
39104661,39105529,868,109662
39105529,39106698,1169,86741
39106698,39107107,409,129623
39107107,39108246,1139,92934
39108246,39109379,1133,149880
39109379,39110136,757,106611
39110136,39111057,921,148521
39111057,39112302,1245,91801
39112302,39112511,209,144496
39112511,39113170,659,155520
39113170,39114521,1351,104888
39114521,39114830,309,176682
39114830,39115274,444,129440
39115274,39116440,1166,12971
39116440,39117335,895,124990
39117335,39118499,1164,69550
39118499,39119494,995,96241
39119494,39120721,1227,138074
39120721,39121119,398,216570
39121119,39121625,506,129396
39121625,39122822,1197,155968
39122822,39123883,1061,64300
39123883,39125022,1139,95441
39125022,39126251,1229,126220
39126251,39127290,1039,147110
39127290,39128538,1248,86710
39128538,39129123,585,106800
39129123,39129606,483,143477
39129606,39130285,679,162239
39130285,39131500,1215,158816
39131500,39132110,610,149245
39132110,39133135,1025,295197
39133135,39134086,951,167023
39134086,39135417,1331,23311
39135417,39136442,1025,293168
39136442,39137287,845,107486
39137287,39138228,941,14677
39138228,39139361,1133,121799
39139361,39140710,1349,138617
39140710,39141587,877,50777
39141587,39142738,1151,171133
39142738,39143368,630,61777
39143368,39143762,394,126233
39143762,39144733,971,80534
39144733,39145082,349,139325
39145082,39146336,1254,12971
39146336,39146769,433,129790
39146769,39147850,1081,170212
39147850,39148713,863,10172
39148713,39149810,1097,137628
39149810,39151059,1249,245687
39151059,39152323,1264,133211
39152323,39153593,1270,145742
39153593,39154664,1071,19361
39154664,39155029,365,90847
39155029,39156179,1150,124526
39156179,39157412,1233,115686
39157412,39158525,1113,135894
39158525,39159725,1200,32639
39159725,39160838,1113,295756
39160838,39162098,1260,143005
39162098,39163343,1245,129597
39163343,39163773,430,129388
39163773,39164778,1005,101283
39164778,39166007,1229,5416
39166007,39167253,1246,126319
39167253,39167620,367,130101
39167620,39168049,429,287359
39168049,39169075,1026,290351
39169075,39170305,1230,10172
39170305,39171042,737,15082
39171042,39171679,637,142358
39171679,39172352,673,135897
39172352,39173456,1104,107520
39173456,39174477,1021,164328
39174477,39175799,1322,139307
39175799,39177007,1208,131226
39177007,39177659,652,5084
39177659,39178896,1237,246932
39178896,39179847,951,130878
39179847,39180404,557,7622
39180404,39181554,1150,109176
39181554,39181907,353,140725
39181907,39182974,1067,139200
39182974,39183475,501,123270
39183475,39184551,1076,130533
39184551,39185468,917,107480
39185468,39186523,1055,127537
39186523,39187554,1031,41259
39187554,39188198,644,126961
39188198,39188635,437,8927
39188635,39189109,474,140041
39189109,39190397,1288,45218
39190397,39191530,1133,76043
39191530,39192664,1134,88089
39192664,39194002,1338,4275
39194002,39194662,660,292253
39194662,39195915,1253,294113
39195915,39197110,1195,84349
39197110,39198313,1203,126233
39198313,39199594,1281,109174
39199594,39200857,1263,125943
39200857,39202091,1234,100145
39202091,39203172,1081,133225
39203172,39204365,1193,14936
39204365,39204832,467,41610
39204832,39205914,1082,1539
39205914,39207102,1188,131887
39207102,39208157,1055,21393
39208157,39208877,720,258263
39208877,39209201,324,127595
39209201,39210361,1160,140639
39210361,39211637,1276,26982
39211637,39212947,1310,134451
39212947,39213660,713,18005
39213660,39214836,1176,123268
39214836,39216029,1193,10822
39216029,39217173,1144,73958
39217173,39218220,1047,292252
39218220,39219327,1107,104398
39219327,39220202,875,122544
39220202,39221307,1105,70998
39221307,39222188,881,254949
39222188,39223249,1061,121799
39223249,39224200,951,91072
39224200,39225218,1018,154838
39225218,39225863,645,176278
39225863,39227144,1281,141644
39227144,39228343,1199,34572
39228343,39229276,933,176270
39229276,39230225,949,10702
39230225,39231472,1247,75242
39231472,39232075,603,6541
39232075,39232979,904,11079
39232979,39233905,926,135762
39233905,39235096,1191,5083
39235096,39236248,1152,279233
39236248,39237516,1268,90852
39237516,39238722,1206,63105
39238722,39239851,1129,121130
39239851,39240904,1053,133227
39240904,39242073,1169,171138
39242073,39243184,1111,162130
39243184,39244466,1282,133393
39244466,39245220,754,168204
39245220,39246440,1220,104394
39246440,39247511,1071,34478
39247511,39247703,192,164100
39247703,39248842,1139,276908
39248842,39250075,1233,163384
39250075,39251256,1181,131899
39251256,39252404,1148,258250
39252404,39253653,1249,132601
39253653,39254643,990,127704
39254643,39255222,579,134786
39255222,39255923,701,177641
39255923,39256991,1068,145699
39256991,39257674,683,13364
39257674,39258470,796,19585
39258470,39259571,1101,134707
39259571,39260321,750,132777
39260321,39261333,1012,291718
39261333,39261996,663,274379
39261996,39262973,977,164328
39262973,39264292,1319,75807
39264292,39265102,810,131732
39265102,39266111,1009,154284
39266111,39267472,1361,34478
39267472,39268677,1205,40556
39268677,39269805,1128,125140
39269805,39270246,441,1150
39270246,39271473,1227,132299
39271473,39272720,1247,133424
39272720,39272929,209,105390
39272929,39274086,1157,12707
39274086,39275164,1078,110243
39275164,39276509,1345,149735
39276509,39276942,433,139356
39276942,39278177,1235,125951
39278177,39278922,745,14674
39278922,39280122,1200,62850
39280122,39280621,499,136458
39280621,39280996,375,184264
39280996,39281878,882,89898
39281878,39282893,1015,4136
39282893,39283941,1048,92814
39283941,39285196,1255,14976
39285196,39286252,1056,366
39286252,39287418,1166,151776
39287418,39288172,754,46889
39288172,39289217,1045,262269
39289217,39290162,945,68359
39290162,39291361,1199,155968
39291361,39292572,1211,126539
39292572,39293021,449,284444
39293021,39293809,788,61316
39293809,39294415,606,122876
39294415,39295561,1146,137770
39295561,39296756,1195,76044
39296756,39297992,1236,285135
39297992,39299102,1110,262305
39299102,39300342,1240,134660
39300342,39300807,465,53343
39300807,39301796,989,124520
39301796,39302669,873,19373
39302669,39303912,1243,81843
39303912,39305129,1217,135221
39305129,39306061,932,126480
39306061,39306688,627,101892
39306688,39306935,247,176683
39306935,39307317,382,187464
39307317,39308034,717,134804
39308034,39309006,972,107486
39309006,39309974,968,271817
39309974,39311225,1251,134465
39311225,39311579,354,176660
39311579,39312131,552,143625
39312131,39313203,1072,103126
39313203,39314442,1239,279153
39314442,39315736,1294,126739
39315736,39316943,1207,130627
39316943,39318078,1135,134312
39318078,39319039,961,233382
39319039,39320248,1209,46240
39320248,39321278,1030,140725
39321278,39322527,1249,138074
39322527,39323179,652,97610
39323179,39323633,454,125128
39323633,39324735,1102,22179
39324735,39325879,1144,6397
39325879,39326948,1069,91801
39326948,39328175,1227,47541
39328175,39329023,848,124164
39329023,39330241,1218,135221
39330241,39330436,195,157236
39330436,39331675,1239,132300
39331675,39332787,1112,150127
39332787,39333960,1173,147045
39333960,39335174,1214,681
39335174,39336115,941,121543
39336115,39337322,1207,21393
39337322,39338449,1127,126965
39338449,39339606,1157,246893
39339606,39340579,973,283138
39340579,39341799,1220,14936
39341799,39342426,627,178028
39342426,39343637,1211,4275
39343637,39344716,1079,105405
39344716,39345932,1216,105171
39345932,39347187,1255,271817
39347187,39348465,1278,295710
39348465,39349704,1239,10172
39349704,39350867,1163,171133
39350867,39351920,1053,133393
39351920,39353040,1120,157644
39353040,39354217,1177,175448
39354217,39355461,1244,144999
39355461,39356009,548,122944
39356009,39357150,1141,132530
39357150,39357759,609,5764
39357759,39358904,1145,130728
39358904,39360249,1345,106800
39360249,39361090,841,15446
39361090,39362347,1257,141148
39362347,39363407,1060,48032
39363407,39363999,592,125123
39363999,39365136,1137,5417
39365136,39366421,1285,132649
39366421,39367766,1345,26685
39367766,39368927,1161,395
39368927,39369798,871,19376
39369798,39370384,586,168626
39370384,39370829,445,176263
39370829,39371996,1167,148993
39371996,39373284,1288,283462
39373284,39374489,1205,252342
39374489,39375376,887,19376
39375376,39376583,1207,158081
39376583,39377839,1256,271811
39377839,39378976,1137,31609
39378976,39380175,1199,185488
39380175,39381398,1223,129066
39381398,39382562,1164,54487
39382562,39383738,1176,29101
39383738,39385029,1291,138115
39385029,39386218,1189,152842
39386218,39387365,1147,157242
39387365,39388487,1122,119253
39388487,39389837,1350,134148
39389837,39391081,1244,135824
39391081,39392134,1053,147627
39392134,39393461,1327,147963
39393461,39394654,1193,94522
39394654,39394885,231,78193
39394885,39396169,1284,123135
39396169,39396916,747,133424
39396916,39398111,1195,274549
39398111,39399348,1237,11079
39399348,39400679,1331,7793
39400679,39401844,1165,1189
39401844,39402807,963,3967
39402807,39404064,1257,126826
39404064,39405305,1241,126829
39405305,39406206,901,168497
39406206,39407532,1326,86741
39407532,39408699,1167,131882
39408699,39409877,1178,107520
39409877,39410629,752,162238
39410629,39410994,365,48848
39410994,39412187,1193,130625
39412187,39413071,884,129064
39413071,39413321,250,15304
39413321,39414598,1277,149739
39414598,39415773,1175,86588
39415773,39417031,1258,240992
39417031,39418262,1231,156230
39418262,39419499,1237,281131
39419499,39420646,1147,91072
39420646,39421849,1203,170982
39421849,39422310,461,150915
39422310,39423583,1273,130876
39423583,39424792,1209,277898
39424792,39425965,1173,67218
39425965,39427173,1208,157236
39427173,39428322,1149,83706
39428322,39429536,1214,12895
39429536,39430717,1181,271811
39430717,39431832,1115,11243
39431832,39432935,1103,24515
39432935,39434166,1231,14274
39434166,39435033,867,126410
39435033,39436191,1158,258283
39436191,39437312,1121,12332
39437312,39438552,1240,300234
39438552,39439725,1173,101864
39439725,39439976,251,47237
39439976,39440289,313,44577
39440289,39440550,261,143262
39440550,39441795,1245,134149
39441795,39442352,557,117095
39442352,39443113,761,185466
39443113,39444197,1084,163518
39444197,39445018,821,32135
39445018,39446195,1177,48848
39446195,39447343,1148,146346
39447343,39448438,1095,285314
39448438,39449456,1018,37090
39449456,39450415,959,10701
39450415,39451546,1131,126861
39451546,39452174,628,143948
39452174,39453336,1162,287359
39453336,39454205,869,86026
39454205,39455226,1021,31629
39455226,39456444,1218,160964
39456444,39457624,1180,10160
39457624,39458633,1009,142744
39458633,39459702,1069,275127
39459702,39460176,474,122544
39460176,39461364,1188,170452
39461364,39462507,1143,19361
39462507,39463571,1064,142896
39463571,39464086,515,121671
39464086,39465389,1303,143307
39465389,39466605,1216,71405
39466605,39467446,841,169293
39467446,39468736,1290,63885
39468736,39470047,1311,363
39470047,39471272,1225,132592
39471272,39472287,1015,163527
39472287,39473517,1230,64713
39473517,39474135,618,15304
39474135,39475212,1077,143484
39475212,39476454,1242,157263
39476454,39477644,1190,86804
39477644,39478787,1143,123059
39478787,39479673,886,137483
39479673,39480811,1138,362
39480811,39481765,954,132800
39481765,39482891,1126,176660
39482891,39483739,848,126832
39483739,39484492,753,124221
39484492,39485758,1266,184447
39485758,39485977,219,80665
39485977,39487113,1136,138115
39487113,39488356,1243,174511
39488356,39489457,1101,128990
39489457,39490738,1281,19376
39490738,39491385,647,123059
39491385,39492086,701,220951
39492086,39492485,399,142858
39492485,39493764,1279,73957
39493764,39494625,861,20028
39494625,39495688,1063,157243
39495688,39496860,1172,145703
39496860,39497441,581,148529
39497441,39498571,1130,106969
39498571,39499730,1159,142318
39499730,39500779,1049,130544
39500779,39502010,1231,139710
39502010,39502764,754,92812
39502764,39502977,213,130993
39502977,39504131,1154,139753
39504131,39504418,287,187464
39504418,39505441,1023,295710
39505441,39506545,1104,73073
39506545,39507848,1303,178449
39507848,39508167,319,89390
39508167,39509316,1149,143321
39509316,39510585,1269,54487
39510585,39510892,307,162253
39510892,39512146,1254,119253
39512146,39513404,1258,152224
39513404,39514284,880,72311
39514284,39515385,1101,101265
39515385,39516595,1210,22581
39516595,39517894,1299,17615
39517894,39518599,705,41151
39518599,39519066,467,129623
39519066,39520325,1259,125883
39520325,39521565,1240,143262
39521565,39521765,200,58845
39521765,39522299,534,122810
39522299,39523317,1018,121079
39523317,39524194,877,109658
39524194,39525345,1151,123190
39525345,39526481,1136,127936
39526481,39527737,1256,154284
39527737,39528937,1200,101883
39528937,39529682,745,130125
39529682,39530311,629,107480
39530311,39531139,828,39515
39531139,39532027,888,14677
39532027,39532421,394,92427
39532421,39533644,1223,25765
39533644,39534843,1199,127936
39534843,39535701,858,275147
39535701,39536928,1227,121127
39536928,39537579,651,105002
39537579,39537699,120,129393
39537699,39538503,804,136280
39538503,39539716,1213,64956
39539716,39540937,1221,137154
39540937,39541979,1042,52087
39541979,39542905,926,119637
39542905,39543550,645,159386
39543550,39544819,1269,14497
39544819,39545764,945,287837
39545764,39546885,1121,285314
39546885,39548096,1211,7793
39548096,39549227,1131,292348
39549227,39550363,1136,52088
39550363,39551542,1179,231836
39551542,39552766,1224,278217
39552766,39553933,1167,80192
39553933,39555236,1303,21498
39555236,39556241,1005,208
39556241,39556690,449,163519
39556690,39557851,1161,127579
39557851,39559102,1251,130125
39559102,39560368,1266,169619
39560368,39561575,1207,14897
39561575,39562789,1214,90852
39562789,39564052,1263,131735
39564052,39565025,973,862
39565025,39566297,1272,130164
39566297,39567374,1077,164927
39567374,39567920,546,136863
39567920,39568431,511,106611
39568431,39569700,1269,12707
39569700,39570909,1209,96498
39570909,39572184,1275,31603
39572184,39573327,1143,30593
39573327,39574657,1330,98876
39574657,39575690,1033,224746
39575690,39575846,156,84010
39575846,39576996,1150,137588
39576996,39578279,1283,231862
39578279,39579571,1292,258250
39579571,39580914,1343,48831
39580914,39582074,1160,39476
39582074,39583268,1194,139753
39583268,39583804,536,77778
39583804,39584939,1135,121899
39584939,39585721,782,137141
39585721,39586784,1063,135264
39586784,39588026,1242,109179
39588026,39589287,1261,4275
39589287,39590405,1118,150843
39590405,39591588,1183,76043
39591588,39592804,1216,39508
39592804,39594059,1255,133447
39594059,39595250,1191,133442
39595250,39596512,1262,53342
39596512,39597699,1187,141240
39597699,39598058,359,13265
39598058,39598977,919,160438
39598977,39599792,815,92915
39599792,39601103,1311,121449
39601103,39601828,725,136863
39601828,39602140,312,130125
39602140,39602973,833,102526
39602973,39603367,394,129513
39603367,39604582,1215,132499
39604582,39605811,1229,92427
39605811,39606627,816,123602
39606627,39607861,1234,124990
39607861,39608904,1043,366
39608904,39610078,1174,245687
39610078,39610403,325,133424
39610403,39611594,1191,134160
39611594,39611896,302,139356
39611896,39613075,1179,148920
39613075,39614319,1244,77782
39614319,39614978,659,164101
39614978,39615834,856,138888
39615834,39617112,1278,9210
39617112,39618275,1163,122545
39618275,39618804,529,102238
39618804,39619861,1057,131732
39619861,39620768,907,91192
39620768,39621025,257,134636
39621025,39622312,1287,158074
39622312,39623527,1215,173230
39623527,39624694,1167,254948
39624694,39625961,1267,696
39625961,39627185,1224,132530
39627185,39628087,902,168638
39628087,39629158,1071,98878
39629158,39630141,983,147970
39630141,39631376,1235,121528
39631376,39632439,1063,6174
39632439,39633606,1167,19376
39633606,39634683,1077,224
39634683,39635805,1122,287359
39635805,39636978,1173,135216
39636978,39637383,405,44585
39637383,39638532,1149,31089
39638532,39639525,993,80690
39639525,39640418,893,278228
39640418,39640753,335,109656
39640753,39641896,1143,123267
39641896,39643101,1205,134825
39643101,39644262,1161,129587
39644262,39645344,1082,274380
39645344,39645916,572,31629
39645916,39646742,826,279239
39646742,39647806,1064,155520
39647806,39649079,1273,23295
39649079,39650240,1161,283462
39650240,39651429,1189,73847
39651429,39652705,1276,137770
39652705,39653830,1125,187466
39653830,39654988,1158,30106
39654988,39656319,1331,123268
39656319,39657516,1197,121127
39657516,39658621,1105,135897
39658621,39659588,967,109179
39659588,39660714,1126,122806
39660714,39661695,981,121760
39661695,39662861,1166,5710
39662861,39663281,420,178029
39663281,39663923,642,157236
39663923,39665076,1153,58778
39665076,39666073,997,120277
39666073,39667328,1255,53458
39667328,39668365,1037,39501
39668365,39669003,638,32639
39669003,39670165,1162,258266
39670165,39671470,1305,293529
39671470,39672222,752,48362
39672222,39673308,1086,112061
39673308,39674337,1029,18527
39674337,39675540,1203,125882
39675540,39676665,1125,160964
39676665,39677540,875,4662
39677540,39678853,1313,130974
39678853,39679734,881,129974
39679734,39680822,1088,64974
39680822,39681886,1064,157242
39681886,39682995,1109,114469
39682995,39684266,1271,63101
39684266,39685494,1228,276749
39685494,39686285,791,26895
39686285,39687118,833,166421
39687118,39687910,792,282357
39687910,39689023,1113,138042
39689023,39689823,800,48362
39689823,39690409,586,282977
39690409,39691259,850,127694
39691259,39692445,1186,25765
39692445,39693275,830,262291
39693275,39694500,1225,6541
39694500,39694980,480,150915
39694980,39696245,1265,158781
39696245,39697532,1287,293663
39697532,39698779,1247,6398
39698779,39699204,425,120282
39699204,39700337,1133,64588
39700337,39700598,261,39970
39700598,39701173,575,291609
39701173,39702342,1169,86710
39702342,39702731,389,134451
39702731,39703970,1239,73958
39703970,39704636,666,121896
39704636,39705707,1071,156015
39705707,39706796,1089,304535
39706796,39707755,959,147989
39707755,39708984,1229,10172
39708984,39709223,239,176854
39709223,39710152,929,84448
39710152,39711271,1119,76974
39711271,39712579,1308,1189
39712579,39712875,296,102240
39712875,39713188,313,24731
39713188,39714126,938,291379
39714126,39715367,1241,49750
39715367,39716656,1289,124368
39716656,39717638,982,39475
39717638,39718764,1126,39475
39718764,39719870,1106,715
39719870,39721026,1156,73848
39721026,39722045,1019,12723
39722045,39722950,905,398
39722950,39724014,1064,63885
39724014,39724903,889,96151
39724903,39726154,1251,140040
39726154,39727289,1135,121064
39727289,39728319,1030,131890
39728319,39729398,1079,144987
39729398,39730585,1187,125140
39730585,39731552,967,163507
39731552,39731861,309,46588
39731861,39732736,875,64290
39732736,39733810,1074,139009
39733810,39734897,1087,126292
39734897,39736038,1141,182389
39736038,39736433,395,2301
39736433,39736972,539,158816
39736972,39738113,1141,132532
39738113,39739237,1124,142318
39739237,39739597,360,13265
39739597,39740734,1137,75810
39740734,39742024,1290,149738
39742024,39743236,1212,99156
39743236,39744404,1168,8912
39744404,39745525,1121,142858
39745525,39746422,897,141571
39746422,39747447,1025,4662
39747447,39748697,1250,163505
39748697,39749893,1196,132821
39749893,39751208,1315,136863
39751208,39752364,1156,110706
39752364,39753730,1366,164328
39753730,39755007,1277,24731
39755007,39756170,1163,292138
39756170,39757342,1172,73712
39757342,39757581,239,149880
39757581,39758834,1253,8592
39758834,39759706,872,129582
39759706,39760045,339,140041
39760045,39760463,418,295197
39760463,39761618,1155,12546
39761618,39762911,1293,73024
39762911,39764119,1208,176853
39764119,39765024,905,39478
39765024,39766145,1121,14936
39766145,39766938,793,6541
39766938,39768135,1197,131259
39768135,39769262,1127,301694
39769262,39770351,1089,149245
39770351,39771545,1194,73712
39771545,39772698,1153,24731
39772698,39773163,465,172156
39773163,39773370,207,145088
39773370,39774561,1191,123163
39774561,39775736,1175,124439
39775736,39776970,1234,110131
39776970,39777571,601,47541
39777571,39778587,1016,129513
39778587,39779417,830,110238
39779417,39780644,1227,295761
39780644,39781331,687,14936
39781331,39782582,1251,142363
39782582,39783906,1324,105171
39783906,39784111,205,282934
39784111,39785126,1015,131228
39785126,39786233,1107,700
39786233,39787420,1187,80189
39787420,39788108,688,88007
39788108,39789313,1205,9174
39789313,39790504,1191,291101
39790504,39791621,1117,125882
39791621,39792833,1212,175390
39792833,39793414,581,129393
39793414,39794303,889,40556
39794303,39795603,1300,68888
39795603,39796858,1255,131004
39796858,39797339,481,14897
39797339,39798410,1071,77361
39798410,39799439,1029,101580
39799439,39800491,1052,279775
39800491,39801604,1113,152824
39801604,39802781,1177,258960
39802781,39803946,1165,101265
39803946,39805203,1257,94108
39805203,39805923,720,104637
39805923,39807041,1118,139733
39807041,39808080,1039,48831
39808080,39808366,286,290349
39808366,39809673,1307,147159
39809673,39810965,1292,10172
39810965,39811936,971,121085
39811936,39813187,1251,149739
39813187,39814288,1101,114256
39814288,39815324,1036,43296
39815324,39816279,955,86683
39816279,39817363,1084,287671
39817363,39818576,1213,32451
39818576,39819729,1153,86043
39819729,39820912,1183,157857
39820912,39821168,256,7239
39821168,39822404,1236,146197
39822404,39823549,1145,125943
39823549,39824784,1235,12538
39824784,39825249,465,129623
39825249,39825880,631,60489
39825880,39827083,1203,65803
39827083,39828237,1154,54667
39828237,39829518,1281,140931
39829518,39830085,567,32856
39830085,39831291,1206,16002
39831291,39832487,1196,48525
39832487,39833492,1005,122789
39833492,39834593,1101,149798
39834593,39835896,1303,165428
39835896,39837069,1173,36146
39837069,39838332,1263,279363
39838332,39839599,1267,32637
39839599,39840847,1248,284269
39840847,39841970,1123,139741
39841970,39843199,1229,144503
39843199,39844504,1305,258262
39844504,39845662,1158,126209
39845662,39846558,896,232057
39846558,39846780,222,128036
39846780,39847973,1193,39616
39847973,39849242,1269,126826
39849242,39850563,1321,104890
39850563,39851072,509,53458
39851072,39852185,1113,4479
39852185,39853382,1197,185436
39853382,39854475,1093,8675
39854475,39855655,1180,148920
39855655,39856804,1149,127215
39856804,39858092,1288,139325
39858092,39859219,1127,134170
39859219,39860182,963,142358
39860182,39861363,1181,133220
39861363,39862585,1222,91072
39862585,39863617,1032,101579
39863617,39864917,1300,231836
39864917,39866078,1161,398
39866078,39866273,195,121413
39866273,39867067,794,164328
39867067,39868259,1192,143485
39868259,39869427,1168,67218
39869427,39870440,1013,126233
39870440,39871714,1274,140718
39871714,39872848,1134,141240
39872848,39874099,1251,168062
39874099,39875260,1161,296473
39875260,39875820,560,61758
39875820,39877069,1249,67200
39877069,39878207,1138,156718
39878207,39879374,1167,56179
39879374,39880532,1158,130504
39880532,39881547,1015,121730
39881547,39882622,1075,12538
39882622,39883889,1267,7622
39883889,39884314,425,158081
39884314,39885215,901,110520
39885215,39886470,1255,291101
39886470,39887310,840,12546
39887310,39887907,597,99249
39887907,39889125,1218,84448
39889125,39889865,740,294523
39889865,39891004,1139,42637
39891004,39891211,207,86710
39891211,39892433,1222,129393
39892433,39893657,1224,284424
39893657,39894742,1085,25951
39894742,39895759,1017,131732
39895759,39896958,1199,54016
39896958,39898115,1157,123216
39898115,39898434,319,161707
39898434,39899535,1101,144986
39899535,39900655,1120,126859
39900655,39901923,1268,53458
39901923,39902929,1006,122451
39902929,39903816,887,133290
39903816,39904334,518,110742
39904334,39905578,1244,129324
39905578,39906780,1202,138047
39906780,39907837,1057,126961
39907837,39908990,1153,106367
39908990,39909145,155,47030
39909145,39910108,963,11049
39910108,39910760,652,159056
39910760,39911732,972,56175
39911732,39912691,959,134830
39912691,39913844,1153,127704
39913844,39914346,502,153728
39914346,39915629,1283,147110
39915629,39916634,1005,86040
39916634,39917463,829,133220
39917463,39918335,872,126577
39918335,39919568,1233,126945
39919568,39920433,865,185466
39920433,39921498,1065,294700
39921498,39922390,892,9342
39922390,39923167,777,140651
39923167,39923706,539,13247
39923706,39924918,1212,127215
39924918,39926083,1165,122627
39926083,39927207,1124,113273
39927207,39928373,1166,157243
39928373,39929118,745,77361
39929118,39930455,1337,39967
39930455,39931153,698,142896
39931153,39931538,385,131890
39931538,39932735,1197,281471
39932735,39933888,1153,139200
39933888,39935057,1169,142750
39935057,39936072,1015,133442
39936072,39937031,959,59175
39937031,39938140,1109,157400
39938140,39939271,1131,26685
39939271,39940390,1119,159386
39940390,39941507,1117,133834
39941507,39942756,1249,73848
39942756,39943964,1208,132073
39943964,39944951,987,24732
39944951,39946202,1251,157861
39946202,39947205,1003,108005
39947205,39948314,1109,123013
39948314,39948571,257,19376
39948571,39949663,1092,44937
39949663,39950711,1048,126296
39950711,39951450,739,121068
39951450,39952599,1149,68192
39952599,39953863,1264,12971
39953863,39955038,1175,92202
39955038,39956202,1164,59268
39956202,39957311,1109,32658
39957311,39958412,1101,284268
39958412,39959594,1182,148550
39959594,39960897,1303,140718
39960897,39961357,460,117382
39961357,39962428,1071,53343
39962428,39963587,1159,14672
39963587,39964650,1063,4691
39964650,39965845,1195,97610
39965845,39966826,981,294700
39966826,39968060,1234,157236
39968060,39969217,1157,56778
39969217,39970364,1147,4687
39970364,39971023,659,114469
39971023,39972283,1260,61316
39972283,39973439,1156,2301
39973439,39974559,1120,156981
39974559,39975814,1255,163607
39975814,39976740,926,40544
39976740,39977718,978,58025
39977718,39978852,1134,74797
39978852,39979138,286,134804
39979138,39980353,1215,112597
39980353,39981490,1137,138888
39981490,39982774,1284,155972
39982774,39984026,1252,8592
39984026,39985094,1068,46240
39985094,39986259,1165,108620
39986259,39986858,599,19665
39986858,39987717,859,121064
39987717,39988554,837,104491
39988554,39989244,690,5083
39989244,39990385,1141,172165
39990385,39991546,1161,64588
39991546,39992839,1293,89894
39992839,39994060,1221,132850
39994060,39995191,1131,224746
39995191,39995609,418,39475
39995609,39996727,1118,44586
39996727,39997955,1228,88363
39997955,39999244,1289,131030
39999244,40000358,1114,176270
40000358,40000859,501,126961
40000859,40001984,1125,216570
40001984,40003144,1160,139358
40003144,40004443,1299,83616
40004443,40005695,1252,134425
40005695,40006955,1260,286306
40006955,40007836,881,91801
40007836,40008189,353,140041
40008189,40009291,1102,123047
40009291,40010523,1232,115046
40010523,40011320,797,160964
40011320,40012637,1317,88367
40012637,40013528,891,48579
40013528,40014708,1180,132718
40014708,40015832,1124,80189
40015832,40016790,958,136054
40016790,40018083,1293,279229
40018083,40019343,1260,1732
40019343,40019813,470,73973
40019813,40021044,1231,139397
40021044,40021845,801,46889
40021845,40023040,1195,64713
40023040,40024279,1239,164461
40024279,40024524,245,26894
40024524,40025647,1123,171138
40025647,40026864,1217,139291
40026864,40027330,466,126221
40027330,40028249,919,91192
40028249,40029385,1136,37090
40029385,40030228,843,174992
40030228,40031266,1038,130876
40031266,40032369,1103,157236
40032369,40033647,1278,67147
40033647,40034644,997,232057
40034644,40035699,1055,169291
40035699,40036028,329,216570
40036028,40036563,535,258970
40036563,40036964,401,187464
40036964,40038095,1131,76044
40038095,40039275,1180,163726
40039275,40040532,1257,125883
40040532,40041564,1032,184448
40041564,40042110,546,126932
40042110,40043329,1219,71405
40043329,40044308,979,54659
40044308,40045449,1141,231862
40045449,40046643,1194,44937
40046643,40047202,559,134160
40047202,40048303,1101,274376
40048303,40049548,1245,122614
40049548,40050839,1291,8592
40050839,40052101,1262,29108
40052101,40053130,1029,126859
40053130,40053716,586,127703
40053716,40054550,834,126965
40054550,40055783,1233,143895
40055783,40056174,391,143948
40056174,40056931,757,86804
40056931,40057943,1012,173230
40057943,40059088,1145,6171
40059088,40060183,1095,155973
40060183,40061333,1150,254948
40061333,40061990,657,69412
40061990,40062918,928,110056
40062918,40064192,1274,156153
40064192,40065237,1045,75242
40065237,40066514,1277,19209
40066514,40067843,1329,127215
40067843,40069063,1220,22178
40069063,40069774,711,163612
40069774,40071012,1238,130125
40071012,40072149,1137,723
40072149,40073492,1343,57180
40073492,40074553,1061,154697
40074553,40075698,1145,65554
40075698,40076894,1196,98876
40076894,40078111,1217,187005
40078111,40079275,1164,126929
40079275,40080447,1172,130728
40080447,40081589,1142,296473
40081589,40082667,1078,138656
40082667,40083852,1185,182389
40083852,40084960,1108,137106
40084960,40085159,199,129396
40085159,40085912,753,121899
40085912,40087225,1313,139612
40087225,40088430,1205,147627
40088430,40089616,1186,163507
40089616,40089961,345,44585
40089961,40091232,1271,94108
40091232,40092357,1125,127936
40092357,40092706,349,153309
40092706,40093284,578,47030
40093284,40093805,521,135659
40093805,40094587,782,39970
40094587,40094902,315,91905
40094902,40095425,523,302000
40095425,40096638,1213,121079
40096638,40097777,1139,124547
40097777,40099124,1347,135220
40099124,40100226,1102,109180
40100226,40101505,1279,271812
40101505,40102331,826,165428
40102331,40103144,813,125123
40103144,40104166,1022,112761
40104166,40105000,834,39477
40105000,40106144,1144,108621
40106144,40107026,882,144135
40107026,40107917,891,10172
40107917,40108838,921,27120
40108838,40109213,375,171134
40109213,40110391,1178,120583
40110391,40111500,1109,170438
40111500,40112730,1230,26987
40112730,40113959,1229,85685
40113959,40115230,1271,5704
40115230,40116309,1079,9210
40116309,40117026,717,147963
40117026,40118142,1116,123025
40118142,40118773,631,13364
40118773,40120058,1285,25951
40120058,40120876,818,136280
40120876,40121944,1068,94876
40121944,40123158,1214,52088
40123158,40123613,455,76046
40123613,40124708,1095,51163
40124708,40125845,1137,128761
40125845,40126260,415,61316
40126260,40127367,1107,281187
40127367,40128579,1212,134816
40128579,40129820,1241,132291
40129820,40130892,1072,134420
40130892,40131852,960,132866
40131852,40133000,1148,8927
40133000,40133896,896,281471
40133896,40134127,231,14936
40134127,40134804,677,130728
40134804,40135378,574,135826
40135378,40136214,836,130544
40136214,40137071,857,2503
40137071,40138329,1258,130566
40138329,40139397,1068,11254
40139397,40140656,1259,155972
40140656,40141750,1094,169656
40141750,40142966,1216,756
40142966,40143931,965,130900
40143931,40145042,1111,68358
40145042,40145457,415,176853
40145457,40146618,1161,60801
40146618,40147673,1055,133263
40147673,40148401,728,65803
40148401,40149340,939,275147
40149340,40150551,1211,54487
40150551,40151682,1131,19371
40151682,40152649,967,18533
40152649,40153953,1304,293963
40153953,40155028,1075,12971
40155028,40155807,779,274380
40155807,40156187,380,125943
40156187,40156378,191,129513
40156378,40157580,1202,126221
40157580,40158858,1278,163597
40158858,40160078,1220,1733
40160078,40160890,812,291172
40160890,40161975,1085,30591
40161975,40162102,127,131226
40162102,40163218,1116,130131
40163218,40164231,1013,117866
40164231,40164889,658,137614
40164889,40165581,692,246892
40165581,40166678,1097,98877
40166678,40167956,1278,55202
40167956,40169212,1256,135020
40169212,40169543,331,142744
40169543,40170804,1261,123167
40170804,40171176,372,131899
40171176,40172460,1284,723
40172460,40173025,565,12546
40173025,40173442,417,147159
40173442,40174463,1021,135892
40174463,40175510,1047,133212
40175510,40176795,1285,92812
40176795,40177441,646,86708
40177441,40178241,800,89880
40178241,40179443,1202,28247
40179443,40180761,1318,127215
40180761,40181950,1189,74798
40181950,40182787,837,61758
40182787,40183770,983,136458
40183770,40184918,1148,212
40184918,40186146,1228,3586
40186146,40187303,1157,47030
40187303,40187646,343,284428
40187646,40188103,457,10701
40188103,40189366,1263,133395
40189366,40190442,1076,56174
40190442,40191213,771,126286
40191213,40192507,1294,270777
40192507,40192783,276,171133
40192783,40193448,665,70843
40193448,40194673,1225,283242
40194673,40195779,1106,71420
40195779,40197020,1241,130227
40197020,40198023,1003,14672
40198023,40199130,1107,128310
40199130,40200353,1223,258959
40200353,40201574,1221,96498
40201574,40202073,499,52087
40202073,40202285,212,131704
40202285,40203443,1158,86026
40203443,40204473,1030,57416
40204473,40205673,1200,95441
40205673,40206110,437,61780
40206110,40207365,1255,7894
40207365,40208601,1236,143895
40208601,40209862,1261,132280
40209862,40210980,1118,124520
40210980,40212228,1248,63839
40212228,40213455,1227,22574
40213455,40214412,957,133630
40214412,40215566,1154,290901
40215566,40216740,1174,105386
40216740,40217953,1213,279363
40217953,40219199,1246,126965
40219199,40220121,922,73972
40220121,40221186,1065,126928
40221186,40221421,235,142320
40221421,40222460,1039,131030
40222460,40223640,1180,110061
40223640,40224778,1138,83696
40224778,40225989,1211,70843
40225989,40226965,976,139035
40226965,40227732,767,31603
40227732,40228077,345,155968
40228077,40229134,1057,291608
40229134,40230337,1203,121398
40230337,40230642,305,81870
40230642,40231299,657,296473
40231299,40232484,1185,130105
40232484,40233741,1257,137141
40233741,40234996,1255,5704
40234996,40236137,1141,54659
40236137,40237375,1238,231862
40237375,40238621,1246,64588
40238621,40239850,1229,295446
40239850,40241011,1161,132891
40241011,40242258,1247,252342
40242258,40243535,1277,140639
40243535,40244462,927,163384
40244462,40244905,443,144496
40244905,40246200,1295,161714
40246200,40247230,1030,92814
40247230,40248418,1188,135894
40248418,40249697,1279,134425
40249697,40250616,919,19376
40250616,40251459,843,121398
40251459,40252313,854,141242
40252313,40253518,1205,110528
40253518,40254707,1189,155948
40254707,40255792,1085,46243
40255792,40256771,979,126302
40256771,40257819,1048,282385
40257819,40258633,814,296473
40258633,40259871,1238,68361
40259871,40260533,662,78193
40260533,40261840,1307,105386
40261840,40262853,1013,138486
40262853,40263238,385,105394
40263238,40264425,1187,141320
40264425,40265696,1271,110243
40265696,40266831,1135,19366
40266831,40267302,471,278289
40267302,40267638,336,149236
40267638,40268788,1150,122876
40268788,40270001,1213,105574
40270001,40271046,1045,29120
40271046,40272356,1310,147159
40272356,40272687,331,153733
40272687,40273072,385,134660
40273072,40274144,1072,156724
40274144,40275401,1257,26987
40275401,40276303,902,39477
40276303,40276938,635,258250
40276938,40278149,1211,48830
40278149,40279435,1286,135814
40279435,40280586,1151,19361
40280586,40281764,1178,126945
40281764,40282957,1193,148962
40282957,40284037,1080,20023
40284037,40285282,1245,274379
40285282,40285889,607,2772
40285889,40286462,573,126851
40286462,40287787,1325,142279
40287787,40288924,1137,101799
40288924,40290133,1209,66465
40290133,40291333,1200,19361
40291333,40292544,1211,130993
40292544,40293434,890,182396
40293434,40294623,1189,83616
40294623,40295167,544,13250
40295167,40295492,325,285173
40295492,40296554,1062,132537
40296554,40297748,1194,58192
40297748,40299006,1258,75807
40299006,40299191,185,67863
40299191,40300238,1047,14958
40300238,40301498,1260,43321
40301498,40302731,1233,298549
40302731,40303566,835,127521
40303566,40303859,293,279856
40303859,40304931,1072,160438
40304931,40306169,1238,126860
40306169,40307370,1201,121541
40307370,40308469,1099,288044
40308469,40309635,1166,27504
40309635,40310253,618,163505
40310253,40311296,1043,286306
40311296,40312346,1050,279153
40312346,40313566,1220,95963
40313566,40314770,1204,280380
40314770,40316013,1243,31629
40316013,40317268,1255,128136
40317268,40318362,1094,76974
40318362,40319417,1055,12971
40319417,40320532,1115,68344
40320532,40321471,939,112011
40321471,40322596,1125,715
40322596,40323763,1167,88089
40323763,40324018,255,139358
40324018,40325399,1381,165428
40325399,40325707,308,138033
40325707,40326202,495,53638
40326202,40327434,1232,130870
40327434,40328631,1197,700
40328631,40329743,1112,279849
40329743,40330618,875,66166
40330618,40331784,1166,282383
40331784,40332162,378,155972
40332162,40333310,1148,131704
40333310,40334480,1170,126410
40334480,40334681,201,130227
40334681,40335962,1281,756
40335962,40337136,1174,126319
40337136,40338275,1139,77778
40338275,40339224,949,147968
40339224,40340453,1229,292253
40340453,40341546,1093,138033
40341546,40342702,1156,170977
40342702,40343967,1265,128309
40343967,40344541,574,112011
40344541,40344913,372,13247
40344913,40346071,1158,284268
40346071,40346687,616,122944
40346687,40347842,1155,133442
40347842,40348692,850,142750
40348692,40349945,1253,240992
40349945,40350708,763,282934
40350708,40351657,949,130184
40351657,40352392,735,141235
40352392,40353491,1099,163612
40353491,40354747,1256,109658
40354747,40355831,1084,156224
40355831,40356959,1128,122625
40356959,40357856,897,130994
40357856,40358986,1130,138486
40358986,40360060,1074,175448
40360060,40361326,1266,10088
40361326,40362571,1245,19585
40362571,40363279,708,109179
40363279,40364498,1219,156159
40364498,40365647,1149,130125
40365647,40366346,699,84121
40366346,40367435,1089,155949
40367435,40368662,1227,1730
40368662,40369733,1071,147045
40369733,40370436,703,142733
40370436,40371302,866,132707
40371302,40371599,297,287657
40371599,40372844,1245,290923
40372844,40373982,1138,258960
40373982,40375232,1250,54659
40375232,40376414,1182,86804
40376414,40377415,1001,39761
40377415,40378724,1309,29091
40378724,40379511,787,134465
40379511,40380638,1127,65772
40380638,40381603,965,101283
40381603,40382754,1151,142858
40382754,40383497,743,296159
40383497,40384496,999,147045
40384496,40385765,1269,144135
40385765,40387039,1274,135221
40387039,40388128,1089,128761
40388128,40388759,631,135033
40388759,40390050,1291,32658
40390050,40391198,1148,66184
40391198,40392480,1282,87280
40392480,40393711,1231,85640
40393711,40394861,1150,43296
40394861,40396093,1232,156154
40396093,40397124,1031,21305
40397124,40398380,1256,121730
40398380,40399521,1141,91801
40399521,40400674,1153,4275
40400674,40401917,1243,12545
40401917,40403196,1279,34501
40403196,40404377,1181,293663
40404377,40405404,1027,57180
40405404,40406352,948,98878
40406352,40407605,1253,130164
40407605,40408655,1050,41166
40408655,40409868,1213,57156
40409868,40410777,909,51163
40410777,40411852,1075,129443
40411852,40413018,1166,280922
40413018,40413773,755,141279
40413773,40414986,1213,61741
40414986,40415417,431,121528
40415417,40416662,1245,174992
40416662,40417841,1179,26559
40417841,40418234,393,144496
40418234,40419506,1272,143005
40419506,40420719,1213,365
40420719,40421148,429,141644
40421148,40421863,715,208
40421863,40423076,1213,216567
40423076,40424211,1135,86708
40424211,40425098,887,39478
40425098,40426230,1132,5703
40426230,40427526,1296,76574
40427526,40428803,1277,57416
40428803,40429743,940,133227
40429743,40430522,779,285135
40430522,40431064,542,153728
40431064,40432345,1281,141174
40432345,40432701,356,158744
40432701,40433637,936,131732
40433637,40434894,1257,134816
40434894,40436189,1295,129388
40436189,40437213,1024,73957
40437213,40437553,340,157859
40437553,40438679,1126,137106
40438679,40439854,1175,147159
40439854,40441032,1178,293959
40441032,40441572,540,254949
40441572,40442822,1250,254949
40442822,40443846,1024,254949
40443846,40444904,1058,185125
40444904,40446090,1186,135227
40446090,40446639,549,178028
40446639,40447949,1310,105398
40447949,40448884,935,168497
40448884,40450056,1172,73073
40450056,40450411,355,56175
40450411,40450967,556,13270
40450967,40452132,1165,77173
40452132,40453089,957,121130
40453089,40454152,1063,11535
40454152,40455075,923,141270
40455075,40456104,1029,5704
40456104,40457283,1179,65772
40457283,40458523,1240,136054
40458523,40459737,1214,142744
40459737,40460433,696,109656
40460433,40461437,1004,107517
40461437,40462486,1049,15081
40462486,40463741,1255,132291
40463741,40464067,326,141242
40464067,40464619,552,199
40464619,40465085,466,3966
40465085,40466344,1259,177234
40466344,40467560,1216,139387
40467560,40468770,1210,147110
40468770,40469901,1131,68369
40469901,40470805,904,216570
40470805,40471996,1191,156224
40471996,40473168,1172,123500
40473168,40474423,1255,144135
40474423,40475588,1165,61758
40475588,40476752,1164,123133
40476752,40477913,1161,298549
40477913,40478938,1025,19373
40478938,40480017,1079,170452
40480017,40481019,1002,132073
40481019,40481256,237,124439
40481256,40482357,1101,19373
40482357,40483360,1003,723
40483360,40483798,438,14674
40483798,40484687,889,114971
40484687,40485440,753,143485
40485440,40486200,760,43322
40486200,40486495,295,129979
40486495,40487740,1245,10674
40487740,40488647,907,138888
40488647,40489791,1144,101258
40489791,40491027,1236,151817
40491027,40492077,1050,121079
40492077,40492278,201,48361
40492278,40492778,500,123998
40492778,40493918,1140,147981
40493918,40494709,791,134451
40494709,40495820,1111,28384
40495820,40497000,1180,96168
40497000,40498238,1238,29110
40498238,40498553,315,129396
40498553,40499774,1221,27504
40499774,40500916,1142,121413
40500916,40502185,1269,75242
40502185,40503551,1366,135824
40503551,40504732,1181,258283
40504732,40505991,1259,8674
40505991,40507221,1230,138042
40507221,40508000,779,155646
40508000,40509271,1271,46267
40509271,40510519,1248,10798
40510519,40511444,925,147110
40511444,40512586,1142,129979
40512586,40513764,1178,282383
40513764,40514719,955,92427
40514719,40515877,1158,176270
40515877,40516218,341,105171
40516218,40517325,1107,76574
40517325,40518625,1300,245708
40518625,40519815,1190,88367
40519815,40521072,1257,125084
40521072,40521309,237,129066
40521309,40521622,313,150915
40521622,40522900,1278,140639
40522900,40524128,1228,68192
40524128,40525239,1111,81870
40525239,40526502,1263,11077
40526502,40527179,677,254949
40527179,40528461,1282,16802
40528461,40529550,1089,157088
40529550,40530498,948,136271
40530498,40531499,1001,132710
40531499,40532478,979,39913
40532478,40532975,497,245708
40532975,40533870,895,19585
40533870,40535158,1288,29110
40535158,40536423,1265,14929
40536423,40537673,1250,66184
40537673,40538105,432,108638
40538105,40538524,419,85685
40538524,40539707,1183,295197
40539707,40540392,685,40571
40540392,40541024,632,141209
40541024,40542164,1140,5083
40542164,40543164,1000,39501
40543164,40543667,503,89880
40543667,40544726,1059,101283
40544726,40545393,667,12971
40545393,40546350,957,97610
40546350,40547424,1074,67584
40547424,40548467,1043,129396
40548467,40549607,1140,126739
40549607,40550768,1161,105394
40550768,40551960,1192,168199
40551960,40553148,1188,24732
40553148,40554354,1206,284433
40554354,40555273,919,1536
40555273,40556470,1197,71401
40556470,40556677,207,139741
40556677,40557752,1075,125123
40557752,40559000,1248,26553
40559000,40560222,1222,182402
40560222,40561076,854,106611
40561076,40562195,1119,121543
40562195,40563353,1158,73729
40563353,40564633,1280,283462
40564633,40565900,1267,138115
40565900,40567065,1165,65803
40567065,40568176,1111,171109
40568176,40569211,1035,130532
40569211,40570450,1239,37090
40570450,40570777,327,11077
40570777,40571701,924,7944
40571701,40572174,473,143521
40572174,40573395,1221,287671
40573395,40573667,272,122627
40573667,40574760,1093,25766
40574760,40576019,1259,128991
40576019,40577036,1017,129623
40577036,40578208,1172,1187
40578208,40579466,1258,126859
40579466,40580678,1212,44582
40580678,40581711,1033,282926
40581711,40582843,1132,19376
40582843,40583571,728,128329
40583571,40584856,1285,21393
40584856,40586078,1222,59268
40586078,40587176,1098,1562
40587176,40587952,776,61356
40587952,40588447,495,92427
40588447,40589360,913,133212
40589360,40589786,426,10172
40589786,40590614,828,136983
40590614,40591724,1110,134463
40591724,40592939,1215,130489
40592939,40594097,1158,681
40594097,40594576,479,66622
40594576,40595755,1179,163322
40595755,40596769,1014,79973
40596769,40597816,1047,104394
40597816,40598232,416,279852
40598232,40599304,1072,132592
40599304,40600496,1192,21493
40600496,40601729,1233,132530
40601729,40603001,1272,171134
40603001,40603671,670,130588
40603671,40604116,445,129623
40604116,40605257,1141,129597
40605257,40606371,1114,167022
40606371,40607615,1244,10172
40607615,40608809,1194,121148
40608809,40609852,1043,121085
40609852,40611159,1307,34572
40611159,40612282,1123,122806
40612282,40613307,1025,127595
40613307,40613633,326,64708
40613633,40614737,1104,1119
40614737,40615934,1197,91072
40615934,40616784,850,128669
40616784,40617998,1214,282357
40617998,40619211,1213,71550
40619211,40620178,967,270777
40620178,40621451,1273,160984
40621451,40622471,1020,44575
40622471,40623659,1188,32137
40623659,40624744,1085,11243
40624744,40625999,1255,159386
40625999,40627083,1084,137483
40627083,40627875,792,231837
40627875,40629056,1181,29012
40629056,40630318,1262,298549
40630318,40631487,1169,284433
40631487,40631833,346,146346
40631833,40633135,1302,92200
40633135,40634033,898,157480
40634033,40635149,1116,158081
40635149,40636321,1172,187023
40636321,40637344,1023,39660
40637344,40637590,246,92935
40637590,40638745,1155,32135
40638745,40639918,1173,123133
40639918,40640450,532,143485
40640450,40641396,946,175390
40641396,40642643,1247,3967
40642643,40643953,1310,178449
40643953,40645160,1207,7884
40645160,40645881,721,76046
40645881,40646821,940,132891
40646821,40648010,1189,135033
40648010,40649287,1277,128309
40649287,40650562,1275,65772
40650562,40651765,1203,132848
40651765,40652550,785,291609
40652550,40653551,1001,126932
40653551,40654342,791,6525
40654342,40654876,534,294523
40654876,40656049,1173,142311
40656049,40657096,1047,137739
40657096,40658249,1153,79973
40658249,40659087,838,130977
40659087,40660202,1115,30105
40660202,40660779,577,47541
40660779,40661962,1183,11547
40661962,40662932,970,186232
40662932,40664065,1133,129317
40664065,40665201,1136,39661
40665201,40666112,911,121140
40666112,40666522,410,163322
40666522,40667346,824,57837
40667346,40668582,1236,122810
40668582,40669383,801,5703
40669383,40670318,935,133217
40670318,40671555,1237,155152
40671555,40672431,876,132650
40672431,40673404,973,127525
40673404,40674575,1171,112011
40674575,40675821,1246,68888
40675821,40677116,1295,71405
40677116,40677955,839,36633
40677955,40678680,725,14674
40678680,40679392,712,142750
40679392,40680562,1170,121902
40680562,40681661,1099,39661
40681661,40682298,637,11049
40682298,40683464,1166,129582
40683464,40684709,1245,283462
40684709,40685800,1091,121085
40685800,40686476,676,137589
40686476,40686803,327,138866
40686803,40688063,1260,55856
40688063,40689241,1178,154697
40689241,40690338,1097,6397
40690338,40691410,1072,121024
40691410,40692590,1180,29090
40692590,40692857,267,131203
40692857,40693986,1129,8592
40693986,40695203,1217,92806
40695203,40696393,1190,66176
40696393,40697555,1162,130871
40697555,40698509,954,70837
40698509,40699011,502,121416
40699011,40700061,1050,28380
40700061,40701209,1148,144965
40701209,40702211,1002,64956
40702211,40702979,768,26520
40702979,40704131,1152,103481
40704131,40705210,1079,132592
40705210,40705595,385,681
40705595,40706610,1015,156724
40706610,40707296,686,9915
40707296,40708405,1109,169291
40708405,40709413,1008,132848
40709413,40710437,1024,142318
40710437,40711530,1093,124587
40711530,40712441,911,124547
40712441,40713639,1198,163607
40713639,40714827,1188,129325
40714827,40716040,1213,277899
40716040,40717055,1015,133263
40717055,40718196,1141,113272
40718196,40719193,997,134170
40719193,40720407,1214,41172
40720407,40721497,1090,132499
40721497,40722504,1007,44577
40722504,40723730,1226,89735
40723730,40724647,917,123216
40724647,40725659,1012,104491
40725659,40726726,1067,11079
40726726,40727297,571,58193
40727297,40728612,1315,101892
40728612,40729718,1106,16802
40729718,40730007,289,139358
40730007,40730217,210,216570
40730217,40730429,212,127703
40730429,40731031,602,116804
40731031,40732223,1192,1189
40732223,40733431,1208,75939
40733431,40734554,1123,138033
40734554,40734785,231,26894
40734785,40735634,849,86679
40735634,40736719,1085,68344
40736719,40737369,650,125002
40737369,40738503,1134,134120
40738503,40739725,1222,146111
40739725,40740373,648,130184
40740373,40741538,1165,60800
40741538,40741753,215,153733
40741753,40742960,1207,139404
40742960,40744168,1208,259009
40744168,40745229,1061,11612
40745229,40746334,1105,143271
40746334,40746879,545,147990
40746879,40747944,1065,143022
40747944,40748539,595,126959
40748539,40749739,1200,276735
40749739,40750808,1069,171133
40750808,40751736,928,156738
40751736,40752917,1181,48842
40752917,40754137,1220,58012
40754137,40755012,875,32139
40755012,40755219,207,46243
40755219,40756393,1174,53343
40756393,40757572,1179,10172
40757572,40758898,1326,139355
40758898,40760057,1159,287660
40760057,40761161,1104,130878
40761161,40761873,712,171134
40761873,40762980,1107,148550
40762980,40764167,1187,131732
40764167,40765458,1291,131228
40765458,40766591,1133,131003
40766591,40767738,1147,9914
40767738,40767934,196,163505
40767934,40768996,1062,127215
40768996,40769869,873,162130
40769869,40770622,753,8927
40770622,40771903,1281,156474
40771903,40772821,918,136458
40772821,40774056,1235,102240
40774056,40775203,1147,143005
40775203,40776319,1116,105171
40776319,40777253,934,177627
40777253,40778522,1269,159371
40778522,40778782,260,143361
40778782,40779958,1176,92420
40779958,40780942,984,30101
40780942,40781923,981,26987
40781923,40783149,1226,291953
40783149,40783485,336,141148
40783485,40784810,1325,123133
40784810,40785745,935,19208
40785745,40787047,1302,5757
40787047,40787689,642,8140
40787689,40788984,1295,47541
40788984,40790005,1021,10089
40790005,40790827,822,110706
40790827,40792102,1275,130184
40792102,40793299,1197,101578
40793299,40794083,784,129443
40794083,40795225,1142,3582
40795225,40796273,1048,142363
40796273,40797397,1124,280380
40797397,40797664,267,129623
40797664,40798579,915,288044
40798579,40799707,1128,128990
40799707,40800917,1210,295446
40800917,40802205,1288,262305
40802205,40803250,1045,132280
40803250,40804416,1166,258283
40804416,40805299,883,71401
40805299,40806148,849,137589
40806148,40806511,363,126313
40806511,40807690,1179,28380
40807690,40808867,1177,156224
40808867,40810001,1134,1070
40810001,40811262,1261,262305
40811262,40812372,1110,262269
40812372,40813535,1163,1189
40813535,40813740,205,161100
40813740,40814754,1014,135762
40814754,40815372,618,122944
40815372,40816490,1118,135659
40816490,40817343,853,185436
40817343,40818473,1130,157644
40818473,40819458,985,183988
40819458,40820647,1189,86683
40820647,40821615,968,362
40821615,40822749,1134,92420
40822749,40823920,1171,126302
40823920,40824979,1059,99122
40824979,40825936,957,16632
40825936,40827147,1211,91801
40827147,40827696,549,126945
40827696,40828793,1097,187005
40828793,40829497,704,185436
40829497,40830007,510,148312
40830007,40831107,1100,165702
40831107,40832444,1337,149880
40832444,40833526,1082,21393
40833526,40834740,1214,148312
40834740,40835303,563,6556
40835303,40836173,870,136271
40836173,40837349,1176,126232
40837349,40837835,486,157243
40837835,40838285,450,71402
40838285,40839354,1069,107483
40839354,40840515,1161,129515
40840515,40841798,1283,133224
40841798,40843049,1251,287139
40843049,40843941,892,121103
40843941,40844439,498,59167
40844439,40845320,881,65554
40845320,40846411,1091,8592
40846411,40846894,483,699
40846894,40847142,248,129443
40847142,40848117,975,91192
40848117,40849378,1261,12895
40849378,40850641,1263,145733
40850641,40851808,1167,115968
40851808,40853066,1258,121722
40853066,40854092,1026,126928
40854092,40855301,1209,101883
40855301,40855644,343,169656
40855644,40856865,1221,134425
40856865,40857881,1016,181420
40857881,40859060,1179,2503
40859060,40859335,275,395
40859335,40859538,203,141208
40859538,40860303,765,136271
40860303,40861440,1137,121413
40861440,40862000,560,53343
40862000,40862840,840,67233
40862840,40864019,1179,85640
40864019,40864312,293,132710
40864312,40864534,222,126336
40864534,40865782,1248,290365
40865782,40866624,842,157236
40866624,40867567,943,129790
40867567,40868794,1227,285896
40868794,40869555,761,56574
40869555,40870492,937,39971
40870492,40871741,1249,46890
40871741,40873020,1279,182402
40873020,40873868,848,26895
40873868,40874931,1063,143485
40874931,40876059,1128,145699
40876059,40877145,1086,143895
40877145,40878390,1245,5911
40878390,40879294,904,11535
40879294,40880575,1281,25951
40880575,40881643,1068,154284
40881643,40882922,1279,103120
40882922,40883787,865,155973
40883787,40885005,1218,275147
40885005,40886269,1264,32451
40886269,40887380,1111,16003
40887380,40888571,1191,7793
40888571,40889836,1265,139710
40889836,40890858,1022,130529
40890858,40892153,1295,158796
40892153,40893360,1207,275212
40893360,40894274,914,129623
40894274,40894620,346,15304
40894620,40895842,1222,49755
40895842,40896954,1112,134176
40896954,40898175,1221,58776
40898175,40899011,836,108638
40899011,40900285,1274,160187
40900285,40901504,1219,31089
40901504,40902645,1141,144496
40902645,40903686,1041,291107
40903686,40903943,257,109658
40903943,40905074,1131,127518
40905074,40905595,521,154282
40905595,40906682,1087,127595
40906682,40907970,1288,135892
40907970,40909142,1172,6171
40909142,40910259,1117,63105
40910259,40910914,655,178149
40910914,40911962,1048,187006
40911962,40912356,394,121722
40912356,40913720,1364,158816
40913720,40914700,980,129790
40914700,40915533,833,134785
40915533,40915879,346,138113
40915879,40917028,1149,140718
40917028,40918032,1004,300225
40918032,40919302,1270,35926
40919302,40920285,983,36641
40920285,40921446,1161,92420
40921446,40922598,1152,14526
40922598,40923197,599,32136
40923197,40924274,1077,121799
40924274,40925488,1214,281188
40925488,40926509,1021,43296
40926509,40927788,1279,8890
40927788,40928983,1195,157858
40928983,40929201,218,187005
40929201,40930382,1181,134592
40930382,40931604,1222,104637
40931604,40932709,1105,86039
40932709,40933940,1231,108066
40933940,40935180,1240,7741
40935180,40936333,1153,12898
40936333,40937374,1041,135824
40937374,40938607,1233,166683
40938607,40939826,1219,123192
40939826,40941070,1244,132891
40941070,40942382,1312,298549
40942382,40943561,1179,48032
40943561,40944560,999,175448
40944560,40945411,851,134789
40945411,40945740,329,117382
40945740,40947023,1283,143893
40947023,40948189,1166,164461
40948189,40949162,973,123047
40949162,40950227,1065,282386
40950227,40951287,1060,14936
40951287,40952429,1142,50777
40952429,40953553,1124,101578
40953553,40954494,941,92202
40954494,40954992,498,142318
40954992,40956102,1110,168062
40956102,40956298,196,119637
40956298,40956940,642,143005
40956940,40958170,1230,107487
40958170,40958887,717,128632
40958887,40960010,1123,7741
40960010,40961066,1056,130516
40961066,40962299,1233,116797
40962299,40962814,515,140651
40962814,40964036,1222,123506
40964036,40965141,1105,129396
40965141,40965539,398,104890
40965539,40965703,164,141242
40965703,40966876,1173,121658
40966876,40967972,1096,29012
40967972,40969168,1196,171108
40969168,40970384,1216,121148
40970384,40971562,1178,286306
40971562,40972441,879,131742
40972441,40973410,969,136863
40973410,40974401,991,103481
40974401,40975513,1112,10347
40975513,40976766,1253,144135
40976766,40977106,340,723
40977106,40978339,1233,130993
40978339,40978857,518,60801
40978857,40980127,1270,142858
40980127,40981379,1252,47032
40981379,40982641,1262,29110
40982641,40983695,1054,12332
40983695,40984786,1091,85640
40984786,40985845,1059,176660
40985845,40986949,1104,145138
40986949,40987035,86,6541
40987035,40988247,1212,6541
40988247,40989515,1268,246904
40989515,40990235,720,163527
40990235,40991430,1195,252342
40991430,40992626,1196,106800
40992626,40993839,1213,284434
40993839,40995104,1265,28375
40995104,40995632,528,73973
40995632,40996591,959,170453
40996591,40997473,882,140725
40997473,40998504,1031,890
40998504,40999743,1239,36641
40999743,41000969,1226,154736
41000969,41002232,1263,134425
41002232,41003411,1179,67863
41003411,41004606,1195,71531
41004606,41005609,1003,132864
41005609,41006719,1110,6498
41006719,41007391,672,12103
41007391,41008645,1254,15307
41008645,41009804,1159,123506
41009804,41010784,980,141268
41010784,41011833,1049,71402
41011833,41012890,1057,149735
41012890,41014110,1220,41259
41014110,41015393,1283,155968
41015393,41016713,1320,150915
41016713,41017894,1181,13364
41017894,41018827,933,157242
41018827,41020016,1189,395
41020016,41020773,757,124164
41020773,41021274,501,127703
41021274,41021569,295,121446
41021569,41022682,1113,7943
41022682,41023901,1219,135264
41023901,41025170,1269,130755
41025170,41026282,1112,133447
41026282,41027574,1292,140222
41027574,41028631,1057,4445
41028631,41029771,1140,254949
41029771,41030790,1019,301693
41030790,41032086,1296,165428
41032086,41033355,1269,80656
41033355,41034600,1245,212
41034600,41035767,1167,150915
41035767,41035979,212,129440
41035979,41036401,422,126955
41036401,41037692,1291,84122
41037692,41038705,1013,29120
41038705,41039968,1263,127703
41039968,41041107,1139,110056
41041107,41042366,1259,165702
41042366,41043491,1125,12926
41043491,41044587,1096,133393
41044587,41045880,1293,89940
41045880,41047049,1169,154284
41047049,41047945,896,18533
41047945,41048230,285,138888
41048230,41049494,1264,283462
41049494,41050465,971,156757
41050465,41051643,1178,21393
41051643,41052906,1263,6397
41052906,41054150,1244,95441
41054150,41054351,201,71402
41054351,41055353,1002,212
41055353,41055787,434,26853
41055787,41056406,619,160187
41056406,41057713,1307,36641
41057713,41058973,1260,397
41058973,41060006,1033,149890
41060006,41061173,1167,252342
41061173,41061968,795,19585
41061968,41063078,1110,43305
41063078,41064199,1121,85685
41064199,41065030,831,276730
41065030,41066276,1246,285173
41066276,41067509,1233,134451
41067509,41068787,1278,258266
41068787,41070072,1285,125945
41070072,41071329,1257,862
41071329,41072528,1199,163402
41072528,41073621,1093,163726
41073621,41074859,1238,216570
41074859,41076112,1253,176698
41076112,41076725,613,131899
41076725,41077009,284,130870
41077009,41078109,1100,121799
41078109,41079084,975,185074
41079084,41080202,1118,54016
41080202,41080867,665,164328
41080867,41082004,1137,216563
41082004,41083195,1191,41911
41083195,41084316,1121,64974
41084316,41085593,1277,165701
41085593,41086409,816,124990
41086409,41086594,185,121064
41086594,41087745,1151,126955
41087745,41088693,948,166683
41088693,41089140,447,81881
41089140,41090390,1250,71401
41090390,41091546,1156,122825
41091546,41092558,1012,65554
41092558,41093236,678,109179
41093236,41094521,1285,163607
41094521,41095728,1207,130755
41095728,41096604,876,258974
41096604,41097722,1118,212
41097722,41098142,420,136983
41098142,41099359,1217,48831
41099359,41100241,882,76973
41100241,41101363,1122,39515
41101363,41101908,545,122655
41101908,41102371,463,173591
41102371,41103078,707,233382
41103078,41103271,193,138290
41103271,41104468,1197,291609
41104468,41105739,1271,82904
41105739,41106168,429,127703
41106168,41107299,1131,61421
41107299,41108417,1118,282391
41108417,41109691,1274,107486
41109691,41110517,826,97593
41110517,41111659,1142,120318
41111659,41112920,1261,121079
41112920,41114059,1139,112011
41114059,41114706,647,281132
41114706,41115962,1256,129393
41115962,41116273,311,13248
41116273,41117235,962,4687
41117235,41117401,166,39761
41117401,41117549,148,117382
41117549,41118684,1135,139797
41118684,41119835,1151,131003
41119835,41120442,607,130127
41120442,41120764,322,160187
41120764,41122050,1286,4275
41122050,41123193,1143,121896
41123193,41124121,928,295445
41124121,41124458,337,16002
41124458,41125615,1157,133442
41125615,41126089,474,8927
41126089,41127044,955,107517
41127044,41128289,1245,155151
41128289,41129585,1296,276730
41129585,41130623,1038,168500
41130623,41131838,1215,43305
41131838,41133073,1235,166423
41133073,41134198,1125,121661
41134198,41135309,1111,232057
41135309,41136421,1112,283242
41136421,41137555,1134,126209
41137555,41138776,1221,105390
41138776,41139010,234,154671
41139010,41139812,802,129064
41139812,41141012,1200,182396
41141012,41141958,946,105171
41141958,41143208,1250,11243
41143208,41144149,941,160188
41144149,41145401,1252,176660
41145401,41145859,458,144019
41145859,41147132,1273,11734
41147132,41148316,1184,159371
41148316,41149217,901,157236
41149217,41150380,1163,59268
41150380,41151639,1259,177234
41151639,41152566,927,141209
41152566,41153700,1134,102250
41153700,41154762,1062,127518
41154762,41155997,1235,123866
41155997,41157176,1179,126286
41157176,41158507,1331,291379
41158507,41159320,813,92427
41159320,41159532,212,126965
41159532,41160655,1123,43321
41160655,41161950,1295,23281
41161950,41162197,247,80197
41162197,41163207,1010,301693
41163207,41164504,1297,49755
41164504,41165136,632,84448
41165136,41166297,1161,301694
41166297,41166670,373,61777
41166670,41167903,1233,123192
41167903,41169028,1125,135894
41169028,41169236,208,129393
41169236,41170253,1017,6557
41170253,41171326,1073,138113
41171326,41172497,1171,34572
41172497,41173775,1278,143893
41173775,41175001,1226,64956
41175001,41176202,1201,131704
41176202,41176721,519,65534
41176721,41177116,395,90852
41177116,41178391,1275,160188
41178391,41179602,1211,132101
41179602,41180877,1275,134728
41180877,41181258,381,121130
41181258,41182413,1155,32904
41182413,41182662,249,54006
41182662,41183149,487,61421
41183149,41183630,481,5417
41183630,41184738,1108,135636
41184738,41185691,953,147110
41185691,41186715,1024,130184
41186715,41187546,831,11612
41187546,41187719,173,127537
41187719,41188882,1163,152864
41188882,41190157,1275,155948
41190157,41191332,1175,66016
41191332,41191960,628,24758
41191960,41193168,1208,287657
41193168,41194368,1200,4861
41194368,41195634,1266,138043
41195634,41196051,417,10327
41196051,41197371,1320,276908
41197371,41198001,630,70837
41198001,41199087,1086,134420
41199087,41199998,911,7622
41199998,41200571,573,185074
41200571,41201668,1097,123176
41201668,41202455,787,254949
41202455,41203652,1197,105405
41203652,41204923,1271,175448
41204923,41205640,717,16632
41205640,41206867,1227,135635
41206867,41208020,1153,81859
41208020,41209100,1080,143895
41209100,41210293,1193,137770
41210293,41211185,892,121528
41211185,41212362,1177,88483
41212362,41213639,1277,135264
41213639,41214772,1133,14274
41214772,41215839,1067,92420
41215839,41217132,1293,75939
41217132,41218343,1211,15081
41218343,41219551,1208,58869
41219551,41219960,409,4158
41219960,41221212,1252,26947
41221212,41222397,1185,153964
41222397,41223545,1148,85684
41223545,41223927,382,46889
41223927,41225252,1325,157644
41225252,41225519,267,69412
41225519,41226084,565,62347
41226084,41227153,1069,14497
41227153,41227344,191,66347
41227344,41228639,1295,109173
41228639,41229201,562,7793
41229201,41230322,1121,148521
41230322,41231576,1254,126286
41231576,41232761,1185,146123
41232761,41233934,1173,293957
41233934,41235067,1133,143022
41235067,41236278,1211,6174
41236278,41237424,1146,161972
41237424,41238752,1328,138115
41238752,41239975,1223,11254
41239975,41240585,610,153958
41240585,41241747,1162,287357
41241747,41242564,817,83606
41242564,41243756,1192,167597
41243756,41245006,1250,101262
41245006,41246199,1193,134463
41246199,41247098,899,88483
41247098,41247425,327,132866
41247425,41248636,1211,155520
41248636,41249415,779,14960
41249415,41250616,1201,141148
41250616,41251335,719,298549
41251335,41252581,1246,715
41252581,41253592,1011,756
41253592,41254037,445,14677
41254037,41255072,1035,69422
41255072,41256335,1263,245687
41256335,41256772,437,122944
41256772,41257869,1097,7741
41257869,41259107,1238,89898
41259107,41260301,1194,1129
41260301,41261517,1216,286306
41261517,41262553,1036,126959
41262553,41262793,240,160964
41262793,41263996,1203,5758
41263996,41265205,1209,176698
41265205,41266302,1097,67233
41266302,41267569,1267,54006
41267569,41268763,1194,128145
41268763,41269997,1234,3961
41269997,41270916,919,170453
41270916,41271549,633,126929
41271549,41272700,1151,65772
41272700,41274031,1331,17615
41274031,41275170,1139,283462
41275170,41276003,833,79973
41276003,41277252,1249,41172
41277252,41278499,1247,125123
41278499,41279628,1129,2772
41279628,41280374,746,64290
41280374,41281539,1165,161100
41281539,41282660,1121,86732
41282660,41283863,1203,11734
41283863,41284915,1052,65820
41284915,41286120,1205,131106
41286120,41287351,1231,245707
41287351,41287797,446,122827
41287797,41289051,1254,72212
41289051,41290293,1242,101864
41290293,41291272,979,280250
41291272,41292272,1000,19376
41292272,41292554,282,125127
41292554,41292749,195,121064
41292749,41293218,469,141819
41293218,41293383,165,140651
41293383,41294441,1058,13269
41294441,41295708,1267,185125
41295708,41296699,991,696
41296699,41297977,1278,111574
41297977,41299021,1044,120281
41299021,41300373,1352,118119
41300373,41301642,1269,60800
41301642,41302539,897,126955
41302539,41303766,1227,285173
41303766,41305031,1265,32856
41305031,41306024,993,1043
41306024,41307015,991,275147
41307015,41308123,1108,9342
41308123,41308376,253,131220
41308376,41309611,1235,65554
41309611,41310741,1130,157636
41310741,41311803,1062,165428
41311803,41312971,1168,26947
41312971,41313583,612,11512
41313583,41314770,1187,862
41314770,41315833,1063,11079
41315833,41316950,1117,164100
41316950,41318238,1288,82020
41318238,41318554,316,6541
41318554,41319793,1239,68359
41319793,41320810,1017,43321
41320810,41321164,354,291101
41321164,41322240,1076,102239
41322240,41323321,1081,212
41323321,41324526,1205,11077
41324526,41325634,1108,291101
41325634,41326801,1167,122827
41326801,41327838,1037,57180
41327838,41329018,1180,129011
41329018,41329449,431,138033
41329449,41330492,1043,69607
41330492,41331592,1100,291609
41331592,41331783,191,138656
41331783,41332890,1107,44576
41332890,41332994,104,129388
41332994,41333718,724,39481
41333718,41334784,1066,91905
41334784,41335972,1188,134120
41335972,41337110,1138,135635
41337110,41338319,1209,157242
41338319,41339599,1280,147989
41339599,41340698,1099,55856
41340698,41341439,741,54016
41341439,41342454,1015,126739
41342454,41343697,1243,168198
41343697,41345025,1328,88484
41345025,41346246,1221,171133
41346246,41347359,1113,19376
41347359,41348104,745,87791
41348104,41349215,1111,124526
41349215,41350536,1321,10988
41350536,41351760,1224,121080
41351760,41353005,1245,118112
41353005,41353961,956,86026
41353961,41355055,1094,134717
41355055,41355663,608,160187
41355663,41356797,1134,45218
41356797,41357968,1171,134425
41357968,41359245,1277,161100
41359245,41360494,1249,31097
41360494,41361554,1060,233382
41361554,41362735,1181,187023
41362735,41363866,1131,100044
41363866,41365093,1227,154838
41365093,41366257,1164,130900
41366257,41367440,1183,171133
41367440,41368528,1088,152831
41368528,41369481,953,64738
41369481,41370242,761,10327
41370242,41371323,1081,135891
41371323,41371746,423,101283
41371746,41372502,756,165387
41372502,41373807,1305,105398
41373807,41374044,237,25765
41374044,41375117,1073,87997
41375117,41376367,1250,274374
41376367,41376719,352,124002
41376719,41377706,987,11535
41377706,41378245,539,39501
41378245,41379230,985,129440
41379230,41380475,1245,123283
41380475,41381711,1236,139324
41381711,41382852,1141,109176
41382852,41383945,1093,156968
41383945,41385045,1100,282926
41385045,41386259,1214,254918
41386259,41387292,1033,18533
41387292,41388319,1027,6398
41388319,41389554,1235,301693
41389554,41390808,1254,132299
41390808,41391919,1111,294551
41391919,41393141,1222,10988
41393141,41393958,817,170440
41393958,41395048,1090,258954
41395048,41396186,1138,290365
41396186,41397449,1263,186232
41397449,41398496,1047,5911
41398496,41399724,1228,102240
41399724,41400936,1212,145138
41400936,41401900,964,103126
41401900,41403171,1271,135033
41403171,41404189,1018,68188
41404189,41405424,1235,115687
41405424,41406379,955,94876
41406379,41407675,1296,130229
41407675,41408208,533,117382
41408208,41409537,1329,155520
41409537,41410735,1198,10701
41410735,41411942,1207,67584
41411942,41412998,1056,86710
41412998,41414190,1192,271812
41414190,41415491,1301,140067
41415491,41416063,572,121416
41416063,41417358,1295,122443
41417358,41418599,1241,86679
41418599,41419436,837,362
41419436,41420605,1169,102381
41420605,41421782,1177,92820
41421782,41422954,1172,128329
41422954,41423167,213,104483
41423167,41424047,880,29101
41424047,41425045,998,13056
41425045,41425930,885,284434
41425930,41426905,975,275885
41426905,41427978,1073,88363
41427978,41428919,941,208
41428919,41429882,963,185466
41429882,41431019,1137,163726
41431019,41431725,706,101854
41431725,41432004,279,136610
41432004,41433246,1242,208
41433246,41433897,651,176660
41433897,41434933,1036,185436
41434933,41436097,1164,112061
41436097,41437204,1107,135892
41437204,41438452,1248,137004
41438452,41439747,1295,170952
41439747,41441018,1271,127215
41441018,41442113,1095,146346
41442113,41443242,1129,159230
41443242,41444302,1060,294697
41444302,41445210,908,88086
41445210,41446038,828,157242
41446038,41446668,630,116804
41446668,41447802,1134,291953
41447802,41449083,1281,142745
41449083,41450376,1293,133447
41450376,41451540,1164,131735
41451540,41452780,1240,112761
41452780,41453763,983,1133
41453763,41454939,1176,58090
41454939,41455875,936,3586
41455875,41456203,328,107486
41456203,41457397,1194,6398
41457397,41458559,1162,56574
41458559,41459722,1163,157056
41459722,41460177,455,157242
41460177,41461363,1186,25563
41461363,41462551,1188,11243
41462551,41463732,1181,4136
41463732,41464823,1091,102239
41464823,41466035,1212,54006
41466035,41467128,1093,80534
41467128,41467783,655,92930
41467783,41469024,1241,19208
41469024,41470208,1184,141721
41470208,41471392,1184,88363
41471392,41471604,212,127595
41471604,41472753,1149,170977
41472753,41473593,840,130495
41473593,41474669,1076,130533
41474669,41475931,1262,11734
41475931,41477138,1207,126410
41477138,41478302,1164,39660
41478302,41479633,1331,5710
41479633,41480084,451,45217
41480084,41481351,1267,220979
41481351,41482439,1088,178028
41482439,41483572,1133,108621
41483572,41484828,1256,58192
41484828,41485043,215,14497
41485043,41485992,949,220980
41485992,41487144,1152,82904
41487144,41488131,987,138888
41488131,41488888,757,80197
41488888,41489316,428,290901
41489316,41490521,1205,156724
41490521,41491597,1076,121392
41491597,41492545,948,161707
41492545,41492723,178,172156
41492723,41494003,1280,135657
41494003,41495192,1189,156738
41495192,41496221,1029,126312
41496221,41496599,378,126932
41496599,41497871,1272,86741
41497871,41498047,176,136861
41498047,41498249,202,281187
41498249,41499470,1221,61741
41499470,41500046,576,53320
41500046,41501213,1167,160188
41501213,41502236,1023,150674
41502236,41503379,1143,92820
41503379,41504444,1065,129396
41504444,41505662,1218,148962
41505662,41506948,1286,290363
41506948,41508097,1149,294700
41508097,41508582,485,114452
41508582,41509494,912,133212
41509494,41510711,1217,12539
41510711,41511654,943,70837
41511654,41512090,436,143262
41512090,41513230,1140,142311
41513230,41514431,1201,276907
41514431,41515682,1251,80197
41515682,41516898,1216,291381
41516898,41518071,1173,43296
41518071,41518586,515,121541
41518586,41519858,1272,723
41519858,41520151,293,121734
41520151,41521380,1229,26852
41521380,41521581,201,124368
41521581,41522712,1131,20410
41522712,41523650,938,102240
41523650,41524853,1203,134707
41524853,41526101,1248,131704
41526101,41527293,1192,112012
41527293,41528587,1294,28384
41528587,41529505,918,57837
41529505,41530476,971,184448
41530476,41530965,489,134792
41530965,41531683,718,75810
41531683,41532754,1071,291107
41532754,41533986,1232,101276
41533986,41535167,1181,135022
41535167,41535322,155,58433
41535322,41536498,1176,144485
41536498,41537171,673,162375
41537171,41538408,1237,63885
41538408,41539427,1019,279233
41539427,41539912,485,39475
41539912,41541019,1107,134592
41541019,41542248,1229,126220
41542248,41543329,1081,80189
41543329,41544233,904,76044
41544233,41545409,1176,13185
41545409,41546530,1121,105168
41546530,41547319,789,276939
41547319,41548334,1015,71531
41548334,41548573,239,173230
41548573,41549744,1171,39501
41549744,41550439,695,14013
41550439,41551438,999,42637
41551438,41551740,302,129317
41551740,41552935,1195,155972
41552935,41554092,1157,27593
41554092,41555463,1371,170952
41555463,41555964,501,231838
41555964,41557192,1228,118112
41557192,41557587,395,258970
41557587,41558943,1356,136280
41558943,41560309,1366,134636
41560309,41560472,163,157636
41560472,41561520,1048,86708
41561520,41562689,1169,157861
41562689,41563955,1266,300234
41563955,41565092,1137,163606
41565092,41566340,1248,6541
41566340,41567515,1175,170951
41567515,41568782,1267,143895
41568782,41569627,845,133393
41569627,41570667,1040,142824
41570667,41571916,1249,295446
41571916,41572649,733,123882
41572649,41573615,966,36641
41573615,41574788,1173,56179
41574788,41575893,1105,13250
41575893,41577057,1164,291379
41577057,41578140,1083,34478
41578140,41579404,1264,80534
41579404,41580642,1238,73296
41580642,41580812,170,110054
41580812,41581611,799,4733
41581611,41581904,293,144965
41581904,41583107,1203,66176
41583107,41584383,1276,123025
41584383,41585601,1218,18524
41585601,41586804,1203,127522
41586804,41588120,1316,135894
41588120,41589116,996,174953
41589116,41590253,1137,96151
41590253,41591304,1051,125945
41591304,41591503,199,121730
41591503,41592435,932,143521
41592435,41593724,1289,1560
41593724,41594964,1240,135659
41594964,41596181,1217,89390
41596181,41597198,1017,122810
41597198,41598434,1236,73729
41598434,41599626,1192,724
41599626,41599921,295,26872
41599921,41601112,1191,220952
41601112,41602155,1043,149939
41602155,41603166,1011,290363
41603166,41604360,1194,12332
41604360,41605334,974,121416
41605334,41606446,1112,700
41606446,41607278,832,82558
41607278,41608495,1217,28868
41608495,41608987,492,145145
41608987,41610193,1206,163322
41610193,41611358,1165,109656
41611358,41612697,1339,147110
41612697,41613840,1143,14960
41613840,41614740,900,46267
41614740,41615895,1155,1532
41615895,41617012,1117,282357
41617012,41617212,200,112187
41617212,41618356,1144,176256
41618356,41619499,1143,122806
41619499,41620744,1245,279153
41620744,41621664,920,292347
41621664,41622880,1216,28465
41622880,41624141,1261,19371
41624141,41625346,1205,46240
41625346,41626186,840,129396
41626186,41627043,857,11547
41627043,41628313,1270,16632
41628313,41629089,776,135264
41629089,41630197,1108,105574
41630197,41631395,1198,130728
41631395,41632251,856,96498
41632251,41633498,1247,283242
41633498,41634780,1282,73296
41634780,41635569,789,147627
41635569,41636572,1003,134451
41636572,41637615,1043,285173
41637615,41637978,363,216563
41637978,41639228,1250,125128
41639228,41640509,1281,58843
41640509,41641718,1209,19366
41641718,41642873,1155,55927
41642873,41643805,932,32135
41643805,41644324,519,39648
41644324,41645477,1153,135659
41645477,41646763,1286,12926
41646763,41647753,990,160984
41647753,41648554,801,126794
41648554,41649364,810,10328
41649364,41650517,1153,88086
41650517,41651795,1278,56840
41651795,41653058,1263,142363
41653058,41654209,1151,118128
41654209,41654847,638,70843
41654847,41656186,1339,167597
41656186,41657323,1137,88349
41657323,41658310,987,126221
41658310,41659484,1174,125128
41659484,41659991,507,26553
41659991,41660967,976,170977
41660967,41662086,1119,5911
41662086,41663191,1105,104491
41663191,41664194,1003,178149
41664194,41665283,1089,59167
41665283,41666480,1197,136983
41666480,41667515,1035,121766
41667515,41668844,1329,44575
41668844,41670048,1204,142358
41670048,41671308,1260,129064
41671308,41672437,1129,304534
41672437,41673686,1249,84010
41673686,41674838,1152,26520
41674838,41675890,1052,154697
41675890,41676617,727,86026
41676617,41677713,1096,8675
41677713,41678407,694,64738
41678407,41679221,814,144503
41679221,41680372,1151,175448
41680372,41681584,1212,124547
41681584,41682788,1204,282383
41682788,41683624,836,154673
41683624,41684702,1078,134316
41684702,41685845,1143,39501
41685845,41687100,1255,208
41687100,41688363,1263,11077
41688363,41689579,1216,132291
41689579,41690437,858,4654
41690437,41690710,273,104491
41690710,41691976,1266,156153
41691976,41693196,1220,57154
41693196,41694442,1246,152264
41694442,41695543,1101,170956
41695543,41696464,921,132644
41696464,41697687,1223,83708
41697687,41698483,796,281471
41698483,41698733,250,287659
41698733,41699164,431,122625
41699164,41700411,1247,105405
41700411,41701608,1197,163527
41701608,41702801,1193,134830
41702801,41703861,1060,106800
41703861,41705060,1199,53342
41705060,41706209,1149,45204
41706209,41707476,1267,135657
41707476,41708757,1281,131751
41708757,41708946,189,26895
41708946,41710165,1219,54487
41710165,41711324,1159,177641
41711324,41712475,1151,21393
41712475,41712791,316,283138
41712791,41713562,771,14653
41713562,41714843,1281,145138
41714843,41715116,273,15446
41715116,41715930,814,288044
41715930,41717180,1250,62516
41717180,41718305,1125,110522
41718305,41719527,1222,157480
41719527,41720364,837,66166
41720364,41721316,952,87766
41721316,41722509,1193,157858
41722509,41723749,1240,86683
41723749,41724966,1217,134451
41724966,41726219,1253,155949
41726219,41727346,1127,43296
41727346,41728659,1313,123191
41728659,41729904,1245,170453
41729904,41730665,761,89882
41730665,41731879,1214,80665
41731879,41732723,844,126233
41732723,41733478,755,277899
41733478,41734742,1264,34572
41734742,41735848,1106,286306
41735848,41736233,385,129393
41736233,41737319,1086,126577
41737319,41738408,1089,65772
41738408,41739534,1126,126794
41739534,41740392,858,56777
41740392,41741422,1030,132705
41741422,41742532,1110,282934
41742532,41743755,1223,134149
41743755,41745025,1270,138545
41745025,41746137,1112,293531
41746137,41747236,1099,59268
41747236,41748424,1188,132499
41748424,41749617,1193,128226
41749617,41750910,1293,152831
41750910,41752053,1143,39501
41752053,41752845,792,96157
41752845,41753114,269,107486
41753114,41754005,891,10702
41754005,41754840,835,75242
41754840,41755901,1061,138032
41755901,41756148,247,127731
41756148,41757459,1311,160438
41757459,41758494,1035,126296
41758494,41758992,498,212
41758992,41760197,1205,54487
41760197,41761401,1204,48032
41761401,41762704,1303,134420
41762704,41763783,1079,48032
41763783,41765009,1226,131276
41765009,41765430,421,216564
41765430,41766539,1109,121541
41766539,41767690,1151,122443
41767690,41768347,657,73073
41768347,41769556,1209,39749
41769556,41769749,193,11528
41769749,41770944,1195,158796
41770944,41772138,1194,143485
41772138,41772797,659,163726
41772797,41773846,1049,132800
41773846,41775038,1192,143264
41775038,41776048,1010,174960
41776048,41776741,693,41170
41776741,41777852,1111,128240
41777852,41778977,1125,39648
41778977,41779903,926,126209
41779903,41781099,1196,173230
41781099,41782328,1229,63885
41782328,41783513,1185,111961
41783513,41784095,582,47239
41784095,41785053,958,1129
41785053,41785989,936,129388
41785989,41787128,1139,109179
41787128,41788329,1201,262291
41788329,41789265,936,11734
41789265,41790288,1023,157066
41790288,41791522,1234,126209
41791522,41792823,1301,53458
41792823,41793938,1115,121331
41793938,41794599,661,73957
41794599,41795683,1084,10328
41795683,41796291,608,133290
41796291,41797173,882,116797
41797173,41798394,1221,138631
41798394,41799019,625,134991
41799019,41800234,1215,154671
41800234,41801240,1006,246889
41801240,41802412,1172,126957
41802412,41803545,1133,134420
41803545,41804622,1077,126965
41804622,41805182,560,124549
41805182,41806377,1195,131004
41806377,41807517,1140,121069
41807517,41807931,414,75939
41807931,41809158,1227,290365
41809158,41810309,1151,158081
41810309,41811578,1269,34478
41811578,41812780,1202,132280
41812780,41813671,891,10160
41813671,41814878,1207,16632
41814878,41816072,1194,105383
41816072,41816833,761,158744
41816833,41818069,1236,49750
41818069,41819341,1272,40556
41819341,41819511,170,128677
41819511,41820694,1183,65772
41820694,41821900,1206,130103
41821900,41823124,1224,11547
41823124,41824325,1201,132644
41824325,41825385,1060,73296
41825385,41826694,1309,15081
41826694,41827703,1009,131294
41827703,41828844,1141,104491
41828844,41830003,1159,101289
41830003,41830200,197,51162
41830200,41830538,338,144135
41830538,41831715,1177,75365
41831715,41832951,1236,129587
41832951,41834103,1152,161714
41834103,41834979,876,122443
41834979,41836103,1124,154284
41836103,41837154,1051,70837
41837154,41838353,1199,143895
41838353,41839364,1011,54016
41839364,41840001,637,286306
41840001,41841049,1048,6506
41841049,41842292,1243,7887
41842292,41842585,293,106370
41842585,41843749,1164,131030
41843749,41844858,1109,143893
41844858,41845997,1139,244443
41845997,41846239,242,159056
41846239,41847252,1013,293529
41847252,41848603,1351,234106
41848603,41849697,1094,187023
41849697,41850908,1211,135227
41850908,41852140,1232,73973
41852140,41853419,1279,170952
41853419,41854559,1140,141240
41854559,41855714,1155,131882
41855714,41856922,1208,139741
41856922,41857920,998,290363
41857920,41858752,832,115968
41858752,41859919,1167,5097
41859919,41861127,1208,149236
41861127,41861664,537,862
41861664,41862665,1001,39515
41862665,41863824,1159,4275
41863824,41864664,840,129623
41864664,41865861,1197,170452
41865861,41866662,801,133471
41866662,41867921,1259,300343
41867921,41868162,241,70843
41868162,41869261,1099,25766
41869261,41870460,1199,5911
41870460,41871576,1116,26895
41871576,41872719,1143,141713
41872719,41873790,1071,138486
41873790,41874537,747,83633
41874537,41875704,1167,59167
41875704,41876403,699,149939
41876403,41877254,851,41610
41877254,41878383,1129,10160
41878383,41879606,1223,68369
41879606,41880681,1075,110061
41880681,41881772,1091,281471
41881772,41882993,1221,285314
41882993,41884154,1161,73957
41884154,41884753,599,125123
41884753,41885684,931,37090
41885684,41886593,909,127703
41886593,41887722,1129,80189
41887722,41888899,1177,142733
41888899,41889393,494,126965
41889393,41889916,523,41610
41889916,41891248,1332,176660
41891248,41892319,1071,286306
41892319,41893578,1259,258266
41893578,41894571,993,117384
41894571,41895242,671,138115
41895242,41896094,852,64713
41896094,41897051,957,131256
41897051,41898302,1251,6398
41898302,41898997,695,285896
41898997,41900317,1320,292348
41900317,41901304,987,128138
41901304,41902570,1266,282391
41902570,41903773,1203,122810
41903773,41905093,1320,84010
41905093,41906314,1221,130494
41906314,41907465,1151,137106
41907465,41908500,1035,15305
41908500,41909841,1341,48579
41909841,41911158,1317,157861
41911158,41912172,1014,102612
41912172,41913141,969,57416
41913141,41914402,1261,11734
41914402,41915600,1198,131294
41915600,41916715,1115,64974
41916715,41917797,1082,130505
41917797,41918925,1128,110054
41918925,41919387,462,132891
41919387,41920517,1130,28380
41920517,41921578,1061,57180
41921578,41922797,1219,129752
41922797,41923206,409,83607
41923206,41924421,1215,156724
41924421,41925682,1261,109174
41925682,41926644,962,104394
41926644,41927868,1224,75939
41927868,41929043,1175,208
41929043,41929966,923,14526
41929966,41930203,237,158816
41930203,41931147,944,129994
41931147,41931792,645,131882
41931792,41932835,1043,122544
41932835,41933587,752,101278
41933587,41934514,927,126600
41934514,41935703,1189,144135
41935703,41936929,1226,127694
41936929,41938045,1116,141240
41938045,41939334,1289,121528
41939334,41939827,493,131890
41939827,41940994,1167,69412
41940994,41942061,1067,122863
41942061,41943026,965,132800
41943026,41943177,151,7944
41943177,41944360,1183,9919
41944360,41945543,1183,44912
41945543,41946765,1222,47238
41946765,41947153,388,144503
41947153,41948426,1273,39970
41948426,41949679,1253,57179
41949679,41950252,573,155152
41950252,41951418,1166,294700
41951418,41952541,1123,95959
41952541,41953552,1011,146437
41953552,41953883,331,176270
41953883,41955139,1256,39761
41955139,41956268,1129,164100
41956268,41957177,909,135220
41957177,41958274,1097,20028
41958274,41959233,959,133630
41959233,41960300,1067,128309
41960300,41961313,1013,172165
41961313,41961788,475,149939
41961788,41962869,1081,137154
41962869,41963892,1023,101799
41963892,41965003,1111,199
41965003,41966013,1010,80656
41966013,41966808,795,19208
41966808,41967976,1168,126796
41967976,41968218,242,126959
41968218,41969381,1163,111961
41969381,41970610,1229,134707
41970610,41970792,182,36386
41970792,41972008,1216,291170
41972008,41973265,1257,54016
41973265,41974474,1209,115686
41974474,41975265,791,168497
41975265,41976490,1225,129659
41976490,41977036,546,699
41977036,41978352,1316,109174
41978352,41979635,1283,96153
41979635,41980187,552,7887
41980187,41981287,1100,291107
41981287,41982369,1082,130876
41982369,41983467,1098,19132
41983467,41984678,1211,139387
41984678,41985915,1237,138074
41985915,41987183,1268,233366
41987183,41988195,1012,43296
41988195,41989467,1272,121080
41989467,41990603,1136,131735
41990603,41991835,1232,23281
41991835,41992828,993,102240
41992828,41993905,1077,41170
41993905,41995164,1259,36146
41995164,41996367,1203,91098
41996367,41997550,1183,1189
41997550,41998681,1131,57180
41998681,41999848,1167,4136
41999848,42000913,1065,5416
42000913,42001469,556,40556
42001469,42001686,217,76044
42001686,42002916,1230,16020
42002916,42003996,1080,129808
42003996,42005145,1149,292253
42005145,42005724,579,73712
42005724,42007032,1308,39477
42007032,42008168,1136,139324
42008168,42009197,1029,51163
42009197,42010282,1085,157236
42010282,42011361,1079,133290
42011361,42012620,1259,101278
42012620,42013805,1185,144987
42013805,42015010,1205,129514
42015010,42016298,1288,279233
42016298,42017159,861,75810
42017159,42018353,1194,138548
42018353,42019558,1205,122467
42019558,42020758,1200,279153
42020758,42021567,809,132864
42021567,42022504,937,142362
42022504,42023298,794,10172
42023298,42024375,1077,67858
42024375,42025728,1353,120583
42025728,42026941,1213,41170
42026941,42027578,637,173591
42027578,42028062,484,59175
42028062,42028966,904,150843
42028966,42029583,617,110061
42029583,42030809,1226,285314
42030809,42032002,1193,109662
42032002,42033114,1112,134728
42033114,42033545,431,108621
42033545,42034017,472,138045
42034017,42035134,1117,127696
42035134,42036224,1090,30119
42036224,42036555,331,12539
42036555,42037391,836,102240
42037391,42038664,1273,126794
42038664,42039467,803,121760
42039467,42040706,1239,279852
42040706,42041893,1187,48830
42041893,42042502,609,282926
42042502,42043635,1133,9914
42043635,42044829,1194,108638
42044829,42045598,769,87732
42045598,42046619,1021,123176
42046619,42047824,1205,234067
42047824,42048991,1167,141209
42048991,42050125,1134,35921
42050125,42051093,968,25951
42051093,42052244,1151,216567
42052244,42053030,786,6174
42053030,42054303,1273,138113
42054303,42055475,1172,61758
42055475,42056772,1297,11535
42056772,42058049,1277,92805
42058049,42059314,1265,92202
42059314,42059969,655,126296
42059969,42061238,1269,126232
42061238,42062380,1142,123163
42062380,42063373,993,7574
42063373,42064211,838,128990
42064211,42065418,1207,230928
42065418,42066636,1218,10089
42066636,42067703,1067,152826
42067703,42068083,380,155521
42068083,42068286,203,160187
42068286,42068936,650,41151
42068936,42069893,957,122828
42069893,42071106,1213,121799
42071106,42072046,940,141268
42072046,42072759,713,61316
42072759,42074062,1303,82020
42074062,42074937,875,86804
42074937,42075588,651,138888
42075588,42076499,911,126959
42076499,42077702,1203,280922
42077702,42078868,1166,282934
42078868,42080124,1256,139290
42080124,42081240,1116,47030
42081240,42082543,1303,11254
42082543,42083774,1231,86765
42083774,42084719,945,164187
42084719,42085956,1237,117384
42085956,42087200,1244,279775
42087200,42087470,270,135892
42087470,42088703,1233,123192
42088703,42089898,1195,141148
42089898,42090945,1047,72311
42090945,42091827,882,15082
42091827,42092576,749,129393
42092576,42093609,1033,29012
42093609,42094790,1181,26872
42094790,42095203,413,106969
42095203,42095751,548,126796
42095751,42096885,1134,64956
42096885,42097856,971,169619
42097856,42099039,1183,157636
42099039,42100150,1111,296465
42100150,42101169,1019,122614
42101169,42102328,1159,26559
42102328,42102779,451,6556
42102779,42103964,1185,10674
42103964,42105066,1102,122025
42105066,42106288,1222,50777
42106288,42107322,1034,92002
42107322,42108581,1259,293959
42108581,42109797,1216,73972
42109797,42110948,1151,123172
42110948,42112029,1081,105167
42112029,42112518,489,122944
42112518,42113493,975,61422
42113493,42114516,1023,124990
42114516,42115699,1183,220952
42115699,42116802,1103,282406
42116802,42118140,1338,39476
42118140,42119229,1089,76046
42119229,42120275,1046,128309
42120275,42121332,1057,129979
42121332,42122479,1147,47030
42122479,42123722,1243,280380
42123722,42124722,1000,296395
42124722,42125541,819,114256
42125541,42126673,1132,135832
42126673,42127885,1212,57836
42127885,42129121,1236,83607
42129121,42130466,1345,171108
42130466,42131598,1132,6398
42131598,42132502,904,130625
42132502,42133772,1270,164327
42133772,42134270,498,108640
42134270,42135475,1205,120282
42135475,42136546,1071,365
42136546,42136780,234,7622
42136780,42137813,1033,122544
42137813,42139076,1263,165387
42139076,42139432,356,138032
42139432,42140519,1087,95875
42140519,42140749,230,86710
42140749,42141981,1232,9920
42141981,42143190,1209,122627
42143190,42144325,1135,72207
42144325,42145316,991,149880
42145316,42146550,1234,70998
42146550,42147556,1006,86683
42147556,42148654,1098,123025
42148654,42149867,1213,144503
42149867,42151058,1191,275127
42151058,42151282,224,157066
42151282,42152411,1129,134804
42152411,42153278,867,11535
42153278,42154174,896,132848
42154174,42154567,393,152282
42154567,42155630,1063,121528
42155630,42156787,1157,134451
42156787,42157116,329,129066
42157116,42158136,1020,6524
42158136,42158335,199,61316
42158335,42159472,1137,117382
42159472,42160609,1137,122810
42160609,42161774,1165,130530
42161774,42162072,298,132532
42162072,42162966,894,130728
42162966,42164071,1105,279233
42164071,42165301,1230,288044
42165301,42166255,954,98645
42166255,42167386,1131,165387
42167386,42168635,1249,85635
42168635,42169782,1147,123269
42169782,42171014,1232,134592
42171014,42172231,1217,82458
42172231,42173564,1333,291168
42173564,42174859,1295,132821
42174859,42176182,1323,14653
42176182,42177134,952,39475
42177134,42178328,1194,39477
42178328,42179543,1215,130871
42179543,42180802,1259,123133
42180802,42182004,1202,258959
42182004,42183100,1096,123602
42183100,42184296,1196,101276
42184296,42185566,1270,127518
42185566,42186808,1242,291107
42186808,42187955,1147,123506
42187955,42188616,661,122825
42188616,42189719,1103,121130
42189719,42190962,1243,125140
42190962,42192222,1260,14497
42192222,42193455,1233,133239
42193455,42194579,1124,71531
42194579,42194885,306,126955
42194885,42195905,1020,118128
42195905,42197164,1259,275128
42197164,42198234,1070,138656
42198234,42198444,210,130184
42198444,42199460,1016,138045
42199460,42200649,1189,84010
42200649,42201865,1216,70756
42201865,42203144,1279,124439
42203144,42204381,1237,145145
42204381,42205461,1080,130977
42205461,42206587,1126,7884
42206587,42207850,1263,54659
42207850,42209045,1195,57154
42209045,42209475,430,366
42209475,42209716,241,160593
42209716,42211009,1293,301694
42211009,42212018,1009,13185
42212018,42213223,1205,363
42213223,42214169,946,83606
42214169,42215251,1082,127732
42215251,42216596,1345,121130
42216596,42217566,970,102238
42217566,42218795,1229,292138
42218795,42219974,1179,9210
42219974,42221278,1304,143005
42221278,42222502,1224,4479
42222502,42223698,1196,171134
42223698,42224992,1294,123163
42224992,42226194,1202,294697
42226194,42227323,1129,106800
42227323,42228390,1067,92200
42228390,42229567,1177,7793
42229567,42230741,1174,121727
42230741,42231919,1178,164328
42231919,42233148,1229,166420
42233148,42233360,212,138901
42233360,42234553,1193,170977
42234553,42235686,1133,50777
42235686,42236905,1219,18527
42236905,42238016,1111,287657
42238016,42239283,1267,14897
42239283,42240445,1162,300208
42240445,42241025,580,294113
42241025,42241667,642,121902
42241667,42242772,1105,128633
42242772,42243901,1129,290351
42243901,42244995,1094,13269
42244995,42246174,1179,29110
42246174,42247324,1150,129325
42247324,42248543,1219,41151
42248543,42249252,709,6556
42249252,42250274,1022,96168
42250274,42251094,820,10160
42251094,42252225,1131,110243
42252225,42252718,493,287837
42252718,42253560,842,126861
42253560,42254377,817,126955
42254377,42254701,324,19208
42254701,42255908,1207,64974
42255908,42257131,1223,29012
42257131,42257947,816,157066
42257947,42258622,675,129513
42258622,42259591,969,73073
42259591,42260883,1292,184448
42260883,42262152,1269,154282
42262152,42263437,1285,71550
42263437,42263904,467,129396
42263904,42265025,1121,28375
42265025,42266234,1209,121392
42266234,42267497,1263,5912
42267497,42268654,1157,54613
42268654,42269880,1226,280380
42269880,42271046,1166,184447
42271046,42272264,1218,112056
42272264,42273412,1148,155968
42273412,42274454,1042,48842
42274454,42275555,1101,157236
42275555,42276104,549,288043
42276104,42277345,1241,76974
42277345,42278646,1301,53320
42278646,42279473,827,280380
42279473,42280032,559,60774
42280032,42281091,1059,149881
42281091,42282235,1144,163726
42282235,42283220,985,48842
42283220,42284377,1157,66016
42284377,42285458,1081,7574
42285458,42286443,985,166683
42286443,42287528,1085,64290
42287528,42287916,388,18005
42287916,42289131,1215,39501
42289131,42290214,1083,142279
42290214,42291426,1212,140067
42291426,42292557,1131,154697
42292557,42292954,397,258960
42292954,42293981,1027,110238
42293981,42295250,1269,114256
42295250,42296532,1282,77173
42296532,42297801,1269,72200
42297801,42299029,1228,29092
42299029,42299468,439,48361
42299468,42300679,1211,80189
42300679,42301795,1116,39501
42301795,42302702,907,131722
42302702,42303961,1259,156224
42303961,42304341,380,138047
42304341,42305068,727,76046
42305068,42306211,1143,75242
42306211,42307016,805,102381
42307016,42307651,635,128310
42307651,42308795,1144,268287
42308795,42309258,463,134816
42309258,42310315,1057,133220
42310315,42311399,1084,135894
42311399,42312341,942,36641
42312341,42313544,1203,125123
42313544,42314211,667,147193
42314211,42315403,1192,14653
42315403,42316627,1224,157088
42316627,42317698,1071,146437
42317698,42318021,323,14497
42318021,42318801,780,90852
42318801,42319871,1070,275128
42319871,42320958,1087,162253
42320958,42322159,1201,18527
42322159,42323437,1278,275212
42323437,42324431,994,100043
42324431,42324610,179,232057
42324610,42325855,1245,36633
42325855,42327026,1171,184266
42327026,42327234,208,294554
42327234,42328245,1011,134707
42328245,42329417,1172,127696
42329417,42330767,1350,121671
42330767,42331794,1027,128331
42331794,42332896,1102,158081
42332896,42334218,1322,144986
42334218,42335260,1042,72210
42335260,42336416,1156,108621
42336416,42337598,1182,79973
42337598,42338384,786,147159
42338384,42338768,384,108005
42338768,42339189,421,102238
42339189,42340463,1274,77173
42340463,42341185,722,58868
42341185,42342424,1239,63101
42342424,42343731,1307,128636
42343731,42343984,253,10160
42343984,42345243,1259,86741
42345243,42345449,206,295197
42345449,42346642,1193,171134
42346642,42347060,418,41614
42347060,42348274,1214,123135
42348274,42349534,1260,699
42349534,42350756,1222,106969
42350756,42351283,527,4861
42351283,42352310,1027,144485
42352310,42352615,305,56777
42352615,42353734,1119,161102
42353734,42354925,1191,86741
42354925,42355188,263,131899
42355188,42356161,973,36956
42356161,42357495,1334,10172
42357495,42358567,1072,136846
42358567,42359727,1160,5417
42359727,42360827,1100,152826
42360827,42361326,499,162667
42361326,42362446,1120,220951
42362446,42363130,684,126928
42363130,42364401,1271,73848
42364401,42365691,1290,34572
42365691,42366470,779,135022
42366470,42367741,1271,117382
42367741,42368939,1198,118119
42368939,42370071,1132,156720
42370071,42370958,887,138032
42370958,42371141,183,96157
42371141,42372422,1281,56175
42372422,42373491,1069,44937
42373491,42374670,1179,115968
42374670,42375383,713,130103
42375383,42376610,1227,129983
42376610,42377491,881,91902
42377491,42378756,1265,6174
42378756,42380068,1312,124164
42380068,42380639,571,7884
42380639,42381784,1145,137004
42381784,42382914,1130,130532
42382914,42383591,677,143005
42383591,42384735,1144,47030
42384735,42385877,1142,127579
42385877,42386877,1000,126312
42386877,42387500,623,73073
42387500,42388685,1185,143005
42388685,42389756,1071,110238
42389756,42391030,1274,245691
42391030,42392176,1146,142318
42392176,42393381,1205,49755
42393381,42394665,1284,32856
42394665,42395580,915,55927
42395580,42396198,618,86710
42396198,42396489,291,86026
42396489,42397842,1353,36146
42397842,42398811,969,170977
42398811,42399471,660,69412
42399471,42400759,1288,127579
42400759,42401964,1205,105574
42401964,42402314,350,284269
42402314,42403300,986,30105
42403300,42404483,1183,104606
42404483,42404696,213,8927
42404696,42405873,1177,6397
42405873,42406855,982,101289
42406855,42407202,347,48361
42407202,42407709,507,129066
42407709,42408885,1176,37090
42408885,42409646,761,53638
42409646,42410882,1236,66622
42410882,42411981,1099,64738
42411981,42413022,1041,142858
42413022,42414188,1166,122806
42414188,42414773,585,129752
42414773,42415774,1001,231862
42415774,42416925,1151,25951
42416925,42418189,1264,123266
42418189,42418638,449,157636
42418638,42419858,1220,13185
42419858,42420496,638,124368
42420496,42421228,732,27593
42421228,42422487,1259,112593
42422487,42423472,985,44577
42423472,42424642,1170,26947
42424642,42425772,1130,141721
42425772,42426561,789,14497
42426561,42427869,1308,134425
42427869,42428564,695,162253
42428564,42428735,171,112056
42428735,42429117,382,128669
42429117,42430217,1100,134636
42430217,42431376,1159,76044
42431376,42432124,748,43306
42432124,42433345,1221,70837
42433345,42434501,1156,234067
42434501,42435672,1171,159227
42435672,42436763,1091,121106
42436763,42438016,1253,220980
42438016,42439175,1159,156724
42439175,42440392,1217,99249
42440392,42440697,305,139741
42440697,42441698,1001,143895
42441698,42442741,1043,175448
42442741,42443614,873,142318
42443614,42444776,1162,43306
42444776,42446037,1261,83696
42446037,42447058,1021,3587
42447058,42447673,615,29108
42447673,42448829,1156,123271
42448829,42450021,1192,32639
42450021,42451276,1255,73075
42451276,42452349,1073,66622
42452349,42453406,1057,136863
42453406,42454561,1155,277899
42454561,42455672,1111,59234
42455672,42456905,1233,87280
42456905,42458159,1254,139743
42458159,42459370,1211,73848
42459370,42460526,1156,142320
42460526,42461408,882,44912
42461408,42462473,1065,274376
42462473,42463490,1017,127696
42463490,42464740,1250,165428
42464740,42465827,1087,128990
42465827,42466919,1092,282386
42466919,42468138,1219,125128
42468138,42469358,1220,284444
42469358,42470593,1235,4662
42470593,42471271,678,133212
42471271,42471814,543,129443
42471814,42472841,1027,290047
42472841,42474140,1299,145703
42474140,42475419,1279,18527
42475419,42476530,1111,176278
42476530,42476746,216,126965
42476746,42477159,413,120281
42477159,42478059,900,85635
42478059,42479384,1325,39660
42479384,42480673,1289,143321
42480673,42481793,1120,199
42481793,42483030,1237,117384
42483030,42484151,1121,112012
42484151,42484637,486,2301
42484637,42485531,894,44912
42485531,42486341,810,157056
42486341,42486718,377,32904
42486718,42487577,859,7793
42487577,42488462,885,10822
42488462,42489577,1115,130489
42489577,42490624,1047,276908
42490624,42491759,1135,142824
42491759,42492590,831,58193
42492590,42493363,773,108638
42493363,42494565,1202,156963
42494565,42495785,1220,177627
42495785,42496951,1166,148962
42496951,42498161,1210,122863
42498161,42499197,1036,23281
42499197,42500309,1112,110528
42500309,42500535,226,289242
42500535,42501332,797,129393
42501332,42502331,999,14013
42502331,42503072,741,140931
42503072,42503473,401,157054
42503473,42503826,353,45218
42503826,42504692,866,122025
42504692,42505899,1207,103126
42505899,42507171,1272,134789
42507171,42508405,1234,122614
42508405,42509642,1237,134785
42509642,42510572,930,80656
42510572,42511387,815,135635
42511387,42512625,1238,11547
42512625,42513939,1314,13269
42513939,42515036,1097,136863
42515036,42515943,907,86765
42515943,42516121,178,111754
42516121,42517195,1074,293663
42517195,42518408,1213,395
42518408,42519752,1344,100044
42519752,42520607,855,121541
42520607,42521852,1245,127703
42521852,42523138,1286,126296
42523138,42524220,1082,294523
42524220,42525093,873,124439
42525093,42526235,1142,136458
42526235,42527254,1019,276730
42527254,42527981,727,177627
42527981,42529145,1164,176680
42529145,42530363,1218,45217
42530363,42531469,1106,129805
42531469,42532570,1101,293957
42532570,42533832,1262,128991
42533832,42534671,839,10344
42534671,42535881,1210,132532
42535881,42537074,1193,72311
42537074,42538215,1141,125002
42538215,42539098,883,6557
42539098,42539387,289,107486
42539387,42540366,979,11243
42540366,42541607,1241,130489
42541607,42542833,1226,296468
42542833,42544137,1304,73075
42544137,42545387,1250,39749
42545387,42546566,1179,276732
42546566,42547684,1118,22179
42547684,42548912,1228,121080
42548912,42549945,1033,68358
42549945,42551095,1150,105673
42551095,42552282,1187,10160
42552282,42553441,1159,163726
42553441,42553780,339,11243
42553780,42555112,1332,81858
42555112,42555702,590,26559
42555702,42556941,1239,171133
42556941,42558170,1229,147981
42558170,42559423,1253,102526
42559423,42560653,1230,36633
42560653,42561133,480,184447
42561133,42562253,1120,289242
42562253,42563307,1054,72210
42563307,42564554,1247,71420
42564554,42565820,1266,275147
42565820,42567030,1210,45217
42567030,42568078,1048,8592
42568078,42569293,1215,69412
42569293,42570576,1283,132718
42570576,42571777,1201,134707
42571777,42572898,1121,12707
42572898,42573913,1015,132291
42573913,42575215,1302,134816
42575215,42576504,1289,163505
42576504,42577767,1263,291374
42577767,42579000,1233,122451
42579000,42580234,1234,104637
42580234,42581473,1239,118112
42581473,42582089,616,57837
42582089,42583264,1175,22179
42583264,42583904,640,12971
42583904,42584601,697,280922
42584601,42585744,1143,137618
42585744,42586533,789,39913
42586533,42587688,1155,5083
42587688,42588322,634,128660
42588322,42589442,1120,295446
42589442,42590644,1202,128990
42590644,42591852,1208,170452
42591852,42592995,1143,142279
42592995,42594162,1167,130494
42594162,42595291,1129,100044
42595291,42596506,1215,34497
42596506,42597791,1285,294114
42597791,42598808,1017,61316
42598808,42599987,1179,120281
42599987,42601202,1215,296078
42601202,42602404,1202,134120
42602404,42603503,1099,53638
42603503,42604799,1296,252342
42604799,42605977,1178,231836
42605977,42606646,669,7591
42606646,42607832,1186,26987
42607832,42608567,735,124003
42608567,42609004,437,50776
42609004,42610190,1186,57836
42610190,42611393,1203,11243
42611393,42612539,1146,121760
42612539,42613614,1075,54006
42613614,42614791,1177,57156
42614791,42615785,994,105383
42615785,42616975,1190,259009
42616975,42617906,931,5097
42617906,42618891,985,174511
42618891,42620101,1210,58845
42620101,42621208,1107,176270
42621208,42622374,1166,46267
42622374,42623548,1174,290365
42623548,42624651,1103,133239
42624651,42625821,1170,96153
42625821,42627022,1201,133239
42627022,42628135,1113,76043
42628135,42629435,1300,121674
42629435,42630480,1045,64974
42630480,42630909,429,138033
42630909,42631244,335,177627
42631244,42632507,1263,83696
42632507,42633750,1243,395
42633750,42634844,1094,149791
42634844,42635317,473,756
42635317,42636572,1255,68359
42636572,42637641,1069,46890
42637641,42638851,1210,153733
42638851,42640166,1315,39501
42640166,42640635,469,89735
42640635,42641697,1062,121079
42641697,42642457,760,34572
42642457,42643670,1213,10088
42643670,42644968,1298,284444
42644968,42646192,1224,34572
42646192,42647483,1291,291609
42647483,42648464,981,141270
42648464,42649622,1158,63105
42649622,42650099,477,139612
42650099,42651250,1151,300225
42651250,42652529,1279,136271
42652529,42653789,1260,141613
42653789,42654586,797,141242
42654586,42655673,1087,58192
42655673,42656815,1142,275885
42656815,42657463,648,137589
42657463,42658530,1067,246932
42658530,42659771,1241,184447
42659771,42660972,1201,290365
42660972,42662269,1297,88489
42662269,42662820,551,19208
42662820,42663946,1126,131203
42663946,42664732,786,136863
42664732,42666029,1297,67592
42666029,42666522,493,156757
42666522,42667684,1162,18524
42667684,42668570,886,132717
42668570,42669698,1128,289242
42669698,42670894,1196,121760
42670894,42672062,1168,59268
42672062,42672617,555,19371
42672617,42673531,914,216570
42673531,42674703,1172,20023
42674703,42675506,803,7894
42675506,42676677,1171,114256
42676677,42677905,1228,141320
42677905,42678608,703,83607
42678608,42679635,1027,110061
42679635,42680832,1197,292604
42680832,42681851,1019,258986
42681851,42682876,1025,72927
42682876,42683557,681,47541
42683557,42684808,1251,363
42684808,42685871,1063,216564
42685871,42687034,1163,123283
42687034,42688263,1229,77779
42688263,42689498,1235,152831
42689498,42690625,1127,104394
42690625,42691414,789,290349
42691414,42692075,661,129393
42692075,42693121,1046,274549
42693121,42694345,1224,282386
42694345,42694628,283,259009
42694628,42695794,1166,281131
42695794,42696837,1043,163322
42696837,42698112,1275,170212
42698112,42699130,1018,121069
42699130,42700381,1251,245687
42700381,42701391,1010,28380
42701391,42702227,836,131732
42702227,42703364,1137,294114
42703364,42704626,1262,137004
42704626,42705750,1124,77361
42705750,42707022,1272,10801
42707022,42708267,1245,104398
42708267,42708994,727,155521
42708994,42709398,404,4861
42709398,42710625,1227,87280
42710625,42711602,977,86026
42711602,42712433,831,132710
42712433,42713368,935,284424
42713368,42714635,1267,44912
42714635,42715832,1197,63713
42715832,42716984,1152,126312
42716984,42717401,417,157858
42717401,42718570,1169,300047
42718570,42719794,1224,11077
42719794,42720194,400,15446
42720194,42721365,1171,118128
42721365,42722609,1244,4447
42722609,42723908,1299,59167
42723908,42724540,632,140725
42724540,42725633,1093,53343
42725633,42726806,1173,159227
42726806,42727711,905,76043
42727711,42728214,503,137106
42728214,42728874,660,156224
42728874,42729098,224,15305
42729098,42730139,1041,174960
42730139,42731324,1185,65554
42731324,42732487,1163,80534
42732487,42733461,974,57154
42733461,42733806,345,75365
42733806,42734937,1131,137618
42734937,42736132,1195,67584
42736132,42737232,1100,47032
42737232,42738449,1217,137618
42738449,42739787,1338,54006
42739787,42741020,1233,39971
42741020,42741856,836,126233
42741856,42742239,383,70843
42742239,42743561,1322,258250
42743561,42744712,1151,276907
42744712,42745678,966,279153
42745678,42746977,1299,114476
42746977,42748051,1074,15081
42748051,42749374,1323,129623
42749374,42750309,935,138617
42750309,42751498,1189,104986
42751498,42752699,1201,39481
42752699,42753880,1181,104717
42753880,42755070,1190,10160
42755070,42756291,1221,131218
42756291,42757591,1300,294551
42757591,42758249,658,14653
42758249,42758608,359,135636
42758608,42759883,1275,136983
42759883,42760373,490,112011
42760373,42761554,1181,4145
42761554,42762819,1265,160187
42762819,42763648,829,150916
42763648,42763988,340,10160
42763988,42765285,1297,91072
42765285,42765765,480,44575
42765765,42766862,1097,28384
42766862,42767962,1100,58869
42767962,42769205,1243,49755
42769205,42770403,1198,95441
42770403,42771418,1015,20028
42771418,42772677,1259,136458
42772677,42773636,959,129994
42773636,42774743,1107,156967
42774743,42775377,634,142824
42775377,42776389,1012,39501
42776389,42777611,1222,46243
42777611,42778034,423,137614
42778034,42779301,1267,134170
42779301,42780511,1210,171107
42780511,42781616,1105,117382
42781616,42782155,539,1539
42782155,42782807,652,142858
42782807,42783908,1101,287837
42783908,42785080,1172,139727
42785080,42786197,1117,140639
42786197,42786736,539,135657
42786736,42787852,1116,147110
42787852,42788878,1026,39913
42788878,42790177,1299,11734
42790177,42791456,1279,48032
42791456,42792755,1299,363
42792755,42793080,325,12715
42793080,42794265,1185,130125
42794265,42794593,328,39749
42794593,42795862,1269,142733
42795862,42797051,1189,54487
42797051,42797611,560,61316
42797611,42797993,382,7239
42797993,42799066,1073,128226
42799066,42800289,1223,82020
42800289,42801525,1236,161972
42801525,42801733,208,121064
42801733,42802911,1178,72876
42802911,42803210,299,121661
42803210,42804439,1229,125084
42804439,42804935,496,152831
42804935,42806100,1165,296468
42806100,42807136,1036,131259
42807136,42808038,902,131887
42808038,42809305,1267,15305
42809305,42810450,1145,155972
42810450,42811623,1173,68773
42811623,42812752,1129,143022
42812752,42813349,597,5704
42813349,42814482,1133,44912
42814482,42815539,1057,155968
42815539,42816452,913,10642
42816452,42817653,1201,142752
42817653,42818757,1104,130532
42818757,42819050,293,70843
42819050,42820324,1274,112057
42820324,42821258,934,131296
42821258,42821798,540,302000
42821798,42822641,843,163505
42822641,42823583,942,94876
42823583,42824259,676,82020
42824259,42825615,1356,129983
42825615,42826876,1261,291101
42826876,42827129,253,134657
42827129,42828074,945,133227
42828074,42829409,1335,137739
42829409,42830693,1284,138290
42830693,42832011,1318,148993
42832011,42833263,1252,10347
42833263,42834425,1162,108066
42834425,42835698,1273,57836
42835698,42836855,1157,14497
42836855,42837816,961,73075
42837816,42839135,1319,172165
42839135,42840324,1189,170956
42840324,42841543,1219,23295
42841543,42841805,262,61316
42841805,42842888,1083,138290
42842888,42843923,1035,9914
42843923,42845076,1153,83633
42845076,42846182,1106,121130
42846182,42847446,1264,224746
42847446,42848702,1256,126209
42848702,42849855,1153,293959
42849855,42851044,1189,16632
42851044,42851444,400,25951
42851444,42852479,1035,131226
42852479,42853709,1230,15305
42853709,42854343,634,70843
42854343,42855389,1046,10160
42855389,42855905,516,139291
42855905,42857183,1278,101799
42857183,42858315,1132,106611
42858315,42859395,1080,67858
42859395,42860661,1266,132280
42860661,42861470,809,176256
42861470,42862025,555,296468
42862025,42863134,1109,12332
42863134,42864420,1286,135635
42864420,42865046,626,98880
42865046,42865917,871,66347
42865917,42867076,1159,151817
42867076,42868311,1235,4733
42868311,42869580,1269,186232
42869580,42870804,1224,127521
42870804,42871991,1187,59268
42871991,42872143,152,153731
42872143,42873343,1200,80197
42873343,42873673,330,132717
42873673,42874624,951,122467
42874624,42875831,1207,109658
42875831,42876831,1000,4731
42876831,42877801,970,44912
42877801,42879063,1262,138888
42879063,42880348,1285,13270
42880348,42881589,1241,292604
42881589,42882066,477,130296
42882066,42882530,464,234106
42882530,42883711,1181,130103
42883711,42884818,1107,143893
42884818,42885853,1035,123197
42885853,42886310,457,105167
42886310,42887572,1262,158816
42887572,42887737,165,131722
42887737,42888731,994,55088
42888731,42889925,1194,25766
42889925,42891086,1161,147173
42891086,42892069,983,298549
42892069,42893303,1234,169291
42893303,42894306,1003,53342
42894306,42894999,693,126859
42894999,42896042,1043,57154
42896042,42897273,1231,137770
42897273,42897941,668,165387
42897941,42899104,1163,5341
42899104,42899675,571,20410
42899675,42900056,381,5909
42900056,42901307,1251,162239
42901307,42902465,1158,279233
42902465,42903710,1245,80656
42903710,42904860,1150,274558
42904860,42905897,1037,126739
42905897,42906755,858,10674
42906755,42907996,1241,270778
42907996,42908805,809,122545
42908805,42910012,1207,123866
42910012,42911017,1005,102250
42911017,42912189,1172,129596
42912189,42913451,1262,138042
42913451,42914571,1120,14897
42914571,42915861,1290,138032
42915861,42916819,958,63713
42916819,42917356,537,156154
42917356,42918108,752,134316
42918108,42919279,1171,6541
42919279,42920550,1271,11612
42920550,42921345,795,111574
42921345,42921711,366,40556
42921711,42922244,533,102526
42922244,42922767,523,40544
42922767,42923690,923,26559
42923690,42924859,1169,128309
42924859,42926120,1261,282926
42926120,42927253,1133,291101
42927253,42928252,999,10702
42928252,42929331,1079,10801
42929331,42930472,1141,158081
42930472,42931597,1125,109656
42931597,42932884,1287,187023
42932884,42934021,1137,126929
42934021,42935182,1161,62516
42935182,42936390,1208,121331
42936390,42937616,1226,31603
42937616,42938877,1261,142279
42938877,42939154,277,140222
42939154,42940339,1185,133424
42940339,42941175,836,144965
42941175,42941656,481,129623
42941656,42942099,443,161707
42942099,42943067,968,109176
42943067,42943964,897,281131
42943964,42945072,1108,76044
42945072,42946303,1231,232057
42946303,42947158,855,145145
42947158,42948472,1314,133273
42948472,42949453,981,258266
42949453,42950708,1255,294523
42950708,42951813,1105,58868
42951813,42952816,1003,286306
42952816,42954157,1341,296468
42954157,42955320,1163,46240
42955320,42956487,1167,73073
42956487,42957759,1272,96175
42957759,42958968,1209,31089
42958968,42960234,1266,73732
42960234,42961489,1255,156015
42961489,42962757,1268,139612
42962757,42964005,1248,156159
42964005,42964520,515,135891
42964520,42965711,1191,5710
42965711,42966121,410,32451
42966121,42967210,1089,304535
42967210,42968242,1032,130588
42968242,42969440,1198,134660
42969440,42969934,494,172156
42969934,42971178,1244,132800
42971178,42971543,365,216563
42971543,42972707,1164,163935
42972707,42974014,1307,258986
42974014,42974419,405,126829
42974419,42974842,423,86741
42974842,42975989,1147,220979
42975989,42977245,1256,92915
42977245,42978382,1137,58433
42978382,42979599,1217,276732
42979599,42980075,476,54667
42980075,42981129,1054,285135
42981129,42981545,416,121528
42981545,42982318,773,290923
42982318,42983549,1231,121543
42983549,42984666,1117,295710
42984666,42985779,1113,133211
42985779,42986964,1185,156738
42986964,42987910,946,143264
42987910,42989154,1244,59268
42989154,42989827,673,282357
42989827,42990610,783,258970
42990610,42991543,933,98878
42991543,42992645,1102,138866
42992645,42993931,1286,150843
42993931,42995260,1329,131004
42995260,42995935,675,158074
42995935,42997101,1166,159386
42997101,42998376,1275,31091
42998376,42999640,1264,273050
42999640,43000895,1255,29110
43000895,43001951,1056,19366
43001951,43003088,1137,252341
43003088,43004319,1231,31629
43004319,43005559,1240,62558
43005559,43005966,407,25765
43005966,43006649,683,144135
43006649,43007746,1097,101289
43007746,43008067,321,118112
43008067,43008788,721,24732
43008788,43009968,1180,125140
43009968,43011105,1137,63095
43011105,43012352,1247,126932
43012352,43013541,1189,254918
43013541,43014088,547,139741
43014088,43015159,1071,21393
43015159,43016198,1039,38660
43016198,43017207,1009,276735
43017207,43018351,1144,102240
43018351,43019190,839,130125
43019190,43019820,630,295759
43019820,43020803,983,14677
43020803,43021844,1041,163935
43021844,43023014,1170,130727
43023014,43023818,804,84010
43023818,43024575,757,290363
43024575,43024964,389,134170
43024964,43026161,1197,142752
43026161,43027258,1097,134708
43027258,43027818,560,293663
43027818,43028883,1065,133442
43028883,43029460,577,129582
43029460,43030527,1067,116805
43030527,43031715,1188,73728
43031715,43032778,1063,37092
43032778,43034049,1271,304535
43034049,43035249,1200,69412
43035249,43036433,1184,131294
43036433,43037376,943,129064
43037376,43038607,1231,122614
43038607,43039844,1237,112593
43039844,43040872,1028,138631
43040872,43041926,1054,76044
43041926,43043206,1280,83633
43043206,43043507,301,19373
43043507,43044709,1202,34501
43044709,43045878,1169,123048
43045878,43046960,1082,55927
43046960,43047330,370,154838
43047330,43048279,949,73846
43048279,43049344,1065,75362
43049344,43050218,874,46889
43050218,43050651,433,76574
43050651,43051843,1192,136483
43051843,43052997,1154,61743
43052997,43053909,912,296468
43053909,43054922,1013,131722
43054922,43056153,1231,14958
43056153,43057346,1193,133471
43057346,43057537,191,128309
43057537,43058091,554,108005
43058091,43059259,1168,88349
43059259,43060379,1120,110238
43060379,43061459,1080,68361
43061459,43062616,1157,127685
43062616,43063888,1272,124595
43063888,43064217,329,97610
43064217,43064778,561,304534
43064778,43064982,204,181961
43064982,43066275,1293,106800
43066275,43066814,539,164187
43066814,43067897,1083,8675
43067897,43069113,1216,73728
43069113,43070309,1196,72212
43070309,43071550,1241,6524
43071550,43072770,1220,141642
43072770,43073368,598,59268
43073368,43074441,1073,366
43074441,43075356,915,124547
43075356,43076491,1135,5703
43076491,43077725,1234,75791
43077725,43078605,880,126932
43078605,43079856,1251,40544
43079856,43080635,779,97593
43080635,43081705,1070,133263
43081705,43082150,445,134981
43082150,43083227,1077,130093
43083227,43084314,1087,132291
43084314,43085400,1086,293168
43085400,43086565,1165,73846
43086565,43087718,1153,54016
43087718,43088857,1139,139291
43088857,43089331,474,122627
43089331,43090477,1146,175448
43090477,43091729,1252,124368
43091729,43092860,1131,124547
43092860,43093427,567,62347
43093427,43093631,204,395
43093631,43094788,1157,79973
43094788,43095865,1077,12332
43095865,43097052,1187,132850
43097052,43097772,720,6175
43097772,43098970,1198,291107
43098970,43100067,1097,54666
43100067,43101225,1158,105390
43101225,43102362,1137,699
43102362,43103115,753,121103
43103115,43104146,1031,131003
43104146,43105295,1149,140041
43105295,43106054,759,153309
43106054,43106923,869,304535
43106923,43108220,1297,105383
43108220,43109399,1179,5758
43109399,43109802,403,138045
43109802,43111161,1359,129790
43111161,43112463,1302,29091
43112463,43113252,789,117382
43113252,43113971,719,138033
43113971,43115224,1253,282934
43115224,43116467,1243,82458
43116467,43117593,1126,14672
43117593,43118509,916,10160
43118509,43119722,1213,142733
43119722,43120884,1162,96175
43120884,43121700,816,6524
43121700,43122938,1238,138033
43122938,43123792,854,245708
43123792,43124046,254,140651
43124046,43125313,1267,140931
43125313,43125704,391,46889
43125704,43126761,1057,300225
43126761,43128010,1249,83708
43128010,43129291,1281,14653
43129291,43130200,909,142279
43130200,43131463,1263,83607
43131463,43131638,175,122443
43131638,43132717,1079,59288
43132717,43133731,1014,133290
43133731,43134719,988,132530
43134719,43134964,245,8927
43134964,43135983,1019,31603
43135983,43137018,1035,128660
43137018,43138075,1057,21393
43138075,43138712,637,58868
43138712,43140030,1318,14497
43140030,43141315,1285,26987
43141315,43142538,1223,127215
43142538,43143619,1081,105673
43143619,43144258,639,132705
43144258,43145437,1179,6524
43145437,43146456,1019,139290
43146456,43146995,539,18533
43146995,43148164,1169,135762
43148164,43148667,503,11612
43148667,43149898,1231,13185
43149898,43151138,1240,4479
43151138,43152236,1098,86588
43152236,43153296,1060,129515
43153296,43154498,1202,56837
43154498,43155464,966,140071
43155464,43156692,1228,274549
43156692,43157945,1253,59268
43157945,43159098,1153,67147
43159098,43159430,332,54006
43159430,43159981,551,19366
43159981,43161299,1318,154282
43161299,43162538,1239,86765
43162538,43163703,1165,147159
43163703,43164878,1175,104986
43164878,43166079,1201,138047
43166079,43167146,1067,110238
43167146,43168319,1173,106965
43168319,43169546,1227,153964
43169546,43170736,1190,114469
43170736,43171049,313,27504
43171049,43172156,1107,127694
43172156,43173351,1195,5417
43173351,43174591,1240,22179
43174591,43175724,1133,29092
43175724,43176857,1133,1532
43176857,43178116,1259,271817
43178116,43179333,1217,58192
43179333,43180336,1003,111574
43180336,43181502,1166,296473
43181502,43182542,1040,291107
43182542,43183797,1255,132530
43183797,43184538,741,138043
43184538,43185699,1161,133834
43185699,43186751,1052,142358
43186751,43187111,360,139356
43187111,43188076,965,285314
43188076,43189226,1150,10674
43189226,43190337,1111,71531
43190337,43191355,1018,130533
43191355,43192246,891,134981
43192246,43193440,1194,199
43193440,43194648,1208,155151
43194648,43195707,1059,300225
43195707,43196755,1048,276749
43196755,43197646,891,94523
43197646,43198910,1264,138033
43198910,43199601,691,184266
43199601,43200590,989,146346
43200590,43201552,962,143946
43201552,43202549,997,59268
43202549,43203860,1311,92202
43203860,43204749,889,128240
43204749,43205707,958,157480
43205707,43205969,262,59268
43205969,43206791,822,282385
43206791,43207857,1066,176270
43207857,43208081,224,122863
43208081,43209206,1125,130125
43209206,43210468,1262,5704
43210468,43211749,1281,12971
43211749,43212300,551,110127
43212300,43213549,1249,69412
43213549,43214830,1281,46243
43214830,43215967,1137,66347
43215967,43216303,336,104979
43216303,43217515,1212,92935
43217515,43217682,167,3586
43217682,43217869,187,156968
43217869,43218276,407,122626
43218276,43219571,1295,99249
43219571,43220730,1159,110528
43220730,43221875,1145,39661
43221875,43223039,1164,258283
43223039,43223556,517,129443
43223556,43223759,203,46890
43223759,43225010,1251,126955
43225010,43225952,942,35921
43225952,43226894,942,125883
43226894,43227975,1081,135826
43227975,43229156,1181,254948
43229156,43230286,1130,28380
43230286,43231357,1071,130532
43231357,43231641,284,129808
43231641,43232038,397,296465
43232038,43233199,1161,152224
43233199,43234346,1147,73958
43234346,43235577,1231,138063
43235577,43236786,1209,121674
43236786,43237677,891,134717
43237677,43238099,422,10328
43238099,43238834,735,58845
43238834,43240111,1277,147159
43240111,43241126,1015,157861
43241126,43241714,588,216563
43241714,43242981,1267,278217
43242981,43243928,947,274558
43243928,43244934,1006,279849
43244934,43246151,1217,126794
43246151,43247421,1270,143264
43247421,43248192,771,164187
43248192,43249359,1167,164328
43249359,43250541,1182,293529
43250541,43251705,1164,46268
43251705,43252818,1113,130544
43252818,43253926,1108,220951
43253926,43255091,1165,105171
43255091,43256171,1080,143895
43256171,43256663,492,173230
43256663,43257724,1061,8689
43257724,43258843,1119,9010
43258843,43260119,1276,7741
43260119,43261220,1101,70998
43261220,43262334,1114,25766
43262334,43263316,982,143625
43263316,43264487,1171,2327
43264487,43265015,528,75807
43265015,43266078,1063,123283
43266078,43267237,1159,258960
43267237,43268403,1166,86765
43268403,43269580,1177,135814
43269580,43270777,1197,157400
43270777,43271950,1173,7944
43271950,43273131,1181,73728
43273131,43274151,1020,98880
43274151,43275318,1167,126313
43275318,43276557,1239,30591
43276557,43277654,1097,133239
43277654,43278778,1124,220952
43278778,43279949,1171,109658
43279949,43281041,1092,149735
43281041,43282297,1256,36386
43282297,43283480,1183,5758
43283480,43284626,1146,54016
43284626,43285949,1323,14976
43285949,43286836,887,304535
43286836,43287529,693,233366
43287529,43288771,1242,80656
43288771,43290048,1277,86043
43290048,43291037,989,123172
43291037,43291448,411,8592
43291448,43292719,1271,6174
43292719,43293984,1265,123135
43293984,43295119,1135,123866
43295119,43295849,730,110061
43295849,43296797,948,35926
43296797,43297976,1179,105168
43297976,43299175,1199,138074
43299175,43300310,1135,26852
43300310,43301617,1307,121415
43301617,43302099,482,127538
43302099,43302968,869,126842
43302968,43303944,976,285135
43303944,43304959,1015,14526
43304959,43306190,1231,184265
43306190,43307372,1182,72311
43307372,43308578,1206,141571
43308578,43309721,1143,152265
43309721,43310518,797,58869
43310518,43311225,707,115686
43311225,43312326,1101,183988
43312326,43313329,1003,69412
43313329,43314170,841,122544
43314170,43315082,912,1562
43315082,43315957,875,126739
43315957,43317257,1300,108620
43317257,43317889,632,295446
43317889,43318817,928,14013
43318817,43319060,243,31091
43319060,43319571,511,126796
43319571,43320555,984,30101
43320555,43321720,1165,129583
43321720,43322390,670,129440
43322390,43323366,976,123192
43323366,43324648,1282,139741
43324648,43325643,995,282926
43325643,43326007,364,146437
43326007,43327254,1247,3582
43327254,43328449,1195,83606
43328449,43329404,955,121720
43329404,43330537,1133,101289
43330537,43331785,1248,11243
43331785,43332652,867,15081
43332652,43332909,257,7894
43332909,43333982,1073,132848
43333982,43334173,191,122467
43334173,43335332,1159,283138
43335332,43336167,835,216563
43336167,43337358,1191,132073
43337358,43338468,1110,135635
43338468,43339638,1170,59175
43339638,43340773,1135,38026
43340773,43341907,1134,71531
43341907,43342618,711,39761
43342618,43343402,784,138888
43343402,43344359,957,124990
43344359,43344777,418,295761
43344777,43345801,1024,156967
43345801,43347047,1246,72200
43347047,43347896,849,58763
43347896,43349227,1331,274375
43349227,43350390,1163,289242
43350390,43351652,1262,88086
43351652,43352665,1013,304541
43352665,43353733,1068,76055
43353733,43354227,494,121741
43354227,43354987,760,150127
43354987,43355740,753,157242
43355740,43355936,196,126600
43355936,43357001,1065,6541
43357001,43358124,1123,35921
43358124,43358745,621,395
43358745,43359757,1012,164101
43359757,43360847,1090,12926
43360847,43362144,1297,148312
43362144,43362981,837,287837
43362981,43364129,1148,138043
43364129,43364616,487,101578
43364616,43365653,1037,148522
43365653,43366908,1255,130492
43366908,43368049,1141,104986
43368049,43368524,475,10642
43368524,43369656,1132,278220
43369656,43370889,1233,73972
43370889,43372118,1229,11254
43372118,43373175,1057,51163
43373175,43374461,1286,41170
43374461,43374846,385,16632
43374846,43375916,1070,139710
43375916,43376987,1071,8689
43376987,43378020,1033,112012
43378020,43378971,951,4275
43378971,43380155,1184,126410
43380155,43381331,1176,302111
43381331,43382526,1195,135894
43382526,43383761,1235,64956
43383761,43384888,1127,34501
43384888,43386025,1137,108066
43386025,43386880,855,258283
43386880,43387870,990,104391
43387870,43389067,1197,157263
43389067,43389794,727,84349
43389794,43391079,1285,75365
43391079,43392252,1173,282977
43392252,43393289,1037,125941
43393289,43394442,1153,39501
43394442,43395655,1213,139350
43395655,43396097,442,366
43396097,43397189,1092,58845
43397189,43397918,729,29101
43397918,43398128,210,160187
43398128,43399237,1109,100044
43399237,43399958,721,262291
43399958,43400835,877,141268
43400835,43402094,1259,178450
43402094,43402935,841,166683
43402935,43404103,1168,122827
43404103,43404836,733,15082
43404836,43405615,779,11734
43405615,43406049,434,145138
43406049,43407231,1182,397
43407231,43408436,1205,699
43408436,43409653,1217,62851
43409653,43410171,518,137618
43410171,43411356,1185,50776
43411356,43412539,1183,48362
43412539,43413723,1184,39971
43413723,43414474,751,61742
43414474,43415606,1132,129440
43415606,43416027,421,147159
43416027,43417224,1197,10701
43417224,43418189,965,149880
43418189,43419315,1126,862
43419315,43420574,1259,164328
43420574,43421640,1066,112593
43421640,43422697,1057,134176
43422697,43423379,682,142363
43423379,43424260,881,121799
43424260,43425119,859,41259
43425119,43426165,1046,68358
43426165,43427358,1193,5912
43427358,43428501,1143,129790
43428501,43429534,1033,110238
43429534,43430729,1195,49755
43430729,43431042,313,145699
43431042,43431847,805,14960
43431847,43433042,1195,63095
43433042,43434264,1222,231862
43434264,43435475,1211,130164
43435475,43436622,1147,148550
43436622,43437726,1104,135635
43437726,43437985,259,3967
43437985,43439001,1016,285135
43439001,43439807,806,39660
43439807,43441004,1197,156757
43441004,43442188,1184,22581
43442188,43442531,343,160187
43442531,43443724,1193,133424
43443724,43443944,220,138656
43443944,43444195,251,129393
43444195,43444774,579,92002
43444774,43445771,997,161975
43445771,43447069,1298,32637
43447069,43447371,302,124221
43447371,43448258,887,129388
43448258,43448905,647,131890
43448905,43450178,1273,123049
43450178,43451180,1002,73973
43451180,43452340,1160,94523
43452340,43453456,1116,68773
43453456,43453901,445,173230
43453901,43454211,310,6557
43454211,43454769,558,176854
43454769,43455201,432,115968
43455201,43456058,857,699
43456058,43456422,364,56574
43456422,43457659,1237,149939
43457659,43458843,1184,129317
43458843,43459965,1122,290365
43459965,43460385,420,296473
43460385,43461479,1094,100431
43461479,43462675,1196,144485
43462675,43463888,1213,164461
43463888,43464416,528,108638
43464416,43465701,1285,6176
43465701,43465944,243,137627
43465944,43466162,218,8684
43466162,43467330,1168,291170
43467330,43468288,958,28375
43468288,43469322,1034,92812
43469322,43470490,1168,47239
43470490,43471658,1168,23311
43471658,43472915,1257,92812
43472915,43474084,1169,128761
43474084,43475188,1104,127936
43475188,43475597,409,366
43475597,43476834,1237,23311
43476834,43478080,1246,294554
43478080,43479243,1163,34572
43479243,43480181,938,12707
43480181,43481522,1341,5758
43481522,43482737,1215,125883
43482737,43483800,1063,149735
43483800,43485049,1249,100043
43485049,43486389,1340,174132
43486389,43487555,1166,25951
43487555,43488599,1044,295761
43488599,43489549,950,89894
43489549,43490725,1176,178149
43490725,43491886,1161,144021
43491886,43492941,1055,124526
43492941,43493502,561,9203
43493502,43493944,442,70753
43493944,43494239,295,105383
43494239,43494738,499,140040
43494738,43495922,1184,168204
43495922,43497148,1226,29092
43497148,43498285,1137,17615
43498285,43499319,1034,7793
43499319,43500560,1241,23295
43500560,43501628,1068,301694
43501628,43502033,405,283242
43502033,43503149,1116,127936
43503149,43504249,1100,75939
43504249,43505375,1126,61780
43505375,43506318,943,12715
43506318,43507647,1329,131226
43507647,43508818,1171,5417
43508818,43509706,888,144496
43509706,43510327,621,54487
43510327,43511531,1204,6524
43511531,43512569,1038,1562
43512569,43513780,1211,10160
43513780,43515074,1294,41151
43515074,43516117,1043,44937
43516117,43517350,1233,5911
43517350,43518124,774,134728
43518124,43519330,1206,293531
43519330,43520500,1170,100431
43520500,43521338,838,22574
43521338,43522198,860,4687
43522198,43523333,1135,48831
43523333,43524343,1010,279775
43524343,43525546,1203,28247
43525546,43526364,818,34483
43526364,43527592,1228,139681
43527592,43528746,1154,56175
43528746,43529583,837,139710
43529583,43530852,1269,138545
43530852,43531981,1129,163597
43531981,43532866,885,16632
43532866,43533401,535,246948
43533401,43534656,1255,108638
43534656,43535719,1063,57836
43535719,43536842,1123,108066
43536842,43537993,1151,158744
43537993,43539076,1083,28465
43539076,43540314,1238,170438
43540314,43541478,1164,117382
43541478,43542154,676,95441
43542154,43543036,882,129324
43543036,43544089,1053,53343
43544089,43545353,1264,67233
43545353,43545979,626,283138
43545979,43547326,1347,94108
43547326,43548445,1119,44937
43548445,43549422,977,19361
43549422,43550589,1167,55088
43550589,43551694,1105,3961
43551694,43552867,1173,177234
43552867,43553404,537,126965
43553404,43554599,1195,1187
43554599,43554858,259,48579
43554858,43556052,1194,134981
43556052,43557218,1166,131226
43557218,43558387,1169,72200
43558387,43559576,1189,69422
43559576,43560819,1243,152831
43560819,43562049,1230,134830
43562049,43562838,789,54487
43562838,43563983,1145,16632
43563983,43564948,965,124439
43564948,43565887,939,91192
43565887,43567085,1198,46890
43567085,43568186,1101,132272
43568186,43569338,1152,136280
43569338,43570501,1163,156155
43570501,43571699,1198,245708
43571699,43572828,1129,29091
43572828,43574113,1285,282385
43574113,43575434,1321,169619
43575434,43576525,1091,120277
43576525,43577677,1152,82020
43577677,43578855,1178,130533
43578855,43579206,351,14497
43579206,43580344,1138,64708
43580344,43581197,853,105168
43581197,43582486,1289,96151
43582486,43583765,1279,55927
43583765,43584874,1109,170952
43584874,43585412,538,63713
43585412,43586658,1246,169293
43586658,43587377,719,160188
43587377,43588353,976,4654
43588353,43589389,1036,73728
43589389,43590239,850,131735
43590239,43591263,1024,98877
43591263,43592432,1169,126860
43592432,43593592,1160,130560
43593592,43594789,1197,92812
43594789,43595541,752,54006
43595541,43596649,1108,177641
43596649,43597870,1221,295710
43597870,43599213,1343,54666
43599213,43599874,661,129808
43599874,43600997,1123,39648
43600997,43602129,1132,174992
43602129,43603040,911,92814
43603040,43603931,891,39501
43603931,43604612,681,138488
43604612,43605541,929,104886
43605541,43605879,338,46267
43605879,43607138,1259,146111
43607138,43608335,1197,10328
43608335,43609448,1113,282926
43609448,43610702,1254,144135
43610702,43611967,1265,258283
43611967,43612751,784,160593
43612751,43613381,630,284435
43613381,43614570,1189,39661
43614570,43615713,1143,104491
43615713,43617068,1355,8912
43617068,43618334,1266,14672
43618334,43619507,1173,157088
43619507,43620770,1263,126737
43620770,43621892,1122,80192
43621892,43622137,245,13364
43622137,43623321,1184,137483
43623321,43624448,1127,4662
43624448,43624627,179,14674
43624627,43625471,844,149739
43625471,43626564,1093,109656
43626564,43627816,1252,121899
43627816,43628747,931,246892
43628747,43629162,415,64292
43629162,43630223,1061,143893
43630223,43630747,524,97610
43630747,43632010,1263,133834
43632010,43633295,1285,12546
43633295,43634181,886,245707
43634181,43635387,1206,10172
43635387,43636514,1127,88484
43636514,43637792,1278,142752
43637792,43638852,1060,102250
43638852,43639960,1108,157088
43639960,43640807,847,56174
43640807,43642072,1265,134160
43642072,43643359,1287,7884
43643359,43644615,1256,132891
43644615,43645334,719,121085
43645334,43646654,1320,101864
43646654,43647577,923,73958
43647577,43648263,686,128633
43648263,43648572,309,246932
43648572,43649625,1053,134707
43649625,43650650,1025,157636
43650650,43651673,1023,48525
43651673,43652796,1123,135022
43652796,43653442,646,107487
43653442,43654766,1324,30106
43654766,43655870,1104,133227
43655870,43657019,1149,129597
43657019,43657989,970,84121
43657989,43659204,1215,101854
43659204,43660129,925,90852
43660129,43661336,1207,123036
43661336,43662633,1297,82020
43662633,43663703,1070,133447
43663703,43664848,1145,19366
43664848,43665947,1099,136483
43665947,43667068,1121,23311
43667068,43668066,998,279153
43668066,43669214,1148,10701
43669214,43670405,1191,134160
43670405,43671036,631,291381
43671036,43672273,1237,7793
43672273,43673354,1081,131030
43673354,43674198,844,160187
43674198,43675324,1126,89898
43675324,43675724,400,130588
43675724,43676885,1161,87280
43676885,43677588,703,723
43677588,43678743,1155,105673
43678743,43679767,1024,14526
43679767,43681001,1234,279363
43681001,43681282,281,142744
43681282,43681969,687,185485
43681969,43683055,1086,1187
43683055,43683756,701,163519
43683756,43684239,483,89898
43684239,43685452,1213,69422
43685452,43686479,1027,291374
43686479,43687632,1153,64738
43687632,43688363,731,86741
43688363,43689524,1161,121720
43689524,43690751,1227,102239
43690751,43691204,453,101276
43691204,43692429,1225,73973
43692429,43693218,789,232057
43693218,43694482,1264,88484
43694482,43695713,1231,162238
43695713,43696084,371,134636
43696084,43697372,1288,123133
43697372,43697649,277,115968
43697649,43698982,1333,8675
43698982,43700217,1235,131226
43700217,43701334,1117,6176
43701334,43702515,1181,254918
43702515,43703617,1102,108638
43703617,43704788,1171,80690
43704788,43705264,476,129808
43705264,43706497,1233,4275
43706497,43707758,1261,123443
43707758,43708681,923,95959
43708681,43709238,557,143307
43709238,43710467,1229,143895
43710467,43711667,1200,142311
43711667,43712826,1159,57180
43712826,43713199,373,149890
43713199,43713701,502,109173
43713701,43714781,1080,139297
43714781,43715806,1025,163612
43715806,43717011,1205,130184
43717011,43718173,1162,53320
43718173,43719147,974,57180
43719147,43720291,1144,169291
43720291,43721439,1148,126600
43721439,43722557,1118,73847
43722557,43723880,1323,80189
43723880,43725184,1304,123268
43725184,43725337,153,163935
43725337,43726368,1031,130504
43726368,43727483,1115,32139
43727483,43728446,963,397
43728446,43729694,1248,169291
43729694,43730903,1209,6398
43730903,43732063,1160,96153
43732063,43732657,594,110238
43732657,43733653,996,67858
43733653,43734714,1061,68361
43734714,43735609,895,46243
43735609,43736687,1078,123135
43736687,43737711,1024,80656
43737711,43738909,1198,152864
43738909,43739865,956,122825
43739865,43740824,959,121661
43740824,43741569,745,83607
43741569,43742156,587,114452
43742156,43743379,1223,133424
43743379,43744523,1144,134786
43744523,43745834,1311,291107
43745834,43746693,859,26496
43746693,43747903,1210,290349
43747903,43748162,259,155968
43748162,43749286,1124,291953
43749286,43750599,1313,101832
43750599,43751805,1206,76574
43751805,43752657,852,170976
43752657,43753980,1323,177641
43753980,43755220,1240,282383
43755220,43756469,1249,19366
43756469,43757222,753,169293
43757222,43758557,1335,292252
43758557,43759194,637,290361
43759194,43760430,1236,135654
43760430,43761426,996,170952
43761426,43762641,1215,37090
43762641,43763761,1120,121799
43763761,43764991,1230,182396
43764991,43765708,717,132649
43765708,43767036,1328,137483
43767036,43768202,1166,137004
43768202,43769260,1058,70919
43769260,43770447,1187,110742
43770447,43770902,455,233382
43770902,43771234,332,49755
43771234,43771900,666,142727
43771900,43773118,1218,106974
43773118,43774127,1009,123269
43774127,43774584,457,14653
43774584,43775901,1317,121068
43775901,43776632,731,258262
43776632,43777907,1275,142744
43777907,43778869,962,164187
43778869,43780049,1180,121760
43780049,43781020,971,175448
43781020,43782186,1166,13185
43782186,43783342,1156,131040
43783342,43784619,1277,131742
43784619,43784812,193,130093
43784812,43785915,1103,132891
43785915,43787102,1187,127215
43787102,43787510,408,224746
43787510,43788531,1021,134120
43788531,43789729,1198,146346
43789729,43790952,1223,121734
43790952,43792078,1126,139742
43792078,43793265,1187,294114
43793265,43794460,1195,120318
43794460,43795566,1106,104483
43795566,43796191,625,32139
43796191,43797494,1303,182396
43797494,43798053,559,44585
43798053,43799002,949,136271
43799002,43800174,1172,286306
43800174,43801351,1177,129752
43801351,43802471,1120,157858
43802471,43803654,1183,176853
43803654,43804815,1161,143022
43804815,43806099,1284,144485
43806099,43806673,574,9920
43806673,43807647,974,134160
43807647,43808857,1210,100045
43808857,43810119,1262,281131
43810119,43811062,943,258262
43811062,43812320,1258,131735
43812320,43813654,1334,122467
43813654,43814929,1275,26956
43814929,43815958,1029,26496
43815958,43816743,785,122443
43816743,43817920,1177,88086
43817920,43819194,1274,38026
43819194,43820331,1137,86026
43820331,43821311,980,84447
43821311,43822585,1274,41151
43822585,43823786,1201,41259
43823786,43825035,1249,51162
43825035,43826229,1194,135020
43826229,43827380,1151,132891
43827380,43828431,1051,98645
43828431,43828634,203,63101
43828634,43829319,685,278220
43829319,43830458,1139,142362
43830458,43831712,1254,133447
43831712,43832782,1070,139361
43832782,43833500,718,139397
43833500,43834673,1173,69411
43834673,43835949,1276,1732
43835949,43837068,1119,365
43837068,43838273,1205,130493
43838273,43839470,1197,163322
43839470,43840733,1263,123267
43840733,43842000,1267,758
43842000,43842429,429,234067
43842429,43843072,643,89880
43843072,43843965,893,134170
43843965,43844996,1031,157243
43844996,43846192,1196,135894
43846192,43847389,1197,48513
43847389,43848614,1225,176270
43848614,43849570,956,8912
43849570,43849781,211,130627
43849781,43851080,1299,95875
43851080,43852242,1162,302111
43852242,43853366,1124,130989
43853366,43854461,1095,74798
43854461,43855458,997,95963
43855458,43856684,1226,131735
43856684,43857836,1152,121766
43857836,43858188,352,133273
43858188,43859390,1202,86732
43859390,43860635,1245,144503
43860635,43861960,1325,143484
43861960,43863012,1052,39971
43863012,43864241,1229,126947
43864241,43864767,526,123190
43864767,43865893,1126,162129
43865893,43867226,1333,4861
43867226,43868084,858,178748
43868084,43868613,529,144496
43868613,43869754,1141,151817
43869754,43870999,1245,292138
43870999,43872100,1101,7793
43872100,43872925,825,126739
43872925,43874099,1174,4861
43874099,43874953,854,121799
43874953,43876236,1283,87547
43876236,43876677,441,281188
43876677,43877350,673,164328
43877350,43878638,1288,216570
43878638,43879651,1013,10172
43879651,43880689,1038,150127
43880689,43881890,1201,91098
43881890,43883169,1279,123215
43883169,43883428,259,130127
43883428,43884559,1131,7944
43884559,43885839,1280,158744
43885839,43887039,1200,163505
43887039,43888274,1235,142744
43888274,43889543,1269,96241
43889543,43890483,940,131722
43890483,43891744,1261,125945
43891744,43892663,919,126221
43892663,43893735,1072,156224
43893735,43893910,175,9210
43893910,43895142,1232,278217
43895142,43896430,1288,276735
43896430,43897591,1161,132864
43897591,43898817,1226,149739
43898817,43900012,1195,5776
43900012,43901182,1170,289453
43901182,43902258,1076,699
43902258,43903554,1296,64588
43903554,43904815,1261,121899
43904815,43905786,971,295197
43905786,43907033,1247,43306
43907033,43908304,1271,70837
43908304,43909528,1224,121127
43909528,43910657,1129,156981
43910657,43911904,1247,163527
43911904,43913008,1104,4275
43913008,43914143,1135,12971
43914143,43915299,1156,278289
43915299,43915853,554,129396
43915853,43916646,793,6525
43916646,43917600,954,133395
43917600,43918608,1008,141270
43918608,43919678,1070,132499
43919678,43920433,755,84349
43920433,43921405,972,121766
43921405,43922554,1149,123267
43922554,43923745,1191,39660
43923745,43924781,1036,106974
43924781,43925350,569,148312
43925350,43926239,889,291609
43926239,43927233,994,5764
43927233,43928284,1051,224
43928284,43929571,1287,98878
43929571,43930538,967,161714
43930538,43931735,1197,123269
43931735,43932196,461,20023
43932196,43933337,1141,59167
43933337,43933839,502,138032
43933839,43935009,1170,715
43935009,43935434,425,132800
43935434,43936614,1180,275218
43936614,43936981,367,121729
43936981,43937172,191,131735
43937172,43938325,1153,187464
43938325,43938984,659,125123
43938984,43939300,316,75810
43939300,43940267,967,294700
43940267,43941522,1255,7574
43941522,43942761,1239,123715
43942761,43943848,1087,116797
43943848,43944945,1097,132530
43944945,43946125,1180,28375
43946125,43947272,1147,293959
43947272,43948564,1292,135826
43948564,43949745,1181,98878
43949745,43950980,1235,123059
43950980,43951632,652,66470
43951632,43952623,991,87732
43952623,43953834,1211,137004
43953834,43955088,1254,300234
43955088,43955952,864,92806
43955952,43957181,1229,1733
43957181,43958369,1188,132300
43958369,43959634,1265,54487
43959634,43960582,948,101864
43960582,43961793,1211,133424
43961793,43963059,1266,71420
43963059,43963946,887,92814
43963946,43965186,1240,121543
43965186,43966338,1152,125123
43966338,43967462,1124,143893
43967462,43968228,766,123192
43968228,43968572,344,138901
43968572,43969631,1059,109179
43969631,43970437,806,133211
43970437,43971399,962,290365
43971399,43972492,1093,148962
43972492,43973623,1131,4136
43973623,43974905,1282,68353
43974905,43975209,304,139324
43975209,43976050,841,73848
43976050,43977293,1243,38660
43977293,43978268,975,134119
43978268,43979325,1057,170453
43979325,43980432,1107,159386
43980432,43981637,1205,4275
43981637,43982571,934,132601
43982571,43983727,1156,83616
43983727,43984760,1033,275212
43984760,43985945,1185,64708
43985945,43987150,1205,141613
43987150,43987774,624,36956
43987774,43988936,1162,39501
43988936,43989885,949,150715
43989885,43990928,1043,13250
43990928,43992133,1205,82020
43992133,43992408,275,171138
43992408,43993474,1066,105171
43993474,43994671,1197,2301
43994671,43995697,1026,170438
43995697,43996856,1159,73961
43996856,43997925,1069,6541
43997925,43998972,1047,131004
43998972,44000205,1233,39661
44000205,44001466,1261,138043
44001466,44002720,1254,199
44002720,44003691,971,132644
44003691,44004592,901,76973
44004592,44005475,883,128310
44005475,44006678,1203,89882
44006678,44007813,1135,72876
44007813,44008982,1169,109663
44008982,44010155,1173,279856
44010155,44011127,972,29092
44011127,44012125,998,10988
44012125,44013223,1098,135826
44013223,44014498,1275,11243
44014498,44015663,1165,137618
44015663,44016644,981,64713
44016644,44017374,730,143893
44017374,44018677,1303,124368
44018677,44019517,840,140931
44019517,44020620,1103,107520
44020620,44021796,1176,258993
44021796,44022941,1145,149890
44022941,44024094,1153,23311
44024094,44025253,1159,55202
44025253,44026529,1276,122443
44026529,44027769,1240,27504
44027769,44027935,166,55856
44027935,44029055,1120,121127
44029055,44029307,252,67592
44029307,44030501,1194,123133
44030501,44031679,1178,113272
44031679,44032838,1159,52195
44032838,44033803,965,21305
44033803,44034925,1122,278217
44034925,44035899,974,4691
44035899,44037158,1259,163935
44037158,44038256,1098,121140
44038256,44039338,1082,135221
44039338,44039769,431,8675
44039769,44041003,1234,163607
44041003,44041992,989,1133
44041992,44042279,287,122467
44042279,44043583,1304,43321
44043583,44044767,1184,157830
44044767,44045926,1159,17942
44045926,44047193,1267,700
44047193,44048266,1073,28247
44048266,44048639,373,126408
44048639,44049860,1221,123197
44049860,44051071,1211,156724
44051071,44052436,1365,291953
44052436,44053605,1169,156981
44053605,44054279,674,123284
44054279,44055595,1316,41170
44055595,44056868,1273,140222
44056868,44058141,1273,58090
44058141,44059434,1293,175962
44059434,44060646,1212,258283
44060646,44061792,1146,122627
44061792,44063031,1239,136483
44063031,44064222,1191,87280
44064222,44064423,201,282934
44064423,44065062,639,233382
44065062,44066162,1100,129396
44066162,44066497,335,275885
44066497,44066954,457,124003
44066954,44068079,1125,57179
44068079,44069385,1306,101578
44069385,44070520,1135,69550
44070520,44071332,812,150674
44071332,44072469,1137,135636
44072469,44073537,1068,395
44073537,44074388,851,166683
44074388,44075429,1041,145083
44075429,44076356,927,140072
44076356,44077580,1224,130728
44077580,44078139,559,73957
44078139,44078780,641,24732
44078780,44079958,1178,134149
44079958,44081045,1087,76574
44081045,44082275,1230,139325
44082275,44082507,232,269254
44082507,44083834,1327,19366
44083834,44084894,1060,53342
44084894,44086145,1251,19376
44086145,44087381,1236,67592
44087381,44088643,1262,19361
44088643,44089748,1105,123507
44089748,44090743,995,11528
44090743,44091509,766,246892
44091509,44092234,725,136610
44092234,44093506,1272,129623
44093506,44094744,1238,38026
44094744,44095065,321,57179
44095065,44096251,1186,139741
44096251,44097366,1115,72311
44097366,44098365,999,216563
44098365,44099539,1174,47541
44099539,44100217,678,130296
44100217,44101276,1059,289242
44101276,44102538,1262,157857
44102538,44103677,1139,130876
44103677,44104890,1213,129011
44104890,44105223,333,4690
44105223,44106298,1075,73073
44106298,44107569,1271,7622
44107569,44108815,1246,140718
44108815,44110018,1203,4733
44110018,44110625,607,177234
44110625,44111716,1091,187006
44111716,44112910,1194,122443
44112910,44113121,211,5909
44113121,44114307,1186,283228
44114307,44115566,1259,141571
44115566,44116481,915,41610
44116481,44117140,659,127703
44117140,44118305,1165,126794
44118305,44119325,1020,14497
44119325,44120528,1203,134707
44120528,44120873,345,75810
44120873,44121943,1070,121446
44121943,44122851,908,12545
44122851,44123406,555,259009
44123406,44124634,1228,124368
44124634,44125703,1069,121085
44125703,44126759,1056,143895
44126759,44127496,737,185436
44127496,44127690,194,279153
44127690,44128441,751,156224
44128441,44129683,1242,6506
44129683,44130882,1199,157400
44130882,44131547,665,61776
44131547,44132554,1007,72212
44132554,44133799,1245,220951
44133799,44135090,1291,84357
44135090,44136181,1091,130492
44136181,44137039,858,15307
44137039,44138176,1137,85685
44138176,44139395,1219,147971
44139395,44140389,994,199
44140389,44141646,1257,149881
44141646,44142734,1088,138047
44142734,44143847,1113,106611
44143847,44144869,1022,133225
44144869,44145909,1040,168198
44145909,44147223,1314,246932
44147223,44147940,717,44585
44147940,44148973,1033,102381
44148973,44149477,504,160602
44149477,44150406,929,4136
44150406,44151651,1245,129974
44151651,44152407,756,164187
44152407,44153648,1241,143895
44153648,44154698,1050,19208
44154698,44155844,1146,140725
44155844,44156588,744,285137
44156588,44156982,394,163612
44156982,44158266,1284,56837
44158266,44159585,1319,150915
44159585,44160400,815,28375
44160400,44161127,727,41170
44161127,44162439,1312,110520
44162439,44163585,1146,139681
44163585,44164842,1257,136483
44164842,44166092,1250,38660
44166092,44166934,842,24731
44166934,44168132,1198,40556
44168132,44169261,1129,22179
44169261,44170174,913,131722
44170174,44171424,1250,134825
44171424,44172546,1122,19665
44172546,44173602,1056,59167
44173602,44174631,1029,43305
44174631,44175086,455,178149
44175086,44176165,1079,291107
44176165,44177226,1061,32135
44177226,44178013,787,63885
44178013,44179116,1103,121079
44179116,44179291,175,73296
44179291,44179996,705,12103
44179996,44181119,1123,181420
44181119,44182026,907,141208
44182026,44182626,600,121024
44182626,44183089,463,123025
44183089,44184306,1217,176270
44184306,44184761,455,123866
44184761,44185710,949,40544
44185710,44186726,1016,87508
44186726,44187895,1169,129396
44187895,44189176,1281,71405
44189176,44190441,1265,365
44190441,44191293,852,64292
44191293,44192441,1148,47237
44192441,44193489,1048,186232
44193489,44193940,451,69411
44193940,44195213,1273,104890
44195213,44195776,563,137608
44195776,44196725,949,109174
44196725,44197977,1252,162253
44197977,44199149,1172,274374
44199149,44200360,1211,123216
44200360,44201627,1267,162129
44201627,44202024,397,101262
44202024,44203019,995,141135
44203019,44203912,893,155973
44203912,44204401,489,168199
44204401,44205664,1263,4158
44205664,44206795,1131,58776
44206795,44207884,1089,133442
44207884,44209097,1213,72200
44209097,44209489,392,121528
44209489,44210601,1112,11049
44210601,44211705,1104,25951
44211705,44212431,726,61316
44212431,44212991,560,64713
44212991,44213572,581,160187
44213572,44214265,693,41166
44214265,44215538,1273,53342
44215538,44216727,1189,298549
44216727,44217918,1191,14526
44217918,44218946,1028,100431
44218946,44219379,433,10172
44219379,44220136,757,47239
44220136,44221338,1202,92202
44221338,44222606,1268,123715
44222606,44223553,947,281132
44223553,44223836,283,59167
44223836,44224765,929,19371
44224765,44225921,1156,138631
44225921,44227012,1091,102240
44227012,44227598,586,1532
44227598,44227976,378,139743
44227976,44228650,674,115686
44228650,44228905,255,124558
44228905,44229630,725,155151
44229630,44230675,1045,234067
44230675,44231362,687,6525
44231362,44232045,683,283228
44232045,44233383,1338,288043
44233383,44234501,1118,68359
44234501,44235690,1189,19208
44235690,44236767,1077,129808
44236767,44237694,927,155948
44237694,44238702,1008,39660
44238702,44239743,1041,26956
44239743,44240146,403,157066
44240146,44241067,921,362
44241067,44242328,1261,59268
44242328,44243481,1153,61741
44243481,44244519,1038,136863
44244519,44245308,789,245708
44245308,44246369,1061,26852
44246369,44247428,1059,21493
44247428,44247974,546,268287
44247974,44249039,1065,233342
44249039,44250218,1179,36641
44250218,44251516,1298,140718
44251516,44252658,1142,275128
44252658,44253649,991,123500
44253649,44254704,1055,187466
44254704,44255982,1278,107486
44255982,44256983,1001,9210
44256983,44258093,1110,19376
44258093,44259138,1045,178450
44259138,44260301,1163,133447
44260301,44261438,1137,216567
44261438,44261877,439,232057
44261877,44262847,970,177641
44262847,44264024,1177,304535
44264024,44264865,841,125883
44264865,44265873,1008,47541
44265873,44267120,1247,104978
44267120,44268139,1019,129979
44268139,44269207,1068,175390
44269207,44269825,618,123190
44269825,44271060,1235,176256
44271060,44272149,1089,123190
44272149,44273151,1002,161707
44273151,44274144,993,157057
44274144,44275289,1145,120318
44275289,44276239,950,4145
44276239,44277506,1267,139752
44277506,44278229,723,108005
44278229,44279407,1178,65803
44279407,44280431,1024,68358
44280431,44281644,1213,157057
44281644,44281947,303,126480
44281947,44283155,1208,14274
44283155,44284131,976,121064
44284131,44285252,1121,83633
44285252,44286466,1214,126296
44286466,44287567,1101,44582
44287567,44288940,1373,183239
44288940,44290071,1131,294554
44290071,44291338,1267,89735
44291338,44292432,1094,143895
44292432,44293780,1348,139336
44293780,44294041,261,142733
44294041,44295272,1231,273050
44295272,44296379,1107,4275
44296379,44296670,291,122467
44296670,44297685,1015,246889
44297685,44298722,1037,4145
44298722,44299752,1030,163527
44299752,44300779,1027,95441
44300779,44301970,1191,140639
44301970,44303190,1220,138866
44303190,44303669,479,271811
44303669,44304556,887,39761
44304556,44305877,1321,130977
44305877,44306979,1102,122828
44306979,44308248,1269,130131
44308248,44309376,1128,258954
44309376,44310575,1199,122810
44310575,44310905,330,34478
44310905,44312177,1272,54613
44312177,44313368,1191,66176
44313368,44314589,1221,54016
44314589,44315711,1122,216567
44315711,44316796,1085,126220
44316796,44318089,1293,143262
44318089,44319171,1082,182402
44319171,44320294,1123,109174
44320294,44321594,1300,60800
44321594,44322610,1016,9914
44322610,44323848,1238,293957
44323848,44325059,1211,1129
44325059,44326277,1218,154838
44326277,44326835,558,21393
44326835,44327491,656,92935
44327491,44328764,1273,39661
44328764,44329787,1023,46889
44329787,44331064,1277,89388
44331064,44332229,1165,21305
44332229,44333506,1277,262305
44333506,44334738,1232,139355
44334738,44335879,1141,144987
44335879,44336321,442,142824
44336321,44337363,1042,291953
44337363,44337674,311,9010
44337674,44338223,549,72200
44338223,44339435,1212,82020
44339435,44340762,1327,172165
44340762,44341958,1196,121760
44341958,44343083,1125,62516
44343083,44344258,1175,137588
44344258,44344902,644,19208
44344902,44345906,1004,696
44345906,44346515,609,258974
44346515,44347744,1229,126232
44347744,44348866,1122,176854
44348866,44349976,1110,292253
44349976,44351223,1247,216567
44351223,44352476,1253,105171
44352476,44353515,1039,290365
44353515,44354758,1243,187023
44354758,44355879,1121,258266
44355879,44357124,1245,4479
44357124,44358161,1037,135659
44358161,44359413,1252,294554
44359413,44360166,753,129440
44360166,44361411,1245,283242
44361411,44362435,1024,10160
44362435,44363658,1223,122443
44363658,44364866,1208,244431
44364866,44365268,402,58193
44365268,44366517,1249,44912
44366517,44367578,1061,68188
44367578,44368853,1275,275218
44368853,44369889,1036,135264
44369889,44371045,1156,30593
44371045,44372289,1244,144485
44372289,44373249,960,71550
44373249,44373784,535,25951
44373784,44375021,1237,142745
44375021,44376156,1135,157475
44376156,44377367,1211,121727
44377367,44378375,1008,176270
44378375,44379523,1148,137608
44379523,44380665,1142,85685
44380665,44381877,1212,86741
44381877,44382134,257,13247
44382134,44383234,1100,20023
44383234,44384237,1003,12895
44384237,44385290,1053,139361
44385290,44386572,1282,161714
44386572,44387646,1074,681
44387646,44388888,1242,110131
44388888,44390189,1301,71404
44390189,44391372,1183,177627
44391372,44392517,1145,162238
44392517,44393726,1209,88367
44393726,44394819,1093,84122
44394819,44395620,801,30101
44395620,44396851,1231,147045
44396851,44397954,1103,176270
44397954,44399259,1305,275218
44399259,44399720,461,232057
44399720,44400814,1094,91801
44400814,44402008,1194,168500
44402008,44402946,938,91906
44402946,44404013,1067,64588
44404013,44405229,1216,12723
44405229,44406185,956,86039
44406185,44407104,919,129011
44407104,44408318,1214,132101
44408318,44409548,1230,29091
44409548,44409939,391,26951
44409939,44411140,1201,152842
44411140,44412216,1076,49755
44412216,44413496,1280,295710
44413496,44414454,958,141642
44414454,44414882,428,149245
44414882,44416098,1216,162238
44416098,44417265,1167,10089
44417265,44418167,902,5083
44418167,44419273,1106,279153
44419273,44420424,1151,139741
44420424,44421525,1101,48032
44421525,44422350,825,138866
44422350,44422631,281,142750
44422631,44423658,1027,129594
44423658,44424935,1277,36641
44424935,44425813,878,115046
44425813,44427085,1272,281472
44427085,44427596,511,130493
44427596,44428748,1152,46243
44428748,44429987,1239,14976
44429987,44431040,1053,142362
44431040,44432073,1033,116804
44432073,44433214,1141,6175
44433214,44433977,763,233366
44433977,44435183,1206,234100
44435183,44436340,1157,304534
44436340,44437531,1191,294523
44437531,44438750,1219,295759
44438750,44439916,1166,293987
44439916,44441173,1257,102232
44441173,44441518,345,162375
44441518,44441924,406,121415
44441924,44442557,633,110127
44442557,44443069,512,91801
44443069,44444018,949,125945
44444018,44444909,891,127703
44444909,44445636,727,18005
44445636,44446883,1247,125123
44446883,44448055,1172,57180
44448055,44448463,408,129440
44448463,44449670,1207,32137
44449670,44450931,1261,123135
44450931,44451384,453,126408
44451384,44452415,1031,254949
44452415,44453064,649,131203
44453064,44454417,1353,19376
44454417,44455607,1190,105398
44455607,44456621,1014,130093
44456621,44457792,1171,125128
44457792,44458528,736,152267
44458528,44459658,1130,132069
44459658,44460844,1186,10160
44460844,44461986,1142,96498
44461986,44462946,960,300234
44462946,44464055,1109,14013
44464055,44465022,967,96168
44465022,44466251,1229,231862
44466251,44466606,355,134312
44466606,44466840,234,39616
44466840,44467177,337,302395
44467177,44467850,673,184266
44467850,44468838,988,129396
44468838,44470007,1169,155968
44470007,44471256,1249,133630
44471256,44472126,870,39475
44472126,44473329,1203,57837
44473329,44474523,1194,281187
44474523,44475695,1172,101580
44475695,44476714,1019,136863
44476714,44477733,1019,28380
44477733,44478005,272,138113
44478005,44478838,833,696
44478838,44479909,1071,88748
44479909,44481177,1268,144135
44481177,44482280,1103,8912
44482280,44483511,1231,86039
44483511,44484530,1019,141320
44484530,44484806,276,13364
44484806,44486022,1216,5710
44486022,44487229,1207,121541
44487229,44488460,1231,123135
44488460,44489591,1131,57836
44489591,44490916,1325,126959
44490916,44492094,1178,86777
44492094,44492667,573,55088
44492667,44493885,1218,140639
44493885,44495089,1204,141713
44495089,44496315,1226,133393
44496315,44497189,874,4691
44497189,44497876,687,36641
44497876,44498951,1075,164101
44498951,44499700,749,132073
44499700,44501055,1355,88007
44501055,44502291,1236,92812
44502291,44502816,525,130093
44502816,44503905,1089,138033
44503905,44505169,1264,82020
44505169,44506284,1115,135897
44506284,44507447,1163,86708
44507447,44508560,1113,132717
44508560,44508889,329,81870
44508889,44509762,873,126737
44509762,44511006,1244,131218
44511006,44512217,1211,178449
44512217,44513412,1195,300225
44513412,44514645,1233,160187
44514645,44515785,1140,101864
44515785,44516713,928,286306
44516713,44517940,1227,293168
44517940,44518870,930,143477
44518870,44519986,1116,130870
44519986,44521293,1307,27120
44521293,44522599,1306,122544
44522599,44523506,907,245707
44523506,44524757,1251,142824
44524757,44525369,612,143521
44525369,44526564,1195,86765
44526564,44527740,1176,143005
44527740,44528319,579,110526
44528319,44528524,205,288044
44528524,44529836,1312,11547
44529836,44531007,1171,101836
44531007,44532016,1009,101579
44532016,44533223,1207,64292
44533223,44534280,1057,1562
44534280,44535454,1174,291107
44535454,44536611,1157,56174
44536611,44537027,416,129994
44537027,44538172,1145,126737
44538172,44538907,735,64291
44538907,44540118,1211,124224
44540118,44541085,967,14274
44541085,44542012,927,19366
44542012,44543155,1143,137770
44543155,44544454,1299,38660
44544454,44545339,885,87547
44545339,44546410,1071,176660
44546410,44547550,1140,159230
44547550,44548622,1072,52087
44548622,44549789,1167,141208
44549789,44550012,223,138045
44550012,44551256,1244,231838
44551256,44552367,1111,123049
44552367,44552643,276,77173
44552643,44553799,1156,6525
44553799,44554212,413,134789
44554212,44554799,587,156224
44554799,44555666,867,124003
44555666,44556938,1272,61356
44556938,44558060,1122,123048
44558060,44559203,1143,88086
44559203,44559735,532,159386
44559735,44560989,1254,123025
44560989,44561982,993,183988
44561982,44562790,808,176682
44562790,44563924,1134,134451
44563924,44564971,1047,123191
44564971,44566188,1217,276735
44566188,44567537,1349,28375
44567537,44568568,1031,127732
44568568,44569477,909,31629
44569477,44570168,691,163322
44570168,44571169,1001,294700
44571169,44572171,1002,75362
44572171,44573101,930,129011
44573101,44574200,1099,43322
44574200,44575280,1080,139035
44575280,44576253,973,185074
44576253,44576462,209,156968
44576462,44577652,1190,46240
44577652,44578735,1083,135897
44578735,44579850,1115,67851
44579850,44580919,1069,123284
44580919,44581183,264,110742
44581183,44582319,1136,11533
44582319,44583330,1011,168497
44583330,44584416,1086,65803
44584416,44585479,1063,3587
44585479,44585681,202,291609
44585681,44586584,903,103126
44586584,44587644,1060,77778
44587644,44588833,1189,147962
44588833,44588924,91,142824
44588924,44589733,809,139358
44589733,44590873,1140,3961
44590873,44592120,1247,127696
44592120,44593258,1138,6525
44593258,44594522,1264,142733
44594522,44595829,1307,157242
44595829,44597065,1236,295446
44597065,44597346,281,126233
44597346,44598529,1183,142320
44598529,44599699,1170,76055
44599699,44600448,749,149739
44600448,44601758,1310,66622
44601758,44603064,1306,90847
44603064,44604057,993,54666
44604057,44604654,597,130093
44604654,44605375,721,128660
44605375,44606563,1188,140222
44606563,44607848,1285,39971
44607848,44608740,892,7887
44608740,44609611,871,132800
44609611,44610724,1113,122828
44610724,44611872,1148,19209
44611872,44613029,1157,109662
44613029,44613972,943,148529
44613972,44615086,1114,135636
44615086,44615754,668,86765
44615754,44616889,1135,19585
44616889,44617312,423,92002
44617312,44617876,564,1070
44617876,44618830,954,16020
44618830,44619425,595,90852
44619425,44620510,1085,94523
44620510,44621521,1011,15305
44621521,44622776,1255,51162
44622776,44624075,1299,134451
44624075,44625265,1190,276735
44625265,44626213,948,128138
44626213,44627515,1302,54487
44627515,44628694,1179,395
44628694,44629788,1094,34572
44629788,44630972,1184,82904
44630972,44632157,1185,68359
44632157,44633488,1331,53342
44633488,44634619,1131,140222
44634619,44635816,1197,65772
44635816,44637090,1274,11533
44637090,44638185,1095,130184
44638185,44639388,1203,285173
44639388,44640137,749,18006
44640137,44641421,1284,184447
44641421,44641805,384,175390
44641805,44643028,1223,171139
44643028,44644291,1263,289453
44644291,44645413,1122,131732
44645413,44646466,1053,25563
44646466,44647703,1237,123215
44647703,44648731,1028,185436
44648731,44649858,1127,70756
44649858,44650979,1121,133396
44650979,44651544,565,58192
44651544,44652756,1212,275127
44652756,44653403,647,66464
44653403,44654580,1177,168626
44654580,44654816,236,133220
44654816,44655990,1174,138047
44655990,44657267,1277,117384
44657267,44658276,1009,153309
44658276,44658931,655,135891
44658931,44659721,790,282934
44659721,44660927,1206,132280
44660927,44662139,1212,5776
44662139,44662810,671,158081
44662810,44664137,1327,94108
44664137,44664394,257,254918
44664394,44665629,1235,145138
44665629,44666841,1212,9010
44666841,44667984,1143,87791
44667984,44669261,1277,279153
44669261,44669983,722,19366
44669983,44671252,1269,140931
44671252,44672258,1006,139035
44672258,44673436,1178,144496
44673436,44674583,1147,142750
44674583,44675782,1199,133220
44675782,44676947,1165,47030
44676947,44678058,1111,129808
44678058,44679215,1157,129066
44679215,44679454,239,19208
44679454,44680662,1208,126796
44680662,44681901,1239,126292
44681901,44683030,1129,53342
44683030,44683295,265,61776
44683295,44684589,1294,36386
44684589,44685703,1114,280380
44685703,44686715,1012,129443
44686715,44687948,1233,65772
44687948,44689050,1102,87508
44689050,44689783,733,157400
44689783,44690659,876,123013
44690659,44691768,1109,46588
44691768,44692249,481,136863
44692249,44693521,1272,121130
44693521,44694874,1353,150915
44694874,44695110,236,131748
44695110,44695730,620,146111
44695730,44696635,905,77778
44696635,44697886,1251,73961
44697886,44699005,1119,10089
44699005,44700140,1135,64075
44700140,44701023,883,258283
44701023,44702041,1018,32886
44702041,44703128,1087,1150
44703128,44704375,1247,132537
44704375,44705301,926,136863
44705301,44706242,941,123271
44706242,44707396,1154,96672
44707396,44708439,1043,35921
44708439,44709400,961,130871
44709400,44710193,793,37999
44710193,44711318,1125,30593
44711318,44712313,995,291172
44712313,44713457,1144,280380
44713457,44714211,754,136271
44714211,44715305,1094,136458
44715305,44716523,1218,125118
44716523,44717576,1053,67200
44717576,44718749,1173,161101
44718749,44719477,728,246932
44719477,44720613,1136,87547
44720613,44721752,1139,142733
44721752,44723385,1633,169293
44723385,44724182,797,128636
44724182,44725337,1155,28868
44725337,44726604,1267,668
44726604,44726895,291,143264
44726895,44728150,1255,132485
44728150,44729037,887,292252
44729037,44730252,1215,107480
44730252,44731544,1292,145083
44731544,44731902,358,141135
44731902,44732866,964,128344
44732866,44733845,979,121068
44733845,44735039,1194,68344
44735039,44735255,216,154736
44735255,44736472,1217,163518
44736472,44737736,1264,104637
44737736,44738140,404,148521
44738140,44739232,1092,105168
44739232,44740511,1279,105179
44740511,44740696,185,156230
44740696,44741951,1255,68770
44741951,44742924,973,139356
44742924,44743888,964,74798
44743888,44744339,451,130627
44744339,44745623,1284,121069
44745623,44746722,1099,105383
44746722,44747772,1050,121799
44747772,44748467,695,156973
44748467,44749622,1155,44577
44749622,44750731,1109,176270
44750731,44752000,1269,31097
44752000,44752995,995,284428
44752995,44754231,1236,1188
44754231,44755476,1245,18527
44755476,44755658,182,121398
44755658,44756752,1094,145733
44756752,44757021,269,19366
44757021,44757521,500,258263
44757521,44757703,182,133440
44757703,44758563,860,139743
44758563,44759762,1199,19373
44759762,44760703,941,129581
44760703,44761102,399,132707
44761102,44762302,1200,158781
44762302,44763069,767,157858
44763069,44764171,1102,62851
44764171,44765450,1279,166433
44765450,44766515,1065,53638
44766515,44767732,1217,134160
44767732,44768710,978,271812
44768710,44769862,1152,12707
44769862,44770910,1048,125084
44770910,44772121,1211,53320
44772121,44773141,1020,164461
44773141,44774258,1117,13056
44774258,44775459,1201,10801
44775459,44776657,1198,143485
44776657,44777292,635,123190
44777292,44778391,1099,131259
44778391,44779493,1102,67200
44779493,44780671,1178,66016
44780671,44781900,1229,139307
44781900,44783147,1247,56222
44783147,44784316,1169,147990
44784316,44785345,1029,132800
44785345,44786418,1073,169291
44786418,44787609,1191,48848
44787609,44788834,1225,224746
44788834,44790133,1299,133273
44790133,44791475,1342,128345
44791475,44792574,1099,140222
44792574,44793468,894,3966
44793468,44794624,1156,147173
44794624,44795514,890,37999
44795514,44796715,1201,273050
44796715,44797920,1205,9174
44797920,44799047,1127,141208
44799047,44800016,969,39481
44800016,44801289,1273,89735
44801289,44802532,1243,41151
44802532,44803479,947,47541
44803479,44804186,707,138888
44804186,44805397,1211,11079
44805397,44806566,1169,395
44806566,44807159,593,60801
44807159,44808298,1139,62347
44808298,44809537,1239,105002
44809537,44810615,1078,254949
44810615,44811702,1087,148962
44811702,44812936,1234,164328
44812936,44814116,1180,397
44814116,44814877,761,101262
44814877,44815956,1079,96153
44815956,44817129,1173,164461
44817129,44818261,1132,80656
44818261,44819358,1097,127597
44819358,44819517,159,156977
44819517,44820382,865,21305
44820382,44821550,1168,7793
44821550,44822050,500,138032
44822050,44823378,1328,140040
44823378,44824332,954,129983
44824332,44824563,231,89735
44824563,44825802,1239,20034
44825802,44826902,1100,101265
44826902,44828009,1107,294120
44828009,44829262,1253,135229
44829262,44830535,1273,157861
44830535,44831785,1250,5417
44831785,44833042,1257,38026
44833042,44833989,947,48842
44833989,44834353,364,176278
44834353,44835361,1008,138113
44835361,44836547,1186,126209
44836547,44837719,1172,124994
44837719,44838901,1182,8141
44838901,44839831,930,92935
44839831,44840806,975,119253
44840806,44842029,1223,39840
44842029,44843153,1124,92935
44843153,44844401,1248,130977
44844401,44845343,942,121541
44845343,44846069,726,150915
44846069,44846737,668,121730
44846737,44847263,526,124002
44847263,44848482,1219,126957
44848482,44849608,1126,8927
44849608,44850844,1236,157400
44850844,44852157,1313,167022
44852157,44852876,719,168626
44852876,44853361,485,723
44853361,44854427,1066,138290
44854427,44855672,1245,84010
44855672,44856593,921,19361
44856593,44857776,1183,71420
44857776,44858902,1126,146770
44858902,44860006,1104,123443
44860006,44861266,1260,2536
44861266,44862350,1084,5912
44862350,44863407,1057,138656
44863407,44864583,1176,10160
44864583,44865012,429,177234
44865012,44866221,1209,185488
44866221,44867474,1253,87766
44867474,44868756,1282,130900
44868756,44869903,1147,121024
44869903,44871059,1156,276735
44871059,44871507,448,115686
44871507,44872789,1282,133211
44872789,44873978,1189,7884
44873978,44874871,893,86804
44874871,44876111,1240,103126
44876111,44877163,1052,148962
44877163,44878429,1266,138047
44878429,44879073,644,4445
44879073,44879715,642,4275
44879715,44880479,764,6557
44880479,44881389,910,104978
44881389,44882075,686,138033
44882075,44883340,1265,137589
44883340,44884633,1293,135220
44884633,44884918,285,61356
44884918,44886104,1186,155646
44886104,44887336,1232,121382
44887336,44888463,1127,6506
44888463,44889699,1236,134149
44889699,44890867,1168,126794
44890867,44892094,1227,64956
44892094,44893190,1096,177641
44893190,44894530,1340,164327
44894530,44895780,1250,126928
44895780,44897033,1253,140725
44897033,44898090,1057,122627
44898090,44899327,1237,165701
44899327,44900518,1191,92935
44900518,44901552,1034,73075
44901552,44902683,1131,116797
44902683,44903796,1113,47030
44903796,44905021,1225,39840
44905021,44905990,969,157243
44905990,44907223,1233,110526
44907223,44908338,1115,125127
44908338,44909227,889,156159
44909227,44910263,1036,31603
44910263,44911518,1255,77173
44911518,44911917,399,110054
44911917,44912268,351,121392
44912268,44912697,429,47032
44912697,44913896,1199,185488
44913896,44915164,1268,92935
44915164,44916460,1296,176263
44916460,44916801,341,125943
44916801,44918054,1253,144999
44918054,44919159,1105,138043
44919159,44920359,1200,142824
44920359,44921142,783,78885
44921142,44922197,1055,44937
44922197,44923288,1091,129979
44923288,44924233,945,103120
44924233,44925484,1251,133471
44925484,44926774,1290,291609
44926774,44927806,1032,119295
44927806,44928865,1059,135826
44928865,44929944,1079,72212
44929944,44930954,1010,133424
44930954,44931279,325,168198
44931279,44932174,895,76046
44932174,44932649,475,10673
44932649,44933835,1186,167597
44933835,44934845,1010,121720
44934845,44936138,1293,100044
44936138,44937275,1137,124549
44937275,44938451,1176,283138
44938451,44939670,1219,123866
44939670,44940874,1204,126829
44940874,44941963,1089,12085
44941963,44943156,1193,145138
44943156,44944247,1091,295445
44944247,44945021,774,53343
44945021,44945718,697,19209
44945718,44946808,1090,135894
44946808,44946984,176,129582
44946984,44948136,1152,64956
44948136,44949168,1032,130993
44949168,44950341,1173,126796
44950341,44950513,172,163380
44950513,44951616,1103,19361
44951616,44952838,1222,110243
44952838,44954089,1251,185436
44954089,44955281,1192,163507
44955281,44956235,954,9920
44956235,44957406,1171,282926
44957406,44957897,491,134170
44957897,44959150,1253,279239
44959150,44960244,1094,130569
44960244,44960483,239,147627
44960483,44961818,1335,76055
44961818,44962933,1115,144496
44962933,44963963,1030,84448
44963963,44965024,1061,75355
44965024,44965757,733,187464
44965757,44966966,1209,129324
44966966,44967768,802,109176
44967768,44968984,1216,142279
44968984,44970092,1108,47239
44970092,44970946,854,86683
44970946,44972076,1130,126539
44972076,44973253,1177,134170
44973253,44974364,1111,64974
44974364,44975003,639,59268
44975003,44975180,177,121671
44975180,44975367,187,40571
44975367,44976547,1180,122614
44976547,44977577,1030,122944
44977577,44978621,1044,39971
44978621,44979850,1229,133220
44979850,44981109,1259,182396
44981109,44982319,1210,127522
44982319,44983482,1163,120325
44983482,44984695,1213,170452
44984695,44985689,994,395
44985689,44986776,1087,152831
44986776,44987985,1209,138042
44987985,44988645,660,121899
44988645,44989926,1281,136983
44989926,44991018,1092,7793
44991018,44991758,740,129805
44991758,44992971,1213,22581
44992971,44994024,1053,138901
44994024,44995206,1182,294700
44995206,44995780,574,54006
44995780,44996045,265,32658
44996045,44997060,1015,110054
44997060,44998376,1316,132299
44998376,44999608,1232,276907
44999608,44999941,333,258250
44999941,45000922,981,102526
45000922,45001180,258,29092
45001180,45001605,425,136861
45001605,45002827,1222,134149
45002827,45004012,1185,149735
45004012,45004998,986,5704
45004998,45006192,1194,31668
45006192,45007299,1107,254948
45007299,45008548,1249,68188
45008548,45009305,757,126209
45009305,45010439,1134,132484
45010439,45010877,438,53638
45010877,45012001,1124,81859
45012001,45013238,1237,133442
45013238,45014375,1137,133834
45014375,45014638,263,185488
45014638,45015509,871,121671
45015509,45016472,963,170982
45016472,45017669,1197,121064
45017669,45018878,1209,105383
45018878,45019885,1007,258960
45019885,45020879,994,108621
45020879,45021864,985,176680
45021864,45023062,1198,156155
45023062,45023895,833,31668
45023895,45025122,1227,279849
45025122,45026236,1114,234100
45026236,45026428,192,11547
45026428,45027616,1188,56222
45027616,45028714,1098,861
45028714,45029174,460,131899
45029174,45030479,1305,123025
45030479,45031560,1081,156015
45031560,45032613,1053,278217
45032613,45033840,1227,156159
45033840,45034962,1122,167597
45034962,45036137,1175,94876
45036137,45037425,1288,296159
45037425,45038700,1275,72207
45038700,45039912,1212,134674
45039912,45041109,1197,62347
45041109,45041488,379,154838
45041488,45042670,1182,101278
45042670,45043019,349,135762
45043019,45043958,939,245687
45043958,45044870,912,129623
45044870,45046111,1241,130727
45046111,45047030,919,35921
45047030,45047715,685,113273
45047715,45048700,985,126739
45048700,45049127,427,149798
45049127,45049379,252,26853
45049379,45050492,1113,153309
45050492,45051645,1153,134434
45051645,45052911,1266,123033
45052911,45053722,811,131890
45053722,45054856,1134,132073
45054856,45055910,1054,302000
45055910,45056797,887,302000
45056797,45057862,1065,126832
45057862,45059019,1157,60801
45059019,45060346,1327,112592
45060346,45061186,840,157242
45061186,45062256,1070,159227
45062256,45062935,679,18524
45062935,45064167,1232,16802
45064167,45065359,1192,134434
45065359,45066439,1080,37999
45066439,45067430,991,72311
45067430,45068663,1233,275218
45068663,45069769,1106,104890
45069769,45071039,1270,135580
45071039,45072153,1114,216564
45072153,45073280,1127,107621
45073280,45074022,742,136861
45074022,45075141,1119,1129
45075141,45076265,1124,245707
45076265,45077520,1255,6397
45077520,45078819,1299,44586
45078819,45079870,1051,129396
45079870,45080969,1099,70998
45080969,45082030,1061,86741
45082030,45083283,1253,39616
45083283,45084501,1218,26685
45084501,45085424,923,280380
45085424,45086572,1148,91072
45086572,45087854,1282,75360
45087854,45089045,1191,233342
45089045,45090307,1262,89388
45090307,45091566,1259,124368
45091566,45092844,1278,12898
45092844,45093308,464,101799
45093308,45094588,1280,41151
45094588,45094907,319,105002
45094907,45096043,1136,34572
45096043,45097233,1190,74477
45097233,45098329,1096,123715
45098329,45099555,1226,98876
45099555,45100724,1169,55202
45100724,45101877,1153,240992
45101877,45103134,1257,30119
45103134,45104215,1081,156973
45104215,45105281,1066,109656
45105281,45105562,281,149739
45105562,45106826,1264,156720
45106826,45107933,1107,132101
45107933,45108873,940,141642
45108873,45110088,1215,109173
45110088,45111277,1189,280380
45111277,45112554,1277,110056
45112554,45113773,1219,137628
45113773,45115017,1244,19373
45115017,45116019,1002,61780
45116019,45117044,1025,121140
45117044,45117459,415,22179
45117459,45117990,531,301694
45117990,45118988,998,130504
45118988,45120249,1261,157263
45120249,45120633,384,187005
45120633,45121702,1069,6175
45121702,45122883,1181,156757
45122883,45124094,1211,124520
45124094,45125381,1287,13364
45125381,45126420,1039,156968
45126420,45127695,1275,296465
45127695,45128154,459,48513
45128154,45129484,1330,139361
45129484,45129934,450,164927
45129934,45131090,1156,132592
45131090,45132155,1065,758
45132155,45133323,1168,162253
45133323,45133720,397,59268
45133720,45134168,448,44912
45134168,45135169,1001,7574
45135169,45136377,1208,88349
45136377,45137492,1115,136863
45137492,45138703,1211,69550
45138703,45139816,1113,112061
45139816,45141094,1278,86777
45141094,45141304,210,70919
45141304,45142063,759,131742
45142063,45143223,1160,134830
45143223,45144055,832,101884
45144055,45144994,939,139355
45144994,45145926,932,133440
45145926,45147158,1232,130549
45147158,45148272,1114,155949
45148272,45149174,902,117866
45149174,45149381,207,125943
45149381,45150722,1341,86588
45150722,45151340,618,107520
45151340,45152365,1025,95441
45152365,45153618,1253,294523
45153618,45154751,1133,127538
45154751,45155936,1185,11528
45155936,45157157,1221,102238
45157157,45158066,909,135657
45158066,45158602,536,142744
45158602,45159751,1149,172165
45159751,45160990,1239,107520
45160990,45161203,213,127732
45161203,45162002,799,73712
45162002,45163090,1088,163384
45163090,45164297,1207,11254
45164297,45165395,1098,132484
45165395,45166404,1009,70753
45166404,45167456,1052,93276
45167456,45168509,1053,139356
45168509,45169188,679,83606
45169188,45170160,972,75810
45170160,45170947,787,115686
45170947,45171282,335,14674
45171282,45172539,1257,156474
45172539,45173833,1294,164927
45173833,45174101,268,154838
45174101,45175276,1175,163612
45175276,45176577,1301,101580
45176577,45177411,834,274549
45177411,45178386,975,8927
45178386,45179530,1144,258974
45179530,45180718,1188,282934
45180718,45182042,1324,125084
45182042,45183203,1161,132864
45183203,45184196,993,890
45184196,45185435,1239,131003
45185435,45186655,1220,131003
45186655,45187600,945,178030
45187600,45188880,1280,39508
45188880,45190058,1178,156155
45190058,45191264,1206,142744
45191264,45192056,792,16632
45192056,45193187,1131,101578
45193187,45194324,1137,268287
45194324,45195344,1020,147962
45195344,45196653,1309,131704
45196653,45196866,213,62558
45196866,45197628,762,130876
45197628,45198715,1087,126955
45198715,45199955,1240,159386
45199955,45200758,803,160187
45200758,45201827,1069,178149
45201827,45203019,1192,123036
45203019,45204259,1240,290047
45204259,45204950,691,164101
45204950,45206276,1326,55927
45206276,45207482,1206,696
45207482,45208664,1182,147627
45208664,45209170,506,139733
45209170,45210286,1116,14936
45210286,45211378,1092,101262
45211378,45211899,521,87280
45211899,45212371,472,138901
45212371,45213379,1008,130532
45213379,45214670,1291,126832
45214670,45215259,589,171134
45215259,45216497,1238,46267
45216497,45217593,1096,86043
45217593,45218497,904,19585
45218497,45219697,1200,124549
45219697,45220640,943,162239
45220640,45221561,921,139009
45221561,45222733,1172,144987
45222733,45223977,1244,143005
45223977,45225116,1139,48848
45225116,45226068,952,77361
45226068,45227097,1029,50776
45227097,45228424,1327,83607
45228424,45229133,709,275885
45229133,45230120,987,287357
45230120,45231210,1090,187023
45231210,45232453,1243,124003
45232453,45233482,1029,7574
45233482,45234562,1080,293663
45234562,45235793,1231,245687
45235793,45236084,291,98877
45236084,45236392,308,123268
45236392,45237440,1048,73973
45237440,45237837,397,73973
45237837,45239050,1213,133424
45239050,45240276,1226,71531
45240276,45241395,1119,156967
45241395,45242555,1160,134463
45242555,45243828,1273,34483
45243828,45244954,1126,138545
45244954,45246086,1132,134465
45246086,45247315,1229,123133
45247315,45248504,1189,169293
45248504,45249769,1265,12539
45249769,45250986,1217,170976
45250986,45251993,1007,176660
45251993,45253032,1039,298549
45253032,45254185,1153,127521
45254185,45255228,1043,246948
45255228,45256375,1147,89735
45256375,45257529,1154,121413
45257529,45258502,973,98644
45258502,45259498,996,124990
45259498,45259930,432,95870
45259930,45261149,1219,132499
45261149,45262230,1081,246904
45262230,45263425,1195,157243
45263425,45263898,473,123048
45263898,45265146,1248,293663
45265146,45266354,1208,126410
45266354,45267452,1098,130105
45267452,45268442,990,153731
45268442,45268958,516,124224
45268958,45269478,520,110742
45269478,45270333,855,81858
45270333,45271580,1247,108066
45271580,45272355,775,304535
45272355,45273167,812,157056
45273167,45274246,1079,9915
45274246,45275444,1198,142362
45275444,45276382,938,136458
45276382,45277637,1255,88367
45277637,45278796,1159,48842
45278796,45279856,1060,134451
45279856,45281035,1179,139753
45281035,45282231,1196,2536
45282231,45283400,1169,133395
45283400,45284527,1127,56174
45284527,45285698,1171,122806
45285698,45286104,406,152282
45286104,45287076,972,6541
45287076,45288015,939,10702
45288015,45288674,659,122655
45288674,45289755,1081,167022
45289755,45291017,1262,296395
45291017,45291826,809,25563
45291826,45292657,831,47239
45292657,45293829,1172,164327
45293829,45295060,1231,56777
45295060,45296351,1291,162129
45296351,45297606,1255,104888
45297606,45298849,1243,130533
45298849,45299929,1080,112011
45299929,45300622,693,126232
45300622,45301673,1051,160949
45301673,45302163,490,138289
45302163,45303493,1330,109658
45303493,45304607,1114,130529
45304607,45305804,1197,61316
45305804,45306567,763,24732
45306567,45307791,1224,1562
45307791,45309005,1214,681
45309005,45310065,1060,144135
45310065,45311332,1267,284433
45311332,45312391,1059,85640
45312391,45313616,1225,158081
45313616,45314495,879,39749
45314495,45315585,1090,13250
45315585,45316168,583,134981
45316168,45317238,1070,37134
45317238,45318284,1046,110061
45318284,45319565,1281,94108
45319565,45320552,987,88748
45320552,45321656,1104,233342
45321656,45322829,1173,150843
45322829,45324000,1171,46890
45324000,45325181,1181,142279
45325181,45325560,379,143005
45325560,45325923,363,124547
45325923,45327084,1161,121661
45327084,45328183,1099,274380
45328183,45329405,1222,132073
45329405,45330216,811,224746
45330216,45331210,994,19376
45331210,45332309,1099,135580
45332309,45332751,442,232691
45332751,45333900,1149,121064
45333900,45334906,1006,232057
45334906,45335973,1067,699
45335973,45337123,1150,104491
45337123,45338124,1001,164187
45338124,45339308,1184,5417
45339308,45340394,1086,294554
45340394,45341140,746,274378
45341140,45342344,1204,157057
45342344,45343507,1163,25563
45343507,45344688,1181,270777
45344688,45345031,343,129659
45345031,45345463,432,27120
45345463,45346735,1272,144485
45346735,45347868,1133,71550
45347868,45348591,723,129393
45348591,45349734,1143,13185
45349734,45350870,1136,12895
45350870,45351477,607,139710
45351477,45352780,1303,118119
45352780,45354006,1226,101289
45354006,45355282,1276,127537
45355282,45356535,1253,142320
45356535,45357454,919,127518
45357454,45358680,1226,68188
45358680,45359707,1027,187024
45359707,45360084,377,138042
45360084,45360733,649,164101
45360733,45360977,244,25766
45360977,45361187,210,31668
45361187,45361432,245,11243
45361432,45362227,795,121024
45362227,45363458,1231,131030
45363458,45364727,1269,275128
45364727,45365919,1192,129659
45365919,45366251,332,124520
45366251,45367297,1046,130870
45367297,45368281,984,131735
45368281,45369496,1215,1189
45369496,45370734,1238,160438
45370734,45371902,1168,163384
45371902,45373164,1262,76046
45373164,45374353,1189,54006
45374353,45375567,1214,9203
45375567,45376391,824,67860
45376391,45377574,1183,136861
45377574,45378649,1075,285896
45378649,45379788,1139,146770
45379788,45381049,1261,62851
45381049,45381483,434,120325
45381483,45382748,1265,293959
45382748,45383910,1162,101283
45383910,45384486,576,126408
45384486,45385667,1181,132882
45385667,45386044,377,160964
45386044,45387080,1036,138488
45387080,45387533,453,14526
45387533,45388409,876,170440
45388409,45389675,1266,116805
45389675,45390639,964,157858
45390639,45391607,968,126829
45391607,45392446,839,74477
45392446,45393643,1197,36146
45393643,45394790,1147,129597
45394790,45395979,1189,146437
45395979,45397307,1328,14958
45397307,45398115,808,128145
45398115,45399070,955,44582
45399070,45400200,1130,178449
45400200,45401413,1213,30101
45401413,45401658,245,128678
45401658,45402192,534,67857
45402192,45403163,971,274380
45403163,45404313,1150,293663
45404313,45405324,1011,97593
45405324,45405668,344,101836
45405668,45406839,1171,133424
45406839,45407989,1150,41610
45407989,45408935,946,133263
45408935,45410105,1170,288043
45410105,45411180,1075,174992
45411180,45412326,1146,145138
45412326,45413534,1208,76974
45413534,45414576,1042,13364
45414576,45415531,955,289453
45415531,45416532,1001,6171
45416532,45417853,1321,187024
45417853,45418989,1136,132073
45418989,45420254,1265,68344
45420254,45421384,1130,298549
45421384,45422568,1184,125123
45422568,45423696,1128,131732
45423696,45424943,1247,177641
45424943,45426014,1071,87766
45426014,45426321,307,110061
45426321,45427201,880,132710
45427201,45428449,1248,150915
45428449,45429806,1357,32904
45429806,45430980,1174,132866
45430980,45432049,1069,135657
45432049,45433289,1240,164101
45433289,45434503,1214,114468
45434503,45435486,983,102240
45435486,45436639,1153,132777
45436639,45437614,975,11535
45437614,45438154,540,129064
45438154,45439363,1209,164100
45439363,45440580,1217,77361
45440580,45441795,1215,14677
45441795,45442798,1003,44577
45442798,45443559,761,158074
45443559,45444205,646,46889
45444205,45444966,761,1731
45444966,45446107,1141,39971
45446107,45447116,1009,15081
45447116,45448457,1341,41614
45448457,45449722,1265,164187
45449722,45451004,1282,152262
45451004,45452171,1167,133225
45452171,45452688,517,155520
45452688,45453526,838,141791
45453526,45454706,1180,1560
45454706,45455269,563,161714
45455269,45456528,1259,80189
45456528,45456789,261,284268
45456789,45457871,1082,132592
45457871,45458976,1105,395
45458976,45459778,802,134425
45459778,45460937,1159,132650
45460937,45462018,1081,54006
45462018,45463078,1060,126233
45463078,45463959,881,43296
45463959,45465103,1144,83606
45465103,45465763,660,152282
45465763,45467090,1327,163380
45467090,45468266,1176,68188
45468266,45469225,959,88007
45469225,45470124,899,130974
45470124,45471151,1027,132299
45471151,45472330,1179,135657
45472330,45473564,1234,4275
45473564,45474719,1155,10642
45474719,45475630,911,94526
45475630,45476868,1238,276749
45476868,45478063,1195,132644
45478063,45479246,1183,142896
45479246,45480024,778,126794
45480024,45480862,838,124224
45480862,45481911,1049,37090
45481911,45482864,953,285135
45482864,45483469,605,120282
45483469,45484187,718,158744
45484187,45485320,1133,148550
45485320,45486507,1187,115686
45486507,45487683,1176,135762
45487683,45488392,709,133217
45488392,45489168,776,171109
45489168,45490354,1186,142727
45490354,45491456,1102,185126
45491456,45492536,1080,123506
45492536,45492824,288,73848
45492824,45494036,1212,121398
45494036,45494582,546,132644
45494582,45495793,1211,167609
45495793,45496264,471,135635
45496264,45497154,890,283462
45497154,45497528,374,7591
45497528,45498556,1028,130184
45498556,45499566,1010,181961
45499566,45500771,1205,130225
45500771,45501998,1227,110061
45501998,45503239,1241,279856
45503239,45504138,899,26852
45504138,45505265,1127,12538
45505265,45506446,1181,56222
45506446,45507585,1139,157858
45507585,45508057,472,14653
45508057,45508579,522,125123
45508579,45509845,1266,126829
45509845,45510055,210,168062
45510055,45511253,1198,164100
45511253,45512478,1225,13056
45512478,45512933,455,142858
45512933,45513975,1042,129440
45513975,45515183,1208,139290
45515183,45516396,1213,121543
45516396,45517502,1106,121069
45517502,45518740,1238,231838
45518740,45518967,227,1539
45518967,45520018,1051,10674
45520018,45521290,1272,117382
45521290,45522303,1013,296473
45522303,45523588,1285,130728
45523588,45524353,765,31097
45524353,45525369,1016,104986
45525369,45526548,1179,80534
45526548,45527457,909,71402
45527457,45528546,1089,127936
45528546,45529491,945,87997
45529491,45530676,1185,123283
45530676,45531979,1303,146346
45531979,45533034,1055,252342
45533034,45533985,951,123715
45533985,45535111,1126,41259
45535111,45535362,251,158816
45535362,45536428,1066,131732
45536428,45537577,1149,294697
45537577,45538641,1064,123285
45538641,45539821,1180,287139
45539821,45541134,1313,54667
45541134,45542354,1220,11528
45542354,45543389,1035,2301
45543389,45544499,1110,88761
45544499,45545763,1264,37090
45545763,45546911,1148,127685
45546911,45548115,1204,291101
45548115,45548715,600,32137
45548715,45549674,959,127595
45549674,45550123,449,141571
45550123,45550692,569,127731
45550692,45551808,1116,82904
45551808,45552804,996,398
45552804,45553990,1186,130994
45553990,45554994,1004,147159
45554994,45556098,1104,72205
45556098,45557366,1268,176278
45557366,45558605,1239,139200
45558605,45558815,210,20410
45558815,45560061,1246,58845
45560061,45561267,1206,108638
45561267,45562371,1104,32886
45562371,45563635,1264,140222
45563635,45564702,1067,157236
45564702,45565733,1031,135897
45565733,45566824,1091,285137
45566824,45567807,983,49755
45567807,45568893,1086,137589
45568893,45570225,1332,25766
45570225,45570766,541,9920
45570766,45571689,923,110131
45571689,45572910,1221,80197
45572910,45574106,1196,121416
45574106,45575196,1090,290365
45575196,45576423,1227,135264
45576423,45577450,1027,155973
45577450,45578252,802,300208
45578252,45579178,926,134312
45579178,45580301,1123,61777
45580301,45581304,1003,126826
45581304,45582504,1200,128990
45582504,45583668,1164,296468
45583668,45584524,856,110238
45584524,45585453,929,245691
45585453,45586699,1246,124990
45586699,45587788,1089,88363
45587788,45589046,1258,39501
45589046,45590108,1062,39515
45590108,45591339,1231,38026
45591339,45591962,623,40571
45591962,45593140,1178,129974
45593140,45594273,1133,131294
45594273,45595253,980,160952
45595253,45596460,1207,124368
45596460,45597321,861,132891
45597321,45598604,1283,123443
45598604,45599897,1293,258954
45599897,45601161,1264,122825
45601161,45601598,437,73958
45601598,45602773,1175,29090
45602773,45602999,226,133471
45602999,45604152,1153,10798
45604152,45605435,1283,86026
45605435,45606549,1114,35921
45606549,45607112,563,54613
45607112,45608312,1200,13256
45608312,45608842,530,121024
45608842,45609972,1130,51162
45609972,45611075,1103,110742
45611075,45612286,1211,150915
45612286,45612819,533,126796
45612819,45614111,1292,18524
45614111,45614658,547,132705
45614658,45615898,1240,245687
45615898,45616875,977,11243
45616875,45617894,1019,106367
45617894,45619112,1218,294114
45619112,45620235,1123,1150
45620235,45620672,437,163381
45620672,45621533,861,140040
45621533,45622598,1065,72311
45622598,45623652,1054,41933
45623652,45624998,1346,158796
45624998,45626149,1151,723
45626149,45627362,1213,150843
45627362,45628185,823,157066
45628185,45629406,1221,283228
45629406,45630756,1350,123167
45630756,45631907,1151,135762
45631907,45633017,1110,278217
45633017,45634229,1212,161217
45634229,45635510,1281,62558
45635510,45636663,1153,157243
45636663,45637644,981,54666
45637644,45638739,1095,66166
45638739,45639816,1077,92202
45639816,45640585,769,142311
45640585,45641670,1085,1187
45641670,45642769,1099,51163
45642769,45643351,582,16002
45643351,45643592,241,135020
45643592,45644641,1049,132484
45644641,45645790,1149,58845
45645790,45646577,787,129583
45646577,45647772,1195,160958
45647772,45648294,522,163935
45648294,45648957,663,137608
45648957,45650171,1214,148529
45650171,45650524,353,72200
45650524,45651496,972,1560
45651496,45652445,949,135249
45652445,45653476,1031,121528
45653476,45654612,1136,135020
45654612,45655826,1214,157830
45655826,45656961,1135,11258
45656961,45658231,1270,10642
45658231,45659354,1123,147968
45659354,45660557,1203,258266
45660557,45661535,978,150674
45661535,45662576,1041,126955
45662576,45663877,1301,1120
45663877,45664794,917,48579
45664794,45665888,1094,107520
45665888,45666793,905,1562
45666793,45667778,985,139307
45667778,45668971,1193,138617
45668971,45670003,1032,141613
45670003,45671236,1233,135897
45671236,45672409,1173,104890
45672409,45673436,1027,123602
45673436,45674095,659,122025
45674095,45675163,1068,101276
45675163,45676334,1171,293959
45676334,45677413,1079,137608
45677413,45678175,762,292138
45678175,45678980,805,56777
45678980,45679275,295,152264
45679275,45680224,949,131218
45680224,45681082,858,44577
45681082,45682204,1122,129515
45682204,45683455,1251,36386
45683455,45683731,276,85685
45683731,45684886,1155,156718
45684886,45685467,581,7793
45685467,45686688,1221,278289
45686688,45687369,681,129393
45687369,45688541,1172,31091
45688541,45689799,1258,82458
45689799,45690276,477,140725
45690276,45691496,1220,127694
45691496,45692366,870,124368
45692366,45693503,1137,123266
45693503,45693970,467,185488
45693970,45695241,1271,64956
45695241,45696259,1018,16632
45696259,45697511,1252,212
45697511,45698600,1089,148522
45698600,45699798,1198,246932
45699798,45701140,1342,139009
45701140,45701504,364,86026
45701504,45702444,940,134463
45702444,45703673,1229,149739
45703673,45704841,1168,80189
45704841,45705830,989,128310
45705830,45706206,376,24731
45706206,45707357,1151,187464
45707357,45708496,1139,30591
45708496,45708961,465,139361
45708961,45710216,1255,295445
45710216,45711274,1058,47541
45711274,45712161,887,134160
45712161,45712944,783,138545
45712944,45714301,1357,161714
45714301,45715426,1125,284445
45715426,45716718,1292,7371
45716718,45717287,569,135657
45717287,45717624,337,139741
45717624,45718735,1111,61317
45718735,45720068,1333,57156
45720068,45720348,280,135220
45720348,45720801,453,232691
45720801,45721996,1195,56837
45721996,45723232,1236,63095
45723232,45724418,1186,8912
45724418,45725389,971,39967
45725389,45726506,1117,91072
45726506,45727537,1031,126233
45727537,45728094,557,120282
45728094,45728388,294,8684
45728388,45729506,1118,89898
45729506,45730435,929,81870
45730435,45731385,950,47032
45731385,45732509,1124,11546
45732509,45733771,1262,4733
45733771,45734890,1119,183239
45734890,45735960,1070,63841
45735960,45736617,657,125127
45736617,45737892,1275,88007
45737892,45738447,555,39478
45738447,45739620,1173,12332
45739620,45740797,1177,231836
45740797,45741856,1059,149739
45741856,45742994,1138,258266
45742994,45744251,1257,143005
45744251,45745322,1071,122443
45745322,45746459,1137,106974
45746459,45747707,1248,104978
45747707,45748954,1247,121064
45748954,45750110,1156,80192
45750110,45751291,1181,124368
45751291,45752042,751,96672
45752042,45753315,1273,139356
45753315,45754580,1265,175448
45754580,45755883,1303,185485
45755883,45757082,1199,106800
45757082,45758237,1155,74477
45758237,45759314,1077,138548
45759314,45760378,1064,81870
45760378,45761605,1227,116797
45761605,45762900,1295,30591
45762900,45763275,375,9210
45763275,45763507,232,133211
45763507,45764600,1093,6398
45764600,45764817,217,117384
45764817,45765963,1146,85685
45765963,45767204,1241,123163
45767204,45768460,1256,295197
45768460,45769748,1288,10642
45769748,45770977,1229,86683
45770977,45772165,1188,129324
45772165,45772386,221,121528
45772386,45773385,999,121392
45773385,45774450,1065,135659
45774450,45775664,1214,258986
45775664,45776664,1000,61422
45776664,45777762,1098,6541
45777762,45778940,1178,171133
45778940,45780077,1137,135657
45780077,45780351,274,61421
45780351,45781505,1154,130727
45781505,45782181,676,9321
45782181,45783352,1171,134434
45783352,45784581,1229,143893
45784581,45785851,1270,134830
45785851,45787022,1171,123190
45787022,45788309,1287,171108
45788309,45789491,1182,64717
45789491,45789911,420,1730
45789911,45791074,1163,176698
45791074,45791761,687,163402
45791761,45792978,1217,111574
45792978,45793292,314,54006
45793292,45794542,1250,105574
45794542,45795321,779,128631
45795321,45795884,563,155152
45795884,45797017,1133,132800
45797017,45798279,1262,134176
45798279,45799346,1067,132866
45799346,45800577,1231,105673
45800577,45801438,861,175962
45801438,45802605,1167,149791
45802605,45802887,282,121658
45802887,45803964,1077,31609
45803964,45805093,1129,121140
45805093,45806319,1226,131751
45806319,45806616,297,231838
45806616,45807749,1133,10344
45807749,45808138,389,164187
45808138,45809291,1153,142358
45809291,45810464,1173,302111
45810464,45811687,1223,279856
45811687,45813014,1327,138047
45813014,45814256,1242,137628
45814256,45815343,1087,132717
45815343,45816610,1267,143948
45816610,45817561,951,149798
45817561,45818807,1246,700
45818807,45819896,1089,122944
45819896,45820565,669,96153
45820565,45821611,1046,59167
45821611,45821816,205,140639
45821816,45822802,986,121741
45822802,45823300,498,291172
45823300,45824305,1005,89894
45824305,45825529,1224,4445
45825529,45825707,178,45217
45825707,45826863,1156,61780
45826863,45828005,1142,113336
45828005,45828385,380,158744
45828385,45829637,1252,5911
45829637,45830863,1226,19361
45830863,45832080,1217,163527
45832080,45833312,1232,143271
45833312,45834371,1059,143946
45834371,45835443,1072,55856
45835443,45836620,1177,132537
45836620,45836828,208,21498
45836828,45837091,263,157056
45837091,45838328,1237,88089
45838328,45839511,1183,115968
45839511,45840777,1266,12103
45840777,45841009,232,110705
45841009,45841429,420,156019
45841429,45842551,1122,73073
45842551,45843818,1267,131732
45843818,45844923,1105,84010
45844923,45846112,1189,274374
45846112,45847127,1015,170956
45847127,45848310,1183,11079
45848310,45849505,1195,122627
45849505,45850613,1108,54006
45850613,45851867,1254,11734
45851867,45853050,1183,112058
45853050,45854130,1080,274379
45854130,45855303,1173,293168
45855303,45856545,1242,124990
45856545,45857743,1198,107520
45857743,45858966,1223,121127
45858966,45860057,1091,184264
45860057,45860794,737,131722
45860794,45861985,1191,296465
45861985,45863262,1277,56179
45863262,45864474,1212,163612
45864474,45865549,1075,174992
45865549,45866832,1283,67863
45866832,45867966,1134,64738
45867966,45869111,1145,156981
45869111,45870344,1233,104483
45870344,45870877,533,135897
45870877,45872225,1348,279856
45872225,45873130,905,124368
45873130,45874229,1099,129393
45874229,45875490,1261,11079
45875490,45876470,980,44585
45876470,45877669,1199,84447
45877669,45878768,1099,362
45878768,45879963,1195,71531
45879963,45881123,1160,142848
45881123,45882142,1019,246904
45882142,45883163,1021,5704
45883163,45884252,1089,32886
45884252,45884834,582,134707
45884834,45885822,988,30105
45885822,45886235,413,281472
45886235,45887291,1056,141644
45887291,45888421,1130,36641
45888421,45889720,1299,171133
45889720,45890846,1126,93277
45890846,45891859,1013,126860
45891859,45892977,1118,130493
45892977,45894012,1035,295710
45894012,45895124,1112,9321
45895124,45896283,1159,117866
45896283,45897516,1233,126860
45897516,45898129,613,171133
45898129,45899430,1301,149939
45899430,45900641,1211,126842
45900641,45901796,1155,294690
45901796,45902828,1032,84122
45902828,45903699,871,84121
45903699,45904881,1182,31609
45904881,45906010,1129,9010
45906010,45907071,1061,14497
45907071,45908304,1233,276749
45908304,45909355,1051,22574
45909355,45910557,1202,161102
45910557,45910813,256,138033
45910813,45912092,1279,102238
45912092,45913172,1080,97610
45913172,45914283,1111,127518
45914283,45915417,1134,72876
45915417,45915813,396,68188
45915813,45916833,1020,170453
45916833,45917749,916,126965
45917749,45918480,731,126410
45918480,45919642,1162,123059
45919642,45920878,1236,147627
45920878,45922191,1313,110705
45922191,45923216,1025,65772
45923216,45924260,1044,110061
45924260,45925251,991,92935
45925251,45926426,1175,113336
45926426,45926999,573,85685
45926999,45928248,1249,62558
45928248,45929361,1113,1562
45929361,45930376,1015,58845
45930376,45931522,1146,129443
45931522,45932747,1225,130588
45932747,45934010,1263,65803
45934010,45935150,1140,125147
45935150,45936073,923,71420
45936073,45936528,455,140654
45936528,45937659,1131,5776
45937659,45938915,1256,137483
45938915,45939307,392,141713
45939307,45940527,1220,129396
45940527,45941763,1236,176854
45941763,45943002,1239,274378
45943002,45944130,1128,141242
45944130,45945242,1112,141571
45945242,45946514,1272,14929
45946514,45947745,1231,143477
45947745,45948701,956,56179
45948701,45949929,1228,166423
45949929,45951170,1241,86765
45951170,45952157,987,296468
45952157,45953394,1237,129066
45953394,45954100,706,269254
45954100,45955335,1235,122544
45955335,45956456,1121,142733
45956456,45957505,1049,132532
45957505,45958556,1051,45218
45958556,45959870,1314,121130
45959870,45960853,983,121449
45960853,45961870,1017,11612
45961870,45962963,1093,158744
45962963,45964242,1279,147159
45964242,45965439,1197,170438
45965439,45966194,755,142362
45966194,45967111,917,12971
45967111,45968435,1324,81858
45968435,45969716,1281,88089
45969716,45970799,1083,87732
45970799,45971983,1184,124990
45971983,45972777,794,126480
45972777,45973167,390,147990
45973167,45974469,1302,72207
45974469,45975629,1160,158081
45975629,45976883,1254,398
45976883,45977868,985,149245
45977868,45978839,971,86804
45978839,45979928,1089,126928
45979928,45980277,349,64717
45980277,45981060,783,94526
45981060,45982287,1227,270778
45982287,45983354,1067,176278
45983354,45984627,1273,91801
45984627,45985826,1199,132532
45985826,45986966,1140,148920
45986966,45988065,1099,285135
45988065,45988661,596,53638
45988661,45988974,313,24514
45988974,45990135,1161,56179
45990135,45991321,1186,138063
45991321,45991576,255,176278
45991576,45992127,551,132710
45992127,45992996,869,9210
45992996,45994370,1374,286306
45994370,45995597,1227,67200
45995597,45996865,1268,89735
45996865,45997914,1049,279363
45997914,45999142,1228,270777
45999142,46000229,1087,5341
46000229,46000960,731,294114
46000960,46002144,1184,81859
46002144,46003373,1229,178450
46003373,46003963,590,67592
46003963,46004126,163,164101
46004126,46004635,509,121331
46004635,46005822,1187,46243
46005822,46006915,1093,102381
46006915,46008142,1227,118119
46008142,46009229,1087,14526
46009229,46010354,1125,55927
46010354,46011507,1153,92420
46011507,46012483,976,138901
46012483,46012729,246,105390
46012729,46013866,1137,39501
46013866,46015061,1195,126955
46015061,46015860,799,44937
46015860,46016844,984,6541
46016844,46017755,911,121085
46017755,46018846,1091,21498
46018846,46020021,1175,64300
46020021,46021044,1023,158074
46021044,46021684,640,155972
46021684,46022939,1255,132592
46022939,46024092,1153,106800
46024092,46024998,906,170976
46024998,46025474,476,106367
46025474,46026694,1220,91072
46026694,46027201,507,26987
46027201,46028352,1151,148920
46028352,46028621,269,65534
46028621,46029725,1104,278217
46029725,46031034,1309,134816
46031034,46032165,1131,134149
46032165,46033036,871,160187
46033036,46034154,1118,64588
46034154,46035227,1073,294697
46035227,46035574,347,129994
46035574,46036819,1245,138043
46036819,46037967,1148,133442
46037967,46039070,1103,122545
46039070,46040301,1231,8675
46040301,46041315,1014,275147
46041315,46041597,282,131748
46041597,46042383,786,123271
46042383,46043363,980,120325
46043363,46044219,856,10172
46044219,46045470,1251,170956
46045470,46045640,170,121671
46045640,46046895,1255,37090
46046895,46048153,1258,32904
46048153,46048780,627,279856
46048780,46049907,1127,160953
46049907,46051141,1234,18005
46051141,46052411,1270,6398
46052411,46053407,996,10642
46053407,46054722,1315,123270
46054722,46055905,1183,233342
46055905,46056794,889,127732
46056794,46057757,963,76043
46057757,46058572,815,36956
46058572,46059797,1225,182389
46059797,46060849,1052,135762
46060849,46061968,1119,94876
46061968,46063187,1219,293963
46063187,46064319,1132,115687
46064319,46065002,683,126965
46065002,46065676,674,282926
46065676,46066905,1229,149236
46066905,46067790,885,82558
46067790,46069017,1227,123443
46069017,46070174,1157,159056
46070174,46071359,1185,157066
46071359,46072662,1303,139612
46072662,46073752,1090,32135
46073752,46074832,1080,164927
46074832,46075163,331,9010
46075163,46076346,1183,147981
46076346,46077576,1230,279153
46077576,46078779,1203,5710
46078779,46079953,1174,7591
46079953,46081136,1183,258266
46081136,46081582,446,129659
46081582,46082389,807,109663
46082389,46083715,1326,278228
46083715,46084926,1211,4662
46084926,46086155,1229,274376
46086155,46087309,1154,276749
46087309,46087630,321,121130
46087630,46088722,1092,862
46088722,46089038,316,397
46089038,46089999,961,86804
46089999,46090304,305,150915
46090304,46091519,1215,108005
46091519,46092669,1150,6398
46092669,46093877,1208,132707
46093877,46094930,1053,67592
46094930,46096175,1245,130900
46096175,46096948,773,178029
46096948,46097583,635,115686
46097583,46098410,827,46243
46098410,46098701,291,39616
46098701,46099738,1037,141209
46099738,46100956,1218,130870
46100956,46101427,471,151817
46101427,46102672,1245,160592
46102672,46103817,1145,59268
46103817,46105052,1235,168062
46105052,46106287,1235,142896
46106287,46107374,1087,124439
46107374,46108551,1177,156968
46108551,46109620,1069,277898
46109620,46110891,1271,157400
46110891,46112064,1173,92820
46112064,46112478,414,142744
46112478,46113666,1188,121760
46113666,46114550,884,140222
46114550,46114964,414,135636
46114964,46116125,1161,283228
46116125,46116700,575,10673
46116700,46117894,1194,130549
46117894,46118955,1061,39501
46118955,46120031,1076,143264
46120031,46120793,762,4662
46120793,46122011,1218,216570
46122011,46123048,1037,136280
46123048,46123351,303,294523
46123351,46124461,1110,129393
46124461,46125494,1033,274380
46125494,46126673,1179,121064
46126673,46127726,1053,44937
46127726,46128896,1170,127732
46128896,46130084,1188,113273
46130084,46131225,1141,4687
46131225,46132044,819,94522
46132044,46133244,1200,287357
46133244,46134297,1053,89880
46134297,46135496,1199,135580
46135496,46136437,941,282934
46136437,46137578,1141,86026
46137578,46138681,1103,132280
46138681,46139722,1041,143307
46139722,46140915,1193,67863
46140915,46142178,1263,56179
46142178,46143295,1117,171134
46143295,46144558,1263,50778
46144558,46145710,1152,29110
46145710,46146847,1137,129317
46146847,46147917,1070,73024
46147917,46149054,1137,291101
46149054,46150213,1159,138656
46150213,46151489,1276,124439
46151489,46152465,976,165428
46152465,46153768,1303,28375
46153768,46154814,1046,16802
46154814,46155690,876,60774
46155690,46157014,1324,276730
46157014,46157379,365,19366
46157379,46158232,853,122944
46158232,46158952,720,8157
46158952,46159747,795,283242
46159747,46161078,1331,164100
46161078,46162318,1240,274379
46162318,46163557,1239,12538
46163557,46164776,1219,395
46164776,46165629,853,166683
46165629,46166516,887,87280
46166516,46167071,555,138290
46167071,46168342,1271,91072
46168342,46169389,1047,122806
46169389,46170625,1236,163607
46170625,46171887,1262,16020
46171887,46173074,1187,11243
46173074,46174021,947,137589
46174021,46174491,470,143477
46174491,46174728,237,24515
46174728,46175948,1220,162375
46175948,46177015,1067,86765
46177015,46177276,261,232057
46177276,46178310,1034,122828
46178310,46178996,686,106366
46178996,46179385,389,32637
46179385,46179950,565,36641
46179950,46181085,1135,96157
46181085,46182281,1196,288044
46182281,46182770,489,296468
46182770,46183755,985,274549
46183755,46183932,177,19366
46183932,46184965,1033,72876
46184965,46186209,1244,276735
46186209,46187467,1258,129805
46187467,46187979,512,291381
46187979,46189265,1286,274375
46189265,46190326,1061,157243
46190326,46191614,1288,8912
46191614,46192803,1189,132291
46192803,46193529,726,82558
46193529,46194248,719,56174
46194248,46195374,1126,290365
46195374,46196540,1166,7793
46196540,46197520,980,32856
46197520,46198638,1118,75362
46198638,46198954,316,60480
46198954,46200172,1218,276730
46200172,46201224,1052,352
46201224,46202462,1238,86045
46202462,46203683,1221,123443
46203683,46204934,1251,121085
46204934,46206066,1132,100145
46206066,46207241,1175,258993
46207241,46208482,1241,171138
46208482,46209669,1187,123500
46209669,46210808,1139,6397
46210808,46212065,1257,8674
46212065,46212986,921,131748
46212986,46214024,1038,134707
46214024,46215199,1175,160592
46215199,46216401,1202,103481
46216401,46217064,663,9010
46217064,46218126,1062,57156
46218126,46219361,1235,24731
46219361,46219922,561,124368
46219922,46221001,1079,291374
46221001,46222161,1160,85635
46222161,46223364,1203,295756
46223364,46224543,1179,9174
46224543,46225851,1308,158081
46225851,46227134,1283,176256
46227134,46228245,1111,9203
46228245,46229242,997,135220
46229242,46230168,926,124990
46230168,46231133,965,155948
46231133,46232200,1067,139291
46232200,46233424,1224,84122
46233424,46234452,1028,268287
46234452,46235139,687,61316
46235139,46236386,1247,101276
46236386,46237641,1255,12332
46237641,46237942,301,134149
46237942,46239120,1178,74798
46239120,46239565,445,756
46239565,46240764,1199,139710
46240764,46241554,790,57416
46241554,46242021,467,56175
46242021,46242947,926,298549
46242947,46244158,1211,139308
46244158,46244791,633,128633
46244791,46246044,1253,131106
46246044,46247043,999,80189
46247043,46247550,507,7793
46247550,46248657,1107,82020
46248657,46249636,979,84121
46249636,46250773,1137,124526
46250773,46251898,1125,6557
46251898,46253144,1246,282391
46253144,46254277,1133,139009
46254277,46255381,1104,109180
46255381,46256526,1145,130489
46256526,46256823,297,292604
46256823,46257964,1141,157859
46257964,46259249,1285,32637
46259249,46260325,1076,160958
46260325,46260761,436,147989
46260761,46261710,949,132532
46261710,46262755,1045,258970
46262755,46263976,1221,123715
46263976,46265050,1074,129515
46265050,46266194,1144,296467
46266194,46266687,493,170452
46266687,46267816,1129,398
46267816,46268974,1158,124439
46268974,46269922,948,104979
46269922,46270741,819,134120
46270741,46271962,1221,74477
46271962,46273207,1245,126319
46273207,46274418,1211,12895
46274418,46275459,1041,119253
46275459,46276045,586,170976
46276045,46276910,865,4145
46276910,46278118,1208,48848
46278118,46279414,1296,134451
46279414,46280656,1242,112592
46280656,46281969,1313,245687
46281969,46282250,281,164187
46282250,46283521,1271,129440
46283521,46284732,1211,130549
46284732,46286009,1277,104394
46286009,46286611,602,110238
46286611,46287739,1128,101580
46287739,46288760,1021,123269
46288760,46289902,1142,160592
46289902,46290928,1026,117382
46290928,46291653,725,156968
46291653,46292639,986,141279
46292639,46293728,1089,156474
46293728,46293975,247,131226
46293975,46295202,1227,138032
46295202,46296546,1344,131106
46296546,46297646,1100,39478
46297646,46298836,1190,293963
46298836,46300144,1308,101276
46300144,46300460,316,86710
46300460,46301341,881,126965
46301341,46302006,665,32137
46302006,46303123,1117,292604
46303123,46304189,1066,110054
46304189,46305464,1275,6506
46305464,46306589,1125,224746
46306589,46307841,1252,294554
46307841,46309087,1246,81843
46309087,46310238,1151,73972
46310238,46311458,1220,92420
46311458,46312571,1113,163726
46312571,46313022,451,302395
46313022,46313742,720,137739
46313742,46314319,577,295759
46314319,46315596,1277,145138
46315596,46316837,1241,139710
46316837,46317990,1153,152224
46317990,46319221,1231,39501
46319221,46319385,164,134636
46319385,46320440,1055,287358
46320440,46321659,1219,87508
46321659,46322920,1261,86679
46322920,46323939,1019,178450
46323939,46325019,1080,102250
46325019,46326148,1129,276735
46326148,46327385,1237,13056
46327385,46328541,1156,96168
46328541,46329635,1094,122828
46329635,46330867,1232,129582
46330867,46331959,1092,131722
46331959,46332908,949,275885
46332908,46334109,1201,133442
46334109,46335214,1105,126739
46335214,46336173,959,112187
46336173,46337445,1272,88089
46337445,46338038,593,101262
46338038,46338691,653,1150
46338691,46339870,1179,73973
46339870,46341127,1257,11547
46341127,46342257,1130,362
46342257,46343417,1160,39749
46343417,46344640,1223,105167
46344640,46345277,637,121541
46345277,46346408,1131,121085
46346408,46347089,681,121416
46347089,46348314,1225,58868
46348314,46349673,1359,26987
46349673,46350673,1000,252342
46350673,46351729,1056,127703
46351729,46352725,996,112058
46352725,46353120,395,133471
46353120,46354286,1166,31609
46354286,46355425,1139,114971
46355425,46356636,1211,93470
46356636,46356839,203,176278
46356839,46357824,985,162129
46357824,46359028,1204,283138
46359028,46359923,895,290365
46359923,46361095,1172,172156
46361095,46362256,1161,41610
46362256,46363245,989,106800
46363245,46364302,1057,88761
46364302,46365407,1105,54613
46365407,46366758,1351,287357
46366758,46367735,977,52087
46367735,46368997,1262,29012
46368997,46370012,1015,185125
46370012,46371110,1098,890
46371110,46372067,957,99124
46372067,46373271,1204,281131
46373271,46374528,1257,119637
46374528,46375704,1176,133395
46375704,46376573,869,294551
46376573,46376910,337,123190
46376910,46378038,1128,89894
46378038,46379103,1065,290901
46379103,46379944,841,80189
46379944,46380510,566,158074
46380510,46381680,1170,39508
46381680,46382824,1144,136983
46382824,46383490,666,134660
46383490,46384723,1233,140072
46384723,46385812,1089,150843
46385812,46387019,1207,136846
46387019,46388167,1148,176680
46388167,46389442,1275,147990
46389442,46390697,1255,156224
46390697,46391071,374,9915
46391071,46392273,1202,131735
46392273,46393215,942,45217
46393215,46394458,1243,156981
46394458,46395562,1104,158074
46395562,46396796,1234,126336
46396796,46397935,1139,126842
46397935,46399017,1082,156014
46399017,46400264,1247,141242
46400264,46401537,1273,246904
46401537,46402716,1179,277898
46402716,46403791,1075,285314
46403791,46404908,1117,231862
46404908,46405149,241,94108
46405149,46406371,1222,122827
46406371,46407136,765,97593
46407136,46407853,717,32136
46407853,46409037,1184,71531
46409037,46410139,1102,158816
46410139,46410818,679,39508
46410818,46411928,1110,10673
46411928,46413121,1193,135033
46413121,46413634,513,124224
46413634,46414383,749,127732
46414383,46415466,1083,258974
46415466,46416639,1173,70919
46416639,46417708,1069,291953
46417708,46418909,1201,2503
46418909,46419967,1058,64738
46419967,46421118,1151,166423
46421118,46422329,1211,68773
46422329,46423497,1168,139612
46423497,46424615,1118,141174
46424615,46425344,729,68344
46425344,46425631,287,95441
46425631,46426802,1171,295761
46426802,46427993,1191,4662
46427993,46429035,1042,102250
46429035,46430029,994,132891
46430029,46430870,841,119637
46430870,46432069,1199,92935
46432069,46432618,549,139325
46432618,46433202,584,83607
46433202,46434287,1085,47541
46434287,46435481,1194,8927
46435481,46436589,1108,127703
46436589,46437690,1101,109173
46437690,46438524,834,143485
46438524,46439205,681,102250
46439205,46440125,920,94526
46440125,46441269,1144,167023
46441269,46442439,1170,102612
46442439,46443645,1206,148993
46443645,46444506,861,10172
46444506,46445774,1268,126296
46445774,46446337,563,105168
46446337,46447464,1127,142318
46447464,46448801,1337,109658
46448801,46449926,1125,129066
46449926,46450729,803,58869
46450729,46451784,1055,14653
46451784,46452109,325,109658
46452109,46453304,1195,282391
46453304,46454477,1173,130728
46454477,46455702,1225,121130
46455702,46456744,1042,138113
46456744,46457126,382,67860
46457126,46457721,595,36641
46457721,46458936,1215,146770
46458936,46459869,933,44912
46459869,46460298,429,13185
46460298,46460908,610,27593
46460908,46461482,574,109658
46461482,46462437,955,39477
46462437,46463208,771,178748
46463208,46464461,1253,101278
46464461,46465644,1183,156015
46465644,46466942,1298,287837
46466942,46468133,1191,149881
46468133,46468586,453,16632
46468586,46469847,1261,224746
46469847,46470573,726,285173
46470573,46471496,923,109658
46471496,46472415,919,161101
46472415,46473396,981,81859
46473396,46474689,1293,149939
46474689,46475608,919,279363
46475608,46476895,1287,240992
46476895,46478051,1156,5703
46478051,46479251,1200,121896
46479251,46480371,1120,73972
46480371,46480857,486,54666
46480857,46482126,1269,64974
46482126,46483313,1187,30119
46483313,46484274,961,177234
46484274,46485539,1265,270778
46485539,46486696,1157,77778
46486696,46487945,1249,58845
46487945,46489071,1126,119295
46489071,46490196,1125,149939
46490196,46490584,388,174132
46490584,46491715,1131,121392
46491715,46492871,1156,130755
46492871,46494112,1241,67218
46494112,46495277,1165,112011
46495277,46496380,1103,156757
46496380,46497461,1081,23295
46497461,46498703,1242,108638
46498703,46499903,1200,156977
46499903,46501144,1241,31097
46501144,46502515,1371,19208
46502515,46502878,363,48579
46502878,46504176,1298,136861
46504176,46505363,1187,124520
46505363,46506450,1087,134830
46506450,46507563,1113,147110
46507563,46508686,1123,37090
46508686,46509439,753,137618
46509439,46509926,487,123500
46509926,46510212,286,274378
46510212,46511347,1135,146123
46511347,46512510,1163,46268
46512510,46513341,831,138032
46513341,46514274,933,290923
46514274,46515503,1229,108638
46515503,46515856,353,302000
46515856,46517120,1264,135580
46517120,46518378,1258,45204
46518378,46519354,976,231862
46519354,46520376,1022,32637
46520376,46520727,351,276749
46520727,46521813,1086,138617
46521813,46522924,1111,84122
46522924,46524098,1174,133396
46524098,46525242,1144,144485
46525242,46526316,1074,130975
46526316,46527488,1172,80197
46527488,46528694,1206,10172
46528694,46529844,1150,105390
46529844,46531123,1279,144135
46531123,46531298,175,122810
46531298,46532371,1073,88007
46532371,46533532,1161,48032
46533532,46534705,1173,56778
46534705,46534931,226,126539
46534931,46535713,782,163381
46535713,46536404,691,170453
46536404,46537151,747,141819
46537151,46538196,1045,144987
46538196,46538676,480,156973
46538676,46539976,1300,10089
46539976,46541131,1155,130164
46541131,46541885,754,158744
46541885,46542911,1026,143321
46542911,46544160,1249,126480
46544160,46544765,605,126209
46544765,46546022,1257,138548
46546022,46547104,1082,142358
46547104,46548304,1200,64974
46548304,46549433,1129,300208
46549433,46550590,1157,124164
46550590,46551793,1203,163612
46551793,46553074,1281,700
46553074,46554307,1233,130876
46554307,46555388,1081,290365
46555388,46556473,1085,287671
46556473,46556735,262,287837
46556735,46557796,1061,87508
46557796,46559002,1206,128309
46559002,46560241,1239,47239
46560241,46561372,1131,85684
46561372,46562369,997,143484
46562369,46563449,1080,65772
46563449,46564523,1074,258959
46564523,46565798,1275,102526
46565798,46567022,1224,155152
46567022,46568019,997,132777
46568019,46569343,1324,131004
46569343,46570396,1053,138042
46570396,46571436,1040,127685
46571436,46572501,1065,130569
46572501,46573534,1033,11077
46573534,46574036,502,39913
46574036,46575365,1329,122810
46575365,46576487,1122,124990
46576487,46577774,1287,113272
46577774,46578725,951,131228
46578725,46579921,1196,176854
46579921,46581006,1085,282406
46581006,46582174,1168,129581
46582174,46583016,842,158074
46583016,46583749,733,101283
46583749,46584966,1217,14677
46584966,46585795,829,126302
46585795,46586766,971,144496
46586766,46587859,1093,129393
46587859,46588787,928,46889
46588787,46589973,1186,170956
46589973,46590934,961,53320
46590934,46592137,1203,184265
46592137,46593258,1121,131732
46593258,46594014,756,39475
46594014,46595361,1347,102612
46595361,46596445,1084,129752
46596445,46597716,1271,51162
46597716,46597998,282,258263
46597998,46599177,1179,157243
46599177,46600401,1224,163527
46600401,46601740,1339,31629
46601740,46602993,1253,29012
46602993,46604218,1225,133442
46604218,46605341,1123,84121
46605341,46606598,1257,120318
46606598,46607692,1094,174511
46607692,46608908,1216,131294
46608908,46609789,881,15082
46609789,46611062,1273,169291
46611062,46612259,1197,46267
46612259,46613274,1015,282934
46613274,46614493,1219,68773
46614493,46615668,1175,98877
46615668,46616607,939,155151
46616607,46617436,829,126929
46617436,46617635,199,232690
46617635,46618752,1117,157830
46618752,46619673,921,63713
46619673,46619939,266,131899
46619939,46621154,1215,159386
46621154,46622371,1217,59234
46622371,46623233,862,123176
46623233,46624142,909,139752
46624142,46625431,1289,135033
46625431,46626508,1077,1133
46626508,46627693,1185,279363
46627693,46628740,1047,83708
46628740,46629877,1137,149739
46629877,46630880,1003,143271
46630880,46632025,1145,287660
46632025,46633282,1257,39481
46633282,46634510,1228,156474
46634510,46635158,648,169291
46635158,46636413,1255,135659
46636413,46637627,1214,18524
46637627,46638336,709,142363
46638336,46639325,989,124221
46639325,46640566,1241,73848
46640566,46640906,340,168062
46640906,46642039,1133,8689
46642039,46643077,1038,132272
46643077,46644342,1265,155521
46644342,46645568,1226,125127
46645568,46646846,1278,71402
46646846,46647519,673,41610
46647519,46648750,1231,39967
46648750,46649894,1144,139009
46649894,46651150,1256,69422
46651150,46652160,1010,123269
46652160,46653288,1128,291168
46653288,46654445,1157,86040
46654445,46655685,1240,133225
46655685,46656847,1162,141209
46656847,46657240,393,109662
46657240,46658390,1150,146123
46658390,46659624,1234,18004
46659624,46660761,1137,168199
46660761,46661712,951,166420
46661712,46662883,1171,110061
46662883,46664008,1125,107487
46664008,46665298,1290,131030
46665298,46665961,663,123133
46665961,46667071,1110,123882
46667071,46668333,1262,129594
46668333,46669564,1231,127694
46669564,46670853,1289,5710
46670853,46671970,1117,39967
46671970,46673119,1149,290901
46673119,46673881,762,154736
46673881,46674734,853,136863
46674734,46675703,969,58845
46675703,46676607,904,78885
46676607,46676803,196,128636
46676803,46678088,1285,157242
46678088,46679108,1020,131106
46679108,46680232,1124,132882
46680232,46680848,616,279849
46680848,46681877,1029,130566
46681877,46682974,1097,128310
46682974,46683185,211,152824
46683185,46683796,611,125951
46683796,46685076,1280,147110
46685076,46686387,1311,127518
46686387,46687720,1333,101283
46687720,46688689,969,60801
46688689,46689757,1068,122627
46689757,46690744,987,132864
46690744,46691663,919,139350
46691663,46692849,1186,66016
46692849,46693920,1071,178449
46693920,46694705,785,135249
46694705,46695922,1217,26951
46695922,46697136,1214,140725
46697136,46697886,750,122944
46697886,46698146,260,156967
46698146,46699321,1175,4275
46699321,46700478,1157,61780
46700478,46701743,1265,36956
46701743,46702154,411,70756
46702154,46703369,1215,21493
46703369,46703946,577,293529
46703946,46704561,615,160964
46704561,46704926,365,122451
46704926,46705941,1015,164101
46705941,46706651,710,127595
46706651,46707913,1262,128226
46707913,46709045,1132,142752
46709045,46709308,263,292138
46709308,46709760,452,126796
46709760,46710854,1094,6176
46710854,46711929,1075,287671
46711929,46712990,1061,290047
46712990,46713309,319,137614
46713309,46714434,1125,123998
46714434,46715579,1145,77361
46715579,46716363,784,32139
46716363,46717556,1193,130878
46717556,46718737,1181,132530
46718737,46719888,1151,37999
46719888,46721045,1157,66016
46721045,46722254,1209,101278
46722254,46723284,1030,129325
46723284,46724021,737,117899
46724021,46725038,1017,275212
46725038,46725967,929,135657
46725967,46726635,668,142824
46726635,46727689,1054,138043
46727689,46728944,1255,176270
46728944,46729545,601,13247
46729545,46730784,1239,36641
46730784,46731619,835,4731
46731619,46732705,1086,148550
46732705,46733877,1172,39971
46733877,46735034,1157,92820
46735034,46736120,1086,123998
46736120,46737222,1102,274376
46737222,46738316,1094,108640
46738316,46739605,1289,58843
46739605,46740858,1253,55856
46740858,46741745,887,122876
46741745,46742910,1165,281132
46742910,46744158,1248,147110
46744158,46744851,693,129597
46744851,46745836,985,121127
46745836,46747088,1252,289453
46747088,46748265,1177,62347
46748265,46748536,271,26853
46748536,46749689,1153,131887
46749689,46750821,1132,70756
46750821,46752058,1237,130489
46752058,46753087,1029,61743
46753087,46754106,1019,132864
46754106,46755246,1140,139404
46755246,46755463,217,125883
46755463,46756752,1289,145088
46756752,46757683,931,54667
46757683,46758511,828,130900
46758511,46759776,1265,73073
46759776,46760995,1219,98645
46760995,46762084,1089,1070
46762084,46763311,1227,10327
46763311,46764274,963,121085
46764274,46765583,1309,130870
46765583,46765903,320,136610
46765903,46767064,1161,44937
46767064,46768262,1198,4275
46768262,46769413,1151,34483
46769413,46770472,1059,199
46770472,46770951,479,126842
46770951,46771980,1029,86040
46771980,46773144,1164,156019
46773144,46774403,1259,106800
46774403,46775320,917,861
46775320,46776566,1246,166421
46776566,46777289,723,157242
46777289,46778461,1172,117384
46778461,46779750,1289,152825
46779750,46780235,485,124164
46780235,46781431,1196,147981
46781431,46782700,1269,146346
46782700,46783950,1250,71402
46783950,46785120,1170,258266
46785120,46786413,1293,177641
46786413,46787589,1176,114256
46787589,46788417,828,137618
46788417,46789649,1232,157242
46789649,46790801,1152,121799
46790801,46791661,860,122443
46791661,46792827,1166,15446
46792827,46793166,339,171171
46793166,46794209,1043,54487
46794209,46795440,1231,137154
46795440,46796728,1288,154697
46796728,46797854,1126,138548
46797854,46799009,1155,89390
46799009,46800078,1069,274549
46800078,46800428,350,157066
46800428,46801681,1253,130127
46801681,46802941,1260,4662
46802941,46804058,1117,282386
46804058,46804968,910,258954
46804968,46806188,1220,31668
46806188,46806671,483,25765
46806671,46807913,1242,138113
46807913,46808795,882,147968
46808795,46810078,1283,126959
46810078,46810911,833,73295
46810911,46811426,515,295759
46811426,46812504,1078,130164
46812504,46813668,1164,86765
46813668,46814918,1250,48842
46814918,46816046,1128,57667
46816046,46817202,1156,280380
46817202,46818125,923,300225
46818125,46819063,938,291170
46819063,46820300,1237,65772
46820300,46821437,1137,274379
46821437,46822621,1184,1562
46822621,46823790,1169,13248
46823790,46824557,767,129597
46824557,46825635,1078,122625
46825635,46826830,1195,6397
46826830,46828101,1271,110705
46828101,46828952,851,65772
46828952,46829419,467,143264
46829419,46830348,929,54016
46830348,46831630,1282,140041
46831630,46832787,1157,14976
46832787,46834032,1245,93470
46834032,46835262,1230,104986
46835262,46836469,1207,300047
46836469,46837675,1206,395
46837675,46838939,1264,287357
46838939,46839387,448,141819
46839387,46840309,922,102381
46840309,46841555,1246,212
46841555,46842589,1034,84010
46842589,46843086,497,131106
46843086,46843350,264,47541
46843350,46844554,1204,8674
46844554,46845017,463,5791
46845017,46846181,1164,158081
46846181,46847178,997,80656
46847178,46848336,1158,699
46848336,46849416,1080,129805
46849416,46850728,1312,1119
46850728,46851878,1150,291379
46851878,46853126,1248,287139
46853126,46854293,1167,84121
46854293,46855457,1164,73295
46855457,46856577,1120,96498
46856577,46857708,1131,57837
46857708,46858815,1107,12103
46858815,46859499,684,16020
46859499,46859757,258,156153
46859757,46860537,780,300234
46860537,46861577,1040,128136
46861577,46862514,937,127696
46862514,46863761,1247,63885
46863761,46864442,681,246893
46864442,46865509,1067,140725
46865509,46866509,1000,37090
46866509,46867591,1082,44582
46867591,46868775,1184,64974
46868775,46870052,1277,43322
46870052,46871328,1276,52088
46871328,46872398,1070,125140
46872398,46873547,1149,138888
46873547,46874672,1125,100043
46874672,46875687,1015,292252
46875687,46876877,1190,46890
46876877,46877626,749,167609
46877626,46878745,1119,107621
46878745,46879767,1022,68361
46879767,46880862,1095,8141
46880862,46882075,1213,72207
46882075,46883338,1263,135580
46883338,46884448,1110,67147
46884448,46885601,1153,127215
46885601,46886785,1184,110127
46886785,46888004,1219,129597
46888004,46889073,1069,300047
46889073,46889460,387,36641
46889460,46890635,1175,106800
46890635,46891880,1245,159371
46891880,46893110,1230,176660
46893110,46893937,827,290350
46893937,46894126,189,141174
46894126,46895061,935,110061
46895061,46896284,1223,5084
46896284,46897455,1171,95870
46897455,46897992,537,132891
46897992,46898817,825,129596
46898817,46900032,1215,123163
46900032,46901108,1076,135892
46901108,46902363,1255,134816
46902363,46902984,621,258262
46902984,46903771,787,39970
46903771,46905028,1257,146111
46905028,46906003,975,199
46906003,46907082,1079,165701
46907082,46908080,998,11077
46908080,46909322,1242,53638
46909322,46909544,222,128309
46909544,46910561,1017,165701
46910561,46911557,996,177234
46911557,46911836,279,14674
46911836,46912594,758,291384
46912594,46912917,323,122625
46912917,46913083,166,129805
46913083,46914335,1252,64075
46914335,46915439,1104,208
46915439,46915921,482,112058
46915921,46917222,1301,113272
46917222,46918497,1275,64974
46918497,46919813,1316,104606
46919813,46921034,1221,89894
46921034,46922099,1065,64713
46922099,46923308,1209,258993
46923308,46924435,1127,1188
46924435,46925552,1117,13256
46925552,46926816,1264,2772
46926816,46927810,994,108621
46927810,46928134,324,123283
46928134,46929103,969,129808
46929103,46930357,1254,154671
46930357,46931099,742,48032
46931099,46931547,448,134708
46931547,46932718,1171,149245
46932718,46933807,1089,30105
46933807,46934920,1113,110243
46934920,46936161,1241,135580
46936161,46937206,1045,279233
46937206,46938363,1157,234100
46938363,46939461,1098,153964
46939461,46940728,1267,40556
46940728,46941187,459,131732
46941187,46942206,1019,291107
46942206,46943294,1088,148522
46943294,46943653,359,6525
46943653,46944948,1295,273050
46944948,46945223,275,293963
46945223,46946468,1245,58193
46946468,46947684,1216,39475
46947684,46948735,1051,234106
46948735,46949910,1175,291170
46949910,46951134,1224,157263
46951134,46952488,1354,16020
46952488,46953757,1269,21393
46953757,46954914,1157,101799
46954914,46956147,1233,48513
46956147,46957134,987,275885
46957134,46957588,454,139350
46957588,46958714,1126,178748
46958714,46959657,943,131004
46959657,46960943,1286,168638
46960943,46962148,1205,110054
46962148,46963429,1281,49755
46963429,46964352,923,216563
46964352,46965516,1164,121415
46965516,46966661,1145,295756
46966661,46967083,422,230928
46967083,46968092,1009,110742
46968092,46969384,1292,4445
46969384,46970563,1179,156159
46970563,46971798,1235,137618
46971798,46972460,662,110061
46972460,46973631,1171,395
46973631,46973760,129,134451
46973760,46974615,855,10160
46974615,46975876,1261,100045
46975876,46976612,736,14674
46976612,46977371,759,279153
46977371,46978488,1117,130533
46978488,46979629,1141,64292
46979629,46979826,197,130105
46979826,46980257,431,6557
46980257,46981526,1269,73957
46981526,46982567,1041,163402
46982567,46983904,1337,19132
46983904,46985087,1183,11079
46985087,46986320,1233,12332
46986320,46986602,282,234106
46986602,46987741,1139,138617
46987741,46988898,1157,365
46988898,46989148,250,86026
46989148,46990126,978,64738
46990126,46991366,1240,88363
46991366,46991686,320,129064
46991686,46992887,1201,20034
46992887,46994058,1171,46890
46994058,46995300,1242,139325
46995300,46996385,1085,290351
46996385,46997422,1037,25765
46997422,46998537,1115,133471
46998537,46999714,1177,106800
46999714,47001041,1327,12895
47001041,47002236,1195,8912
47002236,47003433,1197,142279
47003433,47004624,1191,75355
47004624,47005916,1292,131228
47005916,47007115,1199,153733
47007115,47007452,337,126794
47007452,47007925,473,171138
47007925,47008686,761,102238
47008686,47008983,297,92806
47008983,47010298,1315,181961
47010298,47011478,1180,19366
47011478,47012766,1288,145083
47012766,47013794,1028,31609
47013794,47015015,1221,121891
47015015,47015604,589,284268
47015604,47016619,1015,135657
47016619,47016868,249,121103
47016868,47017940,1072,68359
47017940,47019026,1086,24731
47019026,47020123,1097,29090
47020123,47021236,1113,155948
47021236,47022416,1180,131276
47022416,47023498,1082,131296
47023498,47024743,1245,36386
47024743,47025889,1146,139710
47025889,47027044,1155,133424
47027044,47028383,1339,171133
47028383,47029542,1159,131004
47029542,47030790,1248,5710
47030790,47031864,1074,102238
47031864,47033190,1326,279153
47033190,47034375,1185,129011
47034375,47035688,1313,152825
47035688,47036398,710,102240
47036398,47036977,579,85685
47036977,47037319,342,105171
47037319,47038487,1168,73957
47038487,47039598,1111,138617
47039598,47040642,1044,72311
47040642,47041793,1151,44577
47041793,47041887,94,6541
47041887,47043025,1138,130625
47043025,47044282,1257,187466
47044282,47045289,1007,131040
47045289,47045683,394,157057
47045683,47046683,1000,146437
47046683,47047795,1112,128138
47047795,47049069,1274,124595
47049069,47050151,1082,29110
47050151,47050836,685,91801
47050836,47051807,971,143948
47051807,47052997,1190,23295
47052997,47054292,1295,135657
47054292,47055493,1201,140040
47055493,47056623,1130,274378
47056623,47057575,952,1070
47057575,47058087,512,132821
47058087,47059074,987,122443
47059074,47059546,472,30101
47059546,47060796,1250,143271
47060796,47061934,1138,149939
47061934,47063002,1068,155948
47063002,47063297,295,187018
47063297,47064353,1056,121734
47064353,47065155,802,696
47065155,47066379,1224,127703
47066379,47067516,1137,132592
47067516,47068709,1193,28462
47068709,47069895,1186,282406
47069895,47071169,1274,61422
47071169,47072310,1141,130164
47072310,47072881,571,121449
47072881,47074037,1156,32137
47074037,47074900,863,92202
47074900,47076115,1215,39971
47076115,47077332,1217,10801
47077332,47078438,1106,133471
47078438,47079664,1226,110054
47079664,47080122,458,28868
47080122,47081181,1059,7887
47081181,47081581,400,157054
47081581,47082553,972,1119
47082553,47083817,1264,125002
47083817,47084139,322,125951
47084139,47085123,984,163519
47085123,47086272,1149,117382
47086272,47087468,1196,22178
47087468,47088613,1145,182402
47088613,47089763,1150,63111
47089763,47090980,1217,85635
47090980,47091582,602,285314
47091582,47092418,836,167609
47092418,47092569,151,232057
47092569,47092874,305,144135
47092874,47094094,1220,94876
47094094,47095320,1226,169656
47095320,47096178,858,135636
47096178,47096645,467,132644
47096645,47097746,1101,54666
47097746,47098719,973,132800
47098719,47099994,1275,26951
47099994,47101004,1010,120280
47101004,47102221,1217,291953
47102221,47103502,1281,130225
47103502,47104746,1244,101289
47104746,47105845,1099,133273
47105845,47106892,1047,148521
47106892,47107495,603,141721
47107495,47108496,1001,138074
47108496,47109676,1180,69550
47109676,47110553,877,7793
47110553,47111634,1081,296468
47111634,47112893,1259,110056
47112893,47113901,1008,18005
47113901,47115226,1325,110061
47115226,47116391,1165,10642
47116391,47117746,1355,4662
47117746,47118782,1036,95441
47118782,47119931,1149,143262
47119931,47121194,1263,145138
47121194,47122388,1194,66622
47122388,47123570,1182,7793
47123570,47124728,1158,73972
47124728,47125269,541,163935
47125269,47126404,1135,224746
47126404,47127428,1024,109662
47127428,47128603,1175,135894
47128603,47129692,1089,107520
47129692,47130122,430,91801
47130122,47131253,1131,147045
47131253,47132219,966,169656
47132219,47133228,1009,12471
47133228,47133444,216,6397
47133444,47133711,267,73295
47133711,47134133,422,157861
47134133,47135323,1190,138488
47135323,47136404,1081,131203
47136404,47137613,1209,28465
47137613,47138151,538,24731
47138151,47139370,1219,19208
47139370,47140701,1331,142752
47140701,47141806,1105,134592
47141806,47143023,1217,28868
47143023,47143751,728,121103
47143751,47144784,1033,39501
47144784,47145970,1186,28380
47145970,47147215,1245,184264
47147215,47148538,1323,147989
47148538,47149483,945,276730
47149483,47150612,1129,291170
47150612,47151756,1144,71320
47151756,47152985,1229,26520
47152985,47154182,1197,150715
47154182,47155250,1068,47032
47155250,47156351,1101,32637
47156351,47157428,1077,142858
47157428,47158581,1153,72876
47158581,47159864,1283,143483
47159864,47161095,1231,67147
47161095,47162083,988,68888
47162083,47163026,943,126232
47163026,47163511,485,61317
47163511,47164756,1245,123443
47164756,47165963,1207,118119
47165963,47166537,574,32639
47166537,47167802,1265,184447
47167802,47168085,283,129388
47168085,47168343,258,170950
47168343,47169000,657,109662
47169000,47170159,1159,2327
47170159,47171132,973,19373
47171132,47172159,1027,108620
47172159,47172340,181,133224
47172340,47172897,557,130560
47172897,47174050,1153,139387
47174050,47175268,1218,134434
47175268,47176363,1095,107247
47176363,47177343,980,144496
47177343,47177862,519,137739
47177862,47179061,1199,138631
47179061,47180140,1079,31089
47180140,47181426,1286,26872
47181426,47182607,1181,86741
47182607,47182791,184,19208
47182791,47183984,1193,4275
47183984,47185261,1277,157057
47185261,47186070,809,165428
47186070,47187282,1212,164187
47187282,47188434,1152,12926
47188434,47189505,1071,143485
47189505,47190606,1101,681
47190606,47191638,1032,132484
47191638,47192351,713,246893
47192351,47193382,1031,130989
47193382,47194626,1244,107247
47194626,47195991,1365,155968
47195991,47197164,1173,133225
47197164,47198367,1203,273050
47198367,47199332,965,12895
47199332,47200296,964,45204
47200296,47201402,1106,112597
47201402,47202681,1279,31089
47202681,47203942,1261,73728
47203942,47204975,1033,14672
47204975,47205068,93,141571
47205068,47206317,1249,89388
47206317,47207333,1016,131256
47207333,47208537,1204,122655
47208537,47209608,1071,59268
47209608,47210276,668,185485
47210276,47211124,848,175390
47211124,47212201,1077,121658
47212201,47212652,451,141644
47212652,47212789,137,136846
47212789,47213947,1158,127732
47213947,47214835,888,69422
47214835,47216088,1253,13364
47216088,47217171,1083,75939
47217171,47218167,996,279153
47218167,47219276,1109,126737
47219276,47219494,218,139355
47219494,47220787,1293,144135
47220787,47221429,642,182396
47221429,47221768,339,157057
47221768,47222918,1150,123998
47222918,47224165,1247,668
47224165,47225369,1204,1731
47225369,47226426,1057,258974
47226426,47227583,1157,7944
47227583,47228674,1091,220979
47228674,47229552,878,129440
47229552,47230777,1225,68192
47230777,47231258,481,82558
47231258,47232530,1272,134465
47232530,47233346,816,13185
47233346,47234562,1216,123270
47234562,47235733,1171,61422
47235733,47236991,1258,32135
47236991,47237824,833,107479
47237824,47238810,986,132891
47238810,47240166,1356,3586
47240166,47241445,1279,105386
47241445,47241989,544,282977
47241989,47243098,1109,46889
47243098,47244365,1267,127597
47244365,47245207,842,143307
47245207,47245958,751,123271
47245958,47247189,1231,121392
47247189,47248382,1193,279153
47248382,47249635,1253,140725
47249635,47250514,879,294114
47250514,47251435,921,291374
47251435,47252624,1189,130529
47252624,47253888,1264,125140
47253888,47255181,1293,279775
47255181,47256371,1190,56777
47256371,47257527,1156,129317
47257527,47257789,262,121130
47257789,47258978,1189,161102
47258978,47260096,1118,67857
47260096,47261107,1011,130495
47261107,47262415,1308,97593
47262415,47262820,405,280380
47262820,47264034,1214,2777
47264034,47265054,1020,80656
47265054,47266141,1087,144503
47266141,47267400,1259,141248
47267400,47268390,990,144135
47268390,47268869,479,131722
47268869,47270146,1277,723
47270146,47270516,370,129396
47270516,47271557,1041,153733
47271557,47272795,1238,121080
47272795,47273602,807,66176
47273602,47274709,1107,39475
47274709,47275860,1151,127522
47275860,47277137,1277,11079
47277137,47278176,1039,163402
47278176,47279407,1231,168497
47279407,47280057,650,11546
47280057,47281352,1295,171133
47281352,47281794,442,10327
47281794,47282861,1067,121080
47282861,47283962,1101,131294
47283962,47284404,442,46889
47284404,47285511,1107,2536
47285511,47285792,281,143485
47285792,47286770,978,102250
47286770,47287941,1171,92812
47287941,47289041,1100,136861
47289041,47290334,1293,135022
47290334,47291015,681,123271
47291015,47292084,1069,157057
47292084,47292547,463,134708
47292547,47293729,1182,30119
47293729,47294876,1147,5341
47294876,47296059,1183,271817
47296059,47297259,1200,135220
47297259,47298474,1215,182396
47298474,47299722,1248,11243
47299722,47300945,1223,10088
47300945,47302220,1275,39749
47302220,47302967,747,5417
47302967,47303783,816,102250
47303783,47304686,903,862
47304686,47305127,441,24731
47305127,47306418,1291,224746
47306418,47307452,1034,85635
47307452,47308670,1218,125882
47308670,47309885,1215,129317
47309885,47311060,1175,282985
47311060,47312017,957,77361
47312017,47312319,302,117382
47312319,47313548,1229,144496
47313548,47314097,549,65554
47314097,47315206,1109,77779
47315206,47316413,1207,63841
47316413,47317604,1191,161166
47317604,47318056,452,92812
47318056,47318713,657,61316
47318713,47319919,1206,294120
47319919,47320891,972,276749
47320891,47322171,1280,283228
47322171,47322767,596,126961
47322767,47323960,1193,125128
47323960,47325167,1207,130974
47325167,47326218,1051,155151
47326218,47327454,1236,121085
47327454,47328724,1270,9342
47328724,47329935,1211,138113
47329935,47331113,1178,9321
47331113,47332276,1163,287139
47332276,47332932,656,137483
47332932,47333659,727,123882
47333659,47334862,1203,164187
47334862,47336114,1252,5911
47336114,47336439,325,156014
47336439,47337723,1284,101836
47337723,47339074,1351,157236
47339074,47340254,1180,104394
47340254,47341379,1125,135020
47341379,47342695,1316,127518
47342695,47343579,884,39508
47343579,47344882,1303,186232
47344882,47345907,1025,25766
47345907,47347113,1206,284268
47347113,47348357,1244,45204
47348357,47349445,1088,64290
47349445,47350680,1235,231838
47350680,47352006,1326,274549
47352006,47353238,1232,109658
47353238,47354217,979,123715
47354217,47355412,1195,123049
47355412,47356567,1155,145703
47356567,47357552,985,121064
47357552,47358767,1215,138289
47358767,47359944,1177,62558
47359944,47360489,545,126965
47360489,47361551,1062,126947
47361551,47362825,1274,125883
47362825,47363487,662,63111
47363487,47364719,1232,15082
47364719,47365178,459,178449
47365178,47366307,1129,890
47366307,47367342,1035,39967
47367342,47368540,1198,13269
47368540,47369283,743,136458
47369283,47370526,1243,14674
47370526,47371653,1127,12715
47371653,47372828,1175,47238
47372828,47373542,714,145088
47373542,47374846,1304,87791
47374846,47376086,1240,121760
47376086,47377274,1188,131106
47377274,47378534,1260,126829
47378534,47379576,1042,144485
47379576,47380666,1090,61316
47380666,47381802,1136,275147
47381802,47382966,1164,28380
47382966,47384111,1145,64708
47384111,47385018,907,163518
47385018,47385858,840,90847
47385858,47386388,530,131113
47386388,47387126,738,133217
47387126,47388217,1091,164328
47388217,47389192,975,133212
47389192,47389866,674,121127
47389866,47391068,1202,145083
47391068,47391390,322,73296
47391390,47392137,747,124439
47392137,47393286,1149,96498
47393286,47393909,623,124990
47393909,47394806,897,283462
47394806,47396090,1284,160187
47396090,47397281,1191,54006
47397281,47398084,803,134465
47398084,47399284,1200,87791
47399284,47400386,1102,21393
47400386,47401607,1221,121024
47401607,47402799,1192,52087
47402799,47403766,967,154697
47403766,47404787,1021,157263
47404787,47406054,1267,11049
47406054,47406476,422,278289
47406476,47407625,1149,147989
47407625,47407970,345,129393
47407970,47409114,1144,304535
47409114,47410097,983,296468
47410097,47411288,1191,171133
47411288,47412084,796,121068
47412084,47413299,1215,123215
47413299,47413512,213,105390
47413512,47414721,1209,19371
47414721,47415910,1189,147989
47415910,47417014,1104,139324
47417014,47418097,1083,132717
47418097,47419156,1059,9210
47419156,47420110,954,47541
47420110,47421403,1293,87997
47421403,47422516,1113,58869
47422516,47423736,1220,36641
47423736,47424703,967,5703
47424703,47425519,816,39913
47425519,47425715,196,130105
47425715,47426128,413,80192
47426128,47427039,911,39971
47427039,47428234,1195,143895
47428234,47429240,1006,156757
47429240,47430334,1094,285137
47430334,47431572,1238,1730
47431572,47432673,1101,285896
47432673,47433821,1148,135580
47433821,47434871,1050,28384
47434871,47435840,969,135826
47435840,47437099,1259,58763
47437099,47438289,1190,61741
47438289,47439122,833,104391
47439122,47440263,1141,176853
47440263,47440824,561,142848
47440824,47442008,1184,395
47442008,47443032,1024,160958
47443032,47444015,983,148993
47444015,47445174,1159,64588
47445174,47446338,1164,165701
47446338,47447281,943,59167
47447281,47448587,1306,152864
47448587,47449547,960,1532
47449547,47450371,824,109662
47450371,47451506,1135,65554
47451506,47452717,1211,274379
47452717,47453834,1117,137614
47453834,47455088,1254,123506
47455088,47455892,804,80690
47455892,47457138,1246,159386
47457138,47458348,1210,133220
47458348,47459431,1083,178449
47459431,47460751,1320,64588
47460751,47461929,1178,12926
47461929,47463186,1257,170982
47463186,47464200,1014,14526
47464200,47465129,929,156224
47465129,47466281,1152,139308
47466281,47467278,997,129396
47467278,47467684,406,170950
47467684,47468917,1233,132272
47468917,47470188,1271,134792
47470188,47471427,1239,154697
47471427,47472640,1213,156963
47472640,47473845,1205,286306
47473845,47475148,1303,94108
47475148,47475718,570,157088
47475718,47476895,1177,109507
47476895,47478098,1203,156155
47478098,47479177,1079,139336
47479177,47480012,835,284424
47480012,47480477,465,56574
47480477,47481845,1368,254918
47481845,47483090,1245,174132
47483090,47484252,1162,5764
47484252,47485243,991,65772
47485243,47486440,1197,86026
47486440,47487769,1329,286306
47487769,47489026,1257,129317
47489026,47490259,1233,126739
47490259,47491441,1182,7887
47491441,47492561,1120,57837
47492561,47493502,941,102240
47493502,47494534,1032,87280
47494534,47495449,915,166683
47495449,47496568,1119,282385
47496568,47497756,1188,105398
47497756,47498961,1205,143477
47498961,47500006,1045,57179
47500006,47501108,1102,19366
47501108,47502238,1130,5083
47502238,47502671,433,18004
47502671,47503888,1217,143484
47503888,47504526,638,135022
47504526,47505388,862,135635
47505388,47506567,1179,105167
47506567,47507712,1145,121416
47507712,47508513,801,44937
47508513,47509780,1267,122825
47509780,47510969,1189,117382
47510969,47511496,527,14904
47511496,47512784,1288,11244
47512784,47513771,987,147045
47513771,47515019,1248,129514
47515019,47516154,1135,132848
47516154,47517352,1198,135892
47517352,47518203,851,270778
47518203,47518573,370,135824
47518573,47519737,1164,26951
47519737,47520838,1101,135824
47520838,47522119,1281,293963
47522119,47523380,1261,142750
47523380,47524531,1151,10160
47524531,47525241,710,126209
47525241,47525520,279,134674
47525520,47526577,1057,130105
47526577,47527627,1050,156154
47527627,47528812,1185,143262
47528812,47529986,1174,127694
47529986,47531343,1357,293663
47531343,47532550,1207,276735
47532550,47533634,1084,132717
47533634,47534851,1217,126220
47534851,47535830,979,141174
47535830,47536707,877,44575
47536707,47537962,1255,48362
47537962,47539091,1129,122789
47539091,47539403,312,117382
47539403,47540668,1265,126539
47540668,47541811,1143,66465
47541811,47542854,1043,72927
47542854,47544043,1189,12971
47544043,47545156,1113,64956
47545156,47546369,1213,275147
47546369,47547460,1091,23295
47547460,47547740,280,92806
47547740,47548605,865,715
47548605,47549854,1249,138289
47549854,47550975,1121,130226
47550975,47552198,1223,127521
47552198,47552983,785,291101
47552983,47553879,896,170977
47553879,47555235,1356,167024
47555235,47556513,1278,121896
47556513,47557548,1035,24731
47557548,47558738,1190,123506
47558738,47559462,724,298549
47559462,47560560,1098,129752
47560560,47561716,1156,46889
47561716,47562953,1237,157263
47562953,47563288,335,122944
47563288,47563890,602,112187
47563890,47564786,896,156159
47564786,47565686,900,28247
47565686,47566925,1239,67858
47566925,47568122,1197,55927
47568122,47569339,1217,287671
47569339,47570596,1257,279849
47570596,47571762,1166,126955
47571762,47572817,1055,6171
47572817,47573973,1156,282934
47573973,47574918,945,109658
47574918,47575612,694,63101
47575612,47576157,545,115687
47576157,47577441,1284,48842
47577441,47578557,1116,39970
47578557,47579672,1115,155949
47579672,47580202,530,73073
47580202,47581465,1263,54487
47581465,47582534,1069,39967
47582534,47583749,1215,102250
47583749,47584985,1236,88007
47584985,47586163,1178,294551
47586163,47587266,1103,216567
47587266,47588603,1337,3966
47588603,47589030,427,292253
47589030,47590080,1050,75355
47590080,47591283,1203,142750
47591283,47591560,277,254918
47591560,47592777,1217,141240
47592777,47593979,1202,47239
47593979,47595023,1044,185457
47595023,47596282,1259,135894
47596282,47597465,1183,156968
47597465,47598742,1277,58845
47598742,47599687,945,262291
47599687,47600982,1295,14653
47600982,47601382,400,144503
47601382,47601808,426,133225
47601808,47603083,1275,259009
47603083,47604134,1051,11243
47604134,47605157,1023,84122
47605157,47606076,919,268287
47606076,47607029,953,187464
47607029,47608306,1277,133290
47608306,47609451,1145,98645
47609451,47610635,1184,124526
47610635,47610834,199,138033
47610834,47611988,1154,170438
47611988,47613078,1090,169291
47613078,47613793,715,8927
47613793,47614937,1144,174132
47614937,47615529,592,11254
47615529,47616703,1174,290363
47616703,47617315,612,121127
47617315,47618320,1005,122451
47618320,47619565,1245,18004
47619565,47620629,1064,3587
47620629,47621283,654,139308
47621283,47622067,784,10822
47622067,47623256,1189,35921
47623256,47624185,929,174511
47624185,47625335,1150,27504
47625335,47625952,617,104398
47625952,47627156,1204,162667
47627156,47628093,937,134420
47628093,47628458,365,46889
47628458,47629669,1211,126410
47629669,47630786,1117,10089
47630786,47631933,1147,127579
47631933,47632950,1017,724
47632950,47634102,1152,121382
47634102,47635391,1289,15082
47635391,47636192,801,30101
47636192,47637475,1283,130105
47637475,47638717,1242,129324
47638717,47639924,1207,4145
47639924,47640673,749,73957
47640673,47641905,1232,156724
47641905,47642259,354,44912
47642259,47643432,1173,137588
47643432,47644649,1217,139308
47644649,47645012,363,136861
47645012,47646242,1230,139200
47646242,47647515,1273,156968
47647515,47647757,242,51162
47647757,47649005,1248,39475
47649005,47650128,1123,52195
47650128,47651404,1276,128991
47651404,47652632,1228,292253
47652632,47653777,1145,121760
47653777,47655006,1229,28247
47655006,47655333,327,279852
47655333,47656250,917,115686
47656250,47657420,1170,288044
47657420,47658448,1028,28465
47658448,47659775,1327,67218
47659775,47660050,275,44585
47660050,47660516,466,284424
47660516,47661732,1216,64588
47661732,47662521,789,132073
47662521,47662989,468,24731
47662989,47664078,1089,95441
47664078,47665193,1115,276908
47665193,47665919,726,140221
47665919,47666923,1004,163726
47666923,47667241,318,133442
47667241,47668262,1021,24514
47668262,47669520,1258,1129
47669520,47670667,1147,59167
47670667,47671248,581,13247
47671248,47672294,1046,102232
47672294,47672910,616,1189
47672910,47673967,1057,176660
47673967,47675119,1152,290350
47675119,47676408,1289,142318
47676408,47677449,1041,29110
47677449,47678556,1107,29110
47678556,47679729,1173,681
47679729,47679909,180,19371
47679909,47680908,999,105390
47680908,47682152,1244,129808
47682152,47683270,1118,5704
47683270,47684437,1167,216567
47684437,47685615,1178,67851
47685615,47686637,1022,70843
47686637,47687321,684,140718
47687321,47688540,1219,141644
47688540,47689892,1352,156230
47689892,47691058,1166,75365
47691058,47692323,1265,61356
47692323,47693314,991,136458
47693314,47694280,966,131295
47694280,47695547,1267,36956
47695547,47696786,1239,68353
47696786,47698131,1345,184266
47698131,47698679,548,39660
47698679,47699445,766,143264
47699445,47700672,1227,88086
47700672,47700881,209,141135
47700881,47701487,606,3586
47701487,47702572,1085,26852
47702572,47703822,1250,288043
47703822,47704241,419,126826
47704241,47704488,247,70843
47704488,47705489,1001,274378
47705489,47706688,1199,1189
47706688,47707249,561,134804
47707249,47708346,1097,287837
47708346,47709561,1215,64956
47709561,47710884,1323,46267
47710884,47712174,1290,46890
47712174,47713451,1277,232057
47713451,47714598,1147,171171
47714598,47715874,1276,170950
47715874,47716321,447,130876
47716321,47716762,441,48579
47716762,47717351,589,138545
47717351,47718491,1140,5764
47718491,47719732,1241,1560
47719732,47720995,1263,131294
47720995,47722134,1139,291172
47722134,47723379,1245,141240
47723379,47724480,1101,262291
47724480,47725605,1125,279775
47725605,47726726,1121,166683
47726726,47727886,1160,76974
47727886,47728865,979,144496
47728865,47730127,1262,258960
47730127,47731398,1271,1536
47731398,47732293,895,281188
47732293,47733501,1208,6524
47733501,47734609,1108,130627
47734609,47735729,1120,39476
47735729,47736156,427,134119
47736156,47736592,436,69411
47736592,47736851,259,53343
47736851,47737975,1124,132866
47737975,47739058,1083,123443
47739058,47740058,1000,758
47740058,47741283,1225,108640
47741283,47742582,1299,131742
47742582,47743864,1282,143307
47743864,47744889,1025,91801
47744889,47745985,1096,68773
47745985,47746403,418,162667
47746403,47747476,1073,41259
47747476,47748106,630,125140
47748106,47749395,1289,284428
47749395,47750618,1223,147159
47750618,47751898,1280,122806
47751898,47753107,1209,41170
47753107,47754066,959,290349
47754066,47755262,1196,41911
47755262,47755673,411,19366
47755673,47756789,1116,108066
47756789,47757877,1088,304534
47757877,47759115,1238,104979
47759115,47760084,969,157636
47760084,47761067,983,109180
47761067,47761509,442,79973
47761509,47762706,1197,139361
47762706,47763832,1126,137589
47763832,47765018,1186,72200
47765018,47766293,1275,122825
47766293,47766556,263,10347
47766556,47767034,478,123197
47767034,47768279,1245,279239
47768279,47769175,896,26872
47769175,47770391,1216,53342
47770391,47771664,1273,125123
47771664,47772743,1079,108640
47772743,47773979,1236,117384
47773979,47775148,1169,284428
47775148,47776308,1160,130627
47776308,47777361,1053,60774
47777361,47778658,1297,129066
47778658,47779927,1269,13265
47779927,47781197,1270,293168
47781197,47781705,508,105386
47781705,47782806,1101,279775
47782806,47783988,1182,104888
47783988,47785182,1194,39476
47785182,47786391,1209,287660
47786391,47787636,1245,131735
47787636,47788677,1041,112057
47788677,47789834,1157,39481
47789834,47791104,1270,68358
47791104,47792164,1060,64738
47792164,47793310,1146,155972
47793310,47794535,1225,27120
47794535,47795770,1235,290365
47795770,47796867,1097,1120
47796867,47798024,1157,130878
47798024,47799261,1237,31089
47799261,47800512,1251,139710
47800512,47801435,923,123013
47801435,47802684,1249,167022
47802684,47803740,1056,140222
47803740,47804915,1175,41166
47804915,47806033,1118,139710
47806033,47807276,1243,46890
47807276,47808522,1246,5710
47808522,47809445,923,78193
47809445,47810718,1273,122809
47810718,47811093,375,168198
47811093,47812344,1251,41911
47812344,47813665,1321,135897
47813665,47814760,1095,144135
47814760,47815949,1189,129388
47815949,47817190,1241,14936
47817190,47817918,728,13265
47817918,47819148,1230,86043
47819148,47819539,391,140718
47819539,47820697,1158,117095
47820697,47821938,1241,125128
47821938,47822500,562,13248
47822500,47823595,1095,140072
47823595,47824645,1050,212
47824645,47825659,1014,127685
47825659,47826023,364,220952
47826023,47826215,192,298549
47826215,47827413,1198,19366
47827413,47828564,1151,4136
47828564,47829081,517,8592
47829081,47830159,1078,136483
47830159,47830965,806,123269
47830965,47832058,1093,56574
47832058,47833141,1083,126410
47833141,47833502,361,50777
47833502,47834735,1233,69550
47834735,47835762,1027,32886
47835762,47836913,1151,62516
47836913,47838109,1196,92812
47838109,47839233,1124,53638
47839233,47840260,1027,56179
47840260,47841313,1053,281188
47841313,47842427,1114,80192
47842427,47843620,1193,291101
47843620,47844695,1075,141240
47844695,47845694,999,245707
47845694,47846974,1280,168062
47846974,47848175,1201,10327
47848175,47849399,1224,92427
47849399,47850405,1006,127538
47850405,47851660,1255,158744
47851660,47852692,1032,130505
47852692,47853976,1284,48579
47853976,47855289,1313,12085
47855289,47856372,1083,73712
47856372,47857589,1217,133225
47857589,47858657,1068,287357
47858657,47859679,1022,137770
47859679,47860933,1254,7371
47860933,47861931,998,86765
47861931,47863005,1074,296078
47863005,47864165,1160,134830
47864165,47864591,426,121085
47864591,47865043,452,129011
47865043,47866224,1181,187464
47866224,47867154,930,65554
47867154,47868465,1311,127936
47868465,47869484,1019,81859
47869484,47869759,275,122544
47869759,47870865,1106,121543
47870865,47871148,283,77173
47871148,47872235,1087,176854
47872235,47873235,1000,155972
47873235,47874200,965,11535
47874200,47875113,913,124990
47875113,47876346,1233,6176
47876346,47876710,364,129597
47876710,47877850,1140,275128
47877850,47878939,1089,132280
47878939,47880063,1124,140222
47880063,47880430,367,147193
47880430,47881593,1163,133263
47881593,47882901,1308,291101
47882901,47884116,1215,136458
47884116,47884512,396,131203
47884512,47885674,1162,39501
47885674,47886778,1104,39475
47886778,47888020,1242,142320
47888020,47889112,1092,121902
47889112,47889615,503,16802
47889615,47889783,168,26894
47889783,47890764,981,133239
47890764,47891798,1034,107627
47891798,47893013,1215,44582
47893013,47894316,1303,101832
47894316,47895641,1325,130625
47895641,47896799,1158,130545
47896799,47897449,650,73958
47897449,47898717,1268,126410
47898717,47899664,947,147968
47899664,47900972,1308,208
47900972,47901195,223,167023
47901195,47902108,913,170440
47902108,47902809,701,106367
47902809,47903919,1110,135264
47903919,47904116,197,60774
47904116,47905303,1187,276749
47905303,47905606,303,284435
47905606,47905849,243,11254
47905849,47906938,1089,50776
47906938,47907954,1016,155972
47907954,47909099,1145,67863
47909099,47910230,1131,64588
47910230,47910749,519,298549
47910749,47911913,1164,121413
47911913,47912940,1027,125945
47912940,47914065,1125,110061
47914065,47915254,1189,7574
47915254,47916233,979,73847
47916233,47916413,180,39910
47916413,47917572,1159,139733
47917572,47918219,647,41166
47918219,47918508,289,107247
47918508,47919615,1107,67233
47919615,47920822,1207,32856
47920822,47922159,1337,101289
47922159,47923249,1090,128636
47923249,47924381,1132,7943
47924381,47924850,469,890
47924850,47925665,815,10328
47925665,47926450,785,129324
47926450,47927431,981,144135
47927431,47928692,1261,34497
47928692,47929926,1234,110238
47929926,47931035,1109,174960
47931035,47932114,1079,141242
47932114,47932850,736,14936
47932850,47933857,1007,862
47933857,47935128,1271,149881
47935128,47936229,1101,127936
47936229,47937059,830,160188
47937059,47937326,267,159056
47937326,47937523,197,126232
47937523,47938827,1304,150127
47938827,47939192,365,160188
47939192,47940081,889,75360
47940081,47940718,637,135897
47940718,47941915,1197,138115
47941915,47943134,1219,4662
47943134,47943534,400,284269
47943534,47944667,1133,130974
47944667,47945554,887,4654
47945554,47946782,1228,293957
47946782,47947951,1169,141174
47947951,47949139,1188,273050
47949139,47950456,1317,14929
47950456,47951298,842,291168
47951298,47952520,1222,12895
47952520,47953248,728,129808
47953248,47954268,1020,92930
47954268,47954886,618,132782
47954886,47956011,1125,294551
47956011,47957211,1200,124439
47957211,47958371,1160,10327
47958371,47959489,1118,12546
47959489,47960626,1137,58843
47960626,47961862,1236,130530
47961862,47962870,1008,130566
47962870,47963849,979,130625
47963849,47965053,1204,137483
47965053,47966049,996,86043
47966049,47967193,1144,142320
47967193,47968478,1285,141268
47968478,47969732,1254,169656
47969732,47970919,1187,128991
47970919,47971683,764,66176
47971683,47972790,1107,115968
47972790,47974076,1286,131732
47974076,47975335,1259,29092
47975335,47976616,1281,102250
47976616,47977792,1176,158081
47977792,47978978,1186,119253
47978978,47980157,1179,133263
47980157,47981381,1224,13364
47981381,47982632,1251,145742
47982632,47983865,1233,6541
47983865,47985088,1223,41166
47985088,47986263,1175,94522
47986263,47987493,1230,131276
47987493,47987720,227,160964
47987720,47988286,566,287359
47988286,47989197,911,126955
47989197,47990071,874,3961
47990071,47991346,1275,130164
47991346,47992326,980,148522
47992326,47993490,1164,105398
47993490,47994546,1056,9010
47994546,47995751,1205,28380
47995751,47996998,1247,126965
47996998,47998278,1280,296467
47998278,47999380,1102,142320
47999380,47999813,433,258283
47999813,48000264,451,275212
48000264,48000929,665,61316
48000929,48002085,1156,1189
48002085,48003095,1010,93277
48003095,48004322,1227,63841
48004322,48004950,628,135762
48004950,48005187,237,110522
48005187,48006345,1158,7894
48006345,48007244,899,67584
48007244,48008436,1192,66464
48008436,48009693,1257,92934
48009693,48010771,1078,55856
48010771,48011365,594,284268
48011365,48012642,1277,127522
48012642,48013684,1042,139358
48013684,48014716,1032,12971
48014716,48015587,871,129974
48015587,48016848,1261,126859
48016848,48018001,1153,157236
48018001,48019260,1259,70837
48019260,48019801,541,156019
48019801,48020965,1164,126319
48020965,48021203,238,280380
48021203,48022192,989,66470
48022192,48023253,1061,39910
48023253,48023878,625,19373
48023878,48025163,1285,135832
48025163,48026514,1351,126232
48026514,48027683,1169,230928
48027683,48027944,261,131113
48027944,48029017,1073,44586
48029017,48030233,1216,293959
48030233,48031301,1068,141791
48031301,48032378,1077,107517
48032378,48033051,673,116805
48033051,48034348,1297,122828
48034348,48035644,1296,131256
48035644,48036737,1093,135635
48036737,48037755,1018,50777
48037755,48038727,972,5757
48038727,48039346,619,129396
48039346,48039595,249,96153
48039595,48040552,957,262291
48040552,48041709,1157,699
48041709,48042099,390,32639
48042099,48043334,1235,44575
48043334,48043599,265,39515
48043599,48044819,1220,87766
48044819,48046006,1187,83606
48046006,48047133,1127,758
48047133,48048474,1341,123135
48048474,48049412,938,86741
48049412,48050633,1221,139753
48050633,48051896,1263,67863
48051896,48053011,1115,155972
48053011,48054130,1119,129066
48054130,48054444,314,11734
48054444,48055723,1279,29012
48055723,48056497,774,48032
48056497,48057763,1266,138486
48057763,48058110,347,232690
48058110,48059284,1174,131228
48059284,48060401,1117,5757
48060401,48061243,842,395
48061243,48062453,1210,124547
48062453,48063245,792,123506
48063245,48064460,1215,132882
48064460,48065635,1175,64708
48065635,48066872,1237,107483
48066872,48068096,1224,39501
48068096,48069345,1249,258960
48069345,48070344,999,16020
48070344,48071658,1314,123216
48071658,48072964,1306,39501
48072964,48074040,1076,6541
48074040,48074897,857,172156
48074897,48076122,1225,7793
48076122,48077262,1140,293957
48077262,48078379,1117,16632
48078379,48079235,856,293529
48079235,48080215,980,176683
48080215,48081310,1095,102240
48081310,48082254,944,105673
48082254,48083530,1276,126221
48083530,48084059,529,65554
48084059,48085350,1291,106800
48085350,48086399,1049,187006
48086399,48087162,763,136483
48087162,48088429,1267,105394
48088429,48088986,557,147110
48088986,48090267,1281,39970
48090267,48091398,1131,95959
48091398,48092480,1082,300234
48092480,48093697,1217,48830
48093697,48094745,1048,122655
48094745,48095996,1251,164100
48095996,48097141,1145,139752
48097141,48097513,372,150715
48097513,48098762,1249,133471
48098762,48099945,1183,125123
48099945,48101149,1204,26872
48101149,48101972,823,14936
48101972,48103213,1241,57416
48103213,48104443,1230,126860
48104443,48105577,1134,130505
48105577,48106614,1037,149890
48106614,48107389,775,284435
48107389,48108437,1048,293168
48108437,48108901,464,142858
48108901,48110076,1175,135891
48110076,48111174,1098,67592
48111174,48112298,1124,4479
48112298,48113529,1231,67218
48113529,48114549,1020,8141
48114549,48115904,1355,138548
48115904,48116943,1039,294554
48116943,48118072,1129,12539
48118072,48118433,361,123059
48118433,48119661,1228,142727
48119661,48120653,992,75355
48120653,48121834,1181,119637
48121834,48123063,1229,95441
48123063,48124320,1257,55202
48124320,48125315,995,127215
48125315,48126232,917,254948
48126232,48127425,1193,145742
48127425,48128122,697,123025
48128122,48129294,1172,26982
48129294,48130606,1312,133834
48130606,48131775,1169,28375
48131775,48132852,1077,111574
48132852,48133887,1035,130871
48133887,48135046,1159,44912
48135046,48136217,1171,13265
48136217,48137432,1215,39648
48137432,48138624,1192,63095
48138624,48139402,778,258954
48139402,48140108,706,128660
48140108,48141467,1359,123049
48141467,48142686,1219,63885
48142686,48143913,1227,106974
48143913,48145227,1314,164188
48145227,48146330,1103,10642
48146330,48146911,581,129388
48146911,48148104,1193,30593
48148104,48149078,974,147045
48149078,48149534,456,171134
48149534,48150657,1123,7371
48150657,48151931,1274,157056
48151931,48153094,1163,139035
48153094,48153599,505,300234
48153599,48154722,1123,121541
48154722,48155898,1176,40556
48155898,48156899,1001,96153
48156899,48157884,985,182396
48157884,48159091,1207,68358
48159091,48160286,1195,274380
48160286,48161389,1103,293168
48161389,48161721,332,178449
48161721,48162320,599,163612
48162320,48163526,1206,34572
48163526,48164583,1057,161166
48164583,48165852,1269,160602
48165852,48166400,548,144986
48166400,48167617,1217,105405
48167617,48168903,1286,10160
48168903,48169200,297,130105
48169200,48170069,869,124003
48170069,48170630,561,178450
48170630,48171483,853,130503
48171483,48172087,604,132782
48172087,48172636,549,36633
48172636,48173367,731,127731
48173367,48174182,815,128331
48174182,48175350,1168,20028
48175350,48176409,1059,245687
48176409,48177442,1033,134728
48177442,48178629,1187,101864
48178629,48179701,1072,294523
48179701,48180908,1207,159056
48180908,48182134,1226,87280
48182134,48183194,1060,142320
48183194,48184435,1241,73295
48184435,48185542,1107,2536
48185542,48186769,1227,141148
48186769,48187320,551,163612
48187320,48188669,1349,274375
48188669,48189859,1190,142318
48189859,48190926,1067,274380
48190926,48192138,1212,252341
48192138,48193255,1117,170977
48193255,48194372,1117,171137
48194372,48195528,1156,169291
48195528,48196312,784,298549
48196312,48196882,570,274375
48196882,48197142,260,123176
48197142,48197502,360,123602
48197502,48197897,395,13265
48197897,48199014,1117,101864
48199014,48199996,982,116804
48199996,48200695,699,134728
48200695,48201905,1210,4731
48201905,48203133,1228,29108
48203133,48203501,368,144999
48203501,48204760,1259,5097
48204760,48205208,448,60801
48205208,48206361,1153,84122
48206361,48207595,1234,36641
48207595,48208776,1181,147970
48208776,48209466,690,156474
48209466,48210183,717,15307
48210183,48211492,1309,168062
48211492,48212286,794,137589
48212286,48213558,1272,290350
48213558,48214640,1082,124990
48214640,48215369,729,187018
48215369,48216399,1030,133447
48216399,48217026,627,140718
48217026,48218267,1241,184266
48218267,48219230,963,50777
48219230,48220428,1198,141642
48220428,48220949,521,125883
48220949,48222081,1132,176256
48222081,48223088,1007,139355
48223088,48223985,897,138290
48223985,48225258,1273,21498
48225258,48226306,1048,122828
48226306,48227583,1277,44585
48227583,48228563,980,138047
48228563,48229373,810,130105
48229373,48230448,1075,13364
48230448,48230884,436,171139
48230884,48232162,1278,291107
48232162,48233345,1183,134804
48233345,48234557,1212,14497
48234557,48235794,1237,3587
48235794,48236922,1128,86043
48236922,48237569,647,126233
48237569,48238778,1209,143895
48238778,48239143,365,291384
48239143,48240238,1095,135636
48240238,48241564,1326,126832
48241564,48242705,1141,134786
48242705,48243884,1179,134804
48243884,48244947,1063,4445
48244947,48246045,1098,31668
48246045,48246360,315,65534
48246360,48246579,219,98644
48246579,48247194,615,19361
48247194,48248347,1153,282926
48248347,48249461,1114,756
48249461,48250630,1169,23311
48250630,48251934,1304,98644
48251934,48253165,1231,135892
48253165,48254298,1133,2772
48254298,48255340,1042,134463
48255340,48256516,1176,60800
48256516,48257584,1068,122025
48257584,48258747,1163,19214
48258747,48259706,959,245687
48259706,48260931,1225,123033
48260931,48262171,1240,128136
48262171,48263177,1006,122451
48263177,48264462,1285,113273
48264462,48265431,969,140221
48265431,48266231,800,126965
48266231,48266862,631,138042
48266862,48267993,1131,184264
48267993,48268646,653,14677
48268646,48269905,1259,294554
48269905,48270538,633,291953
48270538,48271733,1195,39840
48271733,48272666,933,68369
48272666,48273924,1258,124224
48273924,48275012,1088,153733
48275012,48276363,1351,172156
48276363,48277440,1077,134717
48277440,48278678,1238,121799
48278678,48279664,986,72876
48279664,48280211,547,48513
48280211,48281236,1025,82020
48281236,48282061,825,32904
48282061,48283098,1037,19373
48283098,48284353,1255,135020
48284353,48285090,737,10347
48285090,48286053,963,91072
48286053,48286974,921,129583
48286974,48287561,587,69607
48287561,48288405,844,104717
48288405,48289380,975,142318
48289380,48289814,434,19376
48289814,48290967,1153,163597
48290967,48291198,231,105405
48291198,48292279,1081,38026
48292279,48293442,1163,67147
48293442,48294646,1204,39515
48294646,48295440,794,132650
48295440,48295675,235,138063
48295675,48296681,1006,132280
48296681,48297810,1129,166436
48297810,48299058,1248,122614
48299058,48300233,1175,258250
48300233,48300620,387,123882
48300620,48301812,1192,71420
48301812,48303073,1261,4445
48303073,48304204,1131,175448
48304204,48305451,1247,167597
48305451,48306360,909,147110
48306360,48307506,1146,121799
48307506,48308688,1182,29012
48308688,48309424,736,139324
48309424,48310393,969,13270
48310393,48311447,1054,278289
48311447,48312713,1266,170452
48312713,48313979,1266,44575
48313979,48314501,522,124547
48314501,48315693,1192,26685
48315693,48316786,1093,138488
48316786,48317661,875,147110
48317661,48318932,1271,92915
48318932,48320123,1191,101283
48320123,48321109,986,62850
48321109,48321339,230,136863
48321339,48322275,936,398
48322275,48323321,1046,89388
48323321,48324242,921,90852
48324242,48325275,1033,138045
48325275,48326185,910,153731
48326185,48327417,1232,362
48327417,48328654,1237,12723
48328654,48329568,914,24731
48329568,48330742,1174,163507
48330742,48331948,1206,12926
48331948,48333246,1298,133224
48333246,48334307,1061,52087
48334307,48335554,1247,63713
48335554,48336311,757,121413
48336311,48337543,1232,171137
48337543,48338836,1293,142858
48338836,48339539,703,6525
48339539,48340200,661,149739
48340200,48340654,454,130549
48340654,48340817,163,86683
48340817,48341801,984,163505
48341801,48342897,1096,302000
48342897,48344149,1252,120325
48344149,48345270,1121,164187
48345270,48346351,1081,285135
48346351,48347562,1211,281471
48347562,48348631,1069,98877
48348631,48349869,1238,150843
48349869,48350841,972,276730
48350841,48351987,1146,94876
48351987,48353206,1219,142279
48353206,48354416,1210,109176
48354416,48354974,558,19209
48354974,48356326,1352,102381
48356326,48356777,451,7371
48356777,48357958,1181,291379
48357958,48359017,1059,138047
48359017,48360320,1303,135020
48360320,48361518,1198,279153
48361518,48362492,974,19361
48362492,48363599,1107,258960
48363599,48364887,1288,65554
48364887,48366080,1193,10172
48366080,48367424,1344,123163
48367424,48368475,1051,77782
48368475,48369576,1101,95969
48369576,48370519,943,133227
48370519,48371618,1099,107486
48371618,48372083,465,162239
48372083,48373194,1111,121896
48373194,48373633,439,129396
48373633,48374032,399,171133
48374032,48375121,1089,131732
48375121,48376464,1343,696
48376464,48377547,1083,101283
48377547,48378230,683,56777
48378230,48379505,1275,15305
48379505,48380627,1122,107517
48380627,48381856,1229,30105
48381856,48383117,1261,3966
48383117,48384319,1202,164461
48384319,48385606,1287,68358
48385606,48386882,1276,132299
48386882,48388041,1159,183988
48388041,48389119,1078,176853
48389119,48390294,1175,105405
48390294,48391337,1043,127694
48391337,48392498,1161,281188
48392498,48393665,1167,71420
48393665,48394885,1220,67860
48394885,48396146,1261,48525
48396146,48397231,1085,127703
48397231,48398498,1267,159230
48398498,48399299,801,126408
48399299,48400164,865,131218
48400164,48400598,434,8684
48400598,48401034,436,155646
48401034,48402181,1147,56179
48402181,48402379,198,144965
48402379,48402627,248,14674
48402627,48403621,994,254948
48403621,48404541,920,296465
48404541,48405728,1187,84349
48405728,48406944,1216,132710
48406944,48407918,974,2777
48407918,48408300,382,39481
48408300,48409512,1212,11546
48409512,48409839,327,145699
48409839,48410902,1063,169293
48410902,48412083,1181,45217
48412083,48413324,1241,119637
48413324,48414449,1125,124368
48414449,48415737,1288,91905
48415737,48416990,1253,84121
48416990,48417818,828,152826
48417818,48418902,1084,105673
48418902,48420193,1291,139307
48420193,48421341,1148,258960
48421341,48422306,965,157858
48422306,48423319,1013,136271
48423319,48424540,1221,64713
48424540,48425535,995,26950
48425535,48426684,1149,70919
48426684,48427407,723,70843
48427407,48428576,1169,284433
48428576,48429781,1205,290351
48429781,48430960,1179,39477
48430960,48431960,1000,142320
48431960,48433172,1212,142363
48433172,48434085,913,122467
48434085,48435144,1059,233342
48435144,48436299,1155,138042
48436299,48436745,446,121382
48436745,48437924,1179,138631
48437924,48438803,879,70998
48438803,48440094,1291,123602
48440094,48441242,1148,130977
48441242,48441420,178,130093
48441420,48442400,980,128990
48442400,48443681,1281,41170
48443681,48444970,1289,123133
48444970,48445960,990,130871
48445960,48447223,1263,102238
48447223,48448434,1211,282934
48448434,48449657,1223,262291
48449657,48450481,824,7793
48450481,48450772,291,128660
48450772,48451331,559,86732
48451331,48452376,1045,125951
48452376,48453168,792,58868
48453168,48454460,1292,174511
48454460,48455557,1097,81858
48455557,48456814,1257,135832
48456814,48458037,1223,5703
48458037,48458587,550,21393
48458587,48459771,1184,133239
48459771,48461000,1229,61781
48461000,48462101,1101,12539
48462101,48463212,1111,105383
48463212,48463991,779,19208
48463991,48464865,874,163402
48464865,48465646,781,11077
48465646,48465996,350,182394
48465996,48467027,1031,129983
48467027,48467866,839,160964
48467866,48469137,1271,126220
48469137,48470273,1136,160188
48470273,48471554,1281,290363
48471554,48472664,1110,12332
48472664,48473030,366,141208
48473030,48474201,1171,28247
48474201,48475281,1080,26956
48475281,48475458,177,291168
48475458,48476413,955,128309
48476413,48477252,839,26520
48477252,48478311,1059,168500
48478311,48479314,1003,19373
48479314,48480566,1252,125123
48480566,48481599,1033,126221
48481599,48482798,1199,53343
48482798,48483048,250,124557
48483048,48484290,1242,140718
48484290,48485434,1144,129011
48485434,48486337,903,275885
48486337,48487559,1222,182389
48487559,48488681,1122,187466
48488681,48489987,1306,130878
48489987,48490981,994,104978
48490981,48491913,932,282386
48491913,48493146,1233,10327
48493146,48494293,1147,157400
48494293,48495508,1215,296395
48495508,48496741,1233,148993
48496741,48497030,289,170950
48497030,48498290,1260,124526
48498290,48499523,1233,30101
48499523,48500460,937,137483
48500460,48501796,1336,133224
48501796,48502823,1027,161975
48502823,48503584,761,39477
48503584,48504791,1207,291381
48504791,48506057,1266,133263
48506057,48507199,1142,116804
48507199,48507510,311,126796
48507510,48508532,1022,101262
48508532,48508864,332,123266
48508864,48510105,1241,141148
48510105,48511326,1221,11077
48511326,48512519,1193,138043
48512519,48513373,854,138045
48513373,48514544,1171,73732
48514544,48515710,1166,19132
48515710,48516135,425,168626
48516135,48517344,1209,138617
48517344,48518440,1096,137483
48518440,48519563,1123,6174
48519563,48519789,226,163384
48519789,48521120,1331,170440
48521120,48522399,1279,121760
48522399,48522625,226,146437
48522625,48523674,1049,70843
48523674,48524057,383,11734
48524057,48525243,1186,141148
48525243,48526552,1309,861
48526552,48526933,381,288043
48526933,48528125,1192,95963
48528125,48528458,333,167024
48528458,48529607,1149,149939
48529607,48530745,1138,279856
48530745,48531962,1217,58845
48531962,48533195,1233,106800
48533195,48534321,1126,133393
48534321,48535475,1154,134707
48535475,48536510,1035,174511
48536510,48537570,1060,301693
48537570,48537963,393,147971
48537963,48538563,600,34483
48538563,48539868,1305,132850
48539868,48540915,1047,18004
48540915,48541444,529,106969
48541444,48542563,1119,29091
48542563,48543133,570,69412
48543133,48544023,890,27504
48544023,48545342,1319,291718
48545342,48546491,1149,88367
48546491,48547766,1275,159386
48547766,48549020,1254,48525
48549020,48550264,1244,135762
48550264,48551111,847,136610
48551111,48552374,1263,21393
48552374,48552725,351,291379
48552725,48553820,1095,111754
48553820,48555018,1198,157056
48555018,48556283,1265,177638
48556283,48557565,1282,166423
48557565,48557952,387,92814
48557952,48559229,1277,121722
48559229,48560408,1179,67858
48560408,48560755,347,104979
48560755,48561093,338,111754
48561093,48562337,1244,121148
48562337,48563335,998,8675
48563335,48564533,1198,170951
48564533,48565667,1134,86026
48565667,48565874,207,139291
48565874,48567029,1155,300343
48567029,48567840,811,143271
48567840,48569007,1167,164188
48569007,48569990,983,166423
48569990,48570744,754,82458
48570744,48571497,753,233366
48571497,48572768,1271,121543
48572768,48573970,1202,121658
48573970,48575171,1201,149791
48575171,48576244,1073,129324
48576244,48577524,1280,81858
48577524,48578621,1097,1043
48578621,48579749,1128,76574
48579749,48580214,465,131228
48580214,48581389,1175,128138
48581389,48582442,1053,44937
48582442,48583519,1077,102381
48583519,48584657,1138,148312
48584657,48585720,1063,86741
48585720,48586529,809,136280
48586529,48587811,1282,282926
48587811,48588829,1018,31629
48588829,48589615,786,131890
48589615,48590877,1262,142750
48590877,48592099,1222,155944
48592099,48592946,847,100431
48592946,48594139,1193,271826
48594139,48595341,1202,129011
48595341,48596583,1242,92812
48596583,48596858,275,122441
48596858,48598099,1241,32658
48598099,48599075,976,147110
48599075,48599672,597,26895
48599672,48600429,757,149881
48600429,48601664,1235,134816
48601664,48602097,433,185457
48602097,48602887,790,68773
48602887,48603974,1087,92002
48603974,48605236,1262,133630
48605236,48605651,415,137627
48605651,48606785,1134,141791
48606785,48607964,1179,139681
48607964,48609125,1161,125001
48609125,48610007,882,293957
48610007,48611105,1098,183988
48611105,48612186,1081,134657
48612186,48613499,1313,128310
48613499,48614388,889,139733
48614388,48614579,191,696
48614579,48615824,1245,118128
48615824,48616745,921,285896
48616745,48617690,945,11612
48617690,48618937,1247,2301
48618937,48620142,1205,72200
48620142,48621105,963,31091
48621105,48622370,1265,133211
48622370,48623513,1143,176683
48623513,48624694,1181,19361
48624694,48625903,1209,7793
48625903,48627078,1175,12538
48627078,48628140,1062,115687
48628140,48629345,1205,160958
48629345,48630420,1075,287671
48630420,48631621,1201,287357
48631621,48632831,1210,129324
48632831,48634092,1261,132601
48634092,48635217,1125,102240
48635217,48636398,1181,156720
48636398,48637334,936,109662
48637334,48638403,1069,274558
48638403,48638879,476,129513
48638879,48639502,623,158074
48639502,48640325,823,220951
48640325,48641530,1205,157263
48641530,48642761,1231,82458
48642761,48643470,709,87547
48643470,48644710,1240,246904
48644710,48645302,592,52087
48645302,48646599,1297,293963
48646599,48647850,1251,134816
48647850,48649045,1195,51163
48649045,48650153,1108,87280
48650153,48651186,1033,126851
48651186,48651906,720,46240
48651906,48653010,1104,66016
48653010,48653967,957,66470
48653967,48655088,1121,122828
48655088,48656175,1087,73848
48656175,48656701,526,39749
48656701,48657827,1126,98645
48657827,48658101,274,262269
48658101,48659275,1174,52088
48659275,48660396,1121,14274
48660396,48661123,727,129396
48661123,48661420,297,139009
48661420,48662282,862,152264
48662282,48663492,1210,60800
48663492,48664482,990,134160
48664482,48665099,617,142824
48665099,48666326,1227,121064
48666326,48667303,977,129514
48667303,48668554,1251,36146
48668554,48669218,664,146437
48669218,48670423,1205,138486
48670423,48671442,1019,112057
48671442,48672631,1189,154671
48672631,48672826,195,141174
48672826,48674027,1201,139741
48674027,48675054,1027,284268
48675054,48675986,932,122544
48675986,48676177,191,135264
48676177,48677512,1335,156968
48677512,48678361,849,39508
48678361,48679433,1072,126220
48679433,48680676,1243,141174
48680676,48681735,1059,108640
48681735,48682812,1077,216570
48682812,48683170,358,26872
48683170,48684241,1071,4479
48684241,48684578,337,126286
48684578,48685654,1076,72927
48685654,48686951,1297,24515
48686951,48688028,1077,175448
48688028,48689043,1015,104886
48689043,48689996,953,134149
48689996,48691190,1194,76055
48691190,48692305,1115,156159
48692305,48693490,1185,147989
48693490,48694489,999,130974
48694489,48695653,1164,2536
48695653,48696542,889,40571
48696542,48697851,1309,83696
48697851,48698970,1119,63105
48698970,48700075,1105,124003
48700075,48701250,1175,68358
48701250,48702420,1170,31609
48702420,48703622,1202,160953
48703622,48704722,1100,246889
48704722,48705976,1254,139397
48705976,48706802,826,281472
48706802,48707799,997,121140
48707799,48708671,872,122944
48708671,48709619,948,28247
48709619,48710882,1263,132291
48710882,48712057,1175,91098
48712057,48713162,1105,27504
48713162,48714109,947,181420
48714109,48714605,496,107627
48714605,48715656,1051,130503
48715656,48716756,1100,84448
48716756,48717329,573,142320
48717329,48717818,489,134636
48717818,48718302,484,134170
48718302,48719459,1157,127696
48719459,48720714,1255,106611
48720714,48721955,1241,19376
48721955,48723123,1168,141235
48723123,48724059,936,4690
48724059,48724547,488,44912
48724547,48725790,1243,19373
48725790,48726908,1118,1133
48726908,48727276,368,72311
48727276,48727722,446,141208
48727722,48728894,1172,231837
48728894,48730124,1230,38026
48730124,48730345,221,126480
48730345,48731483,1138,130989
48731483,48731818,335,168626
48731818,48732782,964,134789
48732782,48733729,947,125147
48733729,48734809,1080,22178
48734809,48735458,649,129790
48735458,48735887,429,269254
48735887,48736830,943,110238
48736830,48737346,516,136280
48737346,48738550,1204,105171
48738550,48739781,1231,130184
48739781,48740866,1085,168497
48740866,48741902,1036,160964
48741902,48742957,1055,136458
48742957,48743625,668,110128
48743625,48744036,411,109179
48744036,48744973,937,165701
48744973,48746120,1147,149236
48746120,48746457,337,168626
48746457,48747549,1092,160187
48747549,48748586,1037,152826
48748586,48749690,1104,134176
48749690,48749951,261,106366
48749951,48750980,1029,169619
48750980,48752099,1119,72200
48752099,48753253,1154,149245
48753253,48754234,981,151817
48754234,48755472,1238,58869
48755472,48756585,1113,135580
48756585,48757864,1279,123163
48757864,48759038,1174,53342
48759038,48760217,1179,127732
48760217,48760488,271,134708
48760488,48761702,1214,7793
48761702,48762787,1085,73296
48762787,48763436,649,102612
48763436,48764547,1111,117866
48764547,48765278,731,26894
48765278,48766219,941,8140
48766219,48767423,1204,175390
48767423,48768595,1172,155151
48768595,48769835,1240,27120
48769835,48771060,1225,67592
48771060,48772097,1037,120280
48772097,48773362,1265,138888
48773362,48774276,914,132644
48774276,48775422,1146,126312
48775422,48776734,1312,130486
48776734,48777582,848,77361
48777582,48778653,1071,88761
48778653,48779811,1158,104606
48779811,48780871,1060,11512
48780871,48781839,968,122801
48781839,48782926,1087,127215
48782926,48784095,1169,133290
48784095,48785447,1352,147970
48785447,48786708,1261,138042
48786708,48787597,889,72311
48787597,48788838,1241,80197
48788838,48789848,1010,262269
48789848,48791109,1261,141571
48791109,48792287,1178,86045
48792287,48793429,1142,145138
48793429,48794011,582,32637
48794011,48794727,716,284424
48794727,48795821,1094,143484
48795821,48797080,1259,118128
48797080,48798217,1137,127595
48798217,48799347,1130,64290
48799347,48799762,415,83606
48799762,48800544,782,5776
48800544,48801803,1259,54006
48801803,48802327,524,170976
48802327,48803349,1022,79973
48803349,48804582,1233,26872
48804582,48805728,1146,129587
48805728,48806856,1128,259009
48806856,48807319,463,131748
48807319,48808252,933,366
48808252,48809381,1129,63713
48809381,48809794,413,106366
48809794,48810619,825,67857
48810619,48811566,947,92820
48811566,48811988,422,141208
48811988,48812279,291,1189
48812279,48813492,1213,143005
48813492,48814127,635,58433
48814127,48815356,1229,98644
48815356,48816650,1294,46889
48816650,48817931,1281,258986
48817931,48818899,968,274549
48818899,48820062,1163,158796
48820062,48821307,1245,154697
48821307,48822114,807,122627
48822114,48822631,517,126233
48822631,48823786,1155,57836
48823786,48824843,1057,150715
48824843,48825930,1087,134728
48825930,48827010,1080,129805
48827010,48827995,985,126826
48827995,48829252,1257,83708
48829252,48829945,693,130093
48829945,48830998,1053,11079
48830998,48831959,961,158744
48831959,48833190,1231,76043
48833190,48834358,1168,132718
48834358,48835461,1103,126826
48835461,48836691,1230,286306
48836691,48837866,1175,185436
48837866,48839119,1253,117095
48839119,48840497,1378,112592
48840497,48841772,1275,126410
48841772,48843031,1259,92935
48843031,48844198,1167,300047
48844198,48845369,1171,127215
48845369,48846141,772,105405
48846141,48847207,1066,61316
48847207,48848390,1183,46890
48848390,48849342,952,291172
48849342,48850652,1310,283138
48850652,48851709,1057,64300
48851709,48852687,978,52087
48852687,48853941,1254,129324
48853941,48855256,1315,108638
48855256,48856437,1181,76044
48856437,48856986,549,291384
48856986,48857903,917,24732
48857903,48858762,859,284433
48858762,48859066,304,142311
48859066,48860329,1263,136054
48860329,48860832,503,54006
48860832,48861921,1089,158081
48861921,48862868,947,145138
48862868,48863995,1127,122827
48863995,48864820,825,290363
48864820,48866102,1282,138631
48866102,48866536,434,10172
48866536,48867640,1104,43305
48867640,48868812,1172,119253
48868812,48869923,1111,64713
48869923,48871088,1165,129974
48871088,48871925,837,132717
48871925,48872615,690,83616
48872615,48873821,1206,132650
48873821,48874131,310,122806
48874131,48874951,820,275885
48874951,48875906,955,13364
48875906,48877029,1123,715
48877029,48877311,282,7239
48877311,48878223,912,12707
48878223,48879314,1091,149881
48879314,48880223,909,15082
48880223,48881474,1251,135216
48881474,48882620,1146,143948
48882620,48883919,1299,275127
48883919,48884861,942,16020
48884861,48885111,250,162667
48885111,48886420,1309,143005
48886420,48886888,468,147159
48886888,48887074,186,98645
48887074,48888216,1142,101864
48888216,48889361,1145,270778
48889361,48890120,759,8592
48890120,48891277,1157,104483
48891277,48892476,1199,121069
48892476,48892987,511,57179
48892987,48894188,1201,63841
48894188,48894456,268,178449
48894456,48895295,839,150915
48895295,48896181,886,54016
48896181,48896480,299,72311
48896480,48897726,1246,98876
48897726,48898977,1251,276735
48898977,48900154,1177,130728
48900154,48901385,1231,245708
48901385,48902634,1249,121068
48902634,48903325,691,184447
48903325,48904378,1053,101799
48904378,48905584,1206,134804
48905584,48906922,1338,163322
48906922,48908111,1189,132645
48908111,48909384,1273,293663
48909384,48910522,1138,4447
48910522,48911629,1107,121064
48911629,48912779,1150,283242
48912779,48913734,955,120583
48913734,48914703,969,68770
48914703,48915609,906,128633
48915609,48916737,1128,10642
48916737,48917333,596,48831
48917333,48918640,1307,133224
48918640,48919906,1266,39661
48919906,48921129,1223,126955
48921129,48922233,1104,125127
48922233,48923211,978,140071
48923211,48924384,1173,77779
48924384,48925533,1149,185466
48925533,48926751,1218,57180
48926751,48927717,966,42637
48927717,48929037,1320,7944
48929037,48930217,1180,44577
48930217,48930874,657,23311
48930874,48931929,1055,16632
48931929,48933055,1126,32886
48933055,48934190,1135,8592
48934190,48934523,333,126408
48934523,48935739,1216,101276
48935739,48936984,1245,262305
48936984,48937937,953,52087
48937937,48939082,1145,166683
48939082,48940091,1009,122544
48940091,48940737,646,281131
48940737,48941988,1251,279849
48941988,48942395,407,54006
48942395,48943498,1103,34497
48943498,48944797,1299,75939
48944797,48945891,1094,122545
48945891,48947020,1129,25563
48947020,48948138,1118,176853
48948138,48949155,1017,292347
48949155,48950406,1251,64292
48950406,48951143,737,166436
48951143,48952234,1091,130625
48952234,48953195,961,160949
48953195,48953970,775,46588
48953970,48955172,1202,26947
48955172,48956307,1135,184447
48956307,48957546,1239,105002
48957546,48958783,1237,134420
48958783,48959964,1181,1120
48959964,48961130,1166,130530
48961130,48962490,1360,157644
48962490,48963646,1156,31603
48963646,48964821,1175,101289
48964821,48966041,1220,64075
48966041,48967245,1204,40556
48967245,48968392,1147,62851
48968392,48969536,1144,7371
48969536,48970635,1099,8592
48970635,48971617,982,141174
48971617,48972716,1099,75791
48972716,48973797,1081,132530
48973797,48974677,880,70843
48974677,48975861,1184,300225
48975861,48977157,1296,19373
48977157,48978423,1266,92814
48978423,48979738,1315,137608
48979738,48980872,1134,4690
48980872,48981977,1105,147110
48981977,48982250,273,89735
48982250,48983465,1215,34478
48983465,48983680,215,117866
48983680,48984967,1287,2772
48984967,48986151,1184,135826
48986151,48986661,510,304534
48986661,48987567,906,130184
48987567,48988812,1245,279363
48988812,48989915,1103,352
48989915,48991121,1206,279239
48991121,48992334,1213,133220
48992334,48993374,1040,31603
48993374,48994428,1054,84121
48994428,48995530,1102,291458
48995530,48996592,1062,275212
48996592,48997541,949,4731
48997541,48998235,694,62516
48998235,48999232,997,83606
48999232,49000443,1211,128345
49000443,49001585,1142,10674
49001585,49002039,454,115686
49002039,49002844,805,166423
49002844,49003500,656,26852
49003500,49004342,842,73296
49004342,49004601,259,5083
49004601,49005737,1136,147990
49005737,49006039,302,19373
49006039,49006927,888,63713
49006927,49008128,1201,106969
49008128,49009442,1314,76974
49009442,49010481,1039,156724
49010481,49011753,1272,29012
49011753,49012925,1172,132782
49012925,49014138,1213,134425
49014138,49015438,1300,92420
49015438,49016395,957,88761
49016395,49017373,978,152864
49017373,49018596,1223,291953
49018596,49019782,1186,126965
49019782,49020068,286,86679
49020068,49021317,1249,279229
49021317,49022459,1142,296159
49022459,49023738,1279,137770
49023738,49024893,1155,114971
49024893,49025554,661,121528
49025554,49026381,827,29108
49026381,49027546,1165,71420
49027546,49028346,800,291458
49028346,49029624,1278,138888
49029624,49030910,1286,296078
49030910,49031820,910,161975
49031820,49032991,1171,862
49032991,49034220,1229,134816
49034220,49035353,1133,294523
49035353,49035707,354,271817
49035707,49036996,1289,169293
49036996,49038239,1243,104483
49038239,49039251,1012,292604
49039251,49040393,1142,296078
49040393,49041546,1153,52088
49041546,49042754,1208,150843
49042754,49043928,1174,132864
49043928,49045111,1183,185125
49045111,49045707,596,135249
49045707,49047025,1318,296159
49047025,49047503,478,143484
49047503,49048334,831,157243
49048334,49049541,1207,5703
49049541,49050687,1146,149880
49050687,49051743,1056,112593
49051743,49052905,1162,137106
49052905,49053995,1090,14976
49053995,49055272,1277,274549
49055272,49056464,1192,165701
49056464,49057830,1366,35921
49057830,49058084,254,284434
49058084,49059399,1315,32886
49059399,49060646,1247,126292
49060646,49061854,1208,155521
49061854,49063066,1212,153309
49063066,49063751,685,98645
49063751,49064264,513,258250
49064264,49065431,1167,184266
49065431,49066404,973,14958
49066404,49067243,839,16020
49067243,49068186,943,145700
49068186,49069403,1217,61316
49069403,49070607,1204,128309
49070607,49071930,1323,26553
49071930,49073071,1141,284424
49073071,49074252,1181,12546
49074252,49075459,1207,138045
49075459,49076578,1119,95875
49076578,49077863,1285,110705
49077863,49079138,1275,157830
49079138,49080373,1235,4275
49080373,49081649,1276,302111
49081649,49082898,1249,146437
49082898,49083820,922,7371
49083820,49084344,524,56778
49084344,49085603,1259,4275
49085603,49086784,1181,138032
49086784,49087099,315,128660
49087099,49088191,1092,6541
49088191,49089438,1247,106611
49089438,49090445,1007,133273
49090445,49091652,1207,86679
49091652,49092309,657,230928
49092309,49093552,1243,258954
49093552,49094707,1155,216563
49094707,49095380,673,65534
49095380,49096543,1163,32886
49096543,49097698,1155,91072
49097698,49098817,1119,34497
49098817,49099372,555,36633
49099372,49100627,1255,157243
49100627,49101772,1145,288043
49101772,49103011,1239,132291
49103011,49104381,1370,10701
49104381,49105144,763,298549
49105144,49106329,1185,293957
49106329,49107564,1235,137597
49107564,49108767,1203,11049
49108767,49109720,953,124587
49109720,49110843,1123,275128
49110843,49111763,920,83606
49111763,49113103,1340,166420
49113103,49114325,1222,47238
49114325,49115029,704,129393
49115029,49116278,1249,163507
49116278,49117060,782,121720
49117060,49118151,1091,8141
49118151,49119084,933,300234
49119084,49120187,1103,176263
49120187,49121324,1137,53342
49121324,49122554,1230,282926
49122554,49123601,1047,159227
49123601,49124870,1269,282386
49124870,49125972,1102,75355
49125972,49126763,791,8689
49126763,49127788,1025,6557
49127788,49129045,1257,14013
49129045,49130300,1255,129317
49130300,49131535,1235,291101
49131535,49131752,217,86043
49131752,49132882,1130,129011
49132882,49134032,1150,105383
49134032,49134327,295,170950
49134327,49135602,1275,861
49135602,49136820,1218,141240
49136820,49137948,1128,132882
49137948,49139000,1052,121760
49139000,49140197,1197,114469
49140197,49141407,1210,96672
49141407,49142580,1173,127522
49142580,49143608,1028,135580
49143608,49144833,1225,155520
49144833,49145616,783,130548
49145616,49146567,951,39481
49146567,49147809,1242,110706
49147809,49149043,1234,107486
49149043,49150109,1066,155949
49150109,49150935,826,98876
49150935,49152029,1094,41614
49152029,49153260,1231,132532
49153260,49154560,1300,291953
49154560,49155790,1230,10327
49155790,49156671,881,126860
49156671,49157960,1289,132601
49157960,49159029,1069,109176
49159029,49160112,1083,282391
49160112,49161318,1206,147159
49161318,49162358,1040,69550
49162358,49162862,504,14929
49162862,49163068,206,112056
49163068,49164301,1233,44577
49164301,49164618,317,147173
49164618,49165752,1134,155968
49165752,49166850,1098,19208
49166850,49168158,1308,134420
49168158,49169303,1145,7793
49169303,49170528,1225,76046
49170528,49171633,1105,121669
49171633,49172850,1217,147173
49172850,49173954,1104,112057
49173954,49175119,1165,296473
49175119,49176264,1145,141248
49176264,49177393,1129,124990
49177393,49178102,709,142318
49178102,49178536,434,86679
49178536,49179618,1082,135264
49179618,49180763,1145,132592
49180763,49181942,1179,291374
49181942,49182258,316,126965
49182258,49183399,1141,27504
49183399,49183681,282,128310
49183681,49184674,993,57154
49184674,49185851,1177,289453
49185851,49186844,993,296465
49186844,49188063,1219,276907
49188063,49189197,1134,55856
49189197,49190097,900,130545
49190097,49191305,1208,80690
49191305,49192522,1217,184266
49192522,49193728,1206,6397
49193728,49194715,987,126220
49194715,49195934,1219,53342
49195934,49196932,998,292604
49196932,49198107,1175,80690
49198107,49199341,1234,130184
49199341,49200367,1026,4158
49200367,49201550,1183,288043
49201550,49202533,983,43322
49202533,49203076,543,26950
49203076,49203647,571,31091
49203647,49204339,692,128636
49204339,49204977,638,126826
49204977,49205749,772,70843
49205749,49206982,1233,28375
49206982,49207861,879,6506
49207861,49208858,997,105167
49208858,49210007,1149,109174
49210007,49211176,1169,56840
49211176,49212417,1241,127525
49212417,49213063,646,89882
49213063,49214188,1125,700
49214188,49215228,1040,121392
49215228,49216402,1174,181420
49216402,49217475,1073,119253
49217475,49218699,1224,61422
49218699,49219740,1041,12895
49219740,49220937,1197,262305
49220937,49221940,1003,86741
49221940,49223072,1132,163322
49223072,49223867,795,157400
49223867,49224705,838,110054
49224705,49225968,1263,233382
49225968,49226346,378,123197
49226346,49227598,1252,29120
49227598,49228751,1153,57836
49228751,49229994,1243,140067
49229994,49230970,976,126408
49230970,49232136,1166,98878
49232136,49233332,1196,1187
49233332,49234463,1131,136054
49234463,49235432,969,4145
49235432,49236721,1289,185488
49236721,49237040,319,98876
49237040,49238292,1252,134434
49238292,49238480,188,132710
49238480,49239569,1089,284268
49239569,49240705,1136,156977
49240705,49240931,226,121799
49240931,49241596,665,276735
49241596,49242420,824,134316
49242420,49243250,830,30593
49243250,49244354,1104,129581
49244354,49244858,504,11243
49244858,49246054,1196,5704
49246054,49247327,1273,89390
49247327,49247969,642,104637
49247969,49248458,489,55856
49248458,49248866,408,128660
49248866,49249122,256,19373
49249122,49250250,1128,107520
49250250,49251505,1255,30105
49251505,49252764,1259,398
49252764,49253822,1058,278217
49253822,49255062,1240,144987
49255062,49256242,1180,64588
49256242,49257468,1226,5911
49257468,49258573,1105,149881
49258573,49259430,857,167024
49259430,49260719,1289,152267
49260719,49261872,1153,101276
49261872,49263199,1327,64956
49263199,49264452,1253,254949
49264452,49264840,388,126965
49264840,49266056,1216,160949
49266056,49267045,989,136458
49267045,49267764,719,39660
49267764,49268823,1059,277899
49268823,49269122,299,123266
49269122,49270275,1153,74797
49270275,49271532,1257,114452
49271532,49272735,1203,130533
49272735,49273938,1203,127703
49273938,49274228,290,146437
49274228,49275390,1162,149033
49275390,49276641,1251,142752
49276641,49277886,1245,88483
49277886,49279111,1225,59288
49279111,49279826,715,127579
49279826,49280922,1096,51163
49280922,49282132,1210,81843
49282132,49283333,1201,75939
49283333,49284495,1162,15305
49284495,49285676,1181,262269
49285676,49286941,1265,141613
49286941,49287361,420,291953
49287361,49288598,1237,85684
49288598,49289795,1197,296468
49289795,49290707,912,262269
49290707,49291674,967,132650
49291674,49292937,1263,262305
49292937,49294198,1261,155973
49294198,49295281,1083,132484
49295281,49296306,1025,288043
49296306,49297449,1143,224746
49297449,49298428,979,123267
49298428,49299710,1282,39476
49299710,49300268,558,109180
49300268,49301524,1256,140040
49301524,49302352,828,13265
49302352,49303457,1105,10798
49303457,49304307,850,101276
49304307,49305343,1036,159386
49305343,49306598,1255,75939
49306598,49307795,1197,294690
49307795,49309049,1254,44575
49309049,49310396,1347,60774
49310396,49311745,1349,4861
49311745,49312831,1086,137141
49312831,49313498,667,88748
49313498,49314488,990,182394
49314488,49315679,1191,131732
49315679,49316881,1202,132601
49316881,49318187,1306,64974
49318187,49319298,1111,173230
49319298,49320327,1029,108005
49320327,49321603,1276,98877
49321603,49322934,1331,289453
49322934,49323783,849,131030
49323783,49324883,1100,76046
49324883,49325980,1097,157243
49325980,49327163,1183,84122
49327163,49328311,1148,32658
49328311,49329359,1048,123283
49329359,49330416,1057,134425
49330416,49331527,1111,135580
49331527,49332507,980,131296
49332507,49333713,1206,155968
49333713,49334751,1038,101864
49334751,49336065,1314,131113
49336065,49337389,1324,9210
49337389,49338494,1105,129587
49338494,49339581,1087,161102
49339581,49340825,1244,36386
49340825,49341953,1128,144503
49341953,49342979,1026,147971
49342979,49344155,1176,281472
49344155,49345402,1247,44575
49345402,49346501,1099,288044
49346501,49347785,1284,126945
49347785,49348996,1211,109663
49348996,49350133,1137,133440
49350133,49351334,1201,135249
49351334,49352359,1025,41933
49352359,49353568,1209,271812
49353568,49353777,209,121392
49353777,49355067,1290,110128
49355067,49356137,1070,129393
49356137,49357316,1179,69411
49357316,49357790,474,82020
49357790,49358281,491,121543
49358281,49359341,1060,184448
49359341,49360345,1004,121528
49360345,49361378,1033,177234
49361378,49362507,1129,2503
49362507,49363660,1153,58025
49363660,49364832,1172,156757
49364832,49366020,1188,121541
49366020,49367265,1245,39967
49367265,49368563,1298,89390
49368563,49369801,1238,70843
49369801,49371061,1260,85635
49371061,49372351,1290,150674
49372351,49373521,1170,87997
49373521,49373827,306,132891
49373827,49375068,1241,95441
49375068,49376096,1028,275128
49376096,49377266,1170,130494
49377266,49378284,1018,151817
49378284,49379453,1169,126959
49379453,49379898,445,164327
49379898,49381007,1109,125943
49381007,49382247,1240,121415
49382247,49383265,1018,132645
49383265,49383628,363,30105
49383628,49384729,1101,138548
49384729,49385670,941,70837
49385670,49386237,567,126408
49386237,49387442,1205,133424
49387442,49387608,166,48579
49387608,49388228,620,138045
49388228,49389278,1050,4447
49389278,49390070,792,138043
49390070,49390855,785,110243
49390855,49391985,1130,178149
49391985,49393198,1213,156154
49393198,49394331,1133,90852
49394331,49395230,899,63101
49395230,49396513,1283,69607
49396513,49396956,443,283242
49396956,49398213,1257,11546
49398213,49399332,1119,131226
49399332,49400511,1179,102381
49400511,49401177,666,54016
49401177,49402327,1150,134451
49402327,49403434,1107,114468
49403434,49404563,1129,138866
49404563,49405744,1181,132280
49405744,49407085,1341,12971
49407085,49408217,1132,157830
49408217,49409455,1238,41259
49409455,49410682,1227,131882
49410682,49411916,1234,142745
49411916,49412896,980,291608
49412896,49413983,1087,139355
49413983,49414865,882,121148
49414865,49416000,1135,11535
49416000,49417040,1040,294700
49417040,49418156,1116,134825
49418156,49419291,1135,128345
49419291,49420325,1034,70843
49420325,49421106,781,56777
49421106,49422177,1071,29110
49422177,49423452,1275,158081
49423452,49424598,1146,158081
49424598,49425827,1229,8592
49425827,49426808,981,91801
49426808,49427890,1082,168198
49427890,49428409,519,121729
49428409,49429692,1283,87280
49429692,49430849,1157,71531
49430849,49431653,804,176680
49431653,49432779,1126,122655
49432779,49432946,167,101854
49432946,49434287,1341,270777
49434287,49435340,1053,130532
49435340,49436591,1251,5912
49436591,49437046,455,47541
49437046,49438316,1270,5084
49438316,49439477,1161,70837
49439477,49440491,1014,184447
49440491,49441104,613,138033
49441104,49442064,960,216570
49442064,49442831,767,117382
49442831,49443862,1031,170956
49443862,49444271,409,46243
49444271,49445356,1085,118128
49445356,49446535,1179,72311
49446535,49447495,960,127694
49447495,49448063,568,139710
49448063,49449299,1236,67858
49449299,49450558,1259,290361
49450558,49451742,1184,130229
49451742,49452999,1257,258970
49452999,49454098,1099,127579
49454098,49454738,640,61316
49454738,49454967,229,126932
49454967,49456240,1273,72212
49456240,49457411,1171,124221
49457411,49458547,1136,112061
49458547,49459220,673,128138
49459220,49460307,1087,101262
49460307,49461590,1283,126961
49461590,49462801,1211,107621
49462801,49463372,571,83606
49463372,49464540,1168,147173
49464540,49465810,1270,12103
49465810,49466121,311,187466
49466121,49467388,1267,157400
49467388,49468605,1217,121415
49468605,49469904,1299,121106
49469904,49470839,935,84010
49470839,49471920,1081,231836
49471920,49473042,1122,32856
49473042,49473615,573,280380
49473615,49474638,1023,362
49474638,49475885,1247,156981
49475885,49477160,1275,137628
49477160,49478353,1193,12332
49478353,49479515,1162,57831
49479515,49480812,1297,44575
49480812,49481969,1157,138033
49481969,49482391,422,233382
49482391,49482588,197,141644
49482588,49483218,630,139290
49483218,49483700,482,302111
49483700,49483931,231,16802
49483931,49485129,1198,23311
49485129,49486282,1153,133220
49486282,49486801,519,139356
49486801,49488010,1209,63841
49488010,49489264,1254,102232
49489264,49490375,1111,112011
49490375,49491631,1256,107483
49491631,49492134,503,232690
49492134,49493190,1056,139358
49493190,49493784,594,128660
49493784,49495069,1285,130560
49495069,49495514,445,126408
49495514,49496561,1047,67233
49496561,49497579,1018,46889
49497579,49498675,1096,12971
49498675,49499908,1233,4447
49499908,49500801,893,395
49500801,49501935,1134,132530
49501935,49503074,1139,83633
49503074,49504015,941,295756
49504015,49505131,1116,259009
49505131,49506338,1207,121079
49506338,49507588,1250,133442
49507588,49508364,776,46712
49508364,49509483,1119,48377
49509483,49510680,1197,133393
49510680,49511756,1076,37999
49511756,49512683,927,7944
49512683,49513143,460,143307
49513143,49514395,1252,74797
49514395,49515618,1223,163505
49515618,49516836,1218,8912
49516836,49517882,1046,121541
49517882,49518999,1117,183988
49518999,49519315,316,126965
49519315,49520256,941,282926
49520256,49521313,1057,158744
49521313,49522316,1003,176270
49522316,49523382,1066,285137
49523382,49523595,213,129396
49523595,49524875,1280,290923
49524875,49525642,767,155948
49525642,49526767,1125,19366
49526767,49527767,1000,4662
49527767,49528494,727,278289
49528494,49529501,1007,126957
49529501,49530778,1277,134465
49530778,49531968,1190,121674
49531968,49533277,1309,130975
49533277,49534479,1202,295759
49534479,49535671,1192,279775
49535671,49536890,1219,34572
49536890,49538181,1291,158796
49538181,49539101,920,4691
49539101,49540074,973,252342
49540074,49541249,1175,164461
49541249,49542467,1218,161975
49542467,49543521,1054,101864
49543521,49544662,1141,258974
49544662,49545880,1218,139336
49545880,49546805,925,101262
49546805,49547412,607,135216
49547412,49548446,1034,171133
49548446,49549576,1130,157088
49549576,49549872,296,121661
49549872,49551201,1329,276939
49551201,49552386,1185,127691
49552386,49553509,1123,273050
49553509,49554450,941,178030
49554450,49555604,1154,64738
49555604,49555849,245,14274
49555849,49556758,909,129317
49556758,49556975,217,134465
49556975,49557696,721,232057
49557696,49557969,273,139355
49557969,49558418,449,245708
49558418,49559594,1176,143307
49559594,49560571,977,5097
49560571,49561458,887,156230
49561458,49562745,1287,129583
49562745,49563708,963,289242
49563708,49564639,931,134463
49564639,49565584,945,300234
49565584,49566039,455,122627
49566039,49567486,1447,64291
49567486,49568693,1207,282926
49568693,49569747,1054,139009
49569747,49571034,1287,296465
49571034,49572015,981,274549
49572015,49573311,1296,103120
49573311,49574380,1069,58843
49574380,49575480,1100,74477
49575480,49576780,1300,138113
49576780,49577463,683,110742
49577463,49578704,1241,168626
49578704,49579841,1137,126947
49579841,49580931,1090,44585
49580931,49582009,1078,240992
49582009,49583146,1137,65772
49583146,49584223,1077,6541
49584223,49585428,1205,5704
49585428,49586617,1189,83708
49586617,49587482,865,281472
49587482,49588335,853,110128
49588335,49589319,984,138548
49589319,49590469,1150,58192
49590469,49591771,1302,110061
49591771,49592491,720,157644
49592491,49593660,1169,286306
49593660,49593999,339,1532
49593999,49595126,1127,107517
49595126,49596368,1242,9914
49596368,49596633,265,86710
49596633,49597757,1124,70837
49597757,49598314,557,127537
49598314,49599040,726,270778
49599040,49600068,1028,129594
49600068,49600255,187,36641
49600255,49601362,1107,121064
49601362,49602447,1085,86043
49602447,49603723,1276,294700
49603723,49604498,775,110238
49604498,49604775,277,56840
49604775,49604960,185,140656
49604960,49605185,225,61776
49605185,49605931,746,13270
49605931,49607139,1208,122944
49607139,49608194,1055,132299
49608194,49609429,1235,87508
49609429,49610607,1178,118119
49610607,49611831,1224,43296
49611831,49612636,805,286306
49612636,49613809,1173,19132
49613809,49614204,395,7894
49614204,49615423,1219,102250
49615423,49616408,985,14674
49616408,49617749,1341,88089
49617749,49618066,317,147967
49618066,49619358,1292,124221
49619358,49620666,1308,93277
49620666,49621803,1137,142858
49621803,49622998,1195,135033
49622998,49624158,1160,87508
49624158,49625323,1165,132537
49625323,49626398,1075,274378
49626398,49627635,1237,140222
49627635,49628841,1206,162238
49628841,49629999,1158,67584
49629999,49631141,1142,97593
49631141,49631649,508,110131
49631649,49632132,483,129805
49632132,49633389,1257,31668
49633389,49634535,1146,131218
49634535,49635621,1086,183988
49635621,49636530,909,143271
49636530,49637685,1155,148522
49637685,49638726,1041,19361
49638726,49639937,1211,170952
49639937,49640460,523,176263
49640460,49641541,1081,142320
49641541,49642145,604,126842
49642145,49642333,188,61758
49642333,49643638,1305,58193
49643638,49644804,1166,104979
49644804,49645048,244,129623
49645048,49645588,540,157066
49645588,49646860,1272,130103
49646860,49647776,916,131226
49647776,49649046,1270,9321
49649046,49649628,582,161217
49649628,49650784,1156,277899
49650784,49651940,1156,110705
49651940,49653211,1271,25951
49653211,49654439,1228,6498
49654439,49655410,971,135221
49655410,49656643,1233,61316
49656643,49657584,941,130530
49657584,49658569,985,2536
49658569,49659775,1206,142279
49659775,49660893,1118,142744
49660893,49661742,849,254918
49661742,49661983,241,137483
49661983,49663064,1081,161166
49663064,49663443,379,115968
49663443,49664573,1130,129066
49664573,49665868,1295,262305
49665868,49667156,1288,76046
49667156,49668260,1104,54659
49668260,49669460,1200,86741
49669460,49670741,1281,123715
49670741,49671919,1178,50777
49671919,49672791,872,76043
49672791,49674078,1287,83633
49674078,49675225,1147,139681
49675225,49675499,274,14497
49675499,49676695,1196,131735
49676695,49677764,1069,116804
49677764,49679038,1274,55202
49679038,49680267,1229,166433
49680267,49681466,1199,129514
49681466,49681723,257,140725
49681723,49682808,1085,291381
49682808,49683979,1171,38660
49683979,49685070,1091,86741
49685070,49686323,1253,95441
49686323,49687542,1219,107483
49687542,49688616,1074,68762
49688616,49689739,1123,145703
49689739,49690714,975,76055
49690714,49691249,535,280380
49691249,49692483,1234,232691
49692483,49693650,1167,64713
49693650,49694651,1001,134149
49694651,49695728,1077,134119
49695728,49696771,1043,125084
49696771,49698096,1325,141148
49698096,49698955,859,143022
49698955,49699838,883,109173
49699838,49701149,1311,101578
49701149,49702207,1058,109507
49702207,49703273,1066,126739
49703273,49704557,1284,87547
49704557,49705773,1216,138486
49705773,49706985,1212,10701
49706985,49708079,1094,281188
49708079,49708926,847,135229
49708926,49709498,572,92002
49709498,49710765,1267,4445
49710765,49711984,1219,121671
49711984,49713237,1253,19373
49713237,49714106,869,6541
49714106,49715319,1213,181961
49715319,49716493,1174,75360
49716493,49717110,617,138901
49717110,49718343,1233,48830
49718343,49719564,1221,80690
49719564,49720717,1153,100044
49720717,49721927,1210,55088
49721927,49723132,1205,122545
49723132,49723511,379,13248
49723511,49724841,1330,126539
49724841,49725415,574,134657
49725415,49726642,1227,131004
49726642,49727674,1032,131276
49727674,49728730,1056,232057
49728730,49729785,1055,285135
49729785,49731070,1285,128344
49731070,49732103,1033,29012
49732103,49733380,1277,147173
49733380,49734533,1153,125123
49734533,49735866,1333,83607
49735866,49736937,1071,105574
49736937,49738161,1224,183988
49738161,49739200,1039,160964
49739200,49740259,1059,278217
49740259,49741441,1182,171137
49741441,49742449,1008,110243
49742449,49743452,1003,156153
49743452,49744663,1211,10988
49744663,49745446,783,106370
49745446,49746029,583,258970
49746029,49747361,1332,81870
49747361,49748276,915,144987
49748276,49749243,967,127696
49749243,49750042,799,121127
49750042,49750363,321,148312
49750363,49751670,1307,153731
49751670,49752970,1300,121416
49752970,49754190,1220,19361
49754190,49755054,864,146346
49755054,49755375,321,184448
49755375,49756297,922,92820
49756297,49756819,522,141819
49756819,49757064,245,168626
49757064,49758237,1173,295761
49758237,49759430,1193,34572
49759430,49760471,1041,258993
49760471,49761171,700,165428
49761171,49762180,1009,285135
49762180,49763464,1284,287358
49763464,49764577,1113,64300
49764577,49765541,964,30105
49765541,49766653,1112,105171
49766653,49767928,1275,84010
49767928,49769127,1199,291384
49769127,49770311,1184,147045
49770311,49771418,1107,126739
49771418,49772772,1354,144135
49772772,49773307,535,95959
49773307,49774489,1182,185485
49774489,49775633,1144,54016
49775633,49776868,1235,176853
49776868,49777959,1091,156224
49777959,49779206,1247,130493
49779206,49780540,1334,164187
49780540,49781863,1323,3587
49781863,49782684,821,19366
49782684,49783604,920,86683
49783604,49784226,622,8592
49784226,49784617,391,54659
49784617,49785866,1249,142727
49785866,49786761,895,290923
49786761,49787262,501,139707
49787262,49788406,1144,3966
49788406,49789559,1153,167023
49789559,49790032,473,12715
49790032,49791053,1021,163402
49791053,49791457,404,133227
49791457,49792680,1223,127936
49792680,49793930,1250,123036
49793930,49794428,498,131226
49794428,49795561,1133,125127
49795561,49796853,1292,128036
49796853,49796976,123,129396
49796976,49798271,1295,143485
49798271,49799550,1279,54006
49799550,49800895,1345,9010
49800895,49801856,961,156967
49801856,49802558,702,82558
49802558,49803853,1295,106611
49803853,49805007,1154,58868
49805007,49806064,1057,63713
49806064,49807131,1067,110056
49807131,49808317,1186,119637
49808317,49809410,1093,129011
49809410,49810623,1213,134707
49810623,49811505,882,275128
49811505,49812687,1182,130549
49812687,49813850,1163,111961
49813850,49814025,175,107480
49814025,49815318,1293,148962
49815318,49816489,1171,397
49816489,49817790,1301,2301
49817790,49818977,1187,6174
49818977,49820224,1247,101289
49820224,49821065,841,11535
49821065,49822314,1249,134425
49822314,49823335,1021,161707
49823335,49824385,1050,292347
49824385,49825585,1200,29101
49825585,49826672,1087,126961
49826672,49827965,1293,119295
49827965,49829170,1205,62516
49829170,49830091,921,285135
49830091,49831311,1220,161166
49831311,49832350,1039,173230
49832350,49833554,1204,13056
49833554,49834759,1205,5757
49834759,49834987,228,123048
49834987,49836201,1214,187023
49836201,49836914,713,102250
49836914,49837846,932,10328
49837846,49838950,1104,140718
49838950,49840044,1094,145088
49840044,49841185,1141,43306
49841185,49842056,871,278217
49842056,49843131,1075,122443
49843131,49844164,1033,254949
49844164,49845327,1163,9914
49845327,49846587,1260,280380
49846587,49847840,1253,723
49847840,49848971,1131,170438
49848971,49850115,1144,283138
49850115,49851086,971,106367
49851086,49852235,1149,118119
49852235,49852587,352,84448
49852587,49853696,1109,35926
49853696,49854931,1235,122627
49854931,49856176,1245,7622
49856176,49857460,1284,19361
49857460,49858117,657,129581
49858117,49859290,1173,106965
49859290,49860065,775,110742
49860065,49861131,1066,212
49861131,49862139,1008,122827
49862139,49862635,496,86708
49862635,49863987,1352,121103
49863987,49864135,148,282383
49864135,49864838,703,89735
49864838,49865843,1005,98644
49865843,49866977,1134,18527
49866977,49868219,1242,19371
49868219,49868769,550,121069
49868769,49869928,1159,122806
49869928,49871279,1351,63713
49871279,49872532,1253,41610
49872532,49873747,1215,61356
49873747,49874802,1055,169291
49874802,49876091,1289,101265
49876091,49877266,1175,34501
49877266,49878359,1093,862
49878359,49879546,1187,131218
49879546,49880253,707,160188
49880253,49881581,1328,48361
49881581,49882869,1288,145701
49882869,49884123,1254,21493
49884123,49885159,1036,127696
49885159,49886305,1146,58869
49886305,49887257,952,161102
49887257,49887854,597,170976
49887854,49889162,1308,64974
49889162,49890415,1253,293959
49890415,49891330,915,85684
49891330,49892645,1315,100145
49892645,49893765,1120,87791
49893765,49894334,569,128761
49894334,49894838,504,14677
49894838,49895445,607,129994
49895445,49896133,688,142824
49896133,49897336,1203,63101
49897336,49897673,337,101799
49897673,49898048,375,25951
49898048,49899162,1114,108638
49899162,49899781,619,122825
49899781,49900914,1133,7793
49900914,49902070,1156,144965
49902070,49903329,1259,149735
49903329,49904538,1209,139743
49904538,49905654,1116,126739
49905654,49906966,1312,157066
49906966,49908011,1045,86588
49908011,49909285,1274,130975
49909285,49910296,1011,89940
49910296,49911523,1227,101265
49911523,49911918,395,142824
49911918,49913060,1142,112761
49913060,49914357,1297,1129
49914357,49915452,1095,64713
49915452,49916602,1150,127215
49916602,49917712,1110,136458
49917712,49918889,1177,156973
49918889,49919496,607,47541
49919496,49919700,204,136610
49919700,49920090,390,86710
49920090,49921353,1263,15082
49921353,49922215,862,176660
49922215,49923174,959,73958
49923174,49924344,1170,77361
49924344,49925560,1216,152864
49925560,49926775,1215,154671
49926775,49927938,1163,124526
49927938,49928999,1061,132499
49928999,49930048,1049,175448
49930048,49931105,1057,89898
49931105,49932404,1299,282385
49932404,49933701,1297,81881
49933701,49934704,1003,167597
49934704,49935927,1223,125123
49935927,49937143,1216,276939
49937143,49938304,1161,124003
49938304,49939108,804,129974
49939108,49940416,1308,69422
49940416,49941518,1102,296078
49941518,49942802,1284,55202
49942802,49943022,220,1188
49943022,49944166,1144,47032
49944166,49945416,1250,64738
49945416,49946418,1002,108638
49946418,49947535,1117,152282
49947535,49948077,542,156967
49948077,49949075,998,72311
49949075,49950109,1034,10701
49950109,49950409,300,18533
49950409,49951530,1121,132537
49951530,49952711,1181,139297
49952711,49953841,1130,139612
49953841,49954945,1104,4733
49954945,49956165,1220,68361
49956165,49957413,1248,290901
49957413,49958472,1059,159056
49958472,49959623,1151,163527
49959623,49960793,1170,82020
49960793,49961007,214,128329
49961007,49962008,1001,157475
49962008,49962283,275,280380
49962283,49963404,1121,6506
49963404,49964349,945,135762
49964349,49965646,1297,126312
49965646,49966772,1126,150843
49966772,49967929,1157,47237
49967929,49969212,1283,152864
49969212,49970511,1299,12715
49970511,49971712,1201,284444
49971712,49972727,1015,5704
49972727,49973929,1202,79973
49973929,49975110,1181,138033
49975110,49975485,375,85684
49975485,49976600,1115,102612
49976600,49977549,949,111961
49977549,49978811,1262,110742
49978811,49979509,698,164327
49979509,49980344,835,29092
49980344,49981551,1207,68353
49981551,49982589,1038,10642
49982589,49983572,983,160953
49983572,49984572,1000,101883
49984572,49985823,1251,10327
49985823,49987094,1271,131276
49987094,49988334,1240,244443
49988334,49989512,1178,101580
49989512,49989838,326,132649
49989838,49990971,1133,114469
49990971,49991272,301,130625
49991272,49992486,1214,163607
49992486,49993608,1122,119253
49993608,49994818,1210,175390
49994818,49996107,1289,1733
49996107,49997334,1227,67592
49997334,49998339,1005,129396
49998339,49999586,1247,81859
49999586,50000616,1030,138074
50000616,50001779,1163,110243
50001779,50003009,1230,7622
50003009,50004036,1027,280380
50004036,50005391,1355,12538
50005391,50005740,349,246893
50005740,50006341,601,11079
50006341,50007384,1043,140725
50007384,50007931,547,139612
50007931,50009144,1213,117382
50009144,50010313,1169,56174
50010313,50011144,831,7591
50011144,50012307,1163,68361
50012307,50013248,941,109176
50013248,50014105,857,91072
50014105,50015217,1112,18004
50015217,50016424,1207,144965
50016424,50017614,1190,80656
50017614,50018757,1143,100145
50018757,50019146,389,128677
50019146,50020217,1071,73728
50020217,50020656,439,291384
50020656,50021801,1145,168199
50021801,50023042,1241,121541
50023042,50023851,809,170438
50023851,50025131,1280,296473
50025131,50026174,1043,138631
50026174,50027325,1151,159056
50027325,50028462,1137,53320
50028462,50028798,336,276730
50028798,50030013,1215,105168
50030013,50031082,1069,139308
50031082,50032164,1082,121085
50032164,50033362,1198,132300
50033362,50034669,1307,8689
50034669,50035874,1205,140222
50035874,50037008,1134,123047
50037008,50037610,602,135762
50037610,50038839,1229,130569
50038839,50040134,1295,156720
50040134,50041400,1266,2301
50041400,50042641,1241,84010
50042641,50043766,1125,132707
50043766,50044626,860,73972
50044626,50045825,1199,159371
50045825,50046572,747,291379
50046572,50047035,463,126313
50047035,50048283,1248,1732
50048283,50049478,1195,101289
50049478,50050120,642,135249
50050120,50051330,1210,293963
50051330,50052431,1101,294523
50052431,50053664,1233,8592
50053664,50054947,1283,91801
50054947,50055324,377,262305
50055324,50056295,971,138888
50056295,50057596,1301,4145
50057596,50058637,1041,101883
50058637,50059835,1198,121720
50059835,50060987,1152,82020
50060987,50062231,1244,18524
50062231,50062531,300,53343
50062531,50063761,1230,128329
50063761,50064414,653,132705
50064414,50065465,1051,279775
50065465,50066101,636,6398
50066101,50067239,1138,99156
50067239,50068537,1298,173230
50068537,50069872,1335,27120
50069872,50071032,1160,8140
50071032,50071761,729,232690
50071761,50072610,849,11079
50072610,50072991,381,14674
50072991,50073234,243,171171
50073234,50074492,1258,41610
50074492,50075310,818,1562
50075310,50076227,917,81843
50076227,50077409,1182,40556
50077409,50078554,1145,276907
50078554,50079611,1057,127518
50079611,50080798,1187,126286
50080798,50081952,1154,125941
50081952,50082930,978,157861
50082930,50083874,944,279775
50083874,50085085,1211,156155
50085085,50086154,1069,154671
50086154,50087236,1082,68353
50087236,50088310,1074,137614
50088310,50088842,532,11049
50088842,50089307,465,10160
50089307,50090344,1037,7574
50090344,50090945,601,130627
50090945,50091847,902,699
50091847,50092233,386,131735
50092233,50093351,1118,258986
50093351,50094728,1377,135635
50094728,50095205,477,138042
50095205,50096318,1113,46889
50096318,50096521,203,142311
50096521,50097425,904,46243
50097425,50098738,1313,246932
50098738,50099489,751,32137
50099489,50100761,1272,287660
50100761,50102027,1266,155152
50102027,50103071,1044,6524
50103071,50104217,1146,127694
50104217,50105325,1108,52088
50105325,50105998,673,130871
50105998,50107268,1270,278228
50107268,50108245,977,121891
50108245,50109560,1315,80192
50109560,50110758,1198,91905
50110758,50111846,1088,138113
50111846,50112662,816,155948
50112662,50113627,965,279153
50113627,50114845,1218,124547
50114845,50115927,1082,124990
50115927,50117046,1119,26872
50117046,50118272,1226,138113
50118272,50118599,327,130493
50118599,50119889,1290,64290
50119889,50121117,1228,21393
50121117,50122364,1247,13364
50122364,50123244,880,12715
50123244,50123410,166,135657
50123410,50124659,1249,151776
50124659,50125514,855,271817
50125514,50126667,1153,143485
50126667,50127917,1250,48842
50127917,50129117,1200,30591
50129117,50130438,1321,121730
50130438,50130627,189,3586
50130627,50131599,972,126842
50131599,50132540,941,118128
50132540,50133657,1117,231837
50133657,50134024,367,39910
50134024,50135239,1215,107627
50135239,50136448,1209,148529
50136448,50137422,974,166433
50137422,50138201,779,156474
50138201,50139395,1194,287671
50139395,50140233,838,48579
50140233,50141388,1155,62516
50141388,50142423,1035,162129
50142423,50143458,1035,83706
50143458,50144421,963,81870
50144421,50145009,588,129623
50145009,50146176,1167,132300
50146176,50147312,1136,39475
50147312,50148221,909,6176
50148221,50149361,1140,129514
50149361,50150538,1177,290350
50150538,50151740,1202,258954
50151740,50152925,1185,132777
50152925,50154128,1203,92806
50154128,50155368,1240,109185
50155368,50156543,1175,147990
50156543,50157767,1224,135220
50157767,50158729,962,2777
50158729,50159285,556,135894
50159285,50160503,1218,216564
50160503,50161689,1186,131732
50161689,50162675,986,137627
50162675,50163956,1281,29101
50163956,50165017,1061,87997
50165017,50166028,1011,176680
50166028,50167231,1203,55927
50167231,50167521,290,73958
50167521,50168799,1278,44576
50168799,50169693,894,246904
50169693,50170977,1284,133220
50170977,50172324,1347,177638
50172324,50173621,1297,275885
50173621,50174640,1019,41172
50174640,50175327,687,128660
50175327,50175543,216,114452
50175543,50176702,1159,1539
50176702,50177781,1079,10344
50177781,50178981,1200,162129
50178981,50180102,1121,137614
50180102,50181336,1234,59268
50181336,50181604,268,723
50181604,50182884,1280,88489
50182884,50183972,1088,29091
50183972,50184543,571,60801
50184543,50185515,972,77778
50185515,50186644,1129,130544
50186644,50187100,456,56574
50187100,50188315,1215,122789
50188315,50189464,1149,34479
50189464,50190462,998,163518
50190462,50191668,1206,73712
50191668,50192432,764,365
50192432,50193363,931,245691
50193363,50194268,905,140725
50194268,50195233,965,274374
50195233,50196348,1115,141721
50196348,50197499,1151,37090
50197499,50198679,1180,293663
50198679,50199492,813,233366
50199492,50200740,1248,167022
50200740,50201772,1032,246932
50201772,50202805,1033,133220
50202805,50204060,1255,130489
50204060,50205262,1202,216570
50205262,50206361,1099,5911
50206361,50207586,1225,285896
50207586,50208602,1016,13250
50208602,50209575,973,130516
50209575,50210670,1095,233366
50210670,50211601,931,127731
50211601,50212840,1239,2327
50212840,50213789,949,183988
50213789,50214958,1169,1733
50214958,50216226,1268,114469
50216226,50217338,1112,138548
50217338,50218567,1229,92930
50218567,50219350,783,157236
50219350,50220218,868,104394
50220218,50221424,1206,81859
50221424,50222677,1253,861
50222677,50223309,632,87508
50223309,50224593,1284,186230
50224593,50225597,1004,163607
50225597,50226664,1067,29091
50226664,50227675,1011,59167
50227675,50228630,955,282385
50228630,50229730,1100,98644
50229730,50229916,186,135894
50229916,50230411,495,160188
50230411,50230802,391,126208
50230802,50231902,1100,73848
50231902,50233082,1180,56222
50233082,50234386,1304,104491
50234386,50235465,1079,71550
50235465,50236629,1164,139336
50236629,50237750,1121,143022
50237750,50238920,1170,283138
50238920,50240153,1233,296465
50240153,50240512,359,121064
50240512,50241672,1160,52088
50241672,50242383,711,170438
50242383,50243142,759,269254
50243142,50244212,1070,143893
50244212,50244938,726,254949
50244938,50245848,910,134804
50245848,50246260,412,144021
50246260,50246698,438,398
50246698,50247801,1103,104886
50247801,50248736,935,121896
50248736,50250051,1315,69550
50250051,50251130,1079,291107
50251130,50252094,964,48579
50252094,50253222,1128,53342
50253222,50254391,1169,244431
50254391,50254746,355,117382
50254746,50255971,1225,61317
50255971,50257210,1239,187466
50257210,50258199,989,89894
50258199,50259244,1045,101258
50259244,50260075,831,104394
50260075,50261336,1261,142824
50261336,50262589,1253,155968
50262589,50263295,706,232691
50263295,50264382,1087,280380
50264382,50265327,945,131890
50265327,50265524,197,171134
50265524,50266726,1202,134816
50266726,50267830,1104,43296
50267830,50268253,423,76043
50268253,50269031,778,123033
50269031,50270002,971,171138
50270002,50271261,1259,171109
50271261,50272386,1125,26496
50272386,50273568,1182,291107
50273568,50274870,1302,1562
50274870,50276089,1219,134657
50276089,50277235,1146,138888
50277235,50278298,1063,122451
50278298,50279409,1111,156224
50279409,50280664,1255,134149
50280664,50281716,1052,76973
50281716,50282972,1256,141571
50282972,50284244,1272,88748
50284244,50285451,1207,142363
50285451,50286599,1148,91902
50286599,50287383,784,132650
50287383,50288513,1130,119637
50288513,50289702,1189,139297
50289702,50290845,1143,47030
50290845,50291782,937,232057
50291782,50292887,1105,58845
50292887,50294003,1116,82904
50294003,50294877,874,170982
50294877,50296014,1137,6398
50296014,50297204,1190,157861
50297204,50298268,1064,139356
50298268,50299455,1187,121064
50299455,50300144,689,143948
50300144,50300987,843,57831
50300987,50302152,1165,39970
50302152,50303445,1293,155968
50303445,50304009,564,19366
50304009,50304405,396,14674
50304405,50305589,1184,50777
50305589,50306723,1134,160984
50306723,50307575,852,134707
50307575,50308584,1009,13270
50308584,50309803,1219,39970
50309803,50310990,1187,144503
50310990,50312289,1299,16802
50312289,50312962,673,108638
50312962,50313769,807,121734
50313769,50315004,1235,68192
50315004,50316039,1035,132800
50316039,50317312,1273,14274
50317312,50318615,1303,130993
50318615,50319879,1264,6506
50319879,50321055,1176,125127
50321055,50322209,1154,129581
50322209,50323327,1118,141571
50323327,50324455,1128,92930
50324455,50325730,1275,56837
50325730,50326973,1243,168204
50326973,50328185,1212,126539
50328185,50329110,925,84121
50329110,50330429,1319,58012
50330429,50331587,1158,155972
50331587,50332226,639,65772
50332226,50333264,1038,1539
50333264,50334434,1170,127732
50334434,50335623,1189,208
50335623,50336077,454,129388
50336077,50336889,812,37999
50336889,50337998,1109,130504
50337998,50339248,1250,291168
50339248,50340235,987,87547
50340235,50341159,924,285135
50341159,50342422,1263,92420
50342422,50342638,216,19208
50342638,50343517,879,64300
50343517,50344738,1221,44937
50344738,50346055,1317,87547
50346055,50347025,970,233366
50347025,50348268,1243,142744
50348268,50349551,1283,122626
50349551,50349938,387,61776
50349938,50350762,824,281188
50350762,50351815,1053,3966
50351815,50352075,260,275212
50352075,50353252,1177,57180
50353252,50354353,1101,4691
50354353,50355462,1109,74798
50355462,50356477,1015,58845
50356477,50357519,1042,125127
50357519,50358861,1342,127691
50358861,50360046,1185,130989
50360046,50361307,1261,58868
50361307,50362482,1175,122827
50362482,50363130,648,76574
50363130,50364393,1263,141320
50364393,50364825,432,109507
50364825,50365543,718,39661
50365543,50366338,795,41170
50366338,50367648,1310,129440
50367648,50368823,1175,124547
50368823,50369042,219,117382
50369042,50370276,1234,104978
50370276,50371425,1149,161972
50371425,50372660,1235,5097
50372660,50373849,1189,129324
50373849,50374944,1095,121674
50374944,50376208,1264,68188
50376208,50377389,1181,44937
50377389,50378561,1172,175448
50378561,50379896,1335,169293
50379896,50381145,1249,90852
50381145,50382280,1135,9010
50382280,50382649,369,121331
50382649,50383758,1109,39475
50383758,50384093,335,300225
50384093,50385357,1264,123443
50385357,50386607,1250,130093
50386607,50387814,1207,149881
50387814,50388943,1129,130625
50388943,50390222,1279,134420
50390222,50391375,1153,57831
50391375,50392639,1264,291101
50392639,50393966,1327,39967
50393966,50394522,556,26853
50394522,50395263,741,102239
50395263,50396293,1030,75810
50396293,50397494,1201,48842
50397494,50398772,1278,65820
50398772,50399842,1070,276908
50399842,50400903,1061,127579
50400903,50402057,1154,143484
50402057,50403235,1178,136458
50403235,50404301,1066,140221
50404301,50404515,214,168198
50404515,50405658,1143,143895
50405658,50406876,1218,58778
50406876,50408072,1196,97610
50408072,50409279,1207,14497
50409279,50409835,556,40571
50409835,50411112,1277,92934
50411112,50412343,1231,1129
50412343,50413328,985,110238
50413328,50414573,1245,2536
50414573,50415825,1252,134425
50415825,50416983,1158,216563
50416983,50418210,1227,17615
50418210,50419362,1152,52088
50419362,50420614,1252,4136
50420614,50421903,1289,132800
50421903,50422142,239,135762
50422142,50423115,973,85635
50423115,50423904,789,165387
50423904,50425037,1133,123013
50425037,50426290,1253,128991
50426290,50426655,365,147967
50426655,50427910,1255,137614
50427910,50428533,623,122443
50428533,50429709,1176,112593
50429709,50430941,1232,104890
50430941,50432128,1187,68359
50432128,50432946,818,121799
50432946,50433938,992,132530
50433938,50435223,1285,122451
50435223,50436402,1179,279233
50436402,50437646,1244,296465
50437646,50438145,499,95969
50438145,50439363,1218,274558
50439363,50440384,1021,291107
50440384,50441494,1110,63713
50441494,50442701,1207,133442
50442701,50443041,340,16802
50443041,50444216,1175,102381
50444216,50445487,1271,185488
50445487,50446594,1107,43305
50446594,50447835,1241,138033
50447835,50448869,1034,88086
50448869,50449081,212,142824
50449081,50450386,1305,104394
50450386,50451549,1163,106367
50451549,50452884,1335,11612
50452884,50453904,1020,274378
50453904,50455209,1305,127518
50455209,50456196,987,140639
50456196,50457261,1065,3967
50457261,50458529,1268,129440
50458529,50459697,1168,143477
50459697,50460777,1080,62516
50460777,50461025,248,110526
50461025,50462144,1119,102526
50462144,50463312,1168,291608
50463312,50464501,1189,274549
50464501,50464848,347,176263
50464848,50465842,994,161714
50465842,50465981,139,129623
50465981,50467169,1188,147173
50467169,50468177,1008,121415
50468177,50469213,1036,157066
50469213,50470237,1024,134792
50470237,50471079,842,29090
50471079,50472298,1219,132850
50472298,50473392,1094,138548
50473392,50474376,984,126832
50474376,50475609,1233,125128
50475609,50476512,903,161707
50476512,50477191,679,18004
50477191,50478448,1257,135220
50478448,50479505,1057,47238
50479505,50480554,1049,231837
50480554,50481760,1206,133279
50481760,50482736,976,152842
50482736,50484059,1323,64974
50484059,50485160,1101,231834
50485160,50485774,614,128677
50485774,50486804,1030,58869
50486804,50488122,1318,164927
50488122,50489247,1125,130164
50489247,50490396,1149,58778
50490396,50491576,1180,14672
50491576,50492747,1171,92814
50492747,50493506,759,164187
50493506,50494671,1165,118119
50494671,50494837,166,122545
50494837,50495932,1095,107247
50495932,50497192,1260,155520
50497192,50498281,1089,287359
50498281,50499493,1212,166433
50499493,50500370,877,15082
50500370,50501355,985,276939
50501355,50502656,1301,5341
50502656,50503627,971,149939
50503627,50504790,1163,141721
50504790,50505841,1051,59175
50505841,50506922,1081,144999
50506922,50508188,1266,281131
50508188,50509275,1087,69607
50509275,50510497,1222,92002
50510497,50510970,473,129659
50510970,50511782,812,7887
50511782,50513034,1252,4654
50513034,50513230,196,39481
50513230,50514471,1241,65772
50514471,50515109,638,61758
50515109,50516074,965,139717
50516074,50517373,1299,146197
50517373,50518506,1133,40571
50518506,50519091,585,232057
50519091,50520360,1269,122809
50520360,50521544,1184,18527
50521544,50522646,1102,28465
50522646,50523909,1263,72200
50523909,50525115,1206,130529
50525115,50526158,1043,127597
50526158,50527312,1154,156718
50527312,50527803,491,7887
50527803,50528881,1078,83616
50528881,50530072,1191,176263
50530072,50530829,757,95963
50530829,50532132,1303,137154
50532132,50533366,1234,176270
50533366,50534603,1237,1129
50534603,50535874,1271,10702
50535874,50536938,1064,137628
50536938,50537961,1023,208
50537961,50539063,1102,64300
50539063,50540179,1116,73958
50540179,50541445,1266,10172
50541445,50542633,1188,185488
50542633,50543931,1298,176278
50543931,50544894,963,129393
50544894,50545870,976,114468
50545870,50547148,1278,132530
50547148,50547465,317,53343
50547465,50548512,1047,150915
50548512,50549409,897,136458
50549409,50550609,1200,135580
50550609,50550800,191,122626
50550800,50551746,946,125941
50551746,50552163,417,55088
50552163,50553310,1147,174511
50553310,50554448,1138,96151
50554448,50555671,1223,140718
50555671,50556137,466,141208
50556137,50557118,981,134657
50557118,50558333,1215,158074
50558333,50558666,333,157057
50558666,50559882,1216,36633
50559882,50560990,1108,156718
50560990,50561911,921,89880
50561911,50562958,1047,157480
50562958,50564161,1203,142733
50564161,50565325,1164,184266
50565325,50566260,935,171137
50566260,50567290,1030,126302
50567290,50568359,1069,135580
50568359,50569170,811,107486
50569170,50570338,1168,38660
50570338,50571492,1154,293531
50571492,50571732,240,127732
50571732,50572903,1171,6506
50572903,50573908,1005,72876
50573908,50574916,1008,139297
50574916,50576261,1345,109663
50576261,50577051,790,15081
50577051,50577881,830,126220
50577881,50578759,878,7591
50578759,50579462,703,157066
50579462,50580140,678,245708
50580140,50581297,1157,294697
50581297,50581520,223,61743
50581520,50581834,314,66347
50581834,50583091,1257,100431
50583091,50584365,1274,363
50584365,50585250,885,283462
50585250,50586444,1194,48579
50586444,50587700,1256,89940
50587700,50588938,1238,127518
50588938,50590027,1089,147110
50590027,50591074,1047,119637
50591074,50592179,1105,127525
50592179,50593348,1169,126737
50593348,50593669,321,11612
50593669,50594788,1119,149881
50594788,50596049,1261,131218
50596049,50597261,1212,157243
50597261,50598543,1282,10674
50598543,50599059,516,187464
50599059,50600320,1261,96175
50600320,50601366,1046,125147
50601366,50602303,937,88489
50602303,50603544,1241,92930
50603544,50604097,553,14672
50604097,50605315,1218,92814
50605315,50606035,720,131226
50606035,50607144,1109,92420
50607144,50608394,1250,99249
50608394,50609367,973,10701
50609367,50610552,1185,5097
50610552,50611450,898,97593
50611450,50612555,1105,76055
50612555,50612964,409,133471
50612964,50614017,1053,71531
50614017,50615184,1167,160949
50615184,50616479,1295,127691
50616479,50617638,1159,123191
50617638,50618663,1025,115686
50618663,50619944,1281,65803
50619944,50621101,1157,125118
50621101,50621525,424,12731
50621525,50622513,988,134170
50622513,50623716,1203,121658
50623716,50624995,1279,135580
50624995,50625329,334,172165
50625329,50626566,1237,279229
50626566,50627823,1257,290349
50627823,50629149,1326,294700
50629149,50630406,1257,296473
50630406,50631531,1125,80192
50631531,50632658,1127,64956
50632658,50633718,1060,106611
50633718,50634861,1143,114452
50634861,50636108,1247,137618
50636108,50636695,587,132644
50636695,50637864,1169,10160
50637864,50638893,1029,92202
50638893,50640009,1116,117382
50640009,50641148,1139,107486
50641148,50641358,210,131899
50641358,50641851,493,69607
50641851,50642833,982,67584
50642833,50643846,1013,13364
50643846,50645070,1224,11258
50645070,50646293,1223,80197
50646293,50647550,1257,10642
50647550,50648831,1281,121658
50648831,50650109,1278,64588
50650109,50651348,1239,14497
50651348,50651632,284,142848
50651632,50652911,1279,56174
50652911,50654139,1228,68353
50654139,50654395,256,131735
50654395,50655309,914,129396
50655309,50655690,381,168626
50655690,50656699,1009,24731
50656699,50657540,841,164927
50657540,50658804,1264,293663
50658804,50659472,668,132601
50659472,50660434,962,157243
50660434,50661644,1210,143005
50661644,50662957,1313,124994
50662957,50663560,603,162239
50663560,50664601,1041,138047
50664601,50665171,570,122655
50665171,50666375,1204,5912
50666375,50667535,1160,1562
50667535,50668602,1067,30105
50668602,50669853,1251,285173
50669853,50670783,930,148920
50670783,50672010,1227,128309
50672010,50673215,1205,128310
50673215,50673783,568,83616
50673783,50674158,375,75807
50674158,50674736,578,135891
50674736,50675954,1218,53342
50675954,50676139,185,106969
50676139,50677375,1236,138866
50677375,50678522,1147,140639
50678522,50679677,1155,57156
50679677,50680908,1231,10160
50680908,50681885,977,168062
50681885,50682770,885,41911
50682770,50683562,792,130560
50683562,50684674,1112,294700
50684674,50685895,1221,89735
50685895,50687002,1107,129066
50687002,50688173,1171,124164
50688173,50689170,997,293663
50689170,50690325,1155,234106
50690325,50691343,1018,282934
50691343,50692150,807,93277
50692150,50693032,882,138289
50693032,50694228,1196,102240
50694228,50695323,1095,75791
50695323,50696174,851,98644
50696174,50697476,1302,129443
50697476,50698722,1246,27120
50698722,50699764,1042,95959
50699764,50700214,450,163402
50700214,50701308,1094,158081
50701308,50702590,1282,129582
50702590,50703890,1300,101580
50703890,50705003,1113,46889
50705003,50706097,1094,126408
50706097,50707387,1290,144986
50707387,50707578,191,164100
50707578,50708541,963,141268
50708541,50709785,1244,100045
50709785,50710845,1060,233382
50710845,50712036,1191,165428
50712036,50712968,932,123172
50712968,50714099,1131,280250
50714099,50715393,1294,131228
50715393,50716481,1088,142320
50716481,50717555,1074,295446
50717555,50718723,1168,131040
50718723,50719859,1136,15304
50719859,50720456,597,141208
50720456,50721745,1289,121730
50721745,50722685,940,126737
50722685,50723814,1129,142824
50723814,50724341,527,160593
50724341,50725552,1211,88086
50725552,50726887,1335,161100
50726887,50727862,975,105168
50727862,50729211,1349,216564
50729211,50729689,478,293959
50729689,50729973,284,123190
50729973,50731124,1151,304535
50731124,50732241,1117,137588
50732241,50733399,1158,161100
50733399,50733823,424,39476
50733823,50735063,1240,59167
50735063,50735806,743,84357
50735806,50737062,1256,233382
50737062,50738024,962,138656
50738024,50738532,508,142311
50738532,50739320,788,123506
50739320,50740201,881,117095
50740201,50741383,1182,163597
50741383,50742247,864,110243
50742247,50743387,1140,130226
50743387,50744604,1217,131004
50744604,50745833,1229,39971
50745833,50747063,1230,29101
50747063,50748155,1092,158816
50748155,50749088,933,64292
50749088,50750164,1076,95969
50750164,50751436,1272,131704
50751436,50752297,861,157263
50752297,50753496,1199,279363
50753496,50754724,1228,126945
50754724,50755938,1214,129440
50755938,50756332,394,67584
50756332,50757562,1230,140071
50757562,50758721,1159,39761
50758721,50759828,1107,18533
50759828,50760782,954,141571
50760782,50762031,1249,163606
50762031,50763235,1204,294551
50763235,50763848,613,366
50763848,50764929,1081,142320
50764929,50766113,1184,115046
50766113,50767221,1108,130871
50767221,50767673,452,44912
50767673,50768372,699,152825
50768372,50769554,1182,142311
50769554,50770381,827,6556
50770381,50771613,1232,128331
50771613,50772535,922,56175
50772535,50773743,1208,143895
50773743,50774990,1247,274558
50774990,50775236,246,111754
50775236,50776130,894,127525
50776130,50776481,351,13247
50776481,50777716,1235,132707
50777716,50778866,1150,59175
50778866,50779567,701,287671
50779567,50780777,1210,13269
50780777,50781944,1167,105179
50781944,50783125,1181,86679
50783125,50784394,1269,291608
50784394,50785559,1165,187466
50785559,50786783,1224,176263
50786783,50787926,1143,126577
50787926,50789229,1303,67592
50789229,50790426,1197,134728
50790426,50791709,1283,65803
50791709,50792774,1065,77782
50792774,50793974,1200,8912
50793974,50795182,1208,63095
50795182,50795799,617,92002
50795799,50797020,1221,139355
50797020,50798231,1211,84122
50798231,50799180,949,122544
50799180,50799898,718,122451
50799898,50801081,1183,276939
50801081,50802081,1000,9203
50802081,50803042,961,24514
50803042,50803836,794,84122
50803836,50805107,1271,62516
50805107,50805870,763,129659
50805870,50806937,1067,86588
50806937,50808184,1247,114468
50808184,50808955,771,275885
50808955,50810213,1258,29012
50810213,50811345,1132,122627
50811345,50812610,1265,129623
50812610,50813788,1178,39840
50813788,50814907,1119,74797
50814907,50816112,1205,298549
50816112,50817042,930,276908
50817042,50818081,1039,64717
50818081,50818906,825,39970
50818906,50819981,1075,142320
50819981,50821062,1081,184264
50821062,50822384,1322,135580
50822384,50823579,1195,279239
50823579,50824710,1131,145088
50824710,50825132,422,14960
50825132,50826413,1281,70837
50826413,50827599,1186,135897
50827599,50828840,1241,14929
50828840,50829848,1008,138042
50829848,50830998,1150,108621
50830998,50832235,1237,278289
50832235,50833477,1242,89882
50833477,50834758,1281,122451
50834758,50836023,1265,101832
50836023,50836435,412,63713
50836435,50837698,1263,254918
50837698,50838885,1187,14274
50838885,50840040,1155,124547
50840040,50841202,1162,139742
50841202,50841803,601,104394
50841803,50842988,1185,24515
50842988,50844063,1075,696
50844063,50844887,824,75791
50844887,50845167,280,142858
50845167,50846402,1235,12118
50846402,50847529,1127,8140
50847529,50848680,1151,11546
50848680,50849852,1172,139200
50849852,50850314,462,61323
50850314,50851573,1259,73848
50851573,50852798,1225,295761
50852798,50853914,1116,157242
50853914,50854951,1037,129994
50854951,50856129,1178,131735
50856129,50857329,1200,76046
50857329,50858579,1250,19361
50858579,50859792,1213,135580
50859792,50860084,292,140718
50860084,50861339,1255,11077
50861339,50862549,1210,86026
50862549,50863746,1197,5341
50863746,50864904,1158,134425
50864904,50866136,1232,129805
50866136,50867178,1042,66622
50867178,50868409,1231,129587
50868409,50868656,247,129388
50868656,50869816,1160,60801
50869816,50871013,1197,81870
50871013,50872014,1001,39661
50872014,50872523,509,105168
50872523,50873618,1095,133471
50873618,50874048,430,36641
50874048,50874234,186,76046
50874234,50875442,1208,34497
50875442,50876619,1177,122827
50876619,50877889,1270,39660
50877889,50878601,712,73848
50878601,50879643,1042,8141
50879643,50880261,618,131887
50880261,50880872,611,131882
50880872,50881956,1084,121079
50881956,50882816,860,178030
50882816,50884055,1239,124224
50884055,50885399,1344,157636
50885399,50885896,497,77173
50885896,50887117,1221,254949
50887117,50888250,1133,126928
50888250,50888674,424,150915
50888674,50889789,1115,134674
50889789,50891039,1250,62850
50891039,50892396,1357,15305
50892396,50893615,1219,136983
50893615,50894447,832,139291
50894447,50895625,1178,104637
50895625,50896182,557,122544
50896182,50897312,1130,133273
50897312,50898362,1050,121148
50898362,50899400,1038,122876
50899400,50900468,1068,281188
50900468,50901551,1083,138043
50901551,50901740,189,9010
50901740,50903035,1295,83708
50903035,50904306,1271,48842
50904306,50905554,1248,126286
50905554,50906735,1181,16003
50906735,50907491,756,13364
50907491,50907960,469,144135
50907960,50909048,1088,294523
50909048,50910027,979,87791
50910027,50911172,1145,139361
50911172,50912353,1181,78193
50912353,50913573,1220,175962
50913573,50914694,1121,64290
50914694,50915633,939,398
50915633,50916586,953,138290
50916586,50917673,1087,115687
50917673,50918873,1200,185485
50918873,50919080,207,160188
50919080,50920230,1150,9203
50920230,50921398,1168,104483
50921398,50922517,1119,131735
50922517,50922771,254,138548
50922771,50923953,1182,110128
50923953,50924826,873,114476
50924826,50925629,803,134728
50925629,50926659,1030,135762
50926659,50927889,1230,124990
50927889,50928978,1089,88349
50928978,50929645,667,157066
50929645,50930826,1181,76973
50930826,50931955,1129,136271
50931955,50932984,1029,147110
50932984,50934157,1173,131899
50934157,50935159,1002,715
50935159,50936338,1179,121064
50936338,50937653,1315,71320
50937653,50938846,1193,139035
50938846,50939731,885,121543
50939731,50940862,1131,132272
50940862,50942127,1265,169291
50942127,50942978,851,102612
50942978,50943986,1008,9210
50943986,50945017,1031,3586
50945017,50946058,1041,296467
50946058,50947229,1171,5757
50947229,50948483,1254,39971
50948483,50949663,1180,105167
50949663,50950125,462,181961
50950125,50951083,958,122825
50951083,50952345,1262,126959
50952345,50953358,1013,111574
50953358,50953944,586,199
50953944,50955243,1299,143477
50955243,50956376,1133,6174
50956376,50957498,1122,107487
50957498,50958732,1234,58778
50958732,50959639,907,365
50959639,50960782,1143,162238
50960782,50961664,882,5341
50961664,50962957,1293,139290
50962957,50963220,263,216570
50963220,50964527,1307,140071
50964527,50965369,842,245708
50965369,50966559,1190,23281
50966559,50967666,1107,92812
50967666,50968645,979,76974
50968645,50969730,1085,102381
50969730,50970311,581,121730
50970311,50971251,940,142279
50971251,50972511,1260,4733
50972511,50973714,1203,137608
50973714,50975056,1342,138113
50975056,50975620,564,135832
50975620,50976799,1179,139742
50976799,50977786,987,39913
50977786,50979003,1217,155944
50979003,50979478,475,86710
50979478,50980737,1259,156230
50980737,50981823,1086,88363
50981823,50982746,923,137739
50982746,50983835,1089,130227
50983835,50984892,1057,135657
50984892,50985972,1080,5912
50985972,50987077,1105,274549
50987077,50987279,202,134465
50987279,50988202,923,125951
50988202,50989376,1174,9321
50989376,50990583,1207,109179
50990583,50991612,1029,102240
50991612,50992716,1104,296468
50992716,50993836,1120,258266
50993836,50994981,1145,64974
50994981,50996236,1255,157243
50996236,50997205,969,139387
50997205,50998336,1131,44937
50998336,50998988,652,125123
50998988,51000103,1115,52088
51000103,51001353,1250,290349
51001353,51002434,1081,288043
51002434,51002803,369,252341
51002803,51003770,967,155968
51003770,51004733,963,139355
51004733,51005846,1113,143262
51005846,51006980,1134,163507
51006980,51008224,1244,75242
51008224,51009142,918,128636
51009142,51009980,838,109662
51009980,51011274,1294,282934
51011274,51012076,802,92427
51012076,51012874,798,141208
51012874,51013558,684,6556
51013558,51014299,741,105390
51014299,51014817,518,124002
51014817,51016052,1235,15307
51016052,51017257,1205,67851
51017257,51018354,1097,184266
51018354,51019255,901,140718
51019255,51020514,1259,10822
51020514,51021347,833,58869
51021347,51022371,1024,101580
51022371,51023640,1269,4687
51023640,51024859,1219,19585
51024859,51025672,813,19376
51025672,51026913,1241,121127
51026913,51028149,1236,176683
51028149,51029207,1058,131256
51029207,51029511,304,131735
51029511,51030523,1012,39970
51030523,51031716,1193,96241
51031716,51033001,1285,105383
51033001,51034272,1271,48842
51034272,51035325,1053,148920
51035325,51035652,327,86710
51035652,51036205,553,133290
51036205,51037155,950,156224
51037155,51038290,1135,132821
51038290,51039316,1026,39761
51039316,51040291,975,141571
51040291,51041300,1009,121148
51041300,51041745,445,126932
51041745,51042921,1176,121079
51042921,51044159,1238,262291
51044159,51045270,1111,300047
51045270,51046351,1081,296159
51046351,51047374,1023,139730
51047374,51048481,1107,254949
51048481,51049685,1204,126312
51049685,51049958,273,129393
51049958,51051128,1170,13250
51051128,51051905,777,34572
51051905,51052928,1023,161100
51052928,51053956,1028,65554
51053956,51055076,1120,155944
51055076,51056283,1207,122825
51056283,51057470,1187,37090
51057470,51058451,981,26895
51058451,51059682,1231,126313
51059682,51060931,1249,70998
51060931,51061731,800,175962
51061731,51063005,1274,63713
51063005,51063546,541,216563
51063546,51064674,1128,302111
51064674,51065790,1116,86710
51065790,51066845,1055,176698
51066845,51067855,1010,82020
51067855,51068221,366,138901
51068221,51068461,240,149738
51068461,51069736,1275,88483
51069736,51070891,1155,184447
51070891,51071488,597,126957
51071488,51072719,1231,47030
51072719,51073346,627,160953
51073346,51073753,407,274376
51073753,51074808,1055,1189
51074808,51075981,1173,11258
51075981,51076802,821,32637
51076802,51077603,801,132848
51077603,51078530,927,112057
51078530,51079788,1258,44586
51079788,51080970,1182,134451
51080970,51081811,841,101892
51081811,51083096,1285,90852
51083096,51084322,1226,147159
51084322,51085597,1275,123192
51085597,51086115,518,258283
51086115,51087312,1197,123507
51087312,51088314,1002,44586
51088314,51089533,1219,68344
51089533,51090748,1215,279775
51090748,51091974,1226,109173
51091974,51093053,1079,279363
51093053,51094123,1070,291107
51094123,51094680,557,132707
51094680,51095820,1140,80690
51095820,51096932,1112,185125
51096932,51097160,228,124164
51097160,51098409,1249,8912
51098409,51099666,1257,152282
51099666,51100865,1199,149236
51100865,51102009,1144,150715
51102009,51103196,1187,69607
51103196,51104422,1226,88349
51104422,51105657,1235,352
51105657,51106387,730,126232
51106387,51107490,1103,83696
51107490,51108792,1302,184265
51108792,51109782,990,157242
51109782,51111109,1327,149033
51111109,51112396,1287,64956
51112396,51112761,365,135891
51112761,51113562,801,102381
51113562,51114536,974,127704
51114536,51115623,1087,47237
51115623,51116565,942,146111
51116565,51117786,1221,302000
51117786,51118939,1153,124224
51118939,51120022,1083,5911
51120022,51121037,1015,130553
51121037,51121426,389,121064
51121426,51122518,1092,5911
51122518,51123542,1024,26950
51123542,51124374,832,106969
51124374,51124793,419,121528
51124793,51126117,1324,38026
51126117,51127302,1185,129064
51127302,51127562,260,52087
51127562,51128728,1166,296395
51128728,51129523,795,129808
51129523,51130818,1295,167022
51130818,51131641,823,130569
51131641,51132838,1197,72927
51132838,51133936,1098,220980
51133936,51135172,1236,6171
51135172,51136370,1198,136483
51136370,51137368,998,124224
51137368,51138514,1146,53342
51138514,51138998,484,134170
51138998,51139359,361,291458
51139359,51139701,342,287837
51139701,51140925,1224,36386
51140925,51142012,1087,157857
51142012,51143004,992,187464
51143004,51143802,798,6557
51143802,51144223,421,26894
51144223,51145338,1115,168626
51145338,51145540,202,131113
51145540,51146749,1209,121127
51146749,51147748,999,129752
51147748,51148974,1226,130560
51148974,51149327,353,129393
51149327,51150290,963,102381
51150290,51151537,1247,108005
51151537,51152746,1209,134312
51152746,51153985,1239,220951
51153985,51155084,1099,126739
51155084,51156417,1333,147971
51156417,51157020,603,47030
51157020,51158125,1105,224746
51158125,51159144,1019,162130
51159144,51160021,877,30591
51160021,51160478,457,137154
51160478,51161185,707,134717
51161185,51162466,1281,14274
51162466,51163728,1262,126961
51163728,51164779,1051,2301
51164779,51165908,1129,12715
51165908,51167088,1180,1539
51167088,51168269,1181,163612
51168269,51168688,419,141791
51168688,51170053,1365,113336
51170053,51171001,948,131113
51171001,51172235,1234,83696
51172235,51173548,1313,46240
51173548,51174185,637,24731
51174185,51174810,625,83607
51174810,51175959,1149,130977
51175959,51176875,916,127694
51176875,51178023,1148,65820
51178023,51179146,1123,41610
51179146,51179879,733,93277
51179879,51181090,1211,137588
51181090,51182276,1186,163527
51182276,51183531,1255,163606
51183531,51184739,1208,84448
51184739,51185834,1095,138042
51185834,51186988,1154,157236
51186988,51188076,1088,126232
51188076,51189245,1169,4445
51189245,51190364,1119,167024
51190364,51191394,1030,110131
51191394,51191803,409,291609
51191803,51192873,1070,287358
51192873,51193812,939,187005
51193812,51194478,666,41919
51194478,51195305,827,102240
51195305,51196196,891,36386
51196196,51197511,1315,395
51197511,51197792,281,285173
51197792,51198702,910,114469
51198702,51199313,611,27504
51199313,51200544,1231,281188
51200544,51201183,639,6556
51201183,51201691,508,57179
51201691,51202555,864,40556
51202555,51203817,1262,282926
51203817,51205006,1189,176682
51205006,51206196,1190,131751
51206196,51206759,563,128632
51206759,51207440,681,32637
51207440,51208625,1185,88007
51208625,51209838,1213,58776
51209838,51211005,1167,284445
51211005,51211978,973,164927
51211978,51212685,707,26853
51212685,51213798,1113,13270
51213798,51215139,1341,177641
51215139,51216469,1330,142745
51216469,51217595,1126,88007
51217595,51218878,1283,149735
51218878,51220191,1313,165428
51220191,51220439,248,173230
51220439,51220840,401,58090
51220840,51221757,917,12898
51221757,51222921,1164,120282
51222921,51223138,217,106366
51223138,51223946,808,40556
51223946,51224818,872,121064
51224818,51225743,925,170440
51225743,51227000,1257,130516
51227000,51228140,1140,135657
51228140,51228917,777,14936
51228917,51230044,1127,135826
51230044,51231203,1159,141571
51231203,51232391,1188,41172
51232391,51233549,1158,114256
51233549,51234724,1175,138115
51234724,51236054,1330,80690
51236054,51237303,1249,39501
51237303,51238375,1072,39481
51238375,51239501,1126,163935
51239501,51240751,1250,224746
51240751,51241747,996,127579
51241747,51242958,1211,31629
51242958,51243949,991,862
51243949,51244819,870,124003
51244819,51245882,1063,73296
51245882,51246626,744,129443
51246626,51247903,1277,147968
51247903,51248565,662,166683
51248565,51249777,1212,31097
51249777,51251111,1334,278289
51251111,51252199,1088,87547
51252199,51253207,1008,144135
51253207,51254432,1225,90852
51254432,51255566,1134,142279
51255566,51256719,1153,130529
51256719,51257961,1242,104986
51257961,51259042,1081,176680
51259042,51260069,1027,115686
51260069,51261225,1156,87508
51261225,51262295,1070,142750
51262295,51263358,1063,76574
51263358,51264494,1136,39970
51264494,51264730,236,143893
51264730,51265835,1105,141208
51265835,51267033,1198,121068
51267033,51268278,1245,75810
51268278,51269271,993,121543
51269271,51270449,1178,150469
51270449,51271386,937,110526
51271386,51272453,1067,72927
51272453,51273534,1081,26947
51273534,51274720,1186,36146
51274720,51275993,1273,64956
51275993,51277314,1321,14274
51277314,51278516,1202,271811
51278516,51279609,1093,138047
51279609,51280877,1268,276907
51280877,51282130,1253,139035
51282130,51283335,1205,5083
51283335,51283567,232,20410
51283567,51284696,1129,156224
51284696,51285341,645,130105
51285341,51286571,1230,68344
51286571,51287630,1059,142733
51287630,51288862,1232,139307
51288862,51289940,1078,151776
51289940,51291130,1190,125883
51291130,51292196,1066,156224
51292196,51292653,457,128633
51292653,51293682,1029,163726
51293682,51294925,1243,92200
51294925,51296003,1078,135654
51296003,51296572,569,129440
51296572,51297784,1212,293957
51297784,51298451,667,154838
51298451,51299553,1102,11512
51299553,51299932,379,132891
51299932,51301293,1361,277898
51301293,51302453,1160,86026
51302453,51303061,608,104717
51303061,51304150,1089,82458
51304150,51305162,1012,86708
51305162,51306289,1127,170952
51306289,51307516,1227,159230
51307516,51308733,1217,134785
51308733,51309556,823,10347
51309556,51310696,1140,5704
51310696,51311995,1299,129393
51311995,51313088,1093,130544
51313088,51314225,1137,11528
51314225,51315302,1077,30591
51315302,51316525,1223,103481
51316525,51316756,231,149890
51316756,51317414,658,157636
51317414,51318628,1214,92805
51318628,51319437,809,142311
51319437,51320499,1062,87997
51320499,51321637,1138,147627
51321637,51322459,822,171139
51322459,51323521,1062,105398
51323521,51324304,783,137614
51324304,51325316,1012,143948
51325316,51326357,1041,46890
51326357,51327529,1172,8592
51327529,51328470,941,176680
51328470,51329645,1175,282406
51329645,51330778,1133,110243
51330778,51331802,1024,117382
51331802,51333007,1205,176270
51333007,51334107,1100,184264
51334107,51335279,1172,123176
51335279,51335534,255,155152
51335534,51336787,1253,138043
51336787,51337652,865,245691
51337652,51338798,1146,165428
51338798,51339489,691,1120
51339489,51339937,448,112593
51339937,51340797,860,56174
51340797,51341070,273,56574
51341070,51342342,1272,73732
51342342,51343445,1103,18005
51343445,51344185,740,95959
51344185,51345232,1047,126220
51345232,51346178,946,82558
51346178,51347112,934,176660
51347112,51348191,1079,132717
51348191,51348944,753,14936
51348944,51350080,1136,185485
51350080,51351365,1285,103481
51351365,51351668,303,121398
51351668,51352736,1068,103126
51352736,51353812,1076,44912
51353812,51354817,1005,147627
51354817,51355897,1080,110243
51355897,51357090,1193,6541
51357090,51358413,1323,163402
51358413,51359015,602,122828
51359015,51359976,961,129443
51359976,51361012,1036,105179
51361012,51361727,715,84448
51361727,51362232,505,123266
51362232,51363309,1077,302111
51363309,51364396,1087,107483
51364396,51365519,1123,121079
51365519,51366804,1285,37999
51366804,51366999,195,145742
51366999,51368253,1254,176660
51368253,51368614,361,157475
51368614,51369573,959,15081
51369573,51370780,1207,10674
51370780,51371767,987,107520
51371767,51372745,978,282357
51372745,51373901,1156,70919
51373901,51374949,1048,170212
51374949,51376143,1194,4662
51376143,51377428,1285,123133
51377428,51378639,1211,87280
51378639,51379652,1013,109507
51379652,51380710,1058,39840
51380710,51381711,1001,130994
51381711,51382852,1141,131732
51382852,51383203,351,121079
51383203,51384542,1339,138290
51384542,51385204,662,140718
51385204,51386429,1225,134465
51386429,51387724,1295,293663
51387724,51388930,1206,60489
51388930,51390013,1083,114469
51390013,51390868,855,10089
51390868,51391966,1098,125127
51391966,51393176,1210,75810
51393176,51394186,1010,127579
51394186,51395307,1121,166420
51395307,51396574,1267,19371
51396574,51397073,499,158744
51397073,51398362,1289,103481
51398362,51399567,1205,101884
51399567,51400697,1130,142320
51400697,51401916,1219,58192
51401916,51403119,1203,137483
51403119,51404348,1229,4158
51404348,51405607,1259,107486
51405607,51406893,1286,291458
51406893,51408127,1234,109663
51408127,51409202,1075,107247
51409202,51410479,1277,157858
51410479,51411598,1119,138901
51411598,51412814,1216,14929
51412814,51413903,1089,138043
51413903,51415033,1130,141642
51415033,51416282,1249,86043
51416282,51417353,1071,23295
51417353,51418482,1129,142318
51418482,51419689,1207,8689
51419689,51420799,1110,175448
51420799,51421670,871,165428
51421670,51422829,1159,61317
51422829,51423786,957,81870
51423786,51424813,1027,108640
51424813,51425976,1163,130131
51425976,51426341,365,232057
51426341,51427566,1225,279153
51427566,51428781,1215,398
51428781,51429916,1135,14936
51429916,51431185,1269,12895
51431185,51432209,1024,68770
51432209,51433338,1129,862
51433338,51434654,1316,107247
51434654,51435896,1242,73024
51435896,51436799,903,131218
51436799,51437759,960,86710
51437759,51438248,489,134316
51438248,51439459,1211,7944
51439459,51440499,1040,157636
51440499,51441554,1055,39475
51441554,51442582,1028,304541
51442582,51443034,452,216570
51443034,51444028,994,287837
51444028,51445109,1081,134149
51445109,51446339,1230,136458
51446339,51447144,805,19366
51447144,51448363,1219,14960
51448363,51449605,1242,161975
51449605,51450862,1257,126539
51450862,51451337,475,116804
51451337,51452556,1219,130625
51452556,51453589,1033,29092
51453589,51454510,921,155520
51454510,51455139,629,10702
51455139,51455994,855,291608
51455994,51457205,1211,139307
51457205,51457869,664,122828
51457869,51458565,696,279856
51458565,51459173,608,143321
51459173,51460232,1059,296467
51460232,51461027,795,300343
51461027,51462309,1282,94108
51462309,51463486,1177,93470
51463486,51463699,213,84010
51463699,51464837,1138,122614
51464837,51466018,1181,144485
51466018,51467052,1034,124003
51467052,51468097,1045,110522
51468097,51469457,1360,10701
51469457,51470720,1263,86708
51470720,51471792,1072,280380
51471792,51473075,1283,284268
51473075,51473255,180,147159
51473255,51474315,1060,59268
51474315,51474905,590,155949
51474905,51475666,761,129623
51475666,51476190,524,129396
51476190,51477281,1091,32135
51477281,51478538,1257,133630
51478538,51479610,1072,128329
51479610,51480880,1270,362
51480880,51481244,364,129396
51481244,51481431,187,32139
51481431,51482571,1140,121766
51482571,51483658,1087,13056
51483658,51484302,644,187466
51484302,51485243,941,104491
51485243,51486472,1229,83607
51486472,51487673,1201,32637
51487673,51488417,744,133211
51488417,51489134,717,101278
51489134,51490311,1177,70843
51490311,51491548,1237,42637
51491548,51492771,1223,39660
51492771,51493623,852,284269
51493623,51494842,1219,130505
51494842,51495938,1096,138045
51495938,51496631,693,30101
51496631,51497828,1197,131732
51497828,51499074,1246,133227
51499074,51500098,1024,95870
51500098,51501307,1209,156973
51501307,51502463,1156,72200
51502463,51503694,1231,62516
51503694,51504651,957,76046
51504651,51505655,1004,19361
51505655,51506911,1256,122451
51506911,51508023,1112,150127
51508023,51508901,878,72311
51508901,51510031,1130,37134
51510031,51511206,1175,117095
51511206,51511666,460,129805
51511666,51512556,890,138033
51512556,51513495,939,53638
51513495,51514761,1266,142750
51514761,51515300,539,150715
51515300,51516472,1172,52088
51516472,51517675,1203,87997
51517675,51518782,1107,126739
51518782,51520010,1228,59268
51520010,51520899,889,246948
51520899,51521975,1076,128136
51521975,51523071,1096,132777
51523071,51524138,1067,26947
51524138,51524929,791,129396
51524929,51525364,435,57416
51525364,51526198,834,140071
51526198,51527002,804,246948
51527002,51528201,1199,53638
51528201,51528412,211,12544
51528412,51529587,1175,150855
51529587,51530292,705,296395
51530292,51530611,319,231836
51530611,51531822,1211,148962
51531822,51533099,1277,152842
51533099,51534246,1147,21493
51534246,51534561,315,216564
51534561,51535469,908,123506
51535469,51536675,1206,15446
51536675,51537138,463,47239
51537138,51538419,1281,89735
51538419,51539284,865,66176
51539284,51540415,1131,125123
51540415,51541707,1292,145699
51541707,51542898,1191,80192
51542898,51544187,1289,131722
51544187,51545496,1309,4136
51545496,51546433,937,137628
51546433,51547612,1179,76574
51547612,51548781,1169,19209
51548781,51549502,721,143361
51549502,51550656,1154,700
51550656,51551838,1182,124002
51551838,51553016,1178,162667
51553016,51553763,747,150855
51553763,51554907,1144,105398
51554907,51556079,1172,129066
51556079,51557157,1078,100044
51557157,51558314,1157,154838
51558314,51559537,1223,135762
51559537,51560740,1203,270778
51560740,51561872,1132,132782
51561872,51562997,1125,54659
51562997,51564013,1016,59167
51564013,51565151,1138,149881
51565151,51566200,1049,165387
51566200,51567360,1160,70756
51567360,51568338,978,121024
51568338,51569553,1215,681
51569553,51569667,114,129388
51569667,51570735,1068,158796
51570735,51571893,1158,121730
51571893,51573097,1204,35926
51573097,51574199,1102,178449
51574199,51575039,840,110127
51575039,51576011,972,285896
51576011,51577232,1221,132069
51577232,51578301,1069,126794
51578301,51579471,1170,157830
51579471,51579854,383,128660
51579854,51580901,1047,13056
51580901,51581702,801,11547
51581702,51582611,909,70843
51582611,51583684,1073,141240
51583684,51584765,1081,134728
51584765,51586009,1244,143005
51586009,51587210,1201,73961
51587210,51588328,1118,90852
51588328,51588649,321,73295
51588649,51589880,1231,140725
51589880,51591112,1232,129597
51591112,51592355,1243,27593
51592355,51593381,1026,44586
51593381,51593598,217,90847
51593598,51594766,1168,132882
51594766,51595631,865,232057
51595631,51596762,1131,143625
51596762,51597175,413,126408
51597175,51598390,1215,141571
51598390,51598987,597,111961
51598987,51600024,1037,161217
51600024,51601307,1283,83708
51601307,51602147,840,63885
51602147,51603252,1105,135227
51603252,51604031,779,110528
51604031,51605136,1105,1119
51605136,51605799,663,132891
51605799,51606203,404,104398
51606203,51607396,1193,395
51607396,51608295,899,108005
51608295,51609535,1240,86741
51609535,51609796,261,296159
51609796,51611057,1261,141644
51611057,51612146,1089,69422
51612146,51612909,763,168198
51612909,51614062,1153,61780
51614062,51614908,846,136280
51614908,51615931,1023,224
51615931,51617156,1225,29101
51617156,51618246,1090,1532
51618246,51619606,1360,101883
51619606,51620750,1144,32658
51620750,51621609,859,298549
51621609,51622843,1234,146437
51622843,51623856,1013,8592
51623856,51624910,1054,95969
51624910,51625977,1067,133225
51625977,51626838,861,282357
51626838,51628027,1189,131296
51628027,51629270,1243,149880
51629270,51630480,1210,122810
51630480,51631654,1174,291458
51631654,51632386,732,131732
51632386,51632780,394,300208
51632780,51633969,1189,99124
51633969,51634716,747,86777
51634716,51635251,535,398
51635251,51636450,1199,92935
51636450,51637467,1017,20410
51637467,51638039,572,130164
51638039,51639292,1253,104391
51639292,51640441,1149,165701
51640441,51641564,1123,14976
51641564,51642657,1093,136861
51642657,51643953,1296,26872
51643953,51644968,1015,26895
51644968,51646153,1185,104888
51646153,51646984,831,67857
51646984,51647347,363,126232
51647347,51648611,1264,170950
51648611,51649726,1115,56174
51649726,51650751,1025,137588
51650751,51651792,1041,274378
51651792,51652095,303,134463
51652095,51653004,909,115687
51653004,51654181,1177,157858
51654181,51655328,1147,141721
51655328,51656479,1151,1133
51656479,51657696,1217,141642
51657696,51658817,1121,51162
51658817,51659968,1151,137141
51659968,51661260,1292,101892
51661260,51662500,1240,129582
51662500,51663621,1121,135220
51663621,51664168,547,141644
51664168,51665159,991,144503
51665159,51665874,715,162375
51665874,51666799,925,153728
51666799,51667956,1157,143895
51667956,51669064,1108,19371
51669064,51670243,1179,124439
51670243,51671281,1038,153964
51671281,51672516,1235,67584
51672516,51673051,535,164328
51673051,51674130,1079,170453
51674130,51675015,885,131004
51675015,51676259,1244,74477
51676259,51677378,1119,291107
51677378,51678351,973,157857
51678351,51678869,518,128631
51678869,51680098,1229,100045
51680098,51680876,778,143521
51680876,51681321,445,70753
51681321,51682242,921,115047
51682242,51683388,1146,14960
51683388,51684639,1251,125127
51684639,51685845,1206,169291
51685845,51687039,1194,282385
51687039,51688268,1229,134176
51688268,51689376,1108,170212
51689376,51690589,1213,137618
51690589,51691096,507,19366
51691096,51692291,1195,61421
51692291,51693441,1150,158796
51693441,51694506,1065,66464
51694506,51695708,1202,44577
51695708,51696540,832,72207
51696540,51697695,1155,132848
51697695,51698735,1040,284268
51698735,51699973,1238,144135
51699973,51700972,999,119295
51700972,51702150,1178,121760
51702150,51703387,1237,156154
51703387,51704561,1174,148920
51704561,51705570,1009,144021
51705570,51705952,382,123266
51705952,51707067,1115,142318
51707067,51708317,1250,126221
51708317,51709310,993,147967
51709310,51710261,951,59268
51710261,51711215,954,66185
51711215,51712490,1275,67858
51712490,51713735,1245,121449
51713735,51713994,259,164327
51713994,51714503,509,1532
51714503,51715692,1189,60774
51715692,51716129,437,84121
51716129,51716407,278,56777
51716407,51717640,1233,295197
51717640,51718215,575,10673
51718215,51719356,1141,149880
51719356,51720632,1276,298549
51720632,51721755,1123,130101
51721755,51722909,1154,75807
51722909,51723894,985,133273
51723894,51724865,971,77361
51724865,51725097,232,125882
51725097,51726438,1341,86045
51726438,51726655,217,89390
51726655,51727873,1218,122627
51727873,51729112,1239,7943
51729112,51730418,1306,26553
51730418,51731677,1259,51162
51731677,51732890,1213,125128
51732890,51734118,1228,110520
51734118,51734859,741,293959
51734859,51736117,1258,128990
51736117,51737182,1065,135894
51737182,51737999,817,160187
51737999,51739264,1265,176660
51739264,51740424,1160,4275
51740424,51741579,1155,292252
51741579,51742794,1215,48830
51742794,51743953,1159,46588
51743953,51745035,1082,157636
51745035,51745422,387,295759
51745422,51745541,119,142279
51745541,51746003,462,278289
51746003,51747182,1179,28465
51747182,51748284,1102,38660
51748284,51749413,1129,138656
51749413,51750080,667,146437
51750080,51751317,1237,175390
51751317,51752500,1183,12971
51752500,51753641,1141,5703
51753641,51754781,1140,12723
51754781,51754868,87,129325
51754868,51755499,631,108638
51755499,51756674,1175,18524
51756674,51757818,1144,92806
51757818,51758638,820,91801
51758638,51759887,1249,57156
51759887,51760998,1111,57179
51760998,51762236,1238,124368
51762236,51763285,1049,57154
51763285,51764186,901,125945
51764186,51765163,977,142848
51765163,51766420,1257,163505
51766420,51767645,1225,148550
51767645,51768763,1118,7944
51768763,51770005,1242,147159
51770005,51771303,1298,126408
51771303,51772467,1164,3961
51772467,51773566,1099,75355
51773566,51774603,1037,137608
51774603,51775512,909,141235
51775512,51776769,1257,155968
51776769,51778091,1322,137154
51778091,51778555,464,129581
51778555,51779805,1250,121734
51779805,51780909,1104,149791
51780909,51782099,1190,127691
51782099,51783235,1136,170438
51783235,51784420,1185,7574
51784420,51785449,1029,14936
51785449,51785670,221,121799
51785670,51786779,1109,128138
51786779,51787132,353,11734
51787132,51788287,1155,15082
51788287,51789536,1249,59268
51789536,51790609,1073,131887
51790609,51791882,1273,138115
51791882,51793007,1125,54666
51793007,51794166,1159,123036
51794166,51795445,1279,92812
51795445,51796561,1116,10327
51796561,51797632,1071,274549
51797632,51798591,959,131735
51798591,51799831,1240,91905
51799831,51801140,1309,59167
51801140,51802405,1265,9203
51802405,51802885,480,290350
51802885,51803768,883,11077
51803768,51804973,1205,9210
51804973,51805934,961,142320
51805934,51807223,1289,143307
51807223,51808410,1187,4662
51808410,51809509,1099,64974
51809509,51810651,1142,182394
51810651,51811863,1212,48848
51811863,51813212,1349,23295
51813212,51814439,1227,73847
51814439,51815256,817,258266
51815256,51816257,1001,133224
51816257,51817516,1259,166423
51817516,51818749,1233,121449
51818749,51819229,480,131882
51819229,51820015,786,128761
51820015,51820965,950,91801
51820965,51822233,1268,122806
51822233,51823251,1018,138486
51823251,51824374,1123,136861
51824374,51825217,843,273050
51825217,51826280,1063,57836
51826280,51827403,1123,144503
51827403,51828564,1161,293531
51828564,51829811,1247,13185
51829811,51831036,1225,284269
51831036,51832383,1347,160958
51832383,51833636,1253,43296
51833636,51834266,630,128631
51834266,51835515,1249,160187
51835515,51836643,1128,135227
51836643,51837801,1158,96157
51837801,51838933,1132,127518
51838933,51840259,1326,51162
51840259,51841510,1251,130878
51841510,51842683,1173,149791
51842683,51843899,1216,26872
51843899,51844648,749,105390
51844648,51845899,1251,29120
51845899,51846302,403,34479
51846302,51847393,1091,123190
51847393,51848482,1089,139397
51848482,51849642,1160,132710
51849642,51850599,957,133442
51850599,51850827,228,95959
51850827,51851774,947,136610
51851774,51852425,651,291458
51852425,51853329,904,47541
51853329,51853942,613,138032
51853942,51854246,304,128309
51854246,51855262,1016,15081
51855262,51856521,1259,109185
51856521,51857585,1064,296468
51857585,51858548,963,184266
51858548,51859708,1160,157057
51859708,51860909,1201,46890
51860909,51862146,1237,94108
51862146,51863417,1271,131256
51863417,51864449,1032,47541
51864449,51865551,1102,121658
51865551,51866510,959,276908
51866510,51867745,1235,176256
51867745,51868450,705,129393
51868450,51868789,339,101258
51868789,51869920,1131,16002
51869920,51870908,988,274380
51870908,51871971,1063,66185
51871971,51872941,970,29110
51872941,51873584,643,130184
51873584,51874781,1197,4861
51874781,51876030,1249,121413
51876030,51877319,1289,7622
51877319,51878502,1183,279153
51878502,51879691,1189,144503
51879691,51880892,1201,104986
51880892,51882129,1237,135221
51882129,51883423,1294,134707
51883423,51884742,1319,104394
51884742,51885946,1204,83607
51885946,51887178,1232,103126
51887178,51888148,970,82458
51888148,51889297,1149,110520
51889297,51889991,694,170453
51889991,51891226,1235,288044
51891226,51892348,1122,170440
51892348,51893385,1037,15304
51893385,51894503,1118,84447
51894503,51895704,1201,156724
51895704,51896893,1189,138115
51896893,51897828,935,279852
51897828,51899070,1242,68358
51899070,51900230,1160,143262
51900230,51901126,896,64717
51901126,51901467,341,121068
51901467,51902637,1170,122801
51902637,51902862,225,136610
51902862,51904063,1201,130093
51904063,51905072,1009,128310
51905072,51906210,1138,91192
51906210,51907370,1160,64713
51907370,51908366,996,159386
51908366,51909634,1268,6398
51909634,51910896,1262,140718
51910896,51911210,314,163935
51911210,51911942,732,59268
51911942,51912945,1003,140041
51912945,51913462,517,45218
51913462,51913869,407,40556
51913869,51915146,1277,126233
51915146,51916007,861,35921
51916007,51917338,1331,144496
51917338,51918372,1034,34497
51918372,51919608,1236,140718
51919608,51920758,1150,149881
51920758,51921992,1234,137483
51921992,51922965,973,134316
51922965,51924219,1254,132272
51924219,51925461,1242,150855
51925461,51926756,1295,129440
51926756,51927722,966,6398
51927722,51928868,1146,104986
51928868,51930091,1223,14526
51930091,51931399,1308,155151
51931399,51932532,1133,14897
51932532,51933635,1103,89894
51933635,51934703,1068,86043
51934703,51935798,1095,158074
51935798,51936853,1055,88089
51936853,51937282,429,176854
51937282,51938446,1164,3582
51938446,51939593,1147,148962
51939593,51940310,717,120277
51940310,51941179,869,176853
51941179,51942429,1250,18527
51942429,51942599,170,130516
51942599,51943226,627,132891
51943226,51944432,1206,57837
51944432,51944966,534,16020
51944966,51946163,1197,170977
51946163,51947172,1009,7943
51947172,51947792,620,279153
51947792,51948928,1136,258283
51948928,51950189,1261,107517
51950189,51951389,1200,105168
51951389,51951954,565,135657
51951954,51952424,470,11528
51952424,51953496,1072,352
51953496,51954331,835,14497
51954331,51955580,1249,37092
51955580,51956433,853,90852
51956433,51956760,327,298549
51956760,51957920,1160,72207
51957920,51958995,1075,163935
51958995,51960112,1117,121068
51960112,51961323,1211,128660
51961323,51962464,1141,133630
51962464,51963608,1144,258954
51963608,51964855,1247,285896
51964855,51966069,1214,112058
51966069,51966614,545,126965
51966614,51966729,115,129393
51966729,51967027,298,9210
51967027,51967408,381,22574
51967408,51968268,860,298549
51968268,51969361,1093,285314
51969361,51970268,907,126932
51970268,51971133,865,70843
51971133,51972225,1092,95963
51972225,51973482,1257,131030
51973482,51974782,1300,47239
51974782,51976037,1255,134728
51976037,51977233,1196,161972
51977233,51978240,1007,112187
51978240,51979389,1149,86710
51979389,51980568,1179,87791
51980568,51981745,1177,279775
51981745,51982960,1215,115687
51982960,51983834,874,157243
51983834,51984932,1098,19361
51984932,51985869,937,152864
51985869,51986279,410,141174
51986279,51986606,327,86710
51986606,51987892,1286,164187
51987892,51989088,1196,131004
51989088,51989323,235,66470
51989323,51990591,1268,134636
51990591,51991836,1245,43321
51991836,51993147,1311,133273
51993147,51994247,1100,128310
51994247,51995385,1138,282385
51995385,51995833,448,106611
51995833,51996054,221,141571
51996054,51997224,1170,121068
51997224,51998576,1352,99249
51998576,51999098,522,8684
51999098,51999347,249,230928
51999347,52000563,1216,262269
52000563,52001701,1138,39761
52001701,52002724,1023,73957
52002724,52003912,1188,117384
52003912,52004985,1073,1129
52004985,52005750,765,160949
52005750,52006954,1204,36633
52006954,52008228,1274,231837
52008228,52008697,469,135657
52008697,52009222,525,135894
52009222,52010175,953,169619
52010175,52011355,1180,53342
52011355,52012243,888,85685
52012243,52013493,1250,262305
52013493,52014201,708,160593
52014201,52015313,1112,61316
52015313,52016294,981,6541
52016294,52016517,223,156738
52016517,52017436,919,67860
52017436,52018587,1151,302000
52018587,52019850,1263,1119
52019850,52020335,485,6397
52020335,52021562,1227,68358
52021562,52022108,546,245708
52022108,52023353,1245,134816
52023353,52024396,1043,163519
52024396,52025176,780,104637
52025176,52026345,1169,142362
52026345,52027604,1259,397
52027604,52028795,1191,2772
52028795,52029843,1048,156981
52029843,52030033,190,11077
52030033,52031145,1112,117095
52031145,52032299,1154,134425
52032299,52033466,1167,131226
52033466,52034651,1185,137154
52034651,52035900,1249,300225
52035900,52037077,1177,233366
52037077,52038106,1029,271811
52038106,52039394,1288,290361
52039394,52040671,1277,50778
52040671,52041630,959,139009
52041630,52042794,1164,184447
52042794,52043186,392,6506
52043186,52044193,1007,138113
52044193,52044643,450,120281
52044643,52045893,1250,148920
52045893,52047215,1322,185457
52047215,52048231,1016,129011
52048231,52049410,1179,291609
52049410,52050567,1157,275218
52050567,52051228,661,155520
52051228,52052375,1147,63095
52052375,52053362,987,67147
52053362,52054513,1151,57156
52054513,52055308,795,142752
52055308,52056331,1023,167597
52056331,52056480,149,160958
52056480,52057783,1303,64974
52057783,52058716,933,138063
52058716,52059813,1097,128310
52059813,52060907,1094,54016
52060907,52061835,928,166420
52061835,52062284,449,122827
52062284,52063237,953,109663
52063237,52064469,1232,5084
52064469,52065712,1243,1562
52065712,52066956,1244,25765
52066956,52068224,1268,293957
52068224,52069475,1251,87997
52069475,52070371,896,121658
52070371,52071060,689,86732
52071060,52072176,1116,113336
52072176,52073422,1246,8689
52073422,52074466,1044,1120
52074466,52075084,618,8675
52075084,52075796,712,138032
52075796,52076935,1139,141571
52076935,52078048,1113,92934
52078048,52079223,1175,128345
52079223,52079460,237,7239
52079460,52080739,1279,124994
52080739,52081800,1061,284445
52081800,52083083,1283,25951
52083083,52084301,1218,91072
52084301,52085447,1146,74798
52085447,52086684,1237,86710
52086684,52087836,1152,136054
52087836,52089103,1267,105394
52089103,52090344,1241,114452
52090344,52090762,418,108066
52090762,52091945,1183,22574
52091945,52093213,1268,134121
52093213,52094056,843,64298
52094056,52095280,1224,157088
52095280,52096307,1027,290363
52096307,52097536,1229,696
52097536,52098727,1191,101278
52098727,52100010,1283,58843
52100010,52101247,1237,170212
52101247,52102247,1000,130975
52102247,52102725,478,138617
52102725,52103562,837,132073
52103562,52104799,1237,170950
52104799,52105753,954,122467
52105753,52106837,1084,134660
52106837,52107967,1130,61781
52107967,52109249,1282,134420
52109249,52109477,228,102612
52109477,52110230,753,164100
52110230,52111462,1232,157636
52111462,52112779,1317,106800
52112779,52113896,1117,56174
52113896,52114993,1097,70837
52114993,52116135,1142,13256
52116135,52116485,350,134789
52116485,52116904,419,124164
52116904,52117231,327,121331
52117231,52118422,1191,159056
52118422,52119624,1202,142896
52119624,52120861,1237,166433
52120861,52122127,1266,12085
52122127,52123309,1182,67233
52123309,52124296,987,86040
52124296,52125544,1248,395
52125544,52126749,1205,135894
52126749,52127467,718,69550
52127467,52128648,1181,290365
52128648,52129532,884,184448
52129532,52130498,966,150916
52130498,52131835,1337,176278
52131835,52133090,1255,85685
52133090,52133740,650,104979
52133740,52134776,1036,170212
52134776,52135715,939,86741
52135715,52136089,374,44912
52136089,52137422,1333,141174
52137422,52138508,1086,112058
52138508,52139279,771,142279
52139279,52140505,1226,12715
52140505,52141318,813,126313
52141318,52142457,1139,157236
52142457,52143467,1010,12971
52143467,52144469,1002,134991
52144469,52145648,1179,10798
52145648,52146900,1252,142896
52146900,52148155,1255,9342
52148155,52149408,1253,75939
52149408,52150433,1025,26852
52150433,52151217,784,83606
52151217,52152451,1234,12538
52152451,52153618,1167,159230
52153618,52154880,1262,132821
52154880,52156067,1187,160953
52156067,52157290,1223,69422
52157290,52158503,1213,84447
52158503,52159537,1034,8592
52159537,52160680,1143,104986
52160680,52161926,1246,131294
52161926,52163013,1087,128145
52163013,52164059,1046,112761
52164059,52164340,281,139361
52164340,52164993,653,136863
52164993,52166222,1229,14960
52166222,52167443,1221,104491
52167443,52168232,789,61777
52168232,52169242,1010,281132
52169242,52169474,232,45218
52169474,52170547,1073,186232
52170547,52171803,1256,65534
52171803,52172999,1196,130505
52172999,52174281,1282,132800
52174281,52175542,1261,13056
52175542,52176156,614,39660
52176156,52177409,1253,125123
52177409,52178153,744,72212
52178153,52178488,335,136861
52178488,52179618,1130,146346
52179618,52180779,1161,39475
52180779,52181378,599,28462
52181378,52182515,1137,80534
52182515,52183590,1075,157830
52183590,52183847,257,133211
52183847,52184996,1149,100045
52184996,52186007,1011,129790
52186007,52187283,1276,11512
52187283,52188430,1147,31629
52188430,52188700,270,104978
52188700,52189809,1109,132499
52189809,52191070,1261,282926
52191070,52191815,745,57837
52191815,52192112,297,19208
52192112,52193217,1105,185125
52193217,52194200,983,139200
52194200,52194460,260,32658
52194460,52195773,1313,131040
52195773,52196718,945,107621
52196718,52197545,827,123059
52197545,52198180,635,140651
52198180,52198483,303,130493
52198483,52199625,1142,282385
52199625,52200859,1234,163527
52200859,52202086,1227,126955
52202086,52203200,1114,126832
52203200,52204243,1043,144496
52204243,52205253,1010,132485
52205253,52206377,1124,130125
52206377,52207607,1230,67857
52207607,52208713,1106,144496
52208713,52209137,424,120325
52209137,52210281,1144,28380
52210281,52211268,987,129979
52211268,52212462,1194,13185
52212462,52213539,1077,134425
52213539,52214736,1197,10702
52214736,52215989,1253,127215
52215989,52217177,1188,57837
52217177,52218430,1253,123033
52218430,52219635,1205,128345
52219635,52220697,1062,159386
52220697,52221803,1106,185485
52221803,52222915,1112,110061
52222915,52224104,1189,41172
52224104,52225009,905,128136
52225009,52226104,1095,176660
52226104,52227253,1149,296473
52227253,52228457,1204,18524
52228457,52229532,1075,127595
52229532,52230269,737,129790
52230269,52230796,527,107486
52230796,52231169,373,39749
52231169,52231475,306,126955
52231475,52231917,442,132891
52231917,52232976,1059,300047
52232976,52234182,1206,53343
52234182,52235284,1102,143271
52235284,52235930,646,14929
52235930,52237078,1148,123506
52237078,52238289,1211,110061
52238289,52239282,993,275127
52239282,52240179,897,131294
52240179,52241330,1151,293663
52241330,52242564,1234,293963
52242564,52243621,1057,291458
52243621,52244794,1173,134728
52244794,52245895,1101,95875
52245895,52247052,1157,287139
52247052,52248238,1186,147989
52248238,52249457,1219,18524
52249457,52250246,789,104717
52250246,52251063,817,115686
52251063,52252218,1155,187005
52252218,52253150,932,270778
52253150,52253759,609,279852
52253759,52255130,1371,128136
52255130,52256338,1208,164327
52256338,52257648,1310,279239
52257648,52258886,1238,148920
52258886,52259961,1075,115047
52259961,52261147,1186,136458
52261147,52261380,233,122467
52261380,52262153,773,112012
52262153,52263326,1173,124368
52263326,52264667,1341,113273
52264667,52265645,978,121528
52265645,52266292,647,157243
52266292,52267276,984,76043
52267276,52267646,370,131220
52267646,52268478,832,130878
52268478,52269475,997,8689
52269475,52270616,1141,35926
52270616,52271786,1170,57837
52271786,52273080,1294,18524
52273080,52274227,1147,166683
52274227,52275451,1224,155151
52275451,52275730,279,92806
52275730,52276744,1014,148993
52276744,52277717,973,165428
52277717,52278683,966,141135
52278683,52279977,1294,139681
52279977,52280865,888,34501
52280865,52282082,1217,294523
52282082,52283409,1327,156153
52283409,52284519,1110,113273
52284519,52285709,1190,29110
52285709,52286921,1212,73712
52286921,52288076,1155,112057
52288076,52289336,1260,88483
52289336,52290478,1142,132101
52290478,52291554,1076,46712
52291554,52292672,1118,126965
52292672,52293383,711,163402
52293383,52294044,661,145703
52294044,52295280,1236,135033
52295280,52296022,742,132073
52296022,52296615,593,102239
52296615,52297880,1265,131004
52297880,52299071,1191,142279
52299071,52299539,468,96151
52299539,52300435,896,80656
52300435,52301714,1279,26872
52301714,52302853,1139,142363
52302853,52303963,1110,12118
52303963,52305112,1149,130870
52305112,52306176,1064,55927
52306176,52307330,1154,11512
52307330,52307807,477,301693
52307807,52309033,1226,133447
52309033,52310176,1143,122467
52310176,52311072,896,275147
52311072,52311623,551,86741
52311623,52312704,1081,294113
52312704,52313776,1072,64974
52313776,52314691,915,106366
52314691,52315867,1176,141208
52315867,52317181,1314,86679
52317181,52318089,908,166420
52318089,52319244,1155,154282
52319244,52320320,1076,294523
52320320,52321451,1131,12926
52321451,52322338,887,45204
52322338,52323551,1213,143948
52323551,52324681,1130,28375
52324681,52325146,465,138043
52325146,52325360,214,152826
52325360,52326421,1061,131732
52326421,52327410,989,62347
52327410,52328615,1205,12332
52328615,52329310,695,147045
52329310,52330533,1223,150127
52330533,52331699,1166,4445
52331699,52332621,922,296078
52332621,52333866,1245,135892
52333866,52335131,1265,133279
52335131,52336173,1042,106800
52336173,52337337,1164,279239
52337337,52337691,354,141248
52337691,52338990,1299,142896
52338990,52340298,1308,140221
52340298,52341414,1116,130993
52341414,52342687,1273,96498
52342687,52343874,1187,398
52343874,52344320,446,26982
52344320,52345413,1093,121140
52345413,52346634,1221,56837
52346634,52347899,1265,121720
52347899,52348090,191,126600
52348090,52349437,1347,141209
52349437,52350012,575,22179
52350012,52351267,1255,10673
52351267,52352498,1231,128329
52352498,52353552,1054,139730
52353552,52354681,1129,6557
52354681,52355709,1028,132864
52355709,52356995,1286,58090
52356995,52358242,1247,89390
52358242,52359333,1091,185457
52359333,52360564,1231,185466
52360564,52361469,905,77173
52361469,52362632,1163,142358
52362632,52363808,1176,132891
52363808,52364902,1094,7793
52364902,52365571,669,134660
52365571,52366668,1097,76044
52366668,52367397,729,39478
52367397,52368530,1133,286306
52368530,52368744,214,131735
52368744,52369761,1017,70837
52369761,52371068,1307,121024
52371068,52371911,843,122441
52371911,52372082,171,121392
52372082,52373129,1047,279229
52373129,52373401,272,284424
52373401,52374619,1218,26982
52374619,52375492,873,36641
52375492,52376594,1102,178028
52376594,52377758,1164,24732
52377758,52378870,1112,157242
52378870,52379341,471,122944
52379341,52380507,1166,72311
52380507,52381732,1225,121661
52381732,52383010,1278,133395
52383010,52384224,1214,124368
52384224,52384565,341,121741
52384565,52385829,1264,37090
52385829,52387134,1305,139743
52387134,52388300,1166,48377
52388300,52389554,1254,184266
52389554,52390545,991,65554
52390545,52391686,1141,143893
52391686,52392836,1150,133447
52392836,52394010,1174,125002
52394010,52395305,1295,234067
52395305,52396153,848,169293
52396153,52397496,1343,121398
52397496,52398474,978,39481
52398474,52399476,1002,109658
52399476,52400629,1153,147627
52400629,52401543,914,81881
52401543,52402501,958,44937
52402501,52403566,1065,28384
52403566,52404787,1221,55202
52404787,52405901,1114,137614
52405901,52407029,1128,121085
52407029,52408266,1237,69422
52408266,52409357,1091,60774
52409357,52410497,1140,293957
52410497,52411703,1206,145701
52411703,52412988,1285,275128
52412988,52414192,1204,45218
52414192,52415476,1284,282977
52415476,52415735,259,129396
52415735,52416884,1149,155520
52416884,52417746,862,86679
52417746,52418989,1243,91072
52418989,52420183,1194,124221
52420183,52421488,1305,13269
52421488,52421757,269,129396
52421757,52422926,1169,131751
52422926,52423620,694,39913
52423620,52424310,690,152824
52424310,52425542,1232,98644
52425542,52425765,223,39749
52425765,52427089,1324,4447
52427089,52428362,1273,144496
52428362,52429615,1253,126312
52429615,52430586,971,291609
52430586,52431353,767,102381
52431353,52432056,703,244431
52432056,52433274,1218,3967
52433274,52434355,1081,130544
52434355,52435591,1236,137739
52435591,52436644,1053,112061
52436644,52437005,361,122441
52437005,52438283,1278,31609
52438283,52439400,1117,2772
52439400,52440647,1247,56574
52440647,52441779,1132,103126
52441779,52442617,838,130105
52442617,52443630,1013,22179
52443630,52444673,1043,259009
52444673,52445441,768,110061
52445441,52446082,641,76043
52446082,52447432,1350,139009
52447432,52448671,1239,101283
52448671,52449641,970,178748
52449641,52450789,1148,21305
52450789,52451876,1087,106969
52451876,52453173,1297,105179
52453173,52454212,1039,102238
52454212,52455445,1233,10088
52455445,52456650,1205,41259
52456650,52457796,1146,147963
52457796,52458826,1030,32451
52458826,52460010,1184,140718
52460010,52461070,1060,156757
52461070,52461773,703,136054
52461773,52462880,1107,183239
52462880,52464126,1246,133630
52464126,52465061,935,123215
52465061,52466198,1137,131704
52466198,52467082,884,145701
52467082,52468170,1088,142320
52468170,52468706,536,282386
52468706,52469092,386,91098
52469092,52469760,668,55856
52469760,52470437,677,7574
52470437,52471545,1108,8140
52471545,52472835,1290,21305
52472835,52473290,455,147159
52473290,52474430,1140,144503
52474430,52475707,1277,130994
52475707,52476954,1247,352
52476954,52478110,1156,122810
52478110,52479328,1218,63095
52479328,52480639,1311,130989
52480639,52481609,970,131735
52481609,52482765,1156,132299
52482765,52483698,933,282985
52483698,52484949,1251,130989
52484949,52485328,379,168500
52485328,52486441,1113,110706
52486441,52486652,211,136863
52486652,52487915,1263,61777
52487915,52488980,1065,65803
52488980,52490214,1234,129515
52490214,52491281,1067,160438
52491281,52492166,885,94108
52492166,52493353,1187,57836
52493353,52494569,1216,126928
52494569,52494908,339,143264
52494908,52495123,215,84010
52495123,52496240,1117,123047
52496240,52497034,794,75810
52497034,52497595,561,7239
52497595,52498424,829,48032
52498424,52499377,953,105002
52499377,52499600,223,62516
52499600,52500860,1260,133225
52500860,52502033,1173,122810
52502033,52503242,1209,157088
52503242,52504508,1266,304534
52504508,52505150,642,275128
52505150,52506237,1087,65772
52506237,52507444,1207,25766
52507444,52507650,206,160953
52507650,52508073,423,129011
52508073,52509333,1260,304535
52509333,52510415,1082,284268
52510415,52511659,1244,143893
52511659,52512429,770,13269
52512429,52513432,1003,29120
52513432,52513691,259,104637
52513691,52514941,1250,395
52514941,52516088,1147,19376
52516088,52517267,1179,69422
52517267,52518466,1199,110061
52518466,52519685,1219,126577
52519685,52520112,427,48362
52520112,52521031,919,58845
52521031,52521960,929,134785
52521960,52522938,978,142279
52522938,52524154,1216,295446
52524154,52525304,1150,276735
52525304,52526521,1217,132601
52526521,52527760,1239,19371
52527760,52529105,1345,126286
52529105,52529406,301,113273
52529406,52530589,1183,140222
52530589,52531618,1029,135892
52531618,52532787,1169,14674
52532787,52533320,533,82558
52533320,52534509,1189,121541
52534509,52535655,1146,94522
52535655,52536907,1252,67592
52536907,52537724,817,127518
52537724,52538913,1189,158081
52538913,52539670,757,155948
52539670,52540810,1140,279153
52540810,52541507,697,43321
52541507,52542257,750,35921
52542257,52543415,1158,145138
52543415,52544425,1010,12471
52544425,52545613,1188,271826
52545613,52545792,179,246892
52545792,52546884,1092,723
52546884,52548073,1189,149735
52548073,52549154,1081,277899
52549154,52549751,597,110520
52549751,52550776,1025,160438
52550776,52551982,1206,54613
52551982,52552596,614,133290
52552596,52553145,549,135580
52553145,52554284,1139,92202
52554284,52555111,827,169291
52555111,52556320,1209,94522
52556320,52556774,454,52087
52556774,52558127,1353,6174
52558127,52559301,1174,133447
52559301,52560584,1283,160958
52560584,52561684,1100,8157
52561684,52562814,1130,39970
52562814,52563680,866,156738
52563680,52564920,1240,131003
52564920,52566167,1247,29101
52566167,52567343,1176,6397
52567343,52568332,989,262269
52568332,52568590,258,64291
52568590,52568996,406,133224
52568996,52570018,1022,294523
52570018,52571253,1235,144503
52571253,52572505,1252,14976
52572505,52573141,636,104979
52573141,52574413,1272,166420
52574413,52575592,1179,90852
52575592,52576778,1186,130101
52576778,52577912,1134,291101
52577912,52578755,843,164187
52578755,52579158,403,14526
52579158,52580293,1135,29012
52580293,52580741,448,116797
52580741,52580978,237,121130
52580978,52581869,891,166436
52581869,52582978,1109,96672
52582978,52583899,921,149245
52583899,52585155,1256,130184
52585155,52586239,1084,102232
52586239,52587516,1277,134119
52587516,52588633,1117,162667
52588633,52589406,773,83606
52589406,52590692,1286,1731
52590692,52591987,1295,10327
52591987,52592364,377,130569
52592364,52593530,1166,110528
52593530,52594759,1229,82020
52594759,52595813,1054,5776
52595813,52596918,1105,668
52596918,52597363,445,14274
52597363,52598712,1349,127579
52598712,52599845,1133,123133
52599845,52601113,1268,125084
52601113,52601604,491,132484
52601604,52602856,1252,56777
52602856,52604041,1185,137739
52604041,52605326,1285,282926
52605326,52606103,777,6398
52606103,52607233,1130,101278
52607233,52608376,1143,294697
52608376,52609554,1178,142744
52609554,52610767,1213,121140
52610767,52611802,1035,37134
52611802,52613099,1297,91801
52613099,52614371,1272,121068
52614371,52615451,1080,234067
52615451,52615686,235,126959
52615686,52616139,453,231837
52616139,52617128,989,126221
52617128,52618405,1277,39967
52618405,52619580,1175,126859
52619580,52620828,1248,138115
52620828,52621809,981,73073
52621809,52622985,1176,39661
52622985,52623977,992,155151
52623977,52624992,1015,138888
52624992,52626195,1203,139035
52626195,52627371,1176,4861
52627371,52628246,875,65803
52628246,52629520,1274,123033
52629520,52630548,1028,274376
52630548,52631633,1085,66470
52631633,52631951,318,246904
52631951,52633180,1229,115686
52633180,52634318,1138,157236
52634318,52635541,1223,138042
52635541,52635870,329,139009
52635870,52637088,1218,1532
52637088,52637983,895,144999
52637983,52639213,1230,29012
52639213,52640190,977,45218
52640190,52641364,1174,170453
52641364,52642553,1189,80534
52642553,52643667,1114,68888
52643667,52644681,1014,57179
52644681,52644841,160,58776
52644841,52646138,1297,143005
52646138,52647371,1233,53343
52647371,52648642,1271,100043
52648642,52649691,1049,16002
52649691,52649922,231,125128
52649922,52650879,957,80192
52650879,52651648,769,277898
52651648,52652806,1158,139404
52652806,52653933,1127,131890
52653933,52654912,979,81881
52654912,52655273,361,94522
52655273,52656598,1325,6175
52656598,52657362,764,122806
52657362,52658649,1287,290365
52658649,52659658,1009,5710
52659658,52660727,1069,25766
52660727,52661292,565,102381
52661292,52662005,713,139741
52662005,52663200,1195,281188
52663200,52663794,594,126932
52663794,52665103,1309,144496
52665103,52665997,894,231837
52665997,52667223,1226,37090
52667223,52668504,1281,73972
52668504,52669641,1137,276939
52669641,52670764,1123,76974
52670764,52671837,1073,282412
52671837,52672436,599,395
52672436,52673599,1163,54613
52673599,52674603,1004,152842
52674603,52675930,1327,57154
52675930,52676998,1068,112592
52676998,52677712,714,125084
52677712,52678939,1227,126577
52678939,52679432,493,158744
52679432,52679876,444,102381
52679876,52681079,1203,224746
52681079,52682325,1246,49750
52682325,52682919,594,282383
52682919,52683852,933,136271
52683852,52685070,1218,58776
52685070,52686263,1193,135891
52686263,52686723,460,154284
52686723,52687598,875,48362
52687598,52688810,1212,104890
52688810,52689946,1136,140931
52689946,52691053,1107,143271
52691053,52692068,1015,57179
52692068,52692490,422,61316
52692490,52693569,1079,110528
52693569,52694570,1001,31603
52694570,52695745,1175,141240
52695745,52696732,987,58869
52696732,52697979,1247,14936
52697979,52698820,841,29108
52698820,52700038,1218,177234
52700038,52700277,239,10327
52700277,52701362,1085,104398
52701362,52702540,1178,163507
52702540,52703660,1120,130548
52703660,52704832,1172,68369
52704832,52705828,996,92915
52705828,52707019,1191,136458
52707019,52707862,843,158744
52707862,52708923,1061,26852
52708923,52710147,1224,366
52710147,52711209,1062,68359
52711209,52712383,1174,34478
52712383,52712894,511,98876
52712894,52714173,1279,103481
52714173,52715460,1287,89940
52715460,52716700,1240,122806
52716700,52716838,138,151817
52716838,52717948,1110,130878
52717948,52719091,1143,125140
52719091,52720136,1045,282412
52720136,52720491,355,71401
52720491,52721605,1114,36146
52721605,52722660,1055,294697
52722660,52723853,1193,293168
52723853,52725158,1305,8674
52725158,52726424,1266,146437
52726424,52727197,773,130870
52727197,52728484,1287,25951
52728484,52729337,853,132069
52729337,52730596,1259,29120
52730596,52731149,553,130229
52731149,52732320,1171,135580
52732320,52733585,1265,140725
52733585,52734876,1291,14358
52734876,52736009,1133,278220
52736009,52737200,1191,185457
52737200,52737622,422,138033
52737622,52738823,1201,4445
52738823,52740087,1264,58137
52740087,52741022,935,121064
52741022,52742355,1333,127215
52742355,52743532,1177,143893
52743532,52744737,1205,141571
52744737,52745986,1249,159386
52745986,52746598,612,285173
52746598,52747775,1177,48830
52747775,52748927,1152,132280
52748927,52749883,956,126955
52749883,52750997,1114,142858
52750997,52752095,1098,105171
52752095,52753274,1179,122545
52753274,52754593,1319,123266
52754593,52755816,1223,87791
52755816,52756248,432,132300
52756248,52757438,1190,131751
52757438,52758568,1130,122828
52758568,52759847,1279,294113
52759847,52761130,1283,125127
52761130,52761707,577,48579
52761707,52762846,1139,134312
52762846,52763891,1045,2301
52763891,52764917,1026,143484
52764917,52765226,309,8927
52765226,52766472,1246,176263
52766472,52767273,801,141279
52767273,52768397,1124,123133
52768397,52769347,950,104391
52769347,52770621,1274,94526
52770621,52771340,719,126928
52771340,52772428,1088,152267
52772428,52773117,689,148521
52773117,52773352,235,44586
52773352,52774366,1014,126577
52774366,52775433,1067,284435
52775433,52776645,1212,395
52776645,52777569,924,3582
52777569,52777967,398,115047
52777967,52778530,563,132650
52778530,52778847,317,258263
52778847,52779839,992,278217
52779839,52781011,1172,102239
52781011,52782210,1199,138043
52782210,52782564,354,10327
52782564,52783830,1266,271812
52783830,52784872,1042,41151
52784872,52785631,759,129440
52785631,52786850,1219,135824
52786850,52788002,1152,121734
52788002,52789251,1249,140041
52789251,52790487,1236,161707
52790487,52791313,826,131899
52791313,52792514,1201,118128
52792514,52793540,1026,86804
52793540,52794816,1276,105179
52794816,52796066,1250,123998
52796066,52797310,1244,137141
52797310,52798315,1005,73957
52798315,52799387,1072,122789
52799387,52800622,1235,127518
52800622,52800926,304,67584
52800926,52802189,1263,84357
52802189,52802674,485,163606
52802674,52803593,919,668
52803593,52804187,594,121085
52804187,52805377,1190,44937
52805377,52805638,261,109180
52805638,52805988,350,26987
52805988,52807051,1063,126826
52807051,52808080,1029,124587
52808080,52809355,1275,128345
52809355,52810534,1179,132800
52810534,52811737,1203,39648
52811737,52812902,1165,398
52812902,52813903,1001,141791
52813903,52814943,1040,162130
52814943,52816201,1258,282391
52816201,52817347,1146,170453
52817347,52818575,1228,185126
52818575,52819088,513,90852
52819088,52819423,335,9010
52819423,52820703,1280,187005
52820703,52821974,1271,398
52821974,52823002,1028,49755
52823002,52824176,1174,143625
52824176,52824860,684,83708
52824860,52825993,1133,37090
52825993,52827147,1154,137483
52827147,52828194,1047,13250
52828194,52829481,1287,123500
52829481,52830706,1225,161975
52830706,52831374,668,70843
52831374,52832325,951,127703
52832325,52833496,1171,138042
52833496,52834323,827,135814
52834323,52835512,1189,220980
52835512,52836419,907,158081
52836419,52837585,1166,143625
52837585,52838108,523,134792
52838108,52839289,1181,163935
52839289,52840498,1209,138545
52840498,52841565,1067,46267
52841565,52842725,1160,147981
52842725,52843760,1035,60801
52843760,52844089,329,290351
52844089,52845239,1150,120583
52845239,52846488,1249,86026
52846488,52847581,1093,4690
52847581,52848758,1177,27593
52848758,52850029,1271,157857
52850029,52850840,811,130101
52850840,52851942,1102,4687
52851942,52852842,900,96168
52852842,52853089,247,126336
52853089,52854180,1091,295761
52854180,52855262,1082,156968
52855262,52856354,1092,6557
52856354,52857091,737,134120
52857091,52858337,1246,282985
52858337,52859492,1155,114469
52859492,52860713,1221,41933
52860713,52861782,1069,95441
52861782,52862879,1097,283138
52862879,52863290,411,121413
52863290,52864529,1239,10172
52864529,52865717,1188,12926
52865717,52866930,1213,160958
52866930,52868168,1238,64708
52868168,52869181,1013,58763
52869181,52870447,1266,73957
52870447,52871692,1245,123285
52871692,52872147,455,47238
52872147,52873444,1297,51163
52873444,52874377,933,183988
52874377,52875157,780,121413
52875157,52876168,1011,157263
52876168,52877423,1255,156724
52877423,52878063,640,157054
52878063,52879205,1142,73296
52879205,52880360,1155,66465
52880360,52880734,374,65534
52880734,52881918,1184,216563
52881918,52883039,1121,125127
52883039,52883908,869,106965
52883908,52885127,1219,57837
52885127,52886446,1319,80534
52886446,52887657,1211,14274
52887657,52888891,1234,40571
52888891,52890091,1200,105171
52890091,52890966,875,102381
52890966,52892169,1203,121896
52892169,52893209,1040,66464
52893209,52894357,1148,285173
52894357,52895488,1131,130569
52895488,52895950,462,126945
52895950,52897083,1133,88483
52897083,52898314,1231,274378
52898314,52898574,260,231862
52898574,52899662,1088,50778
52899662,52900403,741,139404
52900403,52901523,1120,46712
52901523,52902503,980,52087
52902503,52903415,912,130870
52903415,52904620,1205,125883
52904620,52905742,1122,121416
52905742,52906989,1247,140725
52906989,52908170,1181,133393
52908170,52908571,401,294700
52908571,52909804,1233,130184
52909804,52911091,1287,130977
52911091,52912154,1063,4691
52912154,52913346,1192,144999
52913346,52914485,1139,143005
52914485,52915143,658,25765
52915143,52916051,908,126826
52916051,52917308,1257,84010
52917308,52918440,1132,276749
52918440,52919657,1217,126945
52919657,52920838,1181,285135
52920838,52922127,1289,177627
52922127,52923303,1176,109185
52923303,52923792,489,12723
52923792,52924207,415,135894
52924207,52924589,382,279229
52924589,52925148,559,101578
52925148,52926329,1181,292604
52926329,52926875,546,104717
52926875,52928038,1163,121127
52928038,52929269,1231,112011
52929269,52930379,1110,141642
52930379,52931605,1226,54006
52931605,52932057,452,295759
52932057,52933190,1133,121446
52933190,52933872,682,135824
52933872,52935171,1299,131887
52935171,52936063,892,91801
52936063,52937195,1132,296473
52937195,52938498,1303,140041
52938498,52939282,784,291384
52939282,52940446,1164,157243
52940446,52941548,1102,163597
52941548,52942464,916,132891
52942464,52943653,1189,141268
52943653,52944232,579,129396
52944232,52945417,1185,110705
52945417,52946637,1220,51162
52946637,52947855,1218,163505
52947855,52949110,1255,129443
52949110,52950327,1217,80656
52950327,52951476,1149,141209
52951476,52952401,925,10642
52952401,52953517,1116,164100
52953517,52953946,429,150915
52953946,52954226,280,137589
52954226,52955351,1125,16802
52955351,52956343,992,121543
52956343,52957197,854,175448
52957197,52957834,637,49755
52957834,52959030,1196,38026
52959030,52959899,869,25766
52959899,52961082,1183,64974
52961082,52962254,1172,14274
52962254,52963298,1044,2536
52963298,52964521,1223,89898
52964521,52965693,1172,137739
52965693,52967040,1347,130755
52967040,52967950,910,171134
52967950,52969041,1091,157400
52969041,52969325,284,91801
52969325,52970114,789,163607
52970114,52971006,892,125118
52971006,52971200,194,132864
52971200,52971764,564,118119
52971764,52972817,1053,168500
52972817,52973057,240,157057
52973057,52974216,1159,137154
52974216,52974395,179,126600
52974395,52975635,1240,54006
52975635,52976632,997,127704
52976632,52976982,350,6557
52976982,52977173,191,168062
52977173,52978201,1028,106611
52978201,52979460,1259,104606
52979460,52980634,1174,8927
52980634,52981551,917,63885
52981551,52982402,851,2536
52982402,52983661,1259,39481
52983661,52984864,1203,271811
52984864,52985385,521,152282
52985385,52986573,1188,139308
52986573,52987822,1249,285314
52987822,52988492,670,116804
52988492,52989051,559,129396
52989051,52990143,1092,98880
52990143,52991398,1255,132782
52991398,52992652,1254,126232
52992652,52993830,1178,125127
52993830,52995062,1232,86777
52995062,52995749,687,131732
52995749,52996692,943,286306
52996692,52997943,1251,294523
52997943,52999175,1232,39515
52999175,53000256,1081,281472
53000256,53001441,1185,10344
53001441,53002351,910,254948
53002351,53003441,1090,137597
53003441,53004604,1163,149245
53004604,53005805,1201,132532
53005805,53006848,1043,143485
53006848,53007942,1094,246932
53007942,53008776,834,139308
53008776,53009897,1121,126296
53009897,53011042,1145,41259
53011042,53012061,1019,26950
53012061,53013303,1242,117382
53013303,53014321,1018,7574
53014321,53015387,1066,70753
53015387,53015622,235,138047
53015622,53016867,1245,149033
53016867,53017932,1065,102250
53017932,53019137,1205,57179
53019137,53020290,1153,161166
53020290,53021502,1212,6174
53021502,53022795,1293,39910
53022795,53023526,731,131030
53023526,53024767,1241,8157
53024767,53025879,1112,123715
53025879,53026271,392,121528
53026271,53026620,349,133211
53026620,53027541,921,126945
53027541,53028584,1043,175390
53028584,53028862,278,144999
53028862,53029973,1111,12085
53029973,53030874,901,70837
53030874,53032057,1183,73847
53032057,53033309,1252,48842
53033309,53034576,1267,72200
53034576,53035076,500,133290
53035076,53036366,1290,65803
53036366,53037579,1213,88349
53037579,53038345,766,86683
53038345,53039678,1333,123025
53039678,53040717,1039,108620
53040717,53041914,1197,96672
53041914,53043124,1210,107621
53043124,53044304,1180,39477
53044304,53045537,1233,95441
53045537,53046809,1272,28465
53046809,53048046,1237,142358
53048046,53049229,1183,150855
53049229,53049569,340,157066
53049569,53050684,1115,124990
53050684,53051333,649,82020
53051333,53051782,449,254949
53051782,53052924,1142,130727
53052924,53054149,1225,279153
53054149,53054446,297,296468
53054446,53055648,1202,142750
53055648,53056594,946,131276
53056594,53057798,1204,48513
53057798,53059107,1309,278289
53059107,53059607,500,25766
53059607,53060850,1243,92202
53060850,53061415,565,132710
53061415,53061962,547,283242
53061962,53062799,837,129443
53062799,53063641,842,135832
53063641,53064938,1297,142824
53064938,53065818,880,130164
53065818,53066156,338,280922
53066156,53067130,974,129805
53067130,53068263,1133,6557
53068263,53068852,589,105167
53068852,53069940,1088,138047
53069940,53071185,1245,36641
53071185,53072287,1102,163518
53072287,53072737,450,61316
53072737,53074002,1265,128240
53074002,53075202,1200,4662
53075202,53076281,1079,142279
53076281,53076870,589,64717
53076870,53078118,1248,68888
53078118,53079041,923,292252
53079041,53079849,808,133227
53079849,53080846,997,95870
53080846,53081857,1011,122545
53081857,53082782,925,129597
53082782,53083925,1143,12539
53083925,53084144,219,12332
53084144,53084436,292,123882
53084436,53085645,1209,173591
53085645,53086748,1103,112061
53086748,53088075,1327,132782
53088075,53089246,1171,285135
53089246,53089835,589,233382
53089835,53091051,1216,8674
53091051,53091502,451,14497
53091502,53092727,1225,176682
53092727,53093627,900,137770
53093627,53094592,965,862
53094592,53095491,899,124549
53095491,53096604,1113,139035
53096604,53097849,1245,139741
53097849,53098795,946,46712
53098795,53099997,1202,122467
53099997,53101138,1141,143005
53101138,53102348,1210,108066
53102348,53103045,697,157859
53103045,53103538,493,147971
53103538,53103767,229,81843
53103767,53104482,715,270778
53104482,53105771,1289,65772
53105771,53106290,519,83633
53106290,53107429,1139,121069
53107429,53108540,1111,77779
53108540,53109789,1249,285896
53109789,53110835,1046,64075
53110835,53111934,1099,160438
53111934,53112993,1059,138488
53112993,53114252,1259,97610
53114252,53115393,1141,131040
53115393,53116706,1313,48362
53116706,53117735,1029,110522
53117735,53118146,411,259009
53118146,53119404,1258,54659
53119404,53120477,1073,284433
53120477,53121414,937,122614
53121414,53122514,1100,13247
53122514,53123792,1278,4275
53123792,53124797,1005,128138
53124797,53125597,800,102381
53125597,53125939,342,122944
53125939,53127041,1102,46890
53127041,53128162,1121,302395
53128162,53129377,1215,134160
53129377,53129812,435,47541
53129812,53131061,1249,140718
53131061,53132194,1133,23311
53132194,53133240,1046,1189
53133240,53134465,1225,279852
53134465,53135482,1017,113336
53135482,53135671,189,25766
53135671,53136415,744,291718
53136415,53137487,1072,130625
53137487,53138734,1247,258266
53138734,53139821,1087,143485
53139821,53140862,1041,151817
53140862,53142101,1239,86765
53142101,53143286,1185,365
53143286,53144017,731,157400
53144017,53145181,1164,212
53145181,53146157,976,39749
53146157,53146907,750,137483
53146907,53148092,1185,275212
53148092,53149053,961,117095
53149053,53149837,784,102381
53149837,53151007,1170,134463
53151007,53151959,952,150916
53151959,53153084,1125,88748
53153084,53154420,1336,150916
53154420,53155479,1059,77361
53155479,53156557,1078,123285
53156557,53157621,1064,144965
53157621,53158810,1189,160188
53158810,53159905,1095,67584
53159905,53160414,509,130994
53160414,53161677,1263,147110
53161677,53162881,1204,182394
53162881,53164124,1243,150469
53164124,53165306,1182,53342
53165306,53166459,1153,290363
53166459,53167160,701,153728
53167160,53168254,1094,83616
53168254,53169535,1281,39967
53169535,53170800,1265,281188
53170800,53171453,653,107479
53171453,53172179,726,18006
53172179,53173046,867,140639
53173046,53174355,1309,105390
53174355,53175606,1251,128240
53175606,53176494,888,86679
53176494,53177725,1231,121127
53177725,53178930,1205,61780
53178930,53180093,1163,11079
53180093,53180606,513,108640
53180606,53181834,1228,292604
53181834,53183174,1340,54487
53183174,53183844,670,216567
53183844,53185067,1223,141248
53185067,53186366,1299,130493
53186366,53187556,1190,294523
53187556,53188651,1095,135229
53188651,53189829,1178,110742
53189829,53190998,1169,276730
53190998,53192027,1029,94523
53192027,53193146,1119,133225
53193146,53193541,395,32139
53193541,53194794,1253,73848
53194794,53196047,1253,150715
53196047,53197042,995,130727
53197042,53197690,648,129388
53197690,53198759,1069,133224
53198759,53200001,1242,279775
53200001,53200747,746,57667
53200747,53201838,1091,139404
53201838,53203060,1222,139297
53203060,53203315,255,131218
53203315,53204030,715,104979
53204030,53205186,1156,155972
53205186,53205967,781,157056
53205967,53207248,1281,141148
53207248,53208216,968,115047
53208216,53209285,1069,6556
53209285,53210267,982,155949
53210267,53211128,861,14677
53211128,53211860,732,46889
53211860,53212852,992,39970
53212852,53213088,236,134312
53213088,53213525,437,37999
53213525,53214073,548,131882
53214073,53215216,1143,104979
53215216,53215521,305,176854
53215521,53216679,1158,282383
53216679,53217464,785,88007
53217464,53218219,755,56777
53218219,53218446,227,147989
53218446,53218613,167,129396
53218613,53219783,1170,110706
53219783,53221010,1227,66465
53221010,53221912,902,130164
53221912,53222601,689,110127
53222601,53223671,1070,153733
53223671,53224459,788,147045
53224459,53225703,1244,153309
53225703,53226794,1091,48830
53226794,53227514,720,99249
53227514,53228583,1069,130977
53228583,53229556,973,291107
53229556,53230873,1317,131106
53230873,53231968,1095,176680
53231968,53233221,1253,5791
53233221,53234302,1081,64290
53234302,53235448,1146,7574
53235448,53236691,1243,44577
53236691,53237103,412,157644
53237103,53238267,1164,49755
53238267,53239626,1359,304534
53239626,53240844,1218,36146
53240844,53241200,356,128678
53241200,53242160,960,50778
53242160,53243430,1270,54666
53243430,53243669,239,110238
53243669,53244819,1150,125883
53244819,53246004,1185,149939
53246004,53247197,1193,91801
53247197,53248304,1107,83633
53248304,53248587,283,164328
53248587,53249805,1218,130516
53249805,53250540,735,286306
53250540,53251613,1073,123283
53251613,53252163,550,149880
53252163,53253408,1245,231838
53253408,53254603,1195,122025
53254603,53255806,1203,144503
53255806,53256103,297,75810
53256103,53257386,1283,160958
53257386,53258670,1284,131113
53258670,53259867,1197,66016
53259867,53260603,736,279239
53260603,53261871,1268,134816
53261871,53263134,1263,29101
53263134,53263632,498,117866
53263632,53264725,1093,123507
53264725,53265926,1201,132717
53265926,53267073,1147,101276
53267073,53268156,1083,123882
53268156,53269307,1151,166420
53269307,53270412,1105,73847
53270412,53271653,1241,101276
53271653,53272824,1171,141320
53272824,53273217,393,117382
53273217,53274412,1195,127704
53274412,53274814,402,58776
53274814,53275904,1090,296473
53275904,53277075,1171,121069
53277075,53278030,955,123266
53278030,53279235,1205,143895
53279235,53280315,1080,73958
53280315,53281365,1050,138115
53281365,53282611,1246,157400
53282611,53283826,1215,156155
53283826,53285076,1250,14274
53285076,53286317,1241,112011
53286317,53287361,1044,64956
53287361,53288345,984,156474
53288345,53289487,1142,107487
53289487,53290700,1213,54487
53290700,53292025,1325,293663
53292025,53293256,1231,11243
53293256,53294039,783,129790
53294039,53295290,1251,301694
53295290,53296482,1192,40556
53296482,53297338,856,46267
53297338,53298605,1267,123284
53298605,53299835,1230,13056
53299835,53300048,213,93276
53300048,53300175,127,129393
53300175,53301408,1233,117095
53301408,53302394,986,130093
53302394,53303293,899,169293
53303293,53304458,1165,5084
53304458,53305583,1125,148550
53305583,53306357,774,101258
53306357,53307219,862,11254
53307219,53308300,1081,13256
53308300,53309116,816,13364
53309116,53310352,1236,287357
53310352,53311099,747,132644
53311099,53311386,287,285896
53311386,53312705,1319,121729
53312705,53313818,1113,130492
53313818,53314922,1104,73958
53314922,53315962,1040,61316
53315962,53316275,313,135824
53316275,53317484,1209,96151
53317484,53318279,795,3967
53318279,53319437,1158,123033
53319437,53320213,776,129393
53320213,53321522,1309,224746
53321522,53322576,1054,12971
53322576,53323689,1113,126829
53323689,53324478,789,6398
53324478,53325658,1180,114971
53325658,53326801,1143,133220
53326801,53327841,1040,171108
53327841,53328893,1052,96153
53328893,53330044,1151,26956
53330044,53331253,1209,126539
53331253,53332421,1168,121416
53332421,53333699,1278,73732
53333699,53334812,1113,132592
53334812,53336018,1206,5791
53336018,53337268,1250,121130
53337268,53338344,1076,53343
53338344,53339605,1261,66464
53339605,53340894,1289,141320
53340894,53342155,1261,118112
53342155,53343406,1251,132568
53343406,53344587,1181,11049
53344587,53345752,1165,12971
53345752,53346450,698,296078
53346450,53347707,1257,1562
53347707,53348654,947,25951
53348654,53349686,1032,61781
53349686,53350948,1262,71402
53350948,53352143,1195,138548
53352143,53353117,974,1189
53353117,53354214,1097,132649
53354214,53355489,1275,138042
53355489,53356719,1230,84447
53356719,53357988,1269,144987
53357988,53359219,1231,104890
53359219,53360473,1254,135635
53360473,53361662,1189,57154
53361662,53362787,1125,277899
53362787,53363658,871,66464
53363658,53363964,306,46889
53363964,53365096,1132,127518
53365096,53366324,1228,141148
53366324,53367572,1248,126860
53367572,53368339,767,24516
53368339,53369560,1221,127936
53369560,53369991,431,30106
53369991,53371182,1191,156017
53371182,53372375,1193,163612
53372375,53373002,627,13248
53373002,53374158,1156,22574
53374158,53375313,1155,1043
53375313,53376311,998,72210
53376311,53377364,1053,139387
53377364,53377621,257,72207
53377621,53378708,1087,290361
53378708,53379369,661,39910
53379369,53380481,1112,115046
53380481,53381539,1058,131113
53381539,53382348,809,143893
53382348,53382611,263,15305
53382611,53383927,1316,124221
53383927,53385278,1351,152267
53385278,53386544,1266,11546
53386544,53387617,1073,275885
53387617,53387868,251,48377
53387868,53389091,1223,115686
53389091,53390274,1183,170956
53390274,53390967,693,245691
53390967,53392198,1231,126410
53392198,53393361,1163,14653
53393361,53394511,1150,37090
53394511,53395467,956,147045
53395467,53396650,1183,293529
53396650,53397926,1276,3961
53397926,53398521,595,246892
53398521,53399559,1038,294554
53399559,53400742,1183,92820
53400742,53401797,1055,102250
53401797,53402218,421,104483
53402218,53403445,1227,156154
53403445,53404640,1195,161166
53404640,53405839,1199,101832
53405839,53406016,177,6525
53406016,53407069,1053,139710
53407069,53408364,1295,234100
53408364,53408677,313,107479
53408677,53409211,534,82558
53409211,53410213,1002,156015
53410213,53411309,1096,25951
53411309,53412291,982,300208
53412291,53413443,1152,161102
53413443,53414299,856,177234
53414299,53415491,1192,49755
53415491,53416634,1143,147173
53416634,53417825,1191,31603
53417825,53419061,1236,4687
53419061,53420264,1203,39515
53420264,53420467,203,232057
53420467,53421320,853,44576
53421320,53422666,1346,216563
53422666,53423760,1094,126965
53423760,53424882,1122,123268
53424882,53425938,1056,48032
53425938,53427114,1176,154697
53427114,53428326,1212,162375
53428326,53429509,1183,363
53429509,53429802,293,187018
53429802,53431091,1289,139681
53431091,53432353,1262,105394
53432353,53433394,1041,133273
53433394,53434599,1205,176683
53434599,53435903,1304,8689
53435903,53436982,1079,83706
53436982,53438133,1151,254948
53438133,53439431,1298,133220
53439431,53440667,1236,22178
53440667,53441752,1085,147045
53441752,53442901,1149,9321
53442901,53444097,1196,160953
53444097,53444818,721,136280
53444818,53446077,1259,72311
53446077,53447212,1135,127732
53447212,53448569,1357,146437
53448569,53449308,739,130127
53449308,53449783,475,231862
53449783,53450610,827,28465
53450610,53451624,1014,67860
53451624,53452857,1233,240992
53452857,53454032,1175,14013
53454032,53455116,1084,76044
53455116,53456244,1128,141148
53456244,53457274,1030,130225
53457274,53458319,1045,121080
53458319,53459576,1257,61422
53459576,53460040,464,39478
53460040,53461229,1189,122443
53461229,53462344,1115,294554
53462344,53463551,1207,114468
53463551,53464733,1182,117095
53464733,53465904,1171,155968
53465904,53466861,957,121543
53466861,53467891,1030,125140
53467891,53468972,1081,118112
53468972,53470063,1091,101283
53470063,53471302,1239,87766
53471302,53472522,1220,1133
53472522,53473653,1131,44912
53473653,53474763,1110,700
53474763,53475886,1123,163597
53475886,53477124,1238,121140
53477124,53477927,803,11049
53477927,53479025,1098,163527
53479025,53479767,742,67857
53479767,53480940,1173,135221
53480940,53481931,991,126929
53481931,53482998,1067,159386
53482998,53483416,418,29120
53483416,53484472,1056,52088
53484472,53485649,1177,91072
53485649,53486551,902,26558
53486551,53487723,1172,129324
53487723,53488922,1199,124368
53488922,53490158,1236,125941
53490158,53491388,1230,16802
53491388,53492210,822,129805
53492210,53492956,746,274375
53492956,53493397,441,163384
53493397,53494596,1199,132882
53494596,53494905,309,67233
53494905,53495930,1025,125118
53495930,53496958,1028,65772
53496958,53498056,1098,87508
53498056,53499119,1063,184447
53499119,53500262,1143,125941
53500262,53501292,1030,123283
53501292,53502265,973,138043
53502265,53503561,1296,64300
53503561,53503953,392,139009
53503953,53505271,1318,83708
53505271,53506475,1204,147967
53506475,53507539,1064,157243
53507539,53508792,1253,155646
53508792,53509638,846,26987
53509638,53510908,1270,64713
53510908,53512179,1271,136610
53512179,53513405,1226,39967
53513405,53514043,638,187464
53514043,53515303,1260,141209
53515303,53516468,1165,84447
53516468,53517711,1243,58193
53517711,53518872,1161,130489
53518872,53519507,635,82558
53519507,53520706,1199,156154
53520706,53521586,880,284269
53521586,53522742,1156,122828
53522742,53523863,1121,138488
53523863,53524242,379,86683
53524242,53525459,1217,128145
53525459,53526715,1256,136458
53526715,53527972,1257,168500
53527972,53529244,1272,85685
53529244,53530288,1044,290349
53530288,53531532,1244,7793
53531532,53532698,1166,67147
53532698,53533890,1192,157830
53533890,53534462,572,14497
53534462,53535606,1144,135022
53535606,53536539,933,122655
53536539,53537337,798,5083
53537337,53538614,1277,121541
53538614,53539736,1122,290361
53539736,53540931,1195,134420
53540931,53542151,1220,168626
53542151,53543342,1191,4861
53543342,53544073,731,122451
53544073,53544310,237,32139
53544310,53545191,881,56175
53545191,53546473,1282,59234
53546473,53547845,1372,56777
53547845,53548792,947,276732
53548792,53549874,1082,71420
53549874,53551195,1321,139325
53551195,53552302,1107,144485
53552302,53553635,1333,139358
53553635,53554666,1031,125883
53554666,53555656,990,87547
53555656,53556893,1237,234067
53556893,53558129,1236,52087
53558129,53559068,939,5703
53559068,53560298,1230,292138
53560298,53561444,1146,64974
53561444,53562725,1281,130127
53562725,53563938,1213,8890
53563938,53564188,250,126965
53564188,53565337,1149,132707
53565337,53566644,1307,124990
53566644,53567655,1011,105171
53567655,53568777,1122,128761
53568777,53569864,1087,39970
53569864,53570195,331,290047
53570195,53571327,1132,5417
53571327,53572523,1196,166683
53572523,53573650,1127,70843
53573650,53574829,1179,134316
53574829,53576038,1209,110243
53576038,53577240,1202,86026
53577240,53578319,1079,29092
53578319,53578548,229,284435
53578548,53579623,1075,130103
53579623,53580697,1074,57837
53580697,53581938,1241,167024
53581938,53582803,865,10347
53582803,53584150,1347,44576
53584150,53584921,771,139356
53584921,53586101,1180,39648
53586101,53587378,1277,138074
53587378,53587994,616,158081
53587994,53588784,790,130727
53588784,53590019,1235,133220
53590019,53591267,1248,178449
53591267,53591603,336,144965
53591603,53592791,1188,293957
53592791,53593935,1144,140071
53593935,53595172,1237,130549
53595172,53596432,1260,65534
53596432,53597526,1094,64956
53597526,53598135,609,129388
53598135,53599318,1183,105171
53599318,53600588,1270,109173
53600588,53601379,791,57837
53601379,53602630,1251,68359
53602630,53603817,1187,216564
53603817,53604914,1097,73961
53604914,53605769,855,8912
53605769,53606990,1221,142744
53606990,53608163,1173,70837
53608163,53609380,1217,140040
53609380,53610655,1275,302111
53610655,53611834,1179,289453
53611834,53612436,602,170453
53612436,53613708,1272,68344
53613708,53614993,1285,139710
53614993,53615706,713,30101
53615706,53616901,1195,140639
53616901,53618167,1266,4690
53618167,53619370,1203,58090
53619370,53620564,1194,168497
53620564,53621613,1049,125147
53621613,53622794,1181,142727
53622794,53623604,810,86679
53623604,53623811,207,134312
53623811,53625049,1238,8674
53625049,53626312,1263,6525
53626312,53627536,1224,11546
53627536,53628455,919,157054
53628455,53629616,1161,163612
53629616,53630772,1156,122467
53630772,53631914,1142,94526
53631914,53632998,1084,124547
53632998,53634085,1087,137106
53634085,53635267,1182,73957
53635267,53636431,1164,160958
53636431,53637632,1201,134816
53637632,53638924,1292,123135
53638924,53639927,1003,162253
53639927,53640385,458,232690
53640385,53641317,932,285135
53641317,53642425,1108,134816
53642425,53643561,1136,125943
53643561,53644712,1151,110127
53644712,53645963,1251,17942
53645963,53647077,1114,122443
53647077,53648090,1013,16020
53648090,53649279,1189,139730
53649279,53650559,1280,133471
53650559,53651820,1261,52088
53651820,53653049,1229,158781
53653049,53654196,1147,57154
53654196,53655378,1182,287359
53655378,53656336,958,7884
53656336,53657594,1258,44585
53657594,53658640,1046,141642
53658640,53659887,1247,132484
53659887,53660140,253,61741
53660140,53661303,1163,105002
53661303,53662504,1201,132891
53662504,53663611,1107,126312
53663611,53664752,1141,133225
53664752,53665715,963,34572
53665715,53666595,880,138043
53666595,53667604,1009,122614
53667604,53668775,1171,279153
53668775,53670113,1338,254948
53670113,53671327,1214,126851
53671327,53672556,1229,144485
53672556,53673787,1231,18005
53673787,53675067,1280,92812
53675067,53676317,1250,138113
53676317,53676786,469,295759
53676786,53677576,790,133290
53677576,53678773,1197,69412
53678773,53680042,1269,146346
53680042,53681290,1248,170440
53681290,53682527,1237,1187
53682527,53683611,1084,8592
53683611,53684042,431,6557
53684042,53684445,403,182402
53684445,53685637,1192,134121
53685637,53686898,1261,150469
53686898,53688044,1146,136271
53688044,53689149,1105,75939
53689149,53690373,1224,6398
53690373,53691325,952,85685
53691325,53692477,1152,147110
53692477,53693414,937,164187
53693414,53694241,827,296159
53694241,53695431,1190,18524
53695431,53696597,1166,122944
53696597,53697104,507,140725
53697104,53698123,1019,153728
53698123,53699340,1217,133273
53699340,53700459,1119,280380
53700459,53701671,1212,9914
53701671,53702471,800,168500
53702471,53703439,968,139612
53703439,53704386,947,144135
53704386,53705656,1270,134170
53705656,53706689,1033,128761
53706689,53706932,243,10673
53706932,53708059,1127,166436
53708059,53708392,333,170952
53708392,53709441,1049,139404
53709441,53710329,888,53320
53710329,53711342,1013,66347
53711342,53712149,807,232691
53712149,53713414,1265,160438
53713414,53714389,975,125084
53714389,53715474,1085,123284
53715474,53716757,1283,68762
53716757,53717209,452,104391
53717209,53717953,744,130127
53717953,53719087,1134,144987
53719087,53719484,397,139730
53719484,53720330,846,124990
53720330,53721305,975,290351
53721305,53722429,1124,126739
53722429,53723650,1221,139035
53723650,53724395,745,111961
53724395,53725731,1336,99156
53725731,53726122,391,131890
53726122,53727362,1240,143321
53727362,53728556,1194,11077
53728556,53729487,931,143948
53729487,53730633,1146,163518
53730633,53731854,1221,132782
53731854,53733020,1166,12926
53733020,53734276,1256,155151
53734276,53735284,1008,57180
53735284,53736489,1205,155949
53736489,53737642,1153,139291
53737642,53738755,1113,124368
53738755,53739920,1165,59239
53739920,53740972,1052,49755
53740972,53742040,1068,122451
53742040,53743097,1057,290047
53743097,53744329,1232,130494
53744329,53745589,1260,155949
53745589,53746625,1036,164187
53746625,53747421,796,137588
53747421,53748482,1061,156967
53748482,53749436,954,296465
53749436,53750676,1240,133424
53750676,53751933,1257,62558
53751933,53752991,1058,284435
53752991,53754265,1274,283228
53754265,53755478,1213,138486
53755478,53756139,661,136054
53756139,53756380,241,122025
53756380,53757388,1008,148522
53757388,53758673,1285,146346
53758673,53759136,463,176854
53759136,53760361,1225,71550
53760361,53761434,1073,16632
53761434,53762498,1064,758
53762498,53763710,1212,126959
53763710,53764806,1096,62851
53764806,53765479,673,129808
53765479,53766673,1194,130994
53766673,53767891,1218,61356
53767891,53768604,713,134830
53768604,53769891,1287,76574
53769891,53771161,1270,19376
53771161,53772315,1154,175390
53772315,53773346,1031,134149
53773346,53774557,1211,117899
53774557,53775624,1067,142311
53775624,53776885,1261,59268
53776885,53778034,1149,48362
53778034,53779169,1135,61317
53779169,53780260,1091,258959
53780260,53781459,1199,66176
53781459,53782744,1285,55927
53782744,53783733,989,32137
53783733,53784933,1200,130560
53784933,53786249,1316,121080
53786249,53787422,1173,39661
53787422,53788697,1275,143893
53788697,53789033,336,129393
53789033,53789657,624,160187
53789657,53790661,1004,64956
53790661,53791966,1305,127703
53791966,53793003,1037,81870
53793003,53794208,1205,130131
53794208,53794974,766,104888
53794974,53795935,961,158744
53795935,53796419,484,212
53796419,53797720,1301,46712
53797720,53798489,769,141174
53798489,53798990,501,36641
53798990,53800154,1164,129011
53800154,53801445,1291,132568
53801445,53802380,935,142824
53802380,53803449,1069,39970
53803449,53804665,1216,66465
53804665,53805702,1037,140041
53805702,53806821,1119,1560
53806821,53807956,1135,120325
53807956,53809055,1099,287671
53809055,53810123,1068,18524
53810123,53811343,1220,8689
53811343,53812640,1297,135220
53812640,53813771,1131,138656
53813771,53814482,711,36641
53814482,53815673,1191,128329
53815673,53816248,575,19371
53816248,53817432,1184,287660
53817432,53817980,548,163380
53817980,53819289,1309,49750
53819289,53820610,1321,121741
53820610,53821489,879,32139
53821489,53822845,1356,61781
53822845,53823835,990,19373
53823835,53824933,1098,87791
53824933,53826147,1214,135264
53826147,53827499,1352,216563
53827499,53828635,1136,91906
53828635,53829059,424,40556
53829059,53830064,1005,162130
53830064,53830753,689,279775
53830753,53832005,1252,88489
53832005,53833148,1143,109185
53833148,53834112,964,90847
53834112,53835382,1270,61316
53835382,53836492,1110,94526
53836492,53837464,972,83633
53837464,53838707,1243,294120
53838707,53839441,734,160958
53839441,53840524,1083,291384
53840524,53841737,1213,10347
53841737,53842170,433,280380
53842170,53843112,942,4691
53843112,53844304,1192,121543
53844304,53845259,955,32135
53845259,53846379,1120,259009
53846379,53847035,656,121760
53847035,53847558,523,291381
53847558,53848485,927,133220
53848485,53848814,329,291379
53848814,53850039,1225,140725
53850039,53850648,609,8689
53850648,53851720,1072,3967
53851720,53852843,1123,144485
53852843,53853761,918,120330
53853761,53854846,1085,73728
53854846,53855211,365,258960
53855211,53856193,982,131735
53856193,53857302,1109,130878
53857302,53858375,1073,56222
53858375,53859565,1190,126965
53859565,53860762,1197,9010
53860762,53861911,1149,131040
53861911,53863053,1142,287358
53863053,53863537,484,231838
53863537,53864417,880,290363
53864417,53864822,405,92820
53864822,53865783,961,699
53865783,53867074,1291,10327
53867074,53868142,1068,121741
53868142,53869024,882,64713
53869024,53870243,1219,300343
53870243,53871473,1230,148962
53871473,53872518,1045,153733
53872518,53873401,883,131722
53873401,53874586,1185,101884
53874586,53875722,1136,134463
53875722,53876815,1093,101265
53876815,53877970,1155,153958
53877970,53879211,1241,129581
53879211,53880428,1217,101799
53880428,53881722,1294,254918
53881722,53882912,1190,135894
53882912,53884143,1231,57416
53884143,53885426,1283,73295
53885426,53886445,1019,96151
53886445,53886941,496,142727
53886941,53888177,1236,11254
53888177,53889134,957,109174
53889134,53890332,1198,62850
53890332,53891292,960,14958
53891292,53892550,1258,67147
53892550,53893648,1098,5704
53893648,53894928,1280,123882
53894928,53895976,1048,290365
53895976,53897246,1270,158081
53897246,53898377,1131,123167
53898377,53899616,1239,144999
53899616,53900915,1299,29110
53900915,53902145,1230,58025
53902145,53903345,1200,105398
53903345,53904450,1105,123163
53904450,53905608,1158,23311
53905608,53906790,1182,126539
53906790,53907865,1075,130977
53907865,53909133,1268,170440
53909133,53909721,588,147110
53909721,53910422,701,160188
53910422,53911591,1169,126860
53911591,53912752,1161,756
53912752,53913918,1166,140718
53913918,53914902,984,94523
53914902,53916041,1139,122827
53916041,53917198,1157,84010
53917198,53918467,1269,86741
53918467,53919467,1000,56777
53919467,53920710,1243,134728
53920710,53921828,1118,137589
53921828,53922994,1166,185488
53922994,53924095,1101,72876
53924095,53925288,1193,142279
53925288,53926430,1142,45204
53926430,53927485,1055,134708
53927485,53928777,1292,80665
53928777,53930054,1277,68359
53930054,53931170,1116,133273
53931170,53932001,831,39501
53932001,53933088,1087,142279
53933088,53934301,1213,71550
53934301,53935398,1097,282386
53935398,53935593,195,134792
53935593,53936698,1105,41172
53936698,53937683,985,138074
53937683,53938199,516,1539
53938199,53939320,1121,11258
53939320,53939550,230,160602
53939550,53940808,1258,68888
53940808,53941109,301,88748
53941109,53942279,1170,131203
53942279,53943500,1221,284268
53943500,53943746,246,291107
53943746,53944993,1247,132650
53944993,53946152,1159,29110
53946152,53947248,1096,10701
53947248,53947715,467,134463
53947715,53948790,1075,134119
53948790,53950092,1302,96175
53950092,53951302,1210,29120
53951302,53952431,1129,130127
53952431,53953638,1207,55088
53953638,53954848,1210,6397
53954848,53956115,1267,117095
53956115,53957371,1256,63885
53957371,53958664,1293,57837
53958664,53959933,1269,137004
53959933,53961182,1249,259009
53961182,53962245,1063,122828
53962245,53962559,314,291384
53962559,53963628,1069,26496
53963628,53964746,1118,39840
53964746,53965849,1103,132866
53965849,53966988,1139,122827
53966988,53967897,909,246948
53967897,53969081,1184,102238
53969081,53970291,1210,173230
53970291,53971624,1333,131295
53971624,53972812,1188,154838
53972812,53973038,226,137483
53973038,53973245,207,133471
53973245,53974159,914,105167
53974159,53974693,534,75810
53974693,53975865,1172,135892
53975865,53976655,790,245691
53976655,53977415,760,166420
53977415,53978496,1081,143895
53978496,53979682,1186,70756
53979682,53980949,1267,129324
53980949,53982056,1107,156968
53982056,53983248,1192,44585
53983248,53983479,231,126965
53983479,53984782,1303,5341
53984782,53985998,1216,282383
53985998,53987144,1146,216564
53987144,53988217,1073,174511
53988217,53989310,1093,129515
53989310,53990134,824,19361
53990134,53990416,282,121799
53990416,53991740,1324,127685
53991740,53992481,741,41151
53992481,53993385,904,112057
53993385,53994485,1100,163612
53994485,53994970,485,121068
53994970,53996235,1265,132280
53996235,53996693,458,132710
53996693,53997547,854,11077
53997547,53998510,963,141235
53998510,53999275,765,121130
53999275,54000544,1269,55856
54000544,54001591,1047,167609
54001591,54002792,1201,170976
54002792,54003910,1118,286306
54003910,54005133,1223,43306
54005133,54005942,809,122443
54005942,54006137,195,71402
54006137,54007329,1192,40544
54007329,54008437,1108,133225
54008437,54009518,1081,101836
54009518,54010011,493,258283
54010011,54011130,1119,216570
54011130,54012356,1226,76974
54012356,54013525,1169,157830
54013525,54013951,426,64956
54013951,54014739,788,275885
54014739,54015780,1041,127936
54015780,54016852,1072,281132
54016852,54017123,271,136458
54017123,54018343,1220,74798
54018343,54019488,1145,105386
54019488,54020582,1094,163519
54020582,54021828,1246,134991
54021828,54023085,1257,152864
54023085,54024285,1200,149033
54024285,54025186,901,135020
54025186,54026411,1225,293663
54026411,54027520,1109,723
54027520,54028805,1285,245707
54028805,54030051,1246,126851
54030051,54030834,783,101799
54030834,54031999,1165,11535
54031999,54032743,744,89880
54032743,54033784,1041,4136
54033784,54035153,1369,122789
54035153,54036356,1203,54613
54036356,54037491,1135,152825
54037491,54038731,1240,155151
54038731,54039711,980,129994
54039711,54040958,1247,4275
54040958,54041992,1034,64298
54041992,54043134,1142,137483
54043134,54044307,1173,141135
54044307,54045390,1083,107520
54045390,54046536,1146,121140
54046536,54047756,1220,11533
54047756,54048836,1080,128240
54048836,54049889,1053,171138
54049889,54050521,632,138043
54050521,54051223,702,75791
54051223,54052381,1158,91072
54052381,54053389,1008,44937
54053389,54053653,264,48830
54053653,54054930,1277,295756
54054930,54056168,1238,64738
54056168,54057239,1071,1189
54057239,54058489,1250,124368
54058489,54058994,505,142363
54058994,54059921,927,152262
54059921,54060964,1043,13364
54060964,54062243,1279,130625
54062243,54063458,1215,152264
54063458,54064645,1187,131296
54064645,54065812,1167,162375
54065812,54067028,1216,290363
54067028,54067906,878,155520
54067906,54069035,1129,52088
54069035,54070304,1269,121024
54070304,54071154,850,92814
54071154,54072286,1132,123215
54072286,54073519,1233,157066
54073519,54073802,283,5097
54073802,54074759,957,143484
54074759,54075960,1201,159386
54075960,54077139,1179,20410
54077139,54078051,912,39749
54078051,54079328,1277,121760
54079328,54080478,1150,274380
54080478,54081713,1235,48848
54081713,54083007,1294,38026
54083007,54084280,1273,123036
54084280,54085526,1246,75365
54085526,54086739,1213,73972
54086739,54087967,1228,134312
54087967,54088908,941,131040
54088908,54089633,725,129514
54089633,54090672,1039,142358
54090672,54091750,1078,52088
54091750,54092905,1155,134120
54092905,54093818,913,76973
54093818,54094651,833,36633
54094651,54095831,1180,183239
54095831,54097044,1213,39476
54097044,54098167,1123,129325
54098167,54099404,1237,143477
54099404,54099939,535,145138
54099939,54100957,1018,13270
54100957,54101274,317,143484
54101274,54101966,692,130093
54101966,54103153,1187,102232
54103153,54104256,1103,4654
54104256,54105360,1104,121024
54105360,54106254,894,50778
54106254,54106965,711,63101
54106965,54108265,1300,12538
54108265,54109546,1281,130974
54109546,54110753,1207,274380
54110753,54111850,1097,66470
54111850,54112415,565,163606
54112415,54112752,337,142824
54112752,54113887,1135,11079
54113887,54115204,1317,147990
54115204,54115540,336,1189
54115540,54116818,1278,7943
54116818,54116974,156,168199
54116974,54118153,1179,133447
54118153,54118745,592,14677
54118745,54119923,1178,171137
54119923,54121195,1272,130105
54121195,54122354,1159,163935
54122354,54123475,1121,11533
54123475,54123778,303,138617
54123778,54124701,923,106800
54124701,54125735,1034,51163
54125735,54126666,931,102232
54126666,54127031,365,139717
54127031,54128255,1224,138866
54128255,54129614,1359,70843
54129614,54130076,462,287657
54130076,54131149,1073,134149
54131149,54132379,1230,170453
54132379,54133598,1219,132530
54133598,54134775,1177,126209
54134775,54135941,1166,122827
54135941,54137194,1253,6506
54137194,54138215,1021,30105
54138215,54139088,873,138617
54139088,54140345,1257,140639
54140345,54141523,1178,28384
54141523,54141826,303,131256
54141826,54142875,1049,32135
54142875,54144036,1161,123059
54144036,54145090,1054,136054
54145090,54146152,1062,135635
54146152,54147143,991,275218
54147143,54148240,1097,35926
54148240,54148832,592,135891
54148832,54149137,305,132777
54149137,54149906,769,7884
54149906,54150813,907,293531
54150813,54151742,929,89388
54151742,54152885,1143,23281
54152885,54153528,643,147045
54153528,54154608,1080,5341
54154608,54155865,1257,9920
54155865,54156765,900,296078
54156765,54157850,1085,21305
54157850,54159025,1175,86026
54159025,54160102,1077,258283
54160102,54161190,1088,130974
54161190,54162282,1092,7591
54162282,54163489,1207,122825
54163489,54164069,580,123267
54164069,54165292,1223,87997
54165292,54166269,977,171134
54166269,54167547,1278,43296
54167547,54167997,450,132717
54167997,54168794,797,232057
54168794,54169025,231,48842
54169025,54169617,592,13250
54169617,54170738,1121,286306
54170738,54171851,1113,123197
54171851,54172800,949,157243
54172800,54173696,896,130164
54173696,54174964,1268,19366
54174964,54176193,1229,39477
54176193,54177301,1108,293663
54177301,54178482,1181,178450
54178482,54179459,977,134425
54179459,54180651,1192,47237
54180651,54181802,1151,74797
54181802,54182701,899,127685
54182701,54183999,1298,163612
54183999,54185198,1199,138656
54185198,54186385,1187,149890
54186385,54187096,711,129388
54187096,54188113,1017,254949
54188113,54188762,649,47238
54188762,54189554,792,287657
54189554,54190335,781,4691
54190335,54191640,1305,77778
54191640,54191868,228,44912
54191868,54193057,1189,84448
54193057,54194303,1246,162375
54194303,54195380,1077,150915
54195380,54196647,1267,4861
54196647,54197404,757,5758
54197404,54198765,1361,91192
54198765,54200017,1252,122545
54200017,54200566,549,148529
54200566,54201187,621,24732
54201187,54202167,980,124990
54202167,54203408,1241,170956
54203408,54204602,1194,137589
54204602,54205837,1235,278217
54205837,54206178,341,139308
54206178,54207301,1123,163505
54207301,54208330,1029,92200
54208330,54209544,1214,10801
54209544,54209828,284,112061
54209828,54210606,778,162667
54210606,54211766,1160,143946
54211766,54212777,1011,59167
54212777,54213588,811,124164
54213588,54214631,1043,118112
54214631,54215871,1240,45218
54215871,54216203,332,143948
54216203,54217325,1122,137483
54217325,54218498,1173,105405
54218498,54219480,982,287357
54219480,54220695,1215,143022
54220695,54221967,1272,92820
54221967,54222412,445,61316
54222412,54223541,1129,128633
54223541,54224722,1181,48362
54224722,54225235,513,131203
54225235,54226413,1178,31668
54226413,54227456,1043,7591
54227456,54228604,1148,50776
54228604,54229903,1299,81881
54229903,54231185,1282,124549
54231185,54232208,1023,164327
54232208,54232487,279,98876
54232487,54233709,1222,69422
54233709,54234797,1088,133224
54234797,54235757,960,90852
54235757,54236936,1179,295761
54236936,54238134,1198,133263
54238134,54239332,1198,30105
54239332,54240436,1104,63841
54240436,54241628,1192,398
54241628,54242662,1034,14976
54242662,54243857,1195,88086
54243857,54244475,618,142824
54244475,54245727,1252,724
54245727,54246773,1046,122451
54246773,54247078,305,40571
54247078,54248134,1056,130544
54248134,54248541,407,163402
54248541,54249555,1014,296159
54249555,54250527,972,147968
54250527,54251250,723,8675
54251250,54252119,869,128309
54252119,54253364,1245,126965
54253364,54254449,1085,85635
54254449,54255702,1253,142318
54255702,54256699,997,9210
54256699,54257413,714,76046
54257413,54258764,1351,39478
54258764,54259709,945,114476
54259709,54260903,1194,141268
54260903,54261190,287,19373
54261190,54262264,1074,126313
54262264,54263497,1233,130878
54263497,54264616,1119,116804
54264616,54265712,1096,284269
54265712,54266896,1184,102381
54266896,54268091,1195,110243
54268091,54269312,1221,155646
54269312,54270448,1136,108638
54270448,54271563,1115,126961
54271563,54272693,1130,36641
54272693,54273313,620,16802
54273313,54274423,1110,6397
54274423,54275081,658,10347
54275081,54276263,1182,287139
54276263,54277308,1045,45218
54277308,54278335,1027,7793
54278335,54279438,1103,123268
54279438,54280785,1347,116805
54280785,54281754,969,127685
54281754,54282878,1124,144987
54282878,54284074,1196,142858
54284074,54284751,677,220951
54284751,54285707,956,276939
54285707,54286089,382,91192
54286089,54287263,1174,137770
54287263,54288436,1173,125123
54288436,54288621,185,32139
54288621,54289746,1125,36633
54289746,54290020,274,157054
54290020,54291057,1037,148522
54291057,54292087,1030,224746
54292087,54293292,1205,115047
54293292,54294486,1194,116805
54294486,54295352,866,129623
54295352,54296458,1106,281188
54296458,54297478,1020,125147
54297478,54298723,1245,108640
54298723,54299585,862,298549
54299585,54300826,1241,85685
54300826,54301066,240,220952
54301066,54302194,1128,135022
54302194,54303218,1024,58868
54303218,54304222,1004,143521
54304222,54305421,1199,124547
54305421,54306708,1287,37090
54306708,54307807,1099,259009
54307807,54308769,962,138488
54308769,54309168,399,63885
54309168,54310371,1203,147159
54310371,54311506,1135,21493
54311506,54312629,1123,14936
54312629,54313827,1198,105002
54313827,54314665,838,32658
54314665,54315924,1259,132530
54315924,54316987,1063,147159
54316987,54318130,1143,47032
54318130,54319352,1222,142896
54319352,54320331,979,83607
54320331,54321622,1291,77173
54321622,54322196,574,126965
54322196,54323434,1238,39749
54323434,54324371,937,126851
54324371,54324846,475,129388
54324846,54325792,946,88484
54325792,54327077,1285,110238
54327077,54327818,741,252341
54327818,54329114,1296,125140
54329114,54330230,1116,63713
54330230,54330873,643,133290
54330873,54331812,939,281132
54331812,54333047,1235,276735
54333047,54334326,1279,278220
54334326,54335532,1206,119637
54335532,54336787,1255,136863
54336787,54337951,1164,283462
54337951,54338800,849,132705
54338800,54340045,1245,137627
54340045,54341173,1128,149890
54341173,54342322,1149,14497
54342322,54342745,423,127537
54342745,54343781,1036,135897
54343781,54344932,1151,30105
54344932,54346041,1109,121799
54346041,54347309,1268,140222
54347309,54348588,1279,145742
54348588,54349047,459,29012
54349047,54350237,1190,61356
54350237,54351086,849,9174
54351086,54352339,1253,101854
54352339,54353483,1144,131004
54353483,54354720,1237,138042
54354720,54355970,1250,109662
54355970,54357141,1171,145742
54357141,54357830,689,28465
54357830,54358803,973,138033
54358803,54359916,1113,125127
54359916,54360963,1047,167597
54360963,54362174,1211,43322
54362174,54363034,860,34479
54363034,54363649,615,700
54363649,54364656,1007,131704
54364656,54365917,1261,147971
54365917,54367094,1177,170212
54367094,54368071,977,127704
54368071,54369202,1131,78885
54369202,54369434,232,130093
54369434,54370646,1212,93470
54370646,54371774,1128,121541
54371774,54373034,1260,98644
54373034,54374239,1205,126739
54374239,54375352,1113,86026
54375352,54376398,1046,176256
54376398,54377407,1009,170951
54377407,54378336,929,128990
54378336,54379560,1224,281187
54379560,54380769,1209,48525
54380769,54381145,376,107483
54381145,54382246,1101,61780
54382246,54383347,1101,174992
54383347,54384568,1221,19209
54384568,54385555,987,76043
54385555,54386798,1243,5710
54386798,54388030,1232,168500
54388030,54389235,1205,47541
54389235,54390452,1217,176854
54390452,54391561,1109,39501
54391561,54392007,446,9174
54392007,54393127,1120,10160
54393127,54394368,1241,293663
54394368,54395713,1345,216570
54395713,54396935,1222,291170
54396935,54398069,1134,168626
54398069,54399368,1299,105383
54399368,54400433,1065,14358
54400433,54401399,966,168500
54401399,54401588,189,88748
54401588,54401856,268,152224
54401856,54403139,1283,277898
54403139,54404366,1227,154697
54404366,54405591,1225,132891
54405591,54406439,848,279153
54406439,54407064,625,141148
54407064,54408195,1131,108638
54408195,54409450,1255,10988
54409450,54410400,950,78885
54410400,54411453,1053,73961
54411453,54412210,757,109507
54412210,54413437,1227,10701
54413437,54414570,1133,122614
54414570,54415742,1172,101289
54415742,54416040,298,132848
54416040,54417237,1197,128344
54417237,54418189,952,154673
54418189,54419318,1129,68369
54419318,54419662,344,110742
54419662,54420565,903,132530
54420565,54421015,450,258263
54421015,54422362,1347,61316
54422362,54423617,1255,138033
54423617,54424769,1152,39501
54424769,54425733,964,163380
54425733,54426820,1087,135657
54426820,54428120,1300,91906
54428120,54429235,1115,95959
54429235,54430570,1335,118112
54430570,54431568,998,30106
54431568,54432748,1180,102250
54432748,54433934,1186,134786
54433934,54434480,546,129443
54434480,54435567,1087,117899
54435567,54436865,1298,294690
54436865,54437339,474,158744
54437339,54438231,892,262269
54438231,54438968,737,270778
54438968,54440235,1267,137106
54440235,54441226,991,28380
54441226,54442239,1013,63105
54442239,54443365,1126,46267
54443365,54444198,833,130229
54444198,54444824,626,15446
54444824,54445947,1123,121541
54445947,54446916,969,110243
54446916,54448177,1261,10642
54448177,54449060,883,28247
54449060,54450265,1205,135657
54450265,54451596,1331,166420
54451596,54452447,851,103126
54452447,54453748,1301,6506
54453748,54455003,1255,91072
54455003,54456011,1008,26496
54456011,54457195,1184,10088
54457195,54458259,1064,137627
54458259,54459491,1232,291608
54459491,54460706,1215,134451
54460706,54461859,1153,96498
54461859,54462915,1056,138548
54462915,54463800,885,58025
54463800,54464825,1025,131040
54464825,54466011,1186,135636
54466011,54467232,1221,27504
54467232,54468347,1115,44577
54468347,54469608,1261,156757
54469608,54469939,331,90847
54469939,54471142,1203,220952
54471142,54471615,473,131722
54471615,54472682,1067,174953
54472682,54473678,996,24732
54473678,54474818,1140,157636
54474818,54475475,657,216563
54475475,54476395,920,80192
54476395,54477450,1055,55856
54477450,54478636,1186,124520
54478636,54479728,1092,70998
54479728,54480868,1140,130989
54480868,54481923,1055,126794
54481923,54483155,1232,121449
54483155,54484473,1318,163402
54484473,54485469,996,73024
54485469,54486413,944,122441
54486413,54487512,1099,122944
54487512,54488670,1158,143895
54488670,54489381,711,150715
54489381,54490570,1189,142363
54490570,54491722,1152,295710
54491722,54492302,580,126965
54492302,54493837,1535,92427
54493837,54494684,847,123192
54494684,54495939,1255,145083
54495939,54497157,1218,161100
54497157,54498073,916,139009
54498073,54499240,1167,300208
54499240,54499760,520,22179
54499760,54500751,991,281188
54500751,54501480,729,121127
54501480,54502109,629,138033
54502109,54503391,1282,104717
54503391,54504706,1315,89882
54504706,54505137,431,14672
54505137,54505500,363,231838
54505500,54506773,1273,133442
54506773,54507237,464,121331
54507237,54508190,953,124990
54508190,54509397,1207,73729
54509397,54510041,644,5330
54510041,54511285,1244,130625
54511285,54512484,1199,123133
54512484,54513749,1265,292252
54513749,54514943,1194,11049
54514943,54516097,1154,102250
54516097,54516760,663,131259
54516760,54517479,719,284268
54517479,54518698,1219,47032
54518698,54519836,1138,61742
54519836,54521036,1200,294113
54521036,54522253,1217,292604
54522253,54522580,327,168199
54522580,54523729,1149,57837
54523729,54524975,1246,61777
54524975,54526076,1101,19585
54526076,54527118,1042,1129
54527118,54528022,904,127696
54528022,54528632,610,19208
54528632,54529749,1117,132718
54529749,54531015,1266,86777
54531015,54532169,1154,141613
54532169,54533448,1279,279363
54533448,54534532,1084,723
54534532,54535678,1146,8890
54535678,54536801,1123,160958
54536801,54538094,1293,174953
54538094,54539296,1202,139324
54539296,54540550,1254,58090
54540550,54541784,1234,163384
54541784,54542952,1168,70919
54542952,54544082,1130,64290
54544082,54545177,1095,224746
54545177,54546381,1204,296159
54546381,54546877,496,142362
54546877,54548028,1151,71405
54548028,54549051,1023,142752
54549051,54550290,1239,124224
54550290,54550512,222,19208
54550512,54551620,1108,132601
54551620,54552715,1095,75810
54552715,54554005,1290,113273
54554005,54555254,1249,5703
54555254,54556279,1025,134707
54556279,54557225,946,75360
54557225,54558277,1052,294554
54558277,54559563,1286,20410
54559563,54559966,403,169619
54559966,54560919,953,245708
54560919,54561315,396,123269
54561315,54562484,1169,137106
54562484,54563753,1269,121541
54563753,54564538,785,171134
54564538,54565653,1115,127518
54565653,54566176,523,133273
54566176,54567365,1189,216563
54567365,54568365,1000,138488
54568365,54569572,1207,46712
54569572,54570791,1219,126312
54570791,54572069,1278,14677
54572069,54572859,790,156724
54572859,54574122,1263,298549
54574122,54575262,1140,291609
54575262,54576443,1181,131295
54576443,54576986,543,124224
54576986,54577249,263,66347
54577249,54577978,729,76574
54577978,54579023,1045,164927
54579023,54580154,1131,54613
54580154,54581319,1165,231836
54581319,54582222,903,125123
54582222,54582810,588,285314
54582810,54583905,1095,121106
54583905,54585069,1164,287659
54585069,54585465,396,32135
54585465,54586271,806,171133
54586271,54587397,1126,86777
54587397,54588706,1309,152831
54588706,54589802,1096,39971
54589802,54590973,1171,171133
54590973,54591112,139,129393
54591112,54592290,1178,160438
54592290,54593255,965,138045
54593255,54594522,1267,127518
54594522,54595509,987,104606
54595509,54596708,1199,270778
54596708,54597250,542,6397
54597250,54598119,869,165428
54598119,54599423,1304,131228
54599423,54600444,1021,157263
54600444,54601547,1103,64738
54601547,54602444,897,120282
54602444,54603419,975,131295
54603419,54604222,803,6524
54604222,54605528,1306,12707
54605528,54606537,1009,121068
54606537,54607723,1186,258283
54607723,54608786,1063,170440
54608786,54609304,518,127732
54609304,54610537,1233,10089
54610537,54611409,872,141642
54611409,54611720,311,121799
54611720,54612964,1244,12926
54612964,54613921,957,145733
54613921,54614999,1078,164187
54614999,54615774,775,67233
54615774,54616972,1198,124595
54616972,54617967,995,155151
54617967,54619170,1203,67863
54619170,54620458,1288,10172
54620458,54621681,1223,57831
54621681,54622864,1183,284435
54622864,54624053,1189,131882
54624053,54625183,1130,139753
54625183,54626438,1255,142279
54626438,54627348,910,110054
54627348,54628451,1103,126929
54628451,54629048,597,34479
54629048,54629735,687,159228
54629735,54630795,1060,112761
54630795,54631500,705,130627
54631500,54632763,1263,123882
54632763,54634002,1239,12103
54634002,54635079,1077,75807
54635079,54636144,1065,105574
54636144,54637220,1076,39967
54637220,54638304,1084,290361
54638304,54639518,1214,52195
54639518,54640762,1244,77779
54640762,54641420,658,138033
54641420,54642670,1250,66465
54642670,54642830,160,187464
54642830,54643753,923,285896
54643753,54644778,1025,130977
54644778,54646381,1603,85685
54646381,54646922,541,130093
54646922,54647825,903,73024
54647825,54648920,1095,258283
54648920,54650182,1262,10801
54650182,54651460,1278,122863
54651460,54651817,357,123882
54651817,54652254,437,5776
54652254,54653451,1197,18005
54653451,54654698,1247,156017
54654698,54655782,1084,76046
54655782,54656937,1155,143262
54656937,54658028,1091,276735
54658028,54659118,1090,114476
54659118,54660291,1173,281472
54660291,54660496,205,184447
54660496,54661707,1211,28462
54661707,54662826,1119,138033
54662826,54664019,1193,4731
54664019,54664342,323,132891
54664342,54665573,1231,147970
54665573,54665788,215,163380
54665788,54667042,1254,171109
54667042,54668139,1097,159386
54668139,54669410,1271,126209
54669410,54670524,1114,129064
54670524,54671366,842,105171
54671366,54672584,1218,71401
54672584,54673760,1176,121741
54673760,54674827,1067,157263
54674827,54676022,1195,101265
54676022,54677122,1100,91801
54677122,54678384,1262,279856
54678384,54679573,1189,68762
54679573,54680061,488,141209
54680061,54681262,1201,8689
54681262,54682509,1247,363
54682509,54683142,633,31668
54683142,54684004,862,122441
54684004,54684974,970,7944
54684974,54686173,1199,130728
54686173,54687376,1203,104979
54687376,54688643,1267,281187
54688643,54689732,1089,156977
54689732,54690990,1258,63841
54690990,54692209,1219,91906
54692209,54693303,1094,157861
54693303,54694551,1248,112011
54694551,54695076,525,131890
54695076,54696221,1145,121085
54696221,54697458,1237,58090
54697458,54698368,910,16802
54698368,54698893,525,88363
54698893,54700097,1204,157236
54700097,54701260,1163,120318
54701260,54702513,1253,84448
54702513,54703654,1141,170438
54703654,54704434,780,11512
54704434,54705537,1103,104491
54705537,54706568,1031,172156
54706568,54707448,880,130994
54707448,54708680,1232,166433
54708680,54709961,1281,145138
54709961,54711045,1084,139324
54711045,54712240,1195,39840
54712240,54713341,1101,64298
54713341,54713982,641,129443
54713982,54715081,1099,5912
54715081,54716247,1166,48513
54716247,54716978,731,61781
54716978,54718056,1078,57836
54718056,54719125,1069,62558
54719125,54720346,1221,2327
54720346,54721476,1130,148312
54721476,54722735,1259,44577
54722735,54723893,1158,279239
54723893,54725055,1162,216564
54725055,54726218,1163,13056
54726218,54727401,1183,130871
54727401,54728625,1224,61356
54728625,54729815,1190,7944
54729815,54731030,1215,5703
54731030,54731444,414,131218
54731444,54732560,1116,178030
54732560,54733707,1147,55856
54733707,54734870,1163,135249
54734870,54735611,741,9321
54735611,54736847,1236,4479
54736847,54737848,1001,133630
54737848,54738767,919,86679
54738767,54739975,1208,18527
54739975,54741119,1144,147110
54741119,54741443,324,11528
54741443,54742584,1141,127694
54742584,54743808,1224,34497
54743808,54745096,1288,36386
54745096,54746388,1292,47237
54746388,54747103,715,134420
54747103,54748288,1185,138901
54748288,54749045,757,75807
54749045,54750208,1163,12971
54750208,54751347,1139,155151
54751347,54752454,1107,1133
54752454,54753384,930,126932
54753384,54754558,1174,126319
54754558,54755629,1071,148522
54755629,54756684,1055,28462
54756684,54757943,1259,9321
54757943,54759099,1156,72876
54759099,54760271,1172,139743
54760271,54761542,1271,127694
54761542,54762042,500,142311
54762042,54762602,560,133396
54762602,54763861,1259,19361
54763861,54765111,1250,53320
54765111,54766362,1251,12103
54766362,54767229,867,129388
54767229,54767798,569,129805
54767798,54769043,1245,53342
54769043,54770145,1102,134707
54770145,54771380,1235,32639
54771380,54772645,1265,13248
54772645,54772858,213,274375
54772858,54774076,1218,170212
54774076,54775339,1263,91072
54775339,54776012,673,1187
54776012,54777161,1149,129324
54777161,54778226,1065,150915
54778226,54779435,1209,144496
54779435,54780123,688,232690
54780123,54780948,825,48831
54780948,54782042,1094,156474
54782042,54783028,986,72311
54783028,54783932,904,131296
54783932,54784122,190,162238
54784122,54785382,1260,289453
54785382,54785611,229,135657
54785611,54786682,1071,141240
54786682,54787187,505,280380
54787187,54788062,875,141240
54788062,54789281,1219,110238
54789281,54790333,1052,199
54790333,54791446,1113,125123
54791446,54792685,1239,73295
54792685,54793858,1173,293987
54793858,54795125,1267,71420
54795125,54795836,711,105398
54795836,54796854,1018,108005
54796854,54798100,1246,141135
54798100,54798959,859,7741
54798959,54800052,1093,53342
54800052,54801062,1010,284433
54801062,54802309,1247,47541
54802309,54803021,712,110128
54803021,54804294,1273,14497
54804294,54805444,1150,64292
54805444,54806608,1164,88089
54806608,54806982,374,101258
54806982,54808137,1155,293957
54808137,54809355,1218,37090
54809355,54810525,1170,105168
54810525,54811602,1077,86045
54811602,54812788,1186,123715
54812788,54813575,787,54666
54813575,54814763,1188,141174
54814763,54815897,1134,48032
54815897,54817140,1243,129325
54817140,54818271,1131,138289
54818271,54819334,1063,156724
54819334,54819941,607,278289
54819941,54821162,1221,49750
54821162,54822475,1313,101276
54822475,54823631,1156,254918
54823631,54824620,989,31668
54824620,54825611,991,258266
54825611,54826557,946,124526
54826557,54827794,1237,157263
54827794,54829024,1230,64956
54829024,54830143,1119,73848
54830143,54831088,945,4731
54831088,54831452,364,176256
54831452,54832682,1230,122944
54832682,54833893,1211,71420
54833893,54834980,1087,104886
54834980,54835442,462,15307
54835442,54835903,461,132891
54835903,54836258,355,127703
54836258,54836800,542,232691
54836800,54837951,1151,97593
54837951,54839042,1091,67584
54839042,54839613,571,121079
54839613,54840821,1208,13185
54840821,54841563,742,290351
54841563,54842134,571,245691
54842134,54843299,1165,106367
54843299,54844452,1153,131113
54844452,54845508,1056,46240
54845508,54846730,1222,681
54846730,54847994,1264,153733
54847994,54849237,1243,10798
54849237,54849447,210,5909
54849447,54850572,1125,103126
54850572,54851344,772,159371
54851344,54852541,1197,293959
54852541,54852969,428,127732
54852969,54854120,1151,2301
54854120,54855399,1279,133447
54855399,54856272,873,279153
54856272,54856464,192,5097
54856464,54857239,775,121069
54857239,54858368,1129,121085
54858368,54858833,465,130184
54858833,54859676,843,31629
54859676,54860773,1097,8141
54860773,54861839,1066,32904
54861839,54863105,1266,291101
54863105,54864103,998,29090
54864103,54865258,1155,1189
54865258,54866303,1045,184447
54866303,54867563,1260,130975
54867563,54868808,1245,10088
54868808,54869941,1133,138866
54869941,54871258,1317,126739
54871258,54872387,1129,5912
54872387,54872908,521,109176
54872908,54874149,1241,48848
54874149,54875346,1197,132717
54875346,54876393,1047,276908
54876393,54877638,1245,26947
54877638,54878823,1185,133440
54878823,54880077,1254,109174
54880077,54880385,308,20034
54880385,54881638,1253,56840
54881638,54882024,386,61317
54882024,54882221,197,282412
54882221,54883380,1159,164188
54883380,54884603,1223,11243
54884603,54885696,1093,52088
54885696,54885875,179,163381
54885875,54886450,575,39967
54886450,54887677,1227,73712
54887677,54888760,1083,128636
54888760,54889426,666,48579
54889426,54890644,1218,39913
54890644,54891811,1167,147193
54891811,54892898,1087,62347
54892898,54894078,1180,122614
54894078,54895196,1118,122806
54895196,54895871,675,129324
54895871,54896207,336,184264
54896207,54897371,1164,57156
54897371,54897928,557,129623
54897928,54898596,668,161101
54898596,54899680,1084,58868
54899680,54899988,308,11079
54899988,54900527,539,138113
54900527,54901062,535,138486
54901062,54901296,234,294114
54901296,54902292,996,130727
54902292,54903494,1202,178748
54903494,54904623,1129,143022
54904623,54905870,1247,26853
54905870,54907056,1186,18524
54907056,54907987,931,143361
54907987,54909012,1025,168500
54909012,54910234,1222,155972
54910234,54911513,1279,86679
54911513,54912658,1145,133630
54912658,54913506,848,6506
54913506,54914717,1211,365
54914717,54916045,1328,7894
54916045,54916494,449,139361
54916494,54917763,1269,64290
54917763,54918830,1067,122789
54918830,54920043,1213,125127
54920043,54921264,1221,92814
54921264,54922605,1341,154697
54922605,54923886,1281,56778
54923886,54924981,1095,139742
54924981,54925680,699,84122
54925680,54926981,1301,31091
54926981,54927946,965,127518
54927946,54928843,897,290363
54928843,54929775,932,149798
54929775,54930931,1156,122025
54930931,54931967,1036,124368
54931967,54932994,1027,290363
54932994,54933288,294,89880
54933288,54933532,244,91902
54933532,54934691,1159,157236
54934691,54935860,1169,53342
54935860,54936979,1119,53343
54936979,54938200,1221,86683
54938200,54939435,1235,281188
54939435,54940487,1052,31091
54940487,54941763,1276,127215
54941763,54942192,429,30119
54942192,54943435,1243,135814
54943435,54944142,707,11535
54944142,54945087,945,29110
54945087,54946126,1039,177234
54946126,54947419,1293,91801
54947419,54948570,1151,15305
54948570,54949658,1088,141320
54949658,54950803,1145,291107
54950803,54951560,757,147968
54951560,54952612,1052,291172
54952612,54953446,834,169291
54953446,54954731,1285,283138
54954731,54955968,1237,121416
54955968,54957220,1252,183988
54957220,54957952,732,157054
54957952,54958379,427,283242
54958379,54959672,1293,102381
54959672,54960834,1162,87280
54960834,54962042,1208,54006
54962042,54963271,1229,72200
54963271,54963658,387,123049
54963658,54964306,648,140041
54964306,54965324,1018,48842
54965324,54966369,1045,34478
54966369,54967517,1148,244431
54967517,54968772,1255,185126
54968772,54969553,781,132891
54969553,54970686,1133,10172
54970686,54971921,1235,134121
54971921,54972359,438,130229
54972359,54973652,1293,36641
54973652,54974580,928,24731
54974580,54975275,695,64717
54975275,54976208,933,171107
54976208,54976480,272,84448
54976480,54977752,1272,59167
54977752,54978933,1181,121658
54978933,54980056,1123,125941
54980056,54981217,1161,101799
54981217,54981504,287,46890
54981504,54982743,1239,245708
54982743,54983867,1124,73958
54983867,54985004,1137,61777
54985004,54985596,592,70998
54985596,54986024,428,80197
54986024,54987147,1123,92935
54987147,54987812,665,129623
54987812,54988905,1093,131226
54988905,54990168,1263,127691
54990168,54991242,1074,274549
54991242,54992437,1195,258283
54992437,54993030,593,216570
54993030,54993958,928,121543
54993958,54994663,705,66464
54994663,54995148,485,110243
54995148,54996365,1217,91801
54996365,54997605,1240,133393
54997605,54998754,1149,82020
54998754,55000009,1255,6397
55000009,55001226,1217,175962
55001226,55002101,875,70837
55002101,55002710,609,89390
55002710,55003600,890,107486
55003600,55004473,873,98878
55004473,55004704,231,231834
55004704,55005388,684,123176
55005388,55006509,1121,18527
55006509,55007524,1015,172165
55007524,55008332,808,14897
55008332,55009100,768,141242
55009100,55009402,302,139717
55009402,55010559,1157,6524
55010559,55011690,1131,362
55011690,55012853,1163,167024
55012853,55013514,661,154838
55013514,55014823,1309,124368
55014823,55015796,973,62851
55015796,55016972,1176,164328
55016972,55018233,1261,132280
55018233,55018968,735,150469
55018968,55019820,852,110238
55019820,55021100,1280,78885
55021100,55022245,1145,75810
55022245,55023453,1208,156724
55023453,55024727,1274,131218
55024727,55025854,1127,105405
55025854,55026521,667,134981
55026521,55026811,290,14674
55026811,55027914,1103,274374
55027914,55029058,1144,64738
55029058,55029352,294,95875
55029352,55029862,510,104717
55029862,55030995,1133,135249
55030995,55031145,150,8684
55031145,55032396,1251,84448
55032396,55033612,1216,145699
55033612,55034750,1138,362
55034750,55035971,1221,398
55035971,55037278,1307,146123
55037278,55038494,1216,275128
55038494,55039747,1253,14976
55039747,55040895,1148,131228
55040895,55041598,703,133273
55041598,55042775,1177,12538
55042775,55043882,1107,10160
55043882,55044893,1011,43306
55044893,55045954,1061,145145
55045954,55047009,1055,101578
55047009,55048051,1042,123172
55048051,55049254,1203,252342
55049254,55049473,219,66347
55049473,55050489,1016,64713
55050489,55051561,1072,240992
55051561,55052420,859,208
55052420,55053674,1254,163507
55053674,55054774,1100,291379
55054774,55056095,1321,106611
55056095,55057286,1191,43322
55057286,55058523,1237,150127
55058523,55059813,1290,89880
55059813,55061148,1335,13269
55061148,55061964,816,47237
55061964,55062940,976,246948
55062940,55063467,527,177641
55063467,55064660,1193,270778
55064660,55065915,1255,67860
55065915,55066254,339,39761
55066254,55067478,1224,65772
55067478,55068694,1216,132644
55068694,55069078,384,143005
55069078,55070085,1007,91072
55070085,55071189,1104,91072
55071189,55072454,1265,139681
55072454,55073540,1086,163507
55073540,55074790,1250,163505
55074790,55075817,1027,89390
55075817,55077051,1234,157236
55077051,55078321,1270,107520
55078321,55079353,1032,139307
55079353,55080414,1061,128990
55080414,55081643,1229,130093
55081643,55082862,1219,71320
55082862,55084189,1327,61422
55084189,55084351,162,19208
55084351,55085442,1091,279849
55085442,55086505,1063,78885
55086505,55087689,1184,69422
55087689,55088728,1039,14958
55088728,55089861,1133,159227
55089861,55090170,309,46889
55090170,55091294,1124,133227
55091294,55092557,1263,65554
55092557,55093251,694,19209
55093251,55093419,168,36956
55093419,55094168,749,160592
55094168,55095385,1217,143005
55095385,55096409,1024,288044
55096409,55097402,993,110238
55097402,55098687,1285,85640
55098687,55099063,376,3586
55099063,55099858,795,3586
55099858,55100454,596,126965
55100454,55101243,789,11077
55101243,55101902,659,46240
55101902,55103116,1214,136458
55103116,55104181,1065,275128
55104181,55105355,1174,112187
55105355,55105815,460,279856
55105815,55106782,967,14358
55106782,55107600,818,121729
55107600,55107877,277,56777
55107877,55108926,1049,147193
55108926,55109992,1066,9914
55109992,55110930,938,5416
55110930,55112100,1170,136983
55112100,55112773,673,129623
55112773,55114043,1270,91098
55114043,55115185,1142,16632
55115185,55116286,1101,66622
55116286,55116585,299,97610
55116585,55117896,1311,34478
55117896,55119187,1291,32639
55119187,55119789,602,134660
55119789,55121098,1309,275127
55121098,55122336,1238,44575
55122336,55123503,1167,149939
55123503,55123767,264,11512
55123767,55124752,985,108638
55124752,55125465,713,101258
55125465,55126633,1168,8157
55126633,55127639,1006,158081
55127639,55128798,1159,35926
55128798,55129931,1133,12971
55129931,55131131,1200,133395
55131131,55132262,1131,135635
55132262,55133449,1187,105171
55133449,55134592,1143,56175
55134592,55135550,958,128345
55135550,55136588,1038,126410
55136588,55137867,1279,12926
55137867,55138980,1113,148993
55138980,55139581,601,110061
55139581,55140730,1149,19361
55140730,55141222,492,58137
55141222,55142235,1013,150916
55142235,55143180,945,130625
55143180,55144431,1251,296465
55144431,55145444,1013,157636
55145444,55146519,1075,258262
55146519,55147520,1001,86683
55147520,55148736,1216,30119
55148736,55149643,907,23311
55149643,55150320,677,83606
55150320,55151510,1190,126959
55151510,55152474,964,283242
55152474,55153575,1101,258283
55153575,55154343,768,14897
55154343,55155409,1066,39913
55155409,55156385,976,11533
55156385,55157202,817,61743
55157202,55158242,1040,14358
55158242,55159293,1051,109658
55159293,55159988,695,138488
55159988,55160863,875,73958
55160863,55162072,1209,134316
55162072,55163000,928,59175
55163000,55163621,621,143361
55163621,55164827,1206,126220
55164827,55166084,1257,56175
55166084,55167265,1181,133442
55167265,55168449,1184,145703
55168449,55169588,1139,131226
55169588,55170743,1155,258250
55170743,55171649,906,123215
55171649,55172910,1261,19209
55172910,55173925,1015,9210
55173925,55175116,1191,289453
55175116,55176248,1132,46243
55176248,55177224,976,19373
55177224,55178332,1108,87766
55178332,55179467,1135,154284
55179467,55180716,1249,5097
55180716,55181821,1105,62516
55181821,55182793,972,126739
55182793,55184008,1215,121722
55184008,55185262,1254,121148
55185262,55186117,855,141242
55186117,55186806,689,132299
55186806,55187657,851,288043
55187657,55188813,1156,88489
55188813,55189468,655,143005
55189468,55189861,393,176682
55189861,55190967,1106,110243
55190967,55191483,516,129596
55191483,55192273,790,73958
55192273,55193439,1166,163597
55193439,55194608,1169,131030
55194608,55195315,707,128677
55195315,55196265,950,1189
55196265,55197316,1051,110127
55197316,55198376,1060,47239
55198376,55199474,1098,294697
55199474,55199960,486,119637
55199960,55200676,716,140656
55200676,55201857,1181,35921
55201857,55202304,447,139290
55202304,55203579,1275,157861
55203579,55204802,1223,128331
55204802,55205862,1060,118128
55205862,55207065,1203,89735
55207065,55208158,1093,70753
55208158,55209317,1159,92915
55209317,55210536,1219,164927
55210536,55210943,407,54666
55210943,55211068,125,129396
55211068,55211804,736,131742
55211804,55212995,1191,12715
55212995,55214188,1193,148529
55214188,55215361,1173,130728
55215361,55216378,1017,58776
55216378,55217310,932,3582
55217310,55218322,1012,121413
55218322,55219609,1287,146437
55219609,55220772,1163,130727
55220772,55221954,1182,156230
55221954,55222901,947,126965
55222901,55223659,758,162253
55223659,55224075,416,64291
55224075,55224702,627,144485
55224702,55224986,284,106366
55224986,55225559,573,162667
55225559,55225871,312,136458
55225871,55227090,1219,128991
55227090,55228299,1209,73848
55228299,55229513,1214,150715
55229513,55230494,981,153964
55230494,55231530,1036,129623
55231530,55232663,1133,131003
55232663,55233741,1078,133290
55233741,55234627,886,72311
55234627,55235324,697,131203
55235324,55236599,1275,290361
55236599,55237894,1295,175390
55237894,55239087,1193,86741
55239087,55240049,962,99157
55240049,55241228,1179,294523
55241228,55242339,1111,108621
55242339,55243431,1092,62516
55243431,55244113,682,109656
55244113,55245400,1287,254948
55245400,55246679,1279,1120
55246679,55247775,1096,184448
55247775,55248510,735,139291
55248510,55249452,942,151776
55249452,55250696,1244,177641
55250696,55251885,1189,130727
55251885,55253096,1211,54006
55253096,55254333,1237,26950
55254333,55255542,1209,135264
55255542,55256675,1133,54006
55256675,55257875,1200,290349
55257875,55259110,1235,56837
55259110,55260032,922,19208
55260032,55261319,1287,131704
55261319,55262484,1165,47030
55262484,55263743,1259,142750
55263743,55264990,1247,139009
55264990,55266203,1213,54659
55266203,55267488,1285,59268
55267488,55268827,1339,52195
55268827,55270034,1207,59175
55270034,55271135,1101,275128
55271135,55271708,573,163935
55271708,55272892,1184,300047
55272892,55273730,838,258986
55273730,55274900,1170,139397
55274900,55276014,1114,11049
55276014,55277241,1227,10347
55277241,55278421,1180,861
55278421,55279659,1238,1187
55279659,55280652,993,85685
55280652,55281800,1148,3587
55281800,55282856,1056,282357
55282856,55283880,1024,131218
55283880,55285057,1177,132592
55285057,55286278,1221,139324
55286278,55286570,292,124990
55286570,55287640,1070,279363
55287640,55288802,1162,95441
55288802,55289161,359,68344
55289161,55290012,851,121727
55290012,55290644,632,70843
55290644,55291683,1039,164328
55291683,55292946,1263,129596
55292946,55293924,978,289453
55293924,55295015,1091,292253
55295015,55296215,1200,80192
55296215,55296599,384,89880
55296599,55297746,1147,14674
55297746,55298935,1189,138033
55298935,55300143,1208,133471
55300143,55301379,1236,72207
55301379,55302442,1063,58137
55302442,55303200,758,14976
55303200,55303929,729,178449
55303929,55304774,845,123882
55304774,55306043,1269,39476
55306043,55307383,1340,102612
55307383,55308559,1176,142320
55308559,55309792,1233,294700
55309792,55310948,1156,32856
55310948,55312105,1157,134728
55312105,55313345,1240,259009
55313345,55313644,299,142824
55313644,55314463,819,105386
55314463,55315664,1201,67200
55315664,55316825,1161,61422
55316825,55318090,1265,138033
55318090,55318997,907,156224
55318997,55319554,557,68358
55319554,55320593,1039,120318
55320593,55321440,847,12539
55321440,55322674,1234,290923
55322674,55323916,1242,156224
55323916,55325103,1187,160592
55325103,55326340,1237,166421
55326340,55327491,1151,146437
55327491,55328582,1091,39840
55328582,55329042,460,14677
55329042,55330244,1202,134312
55330244,55331323,1079,291101
55331323,55332336,1013,144485
55332336,55332983,647,11533
55332983,55333269,286,26558
55333269,55334551,1282,282386
55334551,55335783,1232,132101
55335783,55336277,494,154697
55336277,55337514,1237,68762
55337514,55338791,1277,58012
55338791,55339552,761,258993
55339552,55340549,997,26895
55340549,55341767,1218,48032
55341767,55342301,534,68188
55342301,55343522,1221,163726
55343522,55344728,1206,282926
55344728,55346029,1301,187023
55346029,55347014,985,124595
55347014,55347575,561,63713
55347575,55348664,1089,293959
55348664,55349757,1093,144485
55349757,55350140,383,102250
55350140,55351339,1199,157243
55351339,55352390,1051,291107
55352390,55353555,1165,98644
55353555,55354780,1225,136863
55354780,55356049,1269,109507
55356049,55357207,1158,280380
55357207,55357604,397,123271
55357604,55358111,507,62347
55358111,55359128,1017,271812
55359128,55360123,995,66184
55360123,55360515,392,129396
55360515,55361704,1189,132821
55361704,55362588,884,258283
55362588,55363729,1141,109185
55363729,55364948,1219,75360
55364948,55365955,1007,68762
55365955,55367073,1118,7943
55367073,55367511,438,129790
55367511,55368706,1195,132485
55368706,55369360,654,132645
55369360,55369914,554,129623
55369914,55370896,982,126220
55370896,55371806,910,723
55371806,55373019,1213,39477
55373019,55374203,1184,91905
55374203,55375447,1244,171139
55375447,55376703,1256,93470
55376703,55377884,1181,134120
55377884,55379057,1173,5416
55379057,55379434,377,294120
55379434,55380059,625,304535
55380059,55381225,1166,171108
55381225,55382486,1261,121543
55382486,55383743,1257,284424
55383743,55384880,1137,39476
55384880,55386173,1293,160438
55386173,55387248,1075,81859
55387248,55388368,1120,141148
55388368,55388926,558,161226
55388926,55390058,1132,1119
55390058,55391321,1263,71550
55391321,55392446,1125,170976
55392446,55393529,1083,121543
55393529,55394578,1049,67592
55394578,55395626,1048,290365
55395626,55396900,1274,106611
55396900,55397264,364,276735
55397264,55398551,1287,66176
55398551,55399622,1071,7943
55399622,55400899,1277,124990
55400899,55402188,1289,137483
55402188,55403300,1112,66464
55403300,55404559,1259,148550
55404559,55405889,1330,126296
55405889,55406948,1059,13364
55406948,55408279,1331,723
55408279,55409390,1111,262291
55409390,55410662,1272,126408
55410662,55411651,989,290365
55411651,55412859,1208,157857
55412859,55414078,1219,36386
55414078,55415275,1197,123500
55415275,55416323,1048,137154
55416323,55416689,366,280380
55416689,55417745,1056,362
55417745,55418928,1183,110061
55418928,55420111,1183,124547
55420111,55421332,1221,154673
55421332,55422421,1089,156718
55422421,55423716,1295,127696
55423716,55424849,1133,34483
55424849,55426054,1205,134465
55426054,55427373,1319,5791
55427373,55428285,912,132717
55428285,55428965,680,155520
55428965,55429976,1011,291609
55429976,55430953,977,108638
55430953,55432027,1074,280380
55432027,55433196,1169,139743
55433196,55434289,1093,101262
55434289,55435307,1018,130533
55435307,55436512,1205,48377
55436512,55437466,954,104717
55437466,55438706,1240,133442
55438706,55439615,909,135229
55439615,55440765,1150,300234
55440765,55441036,271,9010
55441036,55441774,738,56174
55441774,55442764,990,10702
55442764,55443167,403,54016
55443167,55444346,1179,155151
55444346,55445628,1282,700
55445628,55446785,1157,135657
55446785,55448033,1248,134160
55448033,55449121,1088,134160
55449121,55449970,849,76574
55449970,55451073,1103,142363
55451073,55452366,1293,142752
55452366,55453147,781,13269
55453147,55453558,411,114468
55453558,55454807,1249,114468
55454807,55455356,549,121085
55455356,55456086,730,124224
55456086,55457207,1121,10988
55457207,55458480,1273,294523
55458480,55458678,198,89735
55458678,55459482,804,141242
55459482,55460322,840,136280
55460322,55461501,1179,92915
55461501,55462123,622,7741
55462123,55463463,1340,128991
55463463,55464479,1016,130505
55464479,55465674,1195,14976
55465674,55466928,1254,102250
55466928,55468196,1268,296473
55468196,55469342,1146,58192
55469342,55469592,250,14897
55469592,55470250,658,110528
55470250,55470625,375,133834
55470625,55471844,1219,105179
55471844,55473033,1189,53343
55473033,55474127,1094,129974
55474127,55475283,1156,8592
55475283,55476513,1230,126220
55476513,55477660,1147,129515
55477660,55478792,1132,14653
55478792,55479373,581,3586
55479373,55479586,213,68369
55479586,55480627,1041,285135
55480627,55481890,1263,293957
55481890,55483105,1215,176682
55483105,55484314,1209,91906
55484314,55485535,1221,123268
55485535,55486245,710,119253
55486245,55486836,591,288043
55486836,55487967,1131,1070
55487967,55489284,1317,148993
55489284,55489687,403,104717
55489687,55490782,1095,96168
55490782,55491973,1191,26685
55491973,55492846,873,291170
55492846,55494045,1199,144987
55494045,55495152,1107,126286
55495152,55496273,1121,18527
55496273,55497302,1029,291107
55497302,55498316,1014,296078
55498316,55499605,1289,156724
55499605,55500823,1218,293959
55500823,55501718,895,245691
55501718,55502767,1049,144503
55502767,55503963,1196,109662
55503963,55505136,1173,144496
55505136,55506200,1064,131732
55506200,55507330,1130,160984
55507330,55507525,195,70843
55507525,55508568,1043,37090
55508568,55509419,851,44575
55509419,55509579,160,104394
55509579,55510393,814,112057
55510393,55511193,800,161714
55511193,55512239,1046,139797
55512239,55513502,1263,124549
55513502,55514713,1211,121661
55514713,55515831,1118,114256
55515831,55516995,1164,40544
55516995,55518252,1257,295761
55518252,55519327,1075,169293
55519327,55520545,1218,63111
55520545,55521816,1271,144503
55521816,55522859,1043,67863
55522859,55524089,1230,131113
55524089,55525136,1047,176698
55525136,55525999,863,140222
55525999,55527220,1221,124526
55527220,55528435,1215,143893
55528435,55528619,184,147110
55528619,55529880,1261,144485
55529880,55530982,1102,58763
55530982,55532153,1171,104978
55532153,55533395,1242,159227
55533395,55534541,1146,38026
55534541,55535118,577,15446
55535118,55536260,1142,129597
55536260,55537054,794,134674
55537054,55538235,1181,160984
55538235,55539169,934,102250
55539169,55540314,1145,126955
55540314,55541478,1164,15081
55541478,55542647,1169,293663
55542647,55543770,1123,124990
55543770,55544996,1226,163607
55544996,55546291,1295,176256
55546291,55547539,1248,281131
55547539,55548720,1181,130994
55548720,55549626,906,144999
55549626,55550779,1153,157242
55550779,55551894,1115,123270
55551894,55552205,311,110522
55552205,55553393,1188,142279
55553393,55554632,1239,145145
55554632,55555843,1211,104978
55555843,55557150,1307,130870
55557150,55557461,311,149939
55557461,55558432,971,285314
55558432,55559562,1130,124003
55559562,55560728,1166,56778
55560728,55561884,1156,138866
55561884,55563019,1135,144135
55563019,55563239,220,102240
55563239,55564488,1249,126220
55564488,55564747,259,131890
55564747,55565797,1050,92935
55565797,55567118,1321,61317
55567118,55568150,1032,156720
55568150,55569327,1177,176278
55569327,55570413,1086,134119
55570413,55571657,1244,58869
55571657,55572720,1063,48831
55572720,55573010,290,126480
55573010,55574104,1094,20410
55574104,55575369,1265,48842
55575369,55575851,482,30119
55575851,55576980,1129,105398
55576980,55577234,254,281131
55577234,55578306,1072,184264
55578306,55579554,1248,117095
55579554,55580655,1101,135249
55580655,55581920,1265,147962
55581920,55582943,1023,58868
55582943,55583591,648,171171
55583591,55584750,1159,288044
55584750,55585882,1132,398
55585882,55586883,1001,291107
55586883,55587972,1089,11546
55587972,55588921,949,9915
55588921,55590209,1288,122441
55590209,55591272,1063,128991
55591272,55592423,1151,246893
55592423,55593124,701,163380
55593124,55594256,1132,74797
55594256,55595388,1132,142311
55595388,55596129,741,132718
55596129,55597342,1213,1536
55597342,55598651,1309,72212
55598651,55599673,1022,8890
55599673,55600950,1277,291172
55600950,55601947,997,13256
55601947,55603020,1073,122467
55603020,55603741,721,77782
55603741,55604955,1214,13265
55604955,55605228,273,245691
55605228,55606475,1247,18524
55606475,55606929,454,134120
55606929,55608159,1230,115046
55608159,55609438,1279,142358
55609438,55610653,1215,168497
55610653,55610919,266,122614
55610919,55612169,1250,149881
55612169,55613448,1279,10673
55613448,55614711,1263,126945
55614711,55615916,1205,80534
55615916,55616563,647,156977
55616563,55616964,401,131751
55616964,55618236,1272,15446
55618236,55619338,1102,285314
55619338,55620428,1090,123025
55620428,55621701,1273,76046
55621701,55622834,1133,1732
55622834,55624100,1266,293663
55624100,55625112,1012,187018
55625112,55626284,1172,128309
55626284,55627444,1160,96168
55627444,55628239,795,254949
55628239,55629228,989,163935
55629228,55629513,285,121140
55629513,55630591,1078,112187
55630591,55631406,815,25765
55631406,55632194,788,48830
55632194,55633326,1132,148962
55633326,55634514,1188,34478
55634514,55635040,526,122545
55635040,55636124,1084,101892
55636124,55637399,1275,74797
55637399,55637622,223,126480
55637622,55638433,811,160188
55638433,55639631,1198,129325
55639631,55640874,1243,108005
55640874,55641840,966,170956
55641840,55643034,1194,145138
55643034,55643380,346,133217
55643380,55644131,751,7591
55644131,55645435,1304,175448
55645435,55646492,1057,17615
55646492,55647498,1006,64974
55647498,55648704,1206,123602
55648704,55649771,1067,76574
55649771,55650058,287,6398
55650058,55651265,1207,84357
55651265,55652542,1277,32637
55652542,55653745,1203,216563
55653745,55654192,447,37090
55654192,55655431,1239,103126
55655431,55656550,1119,14960
55656550,55657707,1157,182396
55657707,55658954,1247,134708
55658954,55660252,1298,109174
55660252,55661438,1186,14274
55661438,55662030,592,129974
55662030,55662265,235,110128
55662265,55662666,401,25766
55662666,55663675,1009,278217
55663675,55664905,1230,138074
55664905,55665472,567,130494
55665472,55666620,1148,169293
55666620,55667945,1325,64974
55667945,55669090,1145,37092
55669090,55670143,1053,46889
55670143,55671113,970,157644
55671113,55672384,1271,121106
55672384,55673596,1212,15305
55673596,55674743,1147,99156
55674743,55675456,713,139404
55675456,55676373,917,75791
55676373,55677332,959,91801
55677332,55677719,387,10674
55677719,55678745,1026,54006
55678745,55679968,1223,291609
55679968,55681143,1175,41933
55681143,55682336,1193,46240
55682336,55683333,997,275885
55683333,55684523,1190,12118
55684523,55685765,1242,142858
55685765,55686878,1113,128990
55686878,55687798,920,12971
55687798,55688942,1144,139361
55688942,55690216,1274,121080
55690216,55690821,605,121543
55690821,55691621,800,77361
55691621,55692824,1203,136280
55692824,55693934,1110,130560
55693934,55695264,1330,7884
55695264,55696079,815,128669
55696079,55697372,1293,283242
55697372,55698647,1275,56837
55698647,55699852,1205,275127
55699852,55701089,1237,127731
55701089,55702249,1160,9920
55702249,55703125,876,138113
55703125,55704177,1052,150916
55704177,55705274,1097,139355
55705274,55706525,1251,156720
55706525,55707820,1295,129583
55707820,55708554,734,11533
55708554,55709666,1112,287837
55709666,55710846,1180,46267
55710846,55712000,1154,123216
55712000,55713298,1298,167023
55713298,55713893,595,10172
55713893,55714278,385,24758
55714278,55715461,1183,68361
55715461,55715740,279,140718
55715740,55716878,1138,7371
55716878,55717439,561,134660
55717439,55718575,1136,12546
55718575,55719855,1280,89735
55719855,55720755,900,120318
55720755,55721628,873,289453
55721628,55722700,1072,5416
55722700,55723837,1137,167609
55723837,55725138,1301,110131
55725138,55726021,883,715
55726021,55727235,1214,293529
55727235,55728376,1141,174953
55728376,55729667,1291,1187
55729667,55730980,1313,128991
55730980,55732322,1342,8674
55732322,55733418,1096,44912
55733418,55734497,1079,22179
55734497,55735677,1180,128136
55735677,55736863,1186,130876
55736863,55738110,1247,71404
55738110,55739345,1235,141642
55739345,55740376,1031,64956
55740376,55741344,968,15082
55741344,55742558,1214,26853
55742558,55743733,1175,287657
55743733,55744934,1201,184447
55744934,55746167,1233,139742
55746167,55747235,1068,295710
55747235,55748370,1135,70837
55748370,55749588,1218,246904
55749588,55750850,1262,10089
55750850,55751852,1002,121415
55751852,55752161,309,117382
55752161,55752556,395,157859
55752556,55753692,1136,120330
55753692,55754360,668,82558
55754360,55755447,1087,13256
55755447,55756553,1106,185125
55756553,55757828,1275,185125
55757828,55759162,1334,121331
55759162,55760189,1027,164927
55760189,55760347,158,696
55760347,55761441,1094,67860
55761441,55762654,1213,395
55762654,55763802,1148,4145
55763802,55765085,1283,64588
55765085,55766201,1116,112187
55766201,55767170,969,129443
55767170,55768258,1088,96157
55768258,55769448,1190,106611
55769448,55770599,1151,124164
55770599,55771741,1142,4136
55771741,55772870,1129,88086
55772870,55773933,1063,128991
55773933,55775149,1216,147045
55775149,55776200,1051,25766
55776200,55777305,1105,126286
55777305,55778572,1267,283138
55778572,55779731,1159,6175
55779731,55780726,995,285137
55780726,55781783,1057,132280
55781783,55782838,1055,121064
55782838,55784013,1175,138033
55784013,55785310,1297,139710
55785310,55786519,1209,37090
55786519,55787596,1077,136054
55787596,55788806,1210,4275
55788806,55789785,979,282383
55789785,55790273,488,163935
55790273,55791368,1095,142279
55791368,55791723,355,46889
55791723,55793001,1278,132650
55793001,55794220,1219,157861
55794220,55795468,1248,5330
55795468,55796628,1160,112012
55796628,55796910,282,109507
55796910,55798120,1210,60480
55798120,55799421,1301,155972
55799421,55800596,1175,159230
55800596,55801794,1198,44576
55801794,55802985,1191,126312
55802985,55804088,1103,1730
55804088,55804793,705,110243
55804793,55805989,1196,286306
55805989,55807100,1111,139009
55807100,55808099,999,126233
55808099,55809217,1118,41259
55809217,55810419,1202,107520
55810419,55811002,583,135762
55811002,55812015,1013,141644
55812015,55812606,591,54666
55812606,55813844,1238,67200
55813844,55815005,1161,12723
55815005,55815523,518,39648
55815523,55816064,541,4687
55816064,55817282,1218,14358
55817282,55818523,1241,270777
55818523,55819306,783,129513
55819306,55820287,981,95875
55820287,55821284,997,293663
55821284,55821791,507,15446
55821791,55822184,393,135892
55822184,55823266,1082,258954
55823266,55824111,845,275212
55824111,55824918,807,135020
55824918,55825352,434,7887
55825352,55826607,1255,52195
55826607,55827846,1239,36641
55827846,55828888,1042,46588
55828888,55830136,1248,142318
55830136,55831319,1183,93276
55831319,55832547,1228,10702
55832547,55833852,1305,278217
55833852,55834909,1057,121760
55834909,55836040,1131,10988
55836040,55837066,1026,1562
55837066,55838149,1083,46588
55838149,55838920,771,63105
55838920,55839865,945,6174
55839865,55840975,1110,129440
55840975,55842036,1061,284268
55842036,55843272,1236,134176
55843272,55844507,1235,144485
55844507,55845731,1224,149939
55845731,55846883,1152,134120
55846883,55847537,654,122944
55847537,55848772,1235,7894
55848772,55849975,1203,122810
55849975,55851192,1217,86039
55851192,55851977,785,32139
55851977,55852900,923,110243
55852900,55854151,1251,75939
55854151,55855344,1193,141148
55855344,55856503,1159,131228
55856503,55857591,1088,208
55857591,55858717,1126,147110
55858717,55859752,1035,34572
55859752,55860948,1196,128632
55860948,55861996,1048,156159
55861996,55863195,1199,126842
55863195,55863543,348,163518
55863543,55864526,983,271812
55864526,55864990,464,39515
55864990,55865219,229,126336
55865219,55865614,395,83696
55865614,55866831,1217,84448
55866831,55867263,432,121130
55867263,55868117,854,104979
55868117,55869067,950,130503
55869067,55870028,961,6397
55870028,55871209,1181,13364
55871209,55872387,1178,68344
55872387,55873513,1126,142744
55873513,55874723,1210,154838
55874723,55875743,1020,88089
55875743,55876830,1087,14497
55876830,55878105,1275,79973
55878105,55879277,1172,166683
55879277,55880346,1069,170956
55880346,55881354,1008,162130
55881354,55881688,334,48830
55881688,55882905,1217,282357
55882905,55883876,971,167609
55883876,55885106,1230,152282
55885106,55886329,1223,144496
55886329,55887310,981,232691
55887310,55888246,936,86679
55888246,55889281,1035,166433
55889281,55889850,569,124164
55889850,55890996,1146,121658
55890996,55892247,1251,67858
55892247,55892884,637,125941
55892884,55894166,1282,105394
55894166,55894755,589,86683
55894755,55895897,1142,126945
55895897,55896894,997,177627
55896894,55898134,1240,63841
55898134,55898431,297,172165
55898431,55899662,1231,110243
55899662,55900612,950,149880
55900612,55901733,1121,48032
55901733,55902879,1146,262269
55902879,55903897,1018,50778
55903897,55905049,1152,64708
55905049,55906223,1174,73712
55906223,55907482,1259,143946
55907482,55908575,1093,11734
55908575,55909615,1040,32139
55909615,55910511,896,167024
55910511,55911747,1236,124439
55911747,55912144,397,122863
55912144,55913069,925,39967
55913069,55914285,1216,115686
55914285,55915334,1049,126220
55915334,55916598,1264,279775
55916598,55917206,608,26987
55917206,55918422,1216,88007
55918422,55919725,1303,286306
55919725,55920965,1240,63839
55920965,55921251,286,130517
55921251,55922149,898,127685
55922149,55923270,1121,143307
55923270,55924174,904,12715
55924174,55925452,1278,110528
55925452,55925900,448,10347
55925900,55926798,898,70998
55926798,55927439,641,136983
55927439,55928588,1149,160953
55928588,55929699,1111,97593
55929699,55930933,1234,77361
55930933,55931873,940,26872
55931873,55932664,791,75807
55932664,55933841,1177,124003
55933841,55934892,1051,45204
55934892,55936163,1271,304534
55936163,55937043,880,4690
55937043,55938269,1226,114971
55938269,55939418,1149,163726
55939418,55940189,771,131113
55940189,55941197,1008,296468
55941197,55942228,1031,89880
55942228,55943409,1181,184448
55943409,55944552,1143,67858
55944552,55945615,1063,68369
55945615,55946784,1169,2536
55946784,55947167,383,149939
55947167,55948308,1141,129396
55948308,55949521,1213,62558
55949521,55950576,1055,281187
55950576,55950744,168,141208
55950744,55951884,1140,160984
55951884,55953061,1177,139009
55953061,55953254,193,134451
55953254,55954631,1377,284268
55954631,55954874,243,141209
55954874,55955182,308,279849
55955182,55955929,747,32639
55955929,55957171,1242,138063
55957171,55958193,1022,86741
55958193,55959350,1157,130871
55959350,55960623,1273,130560
55960623,55961886,1263,150715
55961886,55963161,1275,126861
55963161,55964060,899,139741
55964060,55964961,901,122025
55964961,55966225,1264,73961
55966225,55966550,325,56179
55966550,55967411,861,139307
55967411,55968645,1234,8141
55968645,55969801,1156,39970
55969801,55970950,1149,105179
55970950,55971893,943,105167
55971893,55972615,722,83706
55972615,55973522,907,170212
55973522,55974806,1284,88489
55974806,55975834,1028,129597
55975834,55976351,517,18527
55976351,55976594,243,45204
55976594,55977768,1174,96151
55977768,55978937,1169,138074
55978937,55980164,1227,159371
55980164,55981462,1298,7591
55981462,55982733,1271,149236
55982733,55983787,1054,148522
55983787,55984757,970,23281
55984757,55985634,877,25563
55985634,55986877,1243,126410
55986877,55987836,959,127703
55987836,55988662,826,127704
55988662,55989202,540,862
55989202,55990356,1154,130588
55990356,55991387,1031,117095
55991387,55992482,1095,29108
55992482,55993393,911,134728
55993393,55994070,677,131228
55994070,55995280,1210,13270
55995280,55996519,1239,12898
55996519,55997653,1134,16632
55997653,55998023,370,121720
55998023,55999283,1260,91192
55999283,56000428,1145,135220
56000428,56001382,954,230928
56001382,56002279,897,29108
56002279,56003583,1304,130503
56003583,56004726,1143,39971
56004726,56005928,1202,137618
56005928,56007057,1129,127685
56007057,56007994,937,173591
56007994,56009079,1085,121730
56009079,56009817,738,11612
56009817,56010876,1059,76974
56010876,56011721,845,121024
56011721,56013058,1337,66470
56013058,56014268,1210,133424
56014268,56015356,1088,22574
56015356,56016287,931,149880
56016287,56017374,1087,182396
56017374,56018566,1192,121079
56018566,56019757,1191,121899
56019757,56020159,402,26987
56020159,56021246,1087,16802
56021246,56022527,1281,156154
56022527,56023654,1127,115047
56023654,56023810,156,130876
56023810,56025061,1251,167597
56025061,56026147,1086,153964
56026147,56027508,1361,170453
56027508,56028717,1209,104491
56028717,56029567,850,177627
56029567,56030078,511,282383
56030078,56031111,1033,124439
56031111,56032197,1086,109658
56032197,56033521,1324,5776
56033521,56034790,1269,134708
56034790,56036058,1268,86040
56036058,56036299,241,138032
56036299,56037483,1184,2301
56037483,56037634,151,129396
56037634,56038703,1069,126859
56038703,56039002,299,7887
56039002,56040025,1023,123135
56040025,56040531,506,130127
56040531,56041757,1226,131106
56041757,56042762,1005,156757
56042762,56043669,907,275212
56043669,56044086,417,28462
56044086,56045376,1290,129808
56045376,56046719,1343,293959
56046719,56047763,1044,138047
56047763,56048996,1233,136983
56048996,56049349,353,7239
56049349,56050564,1215,3587
56050564,56051786,1222,69422
56051786,56052447,661,7887
56052447,56053518,1071,77361
56053518,56054652,1134,129393
56054652,56055725,1073,302395
56055725,56056766,1041,92002
56056766,56058061,1295,164100
56058061,56058705,644,84349
56058705,56059599,894,86683
56059599,56060714,1115,126302
56060714,56061949,1235,108640
56061949,56062903,954,5417
56062903,56064040,1137,157236
56064040,56065335,1295,76974
56065335,56066480,1145,37134
56066480,56067589,1109,61422
56067589,56068839,1250,124221
56068839,56069831,992,25951
56069831,56070951,1120,138042
56070951,56072178,1227,46712
56072178,56073303,1125,96175
56073303,56074451,1148,232057
56074451,56075457,1006,121528
56075457,56076662,1205,39616
56076662,56077613,951,132891
56077613,56078803,1190,1730
56078803,56079238,435,7239
56079238,56079749,511,13185
56079749,56081078,1329,101580
56081078,56082335,1257,185485
56082335,56083562,1227,89940
56083562,56084829,1267,93470
56084829,56085768,939,155972
56085768,56086775,1007,44582
56086775,56087913,1138,259009
56087913,56089160,1247,75939
56089160,56090295,1135,7371
56090295,56090678,383,282926
56090678,56091846,1168,154736
56091846,56093133,1287,92427
56093133,56094368,1235,132601
56094368,56095499,1131,81858
56095499,56096645,1146,34478
56096645,56097848,1203,43306
56097848,56098997,1149,132717
56098997,56100040,1043,39475
56100040,56101075,1035,1189
56101075,56102244,1169,136983
56102244,56103423,1179,32639
56103423,56104608,1185,71402
56104608,56105931,1323,28465
56105931,56107193,1262,366
56107193,56108161,968,156757
56108161,56109338,1177,60489
56109338,56110325,987,86588
56110325,56111572,1247,114469
56111572,56112809,1237,30593
56112809,56113841,1032,56174
56113841,56114922,1081,161714
56114922,56115831,909,134451
56115831,56116873,1042,109173
56116873,56117876,1003,54006
56117876,56118751,875,88489
56118751,56119104,353,134717
56119104,56120233,1129,101276
56120233,56121041,808,6556
56121041,56122182,1141,142279
56122182,56123332,1150,128145
56123332,56124498,1166,285314
56124498,56125642,1144,181961
56125642,56126672,1030,105167
56126672,56127927,1255,130878
56127927,56129101,1174,72205
56129101,56130295,1194,110061
56130295,56131504,1209,144496
56131504,56132603,1099,26496
56132603,56133306,703,137739
56133306,56134579,1273,66622
56134579,56135842,1263,73846
56135842,56136883,1041,45218
56136883,56137294,411,65534
56137294,56138499,1205,141148
56138499,56139518,1019,280380
56139518,56140773,1255,42637
56140773,56141982,1209,134312
56141982,56142975,993,135657
56142975,56144153,1178,44585
56144153,56145185,1032,143321
56145185,56145718,533,128036
56145718,56146843,1125,167609
56146843,56147691,848,14526
56147691,56148734,1043,90847
56148734,56149934,1200,47239
56149934,56151151,1217,102238
56151151,56152246,1095,68762
56152246,56153417,1171,124221
56153417,56154019,602,168062
56154019,56154695,676,58433
56154695,56155612,917,95969
56155612,56156871,1259,141268
56156871,56157889,1018,92002
56157889,56158608,719,127537
56158608,56159850,1242,131276
56159850,56161008,1158,121079
56161008,56162203,1195,160438
56162203,56162989,786,112187
56162989,56164076,1087,28465
56164076,56165261,1185,138113
56165261,56166354,1093,92934
56166354,56166666,312,62516
56166666,56167939,1273,52195
56167939,56169166,1227,59268
56169166,56170442,1276,125123
56170442,56171453,1011,291374
56171453,56172730,1277,132717
56172730,56173959,1229,72200
56173959,56175160,1201,133447
56175160,56176437,1277,9915
56176437,56177591,1154,138289
56177591,56178846,1255,696
56178846,56179149,303,131228
56179149,56180259,1110,103120
56180259,56181496,1237,5341
56181496,56182105,609,259009
56182105,56183333,1228,168204
56183333,56184357,1024,13256
56184357,56185486,1129,171108
56185486,56185802,316,85685
56185802,56187079,1277,112761
56187079,56188342,1263,95441
56188342,56189566,1224,132485
56189566,56190496,930,78885
56190496,56191669,1173,112597
56191669,56192620,951,25563
56192620,56193897,1277,92935
56193897,56195174,1277,123059
56195174,56196403,1229,18533
56196403,56197457,1054,147045
56197457,56197624,167,47032
56197624,56198468,844,123059
56198468,56199553,1085,122626
56199553,56199967,414,170452
56199967,56201230,1263,7943
56201230,56202361,1131,182402
56202361,56202829,468,109658
56202829,56203773,944,157859
56203773,56204193,420,124224
56204193,56204690,497,15304
56204690,56205616,926,137154
56205616,56206779,1163,6498
56206779,56207305,526,12471
56207305,56208328,1023,169291
56208328,56209417,1089,4731
56209417,56210650,1233,12707
56210650,56211694,1044,86683
56211694,56212972,1278,187023
56212972,56213551,579,86710
56213551,56214727,1176,7944
56214727,56215954,1227,141571
56215954,56216659,705,125084
56216659,56217852,1193,127537
56217852,56218676,824,18006
56218676,56219809,1133,132485
56219809,56220795,986,4662
56220795,56221769,974,32135
56221769,56222508,739,169293
56222508,56223464,956,82458
56223464,56224729,1265,271812
56224729,56225787,1058,141135
56225787,56226717,930,62851
56226717,56227628,911,157088
56227628,56227882,254,58778
56227882,56229065,1183,131106
56229065,56230237,1172,132485
56230237,56231235,998,6397
56231235,56232108,873,122944
56232108,56232771,663,123191
56232771,56233784,1013,13185
56233784,56234819,1035,156159
56234819,56235738,919,26947
56235738,56236587,849,142279
56236587,56237811,1224,142824
56237811,56238755,944,104491
56238755,56239763,1008,156963
56239763,56240609,846,142363
56240609,56241728,1119,134674
56241728,56242803,1075,108638
56242803,56243957,1154,62347
56243957,56245138,1181,69607
56245138,56246188,1050,136458
56246188,56247361,1173,150915
56247361,56248400,1039,156474
56248400,56249241,841,136280
56249241,56250429,1188,6524
56250429,56251684,1255,155151
56251684,56252861,1177,140221
56252861,56254058,1197,129597
56254058,56255215,1157,154838
56255215,56256148,933,9010
56256148,56257302,1154,164461
56257302,56258587,1285,300208
56258587,56259415,828,102240
56259415,56260554,1139,139361
56260554,56261635,1081,160593
56261635,56262868,1233,14526
56262868,56263905,1037,6398
56263905,56264993,1088,43305
56264993,56265724,731,258266
56265724,56266991,1267,134160
56266991,56267214,223,25951
56267214,56268310,1096,101278
56268310,56269416,1106,135580
56269416,56270479,1063,68762
56270479,56271510,1031,52087
56271510,56272521,1011,40556
56272521,56273020,499,154282
56273020,56273480,460,141148
56273480,56273667,187,163518
56273667,56274755,1088,56840
56274755,56275570,815,138043
56275570,56275926,356,11612
56275926,56276813,887,70843
56276813,56277162,349,53343
56277162,56277948,786,169293
56277948,56278939,991,158074
56278939,56280167,1228,147990
56280167,56281424,1257,29101
56281424,56282238,814,121331
56282238,56283524,1286,134420
56283524,56284885,1361,112056
56284885,56286041,1156,398
56286041,56287130,1089,75807
56287130,56288322,1192,96672
56288322,56288540,218,130127
56288540,56288775,235,185074
56288775,56289967,1192,81859
56289967,56291220,1253,1129
56291220,56292443,1223,63839
56292443,56293615,1172,282926
56293615,56294776,1161,155968
56294776,56295977,1201,27593
56295977,56296632,655,82558
56296632,56297886,1254,9210
56297886,56299036,1150,171171
56299036,56299321,285,17615
56299321,56300611,1290,293531
56300611,56301868,1257,86588
56301868,56302995,1127,240992
56302995,56304112,1117,128309
56304112,56305140,1028,14960
56305140,56306393,1253,8689
56306393,56307592,1199,276907
56307592,56308839,1247,127518
56308839,56309925,1086,137154
56309925,56311076,1151,64956
56311076,56312358,1282,138074
56312358,56313513,1155,131748
56313513,56314643,1130,135657
56314643,56315616,973,123443
56315616,56316574,958,127694
56316574,56317527,953,144987
56317527,56318524,997,105386
56318524,56319577,1053,274375
56319577,56320056,479,279775
56320056,56321216,1160,152864
56321216,56322490,1274,14274
56322490,56323722,1232,158816
56323722,56324911,1189,126286
56324911,56325937,1026,212
56325937,56327015,1078,162130
56327015,56327949,934,132530
56327949,56328950,1001,129805
56328950,56330107,1157,136271
56330107,56331142,1035,156159
56331142,56332165,1023,129623
56332165,56333406,1241,101289
56333406,56334496,1090,68888
56334496,56335715,1219,2777
56335715,56336778,1063,103120
56336778,56337139,361,18005
56337139,56338013,874,24731
56338013,56338935,922,117382
56338935,56339739,804,122828
56339739,56340771,1032,133393
56340771,56342042,1271,64588
56342042,56342515,473,19376
56342515,56343437,922,127703
56343437,56344586,1149,18524
56344586,56345608,1022,5912
56345608,56346295,687,129583
56346295,56347460,1165,8675
56347460,56348768,1308,67584
56348768,56349780,1012,26951
56349780,56350696,916,29110
56350696,56351878,1182,6176
56351878,56353083,1205,86741
56353083,56353657,574,126796
56353657,56354880,1223,174960
56354880,56355360,480,100045
56355360,56355698,338,82558
56355698,56356713,1015,94876
56356713,56358010,1297,129443
56358010,56358276,266,131748
56358276,56359479,1203,131735
56359479,56360504,1025,130588
56360504,56361526,1022,68359
56361526,56361876,350,44586
56361876,56363101,1225,122441
56363101,56364348,1247,32451
56364348,56365526,1178,172156
56365526,56366755,1229,160984
56366755,56367846,1091,39616
56367846,56368876,1030,98880
56368876,56369048,172,73712
56369048,56369935,887,95441
56369935,56370998,1063,132537
56370998,56372170,1172,293529
56372170,56373476,1306,132499
56373476,56374722,1246,9321
56374722,56376008,1286,71420
56376008,56376840,832,139743
56376840,56377969,1129,274380
56377969,56379076,1107,130993
56379076,56379488,412,124164
56379488,56380544,1056,110243
56380544,56381825,1281,13270
56381825,56383005,1180,164327
56383005,56384232,1227,125147
56384232,56385447,1215,186230
56385447,56386624,1177,93277
56386624,56387552,928,58025
56387552,56388841,1289,163597
56388841,56389190,349,138548
56389190,56390416,1226,155973
56390416,56391588,1172,72200
56391588,56392842,1254,129514
56392842,56393571,729,116797
56393571,56394715,1144,108640
56394715,56395893,1178,113273
56395893,56396115,222,124003
56396115,56397342,1227,62851
56397342,56398580,1238,5703
56398580,56399626,1046,287359
56399626,56400607,981,70756
56400607,56401076,469,44912
56401076,56401422,346,140651
56401422,56401674,252,133273
56401674,56402042,368,160187
56402042,56403123,1081,70837
56403123,56404337,1214,117382
56404337,56405363,1026,80192
56405363,56406343,980,152864
56406343,56407466,1123,140718
56407466,56408694,1228,208
56408694,56409943,1249,298549
56409943,56411126,1183,138545
56411126,56412320,1194,74477
56412320,56413545,1225,76574
56413545,56414192,647,301694
56414192,56415316,1124,157242
56415316,56416584,1268,274558
56416584,56417883,1299,6176
56417883,56418170,287,76044
56418170,56419338,1168,18527
56419338,56420365,1027,128310
56420365,56421551,1186,129317
56421551,56421926,375,127696
56421926,56423163,1237,6397
56423163,56424205,1042,155646
56424205,56424588,383,129440
56424588,56425203,615,1150
56425203,56426394,1191,169291
56426394,56427329,935,166433
56427329,56428410,1081,234100
56428410,56429649,1239,34479
56429649,56430698,1049,176270
56430698,56431321,623,44937
56431321,56432470,1149,187005
56432470,56433516,1046,26853
56433516,56434197,681,104394
56434197,56435085,888,138888
56435085,56436361,1276,283462
56436361,56437479,1118,163612
56437479,56438166,687,92820
56438166,56439227,1061,70998
56439227,56440517,1290,64738
56440517,56441006,489,61776
56441006,56442122,1116,144999
56442122,56443167,1045,47032
56443167,56443335,168,135657
56443335,56443843,508,131732
56443843,56444194,351,121331
56444194,56445520,1326,130625
56445520,56446542,1022,142858
56446542,56447607,1065,11258
56447607,56448051,444,126945
56448051,56448469,418,73073
56448469,56449388,919,117382
56449388,56450576,1188,284435
56450576,56451164,588,101262
56451164,56452282,1118,67860
56452282,56453383,1101,174953
56453383,56454410,1027,290365
56454410,56455554,1144,52195
56455554,56456821,1267,139336
56456821,56457734,913,47030
56457734,56458754,1020,4445
56458754,56459929,1175,186232
56459929,56460997,1068,11734
56460997,56462238,1241,130494
56462238,56462749,511,123025
56462749,56463633,884,105168
56463633,56464282,649,130878
56464282,56465579,1297,137618
56465579,56466173,594,117866
56466173,56467226,1053,291170
56467226,56468305,1079,53320
56468305,56469505,1200,177234
56469505,56470771,1266,87508
56470771,56471892,1121,57837
56471892,56473157,1265,54487
56473157,56474251,1094,300343
56474251,56475394,1143,157400
56475394,56476317,923,30101
56476317,56477572,1255,281472
56477572,56478800,1228,132485
56478800,56480116,1316,10642
56480116,56481392,1276,130627
56481392,56482601,1209,121148
56482601,56483839,1238,89390
56483839,56485054,1215,129440
56485054,56485253,199,163381
56485253,56486402,1149,14929
56486402,56487200,798,129064
56487200,56488113,913,135249
56488113,56489359,1246,114452
56489359,56489984,625,126965
56489984,56491054,1070,147193
56491054,56491624,570,245708
56491624,56492833,1209,67592
56492833,56493990,1157,133424
56493990,56494993,1003,131228
56494993,56496032,1039,141209
56496032,56497033,1001,137588
56497033,56498243,1210,89735
56498243,56499444,1201,152824
56499444,56500633,1189,12546
56500633,56501916,1283,129594
56501916,56503043,1127,54659
56503043,56504286,1243,32658
56504286,56505543,1257,144135
56505543,56506803,1260,48579
56506803,56507201,398,273050
56507201,56508317,1116,291107
56508317,56509188,871,25951
56509188,56510401,1213,139035
56510401,56511704,1303,143485
56511704,56512713,1009,284444
56512713,56513008,295,122626
56513008,56514315,1307,135229
56514315,56515533,1218,95875
56515533,56516790,1257,157636
56516790,56517751,961,58868
56517751,56518812,1061,134149
56518812,56519945,1133,86679
56519945,56521195,1250,110061
56521195,56522334,1139,208
56522334,56523563,1229,300047
56523563,56524781,1218,82020
56524781,56525895,1114,159386
56525895,56526294,399,11547
56526294,56527452,1158,4691
56527452,56528631,1179,134170
56528631,56529890,1259,139612
56529890,56530646,756,143893
56530646,56531833,1187,121899
56531833,56532800,967,81858
56532800,56533979,1179,156230
56533979,56534807,828,128631
56534807,56535680,873,68358
56535680,56536926,1246,24515
56536926,56538026,1100,103120
56538026,56538289,263,139742
56538289,56538663,374,141819
56538663,56539890,1227,138042
56539890,56540671,781,138042
56540671,56541850,1179,699
56541850,56543110,1260,28247
56543110,56544258,1148,53320
56544258,56545155,897,115968
56545155,56546331,1176,154284
56546331,56547238,907,129393
56547238,56548387,1149,9174
56548387,56549548,1161,61316
56549548,56550558,1010,54487
56550558,56551751,1193,199
56551751,56552720,969,130569
56552720,56553976,1256,132291
56553976,56555142,1166,156154
56555142,56556374,1232,161217
56556374,56557561,1187,154284
56557561,56558720,1159,123715
56558720,56559974,1254,156474
56559974,56560879,905,27504
56560879,56562066,1187,298549
56562066,56563288,1222,76055
56563288,56564223,935,146346
56564223,56564782,559,121446
56564782,56565927,1145,23281
56565927,56567038,1111,279856
56567038,56568270,1232,185125
56568270,56569449,1179,43306
56569449,56570701,1252,25951
56570701,56571776,1075,110061
56571776,56573027,1251,9174
56573027,56574208,1181,231838
56574208,56575427,1219,142733
56575427,56576537,1110,66185
56576537,56577581,1044,120330
56577581,56578530,949,127703
56578530,56579527,997,107627
56579527,56580462,935,131732
56580462,56580778,316,140639
56580778,56581847,1069,143895
56581847,56582830,983,161226
56582830,56583884,1054,282926
56583884,56585103,1219,41614
56585103,56586294,1191,133220
56586294,56587562,1268,12895
56587562,56588727,1165,129317
56588727,56589990,1263,127732
56589990,56590589,599,121392
56590589,56591085,496,724
56591085,56591856,771,163402
56591856,56593113,1257,71550
56593113,56593376,263,137589
56593376,56594595,1219,55856
56594595,56595747,1152,84448
56595747,56596650,903,138888
56596650,56597840,1190,157400
56597840,56598934,1094,13265
56598934,56600245,1311,147989
56600245,56601461,1216,104979
56601461,56602489,1028,14936
56602489,56603633,1144,68344
56603633,56605222,1589,75365
56605222,56606105,883,294700
56606105,56606917,812,161101
56606917,56608152,1235,141135
56608152,56608326,174,136863
56608326,56609423,1097,136458
56609423,56609981,558,41151
56609981,56610926,945,105386
56610926,56612156,1230,39970
56612156,56613295,1139,76046
56613295,56614320,1025,83616
56614320,56615428,1108,38660
56615428,56616555,1127,80534
56616555,56617684,1129,668
56617684,56619034,1350,121415
56619034,56620139,1105,92820
56620139,56621111,972,129596
56621111,56622158,1047,5912
56622158,56622703,545,121799
56622703,56623569,866,103481
56623569,56624751,1182,139350
56624751,56625564,813,10701
56625564,56626728,1164,139325
56626728,56627523,795,109179
56627523,56628765,1242,150843
56628765,56630088,1323,39478
56630088,56630710,622,144987
56630710,56632008,1298,129011
56632008,56633174,1166,73296
56633174,56634417,1243,77779
56634417,56635570,1153,170956
56635570,56636727,1157,12723
56636727,56638006,1279,157400
56638006,56639154,1148,129064
56639154,56640234,1080,92915
56640234,56641393,1159,132776
56641393,56642530,1137,61317
56642530,56643803,1273,124439
56643803,56645046,1243,92915
56645046,56646129,1083,127732
56646129,56647236,1107,184448
56647236,56648512,1276,39515
56648512,56649743,1231,136483
56649743,56650960,1217,135264
56650960,56652043,1083,138063
56652043,56653236,1193,57836
56653236,56653548,312,130127
56653548,56654474,926,94876
56654474,56655700,1226,76043
56655700,56656750,1050,291101
56656750,56657977,1227,30591
56657977,56659008,1031,67592
56659008,56660119,1111,274376
56660119,56661355,1236,232057
56661355,56662655,1300,130184
56662655,56663564,909,150915
56663564,56664624,1060,13256
56664624,56665893,1269,138888
56665893,56666386,493,291379
56666386,56666915,529,142733
56666915,56668151,1236,290361
56668151,56669262,1111,300343
56669262,56670330,1068,171138
56670330,56671660,1330,4861
56671660,56672841,1181,135654
56672841,56673582,741,54666
56673582,56674875,1293,96168
56674875,56676141,1266,135826
56676141,56677406,1265,127704
56677406,56678064,658,216570
56678064,56678538,474,160964
56678538,56679538,1000,178030
56679538,56680671,1133,131218
56680671,56681862,1191,130727
56681862,56682980,1118,70753
56682980,56684052,1072,5084
56684052,56685305,1253,1189
56685305,56685657,352,149939
56685657,56686888,1231,87547
56686888,56687853,965,98645
56687853,56688253,400,139336
56688253,56689547,1294,95969
56689547,56690215,668,398
56690215,56691485,1270,129325
56691485,56692695,1210,133393
56692695,56693835,1140,76046
56693835,56695003,1168,139325
56695003,56696084,1081,284269
56696084,56697305,1221,138063
56697305,56698447,1142,73847
56698447,56699631,1184,125147
56699631,56700890,1259,4662
56700890,56701236,346,7884
56701236,56702377,1141,155972
56702377,56703506,1129,34483
56703506,56704589,1083,54667
56704589,56705674,1085,46268
56705674,56707031,1357,104398
56707031,56707970,939,164100
56707970,56708961,991,67592
56708961,56709276,315,126965
56709276,56710459,1183,105002
56710459,56711054,595,4733
56711054,56712066,1012,166420
56712066,56712878,812,120325
56712878,56713863,985,61316
56713863,56714807,944,144019
56714807,56715920,1113,100044
56715920,56717132,1212,124549
56717132,56718211,1079,141135
56718211,56719397,1186,126829
56719397,56720528,1131,6541
56720528,56721763,1235,10328
56721763,56723060,1297,89882
56723060,56724190,1130,44912
56724190,56725043,853,129623
56725043,56725450,407,668
56725450,56726665,1215,160964
56726665,56727914,1249,3961
56727914,56729072,1158,121760
56729072,56729505,433,110127
56729505,56730268,763,126932
56730268,56731436,1168,170452
56731436,56732541,1105,95870
56732541,56733553,1012,127518
56733553,56734122,569,163612
56734122,56735070,948,289453
56735070,56736301,1231,58763
56736301,56737540,1239,120318
56737540,56738847,1307,185485
56738847,56739542,695,128309
56739542,56740707,1165,160952
56740707,56741674,967,169656
56741674,56742899,1225,51163
56742899,56744179,1280,134465
56744179,56745404,1225,103120
56745404,56746647,1243,26956
56746647,56747900,1253,296473
56747900,56749072,1172,123500
56749072,56749900,828,163402
56749900,56751027,1127,7591
56751027,56752121,1094,142750
56752121,56752494,373,66622
56752494,56753737,1243,156967
56753737,56754983,1246,75939
56754983,56756079,1096,18005
56756079,56756740,661,216567
56756740,56757133,393,104978
56757133,56758356,1223,124164
56758356,56759638,1282,163527
56759638,56760667,1029,123197
56760667,56761715,1048,181961
56761715,56762943,1228,185126
56762943,56763864,921,46889
56763864,56764075,211,114256
56764075,56765065,990,124520
56765065,56766335,1270,142358
56766335,56767153,818,302395
56767153,56768314,1161,287837
56768314,56769439,1125,50776
56769439,56770710,1271,170951
56770710,56771786,1076,12546
56771786,56772869,1083,2772
56772869,56773947,1078,162130
56773947,56775060,1113,157054
56775060,56775982,922,100043
56775982,56777157,1175,287139
56777157,56778456,1299,125123
56778456,56779625,1169,258954
56779625,56780863,1238,96168
56780863,56781964,1101,10344
56781964,56783066,1102,140222
56783066,56783277,211,163612
56783277,56783933,656,141148
56783933,56785055,1122,127215
56785055,56785759,704,62850
56785759,56787011,1252,86710
56787011,56788281,1270,109176
56788281,56789455,1174,114468
56789455,56790394,939,46889
56790394,56791580,1186,890
56791580,56791945,365,130127
56791945,56793146,1201,295710
56793146,56793328,182,126955
56793328,56794531,1203,27504
56794531,56795254,723,63101
56795254,56796481,1227,77361
56796481,56797741,1260,133273
56797741,56798816,1075,258974
56798816,56799819,1003,128145
56799819,56800927,1108,110238
56800927,56802104,1177,291101
56802104,56803337,1233,156159
56803337,56804510,1173,53343
56804510,56805203,693,161707
56805203,56806458,1255,290365
56806458,56807705,1247,144485
56807705,56808101,396,136863
56808101,56809316,1215,696
56809316,56810376,1060,91192
56810376,56811634,1258,104491
56811634,56812641,1007,40556
56812641,56813796,1155,133220
56813796,56814922,1126,158816
56814922,56815915,993,156757
56815915,56816972,1057,64292
56816972,56818184,1212,7884
56818184,56819405,1221,156154
56819405,56819621,216,70843
56819621,56820759,1138,300208
56820759,56822036,1277,66622
56822036,56822421,385,134657
56822421,56823397,976,258974
56823397,56824524,1127,176660
56824524,56824969,445,170982
56824969,56825813,844,131748
56825813,56826909,1096,290047
56826909,56827206,297,134121
56827206,56828419,1213,155968
56828419,56829494,1075,151817
56829494,56830699,1205,164328
56830699,56831645,946,160188
56831645,56832918,1273,152264
56832918,56833298,380,157242
56833298,56834225,927,25766
56834225,56835464,1239,9010
56835464,56835916,452,137588
56835916,56837104,1188,147970
56837104,56837722,618,123216
56837722,56838614,892,71531
56838614,56839280,666,232690
56839280,56839459,179,52087
56839459,56840761,1302,129066
56840761,56841646,885,47541
56841646,56842828,1182,280380
56842828,56843975,1147,73295
56843975,56845104,1129,133220
56845104,56845441,337,145138
56845441,56846594,1153,58843
56846594,56847835,1241,240992
56847835,56848889,1054,137627
56848889,56849222,333,143521
56849222,56850427,1205,156154
56850427,56851428,1001,136458
56851428,56852207,779,278220
56852207,56852982,775,141721
56852982,56854235,1253,142362
56854235,56854424,189,12538
56854424,56855279,855,178449
56855279,56855494,215,124368
56855494,56856677,1183,11258
56856677,56857870,1193,137004
56857870,56858939,1069,127215
56858939,56860175,1236,55927
56860175,56861352,1177,39910
56861352,56862457,1105,133393
56862457,56862736,279,7574
56862736,56863060,324,72205
56863060,56864070,1010,125945
56864070,56865200,1130,74477
56865200,56866230,1030,121449
56866230,56867430,1200,287671
56867430,56868446,1016,129011
56868446,56869606,1160,55927
56869606,56870815,1209,60774
56870815,56871947,1132,19366
56871947,56873211,1264,19361
56873211,56874372,1161,126739
56874372,56875610,1238,158081
56875610,56876661,1051,157243
56876661,56877878,1217,155152
56877878,56878690,812,122809
56878690,56879844,1154,164187
56879844,56880158,314,142824
56880158,56881313,1155,5083
56881313,56882493,1180,138901
56882493,56883407,914,142744
56883407,56884534,1127,36633
56884534,56885302,768,134120
56885302,56886620,1318,145083
56886620,56887742,1122,31603
56887742,56888783,1041,287657
56888783,56889921,1138,187005
56889921,56891150,1229,135762
56891150,56892383,1233,164187
56892383,56893571,1188,44912
56893571,56894428,857,75807
56894428,56895339,911,131732
56895339,56896595,1256,140718
56896595,56897858,1263,138042
56897858,56898929,1071,123047
56898929,56900090,1161,8157
56900090,56901161,1071,304541
56901161,56901776,615,66622
56901776,56902996,1220,116805
56902996,56904109,1113,41610
56904109,56905252,1143,133424
56905252,56906415,1163,122544
56906415,56907586,1171,282934
56907586,56908585,999,123283
56908585,56909688,1103,131113
56909688,56910939,1251,138032
56910939,56912104,1165,139308
56912104,56913228,1124,185125
56913228,56914524,1296,68359
56914524,56915799,1275,123216
56915799,56916956,1157,144965
56916956,56918014,1058,699
56918014,56919284,1270,862
56919284,56920561,1277,29090
56920561,56921512,951,155948
56921512,56922705,1193,178028
56922705,56923899,1194,91192
56923899,56925064,1165,14960
56925064,56926133,1069,135657
56926133,56927349,1216,86039
56927349,56928463,1114,168062
56928463,56929101,638,140725
56929101,56930276,1175,134434
56930276,56931520,1244,143895
56931520,56931840,320,278220
56931840,56932933,1093,64974
56932933,56933696,763,138042
56933696,56933963,267,14672
56933963,56935081,1118,141644
56935081,56936324,1243,147110
56936324,56937390,1066,48831
56937390,56938492,1102,296159
56938492,56939185,693,155973
56939185,56939580,395,133396
56939580,56940707,1127,234067
56940707,56941849,1142,59167
56941849,56943137,1288,101276
56943137,56944437,1300,171133
56944437,56944656,219,99249
56944656,56945836,1180,26872
56945836,56946948,1112,185126
56946948,56948109,1161,130530
56948109,56949257,1148,138033
56949257,56950499,1242,123025
56950499,56950846,347,144019
56950846,56952040,1194,155151
56952040,56952681,641,232691
56952681,56953913,1232,137739
56953913,56954793,880,15305
56954793,56955207,414,47237
56955207,56956451,1244,14677
56956451,56957140,689,129396
56957140,56958387,1247,122467
56958387,56959230,843,220979
56959230,56959448,218,54006
56959448,56960629,1181,112057
56960629,56961515,886,104637
56961515,56962740,1225,138045
56962740,56962971,231,69411
56962971,56964132,1161,145145
56964132,56965354,1222,7884
56965354,56966012,658,112187
56966012,56967204,1192,86026
56967204,56967641,437,168638
56967641,56968886,1245,135657
56968886,56969736,850,130532
56969736,56970818,1082,150915
56970818,56971913,1095,139324
56971913,56972170,257,126408
56972170,56973329,1159,108620
56973329,56974240,911,10347
56974240,56975350,1110,13364
56975350,56976582,1232,164188
56976582,56976955,373,137628
56976955,56978198,1243,84122
56978198,56979299,1101,124221
56979299,56980643,1344,4662
56980643,56981548,905,140651
56981548,56982726,1178,73957
56982726,56983829,1103,144965
56983829,56985023,1194,135891
56985023,56986344,1321,48513
56986344,56987565,1221,101283
56987565,56988518,953,121528
56988518,56989767,1249,12926
56989767,56991028,1261,1120
56991028,56991411,383,696
56991411,56992626,1215,121103
56992626,56993019,393,110522
56993019,56994070,1051,26520
56994070,56995279,1209,88007
56995279,56996416,1137,5704
56996416,56997581,1165,129317
56997581,56998542,961,150843
56998542,56999792,1250,163519
56999792,57000967,1175,126208
57000967,57002240,1273,233342
57002240,57002965,725,108638
57002965,57003248,283,61316
57003248,57004392,1144,57836
57004392,57005675,1283,138113
57005675,57006796,1121,138486
57006796,57007859,1063,296159
57007859,57009096,1237,258959
57009096,57009991,895,9914
57009991,57011126,1135,130529
57011126,57012347,1221,27120
57012347,57013559,1212,48830
57013559,57014596,1037,5084
57014596,57015835,1239,24516
57015835,57016384,549,128660
57016384,57017122,738,279153
57017122,57017927,805,245687
57017927,57018899,972,48362
57018899,57019270,371,12332
57019270,57020504,1234,48842
57020504,57021232,728,161102
57021232,57022294,1062,149890
57022294,57023488,1194,132800
57023488,57024616,1128,46889
57024616,57025836,1220,3961
57025836,57026710,874,130728
57026710,57027716,1006,141240
57027716,57028939,1223,132299
57028939,57030166,1227,14497
57030166,57031171,1005,76973
57031171,57032222,1051,1189
57032222,57033189,967,73972
57033189,57034527,1338,104717
57034527,57035802,1275,70998
57035802,57037012,1210,275127
57037012,57038276,1264,84122
57038276,57039539,1263,11079
57039539,57040582,1043,110061
57040582,57041613,1031,132776
57041613,57042803,1190,127595
57042803,57043839,1036,137589
57043839,57044864,1025,258978
57044864,57046126,1262,129011
57046126,57047385,1259,293963
57047385,57048263,878,145733
57048263,57048856,593,163380
57048856,57049719,863,14274
57049719,57050737,1018,57416
57050737,57052028,1291,133239
57052028,57053186,1158,13056
57053186,57054222,1036,147110
57054222,57055277,1055,862
57055277,57056436,1159,121799
57056436,57057636,1200,80690
57057636,57058843,1207,156155
57058843,57060075,1232,129396
57060075,57061297,1222,12971
57061297,57062458,1161,158744
57062458,57063539,1081,105574
57063539,57064316,777,125127
57064316,57064966,650,133273
57064966,57066017,1051,123267
57066017,57067135,1118,283462
57067135,57068144,1009,158744
57068144,57069351,1207,160602
57069351,57070400,1049,290365
57070400,57071590,1190,187006
57071590,57072620,1030,19366
57072620,57073203,583,128660
57073203,57074203,1000,130627
57074203,57074802,599,130588
57074802,57075973,1171,139356
57075973,57076479,506,232057
57076479,57077581,1102,121658
57077581,57078668,1087,285173
57078668,57079828,1160,4158
57079828,57081103,1275,98877
57081103,57082361,1258,170951
57082361,57082723,362,130588
57082723,57083579,856,19665
57083579,57084834,1255,116804
57084834,57085632,798,271812
57085632,57086720,1088,291101
57086720,57087889,1169,140639
57087889,57089084,1195,142733
57089084,57090333,1249,83606
57090333,57091622,1289,64974
57091622,57092305,683,275885
57092305,57093221,916,9210
57093221,57094222,1001,172165
57094222,57095449,1227,48377
57095449,57096284,835,56574
57096284,57097373,1089,138033
57097373,57098428,1055,245687
57098428,57099634,1206,44937
57099634,57100854,1220,36146
57100854,57102055,1201,138113
57102055,57103000,945,104491
57103000,57104163,1163,106974
57104163,57105310,1147,25951
57105310,57106527,1217,18005
57106527,57106928,401,15305
57106928,57108175,1247,121541
57108175,57108420,245,121674
57108420,57109658,1238,142320
57109658,57110984,1326,696
57110984,57112288,1304,278217
57112288,57112985,697,19361
57112985,57114078,1093,123133
57114078,57115384,1306,1562
57115384,57116546,1162,46588
57116546,57117735,1189,5083
57117735,57118792,1057,64708
57118792,57119899,1107,122443
57119899,57120607,708,101283
57120607,57121760,1153,130989
57121760,57122875,1115,73729
57122875,57123630,755,144496
57123630,57124935,1305,134804
57124935,57126043,1108,37999
57126043,57127156,1113,60489
57127156,57128259,1103,136458
57128259,57129521,1262,48513
57129521,57130429,908,40571
57130429,57130976,547,144503
57130976,57132173,1197,130530
57132173,57132803,630,163612
57132803,57133989,1186,134121
57133989,57135196,1207,176270
57135196,57136131,935,14897
57136131,57137379,1248,290361
57137379,57138641,1262,121760
57138641,57139834,1193,75939
57139834,57140991,1157,99124
57140991,57142248,1257,155521
57142248,57143396,1148,40544
57143396,57144597,1201,281131
57144597,57145625,1028,170952
57145625,57146789,1164,53638
57146789,57148039,1250,29110
57148039,57149021,982,155948
57149021,57150298,1277,126312
57150298,57151521,1223,185457
57151521,57152598,1077,39508
57152598,57153150,552,279852
57153150,57154379,1229,140040
57154379,57154755,376,144019
57154755,57156107,1352,139707
57156107,57157255,1148,125001
57157255,57158511,1256,110061
57158511,57159682,1171,140718
57159682,57159897,215,75807
57159897,57160676,779,105002
57160676,57161953,1277,170977
57161953,57162684,731,48032
57162684,57163158,474,126965
57163158,57164333,1175,14936
57164333,57164822,489,12332
57164822,57165955,1133,132069
57165955,57166134,179,48032
57166134,57167270,1136,58868
57167270,57168393,1123,155948
57168393,57169648,1255,46712
57169648,57170780,1132,8140
57170780,57171089,309,128633
57171089,57171752,663,29092
57171752,57173009,1257,122614
57173009,57173516,507,65554
57173516,57174464,948,141208
57174464,57175711,1247,175448
57175711,57176904,1193,135264
57176904,57178177,1273,3582
57178177,57179356,1179,177234
57179356,57180085,729,92820
57180085,57181313,1228,138545
57181313,57182539,1226,108640
57182539,57183761,1222,49755
57183761,57184410,649,158074
57184410,57185647,1237,82458
57185647,57186897,1250,101832
57186897,57187867,970,46890
57187867,57188802,935,134148
57188802,57190021,1219,259009
57190021,57190245,224,282926
57190245,57191132,887,130164
57191132,57192361,1229,114971
57192361,57193509,1148,296465
57193509,57194524,1015,147159
57194524,57195341,817,26558
57195341,57195592,251,13185
57195592,57196613,1021,90847
57196613,57197911,1298,64588
57197911,57199084,1173,176256
57199084,57199579,495,84448
57199579,57200556,977,156757
57200556,57201204,648,2327
57201204,57202219,1015,101276
57202219,57202658,439,122827
57202658,57203847,1189,164461
57203847,57204962,1115,134425
57204962,57206012,1050,137770
57206012,57207130,1118,73295
57207130,57208169,1039,53342
57208169,57209190,1021,8890
57209190,57210321,1131,177234
57210321,57210823,502,296468
57210823,57211899,1076,130529
57211899,57213228,1329,232690
57213228,57214319,1091,283462
57214319,57215350,1031,121130
57215350,57216110,760,104890
57216110,57217321,1211,102381
57217321,57218371,1050,44577
57218371,57219178,807,296078
57219178,57220429,1251,11079
57220429,57221546,1117,283242
57221546,57222723,1177,153309
57222723,57223990,1267,32139
57223990,57225061,1071,234106
57225061,57226258,1197,290365
57226258,57227439,1181,136458
57227439,57228488,1049,101276
57228488,57229701,1213,125140
57229701,57230938,1237,164188
57230938,57231943,1005,129597
57231943,57233106,1163,112761
57233106,57234405,1299,144485
57234405,57235632,1227,19214
57235632,57236263,631,64588
57236263,57237315,1052,30593
57237315,57238277,962,126955
57238277,57239545,1268,126859
57239545,57240832,1287,129443
57240832,57241826,994,723
57241826,57243093,1267,57154
57243093,57243457,364,140651
57243457,57243664,207,64588
57243664,57244681,1017,153958
57244681,57245953,1272,232690
57245953,57246647,694,139356
57246647,57247932,1285,12898
57247932,57248950,1018,176698
57248950,57250191,1241,130533
57250191,57251338,1147,126860
57251338,57252588,1250,35921
57252588,57253083,495,30105
57253083,57254191,1108,123285
57254191,57254736,545,170950
57254736,57255498,762,58845
57255498,57255880,382,101262
57255880,57256396,516,129790
57256396,57257747,1351,160984
57257747,57258905,1158,124368
57258905,57260017,1112,56175
57260017,57261310,1293,8890
57261310,57262476,1166,41172
57262476,57263771,1295,5776
57263771,57264891,1120,51163
57264891,57265864,973,86710
57265864,57267078,1214,129325
57267078,57267583,505,16802
57267583,57267973,390,131890
57267973,57269200,1227,140071
57269200,57270334,1134,112597
57270334,57270703,369,134592
57270703,57271892,1189,125140
57271892,57272940,1048,132891
57272940,57273867,927,140221
57273867,57274939,1072,67147
57274939,57276138,1199,220951
57276138,57277369,1231,167022
57277369,57278220,851,101836
57278220,57278848,628,128631
57278848,57279558,710,14674
57279558,57280617,1059,18004
57280617,57280951,334,131226
57280951,57282224,1273,139612
57282224,57283378,1154,291172
57283378,57284532,1154,86040
57284532,57285700,1168,696
57285700,57286984,1284,129659
57286984,57288251,1267,81843
57288251,57289491,1240,10327
57289491,57290547,1056,53342
57290547,57291724,1177,135636
57291724,57293007,1283,48831
57293007,57294304,1297,155948
57294304,57295427,1123,116805
57295427,57296647,1220,31089
57296647,57297940,1293,126959
57297940,57299229,1289,127597
57299229,57300392,1163,73729
57300392,57301705,1313,168062
57301705,57302871,1166,132291
57302871,57304019,1148,163519
57304019,57304945,926,285135
57304945,57306169,1224,154697
57306169,57307226,1057,5764
57307226,57308462,1236,32658
57308462,57309675,1213,83607
57309675,57310759,1084,122467
57310759,57311214,455,166420
57311214,57312407,1193,10088
57312407,57313529,1122,92820
57313529,57314457,928,133217
57314457,57315572,1115,183239
57315572,57316734,1162,92915
57316734,57317931,1197,164327
57317931,57319214,1283,54666
57319214,57320215,1001,147110
57320215,57321511,1296,143271
57321511,57321975,464,110243
57321975,57322256,281,5417
57322256,57323356,1100,48579
57323356,57324007,651,134316
57324007,57325280,1273,92200
57325280,57326354,1074,109658
57326354,57327426,1072,102612
57327426,57328518,1092,135824
57328518,57329654,1136,61356
57329654,57330717,1063,160188
57330717,57331200,483,58433
57331200,57332437,1237,1536
57332437,57333617,1180,108638
57333617,57333792,175,135022
57333792,57334922,1130,281132
57334922,57336150,1228,105574
57336150,57337311,1161,1733
57337311,57338366,1055,8927
57338366,57339546,1180,163935
57339546,57340728,1182,141642
57340728,57341858,1130,67860
57341858,57343145,1287,65554
57343145,57343910,765,245707
57343910,57345069,1159,155948
57345069,57345948,879,141268
57345948,57347002,1054,292253
57347002,57348338,1336,169619
57348338,57349514,1176,109174
57349514,57349864,350,252342
57349864,57351139,1275,121669
57351139,57352330,1191,86588
57352330,57353378,1048,92934
57353378,57354629,1251,138043
57354629,57355653,1024,129974
57355653,57356792,1139,15446
57356792,57357739,947,83696
57357739,57358932,1193,129325
57358932,57360069,1137,53320
57360069,57360347,278,51162
57360347,57361519,1172,171133
57361519,57362615,1096,89388
57362615,57363775,1160,48842
57363775,57365010,1235,26553
57365010,57366192,1182,86777
57366192,57367408,1216,4447
57367408,57368605,1197,161714
57368605,57369769,1164,99249
57369769,57370974,1205,135891
57370974,57372319,1345,19376
57372319,57373310,991,59167
57373310,57374522,1212,63713
57374522,57375651,1129,13056
57375651,57377003,1352,135891
57377003,57377567,564,119295
57377567,57378817,1250,142745
57378817,57379978,1161,88748
57379978,57381193,1215,132272
57381193,57382349,1156,137106
57382349,57383490,1141,273050
57383490,57384619,1129,30119
57384619,57385874,1255,258959
57385874,57386243,369,8141
57386243,57387523,1280,36956
57387523,57388326,803,176853
57388326,57389491,1165,130226
57389491,57390660,1169,35926
57390660,57391796,1136,6174
57391796,57392781,985,233382
57392781,57393819,1038,10327
57393819,57394922,1103,10701
57394922,57396121,1199,75810
57396121,57397326,1205,130728
57397326,57398399,1073,115687
57398399,57399420,1021,160964
57399420,57400452,1032,66622
57400452,57401638,1186,1536
57401638,57402864,1226,276907
57402864,57403774,910,289453
57403774,57405034,1260,153733
57405034,57406155,1121,130493
57406155,57407220,1065,163527
57407220,57407826,606,163380
57407826,57409031,1205,2777
57409031,57409880,849,64291
57409880,57411097,1217,128345
57411097,57412335,1238,174953
57412335,57413545,1210,153309
57413545,57414643,1098,292253
57414643,57415867,1224,66464
57415867,57417014,1147,96672
57417014,57417964,950,139742
57417964,57419162,1198,117382
57419162,57420488,1326,36641
57420488,57421391,903,152864
57421391,57422045,654,7793
57422045,57423262,1217,5417
57423262,57423892,630,48361
57423892,57425073,1181,162375
57425073,57425564,491,124554
57425564,57426857,1293,133440
57426857,57427979,1122,159230
57427979,57428968,989,4690
57428968,57429979,1011,32451
57429979,57431138,1159,176660
57431138,57431521,383,132782
57431521,57432821,1300,159230
57432821,57433947,1126,133273
57433947,57435168,1221,30119
57435168,57436129,961,165387
57436129,57437468,1339,92002
57437468,57438230,762,123191
57438230,57439242,1012,281131
57439242,57440424,1182,174960
57440424,57441607,1183,82020
57441607,57442511,904,149890
57442511,57443768,1257,274558
57443768,57444866,1098,277899
57444866,57446081,1215,54487
57446081,57447205,1124,293963
57447205,57448397,1192,57156
57448397,57449440,1043,126232
57449440,57449727,287,26894
57449727,57450584,857,109179
57450584,57451875,1291,696
57451875,57452939,1064,10701
57452939,57453468,529,142727
57453468,57454528,1060,105179
57454528,57455590,1062,39481
57455590,57456619,1029,155972
57456619,57457809,1190,88007
57457809,57458369,560,89388
57458369,57459595,1226,19585
57459595,57460749,1154,132073
57460749,57461715,966,122825
57461715,57462960,1245,142745
57462960,57463793,833,123013
57463793,57465142,1349,10172
57465142,57465513,371,143625
57465513,57466821,1308,110054
57466821,57468094,1273,135891
57468094,57469164,1070,61776
57469164,57469657,493,117384
57469657,57470750,1093,10822
57470750,57471992,1242,233382
57471992,57472387,395,138617
57472387,57473158,771,17615
57473158,57474161,1003,105673
57474161,57475345,1184,168626
57475345,57476393,1048,124990
57476393,57477370,977,159386
57477370,57478339,969,276735
57478339,57479331,992,130530
57479331,57480510,1179,43321
57480510,57481176,666,65554
57481176,57482450,1274,84447
57482450,57483555,1105,132484
57483555,57484705,1150,145703
57484705,57485219,514,282926
57485219,57486256,1037,26947
57486256,57486922,666,136846
57486922,57487952,1030,77779
57487952,57488911,959,162129
57488911,57490151,1240,77782
57490151,57491169,1018,220980
57491169,57491687,518,10088
57491687,57492879,1192,62516
57492879,57493987,1108,84010
57493987,57495123,1136,99249
57495123,57496314,1191,114468
57496314,57497495,1181,163505
57497495,57498188,693,64290
57498188,57499393,1205,14497
57499393,57500624,1231,182394
57500624,57501666,1042,300047
57501666,57502799,1133,281131
57502799,57504145,1346,352
57504145,57505306,1161,126296
57505306,57506439,1133,121671
57506439,57507394,955,68773
57507394,57508456,1062,138290
57508456,57509550,1094,289453
57509550,57510805,1255,157859
57510805,57511935,1130,30105
57511935,57512972,1037,83696
57512972,57514171,1199,48362
57514171,57515120,949,110238
57515120,57515309,189,71402
57515309,57516394,1085,80690
57516394,57517124,730,126945
57517124,57518333,1209,1732
57518333,57519592,1259,72927
57519592,57520836,1244,174960
57520836,57521705,869,127731
57521705,57522373,668,19371
57522373,57523656,1283,72311
57523656,57524916,1260,161166
57524916,57526177,1261,75939
57526177,57527375,1198,155968
57527375,57528602,1227,157400
57528602,57528868,266,153958
57528868,57529857,989,163527
57529857,57531134,1277,170956
57531134,57532297,1163,258263
57532297,57533564,1267,115968
57533564,57534717,1153,137597
57534717,57535949,1232,130103
57535949,57537258,1309,149245
57537258,57538309,1051,281472
57538309,57539364,1055,129597
57539364,57540373,1009,279153
57540373,57541213,840,123506
57541213,57542362,1149,155968
57542362,57542790,428,126965
57542790,57543889,1099,5710
57543889,57544125,236,178449
57544125,57544639,514,130566
57544639,57545672,1033,152262
57545672,57546640,968,142362
57546640,57547065,425,123268
57547065,57548290,1225,135264
57548290,57549444,1154,134312
57549444,57550130,686,300343
57550130,57550463,333,128309
57550463,57551727,1264,58012
57551727,57552488,761,46243
57552488,57553668,1180,147970
57553668,57554647,979,21393
57554647,57555858,1211,1188
57555858,57557115,1257,131735
57557115,57558012,897,62851
57558012,57559277,1265,31097
57559277,57560362,1085,144987
57560362,57561437,1075,9210
57561437,57562536,1099,28465
57562536,57563790,1254,72311
57563790,57564895,1105,123285
57564895,57565436,541,11535
57565436,57566489,1053,7371
57566489,57567733,1244,39478
57567733,57568882,1149,141571
57568882,57570062,1180,139710
57570062,57571198,1136,140639
57571198,57571987,789,292252
57571987,57572650,663,92002
57572650,57573747,1097,154284
57573747,57574647,900,279153
57574647,57575787,1140,161102
57575787,57576504,717,142318
57576504,57577743,1239,116797
57577743,57578935,1192,112593
57578935,57579482,547,139290
57579482,57580615,1133,1070
57580615,57581294,679,133224
57581294,57582462,1168,290350
57582462,57583365,903,56174
57583365,57583920,555,300234
57583920,57585151,1231,6397
57585151,57586209,1058,143893
57586209,57587450,1241,13256
57587450,57588498,1048,101883
57588498,57589549,1051,28462
57589549,57590796,1247,99157
57590796,57591987,1191,127936
57591987,57592655,668,25766
57592655,57593882,1227,2777
57593882,57594551,669,149890
57594551,57595814,1263,147173
57595814,57596781,967,81843
57596781,57597943,1162,146111
57597943,57599068,1125,128138
57599068,57600193,1125,131226
57600193,57600758,565,61316
57600758,57601605,847,30593
57601605,57602671,1066,29110
57602671,57603890,1219,129974
57603890,57604932,1042,130103
57604932,57606133,1201,122876
57606133,57607396,1263,55088
57607396,57608617,1221,37090
57608617,57609812,1195,96175
57609812,57610562,750,48032
57610562,57611333,771,127732
57611333,57612573,1240,26496
57612573,57613680,1107,40556
57613680,57613875,195,7239
57613875,57614976,1101,279775
57614976,57616208,1232,164187
57616208,57617335,1127,79973
57617335,57618474,1139,110061
57618474,57619693,1219,143625
57619693,57620350,657,301694
57620350,57621574,1224,39501
57621574,57622459,885,294690
57622459,57622654,195,162253
57622654,57623117,463,121130
57623117,57624162,1045,19366
57624162,57625354,1192,19376
57625354,57626581,1227,129623
57626581,57627766,1185,681
57627766,57628991,1225,73075
57628991,57629225,234,135832
57629225,57630215,990,46889
57630215,57631348,1133,128145
57631348,57632361,1013,259009
57632361,57633547,1186,113273
57633547,57634646,1099,69607
57634646,57634871,225,134785
57634871,57635597,726,90847
57635597,57636835,1238,167023
57636835,57637678,843,133220
57637678,57638462,784,287139
57638462,57639689,1227,185457
57639689,57640885,1196,101283
57640885,57641910,1025,276730
57641910,57643186,1276,295197
57643186,57644358,1172,296473
57644358,57645505,1147,159228
57645505,57646697,1192,43322
57646697,57647880,1183,126929
57647880,57648337,457,134636
57648337,57649635,1298,142279
57649635,57650784,1149,137004
57650784,57651926,1142,173230
57651926,57652251,325,41933
57652251,57653494,1243,142727
57653494,57654543,1049,129979
57654543,57655772,1229,10088
57655772,57657032,1260,121106
57657032,57658270,1238,44577
57658270,57659537,1267,8689
57659537,57660617,1080,135580
57660617,57661567,950,137614
57661567,57662634,1067,185074
57662634,57663721,1087,123500
57663721,57664612,891,12103
57664612,57665227,615,163505
57665227,57666387,1160,121760
57666387,57667485,1098,132499
57667485,57667861,376,64717
57667861,57668562,701,130093
57668562,57669546,984,139200
57669546,57670559,1013,130974
57670559,57671543,984,32139
57671543,57672754,1211,137628
57672754,57673869,1115,45217
57673869,57675112,1243,275212
57675112,57676327,1215,58869
57676327,57677138,811,124003
57677138,57678471,1333,134120
57678471,57679340,869,132710
57679340,57680451,1111,96151
57680451,57681493,1042,104978
57681493,57682651,1158,121661
57682651,57683913,1262,293168
57683913,57685149,1236,291172
57685149,57685736,587,9010
57685736,57686390,654,129623
57686390,57687665,1275,123191
57687665,57688970,1305,135654
57688970,57690188,1218,105398
57690188,57690527,339,126410
57690527,57690868,341,160964
57690868,57692040,1172,244443
57692040,57693385,1345,62347
57693385,57694553,1168,139752
57694553,57695558,1005,130989
57695558,57696706,1148,68369
57696706,57697957,1251,77361
57697957,57698440,483,105405
57698440,57699719,1279,133834
57699719,57700592,873,58776
57700592,57701813,1221,129324
57701813,57702264,451,109179
57702264,57703330,1066,284269
57703330,57703751,421,120583
57703751,57704862,1111,13056
57704862,57706139,1277,122944
57706139,57707264,1125,131722
57707264,57708465,1201,143625
57708465,57709589,1124,5704
57709589,57710861,1272,92820
57710861,57711759,898,273050
57711759,57712952,1193,5710
57712952,57714133,1181,112058
57714133,57715312,1179,158816
57715312,57716529,1217,137483
57716529,57717791,1262,141279
57717791,57719047,1256,101276
57719047,57720073,1026,10702
57720073,57721090,1017,88363
57721090,57721852,762,102239
57721852,57722885,1033,160952
57722885,57723929,1044,19376
57723929,57725119,1190,5416
57725119,57726232,1113,6556
57726232,57727366,1134,286306
57727366,57728316,950,80665
57728316,57729009,693,164101
57729009,57729224,215,132891
57729224,57730331,1107,723
57730331,57731554,1223,68353
57731554,57732701,1147,280250
57732701,57733748,1047,102612
57733748,57734803,1055,42637
57734803,57736052,1249,97610
57736052,57736640,588,39616
57736640,57737864,1224,123268
57737864,57738985,1121,125128
57738985,57739619,634,32658
57739619,57740964,1345,164101
57740964,57742177,1213,12332
57742177,57743375,1198,14960
57743375,57744519,1144,138042
57744519,57745589,1070,84357
57745589,57745980,391,147968
57745980,57747232,1252,81881
57747232,57748468,1236,69412
57748468,57749520,1052,16003
57749520,57750550,1030,102238
57750550,57750763,213,84122
57750763,57752027,1264,11079
57752027,57753072,1045,199
57753072,57754215,1143,1150
57754215,57755168,953,155972
57755168,57756027,859,136610
57756027,57756753,726,18004
57756753,57757652,899,48362
57757652,57758812,1160,57416
57758812,57759730,918,129396
57759730,57760894,1164,137106
57760894,57761863,969,141268
57761863,57762787,924,121024
57762787,57763994,1207,18005
57763994,57765289,1295,21305
57765289,57766560,1271,89940
57766560,57767144,584,122544
57767144,57768240,1096,27120
57768240,57769388,1148,289453
57769388,57770482,1094,132299
57770482,57771198,716,121799
57771198,57772278,1080,158796
57772278,57772717,439,246893
57772717,57773922,1205,141270
57773922,57774391,469,89880
57774391,57775518,1127,295710
57775518,57775773,255,130994
57775773,57776296,523,284269
57776296,57777477,1181,130625
57777477,57778733,1256,92420
57778733,57780038,1305,66016
57780038,57781218,1180,102250
57781218,57782348,1130,125147
57782348,57783512,1164,63839
57783512,57784777,1265,123285
57784777,57785878,1101,30119
57785878,57786705,827,143485
57786705,57787882,1177,141268
57787882,57788838,956,34572
57788838,57789817,979,39971
57789817,57791145,1328,135897
57791145,57792084,939,278289
57792084,57793164,1080,158744
57793164,57793852,688,7235
57793852,57794760,908,39967
57794760,57795851,1091,82458
57795851,57796980,1129,69607
57796980,57797455,475,133290
57797455,57798474,1019,94523
57798474,57799480,1006,130977
57799480,57800824,1344,131722
57800824,57802087,1263,57836
57802087,57803277,1190,66184
57803277,57804299,1022,57156
57804299,57805555,1256,136983
57805555,57806813,1258,67863
57806813,57807291,478,157236
57807291,57807866,575,129805
57807866,57808914,1048,60774
57808914,57809678,764,149798
57809678,57810885,1207,105168
57810885,57812027,1142,254948
57812027,57812366,339,178030
57812366,57813629,1263,128136
57813629,57814372,743,157057
57814372,57815329,957,6556
57815329,57816544,1215,176698
57816544,57817357,813,126851
57817357,57818489,1132,282934
57818489,57819372,883,285135
57819372,57820647,1275,28380
57820647,57821667,1020,163519
57821667,57822755,1088,132592
57822755,57823166,411,126945
57823166,57824429,1263,148993
57824429,57825468,1039,129388
57825468,57826697,1229,35926
57826697,57826946,249,153728
57826946,57827975,1029,99249
57827975,57829181,1206,149791
57829181,57830160,979,63841
57830160,57831452,1292,163726
57831452,57832543,1091,278289
57832543,57833794,1251,101283
57833794,57834790,996,143483
57834790,57836034,1244,130989
57836034,57836201,167,126959
57836201,57837260,1059,246948
57837260,57838481,1221,281187
57838481,57839678,1197,124221
57839678,57841020,1342,293987
57841020,57842291,1271,113336
57842291,57843494,1203,114971
57843494,57844172,678,8140
57844172,57845015,843,168500
57845015,57846177,1162,39661
57846177,57847358,1181,147962
57847358,57848585,1227,185074
57848585,57849771,1186,128310
57849771,57849980,209,134717
57849980,57851214,1234,128345
57851214,57852351,1137,141613
57852351,57853454,1103,296159
57853454,57854589,1135,131751
57854589,57855540,951,10088
57855540,57856758,1218,142320
57856758,57857919,1161,39508
57857919,57858642,723,39481
57858642,57859812,1170,296468
57859812,57860481,669,132101
57860481,57861669,1188,128345
57861669,57862917,1248,294523
57862917,57863904,987,282386
57863904,57864342,438,121398
57864342,57864665,323,18006
57864665,57865870,1205,121734
57865870,57867018,1148,130093
57867018,57868137,1119,64738
57868137,57869070,933,124547
57869070,57869833,763,132891
57869833,57870835,1002,101579
57870835,57871604,769,105002
57871604,57872397,793,66470
57872397,57873444,1047,28375
57873444,57873770,326,163726
57873770,57874847,1077,142858
57874847,57875652,805,296473
57875652,57876575,923,64717
57876575,57877671,1096,58193
57877671,57878878,1207,216570
57878878,57880041,1163,142858
57880041,57880345,304,10701
57880345,57881432,1087,34497
57881432,57881847,415,104491
57881847,57883104,1257,178030
57883104,57884287,1183,126945
57884287,57885744,1457,30119
57885744,57886589,845,73958
57886589,57887495,906,126313
57887495,57888477,982,126860
57888477,57889680,1203,161100
57889680,57890287,607,140041
57890287,57891553,1266,116804
57891553,57892621,1068,122467
57892621,57893767,1146,5757
57893767,57894816,1049,86765
57894816,57895893,1077,176660
57895893,57897158,1265,19373
57897158,57898294,1136,163527
57898294,57899609,1315,104886
57899609,57900664,1055,121024
57900664,57901870,1206,56175
57901870,57902933,1063,145083
57902933,57904055,1122,73847
57904055,57905221,1166,9210
57905221,57906436,1215,107520
57906436,57907534,1098,4654
57907534,57908481,947,61742
57908481,57909650,1169,258960
57909650,57910078,428,117382
57910078,57911368,1290,65820
57911368,57912401,1033,58025
57912401,57913241,840,97593
57913241,57914157,916,274374
57914157,57915311,1154,220951
57915311,57916153,842,155521
57916153,57917373,1220,133396
57917373,57918551,1178,67592
57918551,57919692,1141,162667
57919692,57920590,898,3966
57920590,57921730,1140,294114
57921730,57922746,1016,64588
57922746,57924027,1281,131704
57924027,57924910,883,156155
57924910,57926052,1142,58192
57926052,57927171,1119,35921
57927171,57927980,809,21305
57927980,57929000,1020,88484
57929000,57929412,412,121024
57929412,57930410,998,116805
57930410,57931505,1095,101289
57931505,57932690,1185,49750
57932690,57933978,1288,279239
57933978,57934449,471,121729
57934449,57935632,1183,113336
57935632,57936897,1265,294551
57936897,57938137,1240,7371
57938137,57939402,1265,280250
57939402,57940671,1269,56777
57940671,57941058,387,24731
57941058,57942288,1230,139297
57942288,57943416,1128,169291
57943416,57944440,1024,121799
57944440,57945696,1256,65803
57945696,57946950,1254,149236
57946950,57948129,1179,290901
57948129,57948647,518,71531
57948647,57948942,295,26894
57948942,57950183,1241,141135
57950183,57951372,1189,84010
57951372,57952089,717,57179
57952089,57953345,1256,68188
57953345,57954503,1158,29110
57954503,57955691,1188,74798
57955691,57956764,1073,15082
57956764,57957949,1185,177627
57957949,57959248,1299,91192
57959248,57959483,235,19361
57959483,57959808,325,216570
57959808,57961009,1201,19208
57961009,57962259,1250,143485
57962259,57963352,1093,156724
57963352,57964327,975,127703
57964327,57965394,1067,296467
57965394,57966663,1269,71404
57966663,57967863,1200,125941
57967863,57969148,1285,130184
57969148,57969922,774,102381
57969922,57970283,361,32639
57970283,57971519,1236,165428
57971519,57971938,419,138033
57971938,57973161,1223,9174
57973161,57974402,1241,258263
57974402,57975581,1179,12723
57975581,57976745,1164,123266
57976745,57977232,487,141174
57977232,57978018,786,121727
57978018,57979048,1030,59288
57979048,57980043,995,158081
57980043,57981326,1283,96168
57981326,57982414,1088,70843
57982414,57983652,1238,245687
57983652,57984096,444,73957
57984096,57985373,1277,115968
57985373,57986661,1288,233366
57986661,57987825,1164,279229
57987825,57988324,499,126600
57988324,57989421,1097,64713
57989421,57990638,1217,65772
57990638,57991901,1263,291170
57991901,57993148,1247,64713
57993148,57994431,1283,135580
57994431,57995512,1081,133440
57995512,57996585,1073,88761
57996585,57996912,327,61323
57996912,57997937,1025,141240
57997937,57998659,722,128632
57998659,58000001,1342,67858
58000001,58001027,1026,153728
58001027,58002266,1239,69422
58002266,58003496,1230,162238
58003496,58004671,1175,119295
58004671,58005949,1278,138488
58005949,58007190,1241,274558
58007190,58007467,277,278220
58007467,58008394,927,119637
58008394,58009364,970,39967
58009364,58010597,1233,126312
58010597,58011823,1226,126739
58011823,58013035,1212,125941
58013035,58013900,865,148529
58013900,58014958,1058,30106
58014958,58015845,887,292252
58015845,58016340,495,144503
58016340,58016888,548,138047
58016888,58017211,323,67147
58017211,58018519,1308,220980
58018519,58019775,1256,8592
58019775,58020292,517,131882
58020292,58021264,972,134660
58021264,58022555,1291,25766
58022555,58023798,1243,281131
58023798,58025069,1271,128309
58025069,58026025,956,80189
58026025,58027291,1266,135832
58027291,58027886,595,160187
58027886,58029145,1259,19361
58029145,58029504,359,48032
58029504,58030767,1263,185488
58030767,58031771,1004,290349
58031771,58032428,657,129443
58032428,58033560,1132,72876
58033560,58034371,811,135892
58034371,58035578,1207,128309
58035578,58036858,1280,129597
58036858,58038076,1218,24515
58038076,58039361,1285,13269
58039361,58039859,498,156967
58039859,58040962,1103,298549
58040962,58042060,1098,231862
58042060,58043310,1250,95441
58043310,58044182,872,130105
58044182,58044421,239,9174
58044421,58045628,1207,18006
58045628,58046140,512,304535
58046140,58047068,928,140221
58047068,58047727,659,134119
58047727,58048091,364,231838
58048091,58049296,1205,44912
58049296,58050335,1039,157243
58050335,58051436,1101,233342
58051436,58052362,926,81843
58052362,58053555,1193,95963
58053555,58054601,1046,131732
58054601,58055834,1233,281187
58055834,58056598,764,140639
58056598,58057651,1053,4136
58057651,58058933,1282,39913
58058933,58060141,1208,145138
58060141,58061324,1183,2327
58061324,58062529,1205,274375
58062529,58063428,899,126600
58063428,58064655,1227,66622
58064655,58064874,219,122443
58064874,58066087,1213,135264
58066087,58066921,834,104491
58066921,58067981,1060,132718
58067981,58069056,1075,132891
58069056,58070153,1097,161972
58070153,58071334,1181,18533
58071334,58072492,1158,96151
58072492,58073708,1216,293963
58073708,58074783,1075,53638
58074783,58075934,1151,234067
58075934,58077011,1077,123190
58077011,58078273,1262,61741
58078273,58078904,631,170951
58078904,58080221,1317,290363
58080221,58080839,618,47541
58080839,58082084,1245,130625
58082084,58083297,1213,3961
58083297,58084476,1179,11512
58084476,58085676,1200,98644
58085676,58087018,1342,70753
58087018,58088050,1032,121085
58088050,58089289,1239,48377
58089289,58090013,724,173230
58090013,58090592,579,283462
58090592,58091881,1289,291374
58091881,58093068,1187,142858
58093068,58094237,1169,18004
58094237,58095570,1333,132800
58095570,58096605,1035,185457
58096605,58096987,382,126965
58096987,58098254,1267,162129
58098254,58099449,1195,279239
58099449,58100647,1198,12103
58100647,58101867,1220,113272
58101867,58103042,1175,6174
58103042,58104257,1215,60489
58104257,58105116,859,26947
58105116,58106347,1231,65772
58106347,58107522,1175,12538
58107522,58107970,448,258266
58107970,58109254,1284,157243
58109254,58110379,1125,290363
58110379,58111740,1361,155973
58111740,58112855,1115,101283
58112855,58113884,1029,121127
58113884,58115128,1244,98645
58115128,58116380,1252,114452
58116380,58117556,1176,138548
58117556,58118272,716,160188
58118272,58118941,669,171108
58118941,58119987,1046,1129
58119987,58121089,1102,133211
58121089,58122307,1218,158081
58122307,58123380,1073,125140
58123380,58124724,1344,31603
58124724,58125269,545,36641
58125269,58126418,1149,105383
58126418,58127591,1173,4445
58127591,58128611,1020,39910
58128611,58129744,1133,87280
58129744,58130512,768,67860
58130512,58131205,693,258960
58131205,58132448,1243,109662
58132448,58133589,1141,36956
58133589,58134691,1102,32451
58134691,58135928,1237,172156
58135928,58137159,1231,246948
58137159,58138282,1123,8141
58138282,58139157,875,287357
58139157,58140356,1199,121024
58140356,58141439,1083,163505
58141439,58142656,1217,293663
58142656,58143746,1090,9342
58143746,58144993,1247,39475
58144993,58146328,1335,4687
58146328,58147594,1266,136983
58147594,58148841,1247,126539
58148841,58149833,992,67858
58149833,58151065,1232,112056
58151065,58152147,1082,141721
58152147,58153170,1023,61776
58153170,58154179,1009,131735
58154179,58154776,597,116805
58154776,58155995,1219,154697
58155995,58157245,1250,157400
58157245,58157884,639,126965
58157884,58159041,1157,124526
58159041,58159902,861,58025
58159902,58161199,1297,143485
58161199,58161999,800,75791
58161999,58162940,941,60489
58162940,58163961,1021,168638
58163961,58164961,1000,72205
58164961,58166198,1237,55927
58166198,58167429,1231,58845
58167429,58168662,1233,53320
58168662,58169659,997,54016
58169659,58170798,1139,128990
58170798,58171885,1087,281131
58171885,58172980,1095,110054
58172980,58173711,731,138901
58173711,58174878,1167,129393
58174878,58176063,1185,129790
58176063,58177190,1127,102238
58177190,58178285,1095,142318
58178285,58178697,412,48361
58178697,58179790,1093,157242
58179790,58180861,1071,294523
58180861,58182135,1274,121064
58182135,58183023,888,58763
58183023,58183953,930,39481
58183953,58184934,981,64974
58184934,58186091,1157,117095
58186091,58186506,415,161707
58186506,58187539,1033,49755
58187539,58188632,1093,104979
58188632,58189771,1139,86679
58189771,58191038,1267,723
58191038,58191917,879,43296
58191917,58193137,1220,276907
58193137,58194411,1274,40556
58194411,58195487,1076,63841
58195487,58196665,1178,82904
58196665,58197776,1111,172165
58197776,58198127,351,160593
58198127,58199211,1084,9321
58199211,58200483,1272,13256
58200483,58201304,821,62850
58201304,58202300,996,39501
58202300,58203564,1264,6525
58203564,58204839,1275,164100
58204839,58206035,1196,146437
58206035,58206568,533,133834
58206568,58207760,1192,66176
58207760,58208885,1125,285135
58208885,58209742,857,245707
58209742,58210221,479,36641
58210221,58211471,1250,1562
58211471,58212754,1283,5710
58212754,58213979,1225,155646
58213979,58215069,1090,170951
58215069,58216280,1211,84010
58216280,58217509,1229,92002
58217509,58218514,1005,284445
58218514,58219553,1039,145088
58219553,58220798,1245,68762
58220798,58222045,1247,129805
58222045,58223369,1324,300343
58223369,58224092,723,164188
58224092,58224533,441,231834
58224533,58225700,1167,140718
58225700,58226908,1208,126410
58226908,58228111,1203,1189
58228111,58229131,1020,20023
58229131,58230396,1265,11079
58230396,58231521,1125,121130
58231521,58232706,1185,112061
58232706,58233919,1213,283462
58233919,58235246,1327,294554
58235246,58236001,755,171171
58236001,58237020,1019,39501
58237020,58238152,1132,91905
58238152,58238845,693,19373
58238845,58240023,1178,11547
58240023,58240955,932,127694
58240955,58242201,1246,50776
58242201,58243366,1165,129443
58243366,58244663,1297,281131
58244663,58245814,1151,130101
58245814,58246462,648,86679
58246462,58247551,1089,66016
58247551,58247914,363,18524
58247914,58249105,1191,296467
58249105,58250467,1362,68344
58250467,58251748,1281,14929
58251748,58252895,1147,141240
58252895,58253808,913,138042
58253808,58254536,728,64717
58254536,58255214,678,108638
58255214,58256407,1193,133630
58256407,58256636,229,123176
58256636,58257829,1193,86708
58257829,58258904,1075,130184
58258904,58260129,1225,57667
58260129,58261413,1284,19361
58261413,58262673,1260,58776
58262673,58263760,1087,127518
58263760,58264954,1194,282406
58264954,58265952,998,75939
58265952,58267110,1158,185126
58267110,58268341,1231,108638
58268341,58269319,978,276908
58269319,58269719,400,129994
58269719,58270983,1264,65534
58270983,58272035,1052,157088
58272035,58273178,1143,4275
58273178,58274326,1148,171107
58274326,58275399,1073,274376
58275399,58275783,384,123059
58275783,58276933,1150,114468
58276933,58278211,1278,144987
58278211,58279414,1203,129011
58279414,58280493,1079,167609
58280493,58281751,1258,132717
58281751,58282591,840,106969
58282591,58283881,1290,9919
58283881,58285074,1193,105386
58285074,58285743,669,11546
58285743,58286705,962,184266
58286705,58287948,1243,170438
58287948,58288942,994,157236
58288942,58289936,994,276732
58289936,58290996,1060,292252
58290996,58292110,1114,94876
58292110,58293239,1129,58192
58293239,58294191,952,258266
58294191,58294442,251,161226
58294442,58295527,1085,3961
58295527,58296474,947,121413
58296474,58297703,1229,282385
58297703,58298739,1036,135894
58298739,58299516,777,48579
58299516,58300737,1221,9914
58300737,58301812,1075,16632
58301812,58302984,1172,161972
58302984,58304121,1137,58137
58304121,58304479,358,4654
58304479,58305503,1024,143895
58305503,58306516,1013,278217
58306516,58307788,1272,46889
58307788,58309068,1280,254949
58309068,58310073,1005,143948
58310073,58311022,949,131296
58311022,58312141,1119,72311
58312141,58313417,1276,287657
58313417,58313853,436,150127
58313853,58315040,1187,130533
58315040,58315897,857,128310
58315897,58317145,1248,1188
58317145,58318347,1202,145742
58318347,58319556,1209,231836
58319556,58320483,927,145700
58320483,58321503,1020,51162
58321503,58322527,1024,174953
58322527,58323743,1216,57180
58323743,58325032,1289,121148
58325032,58326287,1255,5084
58326287,58327293,1006,287660
58327293,58328553,1260,9010
58328553,58329368,815,27504
58329368,58330362,994,29092
58330362,58331617,1255,73961
58331617,58332717,1100,126794
58332717,58333873,1156,154697
58333873,58335101,1228,352
58335101,58336226,1125,142318
58336226,58337475,1249,126859
58337475,58338500,1025,40544
58338500,58339475,975,57154
58339475,58340728,1253,128632
58340728,58341851,1123,304541
58341851,58342874,1023,161226
58342874,58344092,1218,135814
58344092,58345447,1355,72205
58345447,58346493,1046,81859
58346493,58347719,1226,71401
58347719,58348907,1188,125127
58348907,58350001,1094,12118
58350001,58351146,1145,19366
58351146,58352351,1205,95969
58352351,58353119,768,85685
58353119,58354360,1241,258266
58354360,58355648,1288,10642
58355648,58356822,1174,4662
58356822,58358020,1198,172165
58358020,58359180,1160,83708
58359180,58359553,373,89940
58359553,58360820,1267,133217
58360820,58362101,1281,69422
58362101,58363179,1078,89894
58363179,58364125,946,245687
58364125,58365262,1137,280380
58365262,58366338,1076,48032
58366338,58367545,1207,155151
58367545,58368909,1364,121130
58368909,58370187,1278,132280
58370187,58371147,960,19208
58371147,58371398,251,48032
58371398,58371572,174,81881
58371572,58371945,373,127597
58371945,58372891,946,127703
58372891,58374093,1202,169656
58374093,58375288,1195,1560
58375288,58376502,1214,159386
58376502,58377692,1190,149939
58377692,58378814,1122,121064
58378814,58379999,1185,62558
58379999,58381194,1195,245708
58381194,58382393,1199,280250
58382393,58383544,1151,5417
58383544,58384657,1113,258262
58384657,58385754,1097,16632
58385754,58387056,1302,11512
58387056,58388085,1029,94526
58388085,58389311,1226,67863
58389311,58390596,1285,293531
58390596,58391404,808,72311
58391404,58392585,1181,14677
58392585,58393710,1125,290349
58393710,58394839,1129,64588
58394839,58396053,1214,282383
58396053,58397332,1279,65554
58397332,58398387,1055,282386
58398387,58399367,980,246893
58399367,58400620,1253,178449
58400620,58401225,605,128631
58401225,58402362,1137,122544
58402362,58402653,291,67851
58402653,58402950,297,106367
58402950,58404267,1317,77361
58404267,58405362,1095,58845
58405362,58406193,831,148521
58406193,58407424,1231,21393
58407424,58408123,699,135216
58408123,58409286,1163,16020
58409286,58410453,1167,126539
58410453,58411468,1015,1730
58411468,58412547,1079,292252
58412547,58413696,1149,98644
58413696,58414665,969,129011
58414665,58415833,1168,287837
58415833,58416947,1114,246948
58416947,58418156,1209,39476
58418156,58419340,1184,63713
58419340,58420427,1087,84122
58420427,58420672,245,105179
58420672,58421827,1155,156155
58421827,58422512,685,121446
58422512,58423755,1243,145733
58423755,58424815,1060,54667
58424815,58426018,1203,295759
58426018,58427017,999,141240
58427017,58427366,349,187466
58427366,58427839,473,123267
58427839,58428559,720,171138
58428559,58429766,1207,157236
58429766,58430928,1162,158816
58430928,58432132,1204,178030
58432132,58433188,1056,168626
58433188,58434140,952,161100
58434140,58435399,1259,130876
58435399,58436627,1228,304534
58436627,58437303,676,140718
58437303,58438308,1005,171134
58438308,58438968,660,104979
58438968,58440228,1260,276735
58440228,58441513,1285,29090
58441513,58442347,834,39661
58442347,58443432,1085,7574
58443432,58444582,1150,17942
58444582,58445044,462,121085
58445044,58446269,1225,91072
58446269,58447310,1041,144485
58447310,58448562,1252,1539
58448562,58448768,206,74797
58448768,58449777,1009,138043
58449777,58450695,918,66184
58450695,58451103,408,245687
58451103,58451936,833,101258
58451936,58453203,1267,149880
58453203,58454462,1259,58776
58454462,58455631,1169,114256
58455631,58456450,819,152824
58456450,58457603,1153,176270
58457603,58458825,1222,169619
58458825,58459930,1105,294113
58459930,58461221,1291,56179
58461221,58462346,1125,104483
58462346,58463574,1228,10642
58463574,58464665,1091,152824
58464665,58465761,1096,134830
58465761,58466646,885,85635
58466646,58467835,1189,141148
58467835,58468944,1109,123047
58468944,58470028,1084,668
58470028,58470862,834,104890
58470862,58471713,851,98876
58471713,58472669,956,85685
58472669,58473825,1156,44912
58473825,58474973,1148,132499
58474973,58476302,1329,86765
58476302,58476859,557,94876
58476859,58478076,1217,291101
58478076,58479026,950,127215
58479026,58480123,1097,23295
58480123,58481336,1213,245707
58481336,58482489,1153,110056
58482489,58483100,611,128631
58483100,58484344,1244,161166
58484344,58485478,1134,274375
58485478,58486747,1269,32136
58486747,58487876,1129,58776
58487876,58489097,1221,70837
58489097,58490177,1080,109176
58490177,58491383,1206,164327
58491383,58492574,1191,105398
58492574,58493835,1261,156224
58493835,58495164,1329,121064
58495164,58496268,1104,283462
58496268,58497222,954,300047
58497222,58497979,757,13185
58497979,58499057,1078,46243
58499057,58500043,986,5083
58500043,58501265,1222,56175
58501265,58502290,1025,133630
58502290,58503385,1095,126842
58503385,58504670,1285,258954
58504670,58505876,1206,108620
58505876,58507127,1251,3587
58507127,58508222,1095,279849
58508222,58509511,1289,8684
58509511,58510795,1284,121024
58510795,58511991,1196,75939
58511991,58513291,1300,123163
58513291,58514321,1030,112056
58514321,58515568,1247,281187
58515568,58516853,1285,126851
58516853,58517913,1060,26553
58517913,58519070,1157,174960
58519070,58520342,1272,157859
58520342,58521333,991,181961
58521333,58522090,757,147110
58522090,58522887,797,7887
58522887,58523702,815,51163
58523702,58524735,1033,132707
58524735,58526000,1265,122801
58526000,58527317,1317,130755
58527317,58528414,1097,58192
58528414,58529573,1159,152864
58529573,58530740,1167,293529
58530740,58532038,1298,32856
58532038,58533099,1061,87732
58533099,58534230,1131,287837
58534230,58535395,1165,135892
58535395,58536586,1191,170982
58536586,58537743,1157,40556
58537743,58538604,861,104986
58538604,58539815,1211,12538
58539815,58540968,1153,262291
58540968,58541903,935,112593
58541903,58542484,581,134465
58542484,58543395,911,136863
58543395,58544555,1160,131882
58544555,58545639,1084,171134
58545639,58546648,1009,25765
58546648,58547702,1054,139387
58547702,58549008,1306,128632
58549008,58549311,303,133217
58549311,58550092,781,136863
58550092,58551330,1238,108638
58551330,58551669,339,184448
58551669,58552878,1209,254948
58552878,58553963,1085,130871
58553963,58555089,1126,135580
58555089,58556299,1210,170438
58556299,58557391,1092,145700
58557391,58558535,1144,130544
58558535,58559488,953,138545
58559488,58560195,707,278220
58560195,58561436,1241,112011
58561436,58562569,1133,112593
58562569,58562949,380,61743
58562949,58564049,1100,121449
58564049,58564877,828,18524
58564877,58565836,959,82558
58565836,58566304,468,121799
58566304,58567623,1319,123059
58567623,58568889,1266,126408
58568889,58570094,1205,162253
58570094,58571355,1261,162239
58571355,58572604,1249,126737
58572604,58573725,1121,133273
58573725,58575020,1295,254948
58575020,58576075,1055,96151
58576075,58577294,1219,156224
58577294,58578312,1018,132649
58578312,58579503,1191,145733
58579503,58580142,639,144503
58580142,58581051,909,7371
58581051,58582269,1218,137770
58582269,58582672,403,11734
58582672,58583923,1251,101799
58583923,58585184,1261,69422
58585184,58586367,1183,122443
58586367,58587391,1024,109658
58587391,58588597,1206,141642
58588597,58589718,1121,114971
58589718,58590934,1216,47032
58590934,58591464,530,36956
58591464,58592616,1152,154736
58592616,58593620,1004,56777
58593620,58594789,1169,138488
58594789,58595802,1013,144503
58595802,58596979,1177,69422
58596979,58598233,1254,88089
58598233,58599265,1032,138032
58599265,58600485,1220,96175
58600485,58601702,1217,138888
58601702,58602055,353,47237
58602055,58602567,512,154673
58602567,58603613,1046,178450
58603613,58604761,1148,274380
58604761,58604989,228,126842
58604989,58606320,1331,724
58606320,58607510,1190,291381
58607510,58608731,1221,4479
58608731,58609973,1242,48579
58609973,58611051,1078,26853
58611051,58611574,523,98880
58611574,58612776,1202,123506
58612776,58613975,1199,129752
58613975,58615231,1256,164327
58615231,58616207,976,168062
58616207,58616648,441,163597
58616648,58617842,1194,11535
58617842,58618021,179,129440
58618021,58618830,809,36956
58618830,58620111,1281,13364
58620111,58621181,1070,11079
58621181,58622225,1044,44937
58622225,58623220,995,139358
58623220,58624295,1075,7741
58624295,58625374,1079,64738
58625374,58626494,1120,101289
58626494,58627671,1177,137589
58627671,58628742,1071,758
58628742,58629257,515,11734
58629257,58629940,683,19665
58629940,58631225,1285,130977
58631225,58632566,1341,284424
58632566,58632836,270,141721
58632836,58634020,1184,67233
58634020,58635267,1247,94876
58635267,58636088,821,134465
58636088,58636278,190,97593
58636278,58637553,1275,44937
58637553,58638806,1253,134785
58638806,58639911,1105,121671
58639911,58641072,1161,6171
58641072,58642065,993,125941
58642065,58642980,915,49755
58642980,58644253,1273,134420
58644253,58644608,355,7239
58644608,58645829,1221,279363
58645829,58646970,1141,26956
58646970,58648229,1259,110526
58648229,58649445,1216,141320
58649445,58650442,997,167023
58650442,58650889,447,7943
58650889,58652140,1251,112056
58652140,58653369,1229,102240
58653369,58654542,1173,125147
58654542,58655673,1131,110706
58655673,58656739,1066,216570
58656739,58657315,576,140718
58657315,58658574,1259,127537
58658574,58659535,961,124439
58659535,58660752,1217,287837
58660752,58661789,1037,127518
58661789,58663005,1216,12103
58663005,58664055,1050,12471
58664055,58665308,1253,138901
58665308,58666525,1217,136846
58666525,58667113,588,132891
58667113,58668340,1227,91905
58668340,58669649,1309,132707
58669649,58670898,1249,110127
58670898,58672095,1197,3961
58672095,58673062,967,124368
58673062,58674301,1239,139753
58674301,58675479,1178,283228
58675479,58676577,1098,133290
58676577,58677690,1113,104986
58677690,58678340,650,14526
58678340,58679335,995,64298
58679335,58680566,1231,101578
58680566,58681842,1276,57180
58681842,58682661,819,104394
58682661,58683885,1224,145145
58683885,58684988,1103,29090
58684988,58686202,1214,36386
58686202,58687488,1286,123506
58687488,58688722,1234,39971
58688722,58689896,1174,110061
58689896,58691089,1193,171137
58691089,58692340,1251,92806
58692340,58693535,1195,291168
58693535,58694781,1246,262291
58694781,58696018,1237,105386
58696018,58697048,1030,126796
58697048,58698211,1163,26956
58698211,58699210,999,122810
58699210,58700409,1199,715
58700409,58701527,1118,174953
58701527,58702768,1241,127537
58702768,58703851,1083,139035
58703851,58704862,1011,174953
58704862,58706082,1220,32139
58706082,58707193,1111,10347
58707193,58708218,1025,19361
58708218,58709443,1225,121392
58709443,58710568,1125,63095
58710568,58711456,888,75355
58711456,58712838,1382,18524
58712838,58714035,1197,157400
58714035,58714452,417,32451
58714452,58715569,1117,91906
58715569,58716773,1204,124221
58716773,58718003,1230,14013
58718003,58718770,767,99249
58718770,58719381,611,296473
58719381,58720219,838,129011
58720219,58720924,705,68188
58720924,58722058,1134,86679
58722058,58723091,1033,50776
58723091,58724289,1198,133225
58724289,58725406,1117,366
58725406,58726553,1147,101276
58726553,58727530,977,121140
58727530,58728815,1285,254918
58728815,58729272,457,120325
58729272,58730429,1157,159230
58730429,58731377,948,95875
58731377,58732548,1171,285314
58732548,58733677,1129,107621
58733677,58734878,1201,121413
58734878,58736029,1151,258266
58736029,58737252,1223,130164
58737252,58738323,1071,132821
58738323,58738542,219,72311
58738542,58739801,1259,294120
58739801,58740131,330,187018
58740131,58741240,1109,121760
58741240,58742413,1173,246892
58742413,58743648,1235,133396
58743648,58744680,1032,142358
58744680,58745921,1241,130296
58745921,58747045,1124,273050
58747045,58747628,583,39481
58747628,58748872,1244,76043
58748872,58750059,1187,72311
58750059,58751296,1237,115968
58751296,58751609,313,126232
58751609,58752796,1187,122614
58752796,58753873,1077,134660
58753873,58754376,503,91192
58754376,58755273,897,133220
58755273,58756046,773,13056
58756046,58757241,1195,291107
58757241,58758426,1185,155949
58758426,58759597,1171,127703
58759597,58759922,325,149939
58759922,58761057,1135,102239
58761057,58762300,1243,216567
58762300,58763503,1203,7944
58763503,58764707,1204,5911
58764707,58765829,1122,115687
58765829,58766940,1111,133225
58766940,58768096,1156,138032
58768096,58769230,1134,167024
58769230,58769996,766,176263
58769996,58771199,1203,158074
58771199,58772288,1089,123507
58772288,58773256,968,136280
58773256,58774511,1255,131722
58774511,58775500,989,304534
58775500,58776687,1187,136458
58776687,58777674,987,138032
58777674,58778869,1195,144503
58778869,58779814,945,109179
58779814,58780978,1164,133440
58780978,58782111,1133,20410
58782111,58783038,927,29101
58783038,58784259,1221,91902
58784259,58785356,1097,8140
58785356,58786557,1201,135580
58786557,58787804,1247,16020
58787804,58788846,1042,133239
58788846,58789887,1041,130516
58789887,58789991,104,129388
58789991,58791129,1138,157400
58791129,58791597,468,9210
58791597,58792311,714,14936
58792311,58793255,944,68773
58793255,58793994,739,110061
58793994,58795099,1105,138488
58795099,58796137,1038,1070
58796137,58797325,1188,289242
58797325,58798249,924,70837
58798249,58799284,1035,55927
58799284,58800347,1063,64974
58800347,58801421,1074,282926
58801421,58802734,1313,80189
58802734,58803930,1196,132821
58803930,58805195,1265,139290
58805195,58806403,1208,296465
58806403,58807656,1253,14358
58807656,58808809,1153,135762
58808809,58809009,200,66347
58809009,58810362,1353,7793
58810362,58811482,1120,281471
58811482,58812642,1160,126955
58812642,58813659,1017,84122
58813659,58814734,1075,168500
58814734,58815283,549,130127
58815283,58815605,322,31629
58815605,58816082,477,89894
58816082,58817296,1214,14677
58817296,58818476,1180,155973
58818476,58819825,1349,131113
58819825,58820964,1139,184264
58820964,58821163,199,140222
58821163,58822326,1163,7793
58822326,58823403,1077,5330
58823403,58823806,403,141148
58823806,58824031,225,129623
58824031,58825296,1265,12332
58825296,58825775,479,156968
58825775,58826721,946,156230
58826721,58827043,322,245691
58827043,58827900,857,134657
58827900,58829098,1198,127936
58829098,58830038,940,63095
58830038,58831223,1185,17615
58831223,58832500,1277,130093
58832500,58833761,1261,133396
58833761,58834975,1214,280380
58834975,58835660,685,131295
58835660,58836739,1079,112593
58836739,58837792,1053,110056
58837792,58838383,591,121416
58838383,58838640,257,129805
58838640,58838922,282,157243
58838922,58840284,1362,134148
58840284,58841387,1103,185485
58841387,58842709,1322,137597
58842709,58843801,1092,71402
58843801,58844720,919,216564
58844720,58845886,1166,104394
58845886,58846843,957,131113
58846843,58847698,855,132891
58847698,58848798,1100,91072
58848798,58850108,1310,292252
58850108,58851275,1167,58868
58851275,58852110,835,67851
58852110,58852577,467,282926
58852577,58853872,1295,138033
58853872,58854470,598,136861
58854470,58854787,317,129396
58854787,58856152,1365,64956
58856152,58857434,1282,127579
58857434,58858785,1351,126945
58858785,58859730,945,122801
58859730,58860985,1255,293168
58860985,58861937,952,137608
58861937,58862290,353,131748
58862290,58863403,1113,18524
58863403,58863592,189,140656
58863592,58864708,1116,48831
58864708,58865923,1215,8684
58865923,58867118,1195,123176
58867118,58868311,1193,34572
58868311,58868611,300,48362
58868611,58868914,303,220952
58868914,58870011,1097,131218
58870011,58870798,787,48525
58870798,58871747,949,129440
58871747,58872282,535,280250
58872282,58873496,1214,132882
58873496,58874741,1245,157857
58874741,58875796,1055,118112
58875796,58876921,1125,281187
58876921,58877843,922,37092
58877843,58878815,972,92202
58878815,58879848,1033,157861
58879848,58881151,1303,224746
58881151,58881923,772,294120
58881923,58882960,1037,58869
58882960,58884114,1154,10089
58884114,58885273,1159,171107
58885273,58886538,1265,56179
58886538,58887713,1175,87508
58887713,58888197,484,39967
58888197,58889477,1280,15446
58889477,58890829,1352,109658
58890829,58891714,885,170982
58891714,58893369,1655,89880
58893369,58894638,1269,296468
58894638,58895807,1169,75939
58895807,58896542,735,61316
58896542,58897757,1215,216563
58897757,58898170,413,126826
58898170,58899389,1219,121148
58899389,58900384,995,125140
58900384,58901475,1091,258970
58901475,58902653,1178,91192
58902653,58903932,1279,170438
58903932,58904114,182,154284
58904114,58905280,1166,135894
58905280,58905757,477,25766
58905757,58907052,1295,62347
58907052,58908053,1001,106969
58908053,58908414,361,295761
58908414,58909489,1075,83606
58909489,58910620,1131,130627
58910620,58911924,1304,32136
58911924,58913209,1285,185125
58913209,58913932,723,10328
58913932,58914970,1038,3966
58914970,58915381,411,40556
58915381,58916636,1255,279775
58916636,58917525,889,130870
58917525,58918774,1249,28465
58918774,58919893,1119,133393
58919893,58920582,689,81858
58920582,58921799,1217,26685
58921799,58923034,1235,295446
58923034,58924223,1189,142824
58924223,58925106,883,138866
58925106,58925672,566,125123
58925672,58926902,1230,19361
58926902,58928102,1200,122655
58928102,58929387,1285,42637
58929387,58930563,1176,142727
58930563,58931517,954,48362
58931517,58932218,701,110238
58932218,58933514,1296,112057
58933514,58934776,1262,30591
58934776,58935972,1196,122441
58935972,58936967,995,130989
58936967,58938180,1213,104979
58938180,58939419,1239,125118
58939419,58940082,663,128761
58940082,58940638,556,130494
58940638,58941837,1199,139397
58941837,58943026,1189,75791
58943026,58943907,881,66622
58943907,58945032,1125,291953
58945032,58946081,1049,274380
58946081,58947261,1180,12971
58947261,58947897,636,176698
58947897,58949067,1170,86043
58949067,58949420,353,99157
58949420,58949638,218,106370
58949638,58950900,1262,184448
58950900,58952176,1276,137739
58952176,58952431,255,110127
58952431,58953335,904,122627
58953335,58954546,1211,102250
58954546,58955823,1277,162129
58955823,58956913,1090,32137
58956913,58958157,1244,166433
58958157,58959288,1131,105167
58959288,58960309,1021,141174
58960309,58961469,1160,365
58961469,58962698,1229,398
58962698,58963977,1279,170952
58963977,58965004,1027,122655
58965004,58966129,1125,124439
58966129,58966410,281,26947
58966410,58967507,1097,96151
58967507,58968664,1157,143893
58968664,58969843,1179,73958
58969843,58971020,1177,133393
58971020,58972078,1058,115046
58972078,58973273,1195,7622
58973273,58974454,1181,14674
58974454,58975634,1180,77779
58975634,58976937,1303,278220
58976937,58977971,1034,59268
58977971,58979059,1088,7371
58979059,58979993,934,284268
58979993,58981186,1193,157263
58981186,58982409,1223,245707
58982409,58983632,1223,157088
58983632,58983873,241,160187
58983873,58984503,630,216563
58984503,58985718,1215,112012
58985718,58986937,1219,123284
58986937,58987657,720,156224
58987657,58988434,777,84122
58988434,58988603,169,163384
58988603,58989877,1274,10673
58989877,58990987,1110,21498
58990987,58992114,1127,72876
58992114,58993247,1133,5341
58993247,58993706,459,61781
58993706,58994206,500,101278
58994206,58995399,1193,156019
58995399,58996620,1221,108640
58996620,58997936,1316,279229
58997936,58998142,206,139307
58998142,58998657,515,10642
58998657,58999192,535,165428
58999192,59000390,1198,53458
59000390,59000723,333,129594
59000723,59001649,926,14526
59001649,59002811,1162,43296
59002811,59004023,1212,25765
59004023,59005124,1101,363
59005124,59006143,1019,7944
59006143,59006488,345,8927
59006488,59007360,872,137627
59007360,59008511,1151,123285
59008511,59009725,1214,54006
59009725,59010772,1047,296468
59010772,59011060,288,146123
59011060,59011387,327,160187
59011387,59012344,957,146437
59012344,59013441,1097,29120
59013441,59014277,836,164188
59014277,59015445,1168,100043
59015445,59016634,1189,127696
59016634,59017747,1113,143321
59017747,59018818,1071,86039
59018818,59020019,1201,130900
59020019,59020704,685,232690
59020704,59021943,1239,14958
59021943,59022898,955,5330
59022898,59024034,1136,147989
59024034,59025127,1093,139741
59025127,59026314,1187,145703
59026314,59027519,1205,131113
59027519,59028759,1240,142363
59028759,59028986,227,66185
59028986,59030125,1139,140041
59030125,59031180,1055,75355
59031180,59032067,887,124990
59032067,59033284,1217,66622
59033284,59033519,235,170950
59033519,59034238,719,139358
59034238,59035412,1174,14976
59035412,59035940,528,126312
59035940,59037141,1201,129064
59037141,59038184,1043,88761
59038184,59039240,1056,69422
59039240,59039988,748,135894
59039988,59041085,1097,123135
59041085,59042209,1124,300343
59042209,59043467,1258,141613
59043467,59044619,1152,280922
59044619,59045838,1219,291107
59045838,59047022,1184,82020
59047022,59048186,1164,161707
59048186,59049365,1179,132291
59049365,59050392,1027,233382
59050392,59051242,850,6397
59051242,59052397,1155,135826
59052397,59053198,801,166421
59053198,59054309,1111,14013
59054309,59055404,1095,18527
59055404,59056454,1050,131722
59056454,59057581,1127,4861
59057581,59058432,851,254948
59058432,59059364,932,185126
59059364,59060622,1258,55927
59060622,59061851,1229,121446
59061851,59062669,818,279849
59062669,59063719,1050,17942
59063719,59064765,1046,130101
59064765,59065974,1209,135227
59065974,59066899,925,126410
59066899,59067296,397,2327
59067296,59067744,448,141242
59067744,59068877,1133,132821
59068877,59070030,1153,141644
59070030,59071003,973,172156
59071003,59072187,1184,41151
59072187,59072940,753,109185
59072940,59074245,1305,10088
59074245,59075510,1265,233366
59075510,59076495,985,125945
59076495,59076758,263,5083
59076758,59077024,266,141208
59077024,59078292,1268,127936
59078292,59078617,325,92935
59078617,59079219,602,131722
59079219,59080281,1062,4733
59080281,59081267,986,6398
59081267,59082313,1046,139741
59082313,59083382,1069,293663
59083382,59084585,1203,125140
59084585,59085844,1259,9210
59085844,59087192,1348,65803
59087192,59088145,953,76055
59088145,59088797,652,128036
59088797,59090026,1229,142318
59090026,59091023,997,127579
59091023,59092284,1261,138888
59092284,59093478,1194,293963
59093478,59094754,1276,143521
59094754,59095989,1235,4733
59095989,59097151,1162,11079
59097151,59098376,1225,302000
59098376,59099383,1007,103120
59099383,59100305,922,53342
59100305,59101496,1191,26520
59101496,59102059,563,85685
59102059,59103144,1085,278289
59103144,59104367,1223,4275
59104367,59104748,381,29091
59104748,59105473,725,102526
59105473,59106744,1271,92820
59106744,59107119,375,291379
59107119,59107622,503,130105
59107622,59108295,673,302111
59108295,59109493,1198,11547
59109493,59110697,1204,10172
59110697,59111962,1265,14013
59111962,59112692,730,137483
59112692,59113667,975,70753
59113667,59114694,1027,82458
59114694,59115802,1108,97593
59115802,59116965,1163,121392
59116965,59117401,436,294114
59117401,59118626,1225,287139
59118626,59119905,1279,58012
59119905,59120984,1079,132101
59120984,59121845,861,106969
59121845,59123098,1253,132291
59123098,59123747,649,154282
59123747,59124925,1178,159371
59124925,59126212,1287,252341
59126212,59126483,271,121382
59126483,59127675,1192,39476
59127675,59128982,1307,15307
59128982,59130219,1237,137483
59130219,59131486,1267,156968
59131486,59132583,1097,89940
59132583,59133460,877,54006
59133460,59134615,1155,39475
59134615,59135628,1013,27593
59135628,59136853,1225,128226
59136853,59137823,970,64974
59137823,59139020,1197,244443
59139020,59139988,968,48579
59139988,59141061,1073,130184
59141061,59141300,239,107486
59141300,59142428,1128,49750
59142428,59143559,1131,59239
59143559,59144220,661,12544
59144220,59145465,1245,107517
59145465,59146664,1199,137588
59146664,59147699,1035,9203
59147699,59148351,652,123025
59148351,59149710,1359,162239
59149710,59150722,1012,7894
59150722,59151981,1259,258266
59151981,59152924,943,128226
59152924,59153433,509,137141
59153433,59154560,1127,86043
59154560,59154728,168,155968
59154728,59155507,779,37999
59155507,59156656,1149,141208
59156656,59157861,1205,121331
59157861,59159061,1200,95441
59159061,59160292,1231,292604
59160292,59161541,1249,109185
59161541,59162869,1328,139336
59162869,59163821,952,61741
59163821,59164100,279,58137
59164100,59164718,618,70843
59164718,59165853,1135,114469
59165853,59167057,1204,124990
59167057,59168020,963,110054
59168020,59168275,255,139741
59168275,59169510,1235,150855
59169510,59170694,1184,8675
59170694,59171268,574,89735
59171268,59172277,1009,72200
59172277,59173100,823,86679
59173100,59174286,1186,294523
59174286,59175534,1248,54016
59175534,59176810,1276,163726
59176810,59177824,1014,10988
59177824,59178852,1028,134785
59178852,59179457,605,131735
59179457,59180600,1143,4687
59180600,59181701,1101,121543
59181701,59182955,1254,115047
59182955,59184062,1107,155973
59184062,59184466,404,139710
59184466,59185702,1236,157263
59185702,59186079,377,126796
59186079,59187266,1187,1043
59187266,59187877,611,271811
59187877,59188858,981,48848
59188858,59190115,1257,44585
59190115,59190806,691,84357
59190806,59191557,751,60774
59191557,59192561,1004,27504
59192561,59193620,1059,15081
59193620,59194736,1116,121541
59194736,59195255,519,254949
59195255,59196422,1167,112012
59196422,59197709,1287,174960
59197709,59198752,1043,130101
59198752,59199985,1233,19376
59199985,59200998,1013,66464
59200998,59201192,194,162238
59201192,59202098,906,8675
59202098,59203299,1201,143022
59203299,59204400,1101,123172
59204400,59205597,1197,130627
59205597,59206123,526,136610
59206123,59206956,833,109658
59206956,59207482,526,129064
59207482,59208598,1116,159386
59208598,59208871,273,141248
59208871,59209830,959,176682
59209830,59210707,877,122443
59210707,59211705,998,117382
59211705,59212974,1269,163518
59212974,59213929,955,115046
59213929,59214706,777,39648
59214706,59215041,335,7793
59215041,59216261,1220,178748
59216261,59217378,1117,86708
59217378,59218044,666,135636
59218044,59218949,905,274558
59218949,59219407,458,132484
59219407,59220620,1213,19366
59220620,59221852,1232,129983
59221852,59222925,1073,5912
59222925,59223762,837,122810
59223762,59224140,378,148962
59224140,59225263,1123,122614
59225263,59226192,929,39477
59226192,59227215,1023,64717
59227215,59228076,861,137483
59228076,59229195,1119,271811
59229195,59230385,1190,12332
59230385,59231614,1229,144135
59231614,59232921,1307,64075
59232921,59233916,995,10172
59233916,59234652,736,112592
59234652,59235941,1289,16632
59235941,59237144,1203,105405
59237144,59237735,591,54006
59237735,59238852,1117,285314
59238852,59239874,1022,129393
59239874,59240594,720,294700
59240594,59241783,1189,132864
59241783,59242501,718,112061
59242501,59243607,1106,5791
59243607,59244960,1353,160949
59244960,59245399,439,138545
59245399,59246329,930,275128
59246329,59247042,713,282383
59247042,59248015,973,147159
59248015,59249044,1029,130532
59249044,59250322,1278,88748
59250322,59251597,1275,137597
59251597,59252776,1179,281188
59252776,59253855,1079,54006
59253855,59254822,967,103481
59254822,59255675,853,109658
59255675,59256978,1303,137618
59256978,59258228,1250,26852
59258228,59258737,509,116805
59258737,59260024,1287,287660
59260024,59261251,1227,291609
59261251,59262410,1159,398
59262410,59263518,1108,61356
59263518,59264739,1221,174960
59264739,59265060,321,141235
59265060,59266343,1283,22179
59266343,59267594,1251,18524
59267594,59268635,1041,155520
59268635,59269782,1147,6176
59269782,59271073,1291,101276
59271073,59272340,1267,165387
59272340,59272793,453,135022
59272793,59273914,1121,15304
59273914,59275064,1150,890
59275064,59276102,1038,39967
59276102,59277327,1225,134425
59277327,59278390,1063,73024
59278390,59279616,1226,9210
59279616,59280733,1117,7887
59280733,59281854,1121,26951
59281854,59283075,1221,43306
59283075,59283878,803,132705
59283878,59285108,1230,163726
59285108,59286256,1148,135891
59286256,59287358,1102,56222
59287358,59288390,1032,142858
59288390,59289409,1019,12538
59289409,59290440,1031,178449
59290440,59291127,687,159371
59291127,59292242,1115,67860
59292242,59293014,772,122944
59293014,59294260,1246,398
59294260,59295299,1039,283242
59295299,59296356,1057,121024
59296356,59297533,1177,19208
59297533,59298658,1125,61780
59298658,59298865,207,136861
59298865,59299823,958,161102
59299823,59300921,1098,139707
59300921,59301406,485,83606
59301406,59302348,942,129623
59302348,59303536,1188,143893
59303536,59304348,812,44912
59304348,59305643,1295,63885
59305643,59306765,1122,144135
59306765,59307684,919,34501
59307684,59308149,465,126829
59308149,59309289,1140,58845
59309289,59310407,1118,139397
59310407,59311452,1045,89940
59311452,59311985,533,74797
59311985,59313007,1022,30106
59313007,59313908,901,133630
59313908,59314896,988,121068
59314896,59316041,1145,126947
59316041,59317197,1156,166433
59317197,59317532,335,102238
59317532,59318508,976,292604
59318508,59318870,362,135832
59318870,59319038,168,61776
59319038,59320250,1212,87997
59320250,59321334,1084,135580
59321334,59322647,1313,142896
59322647,59323607,960,63841
59323607,59324810,1203,133447
59324810,59325563,753,46240
59325563,59326893,1330,156973
59326893,59328070,1177,122828
59328070,59329078,1008,29090
59329078,59329622,544,34478
59329622,59330339,717,139358
59330339,59331130,791,89880
59331130,59332353,1223,283228
59332353,59333389,1036,130977
59333389,59334095,706,365
59334095,59334655,560,60774
59334655,59335900,1245,292253
59335900,59337155,1255,156230
59337155,59337886,731,144999
59337886,59338133,247,290363
59338133,59339277,1144,46890
59339277,59340601,1324,158796
59340601,59341644,1043,138548
59341644,59342761,1117,134425
59342761,59343851,1090,112061
59343851,59345055,1204,300234
59345055,59346285,1230,92812
59346285,59347328,1043,132601
59347328,59347650,322,128636
59347650,59348821,1171,124595
59348821,59349847,1026,294523
59349847,59350124,277,135762
59350124,59350498,374,281131
59350498,59351713,1215,17942
59351713,59352857,1144,7622
59352857,59354090,1233,171108
59354090,59355321,1231,126959
59355321,59356497,1176,152825
59356497,59357717,1220,127579
59357717,59358916,1199,6176
59358916,59359893,977,130871
59359893,59360426,533,153728
59360426,59361706,1280,131259
59361706,59362977,1271,144965
59362977,59364232,1255,131735
59364232,59365386,1154,88484
59365386,59366065,679,161217
59366065,59367214,1149,279852
59367214,59367687,473,291379
59367687,59368577,890,31609
59368577,59369439,862,287660
59369439,59370577,1138,30106
59370577,59371690,1113,39477
59371690,59371863,173,153309
59371863,59373021,1158,122441
59373021,59373925,904,96168
59373925,59375020,1095,216570
59375020,59376271,1251,100145
59376271,59377404,1133,139707
59377404,59378150,746,92930
59378150,59378726,576,86710
59378726,59380000,1274,73972
59380000,59380567,567,4275
59380567,59381612,1045,143262
59381612,59382355,743,137614
59382355,59383478,1123,10674
59383478,59384607,1129,153733
59384607,59385475,868,121331
59385475,59386162,687,125951
59386162,59387329,1167,141148
59387329,59388500,1171,139009
59388500,59389487,987,282383
59389487,59390822,1335,167597
59390822,59391959,1137,284434
59391959,59393034,1075,157243
59393034,59394218,1184,126739
59394218,59394434,216,30101
59394434,59394711,277,135762
59394711,59395960,1249,107247
59395960,59397243,1283,126955
59397243,59398418,1175,127597
59398418,59399627,1209,29110
59399627,59400133,506,282406
59400133,59401254,1121,125147
59401254,59402434,1180,231836
59402434,59403629,1195,12895
59403629,59404817,1188,181961
59404817,59406018,1201,91072
59406018,59407287,1269,1562
59407287,59408106,819,133424
59408106,59409315,1209,187005
59409315,59410481,1166,126955
59410481,59411769,1288,148522
59411769,59413074,1305,398
59413074,59414318,1244,157475
59414318,59415532,1214,142750
59415532,59416111,579,187466
59416111,59417236,1125,157861
59417236,59417677,441,47541
59417677,59418983,1306,36633
59418983,59420246,1263,68192
59420246,59420763,517,66465
59420763,59421802,1039,276735
59421802,59423072,1270,758
59423072,59424151,1079,185488
59424151,59424991,840,87732
59424991,59426184,1193,39971
59426184,59427333,1149,156474
59427333,59428494,1161,130544
59428494,59429744,1250,123866
59429744,59429965,221,96672
59429965,59431095,1130,135022
59431095,59432301,1206,24515
59432301,59433463,1162,131030
59433463,59434488,1025,133630
59434488,59435384,896,126932
59435384,59436490,1106,105167
59436490,59437569,1079,130876
59437569,59438165,596,231837
59438165,59438488,323,126408
59438488,59439353,865,19665
59439353,59440536,1183,178149
59440536,59440662,126,124558
59440662,59441939,1277,133834
59441939,59442992,1053,133447
59442992,59444122,1130,131040
59444122,59445294,1172,208
59445294,59446430,1136,129317
59446430,59447532,1102,6175
59447532,59448680,1148,144485
59448680,59449043,363,177638
59449043,59450240,1197,149739
59450240,59451478,1238,71404
59451478,59452687,1209,32658
59452687,59453983,1296,14013
59453983,59454284,301,101283
59454284,59455399,1115,152864
59455399,59456631,1232,83633
59456631,59457687,1056,102240
59457687,59458992,1305,152224
59458992,59460041,1049,160187
59460041,59461206,1165,129659
59461206,59462373,1167,126861
59462373,59463398,1025,281131
59463398,59464464,1066,176263
59464464,59465447,983,184448
59465447,59465964,517,150916
59465964,59467155,1191,2772
59467155,59468290,1135,2503
59468290,59469490,1200,130974
59469490,59470747,1257,16003
59470747,59471984,1237,19209
59471984,59473215,1231,127936
59473215,59474138,923,37090
59474138,59475085,947,137589
59475085,59476272,1187,37999
59476272,59477506,1234,156968
59477506,59477854,348,126209
59477854,59479103,1249,63105
59479103,59479889,786,24515
59479889,59481108,1219,135220
59481108,59482249,1141,101262
59482249,59483330,1081,6398
59483330,59484073,743,126232
59484073,59485227,1154,64956
59485227,59485484,257,131735
59485484,59486582,1098,125147
59486582,59487691,1109,7884
59487691,59488844,1153,29120
59488844,59490022,1178,139753
59490022,59491263,1241,127936
59491263,59492343,1080,13364
59492343,59493040,697,141208
59493040,59494022,982,130184
59494022,59494825,803,150915
59494825,59495947,1122,137588
59495947,59497157,1210,97593
59497157,59497997,840,156159
59497997,59498916,919,128632
59498916,59499975,1059,10673
59499975,59501023,1048,64738
59501023,59501791,768,294114
59501791,59502928,1137,155968
59502928,59504188,1260,108066
59504188,59505176,988,121069
59505176,59506358,1182,163519
59506358,59507545,1187,140718
59507545,59507948,403,69411
59507948,59508949,1001,121902
59508949,59509139,190,134463
59509139,59510221,1082,41610
59510221,59511395,1174,146111
59511395,59512644,1249,158074
59512644,59513811,1167,96151
59513811,59514344,533,32639
59514344,59515632,1288,276907
59515632,59516925,1293,137597
59516925,59518038,1113,284433
59518038,59519332,1294,160964
59519332,59520578,1246,147990
59520578,59521779,1201,91192
59521779,59523047,1268,11512
59523047,59524146,1099,84121
59524146,59525411,1265,4447
59525411,59526651,1240,300047
59526651,59527772,1121,148312
59527772,59529059,1287,109174
59529059,59530362,1303,862
59530362,59531398,1036,132592
59531398,59532523,1125,271817
59532523,59533738,1215,115686
59533738,59535073,1335,174953
59535073,59536310,1237,132499
59536310,59537185,875,172165
59537185,59538149,964,19366
59538149,59539192,1043,158074
59539192,59540385,1193,125123
59540385,59541460,1075,258266
59541460,59542395,935,97593
59542395,59543681,1286,124547
59543681,59544960,1279,84357
59544960,59546118,1158,124526
59546118,59547113,995,288043
59547113,59548128,1015,138656
59548128,59549381,1253,44575
59549381,59550570,1189,290363
59550570,59551785,1215,245687
59551785,59552029,244,123191
59552029,59552683,654,14677
59552683,59553730,1047,126209
59553730,59554959,1229,121671
59554959,59555992,1033,157644
59555992,59557041,1049,20023
59557041,59558244,1203,92002
59558244,59558573,329,11077
59558573,59559270,697,107621
59559270,59560093,823,131742
59560093,59560321,228,15307
59560321,59561434,1113,10172
59561434,59562670,1236,139733
59562670,59563357,687,61317
59563357,59564374,1017,16802
59564374,59565544,1170,123192
59565544,59566734,1190,121766
59566734,59567191,457,115687
59567191,59568280,1089,131040
59568280,59569325,1045,5704
59569325,59570325,1000,102381
59570325,59571479,1154,17615
59571479,59572724,1245,132530
59572724,59573605,881,301694
59573605,59574762,1157,144496
59574762,59575678,916,46240
59575678,59576801,1123,14672
59576801,59577856,1055,146346
59577856,59578993,1137,73296
59578993,59580130,1137,7622
59580130,59581319,1189,121103
59581319,59582519,1200,149738
59582519,59583767,1248,56222
59583767,59584942,1175,156981
59584942,59586086,1144,80665
59586086,59587198,1112,5776
59587198,59588215,1017,862
59588215,59589171,956,298549
59589171,59590393,1222,73957
59590393,59591588,1195,88748
59591588,59592759,1171,135220
59592759,59594051,1292,155968
59594051,59594487,436,220979
59594487,59595472,985,139387
59595472,59596743,1271,146437
59596743,59597878,1135,13185
59597878,59599045,1167,12546
59599045,59600168,1123,121658
59600168,59601361,1193,132592
59601361,59602484,1123,9210
59602484,59603650,1166,132537
59603650,59604718,1068,53320
59604718,59605809,1091,76055
59605809,59606920,1111,154697
59606920,59608201,1281,293663
59608201,59608487,286,126965
59608487,59609673,1186,130588
59609673,59610963,1290,133393
59610963,59612186,1223,132101
59612186,59613394,1208,80665
59613394,59614430,1036,291107
59614430,59615684,1254,72210
59615684,59616847,1163,127685
59616847,59618027,1180,135762
59618027,59618811,784,104717
59618811,59619746,935,7884
59619746,59620694,948,155151
59620694,59621901,1207,144496
59621901,59622889,988,11546
59622889,59624110,1221,52087
59624110,59624349,239,52087
59624349,59625712,1363,14672
59625712,59626928,1216,123033
59626928,59627872,944,133447
59627872,59628679,807,89880
59628679,59629803,1124,18005
59629803,59631097,1294,4662
59631097,59631539,442,70843
59631539,59632824,1285,121127
59632824,59633187,363,232691
59633187,59634384,1197,50778
59634384,59635468,1084,170212
59635468,59636540,1072,159386
59636540,59637172,632,153728
59637172,59638391,1219,135580
59638391,59639128,737,131003
59639128,59640137,1009,157236
59640137,59641286,1149,9342
59641286,59642281,995,126286
59642281,59643292,1011,159386
59643292,59644421,1129,12971
59644421,59645430,1009,170440
59645430,59646251,821,123998
59646251,59647479,1228,129324
59647479,59648046,567,121741
59648046,59649310,1264,128345
59649310,59650538,1228,294700
59650538,59651515,977,157644
59651515,59652769,1254,132069
59652769,59654023,1254,155949
59654023,59655143,1120,136280
59655143,59656182,1039,123192
59656182,59656589,407,168199
59656589,59657214,625,1188
59657214,59658453,1239,119295
59658453,59659484,1031,53342
59659484,59660333,849,110243
59660333,59661479,1146,121392
59661479,59662672,1193,19366
59662672,59663789,1117,130105
59663789,59665142,1353,64300
59665142,59666266,1124,50777
59666266,59666643,377,133396
59666643,59667723,1080,70919
59667723,59668877,1154,286306
59668877,59669146,269,102239
59669146,59670073,927,84121
59670073,59671082,1009,270778
59671082,59672215,1133,75939
59672215,59672528,313,125951
59672528,59673632,1104,144485
59673632,59674760,1128,39967
59674760,59675881,1121,155973
59675881,59676161,280,28465
59676161,59677331,1170,36641
59677331,59678508,1177,10160
59678508,59679736,1228,138063
59679736,59680870,1134,133471
59680870,59682002,1132,138888
59682002,59683089,1087,168500
59683089,59684346,1257,59239
59684346,59685593,1247,107520
59685593,59686758,1165,26951
59686758,59687888,1130,30106
59687888,59688430,542,140651
59688430,59689322,892,7741
59689322,59690537,1215,121392
59690537,59691606,1069,277899
59691606,59692817,1211,123267
59692817,59693343,526,104394
59693343,59694152,809,156224
59694152,59695132,980,166421
59695132,59696410,1278,139009
59696410,59697639,1229,7944
59697639,59698924,1285,64298
59698924,59699477,553,121064
59699477,59700733,1256,31668
59700733,59701779,1046,271817
59701779,59702791,1012,142358
59702791,59703928,1137,123715
59703928,59705017,1089,46889
59705017,59706287,1270,138866
59706287,59707009,722,146770
59707009,59707986,977,157236
59707986,59708913,927,147627
59708913,59710111,1198,135227
59710111,59711033,922,163505
59711033,59711918,885,16802
59711918,59712755,837,100043
59712755,59713693,938,115047
59713693,59714886,1193,73732
59714886,59716153,1267,4275
59716153,59716918,765,141135
59716918,59718120,1202,102239
59718120,59719301,1181,129396
59719301,59720543,1242,157236
59720543,59721610,1067,149739
59721610,59722753,1143,76973
59722753,59723989,1236,121799
59723989,59725172,1183,278228
59725172,59726377,1205,126220
59726377,59726546,169,172165
59726546,59727769,1223,121392
59727769,59728955,1186,168497
59728955,59730130,1175,1133
59730130,59730745,615,147159
59730745,59731814,1069,6541
59731814,59733066,1252,58025
59733066,59734305,1239,86710
59734305,59735494,1189,123215
59735494,59735677,183,35921
59735677,59736537,860,129623
59736537,59737603,1066,187018
59737603,59738816,1213,127936
59738816,59739321,505,72927
59739321,59739508,187,296468
59739508,59740715,1207,169293
59740715,59741253,538,121896
59741253,59742586,1333,148312
59742586,59743692,1106,112592
59743692,59744833,1141,291172
59744833,59745402,569,129623
59745402,59746035,633,19373
59746035,59746999,964,10160
59746999,59748276,1277,29110
59748276,59749309,1033,132530
59749309,59749693,384,129596
59749693,59750822,1129,140718
59750822,59751807,985,19208
59751807,59752610,803,143946
59752610,59753635,1025,6541
59753635,59754904,1269,126861
59754904,59756025,1121,161100
59756025,59757054,1029,69550
59757054,59757911,857,140041
59757911,59758367,456,7894
59758367,59759540,1173,67857
59759540,59760489,949,32856
59760489,59761124,635,54006
59761124,59762238,1114,144135
59762238,59763516,1278,61780
59763516,59764593,1077,152864
59764593,59765734,1141,170977
59765734,59766995,1261,139291
59766995,59768255,1260,13248
59768255,59769262,1007,287837
59769262,59770460,1198,14976
59770460,59771495,1035,164328
59771495,59772678,1183,145145
59772678,59773820,1142,18524
59773820,59775024,1204,291107
59775024,59776097,1073,11734
59776097,59776969,872,149880
59776969,59777888,919,75807
59777888,59778629,741,6541
59778629,59778890,261,155152
59778890,59779900,1010,130492
59779900,59780877,977,44937
59780877,59782108,1231,129396
59782108,59783383,1275,121541
59783383,59784618,1235,169291
59784618,59785791,1173,29012
59785791,59787008,1217,134149
59787008,59788041,1033,178030
59788041,59788318,277,126959
59788318,59789561,1243,67860
59789561,59790773,1212,126947
59790773,59792014,1241,91098
59792014,59792840,826,129790
59792840,59793941,1101,129805
59793941,59794849,908,21493
59794849,59795400,551,258263
59795400,59796629,1229,127521
59796629,59797002,373,130127
59797002,59797907,905,73024
59797907,59799045,1138,62516
59799045,59800148,1103,275128
59800148,59801295,1147,287671
59801295,59802182,887,54666
59802182,59803316,1134,281471
59803316,59804589,1273,7574
59804589,59805728,1139,164328
59805728,59806917,1189,723
59806917,59808228,1311,105390
59808228,59809224,996,66176
59809224,59809788,564,72212
59809788,59810985,1197,141235
59810985,59812206,1221,186230
59812206,59813407,1201,280380
59813407,59813668,261,61323
59813668,59814949,1281,39501
59814949,59816103,1154,10642
59816103,59816397,294,131226
59816397,59817628,1231,123266
59817628,59818318,690,122627
59818318,59819266,948,102612
59819266,59820089,823,153728
59820089,59821383,1294,47239
59821383,59822604,1221,137483
59822604,59823538,934,141242
59823538,59824718,1180,11243
59824718,59825409,691,122545
59825409,59826641,1232,104637
59826641,59827648,1007,175962
59827648,59828723,1075,22581
59828723,59829778,1055,138047
59829778,59830896,1118,75362
59830896,59832066,1170,130296
59832066,59833203,1137,77173
59833203,59833981,778,71420
59833981,59834458,477,141174
59834458,59835652,1194,93276
59835652,59836838,1186,134170
59836838,59837899,1061,66166
59837899,59839097,1198,131113
59839097,59840042,945,134316
59840042,59841193,1151,110238
59841193,59841829,636,132717
59841829,59842966,1137,173230
59842966,59844228,1262,132499
59844228,59845608,1380,124547
59845608,59846699,1091,122614
59846699,59847578,879,160187
59847578,59848234,656,216570
59848234,59849368,1134,124368
59849368,59850576,1208,280250
59850576,59851716,1140,7944
59851716,59852050,334,55202
59852050,59852949,899,46243
59852949,59853932,983,5791
59853932,59855133,1201,134160
59855133,59856197,1064,105383
59856197,59857463,1266,159371
59857463,59858620,1157,86710
59858620,59859889,1269,123059
59859889,59860560,671,126932
59860560,59860982,422,26872
59860982,59861431,449,160188
59861431,59862130,699,41172
59862130,59862726,596,131113
59862726,59864005,1279,110056
59864005,59865290,1285,10327
59865290,59866214,924,108620
59866214,59867444,1230,141174
59867444,59868698,1254,44576
59868698,59869837,1139,290351
59869837,59871030,1193,64713
59871030,59871781,751,139361
59871781,59872625,844,44937
59872625,59873854,1229,139681
59873854,59875081,1227,14677
59875081,59876302,1221,258283
59876302,59877605,1303,48848
59877605,59877768,163,861
59877768,59879011,1243,185488
59879011,59880195,1184,135636
59880195,59880451,256,30593
59880451,59881778,1327,1129
59881778,59882901,1123,121720
59882901,59884061,1160,52087
59884061,59885204,1143,26853
59885204,59886377,1173,95969
59886377,59887440,1063,114452
59887440,59888697,1257,100044
59888697,59889928,1231,208
59889928,59891076,1148,155520
59891076,59892021,945,19361
59892021,59893138,1117,11258
59893138,59894113,975,154284
59894113,59895261,1148,54016
59895261,59896288,1027,91906
59896288,59897352,1064,12332
59897352,59898615,1263,63111
59898615,59899754,1139,147193
59899754,59900875,1121,293663
59900875,59901148,273,89880
59901148,59902451,1303,13247
59902451,59903627,1176,19371
59903627,59904743,1116,84447
59904743,59905965,1222,134465
59905965,59907086,1121,110061
59907086,59907761,675,10172
59907761,59909053,1292,58845
59909053,59910022,969,32637
59910022,59910867,845,47239
59910867,59911523,656,126965
59911523,59912714,1191,61421
59912714,59913701,987,148529
59913701,59914781,1080,41911
59914781,59915369,588,141819
59915369,59916672,1303,126860
59916672,59917471,799,130504
59917471,59918220,749,44577
59918220,59919567,1347,96151
59919567,59920520,953,138033
59920520,59921756,1236,110061
59921756,59922756,1000,84447
59922756,59923990,1234,137608
59923990,59925168,1178,91905
59925168,59926296,1128,121543
59926296,59927479,1183,6398
59927479,59928645,1166,72200
59928645,59929727,1082,59288
59929727,59930680,953,54659
59930680,59931919,1239,134981
59931919,59932653,734,13364
59932653,59933862,1209,12895
59933862,59934957,1095,75360
59934957,59936139,1182,94526
59936139,59937082,943,185126
59937082,59937454,372,75362
59937454,59938634,1180,126965
59938634,59939697,1063,96672
59939697,59940798,1101,138042
59940798,59941833,1035,58025
59941833,59942745,912,172165
59942745,59943998,1253,8927
59943998,59945245,1247,153964
59945245,59945427,182,157057
59945427,59945914,487,142750
59945914,59946475,561,233382
59946475,59947592,1117,23281
59947592,59948659,1067,137154
59948659,59949913,1254,121140
59949913,59950519,606,254949
59950519,59951750,1231,138486
59951750,59953072,1322,171108
59953072,59954336,1264,174953
59954336,59955452,1116,185485
59955452,59956463,1011,232057
59956463,59957654,1191,155944
59957654,59958670,1016,134170
59958670,59959737,1067,121543
59959737,59960884,1147,50778
59960884,59962054,1170,28465
59962054,59963262,1208,176270
59963262,59963879,617,124990
59963879,59964678,799,11528
59964678,59965796,1118,150855
59965796,59967054,1258,53458
59967054,59968203,1149,58012
59968203,59969470,1267,44577
59969470,59970659,1189,5330
59970659,59971820,1161,287657
59971820,59972640,820,104491
59972640,59973837,1197,137627
59973837,59975098,1261,72210
59975098,59976321,1223,280380
59976321,59977274,953,141174
59977274,59978473,1199,177638
59978473,59979521,1048,280922
59979521,59980728,1207,125123
59980728,59981860,1132,86732
59981860,59982841,981,12715
59982841,59983940,1099,231838
59983940,59985085,1145,106969
59985085,59986200,1115,3582
59986200,59987258,1058,1150
59987258,59988490,1232,110061
59988490,59989452,962,139752
59989452,59990716,1264,130131
59990716,59991817,1101,143625
59991817,59992946,1129,56175
59992946,59993986,1040,130625
59993986,59995245,1259,62850
59995245,59996500,1255,126965
59996500,59997755,1255,161714
59997755,59998995,1240,122827
59998995,59999756,761,41166
59999756,60000729,973,135216
60000729,60001890,1161,128990
60001890,60002985,1095,105383
60002985,60004263,1278,298549
60004263,60005290,1027,163380
60005290,60005968,678,110742
60005968,60007294,1326,56777
60007294,60008337,1043,109173
60008337,60009414,1077,5758
60009414,60010683,1269,10801
60010683,60011143,460,164327
60011143,60011316,173,128632
60011316,60012177,861,32137
60012177,60013340,1163,287357
60013340,60014181,841,182394
60014181,60015360,1179,395
60015360,60016208,848,62850
60016208,60017465,1257,138043
60017465,60018492,1027,130103
60018492,60019799,1307,156154
60019799,60021048,1249,294113
60021048,60022303,1255,79973
60022303,60023517,1214,91902
60023517,60024460,943,60800
60024460,60025545,1085,117384
60025545,60025984,439,123191
60025984,60027144,1160,48579
60027144,60028397,1253,153309
60028397,60029578,1181,158081
60029578,60030889,1311,122614
60030889,60032188,1299,49755
60032188,60033400,1212,140222
60033400,60034660,1260,187006
60034660,60035946,1286,9210
60035946,60036397,451,1189
60036397,60037685,1288,862
60037685,60038863,1178,130545
60038863,60039683,820,155520
60039683,60040634,951,129393
60040634,60041923,1289,158781
60041923,60043148,1225,61422
60043148,60044087,939,171134
60044087,60045199,1112,140725
60045199,60046280,1081,131030
60046280,60047430,1150,130093
60047430,60048494,1064,681
60048494,60049711,1217,81870
60049711,60050860,1149,164187
60050860,60052045,1185,106969
60052045,60053111,1066,46889
60053111,60054334,1223,1562
60054334,60055488,1154,135022
60055488,60056767,1279,92806
60056767,60057161,394,274375
60057161,60057593,432,291953
60057593,60058490,897,138042
60058490,60059729,1239,133440
60059729,60060846,1117,84122
60060846,60061946,1100,129393
60061946,60063188,1242,159227
60063188,60064095,907,26852
60064095,60065292,1197,164461
60065292,60066490,1198,133224
60066490,60067558,1068,138043
60067558,60068092,534,131887
60068092,60069288,1196,91902
60069288,60069711,423,139727
60069711,60070416,705,126408
60070416,60071519,1103,144135
60071519,60072565,1046,87732
60072565,60073755,1190,6397
60073755,60074841,1086,3582
60074841,60076088,1247,294697
60076088,60076495,407,291381
60076495,60077672,1177,88007
60077672,60078690,1018,134170
60078690,60079818,1128,64713
60079818,60079957,139,46240
60079957,60081075,1118,138047
60081075,60081413,338,101836
60081413,60081988,575,6397
60081988,60082248,260,178748
60082248,60083135,887,291458
60083135,60084444,1309,143307
60084444,60085647,1203,132300
60085647,60086876,1229,8927
60086876,60087528,652,147963
60087528,60088518,990,187464
60088518,60088962,444,138289
60088962,60089325,363,49750
60089325,60090062,737,48361
60090062,60091157,1095,128309
60091157,60091427,270,126480
60091427,60092563,1136,5084
60092563,60093733,1170,83607
60093733,60094806,1073,105179
60094806,60095971,1165,36956
60095971,60096450,479,147967
60096450,60097693,1243,92934
60097693,60098793,1100,8592
60098793,60099120,327,18005
60099120,60100275,1155,135220
60100275,60101346,1071,146123
60101346,60101559,213,101262
60101559,60102617,1058,122545
60102617,60103774,1157,72876
60103774,60104751,977,98644
60104751,60106063,1312,135580
60106063,60107334,1271,140067
60107334,60108413,1079,149245
60108413,60109692,1279,137739
60109692,60110606,914,283138
60110606,60111715,1109,134592
60111715,60112887,1172,284433
60112887,60114161,1274,70753
60114161,60115437,1276,295445
60115437,60116488,1051,144019
60116488,60117723,1235,156154
60117723,60118707,984,140725
60118707,60119746,1039,114452
60119746,60120833,1087,121658
60120833,60121948,1115,138113
60121948,60123038,1090,274558
60123038,60124199,1161,112593
60124199,60125120,921,60489
60125120,60126395,1275,8592
60126395,60127116,721,86683
60127116,60128346,1230,145083
60128346,60129458,1112,1730
60129458,60130759,1301,9321
60130759,60131627,868,122443
60131627,60132646,1019,126929
60132646,60132934,288,9915
60132934,60134207,1273,70919
60134207,60135127,920,59239
60135127,60135870,743,126928
60135870,60137139,1269,6398
60137139,60138386,1247,96151
60138386,60139718,1332,281188
60139718,60140517,799,18004
60140517,60141252,735,89882
60141252,60142518,1266,107520
60142518,60143799,1281,1562
60143799,60145006,1207,80189
60145006,60146199,1193,280380
60146199,60146716,517,95959
60146716,60147912,1196,121148
60147912,60149167,1255,149881
60149167,60150365,1198,135891
60150365,60151432,1067,300343
60151432,60152504,1072,163527
60152504,60153746,1242,152842
60153746,60154686,940,141571
60154686,60155807,1121,183239
60155807,60156281,474,126796
60156281,60157299,1018,156967
60157299,60158475,1176,14497
60158475,60159224,749,126739
60159224,60159406,182,121080
60159406,60160343,937,10172
60160343,60161554,1211,86741
60161554,60162187,633,139308
60162187,60162875,688,139325
60162875,60163782,907,120280
60163782,60164845,1063,9174
60164845,60165190,345,150915
60165190,60166413,1223,100044
60166413,60167141,728,134804
60167141,60168120,979,57837
60168120,60168433,313,160188
60168433,60169718,1285,135216
60169718,60170750,1032,395
60170750,60171932,1182,6525
60171932,60172763,831,126965
60172763,60173784,1021,84121
60173784,60174897,1113,86039
60174897,60176154,1257,137588
60176154,60177289,1135,135635
60177289,60178507,1218,216563
60178507,60179772,1265,12085
60179772,60180817,1045,65772
60180817,60181138,321,43306
60181138,60182150,1012,126928
60182150,60183055,905,104491
60183055,60184027,972,132532
60184027,60185250,1223,122627
60185250,60186365,1115,39967
60186365,60187204,839,186232
60187204,60187411,207,95959
60187411,60188660,1249,246904
60188660,60189872,1212,284269
60189872,60191059,1187,61741
60191059,60192182,1123,130493
60192182,60193336,1154,122828
60193336,60194555,1219,98877
60194555,60195802,1247,166420
60195802,60196745,943,156018
60196745,60197138,393,284435
60197138,60198019,881,109662
60198019,60199265,1246,141174
60199265,60200538,1273,147968
60200538,60201604,1066,11079
60201604,60202711,1107,104717
60202711,60203858,1147,139035
60203858,60204879,1021,6557
60204879,60206044,1165,128632
60206044,60207224,1180,104398
60207224,60208230,1006,163612
60208230,60209459,1229,91902
60209459,60210316,857,141268
60210316,60211513,1197,128138
60211513,60212523,1010,70837
60212523,60213702,1179,126220
60213702,60214783,1081,130125
60214783,60215871,1088,21493
60215871,60217108,1237,160958
60217108,60218269,1161,108638
60218269,60219472,1203,127579
60219472,60219784,312,128632
60219784,60220170,386,258960
60220170,60221097,927,59268
60221097,60222156,1059,126955
60222156,60223291,1135,29120
60223291,60224459,1168,231836
60224459,60225732,1273,163726
60225732,60226996,1264,46890
60226996,60228244,1248,132291
60228244,60229375,1131,106800
60229375,60229960,585,63111
60229960,60231006,1046,136458
60231006,60232241,1235,296473
60232241,60233272,1031,138290
60233272,60234467,1195,32639
60234467,60235671,1204,87997
60235671,60236898,1227,137628
60236898,60237918,1020,4861
60237918,60239177,1259,128309
60239177,60240390,1213,287358
60240390,60241681,1291,104491
60241681,60242856,1175,48032
60242856,60244077,1221,132800
60244077,60245279,1202,96157
60245279,60246536,1257,130755
60246536,60246924,388,61356
60246924,60248220,1296,125123
60248220,60249549,1329,292348
60249549,60250745,1196,170452
60250745,60251916,1171,64075
60251916,60252774,858,125084
60252774,60253591,817,231838
60253591,60253864,273,85635
60253864,60254741,877,276730
60254741,60255744,1003,85684
60255744,60256571,827,132705
60256571,60257725,1154,26520
60257725,60258871,1146,140639
60258871,60260166,1295,149890
60260166,60261120,954,122655
60261120,60262163,1043,154697
60262163,60263434,1271,136271
60263434,60264197,763,124999
60264197,60265233,1036,9920
60265233,60266358,1125,26987
60266358,60267661,1303,126947
60267661,60269007,1346,126860
60269007,60270281,1274,170977
60270281,60271467,1186,5912
60271467,60272692,1225,281472
60272692,60272944,252,130549
60272944,60274161,1217,112597
60274161,60275366,1205,117866
60275366,60276231,865,155520
60276231,60277316,1085,66166
60277316,60278382,1066,117899
60278382,60279481,1099,163612
60279481,60280495,1014,282977
60280495,60281616,1121,129066
60281616,60282391,775,147627
60282391,60283014,623,44575
60283014,60284149,1135,163607
60284149,60285300,1151,5757
60285300,60286202,902,168062
60286202,60287197,995,64290
60287197,60288200,1003,69411
60288200,60289447,1247,139200
60289447,60290552,1105,123270
60290552,60291813,1261,699
60291813,60292951,1138,136861
60292951,60294254,1303,132705
60294254,60295491,1237,135659
60295491,60296256,765,64588
60296256,60297255,999,304534
60297255,60297861,606,185074
60297861,60298295,434,296473
60298295,60299489,1194,11533
60299489,60300774,1285,129064
60300774,60301762,988,58776
60301762,60303093,1331,89880
60303093,60304226,1133,234106
60304226,60304782,556,54016
60304782,60305989,1207,146111
60305989,60307092,1103,890
60307092,60308364,1272,274380
60308364,60309309,945,138488
60309309,60310354,1045,123048
60310354,60311079,725,273050
60311079,60312267,1188,130103
60312267,60313553,1286,13056
60313553,60314641,1088,135229
60314641,60315083,442,1188
60315083,60315337,254,122544
60315337,60316451,1114,39749
60316451,60317576,1125,121064
60317576,60318767,1191,1070
60318767,60319054,287,46889
60319054,60319984,930,127936
60319984,60320905,921,397
60320905,60321817,912,258986
60321817,60322991,1174,170452
60322991,60324126,1135,281131
60324126,60325078,952,136271
60325078,60326020,942,19373
60326020,60327139,1119,39761
60327139,60328114,975,39967
60328114,60329256,1142,125147
60329256,60329455,199,285314
60329455,60330545,1090,72210
60330545,60331750,1205,291107
60331750,60332847,1097,285896
60332847,60334136,1289,64075
60334136,60335381,1245,134708
60335381,60336624,1243,152265
60336624,60337574,950,28375
60337574,60337848,274,110520
60337848,60338641,793,279775
60338641,60339872,1231,126965
60339872,60340888,1016,126851
60340888,60342079,1191,92002
60342079,60343155,1076,69607
60343155,60344292,1137,153958
60344292,60344910,618,121140
60344910,60346106,1196,87508
60346106,60347255,1149,121541
60347255,60348550,1295,114468
60348550,60349549,999,166433
60349549,60350681,1132,132499
60350681,60351896,1215,77361
60351896,60352835,939,26894
60352835,60353871,1036,130226
60353871,60354358,487,158744
60354358,60355478,1120,131295
60355478,60356056,578,12895
60356056,60357247,1191,176256
60357247,60358379,1132,19366
60358379,60359536,1157,252341
60359536,60360599,1063,168204
60360599,60361756,1157,12546
60361756,60362104,348,245691
60362104,60362359,255,126292
60362359,60363616,1257,92002
60363616,60364303,687,126826
60364303,60364766,463,122467
60364766,60365840,1074,66166
60365840,60367083,1243,92002
60367083,60367835,752,149939
60367835,60368504,669,109662
60368504,60369715,1211,14274
60369715,60370483,768,232057
60370483,60371648,1165,44575
60371648,60372880,1232,67233
60372880,60373144,264,116805
60373144,60374361,1217,129324
60374361,60375541,1180,114469
60375541,60376730,1189,130870
60376730,60377249,519,292253
60377249,60377462,213,121722
60377462,60378698,1236,6506
60378698,60379814,1116,161707
60379814,60380740,926,185466
60380740,60381821,1081,130296
60381821,60382414,593,117899
60382414,60383033,619,71402
60383033,60384108,1075,138047
60384108,60384398,290,75810
60384398,60385664,1266,287357
60385664,60386857,1193,92002
60386857,60387948,1091,230928
60387948,60388214,266,110238
60388214,60388819,605,142311
60388819,60390075,1256,172156
60390075,60391315,1240,155968
60391315,60392549,1234,153728
60392549,60393070,521,66622
60393070,60393967,897,157054
60393967,60395126,1159,141279
60395126,60396405,1279,134160
60396405,60397075,670,46889
60397075,60398250,1175,18524
60398250,60399497,1247,86679
60399497,60400592,1095,122467
60400592,60401664,1072,86026
60401664,60402822,1158,131228
60402822,60403655,833,129659
60403655,60404721,1066,121799
60404721,60406017,1296,123025
60406017,60407212,1195,152265
60407212,60408038,826,121331
60408038,60408988,950,5704
60408988,60409993,1005,30101
60409993,60411245,1252,277898
60411245,60412285,1040,91801
60412285,60413308,1023,131030
60413308,60414616,1308,69422
60414616,60415770,1154,121392
60415770,60416777,1007,756
60416777,60417754,977,47032
60417754,60418927,1173,134120
60418927,60419998,1071,110243
60419998,60421135,1137,113336
60421135,60421995,860,287359
60421995,60423051,1056,46889
60423051,60423965,914,125883
60423965,60425166,1201,158081
60425166,60426247,1081,46267
60426247,60427373,1126,53342
60427373,60427873,500,138047
60427873,60428770,897,86043
60428770,60429612,842,231836
60429612,60430855,1243,39661
60430855,60431857,1002,69412
60431857,60433113,1256,2503
60433113,60433544,431,160592
60433544,60433778,234,147110
60433778,60434741,963,13269
60434741,60435568,827,121068
60435568,60436536,968,298549
60436536,60437791,1255,64588
60437791,60439003,1212,140651
60439003,60440256,1253,296468
60440256,60441491,1235,132800
60441491,60442758,1267,281472
60442758,60443140,382,46240
60443140,60443848,708,10172
60443848,60444866,1018,41610
60444866,60446124,1258,138043
60446124,60447415,1291,44937
60447415,60448705,1290,129790
60448705,60449954,1249,113273
60449954,60451070,1116,140222
60451070,60452164,1094,395
60452164,60453273,1109,105405
60453273,60454479,1206,130870
60454479,60455735,1256,4861
60455735,60456580,845,278289
60456580,60457673,1093,84010
60457673,60458919,1246,132568
60458919,60460128,1209,121148
60460128,60461237,1109,31609
60461237,60462371,1134,34501
60462371,60463628,1257,86710
60463628,60464670,1042,130870
60464670,60465599,929,126955
60465599,60465827,228,91801
60465827,60466847,1020,104979
60466847,60467964,1117,48831
60467964,60468391,427,61776
60468391,60469467,1076,159230
60469467,60470661,1194,137483
60470661,60471806,1145,100044
60471806,60472904,1098,284268
60472904,60474173,1269,138901
60474173,60475053,880,5704
60475053,60475627,574,96175
60475627,60476524,897,270777
60476524,60477765,1241,171138
60477765,60478755,990,157236
60478755,60479717,962,19665
60479717,60480882,1165,136458
60480882,60482034,1152,128678
60482034,60483327,1293,95875
60483327,60484121,794,39661
60484121,60485174,1053,184448
60485174,60486435,1261,115687
60486435,60487361,926,285896
60487361,60488570,1209,123133
60488570,60489683,1113,64738
60489683,60490812,1129,144496
60490812,60491901,1089,184447
60491901,60493139,1238,245707
60493139,60493913,774,117382
60493913,60495126,1213,134981
60495126,60495881,755,39967
60495881,60496871,990,102381
60496871,60497949,1078,72311
60497949,60499164,1215,61317
60499164,60500441,1277,87791
60500441,60501074,633,14497
60501074,60502195,1121,147159
60502195,60502810,615,32451
60502810,60503742,932,158744
60503742,60504819,1077,11243
60504819,60506008,1189,55856
60506008,60506897,889,245708
60506897,60507937,1040,274379
60507937,60509014,1077,28375
60509014,60510285,1271,293529
60510285,60511524,1239,291101
60511524,60511839,315,136846
60511839,60513120,1281,130975
60513120,60514352,1232,136280
60514352,60514716,364,102239
60514716,60514900,184,156738
60514900,60515939,1039,10642
60515939,60517205,1266,132891
60517205,60518468,1263,279153
60518468,60519744,1276,32886
60519744,60520027,283,78193
60520027,60521263,1236,284424
60521263,60522496,1233,161166
60522496,60523423,927,132299
60523423,60524342,919,136280
60524342,60525453,1111,68369
60525453,60526552,1099,19132
60526552,60526948,396,258960
60526948,60528083,1135,28247
60528083,60529250,1167,86045
60529250,60530459,1209,78193
60530459,60531181,722,105179
60531181,60532274,1093,293168
60532274,60533560,1286,39477
60533560,60534788,1228,4275
60534788,60535903,1115,123268
60535903,60537136,1233,124368
60537136,60538297,1161,19373
60538297,60539387,1090,157236
60539387,60540670,1283,104637
60540670,60541941,1271,168199
60541941,60543120,1179,138033
60543120,60543283,163,25766
60543283,60544565,1282,80690
60544565,60544894,329,95963
60544894,60546209,1315,168199
60546209,60547239,1030,164327
60547239,60547632,393,126480
60547632,60548738,1106,231838
60548738,60549250,512,54006
60549250,60550474,1224,116797
60550474,60551724,1250,144965
60551724,60552813,1089,64298
60552813,60554057,1244,73729
60554057,60555411,1354,132073
60555411,60555900,489,27120
60555900,60557163,1263,133263
60557163,60558450,1287,133396
60558450,60559453,1003,65772
60559453,60560491,1038,24731
60560491,60561733,1242,126539
60561733,60562985,1252,22581
60562985,60563632,647,125118
60563632,60564485,853,139307
60564485,60564926,441,129623
60564926,60566053,1127,133630
60566053,60567187,1134,138047
60567187,60568233,1046,46890
60568233,60568620,387,51162
60568620,60569732,1112,11077
60569732,60570272,540,131735
60570272,60571325,1053,82904
60571325,60572340,1015,61316
60572340,60573242,902,91801
60573242,60574531,1289,104491
60574531,60575662,1131,395
60575662,60576047,385,130870
60576047,60577167,1120,44582
60577167,60577917,750,147968
60577917,60579019,1102,271812
60579019,60579357,338,128633
60579357,60580536,1179,70837
60580536,60581509,973,133220
60581509,60582716,1207,148993
60582716,60583003,287,157400
60583003,60584256,1253,121416
60584256,60585467,1211,174511
60585467,60586515,1048,126959
60586515,60587711,1196,135832
60587711,60588964,1253,88367
60588964,60589866,902,119253
60589866,60590943,1077,154838
60590943,60592076,1133,96672
60592076,60593172,1096,110520
60593172,60594341,1169,141791
60594341,60595370,1029,174953
60595370,60596579,1209,128345
60596579,60597635,1056,143895
60597635,60598764,1129,216563
60598764,60599987,1223,36633
60599987,60600350,363,142848
60600350,60601395,1045,6524
60601395,60602640,1245,124221
60602640,60603897,1257,10702
60603897,60605212,1315,136458
60605212,60606395,1183,83708
60606395,60607551,1156,61317
60607551,60608612,1061,19665
60608612,60609573,961,145701
60609573,60610904,1331,142311
60610904,60612213,1309,109174
60612213,60613305,1092,102381
60613305,60613887,582,7894
60613887,60614824,937,11049
60614824,60616034,1210,126859
60616034,60616658,624,282934
60616658,60617788,1130,144503
60617788,60618012,224,16003
60618012,60619356,1344,295445
60619356,60620389,1033,154697
60620389,60621606,1217,123882
60621606,60622797,1191,32137
60622797,60623985,1188,124587
60623985,60624593,608,14674
60624593,60625938,1345,155972
60625938,60627122,1184,110056
60627122,60628383,1261,122545
60628383,60629458,1075,34501
60629458,60630480,1022,124549
60630480,60630901,421,129790
60630901,60632153,1252,40556
60632153,60633298,1145,26558
60633298,60634490,1192,158744
60634490,60635515,1025,277899
60635515,60635860,345,86683
60635860,60637132,1272,176854
60637132,60637982,850,126829
60637982,60639199,1217,132272
60639199,60640398,1199,262291
60640398,60641228,830,66016
60641228,60642069,841,252341
60642069,60643323,1254,64974
60643323,60644447,1124,157088
60644447,60645768,1321,110742
60645768,60646883,1115,122614
60646883,60647893,1010,183988
60647893,60648128,235,129388
60648128,60649329,1201,138047
60649329,60649559,230,140651
60649559,60650779,1220,11254
60650779,60651922,1143,155152
60651922,60652107,185,112061
60652107,60653284,1177,19361
60653284,60654427,1143,131203
60654427,60655467,1040,69422
60655467,60656738,1271,168626
60656738,60657892,1154,121079
60657892,60658988,1096,24732
60658988,60660055,1067,295446
60660055,60661228,1173,20410
60661228,60661680,452,106366
60661680,60662921,1241,280380
60662921,60663755,834,132484
60663755,60664468,713,144999
60664468,60665665,1197,99122
60665665,60666540,875,171137
60666540,60667329,789,91072
60667329,60668465,1136,139743
60668465,60669632,1167,10089
60669632,60670550,918,284434
60670550,60671859,1309,109173
60671859,60672109,250,167609
60672109,60672589,480,123270
60672589,60673631,1042,172165
60673631,60674164,533,157236
60674164,60675204,1040,111574
60675204,60676314,1110,294554
60676314,60677385,1071,110742
60677385,60678650,1265,5416
60678650,60679538,888,8592
60679538,60680787,1249,88349
60680787,60681844,1057,287659
60681844,60682921,1077,178029
60682921,60683860,939,58776
60683860,60684619,759,72311
60684619,60685732,1113,61743
60685732,60686609,877,145138
60686609,60687846,1237,74477
60687846,60688905,1059,290351
60688905,60689969,1064,18005
60689969,60691229,1260,142848
60691229,60692214,985,41259
60692214,60693418,1204,2301
60693418,60694621,1203,161707
60694621,60695899,1278,112592
60695899,60697016,1117,84448
60697016,60698310,1294,48525
60698310,60699516,1206,258262
60699516,60700765,1249,133395
60700765,60701594,829,104483
60701594,60702463,869,2772
60702463,60703757,1294,1129
60703757,60704806,1049,122828
60704806,60706083,1277,71320
60706083,60707230,1147,724
60707230,60707855,625,26895
60707855,60709201,1346,135580
60709201,60710250,1049,110238
60710250,60711425,1175,258960
60711425,60712650,1225,234106
60712650,60713821,1171,132850
60713821,60715051,1230,92806
60715051,60716219,1168,26853
60716219,60717196,977,140221
60717196,60718465,1269,86741
60718465,60719714,1249,271817
60719714,60720393,679,696
60720393,60720605,212,158081
60720605,60721852,1247,1539
60721852,60722729,877,142745
60722729,60723889,1160,138113
60723889,60724907,1018,126319
60724907,60725183,276,39616
60725183,60726310,1127,103120
60726310,60726526,216,45218
60726526,60727749,1223,156720
60727749,60728517,768,67584
60728517,60729801,1284,134465
60729801,60730954,1153,129393
60730954,60732186,1232,133263
60732186,60733403,1217,52195
60733403,60734502,1099,4445
60734502,60735106,604,102250
60735106,60736408,1302,126233
60736408,60737648,1240,117866
60737648,60738619,971,150715
60738619,60739797,1178,140067
60739797,60741079,1282,294120
60741079,60742172,1093,258262
60742172,60743305,1133,9321
60743305,60744592,1287,157054
60744592,60745719,1127,246892
60745719,60746869,1150,161100
60746869,60748088,1219,121741
60748088,60749268,1180,112187
60749268,60750509,1241,127579
60750509,60751344,835,181420
60751344,60752599,1255,101892
60752599,60753872,1273,63095
60753872,60754911,1039,143307
60754911,60755991,1080,170956
60755991,60757273,1282,10988
60757273,60758010,737,129396
60758010,60758301,291,60489
60758301,60759454,1153,22581
60759454,60760441,987,130878
60760441,60760896,455,139753
60760896,60762051,1155,68188
60762051,60763186,1135,108621
60763186,60764355,1169,8140
60764355,60765634,1279,3961
60765634,60766686,1052,67858
60766686,60767861,1175,176682
60767861,60768868,1007,150127
60768868,60770117,1249,1562
60770117,60771190,1073,39913
60771190,60772101,911,12971
60772101,60772290,189,19366
60772290,60773039,749,43306
60773039,60774318,1279,131030
60774318,60775522,1204,97593
60775522,60776681,1159,44576
60776681,60777757,1076,127694
60777757,60778382,625,138866
60778382,60779647,1265,132101
60779647,60779833,186,40556
60779833,60780216,383,300343
60780216,60781419,1203,2536
60781419,60782503,1084,121415
60782503,60783612,1109,130544
60783612,60784823,1211,163518
60784823,60786071,1248,107517
60786071,60786828,757,92427
60786828,60787555,727,105673
60787555,60788702,1147,170976
60788702,60788987,285,160602
60788987,60790180,1193,75242
60790180,60791351,1171,184266
60791351,60791918,567,105167
60791918,60793098,1180,58012
60793098,60793732,634,64713
60793732,60794405,673,126955
60794405,60795601,1196,73846
60795601,60796701,1100,287837
60796701,60797923,1222,65554
60797923,60798800,877,130588
60798800,60799658,858,132848
60799658,60800732,1074,126296
60800732,60802035,1303,183988
60802035,60803287,1252,9010
60803287,60804438,1151,723
60804438,60805194,756,1731
60805194,60806027,833,147193
60806027,60806512,485,291101
60806512,60807864,1352,73073
60807864,60808962,1098,124549
60808962,60810273,1311,123191
60810273,60811348,1075,160188
60811348,60812455,1107,66185
60812455,60813673,1218,165702
60813673,60814846,1173,151817
60814846,60816005,1159,133834
60816005,60817170,1165,135824
60817170,60818389,1219,27504
60818389,60819684,1295,122627
60819684,60820310,626,127703
60820310,60820462,152,170976
60820462,60821505,1043,96672
60821505,60821938,433,61781
60821938,60823187,1249,133393
60823187,60824424,1237,276735
60824424,60825558,1134,163384
60825558,60826768,1210,167024
60826768,60828044,1276,184264
60828044,60829206,1162,72311
60829206,60830241,1035,84357
60830241,60831395,1154,363
60831395,60832362,967,129983
60832362,60833301,939,134119
60833301,60834275,974,36956
60834275,60834571,296,155151
60834571,60835762,1191,118128
60835762,60836965,1203,122825
60836965,60838170,1205,73728
60838170,60839374,1204,123033
60839374,60840425,1051,276735
60840425,60840942,517,132710
60840942,60841621,679,13270
60841621,60842777,1156,137588
60842777,60843970,1193,123191
60843970,60844838,868,153728
60844838,60845909,1071,66166
60845909,60846937,1028,99249
60846937,60847838,901,183988
60847838,60848887,1049,129983
60848887,60850197,1310,131228
60850197,60850682,485,164461
60850682,60851620,938,105002
60851620,60852856,1236,30591
60852856,60854120,1264,10702
60854120,60855134,1014,101884
60855134,60856289,1155,130492
60856289,60856873,584,136610
60856873,60858145,1272,121799
60858145,60858367,222,98877
60858367,60858814,447,122545
60858814,60859469,655,134674
60859469,60860124,655,130131
60860124,60861249,1125,6176
60861249,60862152,903,137597
60862152,60863264,1112,109507
60863264,60864458,1194,156967
60864458,60865391,933,135659
60865391,60866413,1022,7793
60866413,60867473,1060,7793
60867473,60868514,1041,30591
60868514,60869409,895,127215
60869409,60870617,1208,2503
60870617,60871906,1289,133393
60871906,60873130,1224,123216
60873130,60874490,1360,43306
60874490,60875444,954,155521
60875444,60875937,493,13248
60875937,60877128,1191,68369
60877128,60878155,1027,284444
60878155,60879144,989,99156
60879144,60879928,784,288043
60879928,60881183,1255,143271
60881183,60882470,1287,76574
60882470,60883121,651,66016
60883121,60884306,1185,129324
60884306,60885259,953,295710
60885259,60886368,1109,304534
60886368,60887474,1106,130516
60887474,60888696,1222,134717
60888696,60890013,1317,294120
60890013,60890743,730,124990
60890743,60892000,1257,12546
60892000,60892505,505,172165
60892505,60893676,1171,6524
60893676,60894836,1160,9210
60894836,60896026,1190,29012
60896026,60897235,1209,91072
60897235,60898424,1189,277898
60898424,60899625,1201,84448
60899625,60900822,1197,44577
60900822,60901928,1106,46712
60901928,60902849,921,142320
60902849,60904093,1244,142358
60904093,60905402,1309,146770
60905402,60906593,1191,258993
60906593,60907834,1241,232057
60907834,60908969,1135,130977
60908969,60910194,1225,152824
60910194,60911447,1253,159228
60911447,60912708,1261,143005
60912708,60913883,1175,125084
60913883,60914652,769,232690
60914652,60915091,439,134717
60915091,60915956,865,157242
60915956,60916148,192,63101
60916148,60917099,951,61316
60917099,60917742,643,130627
60917742,60918847,1105,118112
60918847,60920020,1173,108621
60920020,60921370,1350,88484
60921370,60922547,1177,59268
60922547,60923719,1172,144503
60923719,60924973,1254,139707
60924973,60926131,1158,83607
60926131,60927348,1217,30106
60927348,60928548,1200,24515
60928548,60929501,953,283462
60929501,60930464,963,123882
60930464,60931452,988,101580
60931452,60932648,1196,158744
60932648,60933898,1250,295756
60933898,60934077,179,46889
60934077,60934406,329,142858
60934406,60935543,1137,289453
60935543,60936508,965,143022
60936508,60937803,1295,136983
60937803,60938916,1113,18533
60938916,60940100,1184,1120
60940100,60941149,1049,25563
60941149,60942343,1194,56222
60942343,60942586,243,127703
60942586,60943730,1144,134786
60943730,60944855,1125,126961
60944855,60945956,1101,70919
60945956,60946987,1031,125140
60946987,60948078,1091,170956
60948078,60949212,1134,91072
60949212,60949917,705,53342
60949917,60951086,1169,124368
60951086,60951449,363,131276
60951449,60952729,1280,121902
60952729,60954069,1340,129011
60954069,60955265,1196,157636
60955265,60956296,1031,83606
60956296,60957582,1286,73732
60957582,60958727,1145,290365
60958727,60959455,728,140040
60959455,60960690,1235,121766
60960690,60961845,1155,137588
60961845,60962978,1133,12707
60962978,60964187,1209,131296
60964187,60964868,681,105179
60964868,60965551,683,39967
60965551,60966858,1307,129790
60966858,60967756,898,258993
60967756,60968509,753,41933
60968509,60969730,1221,366
60969730,60969902,172,157400
60969902,60970752,850,84121
60970752,60971781,1029,136458
60971781,60972962,1181,258993
60972962,60974203,1241,68359
60974203,60975142,939,25766
60975142,60976065,923,34483
60976065,60977265,1200,58137
60977265,60977917,652,11546
60977917,60979070,1153,127215
60979070,60980281,1211,133442
60980281,60981251,970,291608
60981251,60981726,475,63111
60981726,60982962,1236,134592
60982962,60983527,565,164187
60983527,60984583,1056,13265
60984583,60985770,1187,14526
60985770,60987042,1272,12971
60987042,60988185,1143,275128
60988185,60989317,1132,174511
60989317,60990420,1103,291107
60990420,60991691,1271,122825
60991691,60992946,1255,76574
60992946,60994019,1073,137627
60994019,60995264,1245,144503
60995264,60996437,1173,132280
60996437,60997781,1344,120325
60997781,60998946,1165,132707
60998946,61000115,1169,19209
61000115,61000967,852,126739
61000967,61002225,1258,54016
61002225,61003502,1277,85685
61003502,61004617,1115,124439
61004617,61005732,1115,129808
61005732,61006081,349,5909
61006081,61006280,199,39648
61006280,61007409,1129,134792
61007409,61008614,1205,160602
61008614,61009928,1314,95959
61009928,61010487,559,7793
61010487,61011757,1270,162253
61011757,61012504,747,147968
61012504,61013608,1104,170982
61013608,61014752,1144,56840
61014752,61015961,1209,107487
61015961,61016537,576,143948
61016537,61016773,236,67584
61016773,61017367,594,121543
61017367,61018028,661,8689
61018028,61019237,1209,163612
61019237,61020484,1247,134420
61020484,61021633,1149,127691
61021633,61022516,883,61316
61022516,61023394,878,39761
61023394,61024229,835,4687
61024229,61025414,1185,99157
61025414,61026298,884,276732
61026298,61026943,645,141571
61026943,61028078,1135,244443
61028078,61029230,1152,141571
61029230,61030350,1120,32136
61030350,61031611,1261,59288
61031611,61032762,1151,127518
61032762,61033776,1014,101836
61033776,61034232,456,6556
61034232,61035429,1197,122806
61035429,61036584,1155,131890
61036584,61037245,661,10172
61037245,61037537,292,9210
61037537,61038480,943,130728
61038480,61039120,640,14274
61039120,61040335,1215,64717
61040335,61041432,1097,144485
61041432,61042052,620,140072
61042052,61042493,441,156153
61042493,61043062,569,68369
61043062,61043637,575,67592
61043637,61044796,1159,168062
61044796,61045863,1067,153958
61045863,61046665,802,14960
61046665,61047005,340,14672
61047005,61047418,413,129752
61047418,61048607,1189,258986
61048607,61048931,324,158074
61048931,61050003,1072,50776
61050003,61051171,1168,58433
61051171,61051803,632,18533
61051803,61052804,1001,287359
61052804,61053874,1070,86804
61053874,61055126,1252,58193
61055126,61056248,1122,65820
61056248,61057379,1131,16002
61057379,61058666,1287,158781
61058666,61059298,632,171134
61059298,61059488,190,121449
61059488,61060293,805,102238
61060293,61061382,1089,119253
61061382,61062603,1221,16632
61062603,61063822,1219,300343
61063822,61064159,337,148962
61064159,61065354,1195,178449
61065354,61066621,1267,187464
61066621,61066931,310,121722
61066931,61068214,1283,9010
61068214,61069441,1227,73024
61069441,61070175,734,1188
61070175,61071181,1006,700
61071181,61072327,1146,6175
61072327,61073503,1176,156720
61073503,61074311,808,121734
61074311,61075499,1188,8675
61075499,61076241,742,23281
61076241,61076672,431,15305
61076672,61076978,306,107487
61076978,61077665,687,109663
61077665,61078809,1144,91072
61078809,61080000,1191,147159
61080000,61081167,1167,126410
61081167,61082232,1065,138033
61082232,61083363,1131,154736
61083363,61084519,1156,139681
61084519,61085663,1144,76973
61085663,61086862,1199,139797
61086862,61087879,1017,125002
61087879,61089048,1169,111961
61089048,61090019,971,91072
61090019,61090693,674,18005
61090693,61091191,498,10172
61091191,61092356,1165,70837
61092356,61092571,215,171138
61092571,61092944,373,187466
61092944,61094098,1154,282386
61094098,61094680,582,295756
61094680,61095926,1246,5758
61095926,61096617,691,73958
61096617,61097741,1124,134707
61097741,61098875,1134,125002
61098875,61099244,369,142752
61099244,61100440,1196,134657
61100440,61101410,970,184266
61101410,61102648,1238,16003
61102648,61103963,1315,862
61103963,61105136,1173,142318
61105136,61106029,893,48032
61106029,61107215,1186,138656
61107215,61108424,1209,53343
61108424,61109748,1324,58843
61109748,61110844,1096,124549
61110844,61111601,757,10344
61111601,61112381,780,61317
61112381,61113564,1183,73961
61113564,61114689,1125,146111
61114689,61115934,1245,127704
61115934,61116099,165,290350
61116099,61116561,462,129388
61116561,61117524,963,43306
61117524,61118619,1095,157475
61118619,61119751,1132,141613
61119751,61120211,460,146437
61120211,61121465,1254,138901
61121465,61121949,484,66464
61121949,61123246,1297,139753
61123246,61124167,921,293959
61124167,61125394,1227,130225
61125394,61125638,244,171107
61125638,61126875,1237,132821
61126875,61127025,150,156963
61127025,61127998,973,70843
61127998,61128730,732,163380
61128730,61129961,1231,127731
61129961,61130962,1001,12085
61130962,61132144,1182,9321
61132144,61133253,1109,12546
61133253,61133667,414,128636
61133667,61134840,1173,15307
61134840,61135718,878,136863
61135718,61136990,1272,129790
61136990,61138192,1202,141242
61138192,61139438,1246,31091
61139438,61139975,537,155949
61139975,61140126,151,126408
61140126,61140791,665,105002
61140791,61142085,1294,64956
61142085,61143104,1019,83696
61143104,61144045,941,19208
61144045,61145217,1172,26987
61145217,61146159,942,101579
61146159,61147447,1288,19366
61147447,61148713,1266,36146
61148713,61149928,1215,116804
61149928,61150956,1028,121064
61150956,61152033,1077,132069
61152033,61153237,1204,153309
61153237,61153650,413,53343
61153650,61154921,1271,139355
61154921,61156096,1175,61741
61156096,61157331,1235,28465
61157331,61158324,993,29091
61158324,61159574,1250,7887
61159574,61160818,1244,48830
61160818,61161651,833,262269
61161651,61162952,1301,127522
61162952,61164226,1274,287660
61164226,61165332,1106,120330
61165332,61165756,424,6557
61165756,61166961,1205,130878
61166961,61167437,476,139743
61167437,61168663,1226,134121
61168663,61169851,1188,258283
61169851,61170916,1065,130533
61170916,61172191,1275,124439
61172191,61173422,1231,135033
61173422,61173856,434,56777
61173856,61174791,935,29012
61174791,61175622,831,108005
61175622,61176910,1288,18524
61176910,61177977,1067,208
61177977,61179127,1150,271826
61179127,61179492,365,224746
61179492,61179896,404,220980
61179896,61180872,976,73847
61180872,61181358,486,162375
61181358,61182590,1232,142824
61182590,61183625,1035,43322
61183625,61184533,908,300343
61184533,61185491,958,165387
61185491,61185640,149,130093
61185640,61186609,969,107487
61186609,61187810,1201,68358
61187810,61189066,1256,54613
61189066,61190388,1322,88761
61190388,61191465,1077,245691
61191465,61192538,1073,58192
61192538,61193762,1224,87766
61193762,61195006,1244,46588
61195006,61195995,989,116804
61195995,61197274,1279,70843
61197274,61198316,1042,104888
61198316,61199529,1213,170453
61199529,61200470,941,300047
61200470,61201527,1057,132280
61201527,61202510,983,5083
61202510,61203648,1138,167609
61203648,61204919,1271,24732
61204919,61206176,1257,107621
61206176,61207445,1269,142848
61207445,61208506,1061,171171
61208506,61209270,764,121331
61209270,61210490,1220,72876
61210490,61211647,1157,34497
61211647,61212812,1165,10988
61212812,61213962,1150,139297
61213962,61215195,1233,31097
61215195,61216441,1246,102250
61216441,61217610,1169,185436
61217610,61218695,1085,246932
61218695,61219844,1149,63111
61219844,61221078,1234,130495
61221078,61221459,381,232057
61221459,61222524,1065,86683
61222524,61223477,953,41614
61223477,61224746,1269,110522
61224746,61225991,1245,280250
61225991,61227253,1262,174511
61227253,61228404,1151,77779
61228404,61229382,978,54487
61229382,61229901,519,278217
61229901,61230619,718,5704
61230619,61231235,616,75939
61231235,61232218,983,84448
61232218,61233441,1223,105394
61233441,61234675,1234,121064
61234675,61234970,295,136861
61234970,61235166,196,142824
61235166,61235377,211,291374
61235377,61236568,1191,71401
61236568,61237648,1080,88484
61237648,61238738,1090,3587
61238738,61239745,1007,174511
61239745,61240020,275,162667
61240020,61240896,876,99122
61240896,61242172,1276,59175
61242172,61243469,1297,124557
61243469,61244739,1270,138488
61244739,61245886,1147,53343
61245886,61247091,1205,38660
61247091,61247592,501,176853
61247592,61248453,861,285314
61248453,61249814,1361,106367
61249814,61251078,1264,284269
61251078,61252343,1265,162238
61252343,61253593,1250,143022
61253593,61254745,1152,10327
61254745,61255842,1097,12545
61255842,61257063,1221,162129
61257063,61258107,1044,290361
61258107,61258945,838,258263
61258945,61260159,1214,32637
61260159,61261390,1231,155151
61261390,61262729,1339,129064
61262729,61263002,273,126796
61263002,61264013,1011,133273
61264013,61265306,1293,28247
61265306,61265857,551,304534
61265857,61267123,1266,136861
61267123,61268364,1241,63841
61268364,61268835,471,141209
61268835,61270094,1259,48579
61270094,61271405,1311,139733
61271405,61272366,961,294523
61272366,61273511,1145,397
61273511,61274683,1172,156967
61274683,61275698,1015,58776
61275698,61276930,1232,5791
61276930,61277707,777,137588
61277707,61278438,731,46890
61278438,61279580,1142,276939
61279580,61279992,412,134830
61279992,61281221,1229,284444
61281221,61282466,1245,6397
61282466,61283247,781,132891
61283247,61284530,1283,26685
61284530,61285745,1215,144135
61285745,61286335,590,8157
61286335,61286696,361,92805
61286696,61287716,1020,287660
61287716,61288505,789,129325
61288505,61289302,797,139717
61289302,61290291,989,141242
61290291,61291535,1244,61317
61291535,61292292,757,48579
61292292,61293355,1063,133424
61293355,61294122,767,92200
61294122,61294563,441,8140
61294563,61295809,1246,130727
61295809,61297008,1199,9010
61297008,61297987,979,149890
61297987,61299245,1258,138074
61299245,61300188,943,95959
61300188,61301053,865,141240
61301053,61301839,786,157859
61301839,61302821,982,107486
61302821,61303961,1140,86777
61303961,61305182,1221,143893
61305182,61306350,1168,87280
61306350,61307500,1150,6176
61307500,61308660,1160,12085
61308660,61309803,1143,141235
61309803,61310250,447,121106
61310250,61311441,1191,258993
61311441,61312498,1057,216567
61312498,61313327,829,135892
61313327,61314664,1337,25951
61314664,61315965,1301,128138
61315965,61316924,959,73024
61316924,61318127,1203,39967
61318127,61319185,1058,14677
61319185,61320036,851,10801
61320036,61320861,825,76044
61320861,61321329,468,699
61321329,61322511,1182,160188
61322511,61323639,1128,6398
61323639,61324179,540,126965
61324179,61325354,1175,15307
61325354,61326557,1203,157236
61326557,61327739,1182,175448
61327739,61328792,1053,183988
61328792,61329718,926,143005
61329718,61330790,1072,134170
61330790,61331816,1026,138045
61331816,61332731,915,17942
61332731,61333843,1112,290365
61333843,61335150,1307,16632
61335150,61336340,1190,152842
61336340,61337473,1133,170440
61337473,61338719,1246,7793
61338719,61339774,1055,246932
61339774,61340931,1157,140040
61340931,61342106,1175,66185
61342106,61343089,983,135894
61343089,61344316,1227,5416
61344316,61345583,1267,86765
61345583,61345737,154,124587
61345737,61347054,1317,279852
61347054,61348242,1188,120280
61348242,61349111,869,123500
61349111,61349600,489,290349
61349600,61350641,1041,44582
61350641,61351822,1181,12118
61351822,61352940,1118,123036
61352940,61354153,1213,139717
61354153,61355433,1280,168199
61355433,61356515,1082,138113
61356515,61356800,285,47032
61356800,61357991,1191,121674
61357991,61359283,1292,133225
61359283,61360542,1259,134728
61360542,61361445,903,304541
61361445,61362595,1150,105574
61362595,61363872,1277,39478
61363872,61365042,1170,145742
61365042,61366295,1253,246948
61366295,61367404,1109,177641
61367404,61368691,1287,72311
61368691,61369535,844,39648
61369535,61370888,1353,130226
61370888,61371963,1075,159056
61371963,61373159,1196,162238
61373159,61374421,1262,55927
61374421,61375631,1210,102381
61375631,61376836,1205,138290
61376836,61377803,967,282977
61377803,61378038,235,132821
61378038,61379233,1195,14274
61379233,61380432,1199,66622
61380432,61381593,1161,130226
61381593,61382539,946,5791
61382539,61383790,1251,64956
61383790,61384093,303,125882
61384093,61385074,981,98645
61385074,61386259,1185,121543
61386259,61387117,858,130566
61387117,61388088,971,156015
61388088,61389225,1137,34483
61389225,61389815,590,139743
61389815,61391082,1267,31603
61391082,61392329,1247,39501
61392329,61393647,1318,135657
61393647,61394466,819,66470
61394466,61395708,1242,166420
61395708,61395932,224,82558
61395932,61397170,1238,137588
61397170,61397373,203,131003
61397373,61398689,1316,140718
61398689,61399690,1001,64738
61399690,61400738,1048,160592
61400738,61401859,1121,139752
61401859,61402899,1040,121079
61402899,61403998,1099,128990
61403998,61405199,1201,110705
61405199,61406400,1201,119295
61406400,61407543,1143,293531
61407543,61408582,1039,26558
61408582,61409779,1197,31609
61409779,61410379,600,136610
61410379,61411412,1033,126739
61411412,61412673,1261,125118
61412673,61412896,223,130093
61412896,61413144,248,246932
61413144,61414438,1294,19208
61414438,61414653,215,110243
61414653,61415820,1167,106974
61415820,61416754,934,150916
61416754,61417780,1026,105386
61417780,61418508,728,59268
61418508,61419810,1302,46712
61419810,61421041,1231,56174
61421041,61422384,1343,81843
61422384,61422731,347,118112
61422731,61423746,1015,91801
61423746,61424888,1142,130164
61424888,61425874,986,46890
61425874,61427127,1253,274558
61427127,61428325,1198,170956
61428325,61429542,1217,14936
61429542,61430005,463,162253
61430005,61431056,1051,161972
61431056,61432295,1239,126209
61432295,61433330,1035,123269
61433330,61434443,1113,123267
61434443,61435632,1189,41170
61435632,61436841,1209,133442
61436841,61437886,1045,147110
61437886,61438627,741,162253
61438627,61439888,1261,137628
61439888,61440984,1096,123133
61440984,61442202,1218,140071
61442202,61443450,1248,142744
61443450,61444736,1286,98645
61444736,61445033,297,129623
61445033,61446134,1101,141819
61446134,61447407,1273,131899
61447407,61448252,845,1150
61448252,61449400,1148,142752
61449400,61450585,1185,283242
61450585,61450772,187,300047
61450772,61451871,1099,276939
61451871,61453070,1199,6175
61453070,61454222,1152,75242
61454222,61455218,996,3582
61455218,61456399,1181,291107
61456399,61457284,885,304535
61457284,61457488,204,178030
61457488,61457687,199,146437
61457687,61458746,1059,129597
61458746,61459824,1078,127694
61459824,61461077,1253,11512
61461077,61462100,1023,244443
61462100,61463255,1155,110742
61463255,61464412,1157,127696
61464412,61465688,1276,9210
61465688,61466808,1120,110742
61466808,61467867,1059,64708
61467867,61469066,1199,145088
61469066,61470061,995,138488
61470061,61471204,1143,59268
61471204,61472376,1172,132649
61472376,61473606,1230,125128
61473606,61473873,267,15082
61473873,61475020,1147,121085
61475020,61475749,729,127732
61475749,61476726,977,76043
61476726,61477687,961,130544
61477687,61478815,1128,14358
61478815,61479918,1103,172165
61479918,61481072,1154,92820
61481072,61482338,1266,51163
61482338,61482781,443,86708
61482781,61483902,1121,146197
61483902,61484975,1073,101580
61484975,61486179,1204,130977
61486179,61487329,1150,124549
61487329,61487661,332,92002
61487661,61488936,1275,86710
61488936,61490095,1159,126737
61490095,61490556,461,13265
61490556,61490820,264,164328
61490820,61492017,1197,129983
61492017,61493167,1150,46890
61493167,61494402,1235,104606
61494402,61495564,1162,129011
61495564,61496646,1082,134830
61496646,61497588,942,99122
61497588,61498650,1062,64300
61498650,61499844,1194,145703
61499844,61500810,966,274549
61500810,61501964,1154,890
61501964,61503150,1186,126296
61503150,61503544,394,67857
61503544,61504525,981,84357
61504525,61505562,1037,160984
61505562,61506793,1231,182396
61506793,61508037,1244,56175
61508037,61509216,1179,56778
61509216,61510431,1215,129513
61510431,61511551,1120,76973
61511551,61512036,485,129659
61512036,61513301,1265,157057
61513301,61513459,158,187466
61513459,61514700,1241,30591
61514700,61515808,1108,105673
61515808,61516695,887,39616
61516695,61517230,535,291374
61517230,61518212,982,91801
61518212,61519351,1139,1532
61519351,61520427,1076,132848
61520427,61521756,1329,182396
61521756,61522993,1237,126961
61522993,61524167,1174,275885
61524167,61525460,1293,170453
61525460,61526626,1166,137483
61526626,61527287,661,141248
61527287,61528203,916,41166
61528203,61529102,899,31089
61529102,61530387,1285,132537
61530387,61531526,1139,89882
61531526,61532639,1113,164327
61532639,61533700,1061,59288
61533700,61534928,1228,153309
61534928,61536179,1251,16003
61536179,61537165,986,120330
61537165,61538339,1174,177641
61538339,61538910,571,97593
61538910,61540210,1300,138047
61540210,61541345,1135,135892
61541345,61542516,1171,274380
61542516,61543681,1165,89388
61543681,61544138,457,276730
61544138,61544567,429,164927
61544567,61545495,928,84447
61545495,61546687,1192,130977
61546687,61548007,1320,138033
61548007,61549127,1120,124439
61549127,61549776,649,140718
61549776,61550733,957,140041
61550733,61551736,1003,10160
61551736,61552013,277,106366
61552013,61552742,729,170952
61552742,61554055,1313,187018
61554055,61555332,1277,14497
61555332,61556491,1159,123882
61556491,61557652,1161,48830
61557652,61558753,1101,135227
61558753,61559956,1203,118119
61559956,61561089,1133,128145
61561089,61561567,478,73958
61561567,61562122,555,397
61562122,61563133,1011,146770
61563133,61564302,1169,274558
61564302,61565242,940,148529
61565242,61565531,289,135762
61565531,61566782,1251,141642
61566782,61567406,624,281131
61567406,61567721,315,67592
61567721,61568975,1254,125140
61568975,61570100,1125,224
61570100,61571260,1160,135654
61571260,61572376,1116,101892
61572376,61573468,1092,94876
61573468,61574681,1213,86710
61574681,61575901,1220,28375
61575901,61577089,1188,39501
61577089,61577976,887,14672
61577976,61579114,1138,63841
61579114,61580380,1266,31629
61580380,61580714,334,131742
61580714,61582003,1289,177234
61582003,61583180,1177,274380
61583180,61584412,1232,220951
61584412,61585330,918,187464
61585330,61586547,1217,138033
61586547,61587719,1172,167597
61587719,61588085,366,171139
61588085,61589225,1140,10160
61589225,61589794,569,4662
61589794,61590744,950,164328
61590744,61591879,1135,123443
61591879,61593000,1121,16632
61593000,61594182,1182,125001
61594182,61595350,1168,296473
61595350,61595864,514,125943
61595864,61596565,701,6525
61596565,61597713,1148,132073
61597713,61598680,967,132530
61598680,61599866,1186,5416
61599866,61600920,1054,295756
61600920,61602103,1183,148312
61602103,61603051,948,30119
61603051,61603624,573,11612
61603624,61604816,1192,123172
61604816,61605981,1165,137589
61605981,61607234,1253,122828
61607234,61608036,802,106974
61608036,61609176,1140,284268
61609176,61610276,1100,5703
61610276,61611415,1139,141148
61611415,61612610,1195,231837
61612610,61613612,1002,143262
61613612,61614761,1149,47541
61614761,61615990,1229,6174
61615990,61617077,1087,101276
61617077,61617811,734,285135
61617811,61618750,939,304534
61618750,61619912,1162,18524
61619912,61621081,1169,296159
61621081,61622281,1200,124520
61622281,61622841,560,275212
61622841,61624086,1245,134830
61624086,61625137,1051,155973
61625137,61626403,1266,21493
61626403,61627632,1229,46268
61627632,61628325,693,258283
61628325,61629391,1066,81881
61629391,61630548,1157,153964
61630548,61631751,1203,58869
61631751,61632945,1194,4275
61632945,61633996,1051,7944
61633996,61635085,1089,119295
61635085,61636160,1075,90852
61636160,61637408,1248,157242
61637408,61638557,1149,37090
61638557,61639013,456,38660
61639013,61640207,1194,14897
61640207,61641244,1037,16632
61641244,61642285,1041,123507
61642285,61642575,290,10347
61642575,61643896,1321,91905
61643896,61645140,1244,143484
61645140,61646355,1215,121079
61646355,61647635,1280,163505
61647635,61648854,1219,171109
61648854,61649245,391,166423
61649245,61649769,524,139361
61649769,61651008,1239,232057
61651008,61652192,1184,10801
61652192,61653183,991,131030
61653183,61654278,1095,121543
61654278,61655401,1123,138866
61655401,61656630,1229,64713
61656630,61657855,1225,13269
61657855,61658711,856,130184
61658711,61659891,1180,28247
61659891,61660757,866,164101
61660757,61661932,1175,145700
61661932,61662791,859,252342
61662791,61663960,1169,130900
61663960,61665061,1101,88761
61665061,61666260,1199,5911
61666260,61666731,471,126955
61666731,61668019,1288,101265
61668019,61669314,1295,185466
61669314,61670652,1338,48579
61670652,61671870,1218,59234
61671870,61672695,825,75810
61672695,61673802,1107,14274
61673802,61674716,914,69411
61674716,61675978,1262,107247
61675978,61676835,857,163402
61676835,61677837,1002,88086
61677837,61679130,1293,294690
61679130,61680359,1229,4158
61680359,61681267,908,134991
61681267,61682326,1059,141791
61682326,61683494,1168,130504
61683494,61684011,517,120325
61684011,61685352,1341,58778
61685352,61686353,1001,124368
61686353,61687540,1187,124439
61687540,61688757,1217,123285
61688757,61690000,1243,72212
61690000,61691113,1113,76055
61691113,61692245,1132,87766
61692245,61693456,1211,64738
61693456,61694561,1105,87280
61694561,61695735,1174,89735
61695735,61697011,1276,187024
61697011,61698180,1169,276939
61698180,61699372,1192,120277
61699372,61700563,1191,122467
61700563,61701790,1227,122443
61701790,61702995,1205,56179
61702995,61704098,1103,144987
61704098,61705024,926,157242
61705024,61705981,957,7944
61705981,61706790,809,11612
61706790,61708094,1304,44585
61708094,61709058,964,121148
61709058,61710239,1181,132484
61710239,61711352,1113,233342
61711352,61712603,1251,65554
61712603,61713806,1203,70756
61713806,61714908,1102,216564
61714908,61716123,1215,149939
61716123,61716704,581,61316
61716704,61717914,1210,112011
61717914,61719087,1173,134674
61719087,61719652,565,271826
61719652,61720927,1275,71405
61720927,61722168,1241,11528
61722168,61723353,1185,118128
61723353,61724571,1218,140222
61724571,61725745,1174,172156
61725745,61726866,1121,91902
61726866,61727753,887,44937
61727753,61728354,601,130878
61728354,61729429,1075,97610
61729429,61730279,850,283138
61730279,61731344,1065,160964
61731344,61732553,1209,45217
61732553,61733762,1209,44582
61733762,61734949,1187,1150
61734949,61735126,177,172156
61735126,61735837,711,123602
61735837,61736867,1030,157054
61736867,61738143,1276,6175
61738143,61738853,710,284424
61738853,61739997,1144,132821
61739997,61741092,1095,128145
61741092,61742337,1245,58090
61742337,61743493,1156,40556
61743493,61744750,1257,141135
61744750,61745836,1086,132537
61745836,61747093,1257,183988
61747093,61748200,1107,2327
61748200,61748913,713,126965
61748913,61750009,1096,144135
61750009,61751192,1183,165387
61751192,61752265,1073,134463
61752265,61753507,1242,126832
61753507,61754086,579,41170
61754086,61755425,1339,58845
61755425,61756394,969,64290
61756394,61757446,1052,130870
61757446,61757817,371,69422
61757817,61758946,1129,133279
61758946,61760069,1123,101580
61760069,61761199,1130,138047
61761199,61762428,1229,142824
61762428,61763407,979,21493
61763407,61764562,1155,167024
61764562,61765785,1223,141148
61765785,61765919,134,142733
61765919,61767068,1149,29092
61767068,61768300,1232,46588
61768300,61769479,1179,156967
61769479,61770435,956,71402
61770435,61770975,540,153733
61770975,61772207,1232,67147
61772207,61773326,1119,252342
61773326,61773971,645,4145
61773971,61775182,1211,138290
61775182,61776274,1092,23311
61776274,61777471,1197,283462
61777471,61777826,355,104890
61777826,61778689,863,142311
61778689,61779873,1184,122614
61779873,61780761,888,126539
61780761,61781952,1191,58845
61781952,61783009,1057,156757
61783009,61783544,535,275212
61783544,61784343,799,132601
61784343,61785531,1188,292252
61785531,61786061,530,176278
61786061,61786508,447,184448
61786508,61787675,1167,133424
61787675,61788199,524,163380
61788199,61789396,1197,81881
61789396,61790507,1111,177627
61790507,61791556,1049,163402
61791556,61792747,1191,156153
61792747,61793792,1045,4733
61793792,61794859,1067,178450
61794859,61796112,1253,291101
61796112,61797283,1171,40556
61797283,61797959,676,163507
61797959,61799090,1131,278220
61799090,61800032,942,293987
61800032,61801291,1259,52195
61801291,61802386,1095,139358
61802386,61802597,211,133424
61802597,61803129,532,121106
61803129,61804036,907,91906
61804036,61805285,1249,283462
61805285,61806655,1370,62347
61806655,61807412,757,98880
61807412,61808537,1125,147967
61808537,61809647,1110,7944
61809647,61810840,1193,130727
61810840,61812098,1258,37090
61812098,61813401,1303,123135
61813401,61814387,986,105168
61814387,61815258,871,55927
61815258,61815948,690,126965
61815948,61816761,813,285314
61816761,61817346,585,155944
61817346,61818626,1280,132649
61818626,61819119,493,123192
61819119,61820435,1316,83606
61820435,61821647,1212,46890
61821647,61822765,1118,73729
61822765,61823957,1192,86741
61823957,61825169,1212,123049
61825169,61825404,235,82558
61825404,61826541,1137,276732
61826541,61827703,1162,106965
61827703,61828846,1143,156154
61828846,61829944,1098,169291
61829944,61830351,407,84448
61830351,61831481,1130,135635
61831481,61831852,371,134660
61831852,61832433,581,104394
61832433,61833015,582,140651
61833015,61834258,1243,143946
61834258,61834568,310,290361
61834568,61835675,1107,56222
61835675,61836931,1256,131218
61836931,61838080,1149,13364
61838080,61838793,713,70843
61838793,61839956,1163,54016
61839956,61840444,488,106366
61840444,61841036,592,110243
61841036,61841825,789,25766
61841825,61843090,1265,254918
61843090,61844146,1056,39476
61844146,61845196,1050,126408
61845196,61846002,806,157066
61846002,61847165,1163,138617
61847165,61848348,1183,72311
61848348,61849591,1243,276735
61849591,61850868,1277,80534
61850868,61851973,1105,127215
61851973,61853135,1162,54613
61853135,61854240,1105,168638
61854240,61855319,1079,185466
61855319,61856341,1022,123133
61856341,61857420,1079,121799
61857420,61858633,1213,170950
61858633,61859254,621,131113
61859254,61859873,619,142311
61859873,61861044,1171,233366
61861044,61862223,1179,88363
61862223,61863432,1209,134728
61863432,61864709,1277,9915
61864709,61865944,1235,118112
61865944,61866993,1049,175448
61866993,61868201,1208,2301
61868201,61869466,1265,76973
61869466,61870639,1173,141644
61870639,61871827,1188,53458
61871827,61873070,1243,107517
61873070,61874050,980,110520
61874050,61875273,1223,126945
61875273,61876259,986,285173
61876259,61877306,1047,143022
61877306,61877699,393,304541
61877699,61878586,887,4690
61878586,61878820,234,155521
61878820,61880013,1193,6524
61880013,61881290,1277,17615
61881290,61881970,680,31603
61881970,61882728,758,146111
61882728,61883955,1227,2327
61883955,61884128,173,71402
61884128,61885204,1076,129443
61885204,61886383,1179,46267
61886383,61887596,1213,185074
61887596,61888581,985,246893
61888581,61889664,1083,124002
61889664,61890589,925,139308
61890589,61891690,1101,143022
61891690,61892599,909,157236
61892599,61893600,1001,91098
61893600,61894585,985,86040
61894585,61895877,1292,130974
61895877,61896577,700,3586
61896577,61897795,1218,143893
61897795,61899108,1313,132272
61899108,61900337,1229,31603
61900337,61900589,252,14677
61900589,61901748,1159,11546
61901748,61902964,1216,169291
61902964,61904137,1173,161707
61904137,61905305,1168,105171
61905305,61906406,1101,292604
61906406,61906909,503,105168
61906909,61907753,844,66347
61907753,61908816,1063,139710
61908816,61910098,1282,287657
61910098,61911255,1157,64974
61911255,61912380,1125,70756
61912380,61913219,839,29091
61913219,61914513,1294,123013
61914513,61914982,469,130125
61914982,61916215,1233,157636
61916215,61917230,1015,131751
61917230,61918440,1210,126408
61918440,61919561,1121,101799
61919561,61920687,1126,78885
61920687,61921811,1124,136458
61921811,61922952,1141,168500
61922952,61923120,168,149798
61923120,61923345,225,136861
61923345,61924333,988,39761
61924333,61925113,780,14976
61925113,61926349,1236,39476
61926349,61927441,1092,182389
61927441,61927961,520,11734
61927961,61928995,1034,98644
61928995,61929240,245,86732
61929240,61930485,1245,105168
61930485,61931325,840,133212
61931325,61932552,1227,4445
61932552,61933191,639,122627
61933191,61933413,222,85685
61933413,61934592,1179,230928
61934592,61935749,1157,163607
61935749,61936644,895,28868
61936644,61937883,1239,61742
61937883,61939092,1209,125123
61939092,61940356,1264,282357
61940356,61941650,1294,32451
61941650,61942748,1098,85640
61942748,61944047,1299,126410
61944047,61945081,1034,127215
61945081,61946219,1138,115046
61946219,61947262,1043,73712
61947262,61948294,1032,126965
61948294,61949345,1051,129808
61949345,61950544,1199,147110
61950544,61951737,1193,142745
61951737,61952693,956,29101
61952693,61953939,1246,127703
61953939,61954462,523,135635
61954462,61955782,1320,134789
61955782,61956229,447,18006
61956229,61957251,1022,19376
61957251,61958256,1005,290923
61958256,61959030,774,160187
61959030,61960298,1268,92806
61960298,61961567,1269,141208
61961567,61962744,1177,126945
61962744,61964013,1269,187464
61964013,61964989,976,104979
61964989,61966008,1019,184447
61966008,61967147,1139,126826
61967147,61968342,1195,129659
61968342,61969434,1092,139009
61969434,61970595,1161,110520
61970595,61971897,1302,395
61971897,61973129,1232,15307
61973129,61974369,1240,53638
61974369,61975509,1140,9010
61975509,61976587,1078,87508
61976587,61977720,1133,123013
61977720,61979000,1280,124439
61979000,61980219,1219,176698
61980219,61981372,1153,187023
61981372,61981855,483,130229
61981855,61982145,290,72311
61982145,61983374,1229,170212
61983374,61984373,999,135220
61984373,61985645,1272,69607
61985645,61986810,1165,10347
61986810,61987522,712,160187
61987522,61988617,1095,123215
61988617,61989456,839,220980
61989456,61990485,1029,135216
61990485,61991583,1098,245687
61991583,61992603,1020,284424
61992603,61993758,1155,31097
61993758,61995051,1293,139009
61995051,61995867,816,287139
61995867,61997088,1221,126829
61997088,61998180,1092,73075
61998180,61999357,1177,142733
61999357,62000499,1142,282934
62000499,62001511,1012,84349
62001511,62001898,387,291609
62001898,62002214,316,14936
62002214,62002509,295,73295
62002509,62003801,1292,131732
62003801,62004960,1159,64974
62004960,62006236,1276,121148
62006236,62007513,1277,304535
62007513,62008765,1252,150915
62008765,62010062,1297,134149
62010062,62010892,830,134660
62010892,62012150,1258,93276
62012150,62013373,1223,10801
62013373,62014470,1097,28384
62014470,62015285,815,41610
62015285,62016452,1167,5764
62016452,62017605,1153,140071
62017605,62018716,1111,105167
62018716,62019799,1083,121907
62019799,62020613,814,132882
62020613,62021788,1175,121148
62021788,62023052,1264,166433
62023052,62024176,1124,290363
62024176,62024916,740,14526
62024916,62026115,1199,160952
62026115,62027226,1111,87280
62027226,62028080,854,141209
62028080,62029240,1160,138032
62029240,62030426,1186,73024
62030426,62031473,1047,148550
62031473,62032502,1029,54666
62032502,62033409,907,147110
62033409,62033748,339,140651
62033748,62034911,1163,64708
62034911,62035082,171,11077
62035082,62036381,1299,135824
62036381,62037484,1103,138043
62037484,62037791,307,75360
62037791,62038924,1133,104637
62038924,62039787,863,122443
62039787,62040790,1003,282926
62040790,62042010,1220,54016
62042010,62043207,1197,90850
62043207,62044387,1180,41151
62044387,62045188,801,291101
62045188,62046479,1291,128660
62046479,62046817,338,300047
62046817,62047484,667,9915
62047484,62048649,1165,139200
62048649,62049755,1106,293987
62049755,62050940,1185,152842
62050940,62052049,1109,161217
62052049,62053163,1114,14274
62053163,62054464,1301,64974
62054464,62055581,1117,108005
62055581,62056537,956,6171
62056537,62057215,678,134636
62057215,62058173,958,40556
62058173,62059079,906,164101
62059079,62060015,936,31609
62060015,62061204,1189,68344
62061204,62062257,1053,296465
62062257,62062788,531,26895
62062788,62064028,1240,174511
62064028,62065239,1211,11244
62065239,62066545,1306,135894
62066545,62067821,1276,5330
62067821,62068902,1081,105398
62068902,62069949,1047,7943
62069949,62070706,757,129388
62070706,62071539,833,129388
62071539,62072484,945,145703
62072484,62073612,1128,62851
62073612,62074578,966,144496
62074578,62075652,1074,164101
62075652,62076458,806,94526
62076458,62077567,1109,128309
62077567,62078689,1122,275212
62078689,62078997,308,232691
62078997,62079832,835,134786
62079832,62080277,445,170452
62080277,62081435,1158,139710
62081435,62082287,852,134825
62082287,62083187,900,41610
62083187,62084372,1185,262269
62084372,62085177,805,44937
62085177,62086156,979,15305
62086156,62087255,1099,121541
62087255,62087733,478,7239
62087733,62088749,1016,104979
62088749,62089902,1153,11546
62089902,62091167,1265,157057
62091167,62091968,801,170212
62091968,62092998,1030,130870
62092998,62094217,1219,65820
62094217,62095244,1027,284435
62095244,62096086,842,112187
62096086,62097358,1272,51163
62097358,62098656,1298,134728
62098656,62099877,1221,152825
62099877,62101063,1186,130530
62101063,62101423,360,7239
62101423,62102252,829,104978
62102252,62102855,603,121799
62102855,62104120,1265,39648
62104120,62105314,1194,43306
62105314,62106395,1081,22178
62106395,62107570,1175,127597
62107570,62108840,1270,36633
62108840,62110004,1164,142752
62110004,62111276,1272,117899
62111276,62112351,1075,19373
62112351,62113587,1236,70998
62113587,62113760,173,126600
62113760,62114093,333,131887
62114093,62115278,1185,139325
62115278,62116515,1237,130529
62116515,62117621,1106,145742
62117621,62118473,852,83696
62118473,62119028,555,48361
62119028,62119927,899,132891
62119927,62120788,861,140041
62120788,62121145,357,129752
62121145,62121641,496,61323
62121641,62122728,1087,105383
62122728,62123815,1087,668
62123815,62125043,1228,36956
62125043,62125627,584,126945
62125627,62126917,1290,398
62126917,62128224,1307,283242
62128224,62128431,207,216563
62128431,62129430,999,99122
62129430,62130565,1135,141240
62130565,62131550,985,141613
62131550,62132813,1263,130625
62132813,62133684,871,171171
62133684,62134320,636,282934
62134320,62135571,1251,125140
62135571,62136815,1244,74798
62136815,62137355,540,101258
62137355,62138368,1013,56777
62138368,62138714,346,19214
62138714,62139939,1225,109185
62139939,62141308,1369,156981
62141308,62142502,1194,10674
62142502,62143675,1173,102250
62143675,62144904,1229,283462
62144904,62145972,1068,151776
62145972,62146940,968,67857
62146940,62148174,1234,6525
62148174,62149341,1167,141270
62149341,62149776,435,129994
62149776,62149985,209,32137
62149985,62151103,1118,70843
62151103,62152339,1236,23295
62152339,62153470,1131,124003
62153470,62154766,1296,142858
62154766,62155995,1229,92814
62155995,62157078,1083,140718
62157078,62158104,1026,130870
62158104,62159339,1235,53320
62159339,62160431,1092,365
62160431,62161626,1195,143893
62161626,62162843,1217,183988
62162843,62164142,1299,134170
62164142,62164568,426,115047
62164568,62164910,342,756
62164910,62165517,607,105405
62165517,62166572,1055,157242
62166572,62166824,252,133211
62166824,62167945,1121,176263
62167945,62168927,982,127537
62168927,62169934,1007,61356
62169934,62170928,994,12715
62170928,62172148,1220,92934
62172148,62173136,988,279775
62173136,62173418,282,56574
62173418,62173644,226,153728
62173644,62174903,1259,83606
62174903,62175963,1060,174960
62175963,62176940,977,152224
62176940,62177334,394,133424
62177334,62178315,981,87791
62178315,62179608,1293,121722
62179608,62180732,1124,161707
62180732,62181970,1238,57154
62181970,62182401,431,121085
62182401,62183400,999,136271
62183400,62184502,1102,140072
62184502,62185631,1129,121024
62185631,62186886,1255,122443
62186886,62187220,334,124002
62187220,62188374,1154,11535
62188374,62188976,602,258974
62188976,62189985,1009,30591
62189985,62191212,1227,131203
62191212,62192367,1155,13056
62192367,62193296,929,72876
62193296,62194527,1231,39840
62194527,62195507,980,122451
62195507,62196260,753,8684
62196260,62197528,1268,64738
62197528,62198785,1257,1188
62198785,62199998,1213,71550
62199998,62200957,959,365
62200957,62201840,883,142362
62201840,62202547,707,57836
62202547,62203280,733,129443
62203280,62204404,1124,96175
62204404,62205475,1071,106800
62205475,62206026,551,284424
62206026,62207217,1191,134717
62207217,62208313,1096,14958
62208313,62209395,1082,80189
62209395,62209592,197,126312
62209592,62210854,1262,123172
62210854,62212014,1160,111574
62212014,62213172,1158,142320
62213172,62214227,1055,13185
62214227,62215459,1232,284268
62215459,62216671,1212,74477
62216671,62217802,1131,254948
62217802,62218926,1124,139710
62218926,62219938,1012,135635
62219938,62220741,803,170956
62220741,62221922,1181,122827
62221922,62223021,1099,105574
62223021,62224156,1135,245708
62224156,62225165,1009,126208
62225165,62225445,280,233366
62225445,62226502,1057,295761
62226502,62227461,959,134121
62227461,62228526,1065,11528
62228526,62229810,1284,11612
62229810,62231053,1243,124990
62231053,62232177,1124,48361
62232177,62233204,1027,32639
62233204,62234427,1223,32904
62234427,62235575,1148,25766
62235575,62235957,382,5330
62235957,62236667,710,54666
62236667,62237737,1070,23281
62237737,62238933,1196,131890
62238933,62239411,478,63095
62239411,62240607,1196,63839
62240607,62241658,1051,130566
62241658,62242869,1211,102239
62242869,62244055,1186,72200
62244055,62245146,1091,44912
62245146,62245338,192,19366
62245338,62246626,1288,296159
62246626,62247491,865,294554
62247491,62248702,1211,135892
62248702,62249787,1085,9174
62249787,62250383,596,46240
62250383,62251128,745,160593
62251128,62252405,1277,84448
62252405,62253568,1163,84122
62253568,62254441,873,6397
62254441,62255602,1161,138033
62255602,62256630,1028,16020
62256630,62257602,972,156019
62257602,62258812,1210,4654
62258812,62259761,949,129805
62259761,62260231,470,95870
62260231,62261358,1127,130900
62261358,62262367,1009,157243
62262367,62262732,365,132717
62262732,62263731,999,158081
62263731,62265060,1329,39477
62265060,62266304,1244,134434
62266304,62267489,1185,104979
62267489,62268318,829,157636
62268318,62269451,1133,132850
62269451,62270408,957,122806
62270408,62271665,1257,32451
62271665,62272675,1010,129583
62272675,62273836,1161,106611
62273836,62274282,446,173591
62274282,62275551,1269,291458
62275551,62276508,957,291172
62276508,62276869,361,126313
62276869,62278104,1235,156015
62278104,62278565,461,107479
62278565,62279705,1140,293957
62279705,62280935,1230,48830
62280935,62281260,325,132069
62281260,62281779,519,1129
62281779,62282810,1031,92202
62282810,62282987,177,70843
62282987,62283331,344,120280
62283331,62284460,1129,108005
62284460,62285660,1200,262269
62285660,62286651,991,122810
62286651,62287185,534,55856
62287185,62288013,828,130993
62288013,62289130,1117,136054
62289130,62290327,1197,168199
62290327,62291510,1183,123135
62291510,62292343,833,9915
62292343,62293401,1058,9210
62293401,62294574,1173,4158
62294574,62295571,997,19132
62295571,62296593,1022,132532
62296593,62297838,1245,142733
62297838,62298897,1059,166420
62298897,62299289,392,77782
62299289,62300544,1255,12471
62300544,62300755,211,14677
62300755,62301856,1101,104978
62301856,62303067,1211,31097
62303067,62304218,1151,58193
62304218,62305209,991,11528
62305209,62305710,501,143321
62305710,62306923,1213,155521
62306923,62307678,755,254948
62307678,62308658,980,32886
62308658,62309935,1277,126739
62309935,62311081,1146,137597
62311081,62312316,1235,145701
62312316,62313465,1149,152826
62313465,62314763,1298,170453
62314763,62316021,1258,19361
62316021,62317269,1248,164328
62317269,62318290,1021,164188
62318290,62319445,1155,110522
62319445,62320195,750,156973
62320195,62321429,1234,56175
62321429,62322745,1316,110742
62322745,62322949,204,286306
62322949,62324148,1199,41166
62324148,62325240,1092,142727
62325240,62326476,1236,127685
62326476,62327623,1147,155968
62327623,62328810,1187,101278
62328810,62330065,1255,48525
62330065,62331234,1169,165701
62331234,62331875,641,93470
62331875,62332505,630,127703
62332505,62333069,564,245691
62333069,62334016,947,122451
62334016,62335249,1233,139681
62335249,62336168,919,142858
62336168,62337393,1225,44575
62337393,62338637,1244,147962
62338637,62339810,1173,99157
62339810,62340981,1171,121899
62340981,62341258,277,61776
62341258,62342466,1208,127522
62342466,62343363,897,77361
62343363,62344096,733,134717
62344096,62344420,324,138032
62344420,62345295,875,142279
62345295,62346236,941,121148
62346236,62347495,1259,112761
62347495,62348666,1171,91072
62348666,62349843,1177,127597
62349843,62350534,691,149939
62350534,62351559,1025,293963
62351559,62352529,970,138033
62352529,62353693,1164,128136
62353693,62354332,639,258970
62354332,62355507,1175,139009
62355507,62355925,418,14677
62355925,62357213,1288,110243
62357213,62358077,864,157857
62358077,62359192,1115,147159
62359192,62360434,1242,41610
62360434,62361618,1184,61323
62361618,62362371,753,121080
62362371,62363611,1240,137608
62363611,62364115,504,7622
62364115,62365372,1257,127704
62365372,62366614,1242,39501
62366614,62366933,319,60800
62366933,62367894,961,7741
62367894,62368882,988,258986
62368882,62370191,1309,13248
62370191,62371169,978,135580
62371169,62371771,602,291107
62371771,62372544,773,171133
62372544,62373691,1147,149033
62373691,62374882,1191,133273
62374882,62376029,1147,100145
62376029,62377176,1147,39970
62377176,62377515,339,105394
62377515,62378690,1175,62851
62378690,62379517,827,291608
62379517,62380210,693,141235
62380210,62381457,1247,234106
62381457,62382584,1127,53638
62382584,62383853,1269,75791
62383853,62384526,673,9174
62384526,62385741,1215,41172
62385741,62386922,1181,152831
62386922,62388130,1208,26982
62388130,62389290,1160,18005
62389290,62390449,1159,152224
62390449,62391687,1238,121727
62391687,62392528,841,168500
62392528,62393750,1222,282934
62393750,62394330,580,123283
62394330,62395439,1109,115046
62395439,62395714,275,157242
62395714,62397069,1355,73958
62397069,62398039,970,171133
62398039,62398704,665,133393
62398704,62399613,909,246948
62399613,62400776,1163,134451
62400776,62401001,225,10347
62401001,62401599,598,290901
62401599,62402710,1111,133393
62402710,62403137,427,40556
62403137,62404334,1197,283228
62404334,62405471,1137,61741
62405471,62406546,1075,724
62406546,62407625,1079,26853
62407625,62408011,386,46240
62408011,62409178,1167,174132
62409178,62410420,1242,103481
62410420,62411481,1061,169291
62411481,62411820,339,128678
62411820,62412689,869,137483
62412689,62413793,1104,120330
62413793,62414304,511,126336
62414304,62415007,703,136271
62415007,62415262,255,153733
62415262,62416524,1262,37092
62416524,62417494,970,149791
62417494,62418682,1188,140725
62418682,62419796,1114,166433
62419796,62420651,855,280380
62420651,62421827,1176,117866
62421827,62422848,1021,3586
62422848,62423949,1101,6398
62423949,62425054,1105,134789
62425054,62426069,1015,132705
62426069,62426618,549,69607
62426618,62427823,1205,133471
62427823,62428866,1043,135229
62428866,62429902,1036,295759
62429902,62430965,1063,39660
62430965,62431935,970,29108
62431935,62432761,826,56175
62432761,62433939,1178,4447
62433939,62435060,1121,105383
62435060,62436061,1001,143893
62436061,62437060,999,19132
62437060,62438317,1257,70837
62438317,62439580,1263,34479
62439580,62440066,486,130127
62440066,62441176,1110,144019
62441176,62441985,809,123443
62441985,62442987,1002,11243
62442987,62444135,1148,124587
62444135,62445352,1217,123715
62445352,62446539,1187,148993
62446539,62447674,1135,7793
62447674,62448933,1259,109173
62448933,62450167,1234,41911
62450167,62451258,1091,163726
62451258,62451751,493,18524
62451751,62452927,1176,258960
62452927,62454016,1089,134592
62454016,62455218,1202,291374
62455218,62456065,847,185457
62456065,62457211,1146,6541
62457211,62458402,1191,134708
62458402,62459255,853,123167
62459255,62460338,1083,2536
62460338,62461575,1237,159371
62461575,62462501,926,105394
62462501,62463402,901,9919
62463402,62464240,838,149939
62464240,62465441,1201,127525
62465441,62466177,736,124368
62466177,62467448,1271,59288
62467448,62468571,1123,115686
62468571,62469659,1088,6506
62469659,62470194,535,304541
62470194,62470857,663,46240
62470857,62471596,739,170982
62471596,62472803,1207,89735
62472803,62473642,839,276749
62473642,62474899,1257,126233
62474899,62476108,1209,7574
62476108,62477326,1218,14358
62477326,62478281,955,41151
62478281,62479496,1215,11546
62479496,62480691,1195,6176
62480691,62481840,1149,290363
62481840,62483012,1172,19376
62483012,62483817,805,44586
62483817,62485098,1281,104491
62485098,62486191,1093,62516
62486191,62486718,527,30101
62486718,62487770,1052,133471
62487770,62488601,831,230928
62488601,62489725,1124,282926
62489725,62490859,1134,131113
62490859,62491921,1062,133834
62491921,62493183,1262,68762
62493183,62494385,1202,7894
62494385,62495468,1083,182402
62495468,62496651,1183,283228
62496651,62498010,1359,1562
62498010,62499105,1095,291384
62499105,62500396,1291,77173
62500396,62501639,1243,37134
62501639,62502891,1252,136983
62502891,62504112,1221,132710
62504112,62505111,999,112592
62505111,62506390,1279,12895
62506390,62507476,1086,25563
62507476,62508768,1292,92002
62508768,62510047,1279,28380
62510047,62510327,280,82020
62510327,62511104,777,100145
62511104,62512185,1081,366
62512185,62512895,710,96672
62512895,62513676,781,137597
62513676,62514731,1055,233342
62514731,62515882,1151,147970
62515882,62517185,1303,73957
62517185,62518444,1259,181420
62518444,62518621,177,19373
62518621,62518850,229,13185
62518850,62519227,377,164187
62519227,62520106,879,125945
62520106,62521329,1223,36633
62521329,62522483,1154,19376
62522483,62523338,855,86026
62523338,62524172,834,41170
62524172,62525367,1195,139358
62525367,62526483,1116,70843
62526483,62527747,1264,148529
62527747,62528896,1149,130103
62528896,62530058,1162,129066
62530058,62530331,273,5909
62530331,62530926,595,139324
62530926,62532107,1181,143895
62532107,62532622,515,39515
62532622,62533192,570,129396
62533192,62534537,1345,7591
62534537,62535681,1144,76574
62535681,62536310,629,155949
62536310,62537591,1281,114469
62537591,62537847,256,117382
62537847,62538932,1085,19132
62538932,62540123,1191,176263
62540123,62540859,736,132718
62540859,62541984,1125,55856
62541984,62543075,1091,21493
62543075,62544250,1175,69422
62544250,62545509,1259,162375
62545509,62546622,1113,126539
62546622,62547886,1264,129317
62547886,62548855,969,54659
62548855,62549237,382,58868
62549237,62550515,1278,132848
62550515,62551678,1163,161707
62551678,62552558,880,5097
62552558,62553809,1251,154736
62553809,62555037,1228,124994
62555037,62556144,1107,144503
62556144,62557001,857,122827
62557001,62558206,1205,39910
62558206,62559431,1225,175448
62559431,62560486,1055,56574
62560486,62561574,1088,139307
62561574,62562109,535,96175
62562109,62563302,1193,6398
62563302,62564470,1168,172165
62564470,62564890,420,48525
62564890,62566044,1154,139743
62566044,62567269,1225,176698
62567269,62568012,743,130627
62568012,62568632,620,139308
62568632,62569811,1179,92002
62569811,62570058,247,162667
62570058,62571245,1187,107486
62571245,62572142,897,125882
62572142,62572917,775,279229
62572917,62573946,1029,143307
62573946,62574528,582,36641
62574528,62575289,761,276735
62575289,62576388,1099,84448
62576388,62577503,1115,125084
62577503,62578601,1098,9210
62578601,62579880,1279,56179
62579880,62580943,1063,133630
62580943,62581377,434,123172
62581377,62582534,1157,5710
62582534,62583162,628,130505
62583162,62584482,1320,282926
62584482,62585714,1232,126829
62585714,62586992,1278,182389
62586992,62588239,1247,231862
62588239,62589234,995,48362
62589234,62590504,1270,18004
62590504,62591643,1139,121899
62591643,62592881,1238,115686
62592881,62594206,1325,39648
62594206,62595495,1289,143895
62595495,62595897,402,14897
62595897,62596604,707,129064
62596604,62597881,1277,153964
62597881,62599616,1735,64292
62599616,62600627,1011,108638
62600627,62601699,1072,290349
62601699,62602986,1287,30101
62602986,62604223,1237,129324
62604223,62605016,793,145742
62605016,62605746,730,164187
62605746,62606795,1049,109179
62606795,62607550,755,232057
62607550,62608680,1130,137589
62608680,62609544,864,293959
62609544,62609973,429,112187
62609973,62611187,1214,64292
62611187,62611628,441,41610
62611628,62612648,1020,157480
62612648,62613819,1171,132710
62613819,62614892,1073,134451
62614892,62616087,1195,138074
62616087,62617330,1243,94523
62617330,62618026,696,294523
62618026,62618265,239,154284
62618265,62619583,1318,244431
62619583,62620755,1172,58090
62620755,62622000,1245,126739
62622000,62623059,1059,91192
62623059,62623550,491,13247
62623550,62623837,287,150915
62623837,62625120,1283,109174
62625120,62625701,581,96672
62625701,62626484,783,130226
62626484,62627559,1075,133424
62627559,62628834,1275,73296
62628834,62629428,594,75810
62629428,62630668,1240,129325
62630668,62631548,880,8592
62631548,62632725,1177,122467
62632725,62633979,1254,142363
62633979,62634579,600,129790
62634579,62635801,1222,6525
62635801,62636069,268,167024
62636069,62636507,438,102381
62636507,62637663,1156,122614
62637663,62638820,1157,73846
62638820,62639196,376,30593
62639196,62640411,1215,129805
62640411,62641549,1138,135894
62641549,62642820,1271,139681
62642820,62643365,545,48579
62643365,62644604,1239,61743
62644604,62645911,1307,133273
62645911,62646938,1027,64956
62646938,62648082,1144,128345
62648082,62649321,1239,71404
62649321,62650478,1157,107486
62650478,62651515,1037,135220
62651515,62651916,401,232690
62651916,62652928,1012,39660
62652928,62654048,1120,70919
62654048,62655181,1133,233382
62655181,62656392,1211,39970
62656392,62657448,1056,2503
62657448,62657930,482,168199
62657930,62658968,1038,12545
62658968,62660100,1132,154282
62660100,62661153,1053,141791
62661153,62661684,531,6506
62661684,62662878,1194,27593
62662878,62663996,1118,134981
62663996,62664805,809,169291
62664805,62666052,1247,68353
62666052,62666421,369,121331
62666421,62667542,1121,108066
62667542,62668786,1244,121392
62668786,62669770,984,142824
62669770,62670894,1124,9010
62670894,62671395,501,294554
62671395,62672606,1211,106611
62672606,62673885,1279,118119
62673885,62675080,1195,101265
62675080,62676329,1249,30593
62676329,62677371,1042,160953
62677371,62677950,579,231837
62677950,62678995,1045,144987
62678995,62680244,1249,9210
62680244,62681465,1221,157636
62681465,62682588,1123,123271
62682588,62683519,931,1562
62683519,62684186,667,107486
62684186,62685012,826,8675
62685012,62686154,1142,293168
62686154,62687418,1264,89735
62687418,62688648,1230,39910
62688648,62689814,1166,154284
62689814,62690782,968,127685
62690782,62691951,1169,112061
62691951,62692964,1013,88761
62692964,62693401,437,285135
62693401,62694504,1103,34501
62694504,62695609,1105,165428
62695609,62696876,1267,136483
62696876,62697969,1093,61422
62697969,62698378,409,109173
62698378,62698798,420,142279
62698798,62699616,818,102381
62699616,62699874,258,18006
62699874,62700941,1067,254948
62700941,62702165,1224,125883
62702165,62703360,1195,77173
62703360,62704601,1241,14358
62704601,62705863,1262,60489
62705863,62706612,749,254948
62706612,62707531,919,158744
62707531,62708594,1063,258986
62708594,62709805,1211,279233
62709805,62710328,523,11244
62710328,62711514,1186,113272
62711514,62712707,1193,135892
62712707,62713889,1182,287359
62713889,62715032,1143,302000
62715032,62716227,1195,216563
62716227,62716978,751,143625
62716978,62718059,1081,116804
62718059,62719246,1187,862
62719246,62719611,365,89735
62719611,62720810,1199,184264
62720810,62722004,1194,295197
62722004,62723072,1068,129581
62723072,62723319,247,139009
62723319,62723861,542,137106
62723861,62724853,992,232690
62724853,62725571,718,95959
62725571,62726694,1123,52088
62726694,62727723,1029,100044
62727723,62728319,596,254949
62728319,62729582,1263,126842
62729582,62730865,1283,395
62730865,62732012,1147,19361
62732012,62733073,1061,4158
62733073,62733752,679,43296
62733752,62734802,1050,12971
62734802,62735898,1096,135249
62735898,62737062,1164,165428
62737062,62738205,1143,230928
62738205,62739458,1253,40556
62739458,62740642,1184,161102
62740642,62740821,179,11079
62740821,62742050,1229,122944
62742050,62743329,1279,12471
62743329,62744486,1157,8140
62744486,62744936,450,129514
62744936,62745511,575,129393
62745511,62746159,648,19209
62746159,62747370,1211,139009
62747370,62748076,706,270778
62748076,62748472,396,87547
62748472,62749532,1060,134816
62749532,62750067,535,130127
62750067,62751368,1301,41259
62751368,62752543,1175,126408
62752543,62753562,1019,110742
62753562,62754418,856,121085
62754418,62755633,1215,136458
62755633,62756851,1218,67584
62756851,62758011,1160,128136
62758011,62759248,1237,139290
62759248,62760124,876,144987
62760124,62761157,1033,13056
62761157,62762326,1169,50776
62762326,62763667,1341,158816
62763667,62764935,1268,138074
62764935,62765543,608,279153
62765543,62766076,533,168198
62766076,62767080,1004,11049
62767080,62768315,1235,216564
62768315,62769587,1272,129393
62769587,62770863,1276,121541
62770863,62771912,1049,128226
62771912,62772131,219,104398
62772131,62773346,1215,362
62773346,62774373,1027,134707
62774373,62774980,607,130625
62774980,62776329,1349,259009
62776329,62777268,939,132782
62777268,62778489,1221,28465
62778489,62779592,1103,136280
62779592,62780695,1103,100045
62780695,62781243,548,132484
62781243,62782228,985,68344
62782228,62783400,1172,147173
62783400,62783611,211,92805
62783611,62784814,1203,39661
62784814,62785167,353,291101
62785167,62786475,1308,254918
62786475,62787644,1169,121902
62787644,62788215,571,128660
62788215,62789036,821,142320
62789036,62789465,429,122806
62789465,62790670,1205,395
62790670,62791056,386,44577
62791056,62792157,1101,295710
62792157,62793217,1060,45204
62793217,62794366,1149,142279
62794366,62795581,1215,224
62795581,62796684,1103,126945
62796684,62797705,1021,104890
62797705,62798832,1127,141721
62798832,62799914,1082,94523
62799914,62800921,1007,143484
62800921,62802086,1165,163726
62802086,62802349,263,216563
62802349,62803158,809,231837
62803158,62804340,1182,155968
62804340,62805388,1048,142733
62805388,62806654,1266,136846
62806654,62807808,1154,64300
62807808,62808848,1040,294697
62808848,62809967,1119,19366
62809967,62811028,1061,290363
62811028,62812043,1015,144986
62812043,62812976,933,12539
62812976,62814173,1197,700
62814173,62814468,295,126408
62814468,62814725,257,143625
62814725,62815970,1245,861
62815970,62816976,1006,187006
62816976,62818194,1218,123033
62818194,62819319,1125,158781
62819319,62820364,1045,143893
62820364,62820989,625,18005
62820989,62822256,1267,26496
62822256,62823284,1028,66622
62823284,62824349,1065,262291
62824349,62825571,1222,164101
62825571,62826362,791,101258
62826362,62827601,1239,276749
62827601,62828875,1274,129594
62828875,62830049,1174,110131
62830049,62831240,1191,84448
62831240,62832239,999,121543
62832239,62833530,1291,139681
62833530,62834593,1063,129974
62834593,62835819,1226,54487
62835819,62836112,293,291379
62836112,62836805,693,138042
62836805,62837859,1054,14013
62837859,62839034,1175,74797
62839034,62839705,671,80665
62839705,62840582,877,164187
62840582,62841200,618,48032
62841200,62842519,1319,85684
62842519,62843682,1163,12118
62843682,62844783,1101,130993
62844783,62845959,1176,73957
62845959,62846947,988,170440
62846947,62847756,809,144987
62847756,62849043,1287,43296
62849043,62849804,761,232691
62849804,62849979,175,284424
62849979,62851013,1034,138045
62851013,62852217,1204,101258
62852217,62853394,1177,187018
62853394,62853768,374,141791
62853768,62855029,1261,166423
62855029,62855828,799,136458
62855828,62856914,1086,112761
62856914,62857885,971,130225
62857885,62858092,207,84122
62858092,62859264,1172,28868
62859264,62860311,1047,46240
62860311,62861630,1319,176278
62861630,62862723,1093,140725
62862723,62863935,1212,127936
62863935,62864582,647,294523
62864582,62865755,1173,291374
62865755,62866926,1171,157263
62866926,62867421,495,18006
62867421,62868415,994,91098
62868415,62869548,1133,121127
62869548,62870069,521,39501
62870069,62871179,1110,283228
62871179,62872278,1099,124368
62872278,62873281,1003,295197
62873281,62874563,1282,129011
62874563,62875732,1169,59175
62875732,62876460,728,128036
62876460,62877235,775,124002
62877235,62877545,310,131899
62877545,62878811,1266,32139
62878811,62879519,708,10172
62879519,62880753,1234,170440
62880753,62881591,838,220951
62881591,62882856,1265,14358
62882856,62883969,1113,9342
62883969,62884623,654,130101
62884623,62885388,765,171133
62885388,62886298,910,109176
62886298,62886956,658,137483
62886956,62888278,1322,137004
62888278,62889550,1272,208
62889550,62890140,590,135894
62890140,62890607,467,129388
62890607,62891850,1243,131030
62891850,62893043,1193,147962
62893043,62894203,1160,861
62894203,62895380,1177,131732
62895380,62896559,1179,156159
62896559,62897747,1188,121729
62897747,62899022,1275,182389
62899022,62899911,889,32904
62899911,62901040,1129,75242
62901040,62901173,133,129396
62901173,62902359,1186,57154
62902359,62903578,1219,302000
62903578,62904708,1130,150674
62904708,62905663,955,139356
62905663,62906658,995,39475
62906658,62907874,1216,147989
62907874,62908926,1052,294523
62908926,62909903,977,134991
62909903,62911173,1270,294697
62911173,62912500,1327,1562
62912500,62913375,875,130184
62913375,62914245,870,58869
62914245,62914490,245,168062
62914490,62915657,1167,100145
62915657,62916682,1025,136280
62916682,62917209,527,121079
62917209,62918388,1179,282926
62918388,62919529,1141,154838
62919529,62920202,673,131030
62920202,62921290,1088,39501
62921290,62922251,961,271811
62922251,62923226,975,81859
62923226,62924341,1115,27593
62924341,62925059,718,110705
62925059,62926011,952,58025
62926011,62927222,1211,14013
62927222,62928199,977,130105
62928199,62928980,781,146111
62928980,62930068,1088,57179
62930068,62931265,1197,169293
62931265,62932509,1244,75362
62932509,62932930,421,170453
62932930,62934086,1156,56777
62934086,62935298,1212,141268
62935298,62936529,1231,64738
62936529,62937673,1144,5083
62937673,62938511,838,126408
62938511,62939726,1215,88089
62939726,62940936,1210,126947
62940936,62941907,971,162253
62941907,62942919,1012,101276
62942919,62943210,291,220952
62943210,62944409,1199,157400
62944409,62945448,1039,155949
62945448,62946042,594,147627
62946042,62946957,915,155944
62946957,62948089,1132,91098
62948089,62949223,1134,129317
62949223,62949420,197,140725
62949420,62950662,1242,121541
62950662,62951203,541,128670
62951203,62951756,553,27593
62951756,62952235,479,9915
62952235,62953237,1002,128990
62953237,62954461,1224,13256
62954461,62955388,927,125002
62955388,62956216,828,130504
62956216,62957278,1062,291101
62957278,62957500,222,24732
62957500,62958112,612,72210
62958112,62959389,1277,72200
62959389,62960529,1140,140071
62960529,62961714,1185,279239
62961714,62963026,1312,22179
62963026,62964275,1249,130492
62964275,62965275,1000,76046
62965275,62966418,1143,126955
62966418,62967547,1129,123269
62967547,62967982,435,8675
62967982,62968494,512,162130
62968494,62969490,996,122876
62969490,62970682,1192,110742
62970682,62971738,1056,8675
62971738,62972951,1213,91801
62972951,62974013,1062,293168
62974013,62974722,709,61758
62974722,62975893,1171,101265
62975893,62976215,322,121727
62976215,62976446,231,13265
62976446,62977631,1185,87280
62977631,62978802,1171,143005
62978802,62980067,1265,133440
62980067,62980678,611,129440
62980678,62981922,1244,94526
62981922,62983187,1265,187464
62983187,62984410,1223,283228
62984410,62985464,1054,130728
62985464,62986804,1340,184447
62986804,62987970,1166,163606
62987970,62988967,997,126929
62988967,62990205,1238,46712
62990205,62991356,1151,271812
62991356,62992387,1031,282934
62992387,62993543,1156,154671
62993543,62994874,1331,46889
62994874,62995885,1011,92930
62995885,62996945,1060,37090
62996945,62997903,958,80665
62997903,62998865,962,144503
62998865,62999322,457,1188
62999322,63000369,1047,126221
63000369,63001063,694,126739
63001063,63002021,958,90847
63002021,63003155,1134,125123
63003155,63003713,558,162239
63003713,63004478,765,276730
63004478,63005715,1237,3961
63005715,63007000,1285,279239
63007000,63008012,1012,290365
63008012,63009027,1015,291384
63009027,63010168,1141,158781
63010168,63010663,495,60489
63010663,63011911,1248,121541
63011911,63013137,1226,60480
63013137,63013822,685,130184
63013822,63014959,1137,135020
63014959,63016157,1198,139707
63016157,63017051,894,146346
63017051,63017848,797,126829
63017848,63018873,1025,121068
63018873,63020144,1271,6397
63020144,63021367,1223,281187
63021367,63022560,1193,86765
63022560,63023737,1177,135657
63023737,63024939,1202,54006
63024939,63026243,1304,134816
63026243,63027167,924,287657
63027167,63028408,1241,87766
63028408,63029357,949,365
63029357,63030212,855,14677
63030212,63031477,1265,133442
63031477,63032551,1074,134981
63032551,63033538,987,68353
63033538,63034807,1269,231837
63034807,63035816,1009,30591
63035816,63036970,1154,121658
63036970,63038200,1230,75939
63038200,63038457,257,32639
63038457,63038638,181,137154
63038638,63039190,552,157057
63039190,63039523,333,144135
63039523,63040614,1091,126842
63040614,63041833,1219,54487
63041833,63042862,1029,117866
63042862,63044107,1245,134804
63044107,63045356,1249,5703
63045356,63046341,985,157861
63046341,63047612,1271,184264
63047612,63048385,773,121543
63048385,63049484,1099,16632
63049484,63050070,586,48032
63050070,63051047,977,126221
63051047,63051322,275,133224
63051322,63052525,1203,298549
63052525,63053806,1281,6524
63053806,63054912,1106,130532
63054912,63055899,987,95870
63055899,63056960,1061,157480
63056960,63058062,1102,16802
63058062,63058423,361,40571
63058423,63059605,1182,8927
63059605,63060819,1214,130549
63060819,63061848,1029,83607
63061848,63062597,749,284445
63062597,63063765,1168,129515
63063765,63064948,1183,134592
63064948,63066043,1095,48830
63066043,63067126,1083,185125
63067126,63068297,1171,67592
63068297,63068981,684,11244
63068981,63070118,1137,262291
63070118,63071282,1164,135580
63071282,63071976,694,141248
63071976,63072448,472,129808
63072448,63073594,1146,44912
63073594,63074876,1282,68762
63074876,63075918,1042,121415
63075918,63076773,855,130105
63076773,63077271,498,128678
63077271,63077637,366,155973
63077637,63078650,1013,2536
63078650,63079941,1291,168626
63079941,63081173,1232,122806
63081173,63082096,923,187466
63082096,63083109,1013,279775
63083109,63084243,1134,139035
63084243,63085272,1029,121799
63085272,63086153,881,123500
63086153,63087437,1284,133630
63087437,63087753,316,143321
63087753,63088962,1209,48513
63088962,63089931,969,39477
63089931,63091105,1174,26951
63091105,63092033,928,274549
63092033,63092968,935,134451
63092968,63093586,618,130588
63093586,63094840,1254,157242
63094840,63096141,1301,39475
63096141,63097103,962,73073
63097103,63098251,1148,11547
63098251,63098748,497,128678
63098748,63099633,885,48032
63099633,63100693,1060,147110
63100693,63101059,366,7793
63101059,63102234,1175,108005
63102234,63103132,898,164188
63103132,63104402,1270,109179
63104402,63105655,1253,103481
63105655,63106741,1086,699
63106741,63107848,1107,137618
63107848,63108429,581,140718
63108429,63109210,781,8927
63109210,63110426,1216,163505
63110426,63111259,833,142311
63111259,63112430,1171,258959
63112430,63113575,1145,123025
63113575,63114179,604,73295
63114179,63114878,699,59175
63114878,63116075,1197,285314
63116075,63116981,906,96168
63116981,63117911,930,82458
63117911,63118936,1025,147110
63118936,63120185,1249,148529
63120185,63121458,1273,8674
63121458,63122693,1235,143307
63122693,63123919,1226,29120
63123919,63125109,1190,112592
63125109,63126360,1251,6398
63126360,63127191,831,19366
63127191,63128262,1071,109658
63128262,63128783,521,302111
63128783,63129900,1117,167022
63129900,63131035,1135,149939
63131035,63132250,1215,54613
63132250,63133408,1158,72205
63133408,63134702,1294,49755
63134702,63135932,1230,77361
63135932,63137120,1188,67147
63137120,63138385,1265,292252
63138385,63139373,988,166433
63139373,63140052,679,154282
63140052,63140867,815,132272
63140867,63141834,967,45204
63141834,63143099,1265,76055
63143099,63144434,1335,16632
63144434,63144706,272,108638
63144706,63145664,958,128991
63145664,63146041,377,32137
63146041,63147264,1223,121669
63147264,63148417,1153,134981
63148417,63149588,1171,282385
63149588,63149875,287,26895
63149875,63150910,1035,63885
63150910,63151268,358,54487
63151268,63152219,951,47541
63152219,63153258,1039,6557
63153258,63154400,1142,69607
63154400,63155709,1309,8689
63155709,63156639,930,113336
63156639,63157041,402,110238
63157041,63157440,399,22179
63157440,63158605,1165,128344
63158605,63159876,1271,153731
63159876,63161058,1182,58845
63161058,63162045,987,296467
63162045,63163106,1061,87508
63163106,63164139,1033,171139
63164139,63165274,1135,103120
63165274,63166423,1149,77779
63166423,63167702,1279,14013
63167702,63168830,1128,154671
63168830,63169063,233,122828
63169063,63170132,1069,110061
63170132,63171407,1275,71420
63171407,63172561,1154,40556
63172561,63173694,1133,135020
63173694,63174800,1106,95959
63174800,63175964,1164,136846
63175964,63177203,1239,166436
63177203,63178495,1292,141209
63178495,63179682,1187,122467
63179682,63179872,190,134657
63179872,63180882,1010,132717
63180882,63181594,712,160964
63181594,63182692,1098,121766
63182692,63183867,1175,144965
63183867,63185012,1145,23295
63185012,63186237,1225,104978
63186237,63186954,717,26894
63186954,63188284,1330,131003
63188284,63189528,1244,282977
63189528,63190089,561,295759
63190089,63190777,688,94876
63190777,63191416,639,173230
63191416,63192237,821,131113
63192237,63193022,785,163380
63193022,63194016,994,25951
63194016,63195307,1291,54487
63195307,63196469,1162,12898
63196469,63197621,1152,176680
63197621,63197973,352,282383
63197973,63198972,999,170453
63198972,63200094,1122,10344
63200094,63201342,1248,126220
63201342,63201603,261,134121
63201603,63202805,1202,114468
63202805,63203910,1105,187024
63203910,63204630,720,46889
63204630,63205899,1269,139358
63205899,63206996,1097,132280
63206996,63208062,1066,41614
63208062,63208275,213,75810
63208275,63209482,1207,182396
63209482,63210344,862,125951
63210344,63211089,745,234067
63211089,63212115,1026,143895
63212115,63213360,1245,128344
63213360,63214574,1214,123216
63214574,63215849,1275,1539
63215849,63216770,921,175448
63216770,63217953,1183,130625
63217953,63218166,213,48362
63218166,63218415,249,142824
63218415,63219615,1200,277899
63219615,63220907,1292,128636
63220907,63222178,1271,97593
63222178,63223233,1055,254918
63223233,63224436,1203,149939
63224436,63225542,1106,133395
63225542,63226059,517,170982
63226059,63227164,1105,1532
63227164,63227693,529,170982
63227693,63228603,910,26956
63228603,63229732,1129,130184
63229732,63230934,1202,121069
63230934,63232204,1270,101276
63232204,63233467,1263,130900
63233467,63234549,1082,281188
63234549,63235043,494,156018
63235043,63236173,1130,50777
63236173,63236386,213,124990
63236386,63236553,167,114452
63236553,63237113,560,41610
63237113,63238069,956,121799
63238069,63239301,1232,86710
63239301,63240577,1276,137614
63240577,63241312,735,129752
63241312,63242365,1053,212
63242365,63243538,1173,117095
63243538,63244341,803,138901
63244341,63245088,747,13250
63245088,63246311,1223,143895
63246311,63247176,865,172156
63247176,63248478,1302,127691
63248478,63249739,1261,142318
63249739,63250683,944,258266
63250683,63251919,1236,139710
63251919,63252918,999,5757
63252918,63253826,908,274549
63253826,63255142,1316,287659
63255142,63256279,1137,44582
63256279,63257457,1178,122614
63257457,63258495,1038,130977
63258495,63259592,1097,70837
63259592,63260222,630,135826
63260222,63261254,1032,134707
63261254,63261953,699,129393
63261953,63263017,1064,102612
63263017,63263269,252,19371
63263269,63263675,406,102239
63263675,63264100,425,44575
63264100,63265253,1153,141135
63265253,63266096,843,54006
63266096,63267147,1051,70837
63267147,63268193,1046,172165
63268193,63269424,1231,118112
63269424,63270632,1208,144019
63270632,63271762,1130,130486
63271762,63272912,1150,132537
63272912,63274167,1255,39661
63274167,63275273,1106,5911
63275273,63275480,207,121722
63275480,63276622,1142,283228
63276622,63277505,883,127703
63277505,63278768,1263,93470
63278768,63279357,589,34479
63279357,63280516,1159,138866
63280516,63281774,1258,1187
63281774,63282980,1206,132280
63282980,63284161,1181,154282
63284161,63285361,1200,183239
63285361,63286573,1212,216570
63286573,63287835,1262,45217
63287835,63288610,775,129623
63288610,63289371,761,133225
63289371,63290553,1182,12544
63290553,63291788,1235,140222
63291788,63292477,689,1536
63292477,63293738,1261,139355
63293738,63294346,608,176682
63294346,63295547,1201,159386
63295547,63296000,453,141240
63296000,63296271,271,134660
63296271,63297451,1180,26872
63297451,63298461,1010,258266
63298461,63299621,1160,144496
63299621,63300696,1075,287660
63300696,63301737,1041,169291
63301737,63302682,945,293529
63302682,63303720,1038,32135
63303720,63304887,1167,139307
63304887,63305254,367,142279
63305254,63305636,382,39971
63305636,63306144,508,2536
63306144,63306830,686,81843
63306830,63307841,1011,97610
63307841,63309080,1239,132848
63309080,63310369,1289,122827
63310369,63311401,1032,1043
63311401,63312578,1177,143005
63312578,63313861,1283,293531
63313861,63314281,420,121415
63314281,63315427,1146,123033
63315427,63316215,788,107627
63316215,63317468,1253,4136
63317468,63318452,984,280922
63318452,63319487,1035,39661
63319487,63320835,1348,278217
63320835,63321973,1138,110238
63321973,63323272,1299,122809
63323272,63324546,1274,4136
63324546,63325646,1100,105167
63325646,63326845,1199,275147
63326845,63327197,352,125883
63327197,63328138,941,127704
63328138,63328410,272,284268
63328410,63329748,1338,5758
63329748,63330790,1042,9920
63330790,63332074,1284,138486
63332074,63332954,880,112061
63332954,63333875,921,27593
63333875,63334358,483,96168
63334358,63335549,1191,126957
63335549,63336818,1269,126861
63336818,63338088,1270,123197
63338088,63339005,917,112761
63339005,63339959,954,6171
63339959,63341201,1242,276749
63341201,63342036,835,278220
63342036,63342866,830,39476
63342866,63344136,1270,72876
63344136,63345237,1101,147045
63345237,63345408,171,143321
63345408,63346583,1175,64956
63346583,63347868,1285,295710
63347868,63349038,1170,102381
63349038,63350389,1351,126209
63350389,63350654,265,164100
63350654,63351798,1144,129443
63351798,63352961,1163,88483
63352961,63353559,598,139710
63353559,63354758,1199,274379
63354758,63355948,1190,105171
63355948,63357070,1122,111961
63357070,63358210,1140,128761
63358210,63359177,967,104978
63359177,63360277,1100,121416
63360277,63361465,1188,121079
63361465,63362681,1216,64956
63362681,63363123,442,73846
63363123,63364262,1139,10988
63364262,63365243,981,132485
63365243,63366360,1117,125123
63366360,63367710,1350,141644
63367710,63368970,1260,302000
63368970,63370204,1234,156981
63370204,63371387,1183,92806
63371387,63372610,1223,19373
63372610,63373577,967,22179
63373577,63374842,1265,121413
63374842,63376070,1228,136280
63376070,63377017,947,135824
63377017,63378231,1214,132291
63378231,63379326,1095,231834
63379326,63380158,832,96168
63380158,63381191,1033,126961
63381191,63382384,1193,9914
63382384,63383503,1119,139308
63383503,63384763,1260,259009
63384763,63385890,1127,145138
63385890,63387093,1203,143521
63387093,63387667,574,132848
63387667,63388825,1158,246892
63388825,63390087,1262,1733
63390087,63391202,1115,81858
63391202,63392249,1047,170976
63392249,63393264,1015,156963
63393264,63394529,1265,124595
63394529,63395020,491,168198
63395020,63396131,1111,120330
63396131,63396694,563,16632
63396694,63397637,943,84122
63397637,63398817,1180,123135
63398817,63399832,1015,56179
63399832,63401026,1194,147193
63401026,63402331,1305,139797
63402331,63402897,566,127685
63402897,63404070,1173,41610
63404070,63405195,1125,130494
63405195,63406304,1109,5704
63406304,63407474,1170,294554
63407474,63407754,280,3961
63407754,63408241,487,168199
63408241,63409488,1247,143895
63409488,63410665,1177,9914
63410665,63411759,1094,122443
63411759,63412761,1002,132800
63412761,63413571,810,101258
63413571,63414466,895,169293
63414466,63415694,1228,27593
63415694,63416871,1177,123133
63416871,63418049,1178,138032
63418049,63419291,1242,141235
63419291,63420476,1185,168199
63420476,63421503,1027,109663
63421503,63422118,615,134981
63422118,63423169,1051,64300
63423169,63424380,1211,129066
63424380,63425524,1144,164327
63425524,63426626,1102,38026
63426626,63427711,1085,122789
63427711,63428706,995,37090
63428706,63429935,1229,139035
63429935,63430885,950,136280
63430885,63431987,1102,276735
63431987,63433111,1124,127703
63433111,63434088,977,107487
63434088,63435323,1235,13185
63435323,63436484,1161,294700
63436484,63437257,773,278220
63437257,63437970,713,68344
63437970,63439269,1299,121541
63439269,63440232,963,139009
63440232,63441277,1045,110054
63441277,63442466,1189,91072
63442466,63443371,905,254918
63443371,63444378,1007,142824
63444378,63445411,1033,81859
63445411,63446597,1186,12971
63446597,63447856,1259,184265
63447856,63449032,1176,17942
63449032,63450248,1216,143895
63450248,63451457,1209,157861
63451457,63451712,255,141713
63451712,63452888,1176,32658
63452888,63454172,1284,1731
63454172,63455413,1241,163505
63455413,63456674,1261,73958
63456674,63457957,1283,284445
63457957,63459232,1275,13364
63459232,63460329,1097,105383
63460329,63461624,1295,275128
63461624,63462705,1081,92915
63462705,63463053,348,133396
63463053,63464080,1027,254949
63464080,63464696,616,275885
63464696,63465329,633,5097
63465329,63466424,1095,176853
63466424,63467534,1110,50778
63467534,63468805,1271,156154
63468805,63469990,1185,258266
63469990,63471145,1155,177641
63471145,63472296,1151,132864
63472296,63473183,887,112592
63473183,63473364,181,141713
63473364,63474546,1182,11528
63474546,63475728,1182,133395
63475728,63476987,1259,41166
63476987,63478123,1136,142318
63478123,63479039,916,160187
63479039,63480097,1058,9010
63480097,63480980,883,48525
63480980,63482236,1256,132601
63482236,63483473,1237,170952
63483473,63484723,1250,123192
63484723,63485158,435,176853
63485158,63486384,1226,6171
63486384,63486621,237,140041
63486621,63487929,1308,130101
63487929,63489201,1272,287358
63489201,63490294,1093,14958
63490294,63491575,1281,62347
63491575,63492568,993,82558
63492568,63493641,1073,270777
63493641,63494005,364,138032
63494005,63495302,1297,92200
63495302,63496356,1054,136983
63496356,63497309,953,129066
63497309,63498489,1180,133424
63498489,63499106,617,146437
63499106,63500319,1213,4136
63500319,63501600,1281,132864
63501600,63502620,1020,106611
63502620,63503528,908,136280
63503528,63503993,465,39970
63503993,63505066,1073,170982
63505066,63506267,1201,92930
63506267,63507291,1024,114468
63507291,63507495,204,121331
63507495,63507913,418,129393
63507913,63508963,1050,122441
63508963,63509882,919,48032
63509882,63511081,1199,170982
63511081,63511290,209,66622
63511290,63512431,1141,144135
63512431,63513575,1144,133220
63513575,63514625,1050,136458
63514625,63515836,1211,164187
63515836,63516406,570,5341
63516406,63517403,997,137589
63517403,63518657,1254,121658
63518657,63519904,1247,681
63519904,63521003,1099,185457
63521003,63521997,994,76046
63521997,63523306,1309,121127
63523306,63524503,1197,46267
63524503,63525613,1110,129983
63525613,63526870,1257,142744
63526870,63528087,1217,11243
63528087,63529336,1249,164327
63529336,63530449,1113,127732
63530449,63531736,1287,155968
63531736,63532881,1145,10327
63532881,63533199,318,162375
63533199,63533593,394,123268
63533593,63534644,1051,11258
63534644,63535512,868,72207
63535512,63536298,786,139742
63536298,63537577,1279,46243
63537577,63538720,1143,139742
63538720,63539773,1053,121658
63539773,63540987,1214,105398
63540987,63542152,1165,122443
63542152,63542478,326,127732
63542478,63543651,1173,176270
63543651,63544760,1109,44577
63544760,63545620,860,6175
63545620,63546857,1237,130989
63546857,63547929,1072,136458
63547929,63548678,749,104398
63548678,63549494,816,39478
63549494,63550723,1229,73957
63550723,63551906,1183,133220
63551906,63553161,1255,107486
63553161,63554249,1088,31097
63554249,63555310,1061,138656
63555310,63556435,1125,159386
63556435,63557665,1230,83708
63557665,63558853,1188,129597
63558853,63560080,1227,141791
63560080,63561105,1025,72311
63561105,63562204,1099,132537
63562204,63563365,1161,129066
63563365,63564630,1265,23311
63564630,63565847,1217,131113
63565847,63567096,1249,134119
63567096,63567547,451,106800
63567547,63568471,924,130494
63568471,63569578,1107,131256
63569578,63570566,988,279153
63570566,63571676,1110,109173
63571676,63572113,437,92427
63572113,63573402,1289,8689
63573402,63574259,857,123506
63574259,63575322,1063,128145
63575322,63576381,1059,34501
63576381,63577680,1299,132530
63577680,63578502,822,106611
63578502,63579602,1100,142858
63579602,63580675,1073,131106
63580675,63581732,1057,183988
63581732,63582919,1187,29091
63582919,63584012,1093,246889
63584012,63585060,1048,294523
63585060,63585377,317,157056
63585377,63585799,422,7793
63585799,63586803,1004,137597
63586803,63587770,967,11547
63587770,63588861,1091,39475
63588861,63590018,1157,131259
63590018,63590542,524,13250
63590542,63591769,1227,103126
63591769,63593008,1239,3961
63593008,63593788,780,9174
63593788,63594725,937,159228
63594725,63595922,1197,115047
63595922,63596915,993,144135
63596915,63598013,1098,127595
63598013,63599282,1269,84357
63599282,63599553,271,122467
63599553,63600464,911,122025
63600464,63601560,1096,130093
63601560,63602637,1077,279849
63602637,63603450,813,48362
63603450,63604544,1094,110238
63604544,63604972,428,6556
63604972,63605342,370,184266
63605342,63606572,1230,130871
63606572,63607769,1197,6524
63607769,63608902,1133,142896
63608902,63610127,1225,53320
63610127,63611395,1268,8674
63611395,63612436,1041,270777
63612436,63613572,1136,169291
63613572,63614877,1305,133227
63614877,63615715,838,101289
63615715,63616888,1173,159230
63616888,63617945,1057,142362
63617945,63618951,1006,90850
63618951,63620189,1238,130900
63620189,63621312,1123,65820
63621312,63622579,1267,122944
63622579,63623726,1147,127703
63623726,63624359,633,176853
63624359,63625633,1274,57154
63625633,63626721,1088,71404
63626721,63627964,1243,87766
63627964,63629166,1202,14958
63629166,63630428,1262,48032
63630428,63631607,1179,138043
63631607,63632668,1061,140067
63632668,63633359,691,121331
63633359,63634554,1195,156230
63634554,63635629,1075,723
63635629,63636794,1165,11258
63636794,63637516,722,9920
63637516,63638759,1243,232057
63638759,63639061,302,32639
63639061,63640134,1073,123049
63640134,63641117,983,83607
63641117,63642131,1014,141571
63642131,63643132,1001,271817
63643132,63643984,852,114256
63643984,63645260,1276,140718
63645260,63646516,1256,25766
63646516,63647722,1206,141148
63647722,63648711,989,129808
63648711,63649590,879,46240
63649590,63650704,1114,171137
63650704,63651811,1107,176270
63651811,63653018,1207,64708
63653018,63654171,1153,284433
63654171,63655316,1145,132568
63655316,63656426,1110,91072
63656426,63657036,610,8592
63657036,63657761,725,133447
63657761,63658636,875,281188
63658636,63659253,617,129515
63659253,63660300,1047,73961
63660300,63661451,1151,279363
63661451,63661684,233,132272
63661684,63662769,1085,6171
63662769,63663736,967,123507
63663736,63664979,1243,21393
63664979,63665920,941,668
63665920,63667097,1177,28375
63667097,63668190,1093,14976
63668190,63669279,1089,24731
63669279,63669528,249,62851
63669528,63670572,1044,1733
63670572,63670973,401,127579
63670973,63672112,1139,164327
63672112,63672858,746,27504
63672858,63674195,1337,10347
63674195,63675248,1053,156159
63675248,63676486,1238,282383
63676486,63677669,1183,125882
63677669,63678942,1273,293663
63678942,63680119,1177,89940
63680119,63681405,1286,139387
63681405,63682472,1067,156159
63682472,63683089,617,76973
63683089,63684394,1305,148529
63684394,63685509,1115,137589
63685509,63686665,1156,107517
63686665,63687908,1243,126539
63687908,63689158,1250,74797
63689158,63690113,955,12471
63690113,63691043,930,158081
63691043,63692283,1240,143361
63692283,63693524,1241,130184
63693524,63694766,1242,39501
63694766,63694968,202,164100
63694968,63695981,1013,85685
63695981,63697090,1109,284268
63697090,63698139,1049,123715
63698139,63699294,1155,143005
63699294,63700315,1021,130493
63700315,63701421,1106,291608
63701421,63702709,1288,135657
63702709,63703884,1175,19208
63703884,63704795,911,75242
63704795,63705970,1175,22179
63705970,63707234,1264,128631
63707234,63708259,1025,70998
63708259,63709390,1131,292348
63709390,63710645,1255,282406
63710645,63711108,463,59175
63711108,63712249,1141,58192
63712249,63713498,1249,2777
63713498,63714401,903,67233
63714401,63715667,1266,75939
63715667,63716154,487,144019
63716154,63717147,993,84448
63717147,63718379,1232,80534
63718379,63719488,1109,16802
63719488,63720632,1144,48830
63720632,63721698,1066,86679
63721698,63722754,1056,105394
63722754,63723990,1236,20410
63723990,63725109,1119,19132
63725109,63725503,394,40571
63725503,63726680,1177,258986
63726680,63727883,1203,115686
63727883,63728908,1025,35926
63728908,63729460,552,61758
63729460,63730509,1049,122545
63730509,63731726,1217,134120
63731726,63732894,1168,130503
63732894,63734031,1137,136863
63734031,63734835,804,112058
63734835,63735016,181,129994
63735016,63735862,846,138113
63735862,63736959,1097,12546
63736959,63738052,1093,144496
63738052,63739324,1272,160602
63739324,63739836,512,155521
63739836,63741011,1175,147110
63741011,63742178,1167,133440
63742178,63743394,1216,61776
63743394,63744488,1094,131295
63744488,63745615,1127,150915
63745615,63746795,1180,110131
63746795,63748030,1235,158081
63748030,63749211,1181,4691
63749211,63750536,1325,133279
63750536,63751812,1276,121541
63751812,63752336,524,129790
63752336,63753267,931,58090
63753267,63754369,1102,122828
63754369,63755560,1191,291381
63755560,63756811,1251,54006
63756811,63757965,1154,134312
63757965,63759230,1265,86741
63759230,63760433,1203,9919
63760433,63761038,605,216570
63761038,63762159,1121,7622
63762159,63763375,1216,40556
63763375,63764453,1078,9174
63764453,63765245,792,110522
63765245,63766264,1019,31091
63766264,63766633,369,121799
63766633,63767607,974,119253
63767607,63768582,975,258974
63768582,63769545,963,29091
63769545,63770650,1105,163518
63770650,63771911,1261,44937
63771911,63773149,1238,89894
63773149,63774265,1116,123266
63774265,63775510,1245,90852
63775510,63776337,827,8684
63776337,63777603,1266,122809
63777603,63778706,1103,155949
63778706,63779555,849,99249
63779555,63780860,1305,73729
63780860,63782099,1239,57156
63782099,63782645,546,124439
63782645,63783800,1155,134170
63783800,63784944,1144,89882
63784944,63786152,1208,104986
63786152,63787289,1137,53458
63787289,63787641,352,86043
63787641,63788612,971,133396
63788612,63789554,942,143893
63789554,63790054,500,133834
63790054,63791185,1131,1150
63791185,63792326,1141,18524
63792326,63793563,1237,149939
63793563,63794801,1238,126209
63794801,63795817,1016,19366
63795817,63797119,1302,88367
63797119,63798131,1012,112057
63798131,63799320,1189,132848
63799320,63800383,1063,164328
63800383,63800703,320,129790
63800703,63801912,1209,176278
63801912,63802245,333,157858
63802245,63803515,1270,121331
63803515,63804486,971,137483
63804486,63805639,1153,122806
63805639,63806314,675,32136
63806314,63807445,1131,13250
63807445,63808740,1295,39475
63808740,63809063,323,121902
63809063,63810329,1266,167023
63810329,63811345,1016,134789
63811345,63812457,1112,245691
63812457,63813604,1147,57156
63813604,63814866,1262,35926
63814866,63815977,1111,26520
63815977,63816935,958,64292
63816935,63818108,1173,6175
63818108,63819057,949,139035
63819057,63819535,478,11243
63819535,63820656,1121,48362
63820656,63821843,1187,134991
63821843,63823158,1315,216564
63823158,63824423,1265,121766
63824423,63825195,772,9010
63825195,63826282,1087,182396
63826282,63827539,1257,105386
63827539,63828552,1013,48362
63828552,63829319,767,149739
63829319,63830432,1113,13256
63830432,63830618,186,141819
63830618,63831399,781,75355
63831399,63832625,1226,139717
63832625,63832975,350,46240
63832975,63834070,1095,47032
63834070,63835331,1261,126220
63835331,63836235,904,220952
63836235,63837460,1225,133447
63837460,63838031,571,129623
63838031,63839108,1077,259009
63839108,63840282,1174,104986
63840282,63841324,1042,89880
63841324,63842316,992,5341
63842316,63842840,524,130977
63842840,63843843,1003,129443
63843843,63844406,563,216570
63844406,63845057,651,154671
63845057,63846056,999,11528
63846056,63847209,1153,143895
63847209,63848255,1046,166420
63848255,63849330,1075,363
63849330,63850434,1104,138033
63850434,63851646,1212,119637
63851646,63852929,1283,124368
63852929,63854206,1277,131732
63854206,63855378,1172,128240
63855378,63856565,1187,155151
63856565,63857699,1134,48032
63857699,63858744,1045,277898
63858744,63859915,1171,64974
63859915,63861082,1167,127518
63861082,63862340,1258,11254
63862340,63862585,245,130492
63862585,63863890,1305,88007
63863890,63864932,1042,14526
63864932,63865806,874,160984
63865806,63866953,1147,57156
63866953,63868057,1104,44937
63868057,63869188,1131,296473
63869188,63870484,1296,159386
63870484,63871728,1244,171138
63871728,63872895,1167,168204
63872895,63873971,1076,156474
63873971,63875187,1216,39967
63875187,63876307,1120,26894
63876307,63877476,1169,78193
63877476,63878707,1231,56174
63878707,63879357,650,132821
63879357,63880246,889,39661
63880246,63880524,278,291379
63880524,63881355,831,46243
63881355,63882592,1237,28247
63882592,63883785,1193,132073
63883785,63884804,1019,14358
63884804,63885130,326,6525
63885130,63886387,1257,139009
63886387,63887532,1145,123036
63887532,63888720,1188,287657
63888720,63889746,1026,122863
63889746,63890791,1045,89880
63890791,63891661,870,106965
63891661,63892897,1236,69607
63892897,63894170,1273,126829
63894170,63894646,476,149033
63894646,63895619,973,133424
63895619,63896839,1220,29120
63896839,63897612,773,129790
63897612,63898542,930,138074
63898542,63899753,1211,130588
63899753,63901020,1267,9914
63901020,63901872,852,131735
63901872,63903154,1282,12895
63903154,63904273,1119,48361
63904273,63905522,1249,73024
63905522,63906643,1121,54659
63906643,63907836,1193,131276
63907836,63908287,451,13185
63908287,63909373,1086,167024
63909373,63910430,1057,132300
63910430,63911498,1068,129011
63911498,63912200,702,76043
63912200,63913025,825,120583
63913025,63913528,503,136861
63913528,63914567,1039,133279
63914567,63915766,1199,129597
63915766,63916926,1160,184264
63916926,63918123,1197,16802
63918123,63919286,1163,283138
63919286,63920477,1191,291107
63920477,63921667,1190,365
63921667,63921984,317,58433
63921984,63923040,1056,29012
63923040,63924177,1137,137589
63924177,63924940,763,75939
63924940,63926207,1267,6541
63926207,63926458,251,149798
63926458,63927743,1285,1119
63927743,63928733,990,11546
63928733,63929187,454,26558
63929187,63930154,967,174953
63930154,63931188,1034,140072
63931188,63932301,1113,282357
63932301,63933614,1313,276908
63933614,63934419,805,153733
63934419,63935666,1247,67233
63935666,63936676,1010,80656
63936676,63937814,1138,125084
63937814,63938981,1167,94526
63938981,63939267,286,130093
63939267,63940481,1214,114452
63940481,63941780,1299,163402
63941780,63942856,1076,288043
63942856,63944134,1278,76044
63944134,63945333,1199,110243
63945333,63946465,1132,141240
63946465,63946658,193,64956
63946658,63947419,761,126302
63947419,63948628,1209,126313
63948628,63949906,1278,155948
63949906,63951171,1265,149880
63951171,63951905,734,12898
63951905,63952946,1041,185488
63952946,63954127,1181,34501
63954127,63955173,1046,46588
63955173,63956324,1151,61741
63956324,63957267,943,291101
63957267,63958306,1039,270778
63958306,63958589,283,133424
63958589,63959312,723,279153
63959312,63960446,1134,156155
63960446,63961657,1211,280922
63961657,63962648,991,1539
63962648,63963006,358,86683
63963006,63964171,1165,133239
63964171,63965221,1050,142318
63965221,63966434,1213,144135
63966434,63967619,1185,129623
63967619,63968679,1060,92930
63968679,63969865,1186,121446
63969865,63970918,1053,78885
63970918,63972077,1159,89940
63972077,63973280,1203,135221
63973280,63974386,1106,139355
63974386,63975063,677,105390
63975063,63976018,955,294700
63976018,63976703,685,696
63976703,63977903,1200,47030
63977903,63979207,1304,101276
63979207,63980388,1181,107483
63980388,63981573,1185,199
63981573,63982782,1209,136863
63982782,63982993,211,131899
63982993,63984168,1175,186230
63984168,63985351,1183,3586
63985351,63986642,1291,47237
63986642,63987819,1177,126737
63987819,63988963,1144,86765
63988963,63989359,396,130093
63989359,63990505,1146,104491
63990505,63991634,1129,57831
63991634,63992751,1117,61780
63992751,63993947,1196,42637
63993947,63995214,1267,91905
63995214,63996112,898,165428
63996112,63997304,1192,39840
63997304,63998384,1080,147971
63998384,63999414,1030,25951
63999414,64000602,1188,132280
64000602,64001637,1035,175390
64001637,64002855,1218,128309
64002855,64004073,1218,258250
64004073,64005263,1190,66016
64005263,64005861,598,136861
64005861,64007113,1252,126221
64007113,64008075,962,283462
64008075,64008941,866,149033
64008941,64010195,1254,278217
64010195,64011301,1106,144496
64011301,64012719,1418,94108
64012719,64013971,1252,283462
64013971,64015218,1247,137589
64015218,64016225,1007,162238
64016225,64016965,740,259009
64016965,64018028,1063,26872
64018028,64018814,786,32856
64018814,64019916,1102,70919
64019916,64020184,268,129440
64020184,64021033,849,106969
64021033,64021576,543,246932
64021576,64022831,1255,124520
64022831,64023866,1035,64708
64023866,64025055,1189,121392
64025055,64026298,1243,132485
64026298,64027487,1189,129317
64027487,64027640,153,107486
64027640,64028538,898,24731
64028538,64029611,1073,88484
64029611,64030865,1254,127685
64030865,64031347,482,66622
64031347,64032518,1171,142318
64032518,64033776,1258,135221
64033776,64035008,1232,122451
64035008,64036331,1323,68773
64036331,64036904,573,24515
64036904,64037885,981,7887
64037885,64038867,982,166683
64038867,64039466,599,88761
64039466,64040586,1120,281187
64040586,64041781,1195,101884
64041781,64043044,1263,1732
64043044,64044088,1044,109174
64044088,64045382,1294,162129
64045382,64046088,706,296468
64046088,64047093,1005,4861
64047093,64048214,1121,132864
64048214,64049299,1085,47541
64049299,64049951,652,57179
64049951,64051086,1135,26950
64051086,64052274,1188,44586
64052274,64053415,1141,136458
64053415,64054589,1174,101262
64054589,64055814,1225,276730
64055814,64057043,1229,10089
64057043,64057854,811,106611
64057854,64058957,1103,128309
64058957,64060140,1183,83633
64060140,64061458,1318,69412
64061458,64062624,1166,74798
64062624,64063833,1209,28384
64063833,64065056,1223,147967
64065056,64066305,1249,178029
64066305,64066953,648,12898
64066953,64068024,1071,129582
64068024,64069207,1183,142858
64069207,64070296,1089,108620
64070296,64071368,1072,141642
64071368,64071829,461,11243
64071829,64072229,400,134825
64072229,64073382,1153,49750
64073382,64073974,592,87547
64073974,64075262,1288,135229
64075262,64076339,1077,121331
64076339,64077484,1145,130229
64077484,64077766,282,139742
64077766,64078974,1208,12971
64078974,64079692,718,129994
64079692,64080814,1122,109185
64080814,64081712,898,155151
64081712,64082951,1239,136983
64082951,64084014,1063,42637
64084014,64085330,1316,164100
64085330,64086321,991,15304
64086321,64087534,1213,13256
64087534,64088822,1288,9010
64088822,64090083,1261,14653
64090083,64090543,460,38026
64090543,64091682,1139,135580
64091682,64092750,1068,120330
64092750,64093443,693,121799
64093443,64094654,1211,145701
64094654,64095657,1003,140931
64095657,64096926,1269,126794
64096926,64098164,1238,133424
64098164,64099235,1071,76046
64099235,64100320,1085,155968
64100320,64101095,775,44912
64101095,64102324,1229,107479
64102324,64103575,1251,67592
64103575,64104632,1057,131882
64104632,64105762,1130,91072
64105762,64107009,1247,6174
64107009,64108059,1050,100431
64108059,64108867,808,153309
64108867,64109868,1001,151776
64109868,64111181,1313,139707
64111181,64112106,925,110706
64112106,64113150,1044,68353
64113150,64114280,1130,118112
64114280,64115496,1216,12971
64115496,64115902,406,132484
64115902,64116357,455,699
64116357,64116864,507,125147
64116864,64117598,734,80690
64117598,64118853,1255,244443
64118853,64119380,527,95969
64119380,64120500,1120,63885
64120500,64121550,1050,111754
64121550,64121755,205,24515
64121755,64122956,1201,121658
64122956,64124216,1260,274375
64124216,64124983,767,140931
64124983,64126313,1330,298549
64126313,64127587,1274,16003
64127587,64128758,1171,47239
64128758,64130102,1344,122806
64130102,64131088,986,147967
64131088,64132324,1236,9010
64132324,64133478,1154,291374
64133478,64134609,1131,131113
64134609,64135847,1238,178029
64135847,64137186,1339,121331
64137186,64138454,1268,163380
64138454,64139625,1171,44577
64139625,64140906,1281,76046
64140906,64141999,1093,81843
64141999,64143260,1261,2536
64143260,64144373,1113,139361
64144373,64145505,1132,19361
64145505,64145949,444,163612
64145949,64147176,1227,106800
64147176,64148232,1056,294114
64148232,64149414,1182,120277
64149414,64150546,1132,89735
64150546,64151756,1210,148920
64151756,64152765,1009,147989
64152765,64153839,1074,12971
64153839,64154940,1101,159228
64154940,64156127,1187,41610
64156127,64157396,1269,157636
64157396,64158608,1212,14960
64158608,64159712,1104,142824
64159712,64160729,1017,88086
64160729,64161288,559,185457
64161288,64162431,1143,127732
64162431,64163558,1127,121068
64163558,64164600,1042,139356
64164600,64165914,1314,258993
64165914,64167087,1173,19585
64167087,64168310,1223,133440
64168310,64169477,1167,270777
64169477,64170683,1206,25765
64170683,64171851,1168,148993
64171851,64173005,1154,86045
64173005,64174281,1276,177641
64174281,64175443,1162,156159
64175443,64176678,1235,41933
64176678,64177970,1292,36633
64177970,64179246,1276,53342
64179246,64180417,1171,39840
64180417,64181330,913,139752
64181330,64181859,529,157242
64181859,64183060,1201,135891
64183060,64184329,1269,23311
64184329,64185607,1278,121331
64185607,64185878,271,123271
64185878,64186443,565,126209
64186443,64187078,635,44912
64187078,64188190,1112,142279
64188190,64189223,1033,71550
64189223,64189455,232,61316
64189455,64190532,1077,166683
64190532,64191500,968,147990
64191500,64192760,1260,161166
64192760,64194003,1243,3587
64194003,64195252,1249,70753
64195252,64196000,748,143485
64196000,64197202,1202,125001
64197202,64198161,959,73973
64198161,64199437,1276,19376
64199437,64200637,1200,1562
64200637,64200984,347,130127
64200984,64202352,1368,14497
64202352,64202955,603,301693
64202955,64204098,1143,129011
64204098,64205291,1193,158074
64205291,64205504,213,14674
64205504,64206739,1235,76574
64206739,64207722,983,110243
64207722,64208531,809,163402
64208531,64209519,988,135636
64209519,64210666,1147,114469
64210666,64211873,1207,126965
64211873,64213069,1196,165387
64213069,64214172,1103,14929
64214172,64215333,1161,132707
64215333,64216516,1183,155944
64216516,64217735,1219,96168
64217735,64218672,937,291107
64218672,64218966,294,47541
64218966,64220301,1335,163519
64220301,64221383,1082,89735
64221383,64222412,1029,123049
64222412,64222922,510,143262
64222922,64223776,854,24732
64223776,64224113,337,111961
64224113,64225384,1271,46268
64225384,64226523,1139,156018
64226523,64227629,1106,131751
64227629,64228691,1062,287671
64228691,64229666,975,58763
64229666,64230894,1228,57156
64230894,64232190,1296,59268
64232190,64232734,544,178450
64232734,64234009,1275,163505
64234009,64234522,513,19376
64234522,64235801,1279,70843
64235801,64236191,390,139297
64236191,64237515,1324,10328
64237515,64238628,1113,123049
64238628,64239612,984,157857
64239612,64240573,961,88086
64240573,64241095,522,139307
64241095,64242221,1126,98645
64242221,64243466,1245,124164
64243466,64244002,536,122828
64244002,64244359,357,83616
64244359,64245444,1085,158781
64245444,64246544,1100,287659
64246544,64247696,1152,140725
64247696,64248965,1269,15304
64248965,64250201,1236,120277
64250201,64251511,1310,134981
64251511,64252754,1243,279856
64252754,64253945,1191,142858
64253945,64255139,1194,8675
64255139,64256412,1273,54659
64256412,64257679,1267,137597
64257679,64258891,1212,34501
64258891,64259651,760,11512
64259651,64260891,1240,70837
64260891,64262073,1182,20410
64262073,64263248,1175,294554
64263248,64264546,1298,108638
64264546,64265697,1151,57156
64265697,64267014,1317,132101
64267014,64268227,1213,290923
64268227,64269285,1058,130876
64269285,64270544,1259,92002
64270544,64271690,1146,154697
64271690,64272885,1195,40556
64272885,64274148,1263,141279
64274148,64275399,1251,87280
64275399,64276344,945,123500
64276344,64277266,922,48362
64277266,64278468,1202,63111
64278468,64279816,1348,140931
64279816,64280837,1021,279153
64280837,64281964,1127,57179
64281964,64283142,1178,292253
64283142,64283757,615,120318
64283757,64285018,1261,184266
64285018,64286255,1237,134785
64286255,64287347,1092,110243
64287347,64287940,593,296465
64287940,64288543,603,131203
64288543,64289623,1080,72876
64289623,64290690,1067,127215
64290690,64291645,955,122467
64291645,64292893,1248,287837
64292893,64294061,1168,9210
64294061,64295179,1118,121130
64295179,64296234,1055,6397
64296234,64297390,1156,95875
64297390,64297581,191,157066
64297581,64298634,1053,46712
64298634,64299809,1175,282934
64299809,64300127,318,135897
64300127,64301337,1210,126961
64301337,64302516,1179,16002
64302516,64303647,1131,160592
64303647,64304946,1299,109180
64304946,64305214,268,280922
64305214,64306521,1307,132705
64306521,64307791,1270,12332
64307791,64308966,1175,135814
64308966,64310144,1178,135657
64310144,64311479,1335,96151
64311479,64312671,1192,126232
64312671,64313904,1233,89880
64313904,64314657,753,25766
64314657,64315920,1263,64075
64315920,64317018,1098,129443
64317018,64318294,1276,118119
64318294,64318458,164,121669
64318458,64319582,1124,134991
64319582,64320878,1296,129317
64320878,64322135,1257,170212
64322135,64323036,901,12898
64323036,64323429,393,1043
64323429,64323690,261,126796
64323690,64324946,1256,19208
64324946,64325257,311,36641
64325257,64326216,959,104491
64326216,64327306,1090,9203
64327306,64328386,1080,134176
64328386,64329473,1087,149791
64329473,64330746,1273,60800
64330746,64331978,1232,6506
64331978,64333263,1285,141270
64333263,64334279,1016,140725
64334279,64335263,984,83633
64335263,64336484,1221,139710
64336484,64337535,1051,5710
64337535,64338655,1120,281472
64338655,64339089,434,166420
64339089,64339645,556,14674
64339645,64339996,351,258262
64339996,64340918,922,245708
64340918,64342105,1187,163597
64342105,64343242,1137,29091
64343242,64344350,1108,155972
64344350,64345105,755,137154
64345105,64346352,1247,158081
64346352,64347226,874,28375
64347226,64348491,1265,166420
64348491,64349614,1123,160952
64349614,64350737,1123,19361
64350737,64351845,1108,176682
64351845,64353136,1291,8140
64353136,64354071,935,107247
64354071,64355288,1217,63101
64355288,64356548,1260,100045
64356548,64357665,1117,71531
64357665,64358924,1259,113273
64358924,64359949,1025,87508
64359949,64361055,1106,144987
64361055,64361428,373,139355
64361428,64362700,1272,98644
64362700,64363797,1097,105383
64363797,64364962,1165,14929
64364962,64366131,1169,28384
64366131,64367395,1264,138290
64367395,64368562,1167,291953
64368562,64369722,1160,100145
64369722,64370941,1219,156018
64370941,64372210,1269,126408
64372210,64373056,846,176278
64373056,64374207,1151,130486
64374207,64375237,1030,175448
64375237,64375624,387,19132
64375624,64376276,652,4687
64376276,64376541,265,102526
64376541,64376941,400,64300
64376941,64377526,585,141148
64377526,64378283,757,287359
64378283,64379110,827,131256
64379110,64380389,1279,67857
64380389,64381342,953,131228
64381342,64382479,1137,75807
64382479,64383291,812,37090
64383291,64384550,1259,55202
64384550,64384993,443,142279
64384993,64386240,1247,131106
64386240,64387504,1264,83633
64387504,64387740,236,258283
64387740,64388886,1146,139710
64388886,64389724,838,69607
64389724,64390967,1243,144021
64390967,64391701,734,176660
64391701,64392838,1137,95870
64392838,64394036,1198,23311
64394036,64395209,1173,14958
64395209,64396085,876,6541
64396085,64396315,230,102250
64396315,64397400,1085,157859
64397400,64398532,1132,6525
64398532,64399604,1072,135580
64399604,64400772,1168,92202
64400772,64401455,683,142279
64401455,64402508,1053,181961
64402508,64403753,1245,187024
64403753,64404936,1183,270777
64404936,64405847,911,234067
64405847,64407004,1157,134119
64407004,64408141,1137,130492
64408141,64409362,1221,150715
64409362,64410328,966,124224
64410328,64411579,1251,5084
64411579,64412756,1177,8675
64412756,64414034,1278,119253
64414034,64415295,1261,6541
64415295,64416550,1255,135657
64416550,64417661,1111,286306
64417661,64418984,1323,143005
64418984,64420181,1197,58433
64420181,64421243,1062,46268
64421243,64421757,514,130492
64421757,64422917,1160,11079
64422917,64424042,1125,8157
64424042,64425160,1118,106367
64425160,64426251,1091,122443
64426251,64426513,262,39515
64426513,64427669,1156,5710
64427669,64428831,1162,124439
64428831,64429515,684,38026
64429515,64430722,1207,47239
64430722,64431789,1067,115687
64431789,64433030,1241,39508
64433030,64434204,1174,295756
64434204,64435125,921,64717
64435125,64436393,1268,123715
64436393,64437569,1176,293663
64437569,64438632,1063,133273
64438632,64439652,1020,5417
64439652,64440802,1150,138115
64440802,64441011,209,46889
64441011,64442244,1233,77361
64442244,64443257,1013,101864
64443257,64444086,829,287671
64444086,64445226,1140,9010
64445226,64446492,1266,139707
64446492,64447712,1220,21393
64447712,64448541,829,129587
64448541,64448840,299,112597
64448840,64449762,922,159371
64449762,64450855,1093,130871
64450855,64451548,693,167024
64451548,64452827,1279,8675
64452827,64454067,1240,159227
64454067,64454587,520,32639
64454587,64455732,1145,295446
64455732,64456956,1224,126220
64456956,64458240,1284,148529
64458240,64459196,956,105179
64459196,64460452,1256,91801
64460452,64461557,1105,131203
64461557,64462224,667,46889
64462224,64463065,841,158816
64463065,64464298,1233,174511
64464298,64465573,1275,15446
64465573,64466606,1033,156014
64466606,64466867,261,170950
64466867,64467945,1078,5417
64467945,64469002,1057,142318
64469002,64470211,1209,150843
64470211,64471426,1215,143321
64471426,64472407,981,46889
64472407,64473587,1180,143948
64473587,64474840,1253,138486
64474840,64476071,1231,89880
64476071,64477309,1238,152831
64477309,64478664,1355,123267
64478664,64479706,1042,157644
64479706,64480830,1124,141248
64480830,64482143,1313,288043
64482143,64483260,1117,140067
64483260,64484525,1265,245708
64484525,64485674,1149,122828
64485674,64486451,777,295761
64486451,64487526,1075,69550
64487526,64488600,1074,280250
64488600,64489653,1053,143484
64489653,64490357,704,127703
64490357,64490703,346,107621
64490703,64491436,733,156981
64491436,64492394,958,22581
64492394,64493523,1129,277899
64493523,64494668,1145,128344
64494668,64495213,545,39749
64495213,64496330,1117,134463
64496330,64497471,1141,12118
64497471,64498554,1083,137597
64498554,64499659,1105,136861
64499659,64500827,1168,89735
64500827,64501239,412,24515
64501239,64502531,1292,95441
64502531,64503129,598,46240
64503129,64504171,1042,7741
64504171,64504847,676,171137
64504847,64505923,1076,5710
64505923,64507141,1218,143005
64507141,64508426,1285,181961
64508426,64509591,1165,156724
64509591,64510779,1188,131220
64510779,64510995,216,232690
64510995,64512172,1177,132537
64512172,64513296,1124,14976
64513296,64514448,1152,19376
64514448,64515696,1248,121080
64515696,64516841,1145,29110
64516841,64517892,1051,81870
64517892,64519139,1247,279849
64519139,64520308,1169,129011
64520308,64521458,1150,16632
64521458,64522560,1102,125123
64522560,64523402,842,128136
64523402,64523741,339,283462
64523741,64525058,1317,41259
64525058,64526135,1077,126794
64526135,64526338,203,282357
64526338,64527627,1289,34497
64527627,64527923,296,122441
64527923,64529133,1210,126296
64529133,64530357,1224,171134
64530357,64531384,1027,278220
64531384,64532461,1077,291107
64532461,64533719,1258,131228
64533719,64534957,1238,137154
64534957,64536070,1113,68359
64536070,64536620,550,29092
64536620,64537875,1255,161975
64537875,64539026,1151,274375
64539026,64540227,1201,300225
64540227,64541398,1171,135022
64541398,64542557,1159,294523
64542557,64543310,753,66347
64543310,64544390,1080,134451
64544390,64545705,1315,281132
64545705,64546786,1081,121103
64546786,64547731,945,183988
64547731,64548851,1120,62516
64548851,64550099,1248,106800
64550099,64551340,1241,134434
64551340,64552577,1237,26947
64552577,64553836,1259,55202
64553836,64554789,953,246893
64554789,64555442,653,26685
64555442,64556652,1210,75355
64556652,64557693,1041,294113
64557693,64558082,389,1189
64558082,64559336,1254,178030
64559336,64559539,203,162238
64559539,64560583,1044,96175
64560583,64561834,1251,61422
64561834,64563030,1196,61316
64563030,64564371,1341,39913
64564371,64565499,1128,696
64565499,64566838,1339,26853
64566838,64568103,1265,112011
64568103,64569286,1183,70998
64569286,64570487,1201,101258
64570487,64571635,1148,121085
64571635,64572581,946,130530
64572581,64573838,1257,54487
64573838,64574792,954,120281
64574792,64575824,1032,92930
64575824,64576802,978,184448
64576802,64578051,1249,76055
64578051,64578572,521,291384
64578572,64579684,1112,142824
64579684,64579972,288,176660
64579972,64581168,1196,73846
64581168,64582265,1097,82558
64582265,64582909,644,26520
64582909,64583668,759,11533
64583668,64584744,1076,112592
64584744,64585953,1209,105168
64585953,64586987,1034,133225
64586987,64587605,618,145701
64587605,64588659,1054,4654
64588659,64589866,1207,291718
64589866,64590541,675,136983
64590541,64591819,1278,284268
64591819,64592809,990,19366
64592809,64593319,510,258262
64593319,64594510,1191,123049
64594510,64595311,801,54659
64595311,64596460,1149,37090
64596460,64597607,1147,132644
64597607,64598642,1035,126796
64598642,64599196,554,39648
64599196,64600388,1192,104717
64600388,64601479,1091,6398
64601479,64602236,757,158744
64602236,64603460,1224,112011
64603460,64604285,825,62347
64604285,64605293,1008,123507
64605293,64605795,502,106370
64605795,64606704,909,292253
64606704,64607539,835,101864
64607539,64607987,448,6525
64607987,64608989,1002,176854
64608989,64610260,1271,26496
64610260,64610708,448,104890
64610708,64611349,641,245687
64611349,64612585,1236,120325
64612585,64613796,1211,140221
64613796,64614845,1049,19361
64614845,64616016,1171,129583
64616016,64617259,1243,26895
64617259,64618390,1131,134463
64618390,64619505,1115,139308
64619505,64620730,1225,295710
64620730,64621491,761,140040
64621491,64621779,288,13364
64621779,64622827,1048,155520
64622827,64624042,1215,155948
64624042,64625303,1261,296468
64625303,64626495,1192,104606
64626495,64627192,697,154838
64627192,64627468,276,130227
64627468,64627857,389,44912
64627857,64628281,424,142279
64628281,64629368,1087,278228
64629368,64629673,305,158074
64629673,64629866,193,128632
64629866,64631089,1223,277898
64631089,64632036,947,143485
64632036,64633297,1261,12971
64633297,64634478,1181,141208
64634478,64635815,1337,258970
64635815,64636078,263,26895
64636078,64637339,1261,128636
64637339,64638462,1123,110742
64638462,64639412,950,100145
64639412,64640705,1293,160953
64640705,64641940,1235,87791
64641940,64643158,1218,53458
64643158,64644413,1255,102250
64644413,64645675,1262,300047
64645675,64647006,1331,86710
64647006,64648296,1290,110706
64648296,64649497,1201,87791
64649497,64650723,1226,135635
64650723,64651987,1264,4275
64651987,64653173,1186,130566
64653173,64654335,1162,26987
64654335,64655542,1207,13269
64655542,64656093,551,723
64656093,64656846,753,129064
64656846,64658033,1187,132485
64658033,64659139,1106,10642
64659139,64660186,1047,270778
64660186,64661263,1077,169291
64661263,64661806,543,130876
64661806,64662580,774,9919
64662580,64663454,874,160953
64663454,64663678,224,24515
64663678,64664882,1204,163507
64664882,64666142,1260,134463
64666142,64666888,746,138043
64666888,64668175,1287,120277
64668175,64669200,1025,4687
64669200,64670462,1262,64588
64670462,64670763,301,129396
64670763,64671932,1169,143485
64671932,64672643,711,254918
64672643,64673804,1161,127685
64673804,64674991,1187,157859
64674991,64676190,1199,38660
64676190,64677483,1293,168626
64677483,64678711,1228,121760
64678711,64679557,846,164187
64679557,64680089,532,126965
64680089,64681032,943,163527
64681032,64682172,1140,132530
64682172,64682984,812,160593
64682984,64684081,1097,121024
64684081,64685144,1063,123135
64685144,64686397,1253,135264
64686397,64687608,1211,46712
64687608,64688709,1101,216567
64688709,64688954,245,135580
64688954,64690167,1213,65803
64690167,64691343,1176,81859
64691343,64692404,1061,365
64692404,64693616,1212,4733
64693616,64694872,1256,1560
64694872,64696016,1144,80665
64696016,64697213,1197,130876
64697213,64698381,1168,146437
64698381,64699462,1081,47030
64699462,64700469,1007,294551
64700469,64701689,1220,280922
64701689,64702760,1071,66185
64702760,64703758,998,145083
64703758,64704868,1110,110706
64704868,64705891,1023,133225
64705891,64707130,1239,9920
64707130,64707694,564,139009
64707694,64708974,1280,66465
64708974,64709942,968,122025
64709942,64711026,1084,77782
64711026,64711976,950,154671
64711976,64713194,1218,96498
64713194,64714267,1073,287657
64714267,64715474,1207,135657
64715474,64716645,1171,6557
64716645,64717888,1243,67584
64717888,64718148,260,10172
64718148,64718733,585,63101
64718733,64719559,826,136458
64719559,64719856,297,232691
64719856,64720704,848,258954
64720704,64721642,938,124990
64721642,64722683,1041,44586
64722683,64723141,458,26894
64723141,64724344,1203,110238
64724344,64724991,647,284435
64724991,64726198,1207,137483
64726198,64727019,821,6541
64727019,64727650,631,137739
64727650,64728744,1094,284445
64728744,64729769,1025,1730
64729769,64730431,662,82020
64730431,64731523,1092,138866
64731523,64732051,528,157243
64732051,64733202,1151,133424
64733202,64734295,1093,139717
64734295,64735566,1271,125123
64735566,64736757,1191,246932
64736757,64738043,1286,129752
64738043,64738248,205,71401
64738248,64739387,1139,134728
64739387,64740148,761,126965
64740148,64741409,1261,93276
64741409,64742646,1237,139336
64742646,64743844,1198,39515
64743844,64744713,869,10327
64744713,64745798,1085,130516
64745798,64746927,1129,8689
64746927,64747292,365,129388
64747292,64748411,1119,13250
64748411,64748791,380,169619
64748791,64749890,1099,126955
64749890,64750876,986,95441
64750876,64752127,1251,107517
64752127,64753038,911,84448
64753038,64754149,1111,129317
64754149,64755260,1111,73295
64755260,64756265,1005,75355
64756265,64756731,466,40544
64756731,64757665,934,279849
64757665,64758633,968,128636
64758633,64759898,1265,76043
64759898,64760693,795,139741
64760693,64761932,1239,168500
64761932,64763033,1101,123269
64763033,64764022,989,46890
64764022,64764235,213,26947
64764235,64765288,1053,96498
64765288,64765773,485,125123
64765773,64766816,1043,104483
64766816,64767964,1148,121766
64767964,64769210,1246,275885
64769210,64770330,1120,138631
64770330,64771209,879,94522
64771209,64771941,732,304535
64771941,64773059,1118,65803
64773059,64774110,1051,176256
64774110,64774689,579,112597
64774689,64775019,330,121127
64775019,64776170,1151,73958
64776170,64777015,845,274374
64777015,64778188,1173,173591
64778188,64779314,1126,169619
64779314,64780611,1297,208
64780611,64781338,727,13247
64781338,64782693,1355,54666
64782693,64783660,967,163935
64783660,64784743,1083,80192
64784743,64785341,598,366
64785341,64786052,711,136271
64786052,64787292,1240,138115
64787292,64788218,926,64956
64788218,64789475,1257,141209
64789475,64790192,717,18005
64790192,64791515,1323,87508
64791515,64792603,1088,104979
64792603,64793749,1146,89940
64793749,64794597,848,40556
64794597,64795796,1199,28375
64795796,64796654,858,271811
64796654,64797776,1122,26956
64797776,64798551,775,274379
64798551,64799606,1055,163527
64799606,64800737,1131,31089
64800737,64801295,558,139009
64801295,64802551,1256,178748
64802551,64803220,669,84010
64803220,64804327,1107,135216
64804327,64804759,432,122944
64804759,64805820,1061,32639
64805820,64807050,1230,122441
64807050,64807344,294,224746
64807344,64808464,1120,135227
64808464,64809635,1171,153733
64809635,64810692,1057,62850
64810692,64811832,1140,139727
64811832,64812743,911,133212
64812743,64813796,1053,171133
64813796,64814789,993,143895
64814789,64815895,1106,274558
64815895,64817075,1180,10088
64817075,64818270,1195,258993
64818270,64819068,798,1539
64819068,64820034,966,271811
64820034,64821277,1243,123059
64821277,64821571,294,83616
64821571,64822800,1229,138901
64822800,64824029,1229,281187
64824029,64825155,1126,82020
64825155,64825461,306,64292
64825461,64826708,1247,135635
64826708,64827853,1145,68353
64827853,64829099,1246,131722
64829099,64830344,1245,135892
64830344,64831450,1106,123500
64831450,64832244,794,112058
64832244,64833520,1276,124520
64833520,64834502,982,5911
64834502,64835395,893,90850
64835395,64836387,992,155972
64836387,64837612,1225,152842
64837612,64838521,909,133834
64838521,64839806,1285,30105
64839806,64841069,1263,7944
64841069,64842080,1011,149939
64842080,64843057,977,28465
64843057,64844010,953,155521
64844010,64845197,1187,366
64845197,64846366,1169,126208
64846366,64847323,957,231838
64847323,64848497,1174,139612
64848497,64849647,1150,75362
64849647,64850654,1007,93277
64850654,64851952,1298,290365
64851952,64853088,1136,5764
64853088,64853661,573,163381
64853661,64853855,194,19209
64853855,64854818,963,281132
64854818,64856110,1292,88484
64856110,64857427,1317,25951
64857427,64858674,1247,141713
64858674,64859605,931,233366
64859605,64860752,1147,283228
64860752,64862029,1277,125147
64862029,64862859,830,149236
64862859,64863101,242,246892
64863101,64864198,1097,54016
64864198,64865193,995,291101
64865193,64866250,1057,58778
64866250,64867261,1011,13270
64867261,64868401,1140,4654
64868401,64869466,1065,122810
64869466,64870509,1043,157242
64870509,64871480,971,4479
64871480,64872493,1013,128310
64872493,64873421,928,121799
64873421,64874605,1184,57837
64874605,64875754,1149,176854
64875754,64876988,1234,26685
64876988,64878213,1225,271817
64878213,64878440,227,124547
64878440,64879623,1183,136863
64879623,64880878,1255,756
64880878,64881433,555,159371
64881433,64882386,953,106611
64882386,64883363,977,94876
64883363,64884712,1349,177641
64884712,64885824,1112,101289
64885824,64886987,1163,117382
64886987,64888252,1265,146346
64888252,64889191,939,141268
64889191,64890304,1113,282412
64890304,64891497,1193,216564
64891497,64892582,1085,167022
64892582,64893242,660,83633
64893242,64893805,563,133395
64893805,64894820,1015,127696
64894820,64895782,962,130878
64895782,64896209,427,11734
64896209,64897467,1258,131732
64897467,64898600,1133,128331
64898600,64899695,1095,142733
64899695,64900916,1221,135264
64900916,64902084,1168,6398
64902084,64903078,994,68344
64903078,64904244,1166,142279
64904244,64905326,1082,131735
64905326,64906393,1067,72200
64906393,64907628,1235,171109
64907628,64908175,547,121392
64908175,64909102,927,15081
64909102,64910286,1184,25951
64910286,64911515,1229,39971
64911515,64911865,350,122545
64911865,64913142,1277,107520
64913142,64914361,1219,6398
64914361,64915590,1229,64713
64915590,64915815,225,119637
64915815,64916808,993,137739
64916808,64917995,1187,125943
64917995,64919156,1161,152824
64919156,64920313,1157,73732
64920313,64921387,1074,4447
64921387,64922490,1103,9203
64922490,64923607,1117,141268
64923607,64924598,991,155151
64924598,64925757,1159,116805
64925757,64926012,255,141242
64926012,64927175,1163,15081
64927175,64927672,497,131220
64927672,64928871,1199,143895
64928871,64930189,1318,107627
64930189,64931427,1238,52088
64931427,64932204,777,47239
64932204,64932977,773,184447
64932977,64934249,1272,58776
64934249,64935021,772,126965
64935021,64936052,1031,94526
64936052,64937031,979,3961
64937031,64937367,336,19208
64937367,64937898,531,132891
64937898,64939105,1207,36641
64939105,64939791,686,110705
64939791,64940858,1067,101832
64940858,64941740,882,178449
64941740,64942999,1259,125147
64942999,64943738,739,281188
64943738,64944881,1143,133442
64944881,64946026,1145,39967
64946026,64946930,904,161975
64946930,64947133,203,46889
64947133,64948219,1086,139009
64948219,64949396,1177,139200
64949396,64950367,971,132537
64950367,64951604,1237,137483
64951604,64952950,1346,287357
64952950,64954166,1216,140222
64954166,64955147,981,283138
64955147,64956246,1099,19361
64956246,64957241,995,126829
64957241,64957856,615,136280
64957856,64959041,1185,14497
64959041,64960296,1255,101864
64960296,64961557,1261,108005
64961557,64962806,1249,159227
64962806,64964065,1259,279233
64964065,64965280,1215,2301
64965280,64966398,1118,122863
64966398,64967663,1265,6557
64967663,64968142,479,63111
64968142,64969343,1201,75242
64969343,64970584,1241,121064
64970584,64971681,1097,138047
64971681,64972568,887,143485
64972568,64973666,1098,144987
64973666,64974757,1091,4158
64974757,64975996,1239,122806
64975996,64977301,1305,26496
64977301,64978526,1225,8689
64978526,64979746,1220,258263
64979746,64981038,1292,88007
64981038,64982058,1020,8140
64982058,64983107,1049,157243
64983107,64984347,1240,21498
64984347,64985072,725,129011
64985072,64985231,159,187466
64985231,64986392,1161,286306
64986392,64987409,1017,146197
64987409,64988481,1072,167023
64988481,64989651,1170,862
64989651,64990834,1183,231862
64990834,64992027,1193,133442
64992027,64992302,275,12332
64992302,64993462,1160,134636
64993462,64994425,963,57667
64994425,64995562,1137,138047
64995562,64996900,1338,135826
64996900,64997953,1053,156230
64997953,64999036,1083,290901
64999036,65000178,1142,83607
65000178,65001109,931,130876
65001109,65001558,449,91072
65001558,65002038,480,131220
65002038,65003294,1256,109174
65003294,65004446,1152,63105
65004446,65005405,959,132848
65005405,65006206,801,117382
65006206,65007377,1171,121413
65007377,65008163,786,141571
65008163,65009167,1004,36641
65009167,65010410,1243,24514
65010410,65011384,974,27504
65011384,65012041,657,171137
65012041,65013235,1194,282386
65013235,65013915,680,69607
65013915,65015149,1234,1187
65015149,65016351,1202,50776
65016351,65017496,1145,113273
65017496,65017777,281,129587
65017777,65018002,225,128329
65018002,65019207,1205,161166
65019207,65020126,919,6556
65020126,65021311,1185,158744
65021311,65022436,1125,130533
65022436,65023667,1231,81881
65023667,65024602,935,147110
65024602,65025676,1074,90852
65025676,65026966,1290,302111
65026966,65027347,381,136458
65027347,65027936,589,123283
65027936,65029062,1126,141148
65029062,65030056,994,294120
65030056,65030586,530,259009
65030586,65031515,929,121069
65031515,65032618,1103,156015
65032618,65033722,1104,262305
65033722,65034297,575,136271
65034297,65035614,1317,5416
65035614,65036833,1219,86683
65036833,65037808,975,142858
65037808,65038845,1037,91072
65038845,65039426,581,135229
65039426,65039887,461,165387
65039887,65040174,287,86026
65040174,65040588,414,700
65040588,65041053,465,5703
65041053,65042047,994,141571
65042047,65043244,1197,8592
65043244,65044343,1099,103126
65044343,65045359,1016,4445
65045359,65046245,886,152842
65046245,65047467,1222,159056
65047467,65048612,1145,39501
65048612,65049069,457,114256
65049069,65050073,1004,26853
65050073,65051287,1214,284445
65051287,65052533,1246,107621
65052533,65053725,1192,134312
65053725,65054889,1164,130878
65054889,65055727,838,126408
65055727,65056729,1002,123176
65056729,65057944,1215,284433
65057944,65059166,1222,129983
65059166,65060167,1001,173591
65060167,65061351,1184,142279
65061351,65062516,1165,40571
65062516,65063463,947,10642
65063463,65064726,1263,26951
65064726,65065831,1105,126959
65065831,65066951,1120,125127
65066951,65067893,942,258974
65067893,65069099,1206,282926
65069099,65070405,1306,123049
65070405,65071515,1110,168500
65071515,65072766,1251,34497
65072766,65073821,1055,136054
65073821,65074421,600,9914
65074421,65075657,1236,23281
65075657,65076720,1063,46240
65076720,65077908,1188,53638
65077908,65078188,280,86679
65078188,65079426,1238,85684
65079426,65080551,1125,130184
65080551,65081731,1180,134420
65081731,65082120,389,131295
65082120,65083337,1217,141721
65083337,65084578,1241,13056
65084578,65085763,1185,13185
65085763,65086704,941,86741
65086704,65087969,1265,109176
65087969,65088616,647,106800
65088616,65089528,912,138115
65089528,65089915,387,58869
65089915,65091008,1093,129513
65091008,65092230,1222,8157
65092230,65093470,1240,74797
65093470,65094400,930,46243
65094400,65095452,1052,145083
65095452,65096694,1242,143948
65096694,65097796,1102,157242
65097796,65098965,1169,258283
65098965,65100146,1181,127691
65100146,65101079,933,245708
65101079,65102326,1247,153309
65102326,65103232,906,141270
65103232,65104483,1251,141642
65104483,65105295,812,95870
65105295,65106461,1166,178030
65106461,65106632,171,71402
65106632,65107587,955,187005
65107587,65108842,1255,89388
65108842,65110140,1298,101276
65110140,65111318,1178,756
65111318,65112485,1167,5341
65112485,65113440,955,120280
65113440,65114651,1211,145138
65114651,65115906,1255,109656
65115906,65117168,1262,82020
65117168,65118241,1073,123268
65118241,65119327,1086,130870
65119327,65120645,1318,94526
65120645,65121759,1114,44577
65121759,65123002,1243,65820
65123002,65123860,858,139308
65123860,65124409,549,143625
65124409,65125570,1161,106611
65125570,65126842,1272,240992
65126842,65128142,1300,174953
65128142,65129383,1241,125140
65129383,65130561,1178,176698
65130561,65131248,687,11243
65131248,65132387,1139,120277
65132387,65133367,980,4445
65133367,65134486,1119,279849
65134486,65135647,1161,285137
65135647,65136872,1225,132499
65136872,65137454,582,164188
65137454,65138651,1197,64956
65138651,65139604,953,112593
65139604,65140407,803,284428
65140407,65141487,1080,142320
65141487,65142552,1065,18005
65142552,65143692,1140,138631
65143692,65144771,1079,103120
65144771,65146031,1260,101276
65146031,65146222,191,47541
65146222,65147427,1205,696
65147427,65147934,507,26982
65147934,65148855,921,132776
65148855,65150128,1273,5912
65150128,65151263,1135,6398
65151263,65152210,947,141268
65152210,65153350,1140,199
65153350,65154400,1050,300047
65154400,65154703,303,46243
65154703,65155959,1256,58778
65155959,65157030,1071,143022
65157030,65158144,1114,80197
65158144,65159224,1080,121069
65159224,65160462,1238,84010
65160462,65161123,661,129325
65161123,65162257,1134,9010
65162257,65163308,1051,147173
65163308,65164312,1004,164100
65164312,65165447,1135,231838
65165447,65166691,1244,143321
65166691,65167733,1042,58090
65167733,65168998,1265,123172
65168998,65169439,441,293963
65169439,65170710,1271,169656
65170710,65171739,1029,126955
65171739,65172614,875,117866
65172614,65173459,845,134451
65173459,65174754,1295,166433
65174754,65175993,1239,48362
65175993,65176872,879,39970
65176872,65178123,1251,39501
65178123,65178577,454,136863
65178577,65179500,923,126410
65179500,65180674,1174,143485
65180674,65181347,673,125140
65181347,65182420,1073,169291
65182420,65182770,350,68361
65182770,65183787,1017,4731
65183787,65185010,1223,91072
65185010,65186077,1067,12715
65186077,65187141,1064,156968
65187141,65187986,845,279856
65187986,65188937,951,105002
65188937,65189386,449,23281
65189386,65190594,1208,120318
65190594,65191809,1215,18527
65191809,65192071,262,7239
65192071,65193152,1081,167024
65193152,65194465,1313,156154
65194465,65194890,425,168198
65194890,65195972,1082,132800
65195972,65197130,1158,144485
65197130,65198187,1057,139743
65198187,65198705,518,107480
65198705,65199774,1069,98877
65199774,65200923,1149,106367
65200923,65201930,1007,139290
65201930,65202813,883,157636
65202813,65204036,1223,23295
65204036,65205287,1251,81870
65205287,65206422,1135,152825
65206422,65207463,1041,130548
65207463,65208598,1135,47030
65208598,65209837,1239,87732
65209837,65211036,1199,144987
65211036,65211366,330,300047
65211366,65212517,1151,158081
65212517,65213674,1157,294700
65213674,65214775,1101,132717
65214775,65215686,911,32856
65215686,65215941,255,137141
65215941,65217162,1221,41259
65217162,65217501,339,136983
65217501,65218583,1082,131751
65218583,65219680,1097,155972
65219680,65220859,1179,148522
65220859,65221903,1044,107517
65221903,65223026,1123,73848
65223026,65224084,1058,273050
65224084,65225228,1144,83607
65225228,65226379,1151,104890
65226379,65227526,1147,122614
65227526,65228496,970,127731
65228496,65229543,1047,5764
65229543,65230178,635,295446
65230178,65231397,1219,137154
65231397,65231954,557,129623
65231954,65232449,495,142824
65232449,65233414,965,156757
65233414,65234575,1161,126851
65234575,65235685,1110,77361
65235685,65236348,663,126929
65236348,65237547,1199,6397
65237547,65238828,1281,31629
65238828,65240037,1209,133239
65240037,65241168,1131,723
65241168,65242476,1308,158796
65242476,65243084,608,275218
65243084,65243993,909,73848
65243993,65245241,1248,3961
65245241,65245538,297,163380
65245538,65246619,1081,134170
65246619,65247838,1219,5417
65247838,65248977,1139,21498
65248977,65250090,1113,95959
65250090,65251493,1403,122544
65251493,65252833,1340,138113
65252833,65254085,1252,81858
65254085,65255264,1179,281187
65255264,65256526,1262,107480
65256526,65257697,1171,121416
65257697,65258955,1258,160958
65258955,65259942,987,104483
65259942,65260295,353,46890
65260295,65260652,357,126600
65260652,65261327,675,129974
65261327,65262605,1278,3961
65262605,65263869,1264,184447
65263869,65265128,1259,290351
65265128,65266094,966,131735
65266094,65267327,1233,178748
65267327,65268568,1241,121674
65268568,65269054,486,142279
65269054,65270247,1193,105383
65270247,65271523,1276,152826
65271523,65272727,1204,98877
65272727,65273970,1243,145088
65273970,65275077,1107,88007
65275077,65276337,1260,64588
65276337,65277221,884,127522
65277221,65278481,1260,96498
65278481,65279686,1205,16002
65279686,65280833,1147,121541
65280833,65281186,353,98878
65281186,65281979,793,110128
65281979,65283103,1124,170976
65283103,65284260,1157,135894
65284260,65285559,1299,11533
65285559,65286775,1216,10702
65286775,65287462,687,51162
65287462,65288667,1205,8674
65288667,65289542,875,134465
65289542,65290592,1050,136054
65290592,65291331,739,154838
65291331,65291956,625,169291
65291956,65293006,1050,7944
65293006,65294227,1221,121415
65294227,65295438,1211,26496
65295438,65295633,195,164187
65295633,65296829,1196,4731
65296829,65298094,1265,12471
65298094,65299022,928,86765
65299022,65300122,1100,126826
65300122,65301147,1025,166420
65301147,65302196,1049,64292
65302196,65303316,1120,162239
65303316,65303950,634,258974
65303950,65304304,354,61776
65304304,65305390,1086,15082
65305390,65306563,1173,143895
65306563,65307746,1183,6525
65307746,65308431,685,142848
65308431,65309628,1197,121024
65309628,65310866,1238,7884
65310866,65311569,703,134717
65311569,65312831,1262,724
65312831,65314085,1254,112761
65314085,65314790,705,148312
65314790,65315856,1066,142824
65315856,65317038,1182,163322
65317038,65318201,1163,176680
65318201,65319398,1197,64713
65319398,65320458,1060,58192
65320458,65321669,1211,171109
65321669,65322934,1265,140071
65322934,65324185,1251,46268
65324185,65325433,1248,156977
65325433,65326668,1235,125883
65326668,65327539,871,304541
65327539,65328711,1172,130900
65328711,65329773,1062,18527
65329773,65330789,1016,287660
65330789,65332024,1235,176270
65332024,65333231,1207,103126
65333231,65334408,1177,134991
65334408,65335625,1217,44582
65335625,65336902,1277,122544
65336902,65337697,795,68353
65337697,65338568,871,122627
65338568,65339812,1244,76043
65339812,65341017,1205,107627
65341017,65342204,1187,134707
65342204,65343377,1173,124547
65343377,65343672,295,48525
65343672,65344804,1132,27504
65344804,65345949,1145,36641
65345949,65346965,1016,67233
65346965,65348235,1270,110526
65348235,65349472,1237,145703
65349472,65350581,1109,31629
65350581,65351724,1143,258960
65351724,65352916,1192,147159
65352916,65354123,1207,130989
65354123,65355306,1183,39967
65355306,65356538,1232,105168
65356538,65357596,1058,63111
65357596,65358298,702,121415
65358298,65359631,1333,142858
65359631,65360634,1003,169293
65360634,65361818,1184,216570
65361818,65363024,1206,9174
65363024,65364134,1110,216570
65364134,65365321,1187,132782
65365321,65366559,1238,11528
65366559,65367499,940,293663
65367499,65368709,1210,176698
65368709,65369939,1230,11546
65369939,65371105,1166,48842
65371105,65372015,910,122876
65372015,65373120,1105,65772
65373120,65374371,1251,290351
65374371,65375124,753,121907
65375124,65376245,1121,296468
65376245,65377282,1037,127936
65377282,65378556,1274,2503
65378556,65379660,1104,291953
65379660,65380839,1179,84349
65380839,65382107,1268,70843
65382107,65382440,333,9342
65382440,65383557,1117,139307
65383557,65384020,463,287837
65384020,65385207,1187,151817
65385207,65385425,218,58192
65385425,65386687,1262,23281
65386687,65387802,1115,134816
65387802,65388776,974,1043
65388776,65389607,831,8157
65389607,65390624,1017,86765
65390624,65391255,631,110526
65391255,65392554,1299,134657
65392554,65393530,976,157236
65393530,65394693,1163,149739
65394693,65395793,1100,140222
65395793,65397049,1256,73847
65397049,65398173,1124,244431
65398173,65399431,1258,105574
65399431,65400708,1277,103126
65400708,65401419,711,141571
65401419,65402529,1110,68762
65402529,65402966,437,122944
65402966,65403669,703,127518
65403669,65404829,1160,133273
65404829,65406124,1295,185457
65406124,65407209,1085,19366
65407209,65408221,1012,139307
65408221,65408628,407,291381
65408628,65409637,1009,144965
65409637,65410454,817,172165
65410454,65411619,1165,139710
65411619,65412815,1196,144987
65412815,65413732,917,4861
65413732,65414773,1041,101884
65414773,65416016,1243,23281
65416016,65416949,933,126945
65416949,65418237,1288,128036
65418237,65419494,1257,700
65419494,65420081,587,123197
65420081,65421118,1037,76974
65421118,65422373,1255,12332
65422373,65423484,1111,137004
65423484,65424686,1202,138656
65424686,65425921,1235,10160
65425921,65427175,1254,132718
65427175,65427966,791,10160
65427966,65429170,1204,120330
65429170,65430353,1183,25766
65430353,65431381,1028,25563
65431381,65431993,612,293963
65431993,65433005,1012,39910
65433005,65433961,956,285137
65433961,65434881,920,14274
65434881,65435972,1091,160984
65435972,65436282,310,142279
65436282,65437037,755,127525
65437037,65438193,1156,12926
65438193,65439389,1196,126961
65439389,65440607,1218,41933
65440607,65441840,1233,146346
65441840,65442124,284,3582
65442124,65442807,683,157243
65442807,65443968,1161,182389
65443968,65445266,1298,163612
65445266,65446449,1183,66185
65446449,65447649,1200,123267
65447649,65448423,774,127704
65448423,65448890,467,72311
65448890,65449925,1035,106800
65449925,65451144,1219,723
65451144,65451817,673,128036
65451817,65452878,1061,143895
65452878,65454038,1160,3966
65454038,65455211,1173,130974
65455211,65456077,866,75791
65456077,65457084,1007,76044
65457084,65458080,996,153728
65458080,65458945,865,25563
65458945,65460222,1277,101265
65460222,65460614,392,150915
65460614,65461890,1276,110522
65461890,65462997,1107,39970
65462997,65464224,1227,282412
65464224,65464909,685,39913
65464909,65465856,947,139710
65465856,65466960,1104,138488
65466960,65468106,1146,861
65468106,65469044,938,18527
65469044,65470207,1163,144485
65470207,65471111,904,156718
65471111,65472099,988,121730
65472099,65473323,1224,135897
65473323,65473433,110,128036
65473433,65474716,1283,127936
65474716,65475785,1069,231862
65475785,65476846,1061,128631
65476846,65477820,974,18527
65477820,65478945,1125,138032
65478945,65479937,992,110742
65479937,65481110,1173,133227
65481110,65481669,559,157056
65481669,65482713,1044,143895
65482713,65483318,605,696
65483318,65484545,1227,107483
65484545,65485795,1250,9920
65485795,65487041,1246,126296
65487041,65488339,1298,50777
65488339,65489458,1119,10642
65489458,65490534,1076,125084
65490534,65490957,423,45204
65490957,65491147,190,300225
65491147,65492340,1193,123163
65492340,65493599,1259,130870
65493599,65494772,1173,366
65494772,65495411,639,110522
65495411,65496520,1109,279153
65496520,65497467,947,279153
65497467,65498714,1247,155521
65498714,65499842,1128,142363
65499842,65501082,1240,220979
65501082,65502075,993,50778
65502075,65503169,1094,155972
65503169,65504097,928,143625
65504097,65505274,1177,139743
65505274,65506127,853,294114
65506127,65506592,465,138901
65506592,65507828,1236,124224
65507828,65508999,1171,147159
65508999,65509621,622,279153
65509621,65510848,1227,123033
65510848,65511025,177,65554
65511025,65511384,359,104890
65511384,65512598,1214,71550
65512598,65513809,1211,96241
65513809,65514026,217,24731
65514026,65514787,761,290365
65514787,65515939,1152,101864
65515939,65517158,1219,57154
65517158,65517541,383,246904
65517541,65518637,1096,53458
65518637,65518947,310,126292
65518947,65520263,1316,121799
65520263,65521459,1196,165387
65521459,65522081,622,157236
65522081,65523043,962,134119
65523043,65524284,1241,131040
65524284,65525233,949,84121
65525233,65526280,1047,110056
65526280,65527252,972,274549
65527252,65528278,1026,1129
65528278,65529419,1141,58778
65529419,65530626,1207,125943
65530626,65531894,1268,139743
65531894,65532558,664,132299
65532558,65533829,1271,162238
65533829,65534681,852,115047
65534681,65535879,1198,10327
65535879,65536331,452,280922
65536331,65537554,1223,121543
65537554,65538698,1144,142733
65538698,65539122,424,31629
65539122,65540456,1334,142858
65540456,65540918,462,164188
65540918,65541745,827,44577
65541745,65542946,1201,164101
65542946,65544069,1123,127731
65544069,65544381,312,134463
65544381,65545501,1120,39971
65545501,65546102,601,130870
65546102,65547328,1226,275128
65547328,65548374,1046,101580
65548374,65549530,1156,147159
65549530,65549877,347,133442
65549877,65551036,1159,12971
65551036,65552171,1135,154671
65552171,65552347,176,150916
65552347,65552936,589,61776
65552936,65553980,1044,126955
65553980,65555086,1106,139336
65555086,65556226,1140,122441
65556226,65557511,1285,113272
65557511,65558714,1203,142733
65558714,65559935,1221,54487
65559935,65561138,1203,147159
65561138,65562316,1178,130131
65562316,65563082,766,7793
65563082,65564134,1052,103126
65564134,65565050,916,290350
65565050,65566131,1081,126739
65566131,65567304,1173,131259
65567304,65568535,1231,142750
65568535,65569636,1101,54006
65569636,65570826,1190,72876
65570826,65571676,850,699
65571676,65571987,311,5083
65571987,65572768,781,56778
65572768,65573860,1092,121415
65573860,65574570,710,59239
65574570,65575725,1155,4275
65575725,65576706,981,134657
65576706,65577426,720,171107
65577426,65578647,1221,105383
65578647,65579195,548,40556
65579195,65579383,188,147159
65579383,65580616,1233,282386
65580616,65580972,356,162238
65580972,65582269,1297,296468
65582269,65583069,800,300343
65583069,65583372,303,132499
65583372,65584577,1205,291107
65584577,65585794,1217,274379
65585794,65586404,610,129396
65586404,65587590,1186,108640
65587590,65588517,927,289242
65588517,65589820,1303,185488
65589820,65590894,1074,10344
65590894,65592107,1213,127696
65592107,65592921,814,105179
65592921,65594143,1222,135220
65594143,65594945,802,104890
65594945,65596104,1159,104890
65596104,65596525,421,176660
65596525,65597746,1221,1187
65597746,65599027,1281,141242
65599027,65600314,1287,122544
65600314,65601594,1280,122828
65601594,65602814,1220,142744
65602814,65604037,1223,274376
65604037,65605230,1193,96151
65605230,65606329,1099,139612
65606329,65607576,1247,258993
65607576,65608073,497,271812
65608073,65609292,1219,121069
65609292,65610381,1089,136280
65610381,65610986,605,176853
65610986,65611937,951,96168
65611937,65613142,1205,129515
65613142,65614347,1205,131722
65614347,65614800,453,122944
65614800,65615882,1082,294114
65615882,65616753,871,276735
65616753,65617989,1236,145083
65617989,65619175,1186,144135
65619175,65620312,1137,163612
65620312,65620868,556,140718
65620868,65621812,944,111754
65621812,65622747,935,66184
65622747,65624023,1276,39501
65624023,65625004,981,176256
65625004,65626276,1272,141642
65626276,65627061,785,127685
65627061,65628130,1069,125127
65628130,65629331,1201,120330
65629331,65630404,1073,116805
65630404,65631418,1014,162129
65631418,65631785,367,18005
65631785,65633068,1283,76046
65633068,65634264,1196,155520
65634264,65635367,1103,146123
65635367,65636216,849,88349
65636216,65637330,1114,19366
65637330,65638658,1328,129994
65638658,65639678,1020,39501
65639678,65640820,1142,117095
65640820,65641739,919,37999
65641739,65642200,461,101884
65642200,65643413,1213,14497
65643413,65644686,1273,103481
65644686,65645953,1267,86683
65645953,65647038,1085,160953
65647038,65647724,686,1731
65647724,65648681,957,5764
65648681,65649825,1144,395
65649825,65651026,1201,123268
65651026,65651458,432,46267
65651458,65652175,717,138042
65652175,65653389,1214,5703
65653389,65654429,1040,102612
65654429,65655602,1173,163518
65655602,65656330,728,122626
65656330,65657503,1173,133834
65657503,65658724,1221,16003
65658724,65660004,1280,216570
65660004,65660759,755,36956
65660759,65661751,992,121543
65661751,65662853,1102,11244
65662853,65664132,1279,123215
65664132,65665307,1175,86777
65665307,65666513,1206,163607
65666513,65667739,1226,68192
65667739,65668075,336,140651
65668075,65669242,1167,169619
65669242,65670581,1339,127732
65670581,65671607,1026,122827
65671607,65672855,1248,282412
65672855,65673558,703,54006
65673558,65674835,1277,85640
65674835,65675850,1015,132800
65675850,65676693,843,1189
65676693,65677930,1237,64708
65677930,65679086,1156,9010
65679086,65680189,1103,30101
65680189,65681320,1131,3587
65681320,65682449,1129,153309
65682449,65683633,1184,398
65683633,65684453,820,64708
65684453,65685402,949,86679
65685402,65685972,570,65820
65685972,65687167,1195,121671
65687167,65688514,1347,132782
65688514,65689555,1041,186230
65689555,65690634,1079,700
65690634,65691547,913,13250
65691547,65692523,976,133395
65692523,65692777,254,130627
65692777,65693895,1118,138486
65693895,65695116,1221,8927
65695116,65695742,626,102526
65695742,65697039,1297,141240
65697039,65698167,1128,123135
65698167,65699438,1271,283462
65699438,65699805,367,67857
65699805,65700894,1089,163505
65700894,65702086,1192,133424
65702086,65703153,1067,149890
65703153,65704433,1280,140222
65704433,65705701,1268,39913
65705701,65706846,1145,135264
65706846,65708007,1161,134728
65708007,65709105,1098,167609
65709105,65710276,1171,138290
65710276,65711375,1099,92812
65711375,65712559,1184,159386
65712559,65713782,1223,104717
65713782,65715042,1260,135826
65715042,65716219,1177,296473
65716219,65717420,1201,135897
65717420,65718662,1242,141268
65718662,65719501,839,12544
65719501,65720370,869,89390
65720370,65721623,1253,84448
65721623,65722568,945,294523
65722568,65723866,1298,130296
65723866,65725028,1162,139336
65725028,65725906,878,12332
65725906,65726493,587,70919
65726493,65727671,1178,13364
65727671,65728339,668,60774
65728339,65729470,1131,127595
65729470,65730733,1263,113273
65730733,65731219,486,94522
65731219,65732298,1079,96498
65732298,65733495,1197,291107
65733495,65734425,930,254948
65734425,65735436,1011,24731
65735436,65736763,1327,135657
65736763,65738002,1239,75242
65738002,65739169,1167,149939
65739169,65740079,910,65772
65740079,65740295,216,139710
65740295,65741338,1043,150843
65741338,65742590,1252,295445
65742590,65743642,1052,95963
65743642,65743925,283,128660
65743925,65744901,976,104491
65744901,65745874,973,244431
65745874,65747101,1227,293663
65747101,65748408,1307,22574
65748408,65748761,353,107479
65748761,65749514,753,121106
65749514,65749825,311,284433
65749825,65751044,1219,29092
65751044,65751409,365,14936
65751409,65752372,963,49755
65752372,65753634,1262,64713
65753634,65754849,1215,124221
65754849,65756032,1183,133630
65756032,65756217,185,132800
65756217,65757239,1022,72927
65757239,65758436,1197,6175
65758436,65759624,1188,142320
65759624,65760681,1057,126313
65760681,65761996,1315,135826
65761996,65762905,909,292252
65762905,65764090,1185,63839
65764090,65765247,1157,296159
65765247,65766545,1298,86765
65766545,65767646,1101,6556
65767646,65768197,551,140651
65768197,65769208,1011,75355
65769208,65770381,1173,10642
65770381,65771431,1050,164327
65771431,65772712,1281,41166
65772712,65773803,1091,124595
65773803,65773912,109,122467
65773912,65774901,989,160592
65774901,65776230,1329,152265
65776230,65777388,1158,148529
65777388,65778453,1065,141320
65778453,65779441,988,161217
65779441,65780424,983,131735
65780424,65781705,1281,157056
65781705,65782936,1231,55856
65782936,65784056,1120,66184
65784056,65784962,906,149880
65784962,65786231,1269,8689
65786231,65787419,1188,119637
65787419,65788687,1268,91072
65788687,65789022,335,296465
65789022,65790192,1170,139035
65790192,65790615,423,142824
65790615,65791684,1069,130544
65791684,65792875,1191,143625
65792875,65793738,863,73846
65793738,65794672,934,138617
65794672,65795701,1029,76044
65795701,65796770,1069,86732
65796770,65797070,300,26947
65797070,65798284,1214,171133
65798284,65799557,1273,44586
65799557,65800811,1254,75362
65800811,65801258,447,142752
65801258,65801803,545,109662
65801803,65802991,1188,154838
65802991,65804160,1169,121080
65804160,65804729,569,158081
65804729,65805003,274,146770
65805003,65805831,828,75791
65805831,65806851,1020,66465
65806851,65807838,987,8927
65807838,65809120,1282,163322
65809120,65810375,1255,84447
65810375,65811409,1034,1119
65811409,65812623,1214,31089
65812623,65813238,615,136271
65813238,65814338,1100,122441
65814338,65815621,1283,27504
65815621,65816690,1069,10822
65816690,65817819,1129,86026
65817819,65818843,1024,182396
65818843,65819996,1153,42637
65819996,65821205,1209,119295
65821205,65822294,1089,110061
65822294,65823243,949,121064
65823243,65824456,1213,108640
65824456,65824974,518,258993
65824974,65826200,1226,129393
65826200,65827388,1188,130530
65827388,65828439,1051,258986
65828439,65829653,1214,160958
65829653,65830832,1179,144965
65830832,65832085,1253,147045
65832085,65833273,1188,270778
65833273,65834090,817,138290
65834090,65835301,1211,5416
65835301,65836487,1186,59167
65836487,65837670,1183,134121
65837670,65838767,1097,146123
65838767,65839830,1063,111961
65839830,65840524,694,169293
65840524,65840786,262,1562
65840786,65841971,1185,11243
65841971,65843146,1175,143477
65843146,65844019,873,129393
65844019,65844270,251,293663
65844270,65845417,1147,121106
65845417,65846482,1065,141613
65846482,65847576,1094,142320
65847576,65847857,281,283242
65847857,65848258,401,140041
65848258,65848764,506,234100
65848764,65849839,1075,723
65849839,65851082,1243,127685
65851082,65852349,1267,106800
65852349,65852956,607,98645
65852956,65853995,1039,291608
65853995,65855091,1096,130549
65855091,65855545,454,163380
65855545,65856688,1143,131295
65856688,65857661,973,128309
65857661,65858115,454,24732
65858115,65859322,1207,104491
65859322,65859863,541,128331
65859863,65860528,665,109663
65860528,65861791,1263,134316
65861791,65863114,1323,141268
65863114,65864029,915,94523
65864029,65865274,1245,121416
65865274,65866289,1015,148312
65866289,65867061,772,82458
65867061,65867966,905,143264
65867966,65868193,227,245691
65868193,65868784,591,224746
65868784,65870074,1290,121413
65870074,65870727,653,73847
65870727,65872024,1297,130164
65872024,65872956,932,130974
65872956,65874144,1188,106611
65874144,65874553,409,121528
65874553,65875783,1230,280250
65875783,65876965,1182,80189
65876965,65878070,1105,59239
65878070,65879363,1293,1532
65879363,65880631,1268,19376
65880631,65881728,1097,278217
65881728,65882295,567,68773
65882295,65883464,1169,136483
65883464,65884422,958,143625
65884422,65885019,597,128632
65885019,65886224,1205,141148
65886224,65887516,1292,124526
65887516,65888751,1235,167022
65888751,65889661,910,150127
65889661,65890922,1261,135892
65890922,65891901,979,89735
65891901,65893133,1232,10172
65893133,65894282,1149,138888
65894282,65895420,1138,121671
65895420,65896673,1253,276749
65896673,65897789,1116,262291
65897789,65898675,886,274549
65898675,65899916,1241,46890
65899916,65901025,1109,116805
65901025,65902013,988,134312
65902013,65903246,1233,147971
65903246,65904040,794,163519
65904040,65905124,1084,156967
65905124,65905281,157,25765
65905281,65906465,1184,66622
65906465,65907306,841,293987
65907306,65908340,1034,2772
65908340,65909630,1290,10673
65909630,65910929,1299,7622
65910929,65912186,1257,7894
65912186,65912533,347,123190
65912533,65913672,1139,15446
65913672,65914723,1051,161166
65914723,65916011,1288,4136
65916011,65917249,1238,174132
65917249,65918493,1244,2301
65918493,65919756,1263,163935
65919756,65920873,1117,88489
65920873,65922178,1305,14274
65922178,65923437,1259,159230
65923437,65923804,367,126410
65923804,65925107,1303,14929
65925107,65926324,1217,137154
65926324,65927535,1211,145088
65927535,65928514,979,139308
65928514,65929617,1103,169619
65929617,65930836,1219,142745
65930836,65931873,1037,121766
65931873,65933048,1175,89940
65933048,65933884,836,157242
65933884,65935060,1176,48831
65935060,65936342,1282,296395
65936342,65937263,921,220951
65937263,65938428,1165,39660
65938428,65939542,1114,11077
65939542,65940581,1039,91192
65940581,65941670,1089,101864
65941670,65942091,421,7943
65942091,65942878,787,63105
65942878,65944142,1264,144496
65944142,65945230,1088,109174
65945230,65946032,802,104890
65946032,65947196,1164,231834
65947196,65948477,1281,104391
65948477,65948770,293,72205
65948770,65949443,673,114452
65949443,65950162,719,102381
65950162,65951134,972,131748
65951134,65952025,891,73957
65952025,65953279,1254,118119
65953279,65954390,1111,279363
65954390,65955459,1069,58763
65955459,65956654,1195,142318
65956654,65957854,1200,147110
65957854,65958968,1114,12926
65958968,65960184,1216,138548
65960184,65961545,1361,1043
65961545,65962701,1156,296473
65962701,65963005,304,68770
65963005,65963340,335,128309
65963340,65964553,1213,56840
65964553,65965561,1008,216570
65965561,65965820,259,11077
65965820,65967054,1234,135892
65967054,65968069,1015,295710
65968069,65968986,917,165701
65968986,65969420,434,141148
65969420,65970195,775,117384
65970195,65971210,1015,121416
65971210,65972250,1040,109176
65972250,65972796,546,4687
65972796,65973942,1146,18004
65973942,65974195,253,176660
65974195,65974470,275,275212
65974470,65975684,1214,98645
65975684,65976857,1173,126539
65976857,65978099,1242,132864
65978099,65978648,549,138047
65978648,65979935,1287,398
65979935,65981098,1163,92935
65981098,65982225,1127,61316
65982225,65982753,528,232691
65982753,65983998,1245,135659
65983998,65985150,1152,127694
65985150,65986099,949,130127
65986099,65987326,1227,163381
65987326,65988598,1272,126832
65988598,65988983,385,4654
65988983,65989937,954,56174
65989937,65990859,922,158074
65990859,65992093,1234,861
65992093,65993350,1257,167022
65993350,65993817,467,6525
65993817,65995026,1209,700
65995026,65996293,1267,11077
65996293,65997494,1201,5776
65997494,65998686,1192,132485
65998686,65999971,1285,122827
65999971,66001122,1151,258262
66001122,66002247,1125,146346
66002247,66003416,1169,149881
66003416,66004503,1087,10344
66004503,66005003,500,129623
66005003,66006047,1044,65554
66006047,66006595,548,129393
66006595,66007610,1015,66622
66007610,66008742,1132,142311
66008742,66009793,1051,4687
66009793,66010769,976,56778
66010769,66011466,697,54016
66011466,66012685,1219,137608
66012685,66013676,991,10701
66013676,66014840,1164,87997
66014840,66016150,1310,125118
66016150,66017482,1332,128331
66017482,66018671,1189,4731
66018671,66019586,915,2772
66019586,66020556,970,2777
66020556,66020927,371,101579
66020927,66021990,1063,130493
66021990,66023091,1101,362
66023091,66024157,1066,70756
66024157,66025427,1270,142733
66025427,66026525,1098,129790
66026525,66027296,771,12085
66027296,66027487,191,216570
66027487,66028333,846,289242
66028333,66028630,297,176660
66028630,66029784,1154,143483
66029784,66031033,1249,132291
66031033,66032271,1238,294700
66032271,66033066,795,292604
66033066,66034272,1206,58192
66034272,66035140,868,78193
66035140,66036377,1237,4136
66036377,66037675,1298,131203
66037675,66038841,1166,137004
66038841,66040113,1272,160953
66040113,66041219,1106,147990
66041219,66042071,852,54667
66042071,66043161,1090,7574
66043161,66044468,1307,7591
66044468,66045285,817,174992
66045285,66046481,1196,14274
66046481,66047732,1251,84447
66047732,66048783,1051,290349
66048783,66050055,1272,110054
66050055,66051206,1151,22574
66051206,66051409,203,184447
66051409,66051998,589,121896
66051998,66053118,1120,12471
66053118,66054437,1319,37092
66054437,66054856,419,140651
66054856,66055601,745,187466
66055601,66056696,1095,103126
66056696,66057807,1111,133396
66057807,66058257,450,40571
66058257,66059424,1167,53342
66059424,66060622,1198,55856
66060622,66061234,612,293529
66061234,66062383,1149,126737
66062383,66063534,1151,120325
66063534,66064610,1076,145138
66064610,66065831,1221,300225
66065831,66067114,1283,95875
66067114,66068315,1201,87732
66068315,66069538,1223,140718
66069538,66070725,1187,288044
66070725,66071775,1050,170438
66071775,66073052,1277,132717
66073052,66073687,635,142858
66073687,66074708,1021,43306
66074708,66075167,459,129393
66075167,66076362,1195,147967
66076362,66077622,1260,11243
66077622,66077964,342,126826
66077964,66079028,1064,139797
66079028,66080177,1149,141644
66080177,66081264,1087,144021
66081264,66082359,1095,184447
66082359,66083526,1167,185485
66083526,66084427,901,135892
66084427,66085558,1131,124164
66085558,66086819,1261,11079
66086819,66088094,1275,153731
66088094,66089289,1195,109176
66089289,66090379,1090,156154
66090379,66091578,1199,137154
66091578,66092875,1297,135832
66092875,66093978,1103,12118
66093978,66094825,847,300047
66094825,66095924,1099,31091
66095924,66097199,1275,13364
66097199,66098335,1136,11079
66098335,66099405,1070,84349
66099405,66100408,1003,73957
66100408,66100643,235,129011
66100643,66101758,1115,149798
66101758,66102379,621,65534
66102379,66103009,630,86679
66103009,66103571,562,123602
66103571,66104760,1189,176270
66104760,66105941,1181,121103
66105941,66106986,1045,171108
66106986,66108204,1218,51162
66108204,66109375,1171,34501
66109375,66110557,1182,187464
66110557,66111526,969,147045
66111526,66112407,881,138901
66112407,66113553,1146,127538
66113553,66114635,1082,130516
66114635,66115859,1224,64290
66115859,66116273,414,131113
66116273,66116907,634,134420
66116907,66118023,1116,124549
66118023,66119294,1271,132800
66119294,66119859,565,65554
66119859,66121052,1193,17615
66121052,66122187,1135,175390
66122187,66123192,1005,58012
66123192,66124448,1256,11258
66124448,66125613,1165,70843
66125613,66125890,277,136458
66125890,66126894,1004,181961
66126894,66128097,1203,144965
66128097,66129181,1084,178029
66129181,66130352,1171,122467
66130352,66131495,1143,54667
66131495,66132372,877,29108
66132372,66133530,1158,126312
66133530,66134668,1138,121079
66134668,66135505,837,106366
66135505,66136660,1155,187018
66136660,66137855,1195,130994
66137855,66139022,1167,216570
66139022,66140220,1198,7793
66140220,66141339,1119,32137
66141339,66142378,1039,133290
66142378,66143623,1245,92806
66143623,66144390,767,1189
66144390,66144803,413,25766
66144803,66146042,1239,44576
66146042,66146719,677,13250
66146719,66147903,1184,56174
66147903,66148293,390,156967
66148293,66149541,1248,14526
66149541,66150045,504,139717
66150045,66150852,807,46267
66150852,66151697,845,127703
66151697,66152690,993,53342
66152690,66153974,1284,139009
66153974,66155162,1188,147962
66155162,66156164,1002,140718
66156164,66157355,1191,143625
66157355,66158439,1084,290365
66158439,66159717,1278,100045
66159717,66161005,1288,46268
66161005,66162068,1063,129011
66162068,66162631,563,245708
66162631,66163876,1245,14672
66163876,66164499,623,141644
66164499,66165673,1174,7793
66165673,66166722,1049,121079
66166722,66167722,1000,160187
66167722,66168970,1248,155520
66168970,66170251,1281,54487
66170251,66171462,1211,155972
66171462,66172601,1139,5416
66172601,66173687,1086,292253
66173687,66174058,371,102612
66174058,66175186,1128,91905
66175186,66176314,1128,117384
66176314,66177594,1280,142318
66177594,66178719,1125,69607
66178719,66179968,1249,287357
66179968,66180853,885,123284
66180853,66181638,785,131748
66181638,66182750,1112,132272
66182750,66183751,1001,49755
66183751,66184775,1024,21498
66184775,66185147,372,102240
66185147,66186501,1354,140067
66186501,66187622,1121,176263
66187622,66188867,1245,73958
66188867,66190050,1183,92806
66190050,66191320,1270,138901
66191320,66192408,1088,187464
66192408,66193433,1025,128660
66193433,66193896,463,15446
66193896,66194979,1083,168497
66194979,66196130,1151,134120
66196130,66197299,1169,130533
66197299,66197540,241,129443
66197540,66198336,796,185125
66198336,66199488,1152,132592
66199488,66200692,1204,167022
66200692,66201954,1262,108638
66201954,66203076,1122,6171
66203076,66204329,1253,127521
66204329,66205568,1239,135892
66205568,66206259,691,295759
66206259,66207312,1053,12546
66207312,66208271,959,28462
66208271,66209434,1163,39477
66209434,66209604,170,112187
66209604,66210225,621,67233
66210225,66211385,1160,5097
66211385,66212357,972,39913
66212357,66213648,1291,398
66213648,66214653,1005,287660
66214653,66215783,1130,66176
66215783,66216277,494,164187
66216277,66217306,1029,12103
66217306,66218501,1195,146111
66218501,66219460,959,163597
66219460,66220761,1301,259009
66220761,66221873,1112,124990
66221873,66223129,1256,130728
66223129,66223606,477,129440
66223606,66224603,997,9920
66224603,66225680,1077,134717
66225680,66226606,926,163505
66226606,66227789,1183,73848
66227789,66228180,391,141791
66228180,66229477,1297,110243
66229477,66229868,391,140654
66229868,66230746,878,122545
66230746,66231982,1236,155151
66231982,66233003,1021,187018
66233003,66233758,755,129587
66233758,66234932,1174,124990
66234932,66236183,1251,11244
66236183,66237404,1221,71405
66237404,66238545,1141,159386
66238545,66239706,1161,132532
66239706,66240886,1180,131004
66240886,66241903,1017,121106
66241903,66242919,1016,56174
66242919,66244089,1170,66016
66244089,66245138,1049,245687
66245138,66246039,901,1536
66246039,66247051,1012,723
66247051,66247903,852,290350
66247903,66249121,1218,105167
66249121,66249362,241,282926
66249362,66250586,1224,282412
66250586,66251533,947,131228
66251533,66252049,516,121896
66252049,66253274,1225,73295
66253274,66253799,525,104717
66253799,66254552,753,287657
66254552,66255781,1229,139727
66255781,66256405,624,14674
66256405,66256903,498,108638
66256903,66257996,1093,130530
66257996,66259013,1017,121103
66259013,66259519,506,135832
66259519,66260795,1276,152831
66260795,66262044,1249,110705
66262044,66262925,881,161101
66262925,66264094,1169,4662
66264094,66264457,363,13185
66264457,66265485,1028,90852
66265485,66266167,682,148521
66266167,66267334,1167,89940
66267334,66268492,1158,125118
66268492,66269730,1238,105386
66269730,66269929,199,138488
66269929,66271099,1170,140071
66271099,66271739,640,129623
66271739,66272945,1206,294113
66272945,66273703,758,81858
66273703,66273953,250,4654
66273953,66275181,1228,14960
66275181,66276470,1289,212
66276470,66277625,1155,31668
66277625,66278825,1200,65534
66278825,66280034,1209,111574
66280034,66281147,1113,75791
66281147,66282121,974,25951
66282121,66283281,1160,124520
66283281,66284523,1242,112011
66284523,66285574,1051,41172
66285574,66286621,1047,140040
66286621,66287712,1091,171134
66287712,66288445,733,70843
66288445,66289678,1233,185125
66289678,66290521,843,135657
66290521,66290855,334,128345
66290855,66291141,286,296078
66291141,66292355,1214,131226
66292355,66293280,925,84010
66293280,66294413,1133,284434
66294413,66295568,1155,115686
66295568,66296700,1132,69607
66296700,66297703,1003,46712
66297703,66298870,1167,122810
66298870,66299945,1075,88089
66299945,66301132,1187,130870
66301132,66301353,221,99156
66301353,66302576,1223,700
66302576,66303575,999,2503
66303575,66304588,1013,30105
66304588,66305800,1212,142311
66305800,66306942,1142,123191
66306942,66308157,1215,95969
66308157,66308690,533,121799
66308690,66309201,511,83607
66309201,66310281,1080,133220
66310281,66311426,1145,134170
66311426,66312708,1282,58192
66312708,66312941,233,140040
66312941,66313628,687,6398
66313628,66314839,1211,26950
66314839,66316031,1192,134463
66316031,66316677,646,55927
66316677,66317956,1279,162667
66317956,66318187,231,279363
66318187,66319311,1124,139336
66319311,66319821,510,199
66319821,66320998,1177,121416
66320998,66322063,1065,7894
66322063,66323304,1241,292253
66323304,66323634,330,126959
66323634,66324879,1245,63105
66324879,66326151,1272,41170
66326151,66327413,1262,73073
66327413,66328641,1228,147193
66328641,66329943,1302,134707
66329943,66330556,613,131735
66330556,66331815,1259,35921
66331815,66333058,1243,54666
66333058,66334116,1058,14936
66334116,66335321,1205,84122
66335321,66336116,795,26852
66336116,66337320,1204,152824
66337320,66338528,1208,142858
66338528,66339863,1335,62558
66339863,66340524,661,12895
66340524,66341784,1260,296473
66341784,66342986,1202,150915
66342986,66344238,1252,133220
66344238,66344887,649,13250
66344887,66346109,1222,125001
66346109,66346888,779,178450
66346888,66347887,999,149738
66347887,66349104,1217,130728
66349104,66350258,1154,142750
66350258,66351511,1253,121413
66351511,66352717,1206,133424
66352717,66353999,1282,1562
66353999,66355111,1112,176263
66355111,66355553,442,176256
66355553,66356794,1241,70843
66356794,66357039,245,7887
66357039,66358079,1040,155968
66358079,66359411,1332,39967
66359411,66360400,989,114469
66360400,66361555,1155,132592
66361555,66362717,1162,150916
66362717,66364012,1295,111754
66364012,66365255,1243,160949
66365255,66366296,1041,131030
66366296,66367109,813,245687
66367109,66368080,971,132272
66368080,66369191,1111,44575
66369191,66370393,1202,163384
66370393,66370824,431,19209
66370824,66371486,662,121085
66371486,66372749,1263,171138
66372749,66373751,1002,862
66373751,66374772,1021,121760
66374772,66374966,194,302395
66374966,66376139,1173,125123
66376139,66377311,1172,63839
66377311,66378445,1134,294697
66378445,66379034,589,199
66379034,66380125,1091,128329
66380125,66381340,1215,10347
66381340,66382484,1144,126739
66382484,66383673,1189,159228
66383673,66384790,1117,29110
66384790,66386067,1277,24731
66386067,66387123,1056,164327
66387123,66387851,728,139308
66387851,66389086,1235,150916
66389086,66390129,1043,140040
66390129,66391304,1175,187024
66391304,66392471,1167,292138
66392471,66393649,1178,287657
66393649,66394776,1127,112597
66394776,66396022,1246,170440
66396022,66397148,1126,277899
66397148,66398217,1069,126410
66398217,66399417,1200,57154
66399417,66400414,997,124526
66400414,66401553,1139,258959
66401553,66402675,1122,112761
66402675,66403804,1129,39970
66403804,66405040,1236,177638
66405040,66406197,1157,61422
66406197,66406754,557,131106
66406754,66407845,1091,12898
66407845,66408843,998,123283
66408843,66409092,249,66464
66409092,66410069,977,29110
66410069,66410590,521,40556
66410590,66411651,1061,140072
66411651,66412302,651,157636
66412302,66413561,1259,32451
66413561,66414709,1148,281131
66414709,66415608,899,31097
66415608,66416787,1179,75360
66416787,66417732,945,157243
66417732,66418329,597,126232
66418329,66419205,876,84122
66419205,66420357,1152,290365
66420357,66421561,1204,14936
66421561,66422588,1027,134420
66422588,66423827,1239,67863
66423827,66424826,999,147962
66424826,66425743,917,132568
66425743,66426896,1153,136271
66426896,66428098,1202,83607
66428098,66429279,1181,121331
66429279,66430577,1298,278217
66430577,66431838,1261,126860
66431838,66432979,1141,102381
66432979,66433875,896,125883
66433875,66434948,1073,756
66434948,66436145,1197,19376
66436145,66436686,541,100145
66436686,66437793,1107,147989
66437793,66439032,1239,14897
66439032,66440390,1358,284444
66440390,66441559,1169,8675
66441559,66442838,1279,91192
66442838,66443852,1014,291170
66443852,66444908,1056,101276
66444908,66446064,1156,108620
66446064,66447246,1182,143485
66447246,66448541,1295,62558
66448541,66449819,1278,68369
66449819,66450932,1113,724
66450932,66452115,1183,142745
66452115,66453335,1220,10160
66453335,66454454,1119,80656
66454454,66455587,1133,50777
66455587,66455786,199,153733
66455786,66456897,1111,291107
66456897,66458110,1213,63095
66458110,66459015,905,126286
66459015,66459226,211,11254
66459226,66460447,1221,133220
66460447,66461452,1005,105673
66461452,66462496,1044,283462
66462496,66463611,1115,295446
66463611,66464766,1155,102238
66464766,66465774,1008,398
66465774,66466838,1064,127522
66466838,66467022,184,19366
66467022,66468090,1068,152831
66468090,66469169,1079,100431
66469169,66469872,703,139741
66469872,66470861,989,171108
66470861,66471855,994,39967
66471855,66473201,1346,1120
66473201,66474433,1232,18005
66474433,66475327,894,152265
66475327,66476532,1205,141571
66476532,66476669,137,123049
66476669,66477890,1221,144485
66477890,66479156,1266,86804
66479156,66479892,736,151817
66479892,66480989,1097,104483
66480989,66482062,1073,1562
66482062,66483341,1279,142279
66483341,66484499,1158,143321
66484499,66484796,297,13250
66484796,66486050,1254,293529
66486050,66487239,1189,166420
66487239,66488320,1081,133263
66488320,66489261,941,282977
66489261,66489878,617,120318
66489878,66490149,271,12103
66490149,66490992,843,245691
66490992,66492252,1260,132069
66492252,66492376,124,129396
66492376,66493559,1183,3961
66493559,66494620,1061,160602
66494620,66495509,889,136280
66495509,66496548,1039,30101
66496548,66497665,1117,129805
66497665,66498682,1017,126955
66498682,66499955,1273,135221
66499955,66501145,1190,154284
66501145,66502160,1015,246893
66502160,66503518,1358,83708
66503518,66504564,1046,18005
66504564,66505782,1218,72200
66505782,66506855,1073,132537
66506855,66508030,1175,66464
66508030,66509259,1229,144503
66509259,66510390,1131,292138
66510390,66511624,1234,285135
66511624,66512249,625,176853
66512249,66512985,736,101276
66512985,66514074,1089,232690
66514074,66514250,176,123190
66514250,66515222,972,121024
66515222,66516519,1297,124990
66516519,66517813,1294,130876
66517813,66518374,561,231834
66518374,66519554,1180,1133
66519554,66520798,1244,245707
66520798,66522064,1266,80690
66522064,66522848,784,124368
66522848,66523965,1117,58433
66523965,66524319,354,232691
66524319,66524916,597,134451
66524916,66526237,1321,127691
66526237,66527518,1281,37134
66527518,66527991,473,14526
66527991,66528984,993,139035
66528984,66529179,195,245708
66529179,66530432,1253,24731
66530432,66531646,1214,11243
66531646,66532435,789,47237
66532435,66533422,987,96157
66533422,66534575,1153,135897
66534575,66535697,1122,26950
66535697,66536954,1257,134420
66536954,66538232,1278,41933
66538232,66539391,1159,282934
66539391,66540467,1076,111754
66540467,66541687,1220,142733
66541687,66542962,1275,7793
66542962,66543836,874,41610
66543836,66545047,1211,149245
66545047,66546165,1118,139297
66546165,66547476,1311,102612
66547476,66548653,1177,32658
66548653,66549855,1202,8927
66549855,66551118,1263,293959
66551118,66551847,729,110706
66551847,66552923,1076,105386
66552923,66554055,1132,18005
66554055,66555268,1213,279775
66555268,66556197,929,25951
66556197,66556481,284,47541
66556481,66557657,1176,58137
66557657,66558855,1198,13256
66558855,66560006,1151,54666
66560006,66560565,559,128632
66560565,66561800,1235,134981
66561800,66562884,1084,160964
66562884,66563996,1112,278228
66563996,66564999,1003,104606
66564999,66566200,1201,143893
66566200,66567000,800,105394
66567000,66568213,1213,290365
66568213,66569407,1194,130569
66569407,66570064,657,9914
66570064,66571105,1041,140639
66571105,66572362,1257,84010
66572362,66572921,559,11244
66572921,66574062,1141,157056
66574062,66575229,1167,668
66575229,66575862,633,164100
66575862,66576242,380,64588
66576242,66576588,346,142896
66576588,66577897,1309,127522
66577897,66578346,449,1730
66578346,66578578,232,13248
66578578,66579658,1080,94522
66579658,66580815,1157,66464
66580815,66581966,1151,137141
66581966,66582874,908,95441
66582874,66584128,1254,61422
66584128,66585327,1199,285135
66585327,66586382,1055,6541
66586382,66587722,1340,5084
66587722,66588105,383,123284
66588105,66589146,1041,5703
66589146,66590171,1025,139350
66590171,66590703,532,135762
66590703,66591870,1167,86040
66591870,66593139,1269,245687
66593139,66594408,1269,40556
66594408,66595589,1181,156967
66595589,66595975,386,54659
66595975,66596380,405,147193
66596380,66597654,1274,160438
66597654,66598621,967,156017
66598621,66599667,1046,139355
66599667,66600860,1193,64713
66600860,66601995,1135,136280
66601995,66603036,1041,53638
66603036,66604271,1235,109662
66604271,66604433,162,134463
66604433,66604764,331,57179
66604764,66606032,1268,38026
66606032,66607283,1251,185125
66607283,66608206,923,284268
66608206,66608579,373,140221
66608579,66608932,353,131218
66608932,66609474,542,130993
66609474,66610637,1163,152826
66610637,66611672,1035,1536
66611672,66612932,1260,12546
66612932,66613160,228,110705
66613160,66614401,1241,121541
66614401,66615726,1325,281188
66615726,66616918,1192,293959
66616918,66618117,1199,145699
66618117,66619207,1090,300047
66619207,66620365,1158,88086
66620365,66620788,423,262269
66620788,66622084,1296,185457
66622084,66622898,814,47030
66622898,66624102,1204,11243
66624102,66624950,848,142320
66624950,66626223,1273,6506
66626223,66626998,775,128991
66626998,66627985,987,134119
66627985,66628468,483,1188
66628468,66629139,671,137627
66629139,66630027,888,128138
66630027,66630392,365,82904
66630392,66631435,1043,72212
66631435,66632453,1018,62347
66632453,66633674,1221,294700
66633674,66634977,1303,85685
66634977,66636139,1162,157243
66636139,66636630,491,66166
66636630,66637762,1132,48579
66637762,66638902,1140,121543
66638902,66639925,1023,18004
66639925,66641279,1354,24731
66641279,66642508,1229,61421
66642508,66643769,1261,175448
66643769,66644892,1123,120330
66644892,66645943,1051,155968
66645943,66647158,1215,112056
66647158,66648292,1134,144503
66648292,66649497,1205,6541
66649497,66650637,1140,126410
66650637,66651887,1250,83607
66651887,66653126,1239,285896
66653126,66654113,987,171171
66654113,66655326,1213,4158
66655326,66655941,615,139743
66655941,66657057,1116,137483
66657057,66658259,1202,6176
66658259,66659226,967,184266
66659226,66660528,1302,122614
66660528,66661443,915,85685
66661443,66662435,992,121446
66662435,66663418,983,699
66663418,66664440,1022,92427
66664440,66665531,1091,109656
66665531,66665896,365,128990
66665896,66667002,1106,124520
66667002,66668279,1277,48513
66668279,66669451,1172,134804
66669451,66670054,603,164100
66670054,66670876,822,39648
66670876,66671956,1080,103126
66671956,66672919,963,84122
66672919,66674212,1293,150855
66674212,66675377,1165,142745
66675377,66676423,1046,139336
66676423,66676982,559,14677
66676982,66678295,1313,270778
66678295,66679574,1279,59268
66679574,66680723,1149,170452
66680723,66681992,1269,398
66681992,66683245,1253,144965
66683245,66683719,474,78885
66683719,66684820,1101,96168
66684820,66686174,1354,85685
66686174,66686506,332,92820
66686506,66687564,1058,10172
66687564,66688786,1222,14653
66688786,66689343,557,277898
66689343,66690479,1136,70837
66690479,66690905,426,32639
66690905,66692144,1239,169619
66692144,66693427,1283,26853
66693427,66694511,1084,8689
66694511,66695112,601,124002
66695112,66696137,1025,31609
66696137,66697420,1283,150715
66697420,66698651,1231,185126
66698651,66699450,799,21305
66699450,66700635,1185,134176
66700635,66701910,1275,53342
66701910,66703141,1231,130755
66703141,66704398,1257,73073
66704398,66705276,878,6398
66705276,66705886,610,142727
66705886,66707007,1121,231836
66707007,66707288,281,123192
66707288,66708248,960,128633
66708248,66709229,981,300343
66709229,66710489,1260,133220
66710489,66710998,509,133424
66710998,66712284,1286,31603
66712284,66713455,1171,5341
66713455,66714774,1319,282386
66714774,66715161,387,32856
66715161,66715746,585,123025
66715746,66716943,1197,162375
66716943,66718113,1170,160187
66718113,66719280,1167,89940
66719280,66720439,1159,366
66720439,66720672,233,216570
66720672,66721404,732,10673
66721404,66722554,1150,224
66722554,66722813,259,85640
66722813,66724155,1342,123284
66724155,66725342,1187,142733
66725342,66726169,827,4275
66726169,66727175,1006,158781
66727175,66728368,1193,130588
66728368,66729529,1161,170976
66729529,66730555,1026,11049
66730555,66731772,1217,10702
66731772,66733069,1297,155968
66733069,66734235,1166,105386
66734235,66735218,983,278217
66735218,66736071,853,159371
66736071,66737260,1189,126796
66737260,66738587,1327,93470
66738587,66739792,1205,64738
66739792,66740864,1072,152264
66740864,66741401,537,132644
66741401,66742464,1063,54659
66742464,66743116,652,176854
66743116,66743749,633,127537
66743749,66744311,562,129396
66744311,66745648,1337,137483
66745648,66746689,1041,363
66746689,66747746,1057,288044
66747746,66748821,1075,294523
66748821,66749998,1177,15304
66749998,66751050,1052,56777
66751050,66752213,1163,231834
66752213,66753384,1171,77779
66753384,66754470,1086,106965
66754470,66755572,1102,58868
66755572,66756852,1280,109663
66756852,66757716,864,138033
66757716,66758303,587,26982
66758303,66759400,1097,109507
66759400,66760136,736,136861
66760136,66761337,1201,89735
66761337,66762637,1300,104978
66762637,66763884,1247,162253
66763884,66764835,951,125123
66764835,66765326,491,152825
66765326,66766533,1207,129597
66766533,66767561,1028,129623
66767561,66768820,1259,143271
66768820,66770024,1204,96151
66770024,66771157,1133,122544
66771157,66772361,1204,105167
66772361,66773558,1197,72876
66773558,66774632,1074,98644
66774632,66775712,1080,14497
66775712,66776976,1264,39967
66776976,66778077,1101,163607
66778077,66779155,1078,121068
66779155,66779746,591,89735
66779746,66780954,1208,88089
66780954,66782191,1237,54006
66782191,66783044,853,279239
66783044,66783405,361,138866
66783405,66784649,1244,123269
66784649,66785800,1151,147110
66785800,66786888,1088,39508
66786888,66787939,1051,126959
66787939,66789152,1213,216570
66789152,66790267,1115,96151
66790267,66791508,1241,65820
66791508,66792405,897,123133
66792405,66793759,1354,176660
66793759,66794184,425,6557
66794184,66795293,1109,124368
66795293,66796522,1229,72311
66796522,66797615,1093,132777
66797615,66797984,369,142733
66797984,66799252,1268,178449
66799252,66799701,449,46243
66799701,66800965,1264,92934
66800965,66802154,1189,139710
66802154,66803305,1151,295759
66803305,66803559,254,10172
66803559,66804703,1144,282934
66804703,66805567,864,139325
66805567,66806420,853,91801
66806420,66807466,1046,176270
66807466,66808557,1091,107520
66808557,66809636,1079,141644
66809636,66810919,1283,67218
66810919,66811339,420,117866
66811339,66812473,1134,129659
66812473,66813412,939,158816
66813412,66814560,1148,103120
66814560,66815400,840,31097
66815400,66815857,457,362
66815857,66816980,1123,110243
66816980,66817336,356,107479
66817336,66818467,1131,65772
66818467,66819526,1059,137618
66819526,66819859,333,104483
66819859,66820538,679,122944
66820538,66821766,1228,19361
66821766,66822033,267,284444
66822033,66823256,1223,44577
66823256,66823539,283,110243
66823539,66824520,981,282383
66824520,66825726,1206,296473
66825726,66826931,1205,282406
66826931,66827934,1003,1731
66827934,66829105,1171,145145
66829105,66829496,391,696
66829496,66830557,1061,131732
66830557,66831718,1161,13056
66831718,66832973,1255,124990
66832973,66834173,1200,48830
66834173,66834989,816,125941
66834989,66835942,953,72927
66835942,66837111,1169,65772
66837111,66838215,1104,128345
66838215,66839510,1295,10160
66839510,66840793,1283,101854
66840793,66841744,951,147159
66841744,66842884,1140,130544
66842884,66843999,1115,185125
66843999,66845157,1158,125140
66845157,66845561,404,126539
66845561,66846797,1236,158796
66846797,66847677,880,156738
66847677,66848731,1054,78193
66848731,66849918,1187,293959
66849918,66850935,1017,111754
66850935,66852128,1193,156154
66852128,66853251,1123,66465
66853251,66853597,346,123500
66853597,66854308,711,60480
66854308,66855515,1207,289242
66855515,66856716,1201,129440
66856716,66857351,635,104391
66857351,66858591,1240,127703
66858591,66859908,1317,163505
66859908,66860570,662,121085
66860570,66861749,1179,233366
66861749,66862766,1017,126410
66862766,66864006,1240,132777
66864006,66865087,1081,279363
66865087,66865468,381,187464
66865468,66866576,1108,134592
66866576,66867176,600,131742
66867176,66868185,1009,85685
66868185,66869333,1148,126961
66869333,66869675,342,63095
66869675,66870850,1175,155972
66870850,66871957,1107,101883
66871957,66872972,1015,153309
66872972,66874018,1046,144503
66874018,66875245,1227,144965
66875245,66875598,353,279852
66875598,66876445,847,282926
66876445,66877538,1093,73296
66877538,66878395,857,129597
66878395,66879510,1115,66176
66879510,66880769,1259,135220
66880769,66881834,1065,149245
66881834,66882935,1101,101799
66882935,66884168,1233,122655
66884168,66885423,1255,163612
66885423,66886508,1085,130184
66886508,66887669,1161,10327
66887669,66888480,811,56840
66888480,66889329,849,65772
66889329,66889971,642,276730
66889971,66891212,1241,131030
66891212,66892146,934,294700
66892146,66892555,409,51162
66892555,66892867,312,129596
66892867,66894034,1167,124990
66894034,66894980,946,59175
66894980,66896095,1115,275212
66896095,66897299,1204,106800
66897299,66898235,936,136458
66898235,66899427,1192,164328
66899427,66900607,1180,133220
66900607,66901662,1055,5417
66901662,66902671,1009,12332
66902671,66903509,838,274380
66903509,66904371,862,68344
66904371,66905644,1273,135654
66905644,66907003,1359,110056
66907003,66908210,1207,19373
66908210,66909341,1131,282383
66909341,66910483,1142,141209
66910483,66911581,1098,130296
66911581,66912639,1058,282926
66912639,66913794,1155,362
66913794,66914915,1121,167609
66914915,66916022,1107,156224
66916022,66917164,1142,130164
66917164,66918387,1223,44577
66918387,66919460,1073,41911
66919460,66920497,1037,143625
66920497,66921736,1239,681
66921736,66922881,1145,220951
66922881,66923968,1087,291172
66923968,66924802,834,138488
66924802,66925047,245,25765
66925047,66926036,989,126296
66926036,66927149,1113,109658
66927149,66928062,913,156159
66928062,66929277,1215,81870
66929277,66929670,393,141791
66929670,66930805,1135,25951
66930805,66931956,1151,66622
66931956,66933068,1112,124526
66933068,66934355,1287,184447
66934355,66935453,1098,121541
66935453,66936667,1214,32856
66936667,66937885,1218,122876
66937885,66938085,200,121064
66938085,66939215,1130,138074
66939215,66940230,1015,77779
66940230,66941450,1220,12085
66941450,66942674,1224,144965
66942674,66942888,214,73732
66942888,66944227,1339,5710
66944227,66945332,1105,128761
66945332,66946580,1248,294113
66946580,66947661,1081,275212
66947661,66948746,1085,293663
66948746,66949993,1247,141208
66949993,66951085,1092,152842
66951085,66952306,1221,168500
66952306,66953199,893,139291
66953199,66954028,829,4145
66954028,66955279,1251,156967
66955279,66956523,1244,139741
66956523,66957571,1048,104483
66957571,66958688,1117,157243
66958688,66959627,939,58433
66959627,66960531,904,125147
66960531,66961782,1251,13247
66961782,66963021,1239,118119
66963021,66964273,1252,1189
66964273,66965378,1105,61316
66965378,66965581,203,48362
66965581,66966673,1092,123191
66966673,66966806,133,139350
66966806,66967960,1154,8890
66967960,66968367,407,291379
66968367,66969452,1085,157859
66969452,66970418,966,140040
66970418,66971655,1237,121896
66971655,66972891,1236,287837
66972891,66974002,1111,156718
66974002,66975231,1229,162667
66975231,66976480,1249,155948
66976480,66977445,965,30105
66977445,66978517,1072,19366
66978517,66979675,1158,162239
66979675,66980797,1122,107486
66980797,66981963,1166,134160
66981963,66983078,1115,55856
66983078,66984177,1099,46240
66984177,66985324,1147,294551
66985324,66985548,224,67858
66985548,66986689,1141,128345
66986689,66987866,1177,128136
66987866,66988694,828,278289
66988694,66989898,1204,133220
66989898,66991037,1139,123216
66991037,66992190,1153,48842
66992190,66993429,1239,12926
66993429,66994376,947,176680
66994376,66995463,1087,122825
66995463,66996763,1300,156967
66996763,66997824,1061,109185
66997824,66999109,1285,4145
66999109,67000029,920,133239
67000029,67001097,1068,285137
67001097,67001504,407,101883
67001504,67002096,592,48032
67002096,67003203,1107,57154
67003203,67004401,1198,67857
67004401,67005602,1201,108066
67005602,67006349,747,133290
67006349,67007398,1049,139387
67007398,67008559,1161,1189
67008559,67009540,981,114469
67009540,67010669,1129,138047
67010669,67011704,1035,128991
67011704,67013026,1322,125941
67013026,67014231,1205,234106
67014231,67015464,1233,132499
67015464,67016743,1279,292138
67016743,67018072,1329,26894
67018072,67018695,623,187006
67018695,67019474,779,130627
67019474,67020735,1261,156155
67020735,67021925,1190,288044
67021925,67022997,1072,157236
67022997,67023907,910,54006
67023907,67025074,1167,73848
67025074,67026428,1354,245687
67026428,67027281,853,139730
67027281,67028420,1139,39971
67028420,67029561,1141,300343
67029561,67030761,1200,89882
67030761,67031791,1030,172165
67031791,67032604,813,115687
67032604,67033797,1193,159386
67033797,67034712,915,291101
67034712,67035108,396,122944
67035108,67036231,1123,135033
67036231,67036687,456,80534
67036687,67037695,1008,66622
67037695,67038968,1273,28465
67038968,67040149,1181,110243
67040149,67040614,465,121106
67040614,67041856,1242,6541
67041856,67043155,1299,133424
67043155,67044394,1239,133224
67044394,67045372,978,135824
67045372,67046273,901,147627
67046273,67047442,1169,157475
67047442,67048493,1051,134176
67048493,67049561,1068,39477
67049561,67050772,1211,1119
67050772,67052137,1365,186230
67052137,67053322,1185,149880
67053322,67054400,1078,59288
67054400,67055476,1076,40556
67055476,67056427,951,137589
67056427,67057494,1067,84121
67057494,67058126,632,270778
67058126,67059373,1247,103126
67059373,67060600,1227,254918
67060600,67061717,1117,362
67061717,67062946,1229,121079
67062946,67064193,1247,133290
67064193,67065057,864,138042
67065057,67065216,159,19208
67065216,67066487,1271,14674
67066487,67067182,695,231837
67067182,67068372,1190,135220
67068372,67069639,1267,262305
67069639,67070240,601,279856
67070240,67071379,1139,282926
67071379,67072410,1031,143022
67072410,67072629,219,157636
67072629,67072926,297,125084
67072926,67073357,431,132848
67073357,67074416,1059,34479
67074416,67075511,1095,26553
67075511,67076014,503,176853
67076014,67077114,1100,29108
67077114,67078375,1261,75365
67078375,67079429,1054,164327
67079429,67080224,795,71405
67080224,67081505,1281,254918
67081505,67082445,940,362
67082445,67083699,1254,106611
67083699,67084825,1126,147159
67084825,67085945,1120,64738
67085945,67087121,1176,138545
67087121,67088187,1066,19371
67088187,67089347,1160,141713
67089347,67090128,781,131732
67090128,67091046,918,171133
67091046,67092086,1040,135227
67092086,67092910,824,151817
67092910,67093311,401,134316
67093311,67093828,517,26559
67093828,67094972,1144,68762
67094972,67095936,964,126945
67095936,67097193,1257,135824
67097193,67097986,793,141613
67097986,67099223,1237,133471
67099223,67100334,1111,135832
67100334,67101395,1061,32639
67101395,67102657,1262,73075
67102657,67103744,1087,134451
67103744,67104804,1060,110705
67104804,67105828,1024,129393
67105828,67107021,1193,254918
67107021,67107285,264,133273
67107285,67108045,760,262269
67108045,67109268,1223,153958
67109268,67110425,1157,169291
67110425,67111075,650,134728
67111075,67112304,1229,26685
67112304,67113579,1275,107621
67113579,67114744,1165,130994
67114744,67115663,919,129808
67115663,67116902,1239,65772
67116902,67117521,619,59234
67117521,67118640,1119,64075
67118640,67119738,1098,16632
67119738,67120461,723,131113
67120461,67121289,828,6556
67121289,67122561,1272,254949
67122561,67122898,337,69607
67122898,67124020,1122,117095
67124020,67125134,1114,10702
67125134,67126065,931,102250
67126065,67127399,1334,58137
67127399,67128408,1009,123049
67128408,67129618,1210,258993
67129618,67130807,1189,160593
67130807,67132069,1262,187005
67132069,67133281,1212,17615
67133281,67134553,1272,284444
67134553,67135686,1133,5330
67135686,67136656,970,11612
67136656,67137939,1283,4731
67137939,67139138,1199,293987
67139138,67139597,459,98645
67139597,67140552,955,144485
67140552,67141455,903,170453
67141455,67142370,915,60489
67142370,67143224,854,121398
67143224,67144221,997,126737
67144221,67145210,989,126220
67145210,67145639,429,55856
67145639,67146818,1179,59268
67146818,67147965,1147,134707
67147965,67149108,1143,1133
67149108,67149681,573,109663
67149681,67150892,1211,102232
67150892,67151405,513,123013
67151405,67152322,917,274380
67152322,67153188,866,7887
67153188,67154401,1213,121085
67154401,67154617,216,120583
67154617,67155146,529,121543
67155146,67156409,1263,88367
67156409,67157625,1216,140071
67157625,67158614,989,176853
67158614,67159259,645,76973
67159259,67160396,1137,123192
67160396,67161645,1249,156720
67161645,67162242,597,157480
67162242,67162924,682,232057
67162924,67163992,1068,139009
67163992,67165271,1279,133220
67165271,67166463,1192,138045
67166463,67166949,486,104398
67166949,67167340,391,67863
67167340,67168576,1236,121766
67168576,67169807,1231,7884
67169807,67171011,1204,121741
67171011,67171567,556,10172
67171567,67172819,1252,39970
67172819,67173874,1055,131004
67173874,67175005,1131,109662
67175005,67176241,1236,39840
67176241,67177394,1153,862
67177394,67178524,1130,155151
67178524,67179662,1138,123025
67179662,67180809,1147,122443
67180809,67181943,1134,1187
67181943,67183119,1176,129582
67183119,67184281,1162,124547
67184281,67184922,641,28462
67184922,67185669,747,128309
67185669,67185950,281,130900
67185950,67187101,1151,75242
67187101,67188190,1089,134420
67188190,67189339,1149,96498
67189339,67189625,286,84349
67189625,67190781,1156,271826
67190781,67191092,311,158074
67191092,67192203,1111,181420
67192203,67193447,1244,101276
67193447,67193877,430,132280
67193877,67194203,326,142848
67194203,67195489,1286,28462
67195489,67196675,1186,142744
67196675,67196871,196,123172
67196871,67198112,1241,41151
67198112,67199319,1207,11243
67199319,67200672,1353,64956
67200672,67201037,365,171137
67201037,67202251,1214,10172
67202251,67203366,1115,245707
67203366,67204310,944,246948
67204310,67205469,1159,262269
67205469,67206608,1139,254918
67206608,67207768,1160,101258
67207768,67208701,933,274375
67208701,67209827,1126,130093
67209827,67210888,1061,122614
67210888,67212183,1295,121085
67212183,67212606,423,133273
67212606,67213824,1218,163935
67213824,67214596,772,31609
67214596,67215808,1212,96168
67215808,67216276,468,132601
67216276,67217411,1135,163607
67217411,67218515,1104,138047
67218515,67219603,1088,124990
67219603,67219811,208,64717
67219811,67221076,1265,89388
67221076,67222315,1239,139308
67222315,67223600,1285,84010
67223600,67224749,1149,135227
67224749,67225978,1229,121392
67225978,67227171,1193,112592
67227171,67228434,1263,101579
67228434,67229642,1208,138047
67229642,67230565,923,106800
67230565,67231792,1227,121069
67231792,67232969,1177,6506
67232969,67234082,1113,138631
67234082,67235082,1000,294690
67235082,67236231,1149,117384
67236231,67237408,1177,123025
67237408,67238483,1075,134119
67238483,67239617,1134,76055
67239617,67240778,1161,101276
67240778,67241987,1209,126961
67241987,67243154,1167,185488
67243154,67243423,269,101883
67243423,67244684,1261,164461
67244684,67245947,1263,101276
67245947,67247235,1288,258266
67247235,67248543,1308,126296
67248543,67249509,966,73075
67249509,67250804,1295,52088
67250804,67251708,904,143271
67251708,67252986,1278,40556
67252986,67253817,831,89880
67253817,67254006,189,119637
67254006,67255048,1042,168500
67255048,67256265,1217,58869
67256265,67257193,928,74477
67257193,67258371,1178,67857
67258371,67259360,989,142824
67259360,67260516,1156,28462
67260516,67261442,926,161217
67261442,67262661,1219,162375
67262661,67263853,1192,129325
67263853,67265043,1190,12332
67265043,67265512,469,72212
67265512,67266747,1235,28375
67266747,67267965,1218,72200
67267965,67268938,973,130627
67268938,67269946,1008,121130
67269946,67271043,1097,69412
67271043,67271654,611,125883
67271654,67272171,517,140040
67272171,67273441,1270,133225
67273441,67274700,1259,2503
67274700,67274959,259,121741
67274959,67275836,877,101799
67275836,67277032,1196,21393
67277032,67278023,991,30105
67278023,67279225,1202,37999
67279225,67279950,725,134728
67279950,67281071,1121,139297
67281071,67282282,1211,21498
67282282,67283382,1100,224746
67283382,67284543,1161,107517
67284543,67285692,1149,80192
67285692,67286828,1136,170982
67286828,67287812,984,121902
67287812,67288872,1060,254918
67288872,67289915,1043,278217
67289915,67291111,1196,10702
67291111,67292006,895,138290
67292006,67293132,1126,178149
67293132,67294077,945,152842
67294077,67295228,1151,152864
67295228,67296254,1026,162253
67296254,67296511,257,63885
67296511,67297747,1236,134160
67297747,67298293,546,139297
67298293,67299398,1105,19585
67299398,67300512,1114,216563
67300512,67301607,1095,30119
67301607,67302674,1067,300234
67302674,67303959,1285,187023
67303959,67305020,1061,286306
67305020,67306155,1135,32856
67306155,67307339,1184,91072
67307339,67308630,1291,5703
67308630,67308819,189,92812
67308819,67310089,1270,163322
67310089,67310979,890,208
67310979,67312248,1269,141148
67312248,67313443,1195,9914
67313443,67314214,771,114469
67314214,67315329,1115,143625
67315329,67316389,1060,109176
67316389,67317536,1147,302000
67317536,67317832,296,116804
67317832,67318831,999,66016
67318831,67320108,1277,300234
67320108,67321187,1079,138047
67321187,67322242,1055,262305
67322242,67323503,1261,122545
67323503,67324687,1184,102250
67324687,67325894,1207,123602
67325894,67326971,1077,99249
67326971,67328144,1173,125123
67328144,67329177,1033,39971
67329177,67330361,1184,143005
67330361,67330908,547,292348
67330908,67332054,1146,59167
67332054,67332673,619,121722
67332673,67333657,984,121064
67333657,67334554,897,287659
67334554,67335663,1109,291374
67335663,67336950,1287,246889
67336950,67338052,1102,279239
67338052,67339182,1130,304535
67339182,67340362,1180,63885
67340362,67341461,1099,155151
67341461,67342768,1307,147159
67342768,67343942,1174,186230
67343942,67344917,975,130532
67344917,67346010,1093,133447
67346010,67347176,1166,130492
67347176,67348187,1011,129582
67348187,67349151,964,138115
67349151,67349696,545,1539
67349696,67350353,657,47541
67350353,67351548,1195,19376
67351548,67352814,1266,122810
67352814,67354117,1303,48032
67354117,67355315,1198,143485
67355315,67355487,172,16020
67355487,67356737,1250,12538
67356737,67357619,882,141713
67357619,67358850,1231,41166
67358850,67359442,592,10674
67359442,67360111,669,98880
67360111,67361316,1205,97610
67361316,67362529,1213,147962
67362529,67363685,1156,153964
67363685,67364251,566,126842
67364251,67365514,1263,285314
67365514,67366451,937,216564
67366451,67367636,1185,130975
67367636,67368220,584,157644
67368220,67369273,1053,252341
67369273,67370560,1287,16020
67370560,67371150,590,176698
67371150,67372418,1268,287671
67372418,67373525,1107,131003
67373525,67374653,1128,147962
67374653,67375834,1181,81858
67375834,67377043,1209,93276
67377043,67378025,982,285135
67378025,67379211,1186,149880
67379211,67380230,1019,155949
67380230,67381430,1200,66622
67381430,67382683,1253,142858
67382683,67383638,955,138047
67383638,67384793,1155,123163
67384793,67386009,1216,83606
67386009,67387193,1184,135892
67387193,67387869,676,45217
67387869,67388084,215,232057
67388084,67389182,1098,126959
67389182,67389528,346,26895
67389528,67390753,1225,143307
67390753,67391868,1115,83607
67391868,67393102,1234,84121
67393102,67393534,432,97610
67393534,67393988,454,104394
67393988,67395123,1135,103120
67395123,67395775,652,141270
67395775,67396875,1100,139752
67396875,67397759,884,129440
67397759,67398932,1173,121085
67398932,67400196,1264,258283
67400196,67401298,1102,139612
67401298,67402344,1046,72210
67402344,67403639,1295,300343
67403639,67404891,1252,279775
67404891,67406004,1113,152831
67406004,67407129,1125,275885
67407129,67408262,1133,21305
67408262,67409299,1037,164100
67409299,67409852,553,69422
67409852,67410141,289,153958
67410141,67411420,1279,46267
67411420,67412706,1286,149880
67412706,67413742,1036,258974
67413742,67414976,1234,108638
67414976,67416124,1148,104717
67416124,67417407,1283,138901
67417407,67418552,1145,141713
67418552,67419495,943,130226
67419495,67420748,1253,108066
67420748,67421055,307,10344
67421055,67422204,1149,131276
67422204,67423514,1310,102250
67423514,67424503,989,132499
67424503,67425644,1141,163507
67425644,67426702,1058,128345
67426702,67427909,1207,6506
67427909,67429029,1120,130878
67429029,67430072,1043,17615
67430072,67431393,1321,162667
67431393,67431992,599,122467
67431992,67433328,1336,101836
67433328,67434095,767,10702
67434095,67435209,1114,26496
67435209,67436402,1193,290363
67436402,67437679,1277,28375
67437679,67438806,1127,291101
67438806,67439998,1192,120325
67439998,67441163,1165,39661
67441163,67442382,1219,149791
67442382,67443641,1259,128991
67443641,67444731,1090,8674
67444731,67445973,1242,72927
67445973,67447080,1107,126929
67447080,67448168,1088,121140
67448168,67449329,1161,31097
67449329,67450554,1225,155968
67450554,67450817,263,296159
67450817,67451988,1171,58778
67451988,67452969,981,136861
67452969,67453644,675,26950
67453644,67454793,1149,164461
67454793,67455996,1203,48513
67455996,67457268,1272,121899
67457268,67457897,629,117382
67457897,67459202,1305,1119
67459202,67460267,1065,80189
67460267,67461362,1095,60489
67461362,67462093,731,71531
67462093,67463359,1266,54667
67463359,67464616,1257,59268
67464616,67465162,546,54006
67465162,67466392,1230,13364
67466392,67466939,547,120583
67466939,67468290,1351,131735
67468290,67469546,1256,119253
67469546,67470488,942,138047
67470488,67471641,1153,132891
67471641,67472770,1129,91902
67472770,67473882,1112,245708
67473882,67475008,1126,130627
67475008,67475387,379,302111
67475387,67476684,1297,132568
67476684,67477863,1179,125084
67477863,67478671,808,126600
67478671,67479532,861,14936
67479532,67480794,1262,141174
67480794,67481036,242,137739
67481036,67482183,1147,160952
67482183,67482658,475,142311
67482658,67483653,995,56778
67483653,67484670,1017,282977
67484670,67485874,1204,141135
67485874,67487029,1155,53458
67487029,67488226,1197,150715
67488226,67489128,902,14526
67489128,67489623,495,86741
67489623,67490861,1238,36641
67490861,67491945,1084,9342
67491945,67493022,1077,135249
67493022,67494119,1097,135636
67494119,67494426,307,110127
67494426,67494732,306,83696
67494732,67495962,1230,38026
67495962,67497167,1205,61780
67497167,67498234,1067,47239
67498234,67499516,1282,156159
67499516,67500779,1263,137141
67500779,67501587,808,124224
67501587,67502874,1287,158744
67502874,67504051,1177,122801
67504051,67505305,1254,92930
67505305,67506306,1001,84010
67506306,67507571,1265,133225
67507571,67508794,1223,106965
67508794,67509164,370,58776
67509164,67510252,1088,104890
67510252,67511342,1090,39971
67511342,67511921,579,130227
67511921,67513129,1208,132601
67513129,67514168,1039,32856
67514168,67515372,1204,142318
67515372,67515635,263,282383
67515635,67516888,1253,133447
67516888,67518042,1154,270778
67518042,67519337,1295,66185
67519337,67520405,1068,164101
67520405,67520783,378,301693
67520783,67521101,318,1732
67521101,67522170,1069,91801
67522170,67522368,198,6556
67522368,67523568,1200,6541
67523568,67524711,1143,277899
67524711,67525812,1101,163612
67525812,67527053,1241,138290
67527053,67527986,933,134792
67527986,67528915,929,156981
67528915,67529807,892,37090
67529807,67530163,356,8890
67530163,67531325,1162,212
67531325,67532604,1279,152824
67532604,67533813,1209,18004
67533813,67535005,1192,143307
67535005,67536151,1146,292347
67536151,67536690,539,137483
67536690,67537994,1304,72200
67537994,67539088,1094,273050
67539088,67540059,971,26894
67540059,67541224,1165,133440
67541224,67542285,1061,135814
67542285,67543490,1205,147981
67543490,67544654,1164,144503
67544654,67545848,1194,75939
67545848,67546906,1058,134825
67546906,67548168,1262,61317
67548168,67548607,439,1539
67548607,67549688,1081,121130
67549688,67550895,1207,135249
67550895,67551843,948,136483
67551843,67552959,1116,134592
67552959,67553941,982,11528
67553941,67555099,1158,285314
67555099,67555977,878,6557
67555977,67557201,1224,102232
67557201,67558466,1265,134792
67558466,67559268,802,171137
67559268,67560427,1159,3582
67560427,67561636,1209,14936
67561636,67562870,1234,291170
67562870,67563381,511,26956
67563381,67564643,1262,57416
67564643,67565674,1031,124368
67565674,67566891,1217,6397
67566891,67567882,991,246948
67567882,67569132,1250,112761
67569132,67570045,913,144965
67570045,67571034,989,157243
67571034,67571540,506,141791
67571540,67572610,1070,170956
67572610,67573699,1089,66470
67573699,67574974,1275,88363
67574974,67576207,1233,245691
67576207,67577378,1171,107486
67577378,67577942,564,138866
67577942,67579117,1175,141242
67579117,67580195,1078,126336
67580195,67581468,1273,64974
67581468,67582044,576,133220
67582044,67582473,429,123025
67582473,67583732,1259,12332
67583732,67584849,1117,4731
67584849,67586005,1156,282926
67586005,67586808,803,142318
67586808,67588039,1231,58763
67588039,67589263,1224,125118
67589263,67590377,1114,164328
67590377,67591478,1101,270778
67591478,67592701,1223,279775
67592701,67593715,1014,114469
67593715,67594772,1057,140072
67594772,67595904,1132,96157
67595904,67596313,409,18527
67596313,67597434,1121,126860
67597434,67598521,1087,1189
67598521,67599605,1084,57416
67599605,67600866,1261,287837
67600866,67602025,1159,54613
67602025,67602960,935,47239
67602960,67604234,1274,157636
67604234,67604956,722,82558
67604956,67605731,775,139297
67605731,67606926,1195,156977
67606926,67607502,576,1189
67607502,67608636,1134,56179
67608636,67609849,1213,130627
67609849,67610997,1148,135894
67610997,67612216,1219,276749
67612216,67613217,1001,143307
67613217,67613663,446,132101
67613663,67614144,481,129623
67614144,67615054,910,139710
67615054,67616057,1003,129393
67616057,67617288,1231,105383
67617288,67618377,1089,159386
67618377,67619631,1254,96168
67619631,67620282,651,723
67620282,67621435,1153,122443
67621435,67622501,1066,39971
67622501,67623493,992,140725
67623493,67624317,824,142824
67624317,67624736,419,246892
67624736,67625870,1134,53342
67625870,67626434,564,46267
67626434,67627635,1201,76974
67627635,67628890,1255,121674
67628890,67630008,1118,134816
67630008,67631221,1213,137739
67631221,67632302,1081,14358
67632302,67632720,418,143625
67632720,67633986,1266,96672
67633986,67635139,1153,289453
67635139,67636372,1233,109180
67636372,67637374,1002,171133
67637374,67637665,291,102232
67637665,67638898,1233,262305
67638898,67639288,390,144485
67639288,67640345,1057,101276
67640345,67641574,1229,171133
67641574,67642829,1255,71404
67642829,67643998,1169,18527
67643998,67645309,1311,9920
67645309,67646570,1261,142745
67646570,67647540,970,129582
67647540,67648726,1186,58845
67648726,67650020,1294,139336
67650020,67651306,1286,28380
67651306,67652623,1317,395
67652623,67653674,1051,92820
67653674,67654087,413,48579
67654087,67655284,1197,298549
67655284,67656049,765,135891
67656049,67657020,971,100045
67657020,67658147,1127,126302
67658147,67659184,1037,16003
67659184,67660284,1100,132776
67660284,67661309,1025,258250
67661309,67662625,1316,123500
67662625,67663097,472,13364
67663097,67663722,625,60489
67663722,67664825,1103,23311
67664825,67665990,1165,276939
67665990,67667259,1269,61742
67667259,67668317,1058,105167
67668317,67669423,1106,291101
67669423,67670005,582,129396
67670005,67670224,219,232057
67670224,67671426,1202,74477
67671426,67672320,894,135220
67672320,67673412,1092,72876
67673412,67673745,333,291381
67673745,67674920,1175,82458
67674920,67675116,196,5909
67675116,67676140,1024,13364
67676140,67676295,155,112057
67676295,67677368,1073,290365
67677368,67678677,1309,66622
67678677,67679009,332,167597
67679009,67680234,1225,155151
67680234,67681207,973,138047
67681207,67682487,1280,133393
67682487,67683685,1198,4158
67683685,67684867,1182,123135
67684867,67686072,1205,107520
67686072,67686580,508,82558
67686580,67687775,1195,19132
67687775,67688787,1012,246948
67688787,67690032,1245,134312
67690032,67691077,1045,26947
67691077,67691612,535,129396
67691612,67692648,1036,19585
67692648,67693689,1041,57836
67693689,67694187,498,285137
67694187,67695464,1277,139797
67695464,67695799,335,258959
67695799,67696688,889,125127
67696688,67697756,1068,134981
67697756,67698079,323,133630
67698079,67699074,995,122626
67699074,67700244,1170,98644
67700244,67701379,1135,62347
67701379,67702510,1131,6176
67702510,67703513,1003,160952
67703513,67704793,1280,139009
67704793,67705956,1163,121024
67705956,67707188,1232,132782
67707188,67708243,1055,109658
67708243,67709465,1222,121392
67709465,67710670,1205,133834
67710670,67711550,880,139710
67711550,67712781,1231,152864
67712781,67713247,466,284269
67713247,67713721,474,134451
67713721,67714940,1219,170452
67714940,67715957,1017,124990
67715957,67716153,196,16802
67716153,67716896,743,138042
67716896,67717950,1054,95441
67717950,67719135,1185,10822
67719135,67719993,858,121079
67719993,67721167,1174,149791
67721167,67722442,1275,3587
67722442,67723445,1003,121543
67723445,67724731,1286,131732
67724731,67725828,1097,35921
67725828,67727031,1203,289453
67727031,67728386,1355,12731
67728386,67729511,1125,63839
67729511,67730768,1257,48842
67730768,67730971,203,103126
67730971,67732236,1265,208
67732236,67733478,1242,73024
67733478,67734712,1234,126232
67734712,67735911,1199,245687
67735911,67736975,1064,254948
67736975,67738186,1211,86683
67738186,67739418,1232,98645
67739418,67740307,889,47032
67740307,67740960,653,135897
67740960,67741425,465,40556
67741425,67741852,427,258263
67741852,67743073,1221,10088
67743073,67743948,875,170956
67743948,67745089,1141,183239
67745089,67746105,1016,86045
67746105,67747277,1172,129388
67747277,67748506,1229,58868
67748506,67749596,1090,155949
67749596,67750583,987,275212
67750583,67751820,1237,131256
67751820,67752488,668,126233
67752488,67753607,1119,395
67753607,67754837,1230,138043
67754837,67755137,300,121064
67755137,67756265,1128,123036
67756265,67756425,160,64717
67756425,67757776,1351,13256
67757776,67759029,1253,122809
67759029,67759818,789,121766
67759818,67760985,1167,132891
67760985,67762165,1180,293957
67762165,67763296,1131,56777
67763296,67764463,1167,11546
67764463,67765699,1236,32856
67765699,67766741,1042,112057
67766741,67767592,851,96672
67767592,67768902,1310,132710
67768902,67769447,545,134991
67769447,67770691,1244,6525
67770691,67770927,236,131748
67770927,67772129,1202,44912
67772129,67773284,1155,100145
67773284,67774283,999,38026
67774283,67774495,212,130627
67774495,67775596,1101,290351
67775596,67776799,1203,5791
67776799,67777268,469,36641
67777268,67778505,1237,142824
67778505,67779604,1099,144965
67779604,67780603,999,11546
67780603,67781564,961,270777
67781564,67782707,1143,135229
67782707,67783788,1081,152282
67783788,67785063,1275,10822
67785063,67785712,649,143477
67785712,67785968,256,13248
67785968,67786369,401,156224
67786369,67787625,1256,131704
67787625,67788722,1097,130093
67788722,67789710,988,274374
67789710,67790554,844,125123
67790554,67791825,1271,133212
67791825,67792988,1163,129805
67792988,67794234,1246,291458
67794234,67795377,1143,4479
67795377,67796493,1116,114468
67796493,67797665,1172,175448
67797665,67797998,333,122626
67797998,67799167,1169,60480
67799167,67800386,1219,121446
67800386,67801215,829,61323
67801215,67802475,1260,126826
67802475,67803572,1097,163612
67803572,67804860,1288,133273
67804860,67805105,245,36633
67805105,67806244,1139,92934
67806244,67806724,480,134451
67806724,67808017,1293,44586
67808017,67809277,1260,92806
67809277,67810467,1190,140718
67810467,67811516,1049,4445
67811516,67812775,1259,152224
67812775,67813982,1207,57416
67813982,67814824,842,134804
67814824,67815923,1099,114971
67815923,67816846,923,52087
67816846,67817628,782,131722
67817628,67818281,653,127731
67818281,67819488,1207,284434
67819488,67820337,849,7943
67820337,67821456,1119,69422
67821456,67822567,1111,125128
67822567,67823673,1106,156967
67823673,67824788,1115,60801
67824788,67825805,1017,122614
67825805,67826843,1038,129597
67826843,67828082,1239,102381
67828082,67828499,417,121085
67828499,67829607,1108,291379
67829607,67830778,1171,143477
67830778,67831942,1164,143307
67831942,67833169,1227,65534
67833169,67834361,1192,138866
67834361,67834992,631,129623
67834992,67836324,1332,126965
67836324,67837544,1220,126932
67837544,67838823,1279,9010
67838823,67840168,1345,34478
67840168,67841375,1207,5341
67841375,67842606,1231,77779
67842606,67843860,1254,46267
67843860,67845021,1161,138866
67845021,67846150,1129,120325
67846150,67847341,1191,62558
67847341,67848405,1064,101578
67848405,67849348,943,288044
67849348,67850498,1150,147968
67850498,67851098,600,176270
67851098,67852349,1251,81881
67852349,67852922,573,125002
67852922,67853582,660,139355
67853582,67854320,738,157054
67854320,67855551,1231,112057
67855551,67856702,1151,139350
67856702,67857722,1020,68353
67857722,67858646,924,57667
67858646,67859904,1258,73728
67859904,67861106,1202,132568
67861106,67862280,1174,176270
67862280,67863402,1122,126829
67863402,67863834,432,32139
67863834,67865071,1237,30593
67865071,67866075,1004,157400
67866075,67867059,984,144987
67867059,67868358,1299,135033
67868358,67869551,1193,166683
67869551,67870696,1145,699
67870696,67871828,1132,93277
67871828,67873126,1298,159227
67873126,67874300,1174,271817
67874300,67874856,556,155968
67874856,67875860,1004,157400
67875860,67877016,1156,66016
67877016,67878248,1232,64738
67878248,67879577,1329,138033
67879577,67880675,1098,126737
67880675,67880892,217,141721
67880892,67882004,1112,259009
67882004,67882962,958,155949
67882962,67883991,1029,7944
67883991,67885021,1030,291953
67885021,67886159,1138,119253
67886159,67887355,1196,60801
67887355,67888170,815,129659
67888170,67889395,1225,274549
67889395,67890551,1156,30591
67890551,67891505,954,46243
67891505,67892551,1046,216563
67892551,67893579,1028,126233
67893579,67893824,245,59268
67893824,67895067,1243,142858
67895067,67896267,1200,270778
67896267,67896834,567,129393
67896834,67898117,1283,13270
67898117,67899138,1021,283228
67899138,67900375,1237,185126
67900375,67901484,1109,156757
67901484,67902383,899,86765
67902383,67903580,1197,121543
67903580,67904881,1301,52088
67904881,67905931,1050,119295
67905931,67906848,917,164100
67906848,67908103,1255,184266
67908103,67909214,1111,126959
67909214,67910381,1167,302000
67910381,67911697,1316,134728
67911697,67912956,1259,63885
67912956,67913995,1039,141571
67913995,67915190,1195,123192
67915190,67916417,1227,101283
67916417,67917591,1174,7793
67917591,67918607,1016,125118
67918607,67919869,1262,41933
67919869,67921001,1132,138033
67921001,67922231,1230,19132
67922231,67923500,1269,123715
67923500,67924541,1041,126957
67924541,67925254,713,131732
67925254,67926394,1140,164328
67926394,67926813,419,157636
67926813,67927974,1161,106969
67927974,67928149,175,176853
67928149,67928796,647,122789
67928796,67929853,1057,80189
67929853,67930176,323,258970
67930176,67931403,1227,172156
67931403,67931883,480,282934
67931883,67933055,1172,123025
67933055,67934050,995,122627
67934050,67935265,1215,34483
67935265,67936417,1152,169291
67936417,67937550,1133,62850
67937550,67938360,810,5083
67938360,67939544,1184,21493
67939544,67940710,1166,105167
67940710,67941940,1230,88367
67941940,67943210,1270,105179
67943210,67944399,1189,53342
67944399,67945662,1263,156973
67945662,67946825,1163,86683
67946825,67947732,907,112592
67947732,67948971,1239,163612
67948971,67950008,1037,2503
67950008,67951133,1125,135894
67951133,67952366,1233,134707
67952366,67953306,940,21393
67953306,67954591,1285,23281
67954591,67955700,1109,131040
67955700,67956778,1078,80656
67956778,67957939,1161,147971
67957939,67959112,1173,127936
67959112,67960195,1083,24731
67960195,67961384,1189,68361
67961384,67962456,1072,73847
67962456,67963282,826,160188
67963282,67963955,673,129623
67963955,67964668,713,109507
67964668,67965838,1170,19361
67965838,67966251,413,126928
67966251,67967502,1251,47541
67967502,67968405,903,174960
67968405,67969644,1239,8684
67969644,67970777,1133,133393
67970777,67972010,1233,139753
67972010,67973094,1084,28375
67973094,67974270,1176,12085
67974270,67975293,1023,292604
67975293,67975548,255,64974
67975548,67976835,1287,73847
67976835,67977642,807,24514
67977642,67978625,983,72311
67978625,67979889,1264,6506
67979889,67981062,1173,135249
67981062,67982247,1185,65534
67982247,67982816,569,95441
67982816,67983951,1135,105398
67983951,67985032,1081,234100
67985032,67986036,1004,48361
67986036,67987133,1097,288044
67987133,67988232,1099,141268
67988232,67989311,1079,99122
67989311,67990131,820,130876
67990131,67991415,1284,153309
67991415,67992304,889,1133
67992304,67993153,849,153728
67993153,67993540,387,136861
67993540,67994757,1217,29110
67994757,67996016,1259,19373
67996016,67997144,1128,8592
67997144,67998396,1252,76046
67998396,67999543,1147,126336
67999543,67999782,239,284424
67999782,68000877,1095,259009
68000877,68001275,398,6525
68001275,68002106,831,76574
68002106,68003190,1084,296159
68003190,68003684,494,66465
68003684,68004888,1204,87508
68004888,68005865,977,130627
68005865,68007116,1251,75807
68007116,68008328,1212,143477
68008328,68009387,1059,68361
68009387,68010433,1046,123163
68010433,68011616,1183,135229
68011616,68012775,1159,63713
68012775,68013954,1179,132485
68013954,68015224,1270,147110
68015224,68015681,457,162667
68015681,68016839,1158,70843
68016839,68018118,1279,140931
68018118,68019397,1279,128678
68019397,68019784,387,122801
68019784,68020233,449,276749
68020233,68021371,1138,64738
68021371,68022570,1199,134465
68022570,68023679,1109,132882
68023679,68024876,1197,121392
68024876,68025718,842,155521
68025718,68026863,1145,11254
68026863,68027801,938,18005
68027801,68028701,900,162130
68028701,68029760,1059,54006
68029760,68030759,999,128631
68030759,68031805,1046,130533
68031805,68032995,1190,131732
68032995,68033367,372,137618
68033367,68034344,977,129317
68034344,68035360,1016,48032
68035360,68036321,961,129596
68036321,68037520,1199,96498
68037520,68038720,1200,163322
68038720,68039555,835,135229
68039555,68040737,1182,131722
68040737,68041867,1130,290901
68041867,68043081,1214,68358
68043081,68044075,994,285135
68044075,68045241,1166,81881
68045241,68046514,1273,139742
68046514,68047579,1065,60480
68047579,68048770,1191,139733
68048770,68049698,928,291101
68049698,68050691,993,136458
68050691,68051999,1308,135220
68051999,68053154,1155,84010
68053154,68053844,690,125002
68053844,68054804,960,98880
68054804,68055857,1053,139710
68055857,68056930,1073,130530
68056930,68057559,629,290349
68057559,68058605,1046,110056
68058605,68059520,915,287139
68059520,68060725,1205,129393
68060725,68061878,1153,46588
68061878,68063107,1229,142824
68063107,68063427,320,284424
68063427,68064541,1114,73728
68064541,68065616,1075,61316
68065616,68066417,801,97610
68066417,68067675,1258,258262
68067675,68068780,1105,87791
68068780,68069708,928,155968
68069708,68070417,709,230928
68070417,68071526,1109,32139
68071526,68072289,763,130878
68072289,68073495,1206,48579
68073495,68074124,629,86732
68074124,68074727,603,163322
68074727,68075463,736,134119
68075463,68076686,1223,39967
68076686,68077992,1306,6506
68077992,68079113,1121,287659
68079113,68080204,1091,41166
68080204,68081188,984,122614
68081188,68082432,1244,131732
68082432,68083476,1044,121799
68083476,68084713,1237,31603
68084713,68084996,283,139710
68084996,68085745,749,163381
68085745,68086772,1027,60774
68086772,68087816,1044,82020
68087816,68088524,708,65772
68088524,68089604,1080,156230
68089604,68090784,1180,89940
68090784,68091825,1041,32637
68091825,68092303,478,31629
68092303,68093574,1271,284435
68093574,68093851,277,131294
68093851,68095090,1239,143521
68095090,68095390,300,699
68095390,68096237,847,129587
68096237,68097255,1018,19209
68097255,68097822,567,123033
68097822,68099079,1257,121415
68099079,68100356,1277,10801
68100356,68101412,1056,233366
68101412,68102615,1203,47541
68102615,68103020,405,63713
68103020,68103405,385,11244
68103405,68104683,1278,65820
68104683,68105176,493,69412
68105176,68106429,1253,32137
68106429,68107712,1283,39501
68107712,68108222,510,294523
68108222,68109473,1251,279153
68109473,68110708,1235,84448
68110708,68111784,1076,121799
68111784,68112446,662,121127
68112446,68113084,638,1539
68113084,68114303,1219,124549
68114303,68115510,1207,153728
68115510,68116670,1160,143484
68116670,68117813,1143,130494
68117813,68119075,1262,135580
68119075,68119764,689,88089
68119764,68120320,556,12332
68120320,68120593,273,8927
68120593,68120838,245,14674
68120838,68122041,1203,224
68122041,68123134,1093,122828
68123134,68124415,1281,129324
68124415,68125631,1216,139797
68125631,68126754,1123,156230
68126754,68127868,1114,4861
68127868,68128963,1095,101262
68128963,68129930,967,137739
68129930,68131106,1176,41933
68131106,68132259,1153,84447
68132259,68133422,1163,275128
68133422,68134475,1053,123266
68134475,68135563,1088,138631
68135563,68136300,737,133393
68136300,68137439,1139,127522
68137439,68138710,1271,143895
68138710,68139736,1026,167024
68139736,68140957,1221,54666
68140957,68141242,285,172165
68141242,68142107,865,1562
68142107,68143198,1091,132800
68143198,68144475,1277,5083
68144475,68145065,590,164100
68145065,68146157,1092,79973
68146157,68147136,979,55927
68147136,68148278,1142,63713
68148278,68149063,785,157263
68149063,68150128,1065,102240
68150128,68151232,1104,7574
68151232,68151574,342,147968
68151574,68152291,717,126957
68152291,68152874,583,135580
68152874,68154119,1245,132592
68154119,68155360,1241,135580
68155360,68156219,859,153958
68156219,68157482,1263,12103
68157482,68157887,405,126957
68157887,68159165,1278,113272
68159165,68160437,1272,87547
68160437,68161414,977,14672
68161414,68161798,384,6556
68161798,68163030,1232,127696
68163030,68164189,1159,138486
68164189,68164752,563,101892
68164752,68165932,1180,110243
68165932,68167151,1219,50777
68167151,68168334,1183,121741
68168334,68169355,1021,150715
68169355,68169870,515,144135
68169870,68170734,864,44937
68170734,68171241,507,1189
68171241,68172413,1172,145742
68172413,68173341,928,36641
68173341,68173912,571,282383
68173912,68174133,221,130870
68174133,68175438,1305,50776
68175438,68176331,893,55088
68176331,68177360,1029,142318
68177360,68178246,886,130103
68178246,68179347,1101,723
68179347,68180179,832,70837
68180179,68181350,1171,8157
68181350,68182469,1119,121766
68182469,68182847,378,104637
68182847,68184092,1245,398
68184092,68185273,1181,122806
68185273,68186513,1240,65534
68186513,68187719,1206,144485
68187719,68188960,1241,54016
68188960,68190215,1255,136054
68190215,68190550,335,153731
68190550,68191722,1172,10642
68191722,68192901,1179,143895
68192901,68194119,1218,39501
68194119,68194380,261,301693
68194380,68195485,1105,147962
68195485,68196742,1257,24515
68196742,68197737,995,152864
68197737,68198266,529,91098
68198266,68199522,1256,139290
68199522,68200762,1240,129790
68200762,68201813,1051,148312
68201813,68202375,562,131899
68202375,68203340,965,159230
68203340,68204029,689,129388
68204029,68205205,1176,88089
68205205,68206318,1113,106974
68206318,68206957,639,114452
68206957,68208084,1127,88748
68208084,68209059,975,30591
68209059,68210117,1058,281188
68210117,68211276,1159,10674
68211276,68212424,1148,121024
68212424,68212695,271,276730
68212695,68213941,1246,96151
68213941,68214552,611,36641
68214552,68215076,524,110706
68215076,68216237,1161,139752
68216237,68217397,1160,106969
68217397,68218605,1208,130569
68218605,68219732,1127,135892
68219732,68221020,1288,758
68221020,68221232,212,58845
68221232,68221739,507,37090
68221739,68223038,1299,135657
68223038,68224226,1188,126577
68224226,68225391,1165,127703
68225391,68226707,1316,126296
68226707,68227944,1237,10822
68227944,68228925,981,158744
68228925,68230180,1255,160438
68230180,68230789,609,271817
68230789,68231972,1183,156963
68231972,68232459,487,141571
68232459,68233220,761,136271
68233220,68233429,209,160187
68233429,68234594,1165,131226
68234594,68235810,1216,106965
68235810,68236929,1119,122544
68236929,68238020,1091,143307
68238020,68238855,835,121024
68238855,68239567,712,156015
68239567,68240791,1224,160953
68240791,68241604,813,161975
68241604,68242819,1215,304535
68242819,68244128,1309,136863
68244128,68245404,1276,11547
68245404,68246662,1258,216570
68246662,68247796,1134,157243
68247796,68248761,965,300343
68248761,68249989,1228,142750
68249989,68250161,172,89390
68250161,68251273,1112,129752
68251273,68251960,687,132499
68251960,68253076,1116,287659
68253076,68254184,1108,176660
68254184,68254414,230,159227
68254414,68255596,1182,134728
68255596,68256849,1253,159230
68256849,68257942,1093,121064
68257942,68259148,1206,234067
68259148,68260064,916,156724
68260064,68261297,1233,135897
68261297,68262491,1194,108640
68262491,68263658,1167,127704
68263658,68264912,1254,134804
68264912,68266124,1212,65820
68266124,68266420,296,139730
68266420,68266960,540,129581
68266960,68268014,1054,126737
68268014,68268969,955,45204
68268969,68270202,1233,14897
68270202,68271285,1083,5083
68271285,68272553,1268,86804
68272553,68273000,447,140040
68273000,68273655,655,11512
68273655,68274189,534,101283
68274189,68275530,1341,102381
68275530,68276720,1190,160602
68276720,68277805,1085,28868
68277805,68278909,1104,106800
68278909,68280118,1209,127704
68280118,68281265,1147,81881
68281265,68282414,1149,73073
68282414,68283017,603,142848
68283017,68283321,304,126232
68283321,68283768,447,157057
68283768,68284943,1175,136861
68284943,68286222,1279,107627
68286222,68287223,1001,82458
68287223,68288178,955,101276
68288178,68289373,1195,174960
68289373,68290432,1059,150915
68290432,68291167,735,149033
68291167,68292354,1187,107621
68292354,68293284,930,216563
68293284,68293394,110,6556
68293394,68294648,1254,175448
68294648,68295851,1203,244443
68295851,68297024,1173,156738
68297024,68297959,935,126794
68297959,68299210,1251,134728
68299210,68300495,1285,129440
68300495,68300977,482,121331
68300977,68302224,1247,143022
68302224,68302836,612,147627
68302836,68304192,1356,141571
68304192,68305059,867,76046
68305059,68306125,1066,138486
68306125,68307211,1086,298549
68307211,68308457,1246,174511
68308457,68309266,809,156015
68309266,68310524,1258,139308
68310524,68311607,1083,21393
68311607,68312099,492,75355
68312099,68312304,205,73957
68312304,68313573,1269,56777
68313573,68314024,451,145088
68314024,68315193,1169,141571
68315193,68316289,1096,296159
68316289,68316669,380,284434
68316669,68317044,375,24758
68317044,68318048,1004,152864
68318048,68319299,1251,5417
68319299,68320187,888,160438
68320187,68321370,1183,231834
68321370,68322438,1068,156224
68322438,68323520,1082,164327
68323520,68324808,1288,300208
68324808,68325243,435,138866
68325243,68326383,1140,60801
68326383,68327056,673,165428
68327056,68327324,268,122944
68327324,68328568,1244,293963
68328568,68329464,896,39501
68329464,68330731,1267,181961
68330731,68331287,556,291384
68331287,68332521,1234,14960
68332521,68332946,425,295761
68332946,68334131,1185,132499
68334131,68335172,1041,13247
68335172,68336281,1109,141613
68336281,68337514,1233,131735
68337514,68338787,1273,128226
68338787,68339732,945,129064
68339732,68340804,1072,124221
68340804,68341787,983,6174
68341787,68343060,1273,292604
68343060,68344158,1098,157054
68344158,68344644,486,137628
68344644,68345865,1221,116804
68345865,68347028,1163,181420
68347028,68348272,1244,65803
68348272,68349467,1195,363
68349467,68350402,935,4136
68350402,68351537,1135,128309
68351537,68352754,1217,287139
68352754,68353419,665,18005
68353419,68354497,1078,31629
68354497,68355743,1246,101864
68355743,68356909,1166,159056
68356909,68358124,1215,5704
68358124,68359267,1143,41259
68359267,68360491,1224,279775
68360491,68361664,1173,77779
68361664,68362769,1105,142320
68362769,68363432,663,134463
68363432,68364582,1150,287671
68364582,68364873,291,124587
68364873,68366129,1256,163507
68366129,68366653,524,112592
68366653,68367857,1204,129325
68367857,68368504,647,54666
68368504,68369452,948,114468
68369452,68370607,1155,121392
68370607,68371904,1297,12971
68371904,68373042,1138,276735
68373042,68374182,1140,17942
68374182,68375272,1090,173591
68375272,68376346,1074,113336
68376346,68377308,962,28465
68377308,68378489,1181,32136
68378489,68378848,359,106370
68378848,68379817,969,30105
68379817,68380158,341,134786
68380158,68381049,891,147045
68381049,68382089,1040,16632
68382089,68383032,943,5776
68383032,68383663,631,131226
68383663,68384585,922,158074
68384585,68385428,843,126959
68385428,68386353,925,16632
68386353,68387501,1148,146437
68387501,68388684,1183,288043
68388684,68389685,1001,106965
68389685,68390612,927,125001
68390612,68391890,1278,279229
68391890,68392913,1023,121127
68392913,68393380,467,156155
68393380,68394469,1089,68773
68394469,68395764,1295,4445
68395764,68396936,1172,121415
68396936,68398117,1181,117382
68398117,68398853,736,7741
68398853,68399818,965,162238
68399818,68401079,1261,46240
68401079,68402381,1302,279233
68402381,68403540,1159,138042
68403540,68404517,977,72212
68404517,68405697,1180,67863
68405697,68406642,945,14672
68406642,68407903,1261,31089
68407903,68409024,1121,11734
68409024,68409769,745,57154
68409769,68410948,1179,105386
68410948,68412171,1223,137106
68412171,68413384,1213,73728
68413384,68414511,1127,122544
68414511,68415736,1225,138488
68415736,68416054,318,73728
68416054,68417185,1131,6176
68417185,68417933,748,25563
68417933,68419140,1207,199
68419140,68419669,529,4861
68419669,68420354,685,62851
68420354,68421317,963,58192
68421317,68422529,1212,269254
68422529,68422901,372,7239
68422901,68424035,1134,144135
68424035,68425129,1094,126739
68425129,68426363,1234,139710
68426363,68427543,1180,161707
68427543,68428570,1027,123506
68428570,68429707,1137,120318
68429707,68430456,749,9920
68430456,68430994,538,155646
68430994,68431448,454,126826
68431448,68432806,1358,141613
68432806,68433943,1137,134312
68433943,68434754,811,137618
68434754,68435957,1203,123172
68435957,68437121,1164,132499
68437121,68438251,1130,1560
68438251,68439264,1013,34497
68439264,68439652,388,132705
68439652,68440092,440,234100
68440092,68440907,815,106969
68440907,68442134,1227,48032
68442134,68443273,1139,63839
68443273,68443970,697,232057
68443970,68445303,1333,46268
68445303,68445757,454,168626
68445757,68446773,1016,115046
68446773,68447175,402,1536
68447175,68447408,233,14677
68447408,68447593,185,131030
68447593,68448646,1053,276749
68448646,68449758,1112,156981
68449758,68450859,1101,126577
68450859,68451963,1104,157236
68451963,68452151,188,132891
68452151,68453280,1129,76055
68453280,68454581,1301,102526
68454581,68455634,1053,89735
68455634,68456729,1095,109185
68456729,68457644,915,131735
68457644,68458894,1250,139009
68458894,68460054,1160,11512
68460054,68460644,590,246892
68460644,68461761,1117,61780
68461761,68462990,1229,126955
68462990,68464139,1149,34497
68464139,68465399,1260,282412
68465399,68466303,904,125941
68466303,68466852,549,163726
68466852,68468048,1196,171108
68468048,68469108,1060,136054
68469108,68470393,1285,291101
68470393,68471446,1053,68358
68471446,68471705,259,171109
68471705,68472898,1193,352
68472898,68474214,1316,1189
68474214,68475349,1135,185488
68475349,68475663,314,46889
68475663,68476717,1054,133440
68476717,68477578,861,46889
68477578,68478802,1224,136458
68478802,68479890,1088,59268
68479890,68481081,1191,14653
68481081,68482270,1189,4275
68482270,68483127,857,252341
68483127,68484351,1224,696
68484351,68485655,1304,262305
68485655,68486902,1247,14497
68486902,68487241,339,115046
68487241,68488381,1140,10801
68488381,68489596,1215,140067
68489596,68490812,1216,134728
68490812,68491944,1132,108640
68491944,68492991,1047,288044
68492991,68494087,1096,121896
68494087,68495158,1071,130878
68495158,68496447,1289,164461
68496447,68497679,1232,294551
68497679,68498691,1012,61742
68498691,68499965,1274,26685
68499965,68500536,571,19361
68500536,68501705,1169,284433
68501705,68502975,1270,128310
68502975,68504013,1038,65554
68504013,68504888,875,123283
68504888,68506176,1288,9321
68506176,68506553,377,53638
68506553,68506984,431,57154
68506984,68508021,1037,279153
68508021,68509083,1062,159227
68509083,68509266,183,98878
68509266,68510520,1254,39475
68510520,68511621,1101,365
68511621,68512139,518,134789
68512139,68513446,1307,56777
68513446,68514193,747,26951
68514193,68515374,1181,65534
68515374,68516489,1115,102526
68516489,68517719,1230,285135
68517719,68518122,403,158744
68518122,68519333,1211,139336
68519333,68520414,1081,61421
68520414,68520752,338,71531
68520752,68521065,313,142733
68521065,68522054,989,135892
68522054,68523215,1161,135022
68523215,68524406,1191,106367
68524406,68525590,1184,80665
68525590,68526717,1127,128226
68526717,68528033,1316,57154
68528033,68528664,631,86043
68528664,68528934,270,58868
68528934,68530177,1243,157644
68530177,68530876,699,140072
68530876,68532145,1269,25951
68532145,68533266,1121,13269
68533266,68534363,1097,47239
68534363,68535574,1211,117384
68535574,68536478,904,44912
68536478,68537625,1147,108005
68537625,68538877,1252,121079
68538877,68539869,992,122828
68539869,68540500,631,32451
68540500,68541488,988,258266
68541488,68542216,728,52195
68542216,68543371,1155,56222
68543371,68544245,874,288043
68544245,68545356,1111,88484
68545356,68546594,1238,10801
68546594,68547197,603,155968
68547197,68547967,770,281188
68547967,68549251,1284,109658
68549251,68550472,1221,40556
68550472,68551622,1150,5083
68551622,68552853,1231,48579
68552853,68554072,1219,119637
68554072,68554537,465,132717
68554537,68555611,1074,132592
68555611,68556566,955,7371
68556566,68557346,780,279229
68557346,68558401,1055,121416
68558401,68559082,681,128660
68559082,68559526,444,90850
68559526,68560614,1088,175448
68560614,68561581,967,62347
68561581,68562793,1212,112012
68562793,68563910,1117,130131
68563910,68565033,1123,187023
68565033,68565844,811,187006
68565844,68566529,685,124990
68566529,68567349,820,106974
68567349,68568436,1087,131748
68568436,68569443,1007,121730
68569443,68569986,543,142279
68569986,68571214,1228,131722
68571214,68572393,1179,224
68572393,68573186,793,126851
68573186,68574287,1101,157636
68574287,68575168,881,154284
68575168,68576361,1193,220980
68576361,68576684,323,126408
68576684,68577909,1225,36386
68577909,68579072,1163,48513
68579072,68580210,1138,64300
68580210,68581560,1350,103120
68581560,68582680,1120,11258
68582680,68583826,1146,129587
68583826,68585019,1193,4690
68585019,68585911,892,142858
68585911,68587167,1256,4158
68587167,68588308,1141,61356
68588308,68588719,411,271812
68588719,68589981,1262,183988
68589981,68591032,1051,86708
68591032,68591781,749,46243
68591781,68592944,1163,124547
68592944,68593520,576,146197
68593520,68594722,1202,141320
68594722,68595876,1154,291374
68595876,68597073,1197,246948
68597073,68598312,1239,16002
68598312,68599547,1235,174132
68599547,68600567,1020,26951
68600567,68601796,1229,122614
68601796,68602977,1181,110528
68602977,68604054,1077,68369
68604054,68604543,489,121064
68604543,68605845,1302,64974
68605845,68606656,811,67857
68606656,68607767,1111,286306
68607767,68609065,1298,75365
68609065,68610130,1065,168198
68610130,68611268,1138,155949
68611268,68612460,1192,156474
68612460,68613227,767,78193
68613227,68614112,885,123163
68614112,68615129,1017,19376
68615129,68616276,1147,166420
68616276,68617309,1033,13185
68617309,68618444,1135,112597
68618444,68619379,935,78885
68619379,68620605,1226,136983
68620605,68621762,1157,133279
68621762,68622876,1114,168497
68622876,68623109,233,139307
68623109,68624179,1070,68369
68624179,68625344,1165,135897
68625344,68626452,1108,138047
68626452,68627695,1243,44912
68627695,68628871,1176,11535
68628871,68629899,1028,126851
68629899,68630714,815,31603
68630714,68631987,1273,48848
68631987,68633142,1155,126739
68633142,68634423,1281,278217
68634423,68635569,1146,58845
68635569,68636589,1020,129659
68636589,68636946,357,102381
68636946,68638107,1161,69607
68638107,68639350,1243,133220
68639350,68640440,1090,53343
68640440,68641489,1049,39501
68641489,68642596,1107,86804
68642596,68643818,1222,36633
68643818,68645092,1274,39971
68645092,68646287,1195,53638
68646287,68647463,1176,39501
68647463,68648545,1082,141135
68648545,68649698,1153,170453
68649698,68650913,1215,362
68650913,68652044,1131,58137
68652044,68653227,1183,110243
68653227,68653530,303,64290
68653530,68654712,1182,288044
68654712,68655953,1241,48848
68655953,68657227,1274,143022
68657227,68658322,1095,172165
68658322,68659484,1162,139308
68659484,68660782,1298,73024
68660782,68661941,1159,129011
68661941,68662965,1024,134176
68662965,68664018,1053,668
68664018,68664427,409,129388
68664427,68664792,365,163402
68664792,68665848,1056,117384
68665848,68666995,1147,254949
68666995,68667231,236,252341
68667231,68668495,1264,133630
68668495,68669748,1253,11243
68669748,68670593,845,123283
68670593,68671564,971,88367
68671564,68672506,942,178149
68672506,68673753,1247,113336
68673753,68674943,1190,163612
68674943,68675521,578,71401
68675521,68676766,1245,34479
68676766,68677259,493,110061
68677259,68678224,965,136846
68678224,68679496,1272,46240
68679496,68680610,1114,132717
68680610,68681656,1046,139356
68681656,68682221,565,294523
68682221,68683581,1360,156014
68683581,68684537,956,133279
68684537,68685666,1129,164187
68685666,68686879,1213,181420
68686879,68688118,1239,185485
68688118,68689315,1197,139752
68689315,68690529,1214,138486
68690529,68691787,1258,68358
68691787,68692816,1029,26685
68692816,68694029,1213,136280
68694029,68695236,1207,159371
68695236,68696483,1247,102232
68696483,68697810,1327,123033
68697810,68698743,933,286306
68698743,68699977,1234,139710
68699977,68700754,777,94523
68700754,68701548,794,130627
68701548,68702466,918,232691
68702466,68703726,1260,111961
68703726,68704950,1224,216570
68704950,68706236,1286,134708
68706236,68707130,894,129623
68707130,68708207,1077,134657
68708207,68708478,271,1188
68708478,68709328,850,890
68709328,68710198,870,139324
68710198,68710481,283,136846
68710481,68711710,1229,58843
68711710,68712840,1130,147990
68712840,68713631,791,106965
68713631,68714828,1197,66185
68714828,68715955,1127,12538
68715955,68717024,1069,121069
68717024,68718283,1259,296473
68718283,68719405,1122,110520
68719405,68720568,1163,105574
68720568,68721848,1280,157636
68721848,68723056,1208,134830
68723056,68724225,1169,158796
68724225,68725482,1257,47030
68725482,68726673,1191,76055
68726673,68727878,1205,89940
68727878,68728754,876,282386
68728754,68729241,487,24732
68729241,68730406,1165,68770
68730406,68731405,999,54487
68731405,68732605,1200,84010
68732605,68733355,750,84448
68733355,68734018,663,6541
68734018,68735169,1151,122451
68735169,68735983,814,84122
68735983,68736156,173,163384
68736156,68737385,1229,121541
68737385,68738471,1086,244443
68738471,68739739,1268,42637
68739739,68740989,1250,48377
68740989,68741763,774,126955
68741763,68743002,1239,293957
68743002,68743737,735,48032
68743737,68744836,1099,127215
68744836,68745759,923,168204
68745759,68746843,1084,34479
68746843,68747506,663,129623
68747506,68748424,918,26895
68748424,68749626,1202,86741
68749626,68750728,1102,1560
68750728,68751800,1072,156474
68751800,68753029,1229,124221
68753029,68754218,1189,138063
68754218,68755333,1115,758
68755333,68756335,1002,164100
68756335,68757147,812,281132
68757147,68758407,1260,186230
68758407,68759463,1056,10172
68759463,68760261,798,26987
68760261,68761470,1209,110238
68761470,68762665,1195,70837
68762665,68763926,1261,86741
68763926,68765131,1205,5330
68765131,68766250,1119,26685
68766250,68767318,1068,170956
68767318,68768579,1261,30101
68768579,68769047,468,245708
68769047,68770163,1116,9010
68770163,68770637,474,139710
68770637,68771787,1150,295710
68771787,68772775,988,171138
68772775,68774006,1231,11077
68774006,68774998,992,89388
68774998,68776078,1080,48579
68776078,68777227,1149,1070
68777227,68778172,945,19585
68778172,68779349,1177,129974
68779349,68780203,854,129388
68780203,68781499,1296,62850
68781499,68782696,1197,127521
68782696,68783746,1050,58193
68783746,68785017,1271,44577
68785017,68786124,1107,132592
68786124,68787209,1085,64974
68787209,68788230,1021,284445
68788230,68789473,1243,121658
68789473,68790534,1061,224746
68790534,68791842,1308,123048
68791842,68792179,337,84349
68792179,68793386,1207,92812
68793386,68794559,1173,139290
68794559,68795606,1047,18533
68795606,68796841,1235,17615
68796841,68798038,1197,124994
68798038,68799245,1207,94876
68799245,68799560,315,75810
68799560,68800914,1354,157475
68800914,68802208,1294,57154
68802208,68803522,1314,86026
68803522,68804638,1116,110131
68804638,68805713,1075,155972
68805713,68806885,1172,68358
68806885,68808145,1260,125001
68808145,68809172,1027,171133
68809172,68809923,751,171139
68809923,68810981,1058,53343
68810981,68812155,1174,159386
68812155,68812991,836,132650
68812991,68814279,1288,19371
68814279,68814691,412,15081
68814691,68815878,1187,163518
68815878,68816857,979,304534
68816857,68817973,1116,185125
68817973,68819023,1050,83607
68819023,68820303,1280,86804
68820303,68821417,1114,174511
68821417,68822509,1092,291170
68822509,68823566,1057,122827
68823566,68824035,469,279775
68824035,68825063,1028,26520
68825063,68826215,1152,10801
68826215,68827490,1275,177638
68827490,68828527,1037,129659
68828527,68829715,1188,123266
68829715,68830968,1253,290350
68830968,68832208,1240,34501
68832208,68832819,611,81859
68832819,68833302,483,39661
68833302,68834261,959,48831
68834261,68835605,1344,121658
68835605,68836668,1063,73295
68836668,68837851,1183,149738
68837851,68839188,1337,21493
68839188,68840438,1250,139200
68840438,68841623,1185,129597
68841623,68842928,1305,58776
68842928,68844129,1201,75360
68844129,68844988,859,67851
68844988,68846250,1262,118128
68846250,68847207,957,36956
68847207,68848384,1177,13056
68848384,68849425,1041,134451
68849425,68850742,1317,68353
68850742,68851156,414,224
68851156,68851701,545,164187
68851701,68852870,1169,134176
68852870,68854075,1205,10327
68854075,68855345,1270,131226
68855345,68856632,1287,155944
68856632,68857490,858,157861
68857490,68858706,1216,163527
68858706,68858972,266,129388
68858972,68859989,1017,287657
68859989,68860972,983,295446
68860972,68861877,905,39501
68861877,68863001,1124,120277
68863001,68863665,664,11243
68863665,68864793,1128,230928
68864793,68866114,1321,69412
68866114,68866888,774,119253
68866888,68867799,911,112761
68867799,68868878,1079,91801
68868878,68870089,1211,150915
68870089,68870320,231,110520
68870320,68871393,1073,132891
68871393,68872440,1047,41259
68872440,68873613,1173,63105
68873613,68874608,995,304541
68874608,68875563,955,70843
68875563,68876671,1108,127696
68876671,68877676,1005,75939
68877676,68878079,403,140651
68878079,68879023,944,106367
68879023,68879476,453,138033
68879476,68880627,1151,104398
68880627,68881781,1154,161166
68881781,68882994,1213,64588
68882994,68883284,290,46890
68883284,68884460,1176,132645
68884460,68885283,823,39648
68885283,68886441,1158,14526
68886441,68887518,1077,108621
68887518,68888730,1212,38026
68888730,68889945,1215,122810
68889945,68891158,1213,102240
68891158,68891397,239,285173
68891397,68892363,966,15307
68892363,68892663,300,122467
68892663,68893976,1313,6176
68893976,68894993,1017,158816
68894993,68896137,1144,154838
68896137,68897384,1247,86045
68897384,68898012,628,133212
68898012,68899261,1249,216563
68899261,68900216,955,275147
68900216,68900792,576,137614
68900792,68902158,1366,126233
68902158,68903349,1191,136861
68903349,68903706,357,110522
68903706,68904855,1149,13248
68904855,68905490,635,157056
68905490,68906765,1275,65772
68906765,68908060,1295,130727
68908060,68909204,1144,168204
68909204,68910201,997,89388
68910201,68911439,1238,28868
68911439,68912180,741,44586
68912180,68913402,1222,143005
68913402,68914663,1261,49750
68914663,68915833,1170,58843
68915833,68916722,889,39515
68916722,68917517,795,46243
68917517,68918737,1220,144986
68918737,68919718,981,108621
68919718,68920884,1166,52195
68920884,68921663,779,61316
68921663,68922513,850,170952
68922513,68923218,705,141248
68923218,68923363,145,130229
68923363,68924385,1022,152282
68924385,68925621,1236,157636
68925621,68925788,167,129443
68925788,68926927,1139,139009
68926927,68928089,1162,72876
68928089,68929062,973,165701
68929062,68930185,1123,56179
68930185,68931195,1010,32139
68931195,68932416,1221,87791
68932416,68933565,1149,279775
68933565,68934048,483,129790
68934048,68935139,1091,60480
68935139,68936433,1294,126739
68936433,68937708,1275,7622
68937708,68938981,1273,18527
68938981,68940221,1240,61317
68940221,68941351,1130,45218
68941351,68942135,784,135264
68942135,68942613,478,187466
68942613,68943744,1131,161101
68943744,68944997,1253,64956
68944997,68946280,1283,281132
68946280,68947565,1285,122876
68947565,68948696,1131,133220
68948696,68949807,1111,142858
68949807,68951074,1267,147990
68951074,68952168,1094,88483
68952168,68953198,1030,130560
68953198,68954536,1338,146197
68954536,68955643,1107,12332
68955643,68956574,931,136271
68956574,68957690,1116,89940
68957690,68958882,1192,128331
68958882,68960143,1261,141135
68960143,68961333,1190,160188
68961333,68961862,529,69412
68961862,68962727,865,138888
68962727,68963958,1231,131106
68963958,68964741,783,286306
68964741,68965872,1131,68344
68965872,68966303,431,56174
68966303,68967248,945,24516
68967248,68968462,1214,6171
68968462,68969506,1044,132537
68969506,68970589,1083,64956
68970589,68970756,167,127696
68970756,68971985,1229,121658
68971985,68973187,1202,296465
68973187,68974264,1077,58012
68974264,68975462,1198,92820
68975462,68976704,1242,143264
68976704,68977308,604,138074
68977308,68978366,1058,142279
68978366,68979503,1137,26685
68979503,68980789,1286,71320
68980789,68981900,1111,2503
68981900,68982210,310,90852
68982210,68983108,898,124587
68983108,68983484,376,75810
68983484,68984685,1201,5084
68984685,68985352,667,63105
68985352,68986344,992,122614
68986344,68987533,1189,39913
68987533,68987788,255,107480
68987788,68988559,771,108621
68988559,68989753,1194,18524
68989753,68990835,1082,132645
68990835,68992107,1272,63111
68992107,68993142,1035,63713
68993142,68993990,848,156738
68993990,68995115,1125,26852
68995115,68996422,1307,121727
68996422,68997329,907,131106
68997329,68998546,1217,130545
68998546,68999531,985,4662
68999531,69000715,1184,43322
69000715,69001305,590,64075
69001305,69002082,777,275885
69002082,69003237,1155,130977
69003237,69004414,1177,28247
69004414,69005570,1156,89894
69005570,69006744,1174,112761
69006744,69008069,1325,144496
69008069,69009407,1338,173230
69009407,69010666,1259,143485
69010666,69011607,941,80534
69011607,69012721,1114,124549
69012721,69013565,844,128226
69013565,69014826,1261,169656
69014826,69016003,1177,158781
69016003,69016919,916,296473
69016919,69018185,1266,53342
69018185,69019368,1183,3961
69019368,69020650,1282,287660
69020650,69021813,1163,287357
69021813,69023068,1255,126220
69023068,69024327,1259,176660
69024327,69024881,554,170976
69024881,69026128,1247,130993
69026128,69027234,1106,291107
69027234,69028428,1194,72205
69028428,69029688,1260,106800
69029688,69030845,1157,156968
69030845,69031956,1111,65554
69031956,69033250,1294,10822
69033250,69034527,1277,30106
69034527,69034749,222,127703
69034749,69035205,456,166683
69035205,69035914,709,116797
69035914,69036407,493,135229
69036407,69037072,665,62851
69037072,69038273,1201,122806
69038273,69039347,1074,172156
69039347,69040339,992,298549
69040339,69041382,1043,110522
69041382,69042550,1168,275128
69042550,69043536,986,91801
69043536,69044222,686,160984
69044222,69044842,620,129396
69044842,69046106,1264,4158
69046106,69046996,890,6397
69046996,69048069,1073,127732
69048069,69049436,1367,19373
69049436,69050669,1233,64974
69050669,69051092,423,14960
69051092,69052247,1155,39648
69052247,69053377,1130,121079
69053377,69054490,1113,178149
69054490,69055753,1263,140718
69055753,69057027,1274,174511
69057027,69057784,757,290349
69057784,69058460,676,170212
69058460,69059321,861,176680
69059321,69060558,1237,19376
69060558,69061505,947,163607
69061505,69062601,1096,126959
69062601,69063852,1251,61422
69063852,69064439,587,126955
69064439,69065710,1271,10172
69065710,69066734,1024,126955
69066734,69067824,1090,39475
69067824,69068878,1054,130871
69068878,69070039,1161,10088
69070039,69071194,1155,126832
69071194,69072241,1047,262291
69072241,69073495,1254,39478
69073495,69074628,1133,47030
69074628,69075892,1264,24731
69075892,69076215,323,41166
69076215,69077399,1184,67860
69077399,69078643,1244,142824
69078643,69079087,444,124368
69079087,69080025,938,133273
69080025,69081204,1179,1188
69081204,69082421,1217,167597
69082421,69083685,1264,279775
69083685,69084748,1063,46588
69084748,69085972,1224,187466
69085972,69087187,1215,138032
69087187,69088402,1215,128344
69088402,69089657,1255,73973
69089657,69089846,189,70843
69089846,69091039,1193,121658
69091039,69092058,1019,138033
69092058,69092668,610,106366
69092668,69093877,1209,121382
69093877,69095082,1205,126408
69095082,69096360,1278,145701
69096360,69097494,1134,156474
69097494,69098739,1245,126959
69098739,69100028,1289,277898
69100028,69100471,443,95959
69100471,69101650,1179,132069
69101650,69101810,160,104394
69101810,69103117,1307,7793
69103117,69104269,1152,144135
69104269,69105463,1194,254918
69105463,69105687,224,69411
69105687,69106766,1079,274379
69106766,69107944,1178,136863
69107944,69108408,464,121064
69108408,69109635,1227,46890
69109635,69110691,1056,133834
69110691,69110933,242,160952
69110933,69111854,921,164327
69111854,69113011,1157,131295
69113011,69114018,1007,275885
69114018,69115166,1148,124587
69115166,69116223,1057,147963
69116223,69117469,1246,130871
69117469,69118152,683,74798
69118152,69119407,1255,149880
69119407,69120700,1293,55927
69120700,69121919,1219,10328
69121919,69122948,1029,286306
69122948,69124067,1119,139324
69124067,69125102,1035,92200
69125102,69126390,1288,102612
69126390,69127449,1059,300047
69127449,69127675,226,32137
69127675,69128914,1239,141208
69128914,69130150,1236,134728
69130150,69131413,1263,232691
69131413,69132632,1219,13270
69132632,69133801,1169,133225
69133801,69134336,535,128309
69134336,69135555,1219,163380
69135555,69136802,1247,135580
69136802,69138069,1267,126221
69138069,69138534,465,134786
69138534,69139792,1258,68358
69139792,69140815,1023,168638
69140815,69142032,1217,1189
69142032,69142470,438,30119
69142470,69143737,1267,122827
69143737,69144434,697,54006
69144434,69145385,951,156967
69145385,69146423,1038,132891
69146423,69147466,1043,281131
69147466,69148700,1234,141642
69148700,69149694,994,64292
69149694,69150816,1122,126410
69150816,69151299,483,133212
69151299,69152468,1169,302000
69152468,69153742,1274,10088
69153742,69154903,1161,6525
69154903,69156103,1200,132073
69156103,69157079,976,279775
69157079,69158321,1242,141721
69158321,69159243,922,66464
69159243,69160403,1160,105386
69160403,69161551,1148,135216
69161551,69161839,288,283138
69161839,69162900,1061,123191
69162900,69163953,1053,75362
69163953,69165028,1075,14653
69165028,69165628,600,110742
69165628,69166829,1201,14497
69166829,69167760,931,164187
69167760,69168911,1151,143005
69168911,69170081,1170,101265
69170081,69171143,1062,133220
69171143,69171804,661,298549
69171804,69172890,1086,55856
69172890,69174139,1249,23295
69174139,69175240,1101,125140
69175240,69176449,1209,10328
69176449,69177558,1109,39648
69177558,69178735,1177,39967
69178735,69180008,1273,286306
69180008,69181142,1134,14013
69181142,69182177,1035,64713
69182177,69183200,1023,134120
69183200,69184265,1065,131732
69184265,69185471,1206,66465
69185471,69186728,1257,123500
69186728,69187460,732,160438
69187460,69188635,1175,170956
69188635,69189848,1213,44577
69189848,69190941,1093,104979
69190941,69191186,245,8890
69191186,69192418,1232,142362
69192418,69193198,780,128631
69193198,69194463,1265,282926
69194463,69195635,1172,48579
69195635,69196272,637,130125
69196272,69197457,1185,216563
69197457,69198615,1158,39501
69198615,69199808,1193,19366
69199808,69200991,1183,258954
69200991,69201938,947,66185
69201938,69203143,1205,125002
69203143,69204387,1244,278217
69204387,69205194,807,123266
69205194,69206421,1227,176682
69206421,69207666,1245,234067
69207666,69208941,1275,110061
69208941,69210230,1289,124439
69210230,69211062,832,154282
69211062,69212171,1109,142733
69212171,69213333,1162,9210
69213333,69214622,1289,363
69214622,69215721,1099,12538
69215721,69216866,1145,127215
69216866,69218171,1305,88367
69218171,69219437,1266,146437
69219437,69220618,1181,123133
69220618,69221837,1219,39508
69221837,69223178,1341,101289
69223178,69224363,1185,294700
69224363,69224618,255,86708
69224618,69225671,1053,131296
69225671,69226852,1181,177627
69226852,69228105,1253,34572
69228105,69229290,1185,132891
69229290,69230495,1205,258954
69230495,69231358,863,76043
69231358,69232513,1155,88761
69232513,69233698,1185,149033
69233698,69234754,1056,139297
69234754,69235894,1140,154838
69235894,69237207,1313,10702
69237207,69238430,1223,139358
69238430,69238895,465,115968
69238895,69240035,1140,72207
69240035,69241166,1131,14013
69241166,69242448,1282,109176
69242448,69243593,1145,289453
69243593,69244858,1265,41151
69244858,69245025,167,278220
69245025,69245999,974,158796
69245999,69247212,1213,97593
69247212,69248347,1135,161166
69248347,69248673,326,167597
69248673,69249627,954,126739
69249627,69250634,1007,64588
69250634,69251690,1056,88007
69251690,69252973,1283,281187
69252973,69254097,1124,132101
69254097,69255310,1213,280250
69255310,69256584,1274,143895
69256584,69257854,1270,15082
69257854,69258947,1093,75360
69258947,69260026,1079,254949
69260026,69261204,1178,156224
69261204,69262393,1189,137614
69262393,69262576,183,232057
69262576,69263462,886,101258
69263462,69264179,717,136271
69264179,69265078,899,74477
69265078,69266392,1314,121446
69266392,69266585,193,164187
69266585,69267782,1197,144485
69267782,69268039,257,295759
69268039,69269185,1146,133395
69269185,69270264,1079,48362
69270264,69271451,1187,296468
69271451,69272782,1331,290901
69272782,69273681,899,109185
69273681,69274922,1241,117095
69274922,69276089,1167,49755
69276089,69277201,1112,19376
69277201,69278170,969,120325
69278170,69279377,1207,133834
69279377,69279880,503,127215
69279880,69281053,1173,130227
69281053,69282167,1114,37092
69282167,69283376,1209,142279
69283376,69283685,309,123602
69283685,69284333,648,284435
69284333,69285025,692,121449
69285025,69286068,1043,102232
69286068,69287207,1139,121415
69287207,69288404,1197,150915
69288404,69289677,1273,126286
69289677,69290269,592,16002
69290269,69291508,1239,21498
69291508,69292811,1303,124164
69292811,69293930,1119,130544
69293930,69295118,1188,121079
69295118,69296081,963,112592
69296081,69297385,1304,6397
69297385,69298670,1285,111754
69298670,69298866,196,24515
69298866,69299977,1111,58776
69299977,69301238,1261,86741
69301238,69302372,1134,1187
69302372,69302661,289,153733
69302661,69303792,1131,26553
69303792,69304027,235,216570
69304027,69304918,891,63713
69304918,69305936,1018,40556
69305936,69307158,1222,132537
69307158,69308423,1265,125123
69308423,69309539,1116,4445
69309539,69310667,1128,699
69310667,69311835,1168,143307
69311835,69312994,1159,16632
69312994,69314133,1139,156474
69314133,69315122,989,121899
69315122,69316185,1063,138033
69316185,69317380,1195,105171
69317380,69318627,1247,104717
69318627,69319720,1093,110056
69319720,69320992,1272,135229
69320992,69321560,568,13248
69321560,69322529,969,7793
69322529,69323754,1225,290365
69323754,69324968,1214,132532
69324968,69325482,514,28384
69325482,69326587,1105,108620
69326587,69327836,1249,162375
69327836,69328936,1100,168638
69328936,69330173,1237,137004
69330173,69331411,1238,140072
69331411,69332314,903,84447
69332314,69333283,969,9915
69333283,69334167,884,258283
69334167,69335291,1124,3582
69335291,69336487,1196,147159
69336487,69337202,715,6557
69337202,69338355,1153,144503
69338355,69339511,1156,143477
69339511,69340861,1350,155972
69340861,69342084,1223,58869
69342084,69343298,1214,11243
69343298,69344244,946,245707
69344244,69345187,943,130530
69345187,69345660,473,133273
69345660,69346800,1140,113273
69346800,69347886,1086,96672
69347886,69349015,1129,104717
69349015,69350230,1215,156968
69350230,69351212,982,56222
69351212,69352154,942,34479
69352154,69353329,1175,14958
69353329,69353862,533,176256
69353862,69355211,1349,7741
69355211,69356438,1227,129011
69356438,69357558,1120,245707
69357558,69358721,1163,39971
69358721,69359901,1180,141270
69359901,69360314,413,294523
69360314,69360509,195,46889
69360509,69361737,1228,68192
69361737,69362888,1151,19376
69362888,69363997,1109,73295
69363997,69364964,967,161217
69364964,69365362,398,27120
69365362,69366131,769,134149
69366131,69367260,1129,61758
69367260,69368507,1247,122025
69368507,69369784,1277,8674
69369784,69371031,1247,271826
69371031,69371973,942,19376
69371973,69372327,354,14013
69372327,69373584,1257,67592
69373584,69374757,1173,208
69374757,69375922,1165,294700
69375922,69376991,1069,155151
69376991,69378228,1237,146346
69378228,69378955,727,182394
69378955,69380051,1096,171134
69380051,69380334,283,1189
69380334,69381528,1194,26853
69381528,69382654,1126,121331
69382654,69383847,1193,244431
69383847,69384095,248,108638
69384095,69385078,983,30591
69385078,69385620,542,144019
69385620,69386783,1163,140725
69386783,69387670,887,121024
69387670,69388967,1297,86741
69388967,69390076,1109,126296
69390076,69391301,1225,134312
69391301,69392358,1057,7884
69392358,69393657,1299,31668
69393657,69394784,1127,112761
69394784,69396031,1247,11528
69396031,69397028,997,109176
69397028,69397871,843,32658
69397871,69399082,1211,11734
69399082,69400236,1154,84122
69400236,69401473,1237,25951
69401473,69402417,944,128632
69402417,69403707,1290,104637
69403707,69404754,1047,139797
69404754,69405185,431,101883
69405185,69406240,1055,15082
69406240,69407285,1045,45217
69407285,69408387,1102,8675
69408387,69409413,1026,10798
69409413,69410577,1164,1189
69410577,69411634,1057,130492
69411634,69412430,796,276730
69412430,69413492,1062,14960
69413492,69414739,1247,102381
69414739,69415680,941,141242
69415680,69416407,727,120330
69416407,69417466,1059,142320
69417466,69418080,614,125882
69418080,69419257,1177,258266
69419257,69420454,1197,159056
69420454,69421711,1257,147159
69421711,69422905,1194,139741
69422905,69424070,1165,7741
69424070,69425215,1145,146111
69425215,69426561,1346,5416
69426561,69427738,1177,53343
69427738,69428396,658,102239
69428396,69429467,1071,122810
69429467,69430542,1075,63105
69430542,69431686,1144,2301
69431686,69432582,896,9914
69432582,69433821,1239,92814
69433821,69434542,721,126408
69434542,69435610,1068,11049
69435610,69436590,980,64713
69436590,69437862,1272,398
69437862,69439075,1213,861
69439075,69440013,938,131890
69440013,69441138,1125,125127
69441138,69442382,1244,10801
69442382,69443638,1256,152267
69443638,69444469,831,65772
69444469,69445836,1367,64292
69445836,69447067,1231,83696
69447067,69448337,1270,156159
69448337,69449131,794,295445
69449131,69450368,1237,156224
69450368,69451370,1002,56840
69451370,69452641,1271,16002
69452641,69453528,887,28375
69453528,69454313,785,59288
69454313,69454864,551,132864
69454864,69456151,1287,142752
69456151,69457195,1044,19376
69457195,69458112,917,86679
69458112,69459289,1177,296467
69459289,69460348,1059,67592
69460348,69460623,275,129325
69460623,69461921,1298,138063
69461921,69463067,1146,136483
69463067,69464314,1247,32658
69464314,69465443,1129,26553
69465443,69466706,1263,50776
69466706,69466978,272,46889
69466978,69468154,1176,54016
69468154,69469227,1073,187466
69469227,69470475,1248,131203
69470475,69471330,855,154282
69471330,69472602,1272,246948
69472602,69473809,1207,126312
69473809,69474980,1171,668
69474980,69476027,1047,117382
69476027,69477286,1259,140071
69477286,69478233,947,290923
69478233,69478596,363,164100
69478596,69479842,1246,258959
69479842,69480755,913,5912
69480755,69481808,1053,118112
69481808,69482593,785,48848
69482593,69483759,1166,89735
69483759,69484821,1062,141642
69484821,69485988,1167,4447
69485988,69486711,723,147971
69486711,69487814,1103,59268
69487814,69489062,1248,112011
69489062,69489673,611,150715
69489673,69490855,1182,133630
69490855,69491810,955,8684
69491810,69492997,1187,88761
69492997,69494029,1032,187464
69494029,69494396,367,39660
69494396,69495336,940,147045
69495336,69496459,1123,278217
69496459,69497646,1187,85685
69497646,69497996,350,36641
69497996,69498975,979,135657
69498975,69499776,801,11612
69499776,69501031,1255,132300
69501031,69501931,900,244443
69501931,69503110,1179,39476
69503110,69504396,1286,170956
69504396,69505590,1194,158081
69505590,69506543,953,165428
69506543,69507777,1234,291101
69507777,69508926,1149,134148
69508926,69510079,1153,112187
69510079,69511283,1204,10327
69511283,69512192,909,37999
69512192,69512829,637,26950
69512829,69513860,1031,758
69513860,69515013,1153,122441
69515013,69515996,983,141209
69515996,69517245,1249,64588
69517245,69517992,747,76046
69517992,69518291,299,56174
69518291,69519517,1226,56175
69519517,69520688,1171,110054
69520688,69521765,1077,28462
69521765,69522422,657,39660
69522422,69523685,1263,121079
69523685,69524790,1105,12723
69524790,69525538,748,1536
69525538,69526335,797,106367
69526335,69527598,1263,160958
69527598,69528688,1090,47030
69528688,69529871,1183,37090
69529871,69531114,1243,55927
69531114,69532247,1133,139035
69532247,69533397,1150,43305
69533397,69534571,1174,298549
69534571,69535722,1151,7741
69535722,69536223,501,149033
69536223,69537393,1170,134830
69537393,69538316,923,271811
69538316,69539257,941,44577
69539257,69540583,1326,296468
69540583,69541706,1123,6525
69541706,69543017,1311,148550
69543017,69544256,1239,54487
69544256,69545191,935,167023
69545191,69545480,289,284428
69545480,69546495,1015,156474
69546495,69547641,1146,85685
69547641,69548862,1221,143893
69548862,69550026,1164,58776
69550026,69551279,1253,279233
69551279,69552404,1125,8890
69552404,69553486,1082,135891
69553486,69554694,1208,130625
69554694,69555907,1213,109174
69555907,69557056,1149,12332
69557056,69558227,1171,9010
69558227,69558912,685,365
69558912,69560083,1171,129623
69560083,69560931,848,83606
69560931,69562276,1345,97593
69562276,69563366,1090,284445
69563366,69563831,465,102239
69563831,69565082,1251,51162
69565082,69566272,1190,58868
69566272,69567103,831,130876
69567103,69568308,1205,123443
69568308,69569300,992,132800
69569300,69570322,1022,285135
69570322,69571541,1219,134728
69571541,69572844,1303,178450
69572844,69574046,1202,136458
69574046,69575088,1042,152262
69575088,69576128,1040,159386
69576128,69577244,1116,129440
69577244,69578500,1256,77361
69578500,69579745,1245,9203
69579745,69580942,1197,128345
69580942,69582035,1093,92935
69582035,69582824,789,72311
69582824,69584016,1192,155646
69584016,69585075,1059,163726
69585075,69586326,1251,283138
69586326,69587199,873,109656
69587199,69588006,807,245687
69588006,69589186,1180,82020
69589186,69590220,1034,139200
69590220,69591301,1081,132272
69591301,69592542,1241,29012
69592542,69593755,1213,88761
69593755,69594930,1175,85685
69594930,69595105,175,157858
69595105,69596319,1214,6498
69596319,69597304,985,134465
69597304,69598108,804,130727
69598108,69599145,1037,174960
69599145,69600152,1007,153964
69600152,69601283,1131,53342
69601283,69602204,921,102381
69602204,69603437,1233,86765
69603437,69604612,1175,6174
69604612,69604868,256,232690
69604868,69606047,1179,139009
69606047,69607308,1261,124221
69607308,69608171,863,70843
69608171,69609264,1093,91801
69609264,69610530,1266,123172
69610530,69611669,1139,121661
69611669,69612731,1062,160187
69612731,69613625,894,170976
69613625,69614779,1154,121024
69614779,69615859,1080,70753
69615859,69616861,1002,57837
69616861,69617105,244,48032
69617105,69617621,516,73732
69617621,69617962,341,160953
69617962,69619207,1245,39648
69619207,69620386,1179,164188
69620386,69621547,1161,61323
69621547,69622058,511,171137
69622058,69623241,1183,160952
69623241,69624228,987,39515
69624228,69625351,1123,119295
69625351,69625888,537,126292
69625888,69627087,1199,97593
69627087,69628012,925,281131
69628012,69629270,1258,171138
69629270,69630517,1247,57836
69630517,69631644,1127,139200
69631644,69632789,1145,26553
69632789,69633882,1093,75242
69633882,69634974,1092,48513
69634974,69636114,1140,138548
69636114,69637434,1320,126312
69637434,69638588,1154,76574
69638588,69639856,1268,122810
69639856,69640800,944,6524
69640800,69641653,853,105405
69641653,69641852,199,70837
69641852,69643036,1184,19366
69643036,69643729,693,26895
69643729,69644340,611,61780
69644340,69645399,1059,107486
69645399,69646622,1223,122443
69646622,69647641,1019,142896
69647641,69648869,1228,135580
69648869,69649955,1086,2777
69649955,69651058,1103,26947
69651058,69652002,944,143485
69652002,69652739,737,65554
69652739,69653879,1140,395
69653879,69654679,800,130494
69654679,69655831,1152,161714
69655831,69656661,830,11734
69656661,69657202,541,94522
69657202,69658123,921,122655
69658123,69659293,1170,142848
69659293,69659544,251,126860
69659544,69660687,1143,126945
69660687,69661828,1141,862
69661828,69662353,525,19132
69662353,69663614,1261,10160
69663614,69664589,975,231834
69664589,69665542,953,144503
69665542,69666653,1111,127732
69666653,69667944,1291,84010
69667944,69668204,260,132891
69668204,69669428,1224,138617
69669428,69670597,1169,86741
69670597,69671458,861,10642
69671458,69672743,1285,143307
69672743,69673897,1154,138045
69673897,69674930,1033,279775
69674930,69675981,1051,69607
69675981,69677143,1162,124439
69677143,69677992,849,101265
69677992,69679117,1125,170438
69679117,69680210,1093,137154
69680210,69681382,1172,139290
69681382,69682544,1162,58776
69682544,69683706,1162,133424
69683706,69684541,835,245691
69684541,69685378,837,46240
69685378,69686003,625,156224
69686003,69686833,830,31668
69686833,69687204,371,143264
69687204,69688455,1251,125123
69688455,69689714,1259,125002
69689714,69690814,1100,126577
69690814,69691809,995,62516
69691809,69692929,1120,26951
69692929,69694173,1244,5704
69694173,69695382,1209,131228
69695382,69696528,1146,156230
69696528,69697824,1296,147989
69697824,69699082,1258,51162
69699082,69699325,243,700
69699325,69700366,1041,5776
69700366,69701157,791,104491
69701157,69702230,1073,20034
69702230,69702761,531,105171
69702761,69702947,186,294523
69702947,69703854,907,96168
69703854,69705163,1309,87280
69705163,69706378,1215,83606
69706378,69707475,1097,149881
69707475,69707922,447,123192
69707922,69708942,1020,73972
69708942,69710243,1301,9210
69710243,69711511,1268,19665
69711511,69712750,1239,68359
69712750,69714004,1254,15081
69714004,69715281,1277,80192
69715281,69716456,1175,54487
69716456,69717507,1051,395
69717507,69718268,761,131226
69718268,69719208,940,233366
69719208,69720463,1255,133447
69720463,69720982,519,68773
69720982,69721588,606,96241
69721588,69722818,1230,70756
69722818,69723830,1012,162667
69723830,69725051,1221,282357
69725051,69726220,1169,135580
69726220,69727203,983,131226
69727203,69728183,980,106366
69728183,69729208,1025,127704
69729208,69730094,886,10642
69730094,69731396,1302,287671
69731396,69732389,993,56574
69732389,69733581,1192,139741
69733581,69734760,1179,142896
69734760,69735793,1033,75355
69735793,69737107,1314,116804
69737107,69738348,1241,129440
69738348,69739152,804,70837
69739152,69740195,1043,11528
69740195,69741414,1219,64738
69741414,69742676,1262,138115
69742676,69743886,1210,185457
69743886,69744807,921,121127
69744807,69746060,1253,142279
69746060,69746957,897,16003
69746957,69747949,992,715
69747949,69749220,1271,116805
69749220,69749769,549,156159
69749769,69750040,271,126408
69750040,69751277,1237,101836
69751277,69752388,1111,275127
69752388,69753331,943,9914
69753331,69754340,1009,141642
69754340,69755409,1069,131732
69755409,69756694,1285,156230
69756694,69757853,1159,125140
69757853,69758847,994,104398
69758847,69759751,904,861
69759751,69760935,1184,157243
69760935,69762196,1261,92820
69762196,69763467,1271,129443
69763467,69764740,1273,281188
69764740,69764991,251,124224
69764991,69766167,1176,758
69766167,69767325,1158,165428
69767325,69768566,1241,44912
69768566,69769003,437,216570
69769003,69769972,969,140931
69769972,69770443,471,76574
69770443,69771651,1208,126312
69771651,69772668,1017,123270
69772668,69773584,916,67200
69773584,69774808,1224,138032
69774808,69775707,899,271811
69775707,69776704,997,258970
69776704,69777088,384,138045
69777088,69778300,1212,170453
69778300,69778689,389,1187
69778689,69779928,1239,126955
69779928,69780843,915,118128
69780843,69781571,728,11528
69781571,69781871,300,59268
69781871,69783073,1202,132601
69783073,69784069,996,146437
69784069,69785082,1013,141174
69785082,69785267,185,163612
69785267,69786548,1281,152825
69786548,69787541,993,122443
69787541,69788541,1000,258250
69788541,69789736,1195,68888
69789736,69790902,1166,39761
69790902,69792066,1164,165387
69792066,69793376,1310,128309
69793376,69794624,1248,86710
69794624,69795882,1258,163612
69795882,69797089,1207,139710
69797089,69798273,1184,10088
69798273,69799550,1277,76574
69799550,69800363,813,58025
69800363,69801418,1055,77782
69801418,69802455,1037,15304
69802455,69803344,889,126410
69803344,69804549,1205,26558
69804549,69805785,1236,276908
69805785,69806660,875,28465
69806660,69807807,1147,11612
69807807,69808484,677,283242
69808484,69809235,751,302111
69809235,69810312,1077,233382
69810312,69811231,919,89388
69811231,69812472,1241,269254
69812472,69813500,1028,171134
69813500,69814083,583,73295
69814083,69815296,1213,157636
69815296,69816247,951,84122
69816247,69817562,1315,109179
69817562,69818277,715,61316
69818277,69819239,962,302000
69819239,69820256,1017,292253
69820256,69821587,1331,130975
69821587,69822553,966,279775
69822553,69823739,1186,7741
69823739,69824214,475,19665
69824214,69824541,327,121024
69824541,69825668,1127,72927
69825668,69826721,1053,145083
69826721,69828063,1342,258250
69828063,69829310,1247,104637
69829310,69830438,1128,56222
69830438,69831661,1223,19376
69831661,69832750,1089,129659
69832750,69833498,748,110127
69833498,69834761,1263,113273
69834761,69835632,871,129994
69835632,69836088,456,123270
69836088,69837165,1077,285896
69837165,69838379,1214,15304
69838379,69839415,1036,99249
69839415,69840576,1161,149739
69840576,69841801,1225,123866
69841801,69843048,1247,127704
69843048,69844239,1191,104483
69844239,69845116,877,240992
69845116,69846317,1201,129325
69846317,69846676,359,293959
69846676,69847142,466,144965
69847142,69848327,1185,68359
69848327,69849605,1278,132717
69849605,69849876,271,139350
69849876,69851093,1217,58137
69851093,69851315,222,106369
69851315,69852430,1115,141320
69852430,69853669,1239,130876
69853669,69854841,1172,132300
69854841,69856118,1277,72927
69856118,69857252,1134,41172
69857252,69857453,201,110238
69857453,69858674,1221,77782
69858674,69859953,1279,19361
69859953,69861168,1215,232057
69861168,69862077,909,128991
69862077,69863319,1242,163612
69863319,69863744,425,54666
69863744,69864765,1021,129064
69864765,69865846,1081,131004
69865846,69867049,1203,132777
69867049,69867370,321,6524
69867370,69868325,955,126480
69868325,69869525,1200,147962
69869525,69870597,1072,163505
69870597,69871738,1141,153733
69871738,69872837,1099,122825
69872837,69873989,1152,5791
69873989,69875117,1128,8592
69875117,69876368,1251,129659
69876368,69877451,1083,292348
69877451,69878745,1294,123176
69878745,69879942,1197,75360
69879942,69881021,1079,121416
69881021,69882231,1210,156720
69882231,69883094,863,92420
69883094,69884306,1212,12715
69884306,69885477,1171,14497
69885477,69886745,1268,293663
69886745,69887958,1213,126959
69887958,69888966,1008,4479
69888966,69889851,885,130544
69889851,69890266,415,160188
69890266,69891361,1095,28375
69891361,69892616,1255,48848
69892616,69893031,415,86741
69893031,69893414,383,61421
69893414,69894655,1241,172165
69894655,69895620,965,132532
69895620,69896689,1069,127215
69896689,69897846,1157,49750
69897846,69898975,1129,8890
69898975,69899762,787,135762
69899762,69900975,1213,133225
69900975,69901871,896,1189
69901871,69903073,1202,24732
69903073,69904353,1280,125883
69904353,69905694,1341,132718
69905694,69906868,1174,162238
69906868,69908019,1151,18004
69908019,69909249,1230,164101
69909249,69910476,1227,147110
69910476,69910767,291,128678
69910767,69912032,1265,67584
69912032,69913246,1214,126947
69913246,69913516,270,13364
69913516,69914576,1060,155520
69914576,69915682,1106,133220
69915682,69915845,163,284268
69915845,69917092,1247,291168
69917092,69917963,871,15304
69917963,69919214,1251,39478
69919214,69920453,1239,287357
69920453,69921155,702,135832
69921155,69922335,1180,152842
69922335,69923069,734,130994
69923069,69924285,1216,132821
69924285,69925508,1223,160187
69925508,69926454,946,102239
69926454,69927482,1028,130878
69927482,69928557,1075,112761
69928557,69929013,456,150127
69929013,69930229,1216,6397
69930229,69930740,511,139325
69930740,69931902,1162,14274
69931902,69933127,1225,125002
69933127,69933318,191,46243
69933318,69934483,1165,45217
69934483,69935580,1097,282357
69935580,69936457,877,116797
69936457,69937659,1202,150843
69937659,69938813,1154,116805
69938813,69940046,1233,182396
69940046,69941300,1254,122825
69941300,69942512,1212,87280
69942512,69943707,1195,172165
69943707,69944818,1111,172156
69944818,69946065,1247,282977
69946065,69947266,1201,23295
69947266,69948267,1001,39971
69948267,69949407,1140,395
69949407,69949817,410,25951
69949817,69950929,1112,19366
69950929,69952061,1132,122545
69952061,69952926,865,122451
69952926,69954179,1253,146437
69954179,69955333,1154,86710
69955333,69956584,1251,19361
69956584,69956783,199,123191
69956783,69957433,650,10327
69957433,69958306,873,32886
69958306,69959605,1299,81858
69959605,69960532,927,274374
69960532,69961769,1237,81858
69961769,69963033,1264,89894
69963033,69964392,1359,132644
69964392,69965529,1137,48579
69965529,69966665,1136,27120
69966665,69967882,1217,294551
69967882,69969118,1236,862
69969118,69970198,1080,135832
69970198,69971279,1081,129011
69971279,69972546,1267,17615
69972546,69973857,1311,112592
69973857,69974843,986,102250
69974843,69976163,1320,31629
69976163,69977437,1274,144485
69977437,69977704,267,108005
69977704,69978950,1246,143005
69978950,69979923,973,141248
69979923,69981070,1147,130495
69981070,69981637,567,158744
69981637,69982864,1227,145700
69982864,69984054,1190,96151
69984054,69984221,167,291101
69984221,69985330,1109,270777
69985330,69986446,1116,154671
69986446,69987511,1065,281188
69987511,69988664,1153,304534
69988664,69989787,1123,142318
69989787,69990356,569,174960
69990356,69990925,569,129623
69990925,69992241,1316,60489
69992241,69993240,999,68344
69993240,69994351,1111,35926
69994351,69995392,1041,53458
69995392,69996519,1127,32886
69996519,69997693,1174,126208
69997693,69998451,758,18524
69998451,69999641,1190,128309
69999641,70000805,1164,156230
70000805,70001837,1032,92935
70001837,70003048,1211,81881
70003048,70003817,769,104483
70003817,70004936,1119,121416
70004936,70005129,193,138488
70005129,70005602,473,133393
70005602,70006230,628,298549
70006230,70007247,1017,135897
70007247,70007662,415,121446
70007662,70007857,195,24514
70007857,70008999,1142,5417
70008999,70010097,1098,129066
70010097,70011135,1038,293529
70011135,70012436,1301,122806
70012436,70013716,1280,277899
70013716,70014581,865,138063
70014581,70015742,1161,157263
70015742,70016913,1171,96175
70016913,70017984,1071,123285
70017984,70019205,1221,64956
70019205,70020438,1233,134451
70020438,70021455,1017,181961
70021455,70022673,1218,106800
70022673,70023853,1180,119295
70023853,70025042,1189,155944
70025042,70026237,1195,38660
70026237,70026748,511,126826
70026748,70027983,1235,130184
70027983,70028953,970,274549
70028953,70029910,957,160187
70029910,70031191,1281,142363
70031191,70031903,712,138032
70031903,70033115,1212,123176
70033115,70034022,907,86045
70034022,70035093,1071,861
70035093,70036311,1218,231836
70036311,70036926,615,107621
70036926,70038130,1204,170952
70038130,70039079,949,101265
70039079,70040292,1213,142750
70040292,70041300,1008,122827
70041300,70042573,1273,279363
70042573,70043644,1071,121799
70043644,70044698,1054,296468
70044698,70045793,1095,157066
70045793,70047105,1312,122806
70047105,70048404,1299,758
70048404,70048669,265,47541
70048669,70049912,1243,30593
70049912,70051197,1285,5758
70051197,70052118,921,278289
70052118,70052507,389,1733
70052507,70053643,1136,78193
70053643,70054656,1013,136280
70054656,70055784,1128,170440
70055784,70057044,1260,23311
70057044,70058110,1066,37090
70058110,70059121,1011,121528
70059121,70060390,1269,104606
70060390,70061573,1183,144135
70061573,70061992,419,6541
70061992,70063187,1195,10674
70063187,70064121,934,290363
70064121,70065397,1276,234100
70065397,70066530,1133,127685
70066530,70067649,1119,132821
70067649,70068511,862,146770
70068511,70069705,1194,133224
70069705,70070950,1245,14958
70070950,70071908,958,129064
70071908,70073134,1226,254948
70073134,70073462,328,150715
70073462,70073720,258,86732
70073720,70074233,513,291608
70074233,70075205,972,64956
70075205,70076274,1069,1188
70076274,70077378,1104,123268
70077378,70078639,1261,54006
70078639,70079002,363,64956
70079002,70079953,951,6556
70079953,70081144,1191,39749
70081144,70082193,1049,176680
70082193,70083396,1203,301694
70083396,70083905,509,57154
70083905,70084834,929,91801
70084834,70085938,1104,104986
70085938,70086415,477,143948
70086415,70086854,439,115686
70086854,70088092,1238,160952
70088092,70088490,398,112187
70088490,70089573,1083,46890
70089573,70090588,1015,130164
70090588,70091845,1257,122806
70091845,70092904,1059,134728
70092904,70093792,888,174953
70093792,70094978,1186,19208
70094978,70096131,1153,126945
70096131,70096339,208,123269
70096339,70097022,683,154697
70097022,70098213,1191,8674
70098213,70099379,1166,40556
70099379,70100443,1064,126947
70100443,70101570,1127,224746
70101570,70102832,1262,258960
70102832,70103882,1050,138032
70103882,70105171,1289,270777
70105171,70106402,1231,107520
70106402,70107368,966,139009
70107368,70108576,1208,47237
70108576,70109057,481,121446
70109057,70109760,703,142848
70109760,70110894,1134,14936
70110894,70111910,1016,106800
70111910,70112994,1084,98645
70112994,70114239,1245,155949
70114239,70115460,1221,145138
70115460,70116347,887,121080
70116347,70117532,1185,132485
70117532,70118486,954,131294
70118486,70119787,1301,252342
70119787,70121067,1280,170950
70121067,70122256,1189,161102
70122256,70123459,1203,142824
70123459,70124696,1237,132850
70124696,70125991,1295,160958
70125991,70127224,1233,10822
70127224,70128200,976,142363
70128200,70129193,993,172165
70129193,70130030,837,139730
70130030,70130278,248,1733
70130278,70131532,1254,25766
70131532,70132637,1105,178149
70132637,70133739,1102,231862
70133739,70134888,1149,270778
70134888,70135523,635,284269
70135523,70136768,1245,292138
70136768,70137864,1096,136280
70137864,70138079,215,141791
70138079,70138568,489,258283
70138568,70139489,921,101289
70139489,70140715,1226,232691
70140715,70141861,1146,49750
70141861,70142751,890,76974
70142751,70144078,1327,4145
70144078,70145279,1201,87766
70145279,70145922,643,291379
70145922,70147135,1213,132800
70147135,70147474,339,83606
70147474,70148552,1078,132499
70148552,70149517,965,54666
70149517,70150488,971,89880
70150488,70151558,1070,122614
70151558,70152462,904,128991
70152462,70153499,1037,69412
70153499,70154676,1177,175962
70154676,70155756,1080,274376
70155756,70156675,919,129011
70156675,70157492,817,158074
70157492,70157966,474,46889
70157966,70158879,913,88489
70158879,70159958,1079,122944
70159958,70161125,1167,108621
70161125,70162366,1241,133424
70162366,70163464,1098,294551
70163464,70164652,1188,94523
70164652,70165907,1255,18524
70165907,70167169,1262,139297
70167169,70167895,726,231834
70167895,70169159,1264,132485
70169159,70170285,1126,137597
70170285,70171559,1274,95441
70171559,70172572,1013,102612
70172572,70173543,971,141235
70173543,70174826,1283,8157
70174826,70176054,1228,182389
70176054,70177275,1221,23295
70177275,70178180,905,158074
70178180,70179290,1110,68188
70179290,70180545,1255,157400
70180545,70181716,1171,172165
70181716,70182860,1144,84447
70182860,70183855,995,47541
70183855,70185017,1162,145088
70185017,70185307,290,137483
70185307,70185556,249,284424
70185556,70186635,1079,184264
70186635,70187018,383,174960
70187018,70187791,773,117899
70187791,70188984,1193,89940
70188984,70190240,1256,69607
70190240,70191413,1173,291101
70191413,70192373,960,44586
70192373,70193561,1188,137618
70193561,70194704,1143,274549
70194704,70195869,1165,39477
70195869,70196465,596,105405
70196465,70197578,1113,34572
70197578,70198849,1271,7944
70198849,70200034,1185,155646
70200034,70200521,487,102381
70200521,70200910,389,130105
70200910,70202155,1245,292604
70202155,70203314,1159,108638
70203314,70204241,927,168626
70204241,70205510,1269,129011
70205510,70206808,1298,59167
70206808,70207846,1038,170976
70207846,70209002,1156,291107
70209002,70209162,160,146437
70209162,70210103,941,125001
70210103,70211369,1266,86741
70211369,70212612,1243,88483
70212612,70212838,226,83633
70212838,70213702,864,37090
70213702,70214797,1095,273050
70214797,70215999,1202,139742
70215999,70217015,1016,110061
70217015,70217877,862,258974
70217877,70218188,311,64956
70218188,70219456,1268,170440
70219456,70220617,1161,271812
70220617,70221785,1168,41610
70221785,70223086,1301,131226
70223086,70223456,370,126408
70223456,70224563,1107,187006
70224563,70225694,1131,141320
70225694,70226909,1215,11243
70226909,70227595,686,130296
70227595,70228846,1251,25766
70228846,70230161,1315,291384
70230161,70231440,1279,73846
70231440,70231752,312,131890
70231752,70232909,1157,294554
70232909,70233890,981,4479
70233890,70235127,1237,143005
70235127,70236133,1006,164461
70236133,70237405,1272,168199
70237405,70238632,1227,12707
70238632,70239897,1265,80656
70239897,70240292,395,11533
70240292,70241144,852,123602
70241144,70242240,1096,155972
70242240,70243335,1095,133424
70243335,70244286,951,296468
70244286,70245392,1106,183988
70245392,70246443,1051,98644
70246443,70247584,1141,165428
70247584,70248692,1108,64292
70248692,70249947,1255,88484
70249947,70251220,1273,56777
70251220,70252506,1286,131890
70252506,70253788,1282,135894
70253788,70255057,1269,130727
70255057,70256225,1168,123500
70256225,70257478,1253,81858
70257478,70258718,1240,142858
70258718,70259723,1005,294554
70259723,70260610,887,57831
70260610,70261387,777,121541
70261387,70262320,933,24732
70262320,70263614,1294,175448
70263614,70264809,1195,862
70264809,70265950,1141,162129
70265950,70266955,1005,129393
70266955,70268092,1137,135033
70268092,70269359,1267,80189
70269359,70270414,1055,258986
70270414,70271559,1145,48831
70271559,70271931,372,153733
70271931,70273172,1241,126947
70273172,70273605,433,7239
70273605,70274726,1121,156973
70274726,70275666,940,130878
70275666,70276627,961,53458
70276627,70277663,1036,132710
70277663,70278868,1205,89735
70278868,70279596,728,49750
70279596,70280869,1273,12707
70280869,70282132,1263,254948
70282132,70282584,452,80197
70282584,70283748,1164,131004
70283748,70284716,968,301693
70284716,70285594,878,244443
70285594,70286682,1088,15081
70286682,70287996,1314,26895
70287996,70289169,1173,174960
70289169,70290436,1267,140718
70290436,70291542,1106,153958
70291542,70292421,879,92934
70292421,70293665,1244,30106
70293665,70294346,681,19373
70294346,70295434,1088,11533
70295434,70296611,1177,72212
70296611,70297822,1211,82904
70297822,70298878,1056,274376
70298878,70300008,1130,64300
70300008,70301243,1235,31097
70301243,70302274,1031,70837
70302274,70303387,1113,144135
70303387,70304415,1028,47032
70304415,70305508,1093,293663
70305508,70306034,526,46240
70306034,70306879,845,121729
70306879,70308150,1271,143625
70308150,70309309,1159,135221
70309309,70310445,1136,88349
70310445,70311680,1235,104637
70311680,70312961,1281,110742
70312961,70314213,1252,69550
70314213,70315356,1143,65803
70315356,70316455,1099,146123
70316455,70317626,1171,47030
70317626,70318530,904,39967
70318530,70319375,845,129443
70319375,70320645,1270,141320
70320645,70321861,1216,125883
70321861,70322430,569,182389
70322430,70323655,1225,143005
70323655,70324910,1255,153958
70324910,70326129,1219,101283
70326129,70326310,181,111961
70326310,70327173,863,136610
70327173,70328443,1270,50777
70328443,70328966,523,110061
70328966,70330222,1256,60800
70330222,70331450,1228,132499
70331450,70332508,1058,293168
70332508,70333681,1173,271811
70333681,70334824,1143,144135
70334824,70335951,1127,39501
70335951,70336447,496,21498
70336447,70337534,1087,182396
70337534,70338529,995,53458
70338529,70339480,951,13256
70339480,70340288,808,110238
70340288,70341391,1103,69607
70341391,70342593,1202,127518
70342593,70343763,1170,14526
70343763,70344697,934,142824
70344697,70345824,1127,22178
70345824,70346419,595,129582
70346419,70347529,1110,135826
70347529,70348732,1203,48579
70348732,70349895,1163,4731
70349895,70351051,1156,121799
70351051,70352157,1106,101580
70352157,70353144,987,127691
70353144,70354292,1148,1732
70354292,70355335,1043,104491
70355335,70356031,696,128632
70356031,70357295,1264,14274
70357295,70358509,1214,80189
70358509,70359460,951,138113
70359460,70360571,1111,159386
70360571,70361815,1244,20023
70361815,70362772,957,131003
70362772,70364065,1293,9342
70364065,70364672,607,83696
70364672,70365948,1276,131732
70365948,70367158,1210,86804
70367158,70367380,222,125123
70367380,70368374,994,6541
70368374,70369583,1209,102240
70369583,70370796,1213,187466
70370796,70371978,1182,32904
70371978,70373097,1119,132300
70373097,70373541,444,132891
70373541,70374769,1228,132644
70374769,70375964,1195,23295
70375964,70376349,385,103120
70376349,70377546,1197,126336
70377546,70378435,889,112592
70378435,70379382,947,7371
70379382,70380576,1194,21305
70380576,70381775,1199,137141
70381775,70382794,1019,286306
70382794,70384083,1289,135897
70384083,70385350,1267,178449
70385350,70386681,1331,136983
70386681,70387554,873,105386
70387554,70388567,1013,149880
70388567,70389516,949,142363
70389516,70390461,945,292252
70390461,70391712,1251,137618
70391712,70392769,1057,187023
70392769,70393744,975,22179
70393744,70394481,737,131228
70394481,70395772,1291,39971
70395772,70396975,1203,115687
70396975,70398212,1237,170452
70398212,70399420,1208,700
70399420,70400532,1112,48831
70400532,70400746,214,26894
70400746,70401905,1159,123266
70401905,70403199,1294,45218
70403199,70403665,466,102250
70403665,70404584,919,39661
70404584,70404836,252,134804
70404836,70405360,524,148993
70405360,70405896,536,136863
70405896,70406626,730,132601
70406626,70407691,1065,57154
70407691,70409026,1335,115047
70409026,70409527,501,147967
70409527,70409942,415,7235
70409942,70411016,1074,199
70411016,70412274,1258,8140
70412274,70412579,305,26947
70412579,70413653,1074,129805
70413653,70414784,1131,44912
70414784,70415865,1081,282357
70415865,70417038,1173,75360
70417038,70418209,1171,271817
70418209,70419304,1095,67147
70419304,70420439,1135,130566
70420439,70421604,1165,105386
70421604,70422873,1269,126947
70422873,70424089,1216,134312
70424089,70425338,1249,128636
70425338,70426548,1210,111574
70426548,70427569,1021,157054
70427569,70428729,1160,135033
70428729,70429963,1234,163505
70429963,70431003,1040,39660
70431003,70431874,871,258954
70431874,70432277,403,292138
70432277,70433441,1164,112593
70433441,70434575,1134,54666
70434575,70435848,1273,92427
70435848,70436935,1087,25766
70436935,70437849,914,138043
70437849,70439136,1287,275127
70439136,70439913,777,136458
70439913,70441097,1184,174511
70441097,70442284,1187,157088
70442284,70443591,1307,112593
70443591,70443733,142,117382
70443733,70444796,1063,169619
70444796,70445373,577,39910
70445373,70446121,748,135891
70446121,70447396,1275,142745
70447396,70448417,1021,254949
70448417,70448777,360,162375
70448777,70449053,276,245687
70449053,70450195,1142,129011
70450195,70451454,1259,44937
70451454,70452577,1123,67860
70452577,70453442,865,13056
70453442,70453708,266,102526
70453708,70454808,1100,123271
70454808,70455942,1134,86588
70455942,70457219,1277,129324
70457219,70458438,1219,6398
70458438,70459284,846,171109
70459284,70460318,1034,29091
70460318,70461203,885,72210
70461203,70462322,1119,68770
70462322,70463527,1205,152265
70463527,70463969,442,134119
70463969,70465184,1215,301694
70465184,70466524,1340,700
70466524,70467039,515,131203
70467039,70468115,1076,1119
70468115,70469362,1247,291608
70469362,70470438,1076,112011
70470438,70471467,1029,32451
70471467,70471859,392,258283
70471859,70472720,861,175448
70472720,70473889,1169,98880
70473889,70475033,1144,362
70475033,70475908,875,11077
70475908,70476845,937,65772
70476845,70478001,1156,5416
70478001,70478947,946,14358
70478947,70479837,890,129514
70479837,70480971,1134,216567
70480971,70482069,1098,171133
70482069,70483138,1069,114256
70483138,70483763,625,62347
70483763,70484980,1217,108066
70484980,70486241,1261,138888
70486241,70487385,1144,86040
70487385,70488366,981,290351
70488366,70489534,1168,131040
70489534,70490710,1176,275127
70490710,70491901,1191,152831
70491901,70493132,1231,121392
70493132,70494302,1170,45217
70494302,70495100,798,48579
70495100,70496249,1149,131106
70496249,70496863,614,181961
70496863,70498067,1204,48362
70498067,70498724,657,130131
70498724,70499400,676,91902
70499400,70500440,1040,231837
70500440,70501378,938,69412
70501378,70502502,1124,130566
70502502,70503537,1035,126957
70503537,70504122,585,170951
70504122,70504671,549,129388
70504671,70505759,1088,82020
70505759,70506830,1071,142745
70506830,70507468,638,76973
70507468,70508682,1214,756
70508682,70509115,433,166423
70509115,70510430,1315,119295
70510430,70510723,293,155520
70510723,70511668,945,101892
70511668,70512750,1082,117382
70512750,70513939,1189,68888
70513939,70514478,539,150843
70514478,70515672,1194,104986
70515672,70516776,1104,104717
70516776,70517869,1093,168062
70517869,70518959,1090,1120
70518959,70519684,725,24731
70519684,70520870,1186,136983
70520870,70522099,1229,187005
70522099,70523396,1297,185466
70523396,70524266,870,124549
70524266,70525468,1202,133393
70525468,70526479,1011,130105
70526479,70527664,1185,43321
70527664,70528745,1081,155521
70528745,70529933,1188,68762
70529933,70530949,1016,105574
70530949,70531807,858,132532
70531807,70532149,342,152267
70532149,70533392,1243,128344
70533392,70533603,211,139308
70533603,70534665,1062,185488
70534665,70535912,1247,234067
70535912,70537196,1284,9010
70537196,70537937,741,105405
70537937,70539215,1278,149890
70539215,70540298,1083,124587
70540298,70540662,364,92002
70540662,70541927,1265,41166
70541927,70543011,1084,149939
70543011,70544168,1157,2301
70544168,70545113,945,130900
70545113,70545971,858,110526
70545971,70547282,1311,170453
70547282,70547400,118,129388
70547400,70547805,405,134991
70547805,70548822,1017,65772
70548822,70549889,1067,139797
70549889,70550999,1110,112058
70550999,70551556,557,176854
70551556,70552833,1277,291953
70552833,70554163,1330,142363
70554163,70555130,967,3582
70555130,70556008,878,110238
70556008,70557193,1185,121415
70557193,70558126,933,142311
70558126,70558317,191,126965
70558317,70559116,799,160438
70559116,70559673,557,10172
70559673,70560795,1122,149798
70560795,70561927,1132,38026
70561927,70563191,1264,862
70563191,70564360,1169,36146
70564360,70565625,1265,165387
70565625,70566982,1357,62850
70566982,70568034,1052,121413
70568034,70568260,226,32451
70568260,70569141,881,298549
70569141,70569576,435,26558
70569576,70570811,1235,48830
70570811,70571799,988,150915
70571799,70573052,1253,68361
70573052,70574287,1235,99249
70574287,70575382,1095,24514
70575382,70576100,718,15446
70576100,70576371,271,300225
70576371,70576572,201,130627
70576572,70577555,983,130225
70577555,70578809,1254,278228
70578809,70580133,1324,301693
70580133,70581244,1111,101578
70581244,70581442,198,41610
70581442,70582019,577,182396
70582019,70582753,734,48032
70582753,70584030,1277,28462
70584030,70584433,403,89735
70584433,70584881,448,26872
70584881,70585850,969,28465
70585850,70587092,1242,32137
70587092,70588321,1229,176854
70588321,70588784,463,157056
70588784,70590077,1293,126961
70590077,70591234,1157,61780
70591234,70592123,889,185074
70592123,70593215,1092,138063
70593215,70594045,830,12538
70594045,70595020,975,10674
70595020,70596117,1097,134804
70596117,70597366,1249,144485
70597366,70598414,1048,90850
70598414,70599667,1253,74797
70599667,70600866,1199,12085
70600866,70602089,1223,231836
70602089,70603218,1129,153964
70603218,70604459,1241,6506
70604459,70605437,978,122801
70605437,70606692,1255,122614
70606692,70607904,1212,27120
70607904,70609232,1328,130989
70609232,70610538,1306,246889
70610538,70611584,1046,121799
70611584,70612773,1189,142824
70612773,70613706,933,115968
70613706,70614075,369,88007
70614075,70614650,575,111754
70614650,70615750,1100,118112
70615750,70616967,1217,131113
70616967,70618238,1271,294697
70618238,70619522,1284,1043
70619522,70620822,1300,296078
70620822,70621513,691,5097
70621513,70622799,1286,134451
70622799,70623989,1190,63885
70623989,70625223,1234,141642
70625223,70626346,1123,31609
70626346,70627312,966,39478
70627312,70628469,1157,76043
70628469,70628588,119,129396
70628588,70629741,1153,282412
70629741,70630681,940,164188
70630681,70631814,1133,176854
70631814,70632771,957,112592
70632771,70633838,1067,293168
70633838,70634795,957,126965
70634795,70635931,1136,73732
70635931,70637184,1253,121415
70637184,70638364,1180,216563
70638364,70639371,1007,11612
70639371,70640607,1236,92934
70640607,70641636,1029,284444
70641636,70642899,1263,121415
70642899,70643735,836,146111
70643735,70644524,789,18004
70644524,70644947,423,276730
70644947,70645818,871,5757
70645818,70646978,1160,164100
70646978,70647945,967,28247
70647945,70649027,1082,39761
70649027,70650221,1194,163612
70650221,70650947,726,294114
70650947,70651710,763,132891
70651710,70652905,1195,12103
70652905,70654084,1179,122655
70654084,70655335,1251,168199
70655335,70655516,181,134451
70655516,70656761,1245,109173
70656761,70657049,288,122627
70657049,70658016,967,67860
70658016,70658799,783,153733
70658799,70660067,1268,121085
70660067,70660260,193,111754
70660260,70661421,1161,99249
70661421,70662693,1272,107517
70662693,70663794,1101,95870
70663794,70664238,444,723
70664238,70665493,1255,284435
70665493,70666740,1247,71405
70666740,70667014,274,155151
70667014,70667352,338,103126
70667352,70668489,1137,64738
70668489,70669482,993,187466
70669482,70670772,1290,157859
70670772,70671798,1026,56837
70671798,70672175,377,113273
70672175,70673378,1203,106965
70673378,70673954,576,147193
70673954,70675050,1096,161714
70675050,70676339,1289,156224
70676339,70677481,1142,283462
70677481,70678664,1183,262291
70678664,70678969,305,121541
70678969,70680002,1033,89880
70680002,70681235,1233,8927
70681235,70682466,1231,110127
70682466,70682928,462,278289
70682928,70683917,989,139730
70683917,70684817,900,21305
70684817,70685811,994,175448
70685811,70686639,828,98645
70686639,70687801,1162,110243
70687801,70688982,1181,130103
70688982,70690182,1200,75242
70690182,70691407,1225,155949
70691407,70692612,1205,220980
70692612,70692843,231,163402
70692843,70693991,1148,6174
70693991,70695172,1181,27593
70695172,70695398,226,282934
70695398,70696537,1139,141721
70696537,70697633,1096,22179
70697633,70698898,1265,75360
70698898,70699864,966,121541
70699864,70701075,1211,122827
70701075,70702332,1257,291384
70702332,70703618,1286,34572
70703618,70704283,665,132821
70704283,70705468,1185,288044
70705468,70706599,1131,65772
70706599,70707823,1224,1732
70707823,70709093,1270,133220
70709093,70709504,411,6556
70709504,70710713,1209,105002
70710713,70711977,1264,182396
70711977,70713101,1124,273050
70713101,70714238,1137,147962
70714238,70714859,621,6525
70714859,70715603,744,123882
70715603,70716688,1085,26956
70716688,70717807,1119,23295
70717807,70719036,1229,133424
70719036,70719441,405,279849
70719441,70720556,1115,128344
70720556,70721669,1113,96157
70721669,70722826,1157,152826
70722826,70724076,1250,85684
70724076,70725336,1260,130101
70725336,70725493,157,126859
70725493,70726698,1205,141148
70726698,70727824,1126,61316
70727824,70728916,1092,46267
70728916,70730095,1179,114256
70730095,70731038,943,95969
70731038,70732292,1254,158744
70732292,70733374,1082,121543
70733374,70734619,1245,293959
70734619,70735726,1107,133440
70735726,70736826,1100,6525
70736826,70737813,987,245707
70737813,70739172,1359,151776
70739172,70740327,1155,162129
70740327,70741466,1139,230928
70741466,70742473,1007,296467
70742473,70743291,818,128632
70743291,70744159,868,95870
70744159,70745265,1106,126577
70745265,70746430,1165,64956
70746430,70747689,1259,34501
70747689,70748835,1146,125140
70748835,70749900,1065,17615
70749900,70750953,1053,31603
70750953,70752249,1296,287671
70752249,70753291,1042,287659
70753291,70754379,1088,11734
70754379,70755002,623,258993
70755002,70756236,1234,118119
70756236,70757477,1241,18527
70757477,70758809,1332,106974
70758809,70759978,1169,130870
70759978,70760987,1009,7591
70760987,70762221,1234,39477
70762221,70763344,1123,106969
70763344,70764319,975,12332
70764319,70765361,1042,181420
70765361,70766581,1220,71402
70766581,70767778,1197,123036
70767778,70768884,1106,141208
70768884,70770215,1331,4145
70770215,70771382,1167,294113
70771382,70772556,1174,121382
70772556,70773629,1073,135264
70773629,70774660,1031,174960
70774660,70775945,1285,156968
70775945,70777158,1213,62851
70777158,70778140,982,11254
70778140,70779115,975,4690
70779115,70779324,209,140041
70779324,70779853,529,128990
70779853,70780957,1104,114476
70780957,70781809,852,132717
70781809,70782449,640,1187
70782449,70783445,996,148550
70783445,70783720,275,135897
70783720,70784857,1137,135824
70784857,70786070,1213,187464
70786070,70787340,1270,125001
70787340,70788479,1139,147970
70788479,70789666,1187,138866
70789666,70790872,1206,162238
70790872,70791834,962,187005
70791834,70792725,891,136861
70792725,70793974,1249,65554
70793974,70795105,1131,39910
70795105,70796307,1202,11243
70796307,70797412,1105,10701
70797412,70797605,193,132717
70797605,70798686,1081,161166
70798686,70799891,1205,72200
70799891,70800987,1096,127215
70800987,70802256,1269,112012
70802256,70803132,876,112592
70803132,70804299,1167,83633
70804299,70805396,1097,88761
70805396,70806568,1172,156757
70806568,70807673,1105,141148
70807673,70808484,811,105179
70808484,70809668,1184,110056
70809668,70810750,1082,138074
70810750,70812019,1269,126410
70812019,70813174,1155,66016
70813174,70814419,1245,288043
70814419,70815448,1029,64956
70815448,70815678,230,58776
70815678,70816076,398,137739
70816076,70817381,1305,68344
70817381,70818551,1170,168626
70818551,70819324,773,6171
70819324,70820091,767,132718
70820091,70821178,1087,112593
70821178,70822185,1007,134425
70822185,70823478,1293,286306
70823478,70824613,1135,103126
70824613,70825733,1120,141208
70825733,70826826,1093,30101
70826826,70828064,1238,128990
70828064,70829327,1263,115686
70829327,70830596,1269,290047
70830596,70831685,1089,149880
70831685,70832621,936,40544
70832621,70833454,833,107479
70833454,70834467,1013,31609
70834467,70835561,1094,170952
70835561,70836624,1063,55202
70836624,70837216,592,105386
70837216,70838160,944,123025
70838160,70839379,1219,157242
70839379,70839855,476,130127
70839855,70840203,348,6525
70840203,70841124,921,83708
70841124,70842405,1281,11079
70842405,70843512,1107,715
70843512,70844705,1193,13364
70844705,70845760,1055,174992
70845760,70846905,1145,147110
70846905,70848162,1257,18004
70848162,70849340,1178,1532
70849340,70850293,953,121899
70850293,70851477,1184,142320
70851477,70852368,891,122655
70852368,70853371,1003,138033
70853371,70854330,959,141240
70854330,70855553,1223,1560
70855553,70856830,1277,80192
70856830,70857875,1045,139612
70857875,70859124,1249,6397
70859124,70860163,1039,290901
70860163,70860613,450,126957
70860613,70861640,1027,122789
70861640,70862385,745,134657
70862385,70863362,977,293529
70863362,70864639,1277,69412
70864639,70865917,1278,63713
70865917,70866853,936,135826
70866853,70867800,947,294523
70867800,70869039,1239,262305
70869039,70870194,1155,123133
70870194,70871412,1218,9920
70871412,70872519,1107,168500
70872519,70873726,1207,279239
70873726,70874935,1209,149798
70874935,70875647,712,121068
70875647,70876291,644,171137
70876291,70877314,1023,127694
70877314,70878516,1202,45217
70878516,70879325,809,143521
70879325,70880531,1206,86741
70880531,70881574,1043,216570
70881574,70882116,542,108638
70882116,70883261,1145,83633
70883261,70884378,1117,140221
70884378,70885617,1239,293531
70885617,70886747,1130,134789
70886747,70887819,1072,158816
70887819,70888304,485,39616
70888304,70889393,1089,153958
70889393,70890635,1242,132530
70890635,70891601,966,101854
70891601,70892847,1246,139797
70892847,70894096,1249,132101
70894096,70895244,1148,73024
70895244,70896449,1205,64290
70896449,70897686,1237,136280
70897686,70898698,1012,125123
70898698,70899032,334,24514
70899032,70900139,1107,67233
70900139,70901286,1147,154838
70901286,70902457,1171,130103
70902457,70903619,1162,16632
70903619,70904805,1186,135580
70904805,70906030,1225,143262
70906030,70907234,1204,47238
70907234,70908306,1072,61780
70908306,70909570,1264,121543
70909570,70910597,1027,44577
70910597,70911861,1264,290351
70911861,70912658,797,92002
70912658,70913899,1241,35926
70913899,70915068,1169,133393
70915068,70916097,1029,92805
70916097,70917235,1138,290365
70917235,70918043,808,132499
70918043,70919324,1281,111961
70919324,70920380,1056,106366
70920380,70921708,1328,64588
70921708,70922902,1194,147173
70922902,70924134,1232,14497
70924134,70925065,931,286306
70925065,70925588,523,39648
70925588,70926775,1187,101579
70926775,70928157,1382,132710
70928157,70928375,218,271812
70928375,70928750,375,134786
70928750,70930025,1275,291384
70930025,70931147,1122,139707
70931147,70932162,1015,130505
70932162,70933015,853,283242
70933015,70934057,1042,126832
70934057,70935214,1157,145742
70935214,70935453,239,83696
70935453,70936711,1258,275128
70936711,70936970,259,11528
70936970,70938063,1093,146346
70938063,70939049,986,65803
70939049,70940286,1237,132530
70940286,70941533,1247,160602
70941533,70942747,1214,72200
70942747,70943810,1063,108621
70943810,70944948,1138,216570
70944948,70945168,220,143361
70945168,70946106,938,125943
70946106,70947183,1077,127685
70947183,70948207,1024,156017
70948207,70949382,1175,68192
70949382,70950586,1204,164100
70950586,70951702,1116,11612
70951702,70952831,1129,132717
70952831,70953780,949,73972
70953780,70954672,892,139308
70954672,70954946,274,168497
70954946,70955821,875,133273
70955821,70956874,1053,138047
70956874,70957773,899,105171
70957773,70959073,1300,5776
70959073,70960253,1180,63101
70960253,70961503,1250,122655
70961503,70962548,1045,134825
70962548,70963243,695,73973
70963243,70964334,1091,12332
70964334,70964620,286,131220
70964620,70965612,992,16632
70965612,70966691,1079,87791
70966691,70967876,1185,165387
70967876,70968237,361,15081
70968237,70969455,1218,170982
70969455,70970718,1263,104890
70970718,70971897,1179,160438
70971897,70973074,1177,34478
70973074,70974021,947,135020
70974021,70975342,1321,9210
70975342,70976453,1111,4275
70976453,70977679,1226,139743
70977679,70979013,1334,7943
70979013,70979639,626,133273
70979639,70980843,1204,20034
70980843,70982051,1208,129325
70982051,70983314,1263,72876
70983314,70984372,1058,26685
70984372,70985554,1182,156724
70985554,70986763,1209,1150
70986763,70987953,1190,150855
70987953,70988986,1033,133834
70988986,70990087,1101,116805
70990087,70990976,889,19366
70990976,70992241,1265,163612
70992241,70993367,1126,134451
70993367,70994547,1180,258283
70994547,70995738,1191,114476
70995738,70996319,581,156230
70996319,70997273,954,157242
70997273,70998506,1233,286306
70998506,70999747,1241,280380
70999747,71001026,1279,135659
71001026,71002267,1241,131295
71002267,71002796,529,48361
71002796,71003965,1169,130184
71003965,71004997,1032,61356
71004997,71006242,1245,696
71006242,71006662,420,46890
71006662,71007918,1256,143005
71007918,71009053,1135,126961
71009053,71010152,1099,176853
71010152,71011487,1335,135659
71011487,71012730,1243,280922
71012730,71013744,1014,126292
71013744,71014628,884,121064
71014628,71015833,1205,291953
71015833,71016346,513,104606
71016346,71017524,1178,123998
71017524,71018441,917,135022
71018441,71019270,829,143005
71019270,71020480,1210,21393
71020480,71021663,1183,109656
71021663,71022308,645,149880
71022308,71022919,611,300234
71022919,71024085,1166,151817
71024085,71025347,1262,170952
71025347,71026518,1171,139350
71026518,71027675,1157,13056
71027675,71028803,1128,129513
71028803,71029896,1093,132848
71029896,71031083,1187,758
71031083,71032213,1130,50778
71032213,71033466,1253,145733
71033466,71034532,1066,862
71034532,71035640,1108,133227
71035640,71036873,1233,130103
71036873,71038039,1166,48848
71038039,71039225,1186,29092
71039225,71040028,803,126955
71040028,71040892,864,86732
71040892,71042171,1279,28375
71042171,71043380,1209,8675
71043380,71044245,865,126286
71044245,71045340,1095,61316
71045340,71046541,1201,89940
71046541,71047663,1122,85685
71047663,71048018,355,112061
71048018,71048231,213,284435
71048231,71049502,1271,294523
71049502,71049941,439,66347
71049941,71051002,1061,290901
71051002,71051637,635,114469
71051637,71051917,280,11512
71051917,71052551,634,67863
71052551,71053734,1183,170976
71053734,71053998,264,123270
71053998,71055146,1148,124002
71055146,71055406,260,66184
71055406,71056207,801,224746
71056207,71057288,1081,53343
71057288,71058351,1063,89735
71058351,71059240,889,139710
71059240,71060407,1167,126408
71060407,71061432,1025,139035
71061432,71062257,825,116797
71062257,71063425,1168,94526
71063425,71064754,1329,80690
71064754,71065885,1131,183239
71065885,71066262,377,136863
71066262,71067451,1189,84121
71067451,71068742,1291,133225
71068742,71069883,1141,108621
71069883,71070614,731,171133
71070614,71070975,361,131228
71070975,71072210,1235,14960
71072210,71073374,1164,124990
71073374,71074376,1002,279153
71074376,71075619,1243,101884
71075619,71076247,628,145145
71076247,71077356,1109,125883
71077356,71078530,1174,34501
71078530,71079039,509,121741
71079039,71080002,963,141791
71080002,71081287,1285,46890
71081287,71081454,167,51162
71081454,71081975,521,176660
71081975,71082703,728,291374
71082703,71084012,1309,122806
71084012,71085171,1159,16632
71085171,71086138,967,44937
71086138,71087185,1047,164328
71087185,71088300,1115,128309
71088300,71089383,1083,66622
71089383,71089842,459,98876
71089842,71090919,1077,26853
71090919,71091252,333,147159
71091252,71092500,1248,139009
71092500,71093473,973,12544
71093473,71094215,742,26956
71094215,71095451,1236,285137
71095451,71096359,908,110243
71096359,71097222,863,139009
71097222,71098480,1258,163384
71098480,71099770,1290,46712
71099770,71100789,1019,126826
71100789,71101748,959,291170
71101748,71102895,1147,143895
71102895,71104167,1272,135033
71104167,71104671,504,146437
71104671,71105802,1131,10089
71105802,71106848,1046,10702
71106848,71108007,1159,58845
71108007,71108382,375,132776
71108382,71109579,1197,134728
71109579,71110757,1178,8684
71110757,71111317,560,156967
71111317,71112436,1119,121543
71112436,71113563,1127,13056
71113563,71114345,782,31629
71114345,71115582,1237,258974
71115582,71116587,1005,64300
71116587,71117616,1029,163381
71117616,71118597,981,82458
71118597,71119859,1262,126842
71119859,71120954,1095,282926
71120954,71122310,1356,130127
71122310,71123430,1120,292348
71123430,71124561,1131,295710
71124561,71124794,233,300208
71124794,71125815,1021,87280
71125815,71126696,881,7622
71126696,71127849,1153,23281
71127849,71129015,1166,279856
71129015,71130208,1193,86710
71130208,71131376,1168,5758
71131376,71132299,923,39971
71132299,71133566,1267,43305
71133566,71134752,1186,172165
71134752,71135763,1011,10327
71135763,71136774,1011,95870
71136774,71137943,1169,292252
71137943,71138772,829,176256
71138772,71139905,1133,176263
71139905,71140936,1031,142745
71140936,71141219,283,138043
71141219,71142383,1164,73728
71142383,71143480,1097,300225
71143480,71144726,1246,165387
71144726,71145991,1265,11547
71145991,71147081,1090,135892
71147081,71148198,1117,83633
71148198,71149416,1218,93277
71149416,71150463,1047,126539
71150463,71151662,1199,19366
71151662,71152997,1335,123048
71152997,71154355,1358,279775
71154355,71155557,1202,112187
71155557,71156425,868,252341
71156425,71157658,1233,137004
71157658,71158727,1069,50778
71158727,71159952,1225,110243
71159952,71161207,1255,293957
71161207,71162414,1207,87508
71162414,71162878,464,40556
71162878,71163155,277,14936
71163155,71164291,1136,125140
71164291,71165322,1031,101283
71165322,71166516,1194,43321
71166516,71167771,1255,121415
71167771,71169004,1233,5710
71169004,71169678,674,128990
71169678,71170763,1085,127732
71170763,71171795,1032,10822
71171795,71173118,1323,287660
71173118,71174187,1069,144965
71174187,71175000,813,294114
71175000,71176248,1248,84010
71176248,71177252,1004,39913
71177252,71178397,1145,281132
71178397,71179651,1254,81881
71179651,71180252,601,126929
71180252,71181200,948,121398
71181200,71181771,571,122451
71181771,71182933,1162,39661
71182933,71183136,203,47030
71183136,71184454,1318,117384
71184454,71185421,967,56179
71185421,71186517,1096,14274
71186517,71187810,1293,4136
71187810,71188831,1021,132891
71188831,71189769,938,95870
71189769,71190878,1109,131276
71190878,71192120,1242,67858
71192120,71193180,1060,170440
71193180,71194199,1019,58869
71194199,71195428,1229,150469
71195428,71196641,1213,68369
71196641,71197866,1225,130900
71197866,71198065,199,170453
71198065,71198898,833,113273
71198898,71199944,1046,5911
71199944,71201054,1110,25563
71201054,71202366,1312,52088
71202366,71203695,1329,25951
71203695,71204899,1204,121103
71204899,71206110,1211,18527
71206110,71207491,1381,126955
71207491,71208716,1225,67851
71208716,71209811,1095,5083
71209811,71210740,929,58868
71210740,71211231,491,130105
71211231,71212458,1227,26558
71212458,71213352,894,131226
71213352,71214510,1158,73846
71214510,71214791,281,11079
71214791,71215938,1147,280380
71215938,71216190,252,121140
71216190,71217267,1077,156977
71217267,71218490,1223,130727
71218490,71219746,1256,18533
71219746,71220903,1157,138074
71220903,71222096,1193,284424
71222096,71223206,1110,10327
71223206,71224430,1224,133630
71224430,71225061,631,105179
71225061,71226292,1231,132800
71226292,71227476,1184,123059
71227476,71228793,1317,140718
71228793,71229979,1186,143946
71229979,71231200,1221,133471
71231200,71232313,1113,57831
71232313,71233530,1217,184447
71233530,71234803,1273,158781
71234803,71236023,1220,105383
71236023,71237202,1179,8592
71237202,71238438,1236,170453
71238438,71238671,233,138888
71238671,71239643,972,13364
71239643,71240818,1175,67200
71240818,71241896,1078,101289
71241896,71243106,1210,122863
71243106,71244113,1007,7741
71244113,71245165,1052,167022
71245165,71245449,284,128660
71245449,71245806,357,19371
71245806,71246449,643,102240
71246449,71247566,1117,64298
71247566,71248860,1294,61777
71248860,71249919,1059,140639
71249919,71250870,951,104637
71250870,71251318,448,75810
71251318,71251574,256,232057
71251574,71252151,577,199
71252151,71252632,481,147173
71252632,71253760,1128,12085
71253760,71254899,1139,112597
71254899,71255935,1036,131735
71255935,71256944,1009,124002
71256944,71258103,1159,88761
71258103,71259447,1344,114971
71259447,71260689,1242,130131
71260689,71261528,839,126945
71261528,71262640,1112,104886
71262640,71263030,390,76044
71263030,71264222,1192,146346
71264222,71264619,397,123267
71264619,71264877,258,130164
71264877,71266105,1228,156738
71266105,71267281,1176,233382
71267281,71268324,1043,133220
71268324,71269274,950,66016
71269274,71269735,461,14976
71269735,71270690,955,285137
71270690,71271869,1179,23281
71271869,71273053,1184,121760
71273053,71274124,1071,39476
71274124,71275240,1116,80197
71275240,71275891,651,123190
71275891,71276161,270,132891
71276161,71277277,1116,129396
71277277,71278522,1245,10798
71278522,71279797,1275,10344
71279797,71280968,1171,134420
71280968,71281814,846,121729
71281814,71282893,1079,138289
71282893,71283280,387,170453
71283280,71284588,1308,138631
71284588,71285783,1195,48848
71285783,71286774,991,56174
71286774,71288027,1253,281472
71288027,71289320,1293,59268
71289320,71290594,1274,274549
71290594,71291474,880,1532
71291474,71292667,1193,160958
71292667,71293235,568,163384
71293235,71294323,1088,135762
71294323,71294675,352,147970
71294675,71294916,241,31629
71294916,71296169,1253,46712
71296169,71297466,1297,127685
71297466,71298592,1126,25951
71298592,71299765,1173,274376
71299765,71301074,1309,121127
71301074,71301707,633,279849
71301707,71302720,1013,170452
71302720,71303740,1020,138866
71303740,71304951,1211,137141
71304951,71305782,831,187466
71305782,71306923,1141,62516
71306923,71307590,667,168497
71307590,71308554,964,115968
71308554,71309856,1302,158074
71309856,71310792,936,72210
71310792,71312130,1338,275212
71312130,71313258,1128,114256
71313258,71313932,674,136271
71313932,71315125,1193,104890
71315125,71316324,1199,24732
71316324,71317428,1104,278217
71317428,71318611,1183,22574
71318611,71319856,1245,139717
71319856,71320969,1113,128990
71320969,71322003,1034,72311
71322003,71323190,1187,4691
71323190,71324417,1227,216563
71324417,71325375,958,174953
71325375,71325963,588,134789
71325963,71327158,1195,62347
71327158,71328395,1237,134434
71328395,71329578,1183,84010
71329578,71330731,1153,126221
71330731,71331959,1228,130494
71331959,71333216,1257,178449
71333216,71333935,719,53342
71333935,71334783,848,157236
71334783,71335982,1199,161714
71335982,71337139,1157,129325
71337139,71337974,835,143022
71337974,71338981,1007,46890
71338981,71340111,1130,77173
71340111,71341326,1215,10798
71341326,71342275,949,140072
71342275,71342517,242,48513
71342517,71343797,1280,66622
71343797,71345064,1267,114452
71345064,71346367,1303,121415
71346367,71347100,733,10673
71347100,71348280,1180,147971
71348280,71349427,1147,91192
71349427,71350464,1037,890
71350464,71350958,494,36641
71350958,71352150,1192,723
71352150,71353432,1282,139612
71353432,71353933,501,156738
71353933,71355020,1087,176263
71355020,71356006,986,109174
71356006,71357227,1221,88748
71357227,71358523,1296,143321
71358523,71359490,967,258974
71359490,71360689,1199,132800
71360689,71361419,730,168198
71361419,71362672,1253,170453
71362672,71363826,1154,121331
71363826,71364995,1169,170956
71364995,71365580,585,13248
71365580,71366703,1123,69550
71366703,71367647,944,136861
71367647,71368856,1209,157857
71368856,71369652,796,121658
71369652,71370866,1214,280380
71370866,71371980,1114,121661
71371980,71373101,1121,130566
71373101,71373442,341,72200
71373442,71374725,1283,155520
71374725,71374914,189,176854
71374914,71376065,1151,175962
71376065,71376465,400,12715
71376465,71377698,1233,92935
71377698,71378996,1298,131722
71378996,71380137,1141,139297
71380137,71380774,637,280380
71380774,71381971,1197,10344
71381971,71382704,733,122545
71382704,71383946,1242,87766
71383946,71385151,1205,137597
71385151,71385385,234,26872
71385385,71386672,1287,156224
71386672,71387959,1287,57180
71387959,71389219,1260,109174
71389219,71390218,999,3961
71390218,71391335,1117,129443
71391335,71392544,1209,129513
71392544,71392988,444,101262
71392988,71394216,1228,29091
71394216,71394790,574,282934
71394790,71395386,596,700
71395386,71396521,1135,72927
71396521,71397295,774,48830
71397295,71398530,1235,290365
71398530,71399771,1241,69607
71399771,71400966,1195,28462
71400966,71402189,1223,124002
71402189,71403217,1028,68770
71403217,71404306,1089,94526
71404306,71405524,1218,57180
71405524,71406741,1217,132777
71406741,71407985,1244,5704
71407985,71408691,706,144965
71408691,71409944,1253,115687
71409944,71411145,1201,268287
71411145,71412020,875,147963
71412020,71413274,1254,72200
71413274,71414406,1132,101836
71414406,71415487,1081,64974
71415487,71416537,1050,58192
71416537,71416808,271,142318
71416808,71417685,877,170952
71417685,71418892,1207,58025
71418892,71419964,1072,49755
71419964,71421130,1166,144999
71421130,71422320,1190,258974
71422320,71423569,1249,240992
71423569,71424793,1224,6397
71424793,71425616,823,105179
71425616,71426791,1175,131113
71426791,71427961,1170,65534
71427961,71429190,1229,159056
71429190,71430266,1076,132484
71430266,71431395,1129,124368
71431395,71432413,1018,165387
71432413,71433613,1200,185488
71433613,71433864,251,157057
71433864,71434112,248,122828
71434112,71434355,243,75807
71434355,71435512,1157,6557
71435512,71436521,1009,395
71436521,71437498,977,56840
71437498,71438604,1106,10172
71438604,71439736,1132,1120
71439736,71440429,693,7887
71440429,71441520,1091,156015
71441520,71442707,1187,132864
71442707,71443782,1075,296467
71443782,71444642,860,65772
71444642,71445861,1219,185125
71445861,71446062,201,133424
71446062,71447199,1137,47237
71447199,71448485,1286,123172
71448485,71449570,1085,282386
71449570,71450407,837,12471
71450407,71451548,1141,123715
71451548,71452743,1195,103120
71452743,71453892,1149,139742
71453892,71455156,1264,134149
71455156,71456171,1015,125002
71456171,71457325,1154,135891
71457325,71458432,1107,13056
71458432,71458923,491,60800
71458923,71460140,1217,62347
71460140,71461302,1162,138033
71461302,71462059,757,35921
71462059,71463264,1205,75362
71463264,71464195,931,56777
71464195,71465386,1191,290047
71465386,71466475,1089,65803
71466475,71466902,427,110705
71466902,71468018,1116,183988
71468018,71469260,1242,143271
71469260,71470508,1248,71550
71470508,71471535,1027,66465
71471535,71472750,1215,149939
71472750,71473177,427,170976
71473177,71474380,1203,153728
71474380,71475551,1171,138032
71475551,71476134,583,155646
71476134,71477287,1153,115046
71477287,71477744,457,121446
71477744,71478691,947,295756
71478691,71479740,1049,132484
71479740,71479921,181,122544
71479921,71481092,1171,174960
71481092,71481784,692,116797
71481784,71482373,589,131218
71482373,71483250,877,176256
71483250,71483630,380,230928
71483630,71484871,1241,155646
71484871,71485852,981,126860
71485852,71487150,1298,121080
71487150,71487791,641,98880
71487791,71488933,1142,104491
71488933,71489839,906,139717
71489839,71490956,1117,147159
71490956,71492191,1235,142320
71492191,71493470,1279,128138
71493470,71494611,1141,126829
71494611,71495822,1211,284428
71495822,71496713,891,106367
71496713,71497697,984,134991
71497697,71498294,597,86732
71498294,71499293,999,129597
71499293,71500390,1097,157236
71500390,71501625,1235,293663
71501625,71502967,1342,48032
71502967,71504115,1148,153964
71504115,71505097,982,1133
71505097,71506357,1260,98645
71506357,71507339,982,19371
71507339,71508683,1344,130127
71508683,71509842,1159,165702
71509842,71510392,550,142896
71510392,71510631,239,7884
71510631,71511806,1175,165387
71511806,71513109,1303,145700
71513109,71513529,420,83616
71513529,71514702,1173,101265
71514702,71515687,985,63713
71515687,71516629,942,282926
71516629,71517767,1138,38026
71517767,71518840,1073,135826
71518840,71520141,1301,167597
71520141,71521336,1195,122825
71521336,71522116,780,102239
71522116,71523295,1179,6498
71523295,71524508,1213,121799
71524508,71524908,400,163381
71524908,71525823,915,176278
71525823,71526898,1075,66166
71526898,71527384,486,274379
71527384,71528642,1258,64588
71528642,71529194,552,142848
71529194,71529395,201,171134
71529395,71530553,1158,112187
71530553,71531802,1249,133263
71531802,71532851,1049,54667
71532851,71534110,1259,54487
71534110,71535387,1277,157400
71535387,71535784,397,92202
71535784,71537013,1229,176698
71537013,71538218,1205,4275
71538218,71538395,177,32136
71538395,71538799,404,110127
71538799,71539995,1196,246892
71539995,71541133,1138,92420
71541133,71541286,153,15081
71541286,71542487,1201,76574
71542487,71543604,1117,143005
71543604,71544701,1097,47541
71544701,71544988,287,128669
71544988,71545998,1010,246932
71545998,71546819,821,102381
71546819,71547410,591,282357
71547410,71548447,1037,22179
71548447,71549465,1018,121331
71549465,71550560,1095,132291
71550560,71551323,763,73728
71551323,71552492,1169,126286
71552492,71553011,519,13247
71553011,71553789,778,366
71553789,71554984,1195,178030
71554984,71555346,362,18533
71555346,71556427,1081,176680
71556427,71557729,1302,73295
71557729,71558882,1153,276735
71558882,71560136,1254,141644
71560136,71561299,1163,108621
71561299,71562552,1253,106965
71562552,71562792,240,139710
71562792,71563869,1077,154697
71563869,71565084,1215,130728
71565084,71566037,953,164327
71566037,71567218,1181,157400
71567218,71568318,1100,138901
71568318,71569619,1301,47541
71569619,71570821,1202,129324
71570821,71571874,1053,134121
71571874,71572999,1125,135220
71572999,71574237,1238,104398
71574237,71574578,341,129659
71574578,71575803,1225,284445
71575803,71576894,1091,290923
71576894,71577875,981,137141
71577875,71578524,649,124224
71578524,71579795,1271,137106
71579795,71581053,1258,293663
71581053,71582300,1247,86741
71582300,71583441,1141,132717
71583441,71584448,1007,7371
71584448,71585468,1020,293959
71585468,71586635,1167,290351
71586635,71587547,912,32137
71587547,71588670,1123,232691
71588670,71589856,1186,154697
71589856,71590116,260,22179
71590116,71590322,206,1532
71590322,71591529,1207,156757
71591529,71592698,1169,102381
71592698,71593937,1239,57837
71593937,71594746,809,171109
71594746,71595795,1049,171133
71595795,71596998,1203,140931
71596998,71598125,1127,26894
71598125,71599126,1001,62558
71599126,71600170,1044,133220
71600170,71601368,1198,109656
71601368,71602567,1199,182402
71602567,71603151,584,39761
71603151,71604256,1105,91801
71604256,71605376,1120,149791
71605376,71607439,2063,44585
71607439,71608636,1197,154284
71608636,71609615,979,83607
71609615,71610628,1013,294523
71610628,71611571,943,138033
71611571,71612822,1251,76046
71612822,71614021,1199,80189
71614021,71615133,1112,136846
71615133,71616351,1218,121541
71616351,71617522,1171,171133
71617522,71618435,913,44585
71618435,71619692,1257,96151
71619692,71620814,1122,60801
71620814,71621211,397,106611
71621211,71622368,1157,14929
71622368,71623631,1263,129440
71623631,71624703,1072,123192
71624703,71625799,1096,245691
71625799,71626924,1125,132782
71626924,71628055,1131,123025
71628055,71628428,373,67863
71628428,71628935,507,133211
71628935,71630158,1223,291374
71630158,71631306,1148,90847
71631306,71632209,903,44937
71632209,71633466,1257,60480
71633466,71634576,1110,88761
71634576,71635846,1270,71405
71635846,71636929,1083,142752
71636929,71638042,1113,67592
71638042,71639251,1209,148521
71639251,71640328,1077,89390
71640328,71640665,337,187464
71640665,71641718,1053,174953
71641718,71642104,386,128138
71642104,71643164,1060,153958
71643164,71644247,1083,105168
71644247,71645435,1188,39761
71645435,71646695,1260,53638
71646695,71647786,1091,124368
71647786,71648867,1081,116805
71648867,71650194,1327,59268
71650194,71651224,1030,75791
71651224,71652281,1057,108005
71652281,71653395,1114,123284
71653395,71654610,1215,142320
71654610,71655685,1075,94523
71655685,71656935,1250,163527
71656935,71658257,1322,122825
71658257,71659148,891,6174
71659148,71660409,1261,153309
71660409,71661608,1199,14358
71661608,71662801,1193,1150
71662801,71663815,1014,140040
71663815,71664902,1087,293987
71664902,71665929,1027,126945
71665929,71667165,1236,125128
71667165,71668411,1246,279775
71668411,71669681,1270,142745
71669681,71670911,1230,73957
71670911,71671955,1044,28247
71671955,71673130,1175,285173
71673130,71674135,1005,101580
71674135,71675322,1187,130625
71675322,71676375,1053,128632
71676375,71677534,1159,101883
71677534,71678676,1142,178030
71678676,71679895,1219,19361
71679895,71681198,1303,140222
71681198,71682463,1265,153733
71682463,71683600,1137,107517
71683600,71684519,919,86765
71684519,71685744,1225,135892
71685744,71686835,1091,131106
71686835,71688114,1279,121528
71688114,71689275,1161,129388
71689275,71690511,1236,89390
71690511,71691508,997,20023
71691508,71692741,1233,138042
71692741,71693802,1061,130486
71693802,71694982,1180,84010
71694982,71696051,1069,136458
71696051,71697239,1188,758
71697239,71698404,1165,133279
71698404,71699516,1112,124368
71699516,71700025,509,126947
71700025,71700833,808,131882
71700833,71702040,1207,86765
71702040,71702206,166,275212
71702206,71703472,1266,145145
71703472,71704588,1116,139612
71704588,71705526,938,19373
71705526,71706001,475,70837
71706001,71707052,1051,366
71707052,71708247,1195,112592
71708247,71709502,1255,107480
71709502,71710600,1098,130625
71710600,71711852,1252,128761
71711852,71713075,1223,4687
71713075,71714319,1244,134170
71714319,71715562,1243,130105
71715562,71716718,1156,141642
71716718,71717929,1211,69412
71717929,71719026,1097,365
71719026,71720089,1063,12118
71720089,71721193,1104,121541
71721193,71722419,1226,143895
71722419,71723557,1138,175448
71723557,71724113,556,110528
71724113,71724298,185,275212
71724298,71724598,300,187466
71724598,71725878,1280,91192
71725878,71726774,896,40544
71726774,71728003,1229,6506
71728003,71728639,636,122441
71728639,71729154,515,19376
71729154,71730229,1075,161714
71730229,71731414,1185,258986
71731414,71731918,504,67857
71731918,71732194,276,140718
71732194,71733190,996,7793
71733190,71734454,1264,137770
71734454,71735643,1189,76973
71735643,71736944,1301,252341
71736944,71738204,1260,121103
71738204,71738778,574,128632
71738778,71739815,1037,1129
71739815,71740157,342,7622
71740157,71740453,296,26852
71740453,71741051,598,128678
71741051,71741363,312,137608
71741363,71742586,1223,112761
71742586,71743796,1210,105390
71743796,71745135,1339,142824
71745135,71746197,1062,44575
71746197,71747450,1253,117095
71747450,71748546,1096,106969
71748546,71749689,1143,862
71749689,71750843,1154,5341
71750843,71752051,1208,129597
71752051,71753070,1019,128344
71753070,71754323,1253,71320
71754323,71755468,1145,138033
71755468,71756575,1107,19361
71756575,71757257,682,66470
71757257,71758263,1006,36146
71758263,71758706,443,176680
71758706,71759982,1276,61781
71759982,71760998,1016,143477
71760998,71761289,291,4731
71761289,71761727,438,282934
71761727,71762769,1042,32886
71762769,71763034,265,73729
71763034,71764164,1130,126410
71764164,71765227,1063,54666
71765227,71765434,207,121382
71765434,71765889,455,177627
71765889,71767083,1194,122810
71767083,71768151,1068,135894
71768151,71769419,1268,288044
71769419,71769982,563,110243
71769982,71771182,1200,162130
71771182,71772333,1151,108638
71772333,71773538,1205,57156
71773538,71774730,1192,64974
71774730,71775931,1201,104986
71775931,71777100,1169,13270
71777100,71777834,734,126955
71777834,71777948,114,129388
71777948,71779299,1351,175448
71779299,71780378,1079,139717
71780378,71780798,420,132891
71780798,71781468,670,4275
71781468,71782628,1160,145138
71782628,71783876,1248,130125
71783876,71785187,1311,300343
71785187,71785542,355,158744
71785542,71786756,1214,64290
71786756,71787280,524,139358
71787280,71788186,906,142311
71788186,71789396,1210,130727
71789396,71790635,1239,85640
71790635,71791722,1087,54487
71791722,71792198,476,130627
71792198,71793308,1110,135249
71793308,71794213,905,11528
71794213,71795065,852,32135
71795065,71796124,1059,66470
71796124,71796754,630,124003
71796754,71797436,682,294113
71797436,71798608,1172,127694
71798608,71799574,966,174992
71799574,71799754,180,284435
71799754,71800907,1153,282934
71800907,71802082,1175,55856
71802082,71803084,1002,95959
71803084,71803360,276,32136
71803360,71804379,1019,10172
71804379,71805624,1245,92002
71805624,71806696,1072,122627
71806696,71807049,353,56840
71807049,71808268,1219,10160
71808268,71808921,653,216563
71808921,71810104,1183,163612
71810104,71810771,667,149739
71810771,71811731,960,186232
71811731,71812123,392,155948
71812123,71812767,644,144503
71812767,71813817,1050,129443
71813817,71814987,1170,49750
71814987,71815957,970,245687
71815957,71817135,1178,150715
71817135,71817856,721,122863
71817856,71818553,697,9342
71818553,71819825,1272,154671
71819825,71820199,374,122626
71820199,71821473,1274,1733
71821473,71822513,1040,64300
71822513,71823744,1231,135220
71823744,71824636,892,157830
71824636,71825902,1266,287139
71825902,71826716,814,58012
71826716,71827709,993,65772
71827709,71828903,1194,77361
71828903,71830194,1291,83706
71830194,71830718,524,163402
71830718,71831911,1193,284434
71831911,71832310,399,141148
71832310,71832493,183,152824
71832493,71833756,1263,121541
71833756,71834876,1120,134816
71834876,71836014,1138,86732
71836014,71837315,1301,126232
71837315,71838686,1371,301694
71838686,71839669,983,95959
71839669,71840844,1175,130503
71840844,71842044,1200,87997
71842044,71843309,1265,110061
71843309,71844483,1174,277898
71844483,71845736,1253,696
71845736,71846897,1161,48830
71846897,71848045,1148,129443
71848045,71849159,1114,274376
71849159,71850294,1135,34478
71850294,71851549,1255,88349
71851549,71852550,1001,11243
71852550,71853687,1137,111574
71853687,71854626,939,176853
71854626,71855265,639,124526
71855265,71856482,1217,137004
71856482,71857535,1053,26895
71857535,71858566,1031,216564
71858566,71859649,1083,121106
71859649,71860878,1229,122545
71860878,71862139,1261,133630
71862139,71862930,791,121720
71862930,71864188,1258,136483
71864188,71865316,1128,134830
71865316,71866523,1207,106974
71866523,71867775,1252,67857
71867775,71868971,1196,13265
71868971,71869777,806,167023
71869777,71870929,1152,133442
71870929,71871963,1034,67851
71871963,71873180,1217,32135
71873180,71874423,1243,284433
71874423,71875634,1211,11243
71875634,71876857,1223,2301
71876857,71877996,1139,123163
71877996,71879027,1031,176278
71879027,71880212,1185,130105
71880212,71881307,1095,135635
71881307,71882426,1119,86741
71882426,71883603,1177,127685
71883603,71884658,1055,118119
71884658,71885849,1191,141571
71885849,71886810,961,129974
71886810,71888079,1269,293957
71888079,71889205,1126,134717
71889205,71889499,294,123284
71889499,71890138,639,7943
71890138,71891189,1051,63839
71891189,71892208,1019,36956
71892208,71893249,1041,147173
71893249,71894194,945,129974
71894194,71895453,1259,143625
71895453,71896500,1047,167022
71896500,71897190,690,131732
71897190,71898451,1261,282977
71898451,71899659,1208,126233
71899659,71900830,1171,122810
71900830,71901847,1017,169291
71901847,71903120,1273,117382
71903120,71904261,1141,87791
71904261,71905449,1188,861
71905449,71906563,1114,88761
71906563,71907757,1194,64738
71907757,71908818,1061,280380
71908818,71909366,548,110243
71909366,71910616,1250,135229
71910616,71911678,1062,142311
71911678,71912882,1204,129513
71912882,71913948,1066,101283
71913948,71915195,1247,80534
71915195,71915686,491,220951
71915686,71916591,905,167023
71916591,71917866,1275,88484
71917866,71919144,1278,37092
71919144,71920240,1096,131003
71920240,71921591,1351,121415
71921591,71922616,1025,86710
71922616,71923435,819,23281
71923435,71924678,1243,86045
71924678,71925573,895,126739
71925573,71926405,832,121106
71926405,71927462,1057,132800
71927462,71927926,464,133290
71927926,71929141,1215,122863
71929141,71929835,694,84349
71929835,71930928,1093,49755
71930928,71932060,1132,234067
71932060,71933085,1025,139743
71933085,71934321,1236,137004
71934321,71935547,1226,87791
71935547,71936833,1286,31603
71936833,71938057,1224,84010
71938057,71939324,1267,123715
71939324,71940561,1237,46890
71940561,71941729,1168,279849
71941729,71942805,1076,141644
71942805,71943962,1157,71531
71943962,71945119,1157,11546
71945119,71945685,566,156738
71945685,71946931,1246,187006
71946931,71948172,1241,134420
71948172,71949316,1144,293957
71949316,71949815,499,152831
71949815,71951099,1284,110056
71951099,71952326,1227,167609
71952326,71953425,1099,140639
71953425,71954548,1123,46890
71954548,71955706,1158,125945
71955706,71956641,935,56222
71956641,71957593,952,127579
71957593,71958697,1104,12926
71958697,71959786,1089,75360
71959786,71960991,1205,262291
71960991,71962339,1348,90847
71962339,71963540,1201,93277
71963540,71963923,383,137608
71963923,71964992,1069,258960
71964992,71966056,1064,258960
71966056,71967194,1138,1120
71967194,71968300,1106,138631
71968300,71969607,1307,12895
71969607,71970800,1193,3586
71970800,71971885,1085,142320
71971885,71972192,307,104637
71972192,71973519,1327,161217
71973519,71974688,1169,126232
71974688,71975959,1271,66176
71975959,71976128,169,10327
71976128,71977227,1099,232057
71977227,71978486,1259,64974
71978486,71979606,1120,129011
71979606,71980867,1261,8912
71980867,71981939,1072,133442
71981939,71982630,691,123197
71982630,71983648,1018,64588
71983648,71984924,1276,284269
71984924,71985297,373,76044
71985297,71986415,1118,115047
71986415,71987375,960,102250
71987375,71988461,1086,108638
71988461,71989428,967,133279
71989428,71990587,1159,69607
71990587,71991575,988,123266
71991575,71991879,304,9010
71991879,71993125,1246,104398
71993125,71994199,1074,12723
71994199,71995210,1011,144503
71995210,71996526,1316,6541
71996526,71997694,1168,164101
71997694,71998664,970,134425
71998664,71999882,1218,147627
71999882,72000364,482,12544
72000364,72001129,765,395
72001129,72001530,401,139710
72001530,72002498,968,120280
72002498,72003751,1253,156155
72003751,72005002,1251,122443
72005002,72005171,169,89390
72005171,72006367,1196,45204
72006367,72007099,732,6556
72007099,72008302,1203,35926
72008302,72009318,1016,365
72009318,72010547,1229,258986
72010547,72011406,859,278220
72011406,72012320,914,121799
72012320,72013429,1109,161975
72013429,72014285,856,92935
72014285,72015511,1226,39910
72015511,72016791,1280,10327
72016791,72018019,1228,28380
72018019,72018562,543,171134
72018562,72019394,832,139200
72019394,72020625,1231,289242
72020625,72021692,1067,36956
72021692,72022961,1269,85635
72022961,72024154,1193,32637
72024154,72025373,1219,135580
72025373,72026328,955,24516
72026328,72027477,1149,67233
72027477,72027902,425,95963
72027902,72029443,1541,133211
72029443,72030201,758,133224
72030201,72031291,1090,12332
72031291,72032509,1218,1189
72032509,72033140,631,104391
72033140,72034411,1271,101289
72034411,72035283,872,135762
72035283,72036547,1264,106800
72036547,72037865,1318,276732
72037865,72038946,1081,696
72038946,72039986,1040,170952
72039986,72040799,813,26951
72040799,72042029,1230,14497
72042029,72043252,1223,122825
72043252,72044369,1117,160953
72044369,72045665,1296,136861
72045665,72046910,1245,149939
72046910,72047332,422,1731
72047332,72048461,1129,34483
72048461,72048983,522,1188
72048983,72050156,1173,262269
72050156,72051378,1222,60774
72051378,72052411,1033,56777
72052411,72053649,1238,148529
72053649,72054594,945,26987
72054594,72055673,1079,102381
72055673,72056826,1153,101832
72056826,72057908,1082,13364
72057908,72059193,1285,120318
72059193,72060364,1171,131259
72060364,72060643,279,19208
72060643,72060892,249,132645
72060892,72061131,239,164927
72061131,72062118,987,126961
72062118,72062328,210,21493
72062328,72062639,311,149738
72062639,72063835,1196,153958
72063835,72064977,1142,182394
72064977,72066150,1173,8912
72066150,72066498,348,129396
72066498,72067621,1123,92202
72067621,72068910,1289,5791
72068910,72069746,836,158081
72069746,72070802,1056,63713
72070802,72071767,965,41933
72071767,72072994,1227,133424
72072994,72073619,625,144496
72073619,72074821,1202,163505
72074821,72076072,1251,104398
72076072,72077193,1121,147990
72077193,72078489,1296,10172
72078489,72079755,1266,13269
72079755,72080905,1150,53638
72080905,72081992,1087,21498
72081992,72083177,1185,134592
72083177,72084321,1144,12539
72084321,72085441,1120,124439
72085441,72086597,1156,130975
72086597,72087597,1000,178449
72087597,72088705,1108,88761
72088705,72089955,1250,78885
72089955,72091146,1191,15305
72091146,72091891,745,216570
72091891,72092194,303,9010
72092194,72093584,1390,94108
72093584,72094831,1247,170982
72094831,72095488,657,6541
72095488,72096608,1120,131751
72096608,72097763,1155,120330
72097763,72098482,719,139741
72098482,72099760,1278,71405
72099760,72100768,1008,304534
72100768,72102015,1247,258970
72102015,72102887,872,163505
72102887,72104107,1220,890
72104107,72105157,1050,68770
72105157,72105692,535,76043
72105692,72106205,513,157236
72106205,72107488,1283,39476
72107488,72108643,1155,104986
72108643,72109870,1227,66622
72109870,72110953,1083,156230
72110953,72112103,1150,135229
72112103,72113445,1342,102239
72113445,72114690,1245,110705
72114690,72115867,1177,138042
72115867,72116733,866,138042
72116733,72118032,1299,90847
72118032,72119191,1159,116805
72119191,72120446,1255,130871
72120446,72121557,1111,126826
72121557,72121820,263,39913
72121820,72123071,1251,95870
72123071,72123946,875,700
72123946,72125166,1220,7574
72125166,72126266,1100,139291
72126266,72127437,1171,54666
72127437,72128542,1105,176853
72128542,72129520,978,136458
72129520,72130715,1195,105171
72130715,72131996,1281,154284
72131996,72133279,1283,74477
72133279,72134070,791,141320
72134070,72135115,1045,121024
72135115,72135518,403,30106
72135518,72136663,1145,861
72136663,72137686,1023,271817
72137686,72138782,1096,68762
72138782,72139870,1088,144485
72139870,72141106,1236,130530
72141106,72142176,1070,68353
72142176,72143196,1020,59268
72143196,72144366,1170,143271
72144366,72145135,769,130093
72145135,72145567,432,4158
72145567,72146806,1239,4733
72146806,72147995,1189,149798
72147995,72149202,1207,163518
72149202,72150179,977,72210
72150179,72151298,1119,157475
72151298,72151977,679,4691
72151977,72153192,1215,126796
72153192,72154158,966,130569
72154158,72154705,547,129594
72154705,72155975,1270,108638
72155975,72157122,1147,77778
72157122,72158201,1079,283242
72158201,72159222,1021,27593
72159222,72160153,931,12546
72160153,72161073,920,169291
72161073,72161829,756,58193
72161829,72163097,1268,63713
72163097,72164316,1219,37092
72164316,72165437,1121,161166
72165437,72166545,1108,129317
72166545,72166838,293,32137
72166838,72167305,467,64075
72167305,72168263,958,26987
72168263,72169424,1161,147193
72169424,72170569,1145,133395
72170569,72171926,1357,157400
72171926,72173154,1228,117095
72173154,72174282,1128,282926
72174282,72174973,691,75939
72174973,72175787,814,86732
72175787,72176903,1116,4662
72176903,72177511,608,141268
72177511,72177734,223,136610
72177734,72178961,1227,91072
72178961,72179998,1037,132717
72179998,72181152,1154,46889
72181152,72182349,1197,142824
72182349,72183461,1112,120583
72183461,72184686,1225,134119
72184686,72185832,1146,91072
72185832,72187064,1232,19366
72187064,72187992,928,13256
72187992,72189261,1269,163597
72189261,72190524,1263,185125
72190524,72191443,919,58012
72191443,72192664,1221,134728
72192664,72193536,872,128636
72193536,72194671,1135,127936
72194671,72195299,628,132532
72195299,72196359,1060,115047
72196359,72197114,755,139009
72197114,72198142,1028,142279
72198142,72199377,1235,258954
72199377,72200289,912,109658
72200289,72201470,1181,126945
72201470,72202565,1095,154673
72202565,72202981,416,105390
72202981,72204175,1194,39616
72204175,72205392,1217,41610
72205392,72206575,1183,157400
72206575,72207683,1108,133224
72207683,72208848,1165,147110
72208848,72210140,1292,91801
72210140,72211307,1167,723
72211307,72212584,1277,9321
72212584,72213740,1156,139797
72213740,72214986,1246,12715
72214986,72215896,910,155973
72215896,72217059,1163,132484
72217059,72218253,1194,101892
72218253,72219408,1155,130184
72219408,72220499,1091,61741
72220499,72221224,725,131722
72221224,72222197,973,293957
72222197,72223265,1068,135657
72223265,72223476,211,134717
72223476,72223819,343,112058
72223819,72224074,255,163381
72224074,72225349,1275,157243
72225349,72226595,1246,84357
72226595,72226822,227,174132
72226822,72228031,1209,107517
72228031,72229320,1289,71401
72229320,72230281,961,291718
72230281,72230843,562,155151
72230843,72231969,1126,296473
72231969,72232782,813,279153
72232782,72234000,1218,156757
72234000,72235188,1188,75355
72235188,72235967,779,126600
72235967,72236586,619,95959
72236586,72237566,980,158081
72237566,72238792,1226,162667
72238792,72239920,1128,68188
72239920,72241250,1330,76974
72241250,72242427,1177,22574
72242427,72243559,1132,10798
72243559,72244808,1249,38026
72244808,72245077,269,30591
72245077,72246386,1309,252341
72246386,72247615,1229,39970
72247615,72248794,1179,4662
72248794,72250009,1215,44577
72250009,72251198,1189,129324
72251198,72252476,1278,170453
72252476,72252761,285,82020
72252761,72253812,1051,123049
72253812,72255002,1190,170977
72255002,72256116,1114,64713
72256116,72257303,1187,290923
72257303,72258534,1231,56777
72258534,72259368,834,39761
72259368,72260620,1252,121024
72260620,72261769,1149,890
72261769,72262650,881,122614
72262650,72263879,1229,159056
72263879,72265176,1297,274549
72265176,72266455,1279,274549
72266455,72267461,1006,124549
72267461,72268744,1283,163935
72268744,72269879,1135,32137
72269879,72270681,802,144987
72270681,72271924,1243,182394
72271924,72273209,1285,15307
72273209,72273914,705,157830
72273914,72274945,1031,15082
72274945,72276176,1231,44586
72276176,72277309,1133,126480
72277309,72278583,1274,18004
72278583,72279804,1221,111754
72279804,72280012,208,121528
72280012,72281091,1079,105179
72281091,72282364,1273,82020
72282364,72283512,1148,132782
72283512,72284381,869,5911
72284381,72285670,1289,126829
72285670,72286917,1247,140067
72286917,72287987,1070,139741
72287987,72289175,1188,287357
72289175,72290264,1089,7622
72290264,72291475,1211,122545
72291475,72292572,1097,128226
72292572,72293714,1142,18524
72293714,72294177,463,129064
72294177,72294712,535,129396
72294712,72296011,1299,139308
72296011,72297225,1214,174132
72297225,72298502,1277,14497
72298502,72299549,1047,12471
72299549,72300058,509,160188
72300058,72301222,1164,112592
72301222,72302053,831,139307
72302053,72302252,199,170950
72302252,72303329,1077,14677
72303329,72304584,1255,11243
72304584,72305015,431,135894
72305015,72306087,1072,134434
72306087,72307082,995,85640
72307082,72308307,1225,142318
72308307,72309572,1265,12898
72309572,72310794,1222,143264
72310794,72311979,1185,176698
72311979,72312928,949,138866
72312928,72314224,1296,126410
72314224,72315137,913,136280
72315137,72315824,687,107483
72315824,72316998,1174,5911
72316998,72318121,1123,133273
72318121,72318862,741,136610
72318862,72320036,1174,157242
72320036,72320389,353,66622
72320389,72321438,1049,165701
72321438,72322362,924,92935
72322362,72323543,1181,74797
72323543,72324805,1262,282934
72324805,72325688,883,130544
72325688,72326885,1197,131226
72326885,72328025,1140,130870
72328025,72329260,1235,137770
72329260,72330438,1178,53343
72330438,72331707,1269,156224
72331707,72332866,1159,164328
72332866,72333459,593,1732
72333459,72334442,983,104978
72334442,72335497,1055,114469
72335497,72336200,703,136271
72336200,72337454,1254,147110
72337454,72338677,1223,134789
72338677,72339062,385,3967
72339062,72340201,1139,700
72340201,72341501,1300,123048
72341501,72342361,860,129514
72342361,72343594,1233,668
72343594,72344062,468,89940
72344062,72344758,696,89735
72344758,72345984,1226,87508
72345984,72346447,463,143361
72346447,72347707,1260,69422
72347707,72348996,1289,1189
72348996,72350247,1251,167597
72350247,72351372,1125,758
72351372,72351975,603,141209
72351975,72353040,1065,145703
72353040,72354117,1077,125882
72354117,72355384,1267,147962
72355384,72356582,1198,107247
72356582,72357591,1009,171108
72357591,72358833,1242,273050
72358833,72360134,1301,48032
72360134,72361227,1093,135249
72361227,72362470,1243,282985
72362470,72363094,624,160187
72363094,72364117,1023,126233
72364117,72365397,1280,2301
72365397,72366352,955,143946
72366352,72367495,1143,50778
72367495,72368656,1161,121415
72368656,72369629,973,131030
72369629,72370434,805,19361
72370434,72371611,1177,287358
72371611,72371959,348,132717
72371959,72372977,1018,185466
72372977,72374184,1207,63841
72374184,72374743,559,157857
72374743,72375895,1152,96151
72375895,72377149,1254,92200
72377149,72378132,983,134981
72378132,72379371,1239,156724
72379371,72380486,1115,47030
72380486,72380693,207,130533
72380693,72381926,1233,39967
72381926,72383121,1195,275128
72383121,72384074,953,245707
72384074,72385219,1145,158796
72385219,72386382,1163,154838
72386382,72387405,1023,6397
72387405,72388636,1231,157236
72388636,72388989,353,114452
72388989,72390316,1327,110243
72390316,72390813,497,76046
72390813,72391752,939,87791
72391752,72392920,1168,121024
72392920,72394097,1177,109173
72394097,72394830,733,126233
72394830,72395835,1005,126794
72395835,72396981,1146,13056
72396981,72398184,1203,22581
72398184,72399353,1169,295759
72399353,72400471,1118,134176
72400471,72401648,1177,15446
72401648,72402962,1314,123715
72402962,72404181,1219,98876
72404181,72404362,181,130093
72404362,72405128,766,91098
72405128,72406413,1285,29120
72406413,72407555,1142,275218
72407555,72408482,927,124994
72408482,72408674,192,696
72408674,72409995,1321,4445
72409995,72411011,1016,186232
72411011,72411985,974,29012
72411985,72412205,220,24731
72412205,72413348,1143,98644
72413348,72414520,1172,139355
72414520,72415222,702,140041
72415222,72416332,1110,12895
72416332,72417547,1215,125127
72417547,72418714,1167,19376
72418714,72419977,1263,295710
72419977,72421173,1196,91072
72421173,72422182,1009,1150
72422182,72423280,1098,129587
72423280,72423852,572,110522
72423852,72425090,1238,130226
72425090,72426334,1244,278217
72426334,72427518,1184,65772
72427518,72428806,1288,140931
72428806,72429869,1063,100045
72429869,72430832,963,123998
72430832,72432112,1280,156154
72432112,72433100,988,696
72433100,72434256,1156,87280
72434256,72435401,1145,128991
72435401,72436602,1201,130103
72436602,72437670,1068,144485
72437670,72438889,1219,138042
72438889,72440215,1326,129011
72440215,72441054,839,122944
72441054,72442268,1214,84447
72442268,72443273,1005,245687
72443273,72443967,694,273050
72443967,72445070,1103,723
72445070,72446179,1109,110705
72446179,72447065,886,19373
72447065,72448197,1132,138047
72448197,72448393,196,129805
72448393,72449386,993,130975
72449386,72450735,1349,68359
72450735,72451914,1179,138631
72451914,72452092,178,279233
72452092,72453185,1093,28375
72453185,72454495,1310,161975
72454495,72455470,975,19132
72455470,72456334,864,157236
72456334,72457332,998,39967
72457332,72458468,1136,138113
72458468,72459748,1280,126577
72459748,72460806,1058,138042
72460806,72461962,1156,294554
72461962,72462804,842,53342
72462804,72463964,1160,138901
72463964,72465242,1278,4136
72465242,72466451,1209,132777
72466451,72467672,1221,233366
72467672,72468004,332,134981
72468004,72468295,291,20410
72468295,72469277,982,288043
72469277,72470511,1234,279856
72470511,72471780,1269,135022
72471780,72472115,335,125123
72472115,72473045,930,126209
72473045,72474377,1332,296467
72474377,72475587,1210,147045
72475587,72476810,1223,174132
72476810,72477376,566,121382
72477376,72478422,1046,55088
72478422,72479314,892,6398
72479314,72480313,999,155521
72480313,72481556,1243,124999
72481556,72482785,1229,162375
72482785,72483974,1189,164101
72483974,72484852,878,290350
72484852,72485839,987,145742
72485839,72486848,1009,86765
72486848,72487327,479,130093
72487327,72488520,1193,5710
72488520,72489586,1066,88363
72489586,72490798,1212,138901
72490798,72491895,1097,143307
72491895,72492866,971,109658
72492866,72493220,354,88363
72493220,72494344,1124,9321
72494344,72494994,650,232057
72494994,72495367,373,65534
72495367,72495528,161,105171
72495528,72496481,953,122443
72496481,72497699,1218,1187
72497699,72498417,718,63105
72498417,72499381,964,86710
72499381,72500612,1231,110061
72500612,72501857,1245,295759
72501857,72502927,1070,137154
72502927,72503503,576,176263
72503503,72504436,933,106611
72504436,72505673,1237,8674
72505673,72506890,1217,100431
72506890,72507194,304,130105
72507194,72508171,977,86708
72508171,72509237,1066,101262
72509237,72510550,1313,73728
72510550,72511782,1232,163384
72511782,72512948,1166,83696
72512948,72514149,1201,37134
72514149,72515134,985,10327
72515134,72516142,1008,166683
72516142,72517213,1071,157400
72517213,72518244,1031,287657
72518244,72519179,935,135635
72519179,72520343,1164,59167
72520343,72520927,584,134463
72520927,72521555,628,107483
72521555,72522837,1282,13364
72522837,72523813,976,10702
72523813,72524716,903,181420
72524716,72525835,1119,131228
72525835,72526918,1083,83607
72526918,72528152,1234,92806
72528152,72529362,1210,18524
72529362,72530583,1221,61743
72530583,72530753,170,41151
72530753,72531942,1189,21493
72531942,72532871,929,54016
72532871,72534157,1286,172156
72534157,72535294,1137,139797
72535294,72536543,1249,132532
72536543,72537792,1249,92820
72537792,72538806,1014,244431
72538806,72540007,1201,3587
72540007,72540599,592,146437
72540599,72541771,1172,8674
72541771,72542973,1202,6541
72542973,72544240,1267,121902
72544240,72545501,1261,176660
72545501,72546664,1163,133834
72546664,72547782,1118,24731
72547782,72548991,1209,254949
72548991,72550193,1202,158744
72550193,72551291,1098,130530
72551291,72552392,1101,19376
72552392,72553534,1142,108640
72553534,72554822,1288,16802
72554822,72555867,1045,231834
72555867,72557058,1191,68369
72557058,72558253,1195,68359
72558253,72558838,585,178028
72558838,72559678,840,149798
72559678,72560947,1269,88086
72560947,72561792,845,135635
72561792,72562923,1131,4445
72562923,72564109,1186,166420
72564109,72564808,699,136610
72564808,72565237,429,149033
72565237,72565874,637,83696
72565874,72566114,240,132705
72566114,72567069,955,136861
72567069,72567377,308,279849
72567377,72568698,1321,12085
72568698,72569720,1022,23281
72569720,72571001,1281,160593
72571001,72572141,1140,163384
72572141,72573235,1094,126232
72573235,72574427,1192,71531
72574427,72575515,1088,86741
72575515,72576591,1076,110238
72576591,72577821,1230,132530
72577821,72579030,1209,61741
72579030,72579426,396,66347
72579426,72580167,741,156224
72580167,72581436,1269,294113
72581436,72582220,784,129805
72582220,72583244,1024,185125
72583244,72584146,902,107486
72584146,72584406,260,91801
72584406,72585675,1269,48831
72585675,72586690,1015,68369
72586690,72587627,937,132866
72587627,72588876,1249,80665
72588876,72590139,1263,290351
72590139,72591397,1258,123192
72591397,72592032,635,220980
72592032,72592990,958,125883
72592990,72594028,1038,171133
72594028,72595309,1281,12898
72595309,72596571,1262,26553
72596571,72597661,1090,111574
72597661,72598750,1089,144485
72598750,72599974,1224,294554
72599974,72601007,1033,141242
72601007,72601640,633,56574
72601640,72602912,1272,177234
72602912,72603738,826,150915
72603738,72604854,1116,161975
72604854,72606048,1194,53458
72606048,72607214,1166,158796
72607214,72608326,1112,134728
72608326,72608627,301,139741
72608627,72608829,202,144999
72608829,72610154,1325,10674
72610154,72611280,1126,67592
72611280,72611754,474,131722
72611754,72612630,876,283462
72612630,72613720,1090,274376
72613720,72614886,1166,141248
72614886,72616159,1273,130227
72616159,72617380,1221,132073
72617380,72618638,1258,89894
72618638,72619274,636,216570
72619274,72620501,1227,278217
72620501,72621572,1071,159386
72621572,72622858,1286,135892
72622858,72623220,362,16002
72623220,72624226,1006,36641
72624226,72625282,1056,101579
72625282,72626382,1100,139035
72626382,72627651,1269,115687
72627651,72628955,1304,75939
72628955,72630078,1123,19366
72630078,72631263,1185,170956
72631263,72632468,1205,124526
72632468,72633721,1253,4861
72633721,72634388,667,135033
72634388,72635147,759,139742
72635147,72635934,787,398
72635934,72637124,1190,186232
72637124,72638255,1131,18006
72638255,72638829,574,296078
72638829,72640119,1290,187466
72640119,72641223,1104,276735
72641223,72642345,1122,121658
72642345,72643456,1111,132850
72643456,72643936,480,284433
72643936,72645100,1164,58090
72645100,72645801,701,293959
72645801,72646992,1191,216563
72646992,72648203,1211,134707
72648203,72648841,638,76043
72648841,72649747,906,30101
72649747,72650933,1186,39749
72650933,72651537,604,135762
72651537,72652476,939,157236
72652476,72653709,1233,230928
72653709,72654684,975,160188
72654684,72655825,1141,135220
72655825,72656845,1020,48513
72656845,72657963,1118,82904
72657963,72658784,821,123267
72658784,72659365,581,276939
72659365,72660512,1147,18004
72660512,72661701,1189,258250
72661701,72662807,1106,135249
72662807,72663998,1191,283138
72663998,72664586,588,135897
72664586,72665672,1086,183239
72665672,72666604,932,163607
72666604,72667077,473,123266
72667077,72667968,891,121543
72667968,72668941,973,131732
72668941,72670257,1316,126932
72670257,72670807,550,291168
72670807,72672149,1342,69412
72672149,72673471,1322,143893
72673471,72674757,1286,282412
72674757,72675611,854,124224
72675611,72676896,1285,138866
72676896,72678113,1217,130530
72678113,72679155,1042,158074
72679155,72680275,1120,28462
72680275,72681268,993,160958
72681268,72682464,1196,129597
72682464,72683525,1061,43322
72683525,72684162,637,1732
72684162,72685367,1205,114476
72685367,72686573,1206,160602
72686573,72687688,1115,114468
72687688,72688864,1176,123267
72688864,72690134,1270,184447
72690134,72691223,1089,11049
72691223,72692347,1124,162238
72692347,72693524,1177,181420
72693524,72694689,1165,48848
72694689,72695810,1121,39501
72695810,72696951,1141,104391
72696951,72698032,1081,10702
72698032,72699155,1123,82020
72699155,72700398,1243,124368
72700398,72701539,1141,184266
72701539,72702287,748,275127
72702287,72702704,417,134465
72702704,72703689,985,7591
72703689,72704941,1252,35926
72704941,72706210,1269,128329
72706210,72707287,1077,60489
72707287,72708231,944,156724
72708231,72709367,1136,121674
72709367,72710360,993,122025
72710360,72711584,1224,137483
72711584,72712380,796,117382
72712380,72713713,1333,110238
72713713,72714856,1143,88086
72714856,72715984,1128,132800
72715984,72717240,1256,139752
72717240,72718416,1176,130164
72718416,72719498,1082,10701
72719498,72720727,1229,366
72720727,72721989,1262,35921
72721989,72722444,455,102381
72722444,72723724,1280,279775
72723724,72724929,1205,3966
72724929,72725544,615,285137
72725544,72725739,195,133396
72725739,72726878,1139,130103
72726878,72727810,932,121669
72727810,72729003,1193,96157
72729003,72730252,1249,127215
72730252,72730612,360,121799
72730612,72731854,1242,150915
72731854,72733136,1282,274375
72733136,72734420,1284,130131
72734420,72735079,659,285135
72735079,72736262,1183,144987
72736262,72737537,1275,39475
72737537,72738436,899,101289
72738436,72739763,1327,284444
72739763,72740810,1047,123271
72740810,72741457,647,39616
72741457,72742636,1179,139009
72742636,72743909,1273,176270
72743909,72745192,1283,101883
72745192,72746413,1221,156738
72746413,72747626,1213,88483
72747626,72748828,1202,270778
72748828,72749281,453,126929
72749281,72750568,1287,123133
72750568,72751799,1231,142858
72751799,72753000,1201,134160
72753000,72753644,644,53320
72753644,72754660,1016,20034
72754660,72755829,1169,28380
72755829,72757034,1205,127595
72757034,72757874,840,102238
72757874,72759067,1193,56179
72759067,72760060,993,134830
72760060,72761097,1037,131276
72761097,72762196,1099,101289
72762196,72763168,972,58192
72763168,72764382,1214,101892
72764382,72765335,953,141571
72765335,72766540,1205,34501
72766540,72767714,1174,13364
72767714,72767961,247,164327
72767961,72768748,787,86679
72768748,72769392,644,8675
72769392,72770639,1247,163606
72770639,72771777,1138,107483
72771777,72773080,1303,89940
72773080,72773395,315,6397
72773395,72774624,1229,130105
72774624,72775445,821,157056
72775445,72776669,1224,159230
72776669,72777846,1177,4275
72777846,72779109,1263,147193
72779109,72780307,1198,125123
72780307,72780841,534,258262
72780841,72781870,1029,129587
72781870,72782986,1116,130975
72782986,72784035,1049,10701
72784035,72785216,1181,37090
72785216,72786057,841,128145
72786057,72787107,1050,143477
72787107,72788380,1273,5757
72788380,72789609,1229,118112
72789609,72790710,1101,270778
72790710,72791691,981,23281
72791691,72792751,1060,26947
72792751,72794037,1286,76973
72794037,72795320,1283,134451
72795320,72796482,1162,77779
72796482,72797588,1106,11243
72797588,72798783,1195,137141
72798783,72799576,793,132272
72799576,72800598,1022,58012
72800598,72801826,1228,12103
72801826,72802491,665,279153
72802491,72803749,1258,1133
72803749,72804654,905,94522
72804654,72805813,1159,89880
72805813,72807072,1259,199
72807072,72808361,1289,110528
72808361,72809493,1132,135022
72809493,72810154,661,118119
72810154,72811386,1232,72200
72811386,72812554,1168,104491
72812554,72813463,909,126961
72813463,72814650,1187,123133
72814650,72815310,660,134728
72815310,72816435,1125,88086
72816435,72817498,1063,133290
72817498,72817778,280,19208
72817778,72819116,1338,36641
72819116,72820122,1006,140654
72820122,72821248,1126,182396
72821248,72822360,1112,64717
72822360,72823395,1035,121760
72823395,72824554,1159,70998
72824554,72825549,995,10988
72825549,72826831,1282,129011
72826831,72828052,1221,134451
72828052,72829100,1048,132530
72829100,72830120,1020,138290
72830120,72831389,1269,287357
72831389,72832629,1240,73728
72832629,72833744,1115,140071
72833744,72834883,1139,29012
72834883,72836066,1183,174992
72836066,72836603,537,144987
72836603,72837755,1152,890
72837755,72839081,1326,275128
72839081,72839660,579,129587
72839660,72840367,707,84447
72840367,72841139,772,163606
72841139,72842314,1175,363
72842314,72842868,554,275885
72842868,72843131,263,129317
72843131,72844297,1166,123266
72844297,72845530,1233,10701
72845530,72846256,726,160188
72846256,72847523,1267,124164
72847523,72848693,1170,184265
72848693,72849412,719,10701
72849412,72850300,888,134451
72850300,72851401,1101,296473
72851401,72852538,1137,140222
72852538,72853675,1137,154284
72853675,72854372,697,124587
72854372,72854694,322,19376
72854694,72855954,1260,76574
72855954,72857213,1259,294551
72857213,72857835,622,30119
72857835,72858891,1056,232057
72858891,72860039,1148,135229
72860039,72860673,634,137627
72860673,72861936,1263,107520
72861936,72862491,555,63101
72862491,72863668,1177,270778
72863668,72864904,1236,155944
72864904,72866080,1176,64298
72866080,72867075,995,98878
72867075,72868202,1127,6171
72868202,72869469,1267,279363
72869469,72870721,1252,46267
72870721,72871954,1233,30591
72871954,72873048,1094,14358
72873048,72874051,1003,130878
72874051,72875290,1239,174511
72875290,72876273,983,3587
72876273,72877471,1198,126794
72877471,72878339,868,133440
72878339,72879570,1231,133212
72879570,72880819,1249,279239
72880819,72882040,1221,121907
72882040,72882943,903,73073
72882943,72884312,1369,105383
72884312,72885576,1264,141791
72885576,72886588,1012,121079
72886588,72887404,816,291101
72887404,72888586,1182,123190
72888586,72889700,1114,174511
72889700,72890825,1125,123500
72890825,72892015,1190,274375
72892015,72893220,1205,126860
72893220,72894417,1197,252342
72894417,72895702,1285,276749
72895702,72896652,950,142279
72896652,72897023,371,8675
72897023,72898260,1237,131226
72898260,72899133,873,139035
72899133,72900086,953,139035
72900086,72901032,946,246904
72901032,72902147,1115,246932
72902147,72903336,1189,4861
72903336,72904390,1054,130101
72904390,72905145,755,34572
72905145,72905917,772,144965
72905917,72907080,1163,13056
72907080,72908216,1136,10089
72908216,72909428,1212,68888
72909428,72910609,1181,129587
72910609,72911591,982,7884
72911591,72912518,927,115686
72912518,72913674,1156,161100
72913674,72914952,1278,116797
72914952,72916141,1189,66185
72916141,72917382,1241,140071
72917382,72917879,497,116805
72917879,72918644,765,131735
72918644,72919658,1014,862
72919658,72920921,1263,156155
72920921,72922111,1190,122443
72922111,72923422,1311,130225
72923422,72924541,1119,147110
72924541,72925673,1132,71420
72925673,72926869,1196,25951
72926869,72927522,653,39501
72927522,72928657,1135,126959
72928657,72929888,1231,39477
72929888,72930249,361,66347
72930249,72930996,747,136846
72930996,72932130,1134,10328
72932130,72933331,1201,115968
72933331,72934409,1078,77361
72934409,72935365,956,111754
72935365,72936530,1165,279153
72936530,72936758,228,5909
72936758,72937989,1231,122810
72937989,72938660,671,121127
72938660,72939801,1141,295446
72939801,72941044,1243,50777
72941044,72942367,1323,23281
72942367,72943347,980,71401
72943347,72943878,531,284434
72943878,72944799,921,149798
72944799,72946049,1250,121543
72946049,72947238,1189,1562
72947238,72948080,842,258970
72948080,72949177,1097,24515
72949177,72950210,1033,131732
72950210,72951437,1227,126965
72951437,72952614,1177,154736
72952614,72953848,1234,11546
72953848,72954926,1078,44575
72954926,72955209,283,12545
72955209,72956330,1121,291384
72956330,72957333,1003,139742
72957333,72958614,1281,163527
72958614,72958889,275,138113
72958889,72959212,323,128990
72959212,72960267,1055,279153
72960267,72961477,1210,252341
72961477,72961878,401,132280
72961878,72962815,937,87791
72962815,72963381,566,134465
72963381,72963938,557,160592
72963938,72964956,1018,39476
72964956,72965775,819,132069
72965775,72966879,1104,121669
72966879,72967608,729,89735
72967608,72968036,428,142858
72968036,72968990,954,92002
72968990,72969445,455,130494
72969445,72970708,1263,34572
72970708,72971948,1240,139009
72971948,72972926,978,60801
72972926,72974043,1117,131735
72974043,72975204,1161,126860
72975204,72976451,1247,121068
72976451,72977696,1245,130876
72977696,72978771,1075,57156
72978771,72979838,1067,283228
72979838,72980891,1053,30106
72980891,72981630,739,134785
72981630,72982712,1082,126965
72982712,72983287,575,167023
72983287,72983584,297,122443
72983584,72984815,1231,159230
72984815,72985458,643,19366
72985458,72986791,1333,5757
72986791,72987978,1187,135894
72987978,72989212,1234,12731
72989212,72990247,1035,142279
72990247,72991423,1176,122544
72991423,72992106,683,122944
72992106,72992608,502,54487
72992608,72993055,447,122627
72993055,72994329,1274,86741
72994329,72995289,960,69412
72995289,72996473,1184,23311
72996473,72997375,902,73075
72997375,72998515,1140,131030
72998515,72999763,1248,295761
72999763,73001047,1284,48842
73001047,73002354,1307,12707
73002354,73003410,1056,11546
73003410,73004509,1099,155646
73004509,73005648,1139,101258
73005648,73006981,1333,130505
73006981,73008110,1129,183988
73008110,73009310,1200,109662
73009310,73010445,1135,118119
73010445,73011723,1278,92200
73011723,73012851,1128,132705
73012851,73013912,1061,130755
73013912,73014940,1028,24515
73014940,73015733,793,163527
73015733,73016990,1257,276732
73016990,73018113,1123,156155
73018113,73019158,1045,53343
73019158,73019518,360,124164
73019518,73020774,1256,157242
73020774,73022057,1283,245707
73022057,73023127,1070,131735
73023127,73024346,1219,62558
73024346,73024886,540,129790
73024886,73026092,1206,178748
73026092,73027284,1192,10673
73027284,73028366,1082,135220
73028366,73029474,1108,10344
73029474,73030697,1223,92420
73030697,73032068,1371,85684
73032068,73032523,455,128678
73032523,73033194,671,141279
73033194,73034403,1209,133442
73034403,73035651,1248,284445
73035651,73036877,1226,231836
73036877,73037773,896,141279
73037773,73038963,1190,95969
73038963,73040234,1271,146123
73040234,73041407,1173,165428
73041407,73042669,1262,162238
73042669,73043806,1137,139308
73043806,73044814,1008,7887
73044814,73045359,545,138042
73045359,73045815,456,131722
73045815,73046070,255,3586
73046070,73047189,1119,293959
73047189,73048459,1270,103481
73048459,73049438,979,124439
73049438,73050303,865,92202
73050303,73050737,434,138033
73050737,73051958,1221,133263
73051958,73053117,1159,36956
73053117,73054346,1229,123036
73054346,73055513,1167,101854
73055513,73056780,1267,127731
73056780,73057858,1078,258959
73057858,73059054,1196,83706
73059054,73059310,256,139741
73059310,73060445,1135,105405
73060445,73061610,1165,5710
73061610,73062766,1156,70837
73062766,73063813,1047,143307
73063813,73064380,567,159056
73064380,73065515,1135,109176
73065515,73066638,1123,170951
73066638,73067887,1249,132850
73067887,73068656,769,232690
73068656,73069726,1070,156757
73069726,73070919,1193,138043
73070919,73072177,1258,171171
73072177,73072868,691,127694
73072868,73074060,1192,11244
73074060,73074890,830,61758
73074890,73076046,1156,59175
73076046,73076824,778,123602
73076824,73076937,113,300225
73076937,73077879,942,106611
73077879,73079057,1178,25951
73079057,73079944,887,39501
73079944,73080242,298,174992
73080242,73081237,995,129597
73081237,73082526,1289,105673
73082526,73083590,1064,64292
73083590,73084741,1151,141208
73084741,73086004,1263,296473
73086004,73086326,322,125951
73086326,73087213,887,134463
73087213,73088311,1098,39840
73088311,73089468,1157,7591
73089468,73090637,1169,112058
73090637,73091855,1218,121085
73091855,73093038,1183,169656
73093038,73094151,1113,134170
73094151,73095422,1271,13185
73095422,73096247,825,170977
73096247,73097419,1172,1189
73097419,73098650,1231,165428
73098650,73099677,1027,5416
73099677,73100416,739,32856
73100416,73101588,1172,142320
73101588,73101992,404,16802
73101992,73102774,782,278289
73102774,73103127,353,10642
73103127,73104284,1157,130588
73104284,73104751,467,30119
73104751,73105895,1144,107479
73105895,73106982,1087,126209
73106982,73108263,1281,142745
73108263,73109082,819,135580
73109082,73109575,493,11535
73109575,73110838,1263,132777
73110838,73112038,1200,138033
73112038,73112902,864,75939
73112902,73113701,799,52087
73113701,73114896,1195,155968
73114896,73116098,1202,73712
73116098,73117160,1062,123191
73117160,73118441,1281,26956
73118441,73119521,1080,175390
73119521,73120856,1335,87997
73120856,73121853,997,208
73121853,73123078,1225,138045
73123078,73124252,1174,126957
73124252,73125378,1126,126955
73125378,73125735,357,122443
73125735,73126856,1121,64956
73126856,73127965,1109,37999
73127965,73128443,478,61776
73128443,73129456,1013,61758
73129456,73130398,942,8141
73130398,73131112,714,126928
73131112,73132327,1215,133273
73132327,73133584,1257,756
73133584,73134620,1036,78885
73134620,73135161,541,61316
73135161,73136390,1229,141148
73136390,73137617,1227,7622
73137617,73137882,265,130127
73137882,73139093,1211,291608
73139093,73139744,651,157054
73139744,73140928,1184,142358
73140928,73141750,822,9920
73141750,73143035,1285,159386
73143035,73143983,948,108640
73143983,73145295,1312,80534
73145295,73146064,769,12118
73146064,73147205,1141,122614
73147205,73148249,1044,271817
73148249,73149196,947,115046
73149196,73150308,1112,89940
73150308,73151501,1193,7884
73151501,73152428,927,11049
73152428,73153124,696,170951
73153124,73154253,1129,16632
73154253,73155438,1185,159228
73155438,73156681,1243,4662
73156681,73157942,1261,128991
73157942,73158155,213,26520
73158155,73159336,1181,127936
73159336,73160203,867,121024
73160203,73161438,1235,4136
73161438,73162503,1065,147045
73162503,73162936,433,48830
73162936,73163944,1008,184447
73163944,73164349,405,64588
73164349,73164716,367,129808
73164716,73164894,178,121130
73164894,73166093,1199,5084
73166093,73166982,889,42637
73166982,73168196,1214,178149
73168196,73169463,1267,70837
73169463,73169695,232,134451
73169695,73170679,984,131259
73170679,73171706,1027,82458
73171706,73172032,326,173230
73172032,73173114,1082,135814
73173114,73174206,1092,96168
73174206,73175416,1210,126408
73175416,73176575,1159,141642
73176575,73177518,943,134708
73177518,73178657,1139,71531
73178657,73179918,1261,132291
73179918,73181015,1097,62347
73181015,73181685,670,75810
73181685,73182904,1219,141235
73182904,73183644,740,102239
73183644,73184755,1111,61422
73184755,73185878,1123,122810
73185878,73186990,1112,143361
73186990,73188150,1160,232057
73188150,73189106,956,159227
73189106,73190186,1080,700
73190186,73191077,891,110128
73191077,73192179,1102,273050
73192179,73193198,1019,106611
73193198,73194460,1262,92935
73194460,73195581,1121,252341
73195581,73196652,1071,132645
73196652,73197444,792,163612
73197444,73198167,723,121130
73198167,73199296,1129,109176
73199296,73200549,1253,281187
73200549,73201426,877,139741
73201426,73201637,211,134463
73201637,73202906,1269,130728
73202906,73203437,531,129587
73203437,73204578,1141,133224
73204578,73205841,1263,132891
73205841,73207113,1272,147173
73207113,73207804,691,298549
73207804,73208234,430,135892
73208234,73208788,554,76973
73208788,73209991,1203,130529
73209991,73210912,921,292252
73210912,73212091,1179,136863
73212091,73212866,775,296473
73212866,73214140,1274,862
73214140,73215351,1211,134981
73215351,73216269,918,130544
73216269,73217367,1098,82020
73217367,73218536,1169,174953
73218536,73219810,1274,233382
73219810,73220074,264,246932
73220074,73221114,1040,104394
73221114,73222172,1058,152842
73222172,73223391,1219,276749
73223391,73224599,1208,144503
73224599,73225757,1158,130486
73225757,73226994,1237,7944
73226994,73228295,1301,129324
73228295,73229458,1163,72200
73229458,73230564,1106,8927
73230564,73231891,1327,145733
73231891,73232178,287,26982
73232178,73232347,169,61316
73232347,73233185,838,285135
73233185,73234460,1275,130184
73234460,73235503,1043,139035
73235503,73236603,1100,1189
73236603,73237736,1133,121671
73237736,73238830,1094,134991
73238830,73239968,1138,130545
73239968,73241069,1101,55202
73241069,73242297,1228,73961
73242297,73243191,894,274378
73243191,73244409,1218,12539
73244409,73245647,1238,137004
73245647,73246623,976,258986
73246623,73247449,826,109658
73247449,73248120,671,10328
73248120,73249408,1288,143264
73249408,73250651,1243,143307
73250651,73251802,1151,7944
73251802,73252756,954,6557
73252756,73253819,1063,103120
73253819,73255018,1199,91905
73255018,73256197,1179,58843
73256197,73256597,400,160592
73256597,73257803,1206,134434
73257803,73258956,1153,26852
73258956,73260053,1097,282385
73260053,73260319,266,129393
73260319,73260757,438,138901
73260757,73261836,1079,128345
73261836,73262865,1029,6557
73262865,73264046,1181,296078
73264046,73264812,766,123048
73264812,73266103,1291,12471
73266103,73267038,935,127525
73267038,73268179,1141,45218
73268179,73269228,1049,7371
73269228,73269847,619,723
73269847,73270941,1094,129064
73270941,73271408,467,121722
73271408,73271931,523,22179
73271931,73272400,469,171171
73272400,73273409,1009,121413
73273409,73274640,1231,365
73274640,73275419,779,220951
73275419,73276479,1060,142733
73276479,73277754,1275,129805
73277754,73278917,1163,139350
73278917,73280102,1185,162667
73280102,73281228,1126,186230
73281228,73282418,1190,27593
73282418,73282765,347,300225
73282765,73283498,733,30593
73283498,73284776,1278,123506
73284776,73286076,1300,121069
73286076,73286739,663,276735
73286739,73288026,1287,10089
73288026,73288472,446,295756
73288472,73289717,1245,152842
73289717,73290796,1079,131226
73290796,73291820,1024,84349
73291820,73292799,979,121024
73292799,73294034,1235,5416
73294034,73294564,530,169619
73294564,73294797,233,39913
73294797,73296060,1263,137739
73296060,73296511,451,129443
73296511,73297634,1123,130727
73297634,73298346,712,133290
73298346,73299456,1110,126929
73299456,73300260,804,278217
73300260,73301377,1117,86026
73301377,73302453,1076,5417
73302453,73303631,1178,112011
73303631,73304835,1204,122863
73304835,73305922,1087,86679
73305922,73306967,1045,88363
73306967,73307905,938,135657
73307905,73309210,1305,187024
73309210,73310259,1049,129396
73310259,73311316,1057,159386
73311316,73312039,723,120277
73312039,73313284,1245,4275
73313284,73314463,1179,224
73314463,73315727,1264,143521
73315727,73316856,1129,281131
73316856,73317122,266,294554
73317122,73318263,1141,284444
73318263,73319339,1076,296473
73319339,73320379,1040,292253
73320379,73321523,1144,150469
73321523,73322671,1148,96168
73322671,73323894,1223,132592
73323894,73324904,1010,149735
73324904,73325719,815,171133
73325719,73326915,1196,145088
73326915,73328130,1215,93470
73328130,73329374,1244,274558
73329374,73330479,1105,147173
73330479,73331470,991,1133
73331470,73332631,1161,135227
73332631,73333863,1232,234106
73333863,73334107,244,58137
73334107,73335000,893,126932
73335000,73335345,345,133217
73335345,73336172,827,293959
73336172,73337502,1330,132499
73337502,73338215,713,136483
73338215,73339246,1031,46712
73339246,73340561,1315,288044
73340561,73341832,1271,398
73341832,73342632,800,24731
73342632,73342843,211,161975
73342843,73343365,522,166436
73343365,73344524,1159,104978
73344524,73345541,1017,135892
73345541,73346755,1214,130093
73346755,73347961,1206,133290
73347961,73349079,1118,106800
73349079,73350333,1254,31097
73350333,73351611,1278,233342
73351611,73352882,1271,68888
73352882,73354061,1179,8674
73354061,73355348,1287,274380
73355348,73356076,728,291168
73356076,73357225,1149,26852
73357225,73358340,1115,271817
73358340,73359557,1217,124547
73359557,73360575,1018,49755
73360575,73360859,284,126221
73360859,73361230,371,142727
73361230,73362404,1174,138042
73362404,73363560,1156,16632
73363560,73364784,1224,159386
73364784,73366042,1258,157857
73366042,73367173,1131,41610
73367173,73368408,1235,77361
73368408,73369501,1093,147627
73369501,73370658,1157,92427
73370658,73371861,1203,262291
73371861,73373146,1285,10673
73373146,73374327,1181,109173
73374327,73375687,1360,29108
73375687,73376931,1244,58845
73376931,73378204,1273,155973
73378204,73379463,1259,47541
73379463,73379932,469,140040
73379932,73381124,1192,167609
73381124,73382407,1283,36386
73382407,73383718,1311,128345
73383718,73384791,1073,14358
73384791,73385962,1171,103126
73385962,73387129,1167,141235
73387129,73388256,1127,258960
73388256,73389231,975,6557
73389231,73390363,1132,262305
73390363,73391642,1279,59175
73391642,73392891,1249,135229
73392891,73393990,1099,131276
73393990,73395215,1225,135227
73395215,73396182,967,148920
73396182,73396682,500,75939
73396682,73397751,1069,130553
73397751,73397987,236,282934
73397987,73399180,1193,100044
73399180,73400280,1100,121799
73400280,73401475,1195,279775
73401475,73402187,712,166421
73402187,73403131,944,162239
73403131,73404222,1091,153731
73404222,73404936,714,90847
73404936,73406195,1259,174960
73406195,73407311,1116,26947
73407311,73408574,1263,76055
73408574,73409731,1157,177638
73409731,73410587,856,61777
73410587,73411849,1262,135832
73411849,73412815,966,124002
73412815,73413411,596,86710
73413411,73414623,1212,39971
73414623,73415081,458,118112
73415081,73416028,947,114469
73416028,73416178,150,170982
73416178,73417226,1048,105168
73417226,73418255,1029,121127
73418255,73419520,1265,30105
73419520,73420757,1237,4691
73420757,73421897,1140,91801
73421897,73423086,1189,129443
73423086,73424118,1032,136458
73424118,73425347,1229,121331
73425347,73426498,1151,246892
73426498,73427722,1224,159386
73427722,73428025,303,129514
73428025,73429146,1121,132882
73429146,73430402,1256,164101
73430402,73431415,1013,56179
73431415,73432686,1271,143477
73432686,73433947,1261,279775
73433947,73434996,1049,138290
73434996,73436216,1220,107627
73436216,73437356,1140,147193
73437356,73438583,1227,145699
73438583,73439179,596,147193
73439179,73440357,1178,132300
73440357,73441476,1119,57180
73441476,73442582,1106,96498
73442582,73443129,547,122441
73443129,73443286,157,296159
73443286,73444320,1034,131742
73444320,73445574,1254,150469
73445574,73446635,1061,131882
73446635,73447508,873,60774
73447508,73448675,1167,178748
73448675,73448976,301,176680
73448976,73449841,865,26947
73449841,73450193,352,117866
73450193,73451435,1242,11243
73451435,73452591,1156,254948
73452591,73453333,742,106800
73453333,73454271,938,14274
73454271,73455391,1120,158796
73455391,73456575,1184,154284
73456575,73457614,1039,153728
73457614,73458724,1110,164187
73458724,73459945,1221,47030
73459945,73461169,1224,290365
73461169,73462330,1161,127521
73462330,73463211,881,274376
73463211,73464296,1085,12971
73464296,73465446,1150,49750
73465446,73466571,1125,121541
73466571,73467640,1069,81858
73467640,73468764,1124,126737
73468764,73469810,1046,166683
73469810,73470886,1076,104986
73470886,73472131,1245,150469
73472131,73473389,1258,148962
73473389,73473886,497,157056
73473886,73475121,1235,16632
73475121,73476185,1064,143893
73476185,73477266,1081,60774
73477266,73477907,641,38660
73477907,73479207,1300,39515
73479207,73480100,893,121541
73480100,73481372,1272,700
73481372,73482583,1211,137608
73482583,73483493,910,30119
73483493,73484147,654,130627
73484147,73485444,1297,63885
73485444,73485729,285,66470
73485729,73487035,1306,39475
73487035,73488228,1193,92930
73488228,73489408,1180,138033
73489408,73490765,1357,26982
73490765,73491174,409,126739
73491174,73492358,1184,262291
73492358,73493494,1136,172156
73493494,73494329,835,105179
73494329,73495323,994,128309
73495323,73496067,744,143625
73496067,73497200,1133,163519
73497200,73498293,1093,134708
73498293,73498945,652,130993
73498945,73499344,399,112057
73499344,73500412,1068,107486
73500412,73501616,1204,12545
73501616,73502602,986,132866
73502602,73503882,1280,159371
73503882,73504315,433,212
73504315,73505227,912,125128
73505227,73506485,1258,1187
73506485,73507463,978,86708
73507463,73508616,1153,139355
73508616,73509763,1147,82020
73509763,73511055,1292,668
73511055,73512195,1140,125127
73512195,73513447,1252,100045
73513447,73514507,1060,129325
73514507,73515607,1100,157236
73515607,73516203,596,157054
73516203,73517263,1060,87791
73517263,73518576,1313,127215
73518576,73519708,1132,130131
73519708,73520833,1125,39477
73520833,73521620,787,16632
73521620,73522491,871,54006
73522491,73523644,1153,39970
73523644,73524072,428,101289
73524072,73524934,862,141209
73524934,73526168,1234,129011
73526168,73527327,1159,138290
73527327,73528301,974,128631
73528301,73529519,1218,130529
73529519,73530782,1263,64588
73530782,73531959,1177,85684
73531959,73532820,861,39840
73532820,73533554,734,97593
73533554,73534818,1264,282357
73534818,73536095,1277,156724
73536095,73537243,1148,133239
73537243,73538472,1229,138045
73538472,73539322,850,58776
73539322,73540577,1255,108005
73540577,73541934,1357,8592
73541934,73543148,1214,78885
73543148,73543873,725,135264
73543873,73545164,1291,298549
73545164,73546236,1072,43322
73546236,73547315,1079,139397
73547315,73548402,1087,171109
73548402,73549360,958,132864
73549360,73550541,1181,131218
73550541,73550834,293,127703
73550834,73551965,1131,68192
73551965,73552991,1026,14526
73552991,73554185,1194,144135
73554185,73555266,1081,137589
73555266,73556379,1113,121413
73556379,73557380,1001,134160
73557380,73558679,1299,100044
73558679,73559106,427,86026
73559106,73560391,1285,224746
73560391,73561606,1215,152824
73561606,73562496,890,4662
73562496,73562850,354,132848
73562850,73563239,389,39648
73563239,73564440,1201,133225
73564440,73565571,1131,127694
73565571,73566879,1308,185125
73566879,73568090,1211,42637
73568090,73568900,810,88363
73568900,73569479,579,71404
73569479,73570280,801,36641
73570280,73571416,1136,187006
73571416,73572124,708,262291
73572124,73572411,287,9919
73572411,73573478,1067,19132
73573478,73574809,1331,88483
73574809,73575471,662,76044
73575471,73576749,1278,21498
73576749,73578038,1289,121068
73578038,73579172,1134,126959
73579172,73580465,1293,141642
73580465,73581604,1139,290363
73581604,73582186,582,365
73582186,73583300,1114,121543
73583300,73584557,1257,8927
73584557,73584901,344,232057
73584901,73585806,905,81859
73585806,73586355,549,75791
73586355,73586919,564,135762
73586919,73588145,1226,114971
73588145,73588444,299,112056
73588444,73589692,1248,22581
73589692,73590242,550,14358
73590242,73591313,1071,11547
73591313,73592202,889,32856
73592202,73593283,1081,281132
73593283,73593909,626,126408
73593909,73594228,319,156474
73594228,73595436,1208,147990
73595436,73596716,1280,44585
73596716,73597921,1205,132101
73597921,73598903,982,132484
73598903,73600115,1212,129752
73600115,73601231,1116,1731
73601231,73602344,1113,140725
73602344,73603596,1252,70998
73603596,73604376,780,35926
73604376,73605161,785,70756
73605161,73606466,1305,126209
73606466,73607759,1293,126929
73607759,73609082,1323,164328
73609082,73610415,1333,137154
73610415,73611642,1227,3961
73611642,73612086,444,98876
73612086,73613286,1200,49755
73613286,73614517,1231,182389
73614517,73615659,1142,129994
73615659,73616790,1131,131704
73616790,73617585,795,176682
73617585,73618047,462,176680
73618047,73619051,1004,4136
73619051,73619574,523,13265
73619574,73620722,1148,132101
73620722,73621708,986,61316
73621708,73622904,1196,41151
73622904,73623785,881,131228
73623785,73625067,1282,32637
73625067,73625598,531,164328
73625598,73626498,900,125941
73626498,73627605,1107,14976
73627605,73628594,989,107247
73628594,73629679,1085,132821
73629679,73630370,691,74477
73630370,73631681,1311,62558
73631681,73632900,1219,133447
73632900,73634233,1333,110742
73634233,73635413,1180,137597
73635413,73635743,330,29120
73635743,73636895,1152,41614
73636895,73637946,1051,121085
73637946,73638927,981,139707
73638927,73640143,1216,57836
73640143,73641217,1074,63885
73641217,73642357,1140,134728
73642357,73643286,929,162238
73643286,73643931,645,1539
73643931,73644611,680,176853
73644611,73645816,1205,144496
73645816,73646994,1178,121148
73646994,73648218,1224,68358
73648218,73649194,976,127537
73649194,73649663,469,139361
73649663,73650663,1000,10160
73650663,73651733,1070,107520
73651733,73652997,1264,93276
73652997,73654070,1073,287358
73654070,73655318,1248,142744
73655318,73656501,1183,22574
73656501,73657685,1184,6525
73657685,73658677,992,146437
73658677,73658918,241,122944
73658918,73660090,1172,3587
73660090,73661151,1061,110742
73661151,73662118,967,14897
73662118,73662753,635,120325
73662753,73663813,1060,4158
73663813,73664874,1061,282385
73664874,73665814,940,54487
73665814,73666804,990,170982
73666804,73667961,1157,69607
73667961,73669196,1235,182396
73669196,73670219,1023,10988
73670219,73671442,1223,72311
73671442,73672681,1239,134707
73672681,73673736,1055,14653
73673736,73674983,1247,68369
73674983,73675919,936,29090
73675919,73676281,362,139355
73676281,73677403,1122,134991
73677403,73678404,1001,141240
73678404,73679505,1101,16002
73679505,73680750,1245,140639
73680750,73681996,1246,132850
73681996,73682972,976,293959
73682972,73683233,261,130627
73683233,73683692,459,134717
73683692,73684649,957,292604
73684649,73684862,213,130545
73684862,73686124,1262,41614
73686124,73687077,953,121068
73687077,73687882,805,1189
73687882,73689091,1209,26956
73689091,73690319,1228,28247
73690319,73691324,1005,121392
73691324,73692548,1224,130226
73692548,73693712,1164,9010
73693712,73695052,1340,19665
73695052,73695299,247,232691
73695299,73696504,1205,145145
73696504,73697517,1013,156015
73697517,73698786,1269,129325
73698786,73699697,911,124595
73699697,73700930,1233,2536
73700930,73702022,1092,139612
73702022,73703133,1111,102612
73703133,73704422,1289,132800
73704422,73705670,1248,65772
73705670,73706785,1115,138290
73706785,73707832,1047,109176
73707832,73709052,1220,131226
73709052,73709865,813,124164
73709865,73711017,1152,105405
73711017,73712054,1037,39971
73712054,73712913,859,59288
73712913,73714176,1263,100044
73714176,73715424,1248,132484
73715424,73716695,1271,96168
73716695,73716850,155,142318
73716850,73718057,1207,71420
73718057,73719198,1141,160593
73719198,73720218,1020,28380
73720218,73721284,1066,130530
73721284,73722288,1004,216570
73722288,73723126,838,10172
73723126,73724062,936,163381
73724062,73725318,1256,279363
73725318,73726611,1293,274375
73726611,73727886,1275,63713
73727886,73728763,877,60774
73728763,73729874,1111,167609
73729874,73730977,1103,80192
73730977,73732186,1209,43306
73732186,73733407,1221,105390
73733407,73733602,195,105168
73733602,73734531,929,126232
73734531,73735778,1247,142318
73735778,73736956,1178,12926
73736956,73738051,1095,134636
73738051,73738967,916,125127
73738967,73740023,1056,123036
73740023,73741282,1259,131722
73741282,73742567,1285,130105
73742567,73743751,1184,155968
73743751,73744673,922,252342
73744673,73744943,270,123269
73744943,73746083,1140,1560
73746083,73747326,1243,140041
73747326,73748598,1272,135762
73748598,73749488,890,139612
73749488,73750445,957,271812
73750445,73751726,1281,19366
73751726,73752884,1158,149236
73752884,73754054,1170,131030
73754054,73754870,816,65554
73754870,73756005,1135,44582
73756005,73757152,1147,130989
73757152,73757960,808,216564
73757960,73758299,339,104637
73758299,73759455,1156,301693
73759455,73759880,425,25765
73759880,73760859,979,126928
73760859,73762194,1335,29120
73762194,73763455,1261,10088
73763455,73764460,1005,37090
73764460,73765568,1108,133395
73765568,73766542,974,127521
73766542,73767098,556,276907
73767098,73767909,811,298549
73767909,73769118,1209,168626
73769118,73770347,1229,53638
73770347,73771476,1129,279849
73771476,73772345,869,73848
73772345,73773611,1266,138548
73773611,73774742,1131,114256
73774742,73775529,787,92002
73775529,73776757,1228,135891
73776757,73777974,1217,130627
73777974,73779132,1158,88489
73779132,73780407,1275,71401
73780407,73781348,941,287657
73781348,73782566,1218,135897
73782566,73783599,1033,107487
73783599,73784786,1187,9174
73784786,73785622,836,142727
73785622,73786860,1238,216570
73786860,73788001,1141,95441
73788001,73789256,1255,127597
73789256,73790359,1103,140067
73790359,73791181,822,6556
73791181,73791974,793,139741
73791974,73793068,1094,134434
73793068,73794154,1086,132848
73794154,73795322,1168,38660
73795322,73796405,1083,157859
73796405,73797185,780,122025
73797185,73798331,1146,118128
73798331,73799172,841,134451
73799172,73799721,549,124526
73799721,73799963,242,82558
73799963,73800753,790,63095
73800753,73801764,1011,155968
73801764,73802934,1170,144021
73802934,73803513,579,155968
73803513,73804833,1320,164327
73804833,73805984,1151,231836
73805984,73807201,1217,141320
73807201,73808295,1094,131256
73808295,73808972,677,50778
73808972,73810114,1142,101580
73810114,73811191,1077,170951
73811191,73812341,1150,124526
73812341,73813430,1089,700
73813430,73814578,1148,7793
73814578,73814812,234,109179
73814812,73815887,1075,183988
73815887,73817023,1136,46889
73817023,73817502,479,4447
73817502,73817872,370,291384
73817872,73819118,1246,39971
73819118,73820159,1041,92935
73820159,73821358,1199,106800
73821358,73822459,1101,12538
73822459,73823483,1024,81859
73823483,73823762,279,32658
73823762,73824819,1057,163380
73824819,73826051,1232,7793
73826051,73827345,1294,58763
73827345,73828590,1245,300047
73828590,73829695,1105,365
73829695,73830674,979,163380
73830674,73831236,562,84121
73831236,73831525,289,138656
73831525,73832677,1152,279363
73832677,73833925,1248,92935
73833925,73835094,1169,129011
73835094,73836334,1240,145138
73836334,73837490,1156,39475
73837490,73838679,1189,141270
73838679,73839872,1193,139681
73839872,73841075,1203,64588
73841075,73841946,871,129623
73841946,73842358,412,117384
73842358,73843234,876,137483
73843234,73844353,1119,138074
73844353,73845552,1199,140071
73845552,73846626,1074,4731
73846626,73847295,669,137628
73847295,73848518,1223,144021
73848518,73848897,379,157057
73848897,73850117,1220,10160
73850117,73851358,1241,94523
73851358,73852366,1008,107487
73852366,73853569,1203,63111
73853569,73854834,1265,5758
73854834,73856028,1194,142363
73856028,73857041,1013,123059
73857041,73858137,1096,286306
73858137,73859272,1135,156159
73859272,73860413,1141,156718
73860413,73860876,463,157636
73860876,73861852,976,142727
73861852,73862967,1115,133224
73862967,73863210,243,92806
73863210,73864371,1161,127522
73864371,73864554,183,143948
73864554,73865800,1246,168497
73865800,73866062,262,126826
73866062,73867104,1042,19665
73867104,73868370,1266,122626
73868370,73869408,1038,135826
73869408,73870473,1065,133630
73870473,73871642,1169,129066
73871642,73872564,922,134119
73872564,73873583,1019,152842
73873583,73874562,979,123269
73874562,73875111,549,132299
73875111,73876209,1098,258974
73876209,73877470,1261,118112
73877470,73878252,782,132485
73878252,73879501,1249,127522
73879501,73880659,1158,65772
73880659,73881890,1231,287657
73881890,73882648,758,278289
73882648,73883427,779,129974
73883427,73884492,1065,293663
73884492,73885763,1271,130494
73885763,73886727,964,142858
73886727,73887592,865,109658
73887592,73888672,1080,275885
73888672,73889946,1274,284445
73889946,73890872,926,181961
73890872,73891936,1064,39913
73891936,73892634,698,94522
73892634,73893733,1099,156230
73893733,73894792,1059,67147
73894792,73895329,537,46267
73895329,73896400,1071,39515
73896400,73897345,945,164927
73897345,73898524,1179,67233
73898524,73899144,620,166433
73899144,73899899,755,71402
73899899,73901131,1232,164100
73901131,73902183,1052,131735
73902183,73903405,1222,130549
73903405,73904478,1073,27504
73904478,73904587,109,187464
73904587,73905341,754,284434
73905341,73906574,1233,148993
73906574,73907834,1260,143264
73907834,73909104,1270,102239
73909104,73910235,1131,112012
73910235,73910871,636,129396
73910871,73911678,807,127732
73911678,73912757,1079,104717
73912757,73913998,1241,282357
73913998,73915205,1207,292138
73915205,73916434,1229,86732
73916434,73917538,1104,82020
73917538,73918467,929,126232
73918467,73919407,940,283462
73919407,73920630,1223,10172
73920630,73921701,1071,108640
73921701,73922341,640,121729
73922341,73923411,1070,130566
73923411,73924719,1308,132530
73924719,73925766,1047,158781
73925766,73926934,1168,22178
73926934,73928200,1266,170212
73928200,73929511,1311,258993
73929511,73930645,1134,135897
73930645,73931862,1217,156977
73931862,73932754,892,246948
73932754,73933398,644,281188
73933398,73934597,1199,102240
73934597,73935558,961,104978
73935558,73936705,1147,258262
73936705,73937969,1264,182394
73937969,73939112,1143,124526
73939112,73940252,1140,61777
73940252,73941515,1263,258954
73941515,73942475,960,87508
73942475,73943748,1273,102238
73943748,73944764,1016,109656
73944764,73946087,1323,132592
73946087,73946586,499,134707
73946586,73947523,937,139009
73947523,73948779,1256,58192
73948779,73949856,1077,36146
73949856,73951043,1187,107627
73951043,73952114,1071,138901
73952114,73953383,1269,258283
73953383,73954628,1245,94876
73954628,73955548,920,124439
73955548,73956728,1180,104483
73956728,73957838,1110,2301
73957838,73958246,408,135826
73958246,73959543,1297,141268
73959543,73960428,885,5083
73960428,73961402,974,126928
73961402,73962448,1046,176256
73962448,73963825,1377,37090
73963825,73964267,442,153728
73964267,73965424,1157,126232
73965424,73966624,1200,31603
73966624,73966810,186,252342
73966810,73967808,998,98880
73967808,73968985,1177,290361
73968985,73970042,1057,105167
73970042,73971343,1301,5704
73971343,73972473,1130,112597
73972473,73973603,1130,123266
73973603,73974909,1306,129393
73974909,73976090,1181,302000
73976090,73977203,1113,128226
73977203,73978404,1201,290923
73978404,73979438,1034,5912
73979438,73980573,1135,146123
73980573,73980804,231,47030
73980804,73981971,1167,121541
73981971,73983176,1205,133273
73983176,73984406,1230,293529
73984406,73985653,1247,132101
73985653,73986704,1051,12546
73986704,73987915,1211,53342
73987915,73988941,1026,131030
73988941,73990019,1078,53638
73990019,73991202,1183,174960
73991202,73992205,1003,127597
73992205,73993451,1246,159386
73993451,73994562,1111,185488
73994562,73995610,1048,121671
73995610,73996743,1133,149033
73996743,73997763,1020,103126
73997763,73998336,573,122876
73998336,73999349,1013,20034
73999349,74000152,803,25951
74000152,74001393,1241,57180
74001393,74002444,1051,13056
74002444,74003627,1183,132777
74003627,74004128,501,124549
74004128,74005244,1116,54006
74005244,74006150,906,144987
74006150,74007014,864,11734
74007014,74008055,1041,142318
74008055,74009167,1112,106366
74009167,74010247,1080,281187
74010247,74011286,1039,118112
74011286,74012586,1300,183988
74012586,74013831,1245,121907
74013831,74014234,403,143307
74014234,74015488,1254,59234
74015488,74015839,351,116804
74015839,74017068,1229,166436
74017068,74018281,1213,7793
74018281,74019554,1273,124994
74019554,74020781,1227,123197
74020781,74021933,1152,139742
74021933,74023006,1073,127694
74023006,74024288,1282,142750
74024288,74025486,1198,109173
74025486,74026557,1071,143022
74026557,74027226,669,105002
74027226,74028313,1087,67233
74028313,74029362,1049,14936
74029362,74029821,459,283138
74029821,74030886,1065,134149
74030886,74031624,738,26987
74031624,74032661,1037,129396
74032661,74033818,1157,30593
74033818,74034925,1107,14653
74034925,74036209,1284,171133
74036209,74037482,1273,104391
74037482,74038425,943,133273
74038425,74039746,1321,95870
74039746,74040903,1157,74797
74040903,74042132,1229,57831
74042132,74043333,1201,19361
74043333,74044012,679,136846
74044012,74045291,1279,135227
74045291,74045988,697,283138
74045988,74047285,1297,139356
74047285,74048473,1188,174511
74048473,74049635,1162,132499
74049635,74050013,378,39660
74050013,74050530,517,137588
74050530,74051149,619,164188
74051149,74052422,1273,57836
74052422,74053245,823,89882
74053245,74054400,1155,19361
74054400,74055503,1103,140067
74055503,74056764,1261,139009
74056764,74057926,1162,139730
74057926,74059179,1253,142320
74059179,74060519,1340,15081
74060519,74060864,345,129440
74060864,74062123,1259,73295
74062123,74063345,1222,121541
74063345,74064248,903,57156
74064248,74064722,474,696
74064722,74065873,1151,124587
74065873,74067081,1208,91801
74067081,74068298,1217,4687
74068298,74069460,1162,144021
74069460,74070600,1140,132800
74070600,74071583,983,128345
74071583,74072758,1175,21393
74072758,74074007,1249,7944
74074007,74074520,513,83706
74074520,74075681,1161,121720
74075681,74076950,1269,141148
74076950,74078219,1269,102250
74078219,74079020,801,142824
74079020,74079952,932,123506
74079952,74081243,1291,115686
74081243,74082185,942,258970
74082185,74083422,1237,254948
74083422,74084432,1010,139797
74084432,74084649,217,108638
74084649,74085349,700,112056
74085349,74086422,1073,86765
74086422,74087714,1292,110706
74087714,74088757,1043,177627
74088757,74090098,1341,126220
74090098,74091203,1105,73075
74091203,74092432,1229,154697
74092432,74093041,609,157263
74093041,74094287,1246,80197
74094287,74095374,1087,156017
74095374,74096476,1102,122614
74096476,74097263,787,290363
74097263,74098262,999,129011
74098262,74099542,1280,138486
74099542,74100342,800,54666
74100342,74101592,1250,123033
74101592,74102830,1238,62516
74102830,74103210,380,117382
74103210,74104315,1105,44575
74104315,74104877,562,2503
74104877,74106106,1229,287659
74106106,74107393,1287,178028
74107393,74108357,964,103126
74108357,74109657,1300,135814
74109657,74110884,1227,26852
74110884,74111882,998,44586
74111882,74112970,1088,81843
74112970,74114043,1073,11547
74114043,74115112,1069,294551
74115112,74116272,1160,117382
74116272,74117449,1177,162238
74117449,74118492,1043,41259
74118492,74119627,1135,130164
74119627,74120859,1232,126928
74120859,74121634,775,13185
74121634,74122606,972,139397
74122606,74123467,861,1189
74123467,74124484,1017,26982
74124484,74125608,1124,15446
74125608,74125957,349,31629
74125957,74127116,1159,281188
74127116,74128140,1024,159228
74128140,74129367,1227,134176
74129367,74129827,460,11734
74129827,74130962,1135,48361
74130962,74132245,1283,95441
74132245,74132980,735,68353
74132980,74133437,457,254948
74133437,74134736,1299,122810
74134736,74136048,1312,39913
74136048,74137086,1038,156015
74137086,74138228,1142,93470
74138228,74139442,1214,13256
74139442,74140659,1217,63095
74140659,74141807,1148,152825
74141807,74143078,1271,6397
74143078,74144122,1044,124439
74144122,74144621,499,59288
74144621,74145702,1081,134786
74145702,74146755,1053,139387
74146755,74147998,1243,22581
74147998,74149174,1176,129325
74149174,74149980,806,290351
74149980,74150854,874,88007
74150854,74152017,1163,170956
74152017,74152761,744,123270
74152761,74153825,1064,285896
74153825,74155086,1261,101799
74155086,74155418,332,134717
74155418,74156254,836,84349
74156254,74156981,727,126965
74156981,74158044,1063,145733
74158044,74158979,935,104888
74158979,74159589,610,144965
74159589,74160437,848,5791
74160437,74161740,1303,129994
74161740,74162932,1192,281471
74162932,74164243,1311,142733
74164243,74164637,394,131887
74164637,74165805,1168,59268
74165805,74166762,957,39515
74166762,74167987,1225,121658
74167987,74169194,1207,152864
74169194,74170442,1248,134636
74170442,74171642,1200,131722
74171642,74172940,1298,122614
74172940,74174130,1190,132800
74174130,74175458,1328,139290
74175458,74176511,1053,130532
74176511,74177736,1225,108621
74177736,74178909,1173,16632
74178909,74179473,564,295756
74179473,74180530,1057,13185
74180530,74181743,1213,164327
74181743,74182878,1135,282926
74182878,74183085,207,1733
74183085,74184056,971,157480
74184056,74184507,451,9920
74184507,74185736,1229,86588
74185736,74186914,1178,122545
74186914,74187967,1053,115047
74187967,74189192,1225,139200
74189192,74190320,1128,130549
74190320,74191465,1145,185126
74191465,74192481,1016,159230
74192481,74193603,1122,116804
74193603,74194502,899,122944
74194502,74195669,1167,144485
74195669,74196815,1146,12544
74196815,74197749,934,4861
74197749,74198707,958,163726
74198707,74198930,223,166683
74198930,74200135,1205,113272
74200135,74200814,679,9174
74200814,74202019,1205,130184
74202019,74203132,1113,129324
74203132,74204177,1045,142858
74204177,74204857,680,138042
74204857,74206107,1250,48831
74206107,74207072,965,88489
74207072,74208311,1239,143895
74208311,74209574,1263,170453
74209574,74209819,245,14672
74209819,74211092,1273,143948
74211092,74211720,628,216567
74211720,74212253,533,129790
74212253,74213246,993,98644
74213246,74214338,1092,123191
74214338,74215605,1267,92934
74215605,74216793,1188,1120
74216793,74217508,715,244443
74217508,74218595,1087,48842
74218595,74219624,1029,10089
74219624,74220897,1273,135216
74220897,74221586,689,57179
74221586,74222795,1209,101864
74222795,74223771,976,87732
74223771,74224119,348,39970
74224119,74224350,231,216563
74224350,74225643,1293,134785
74225643,74226690,1047,56778
74226690,74227905,1215,139308
74227905,74229095,1190,121658
74229095,74230363,1268,159056
74230363,74231113,750,144965
74231113,74231539,426,147193
74231539,74232222,683,162238
74232222,74232818,596,105390
74232818,74234108,1290,19376
74234108,74235096,988,137141
74235096,74236365,1269,170212
74236365,74237634,1269,178149
74237634,74238850,1216,178450
74238850,74240149,1299,62850
74240149,74241340,1191,68359
74241340,74242471,1131,43306
74242471,74243746,1275,125118
74243746,74244761,1015,142733
74244761,74245834,1073,696
74245834,74247101,1267,135826
74247101,74248436,1335,171138
74248436,74249728,1292,127521
74249728,74250663,935,102240
74250663,74250980,317,155521
74250980,74251888,908,1129
74251888,74253041,1153,55202
74253041,74254339,1298,296078
74254339,74255610,1271,145138
74255610,74256896,1286,101283
74256896,74257483,587,101799
74257483,74258574,1091,11254
74258574,74259876,1302,123197
74259876,74260979,1103,282386
74260979,74262222,1243,157400
74262222,74262545,323,19376
74262545,74263656,1111,26951
74263656,74264169,513,47541
74264169,74264544,375,130127
74264544,74264771,227,129388
74264771,74265575,804,46267
74265575,74266820,1245,141279
74266820,74267367,547,28868
74267367,74267634,267,46889
74267634,74268747,1113,39970
74268747,74269769,1022,121024
74269769,74270975,1206,40556
74270975,74272227,1252,287837
74272227,74273010,783,136861
74273010,74273909,899,85685
74273909,74274915,1006,149735
74274915,74275237,322,75362
74275237,74276388,1151,70837
74276388,74277551,1163,216564
74277551,74278630,1079,131722
74278630,74279344,714,4275
74279344,74280327,983,85684
74280327,74281402,1075,274558
74281402,74281691,289,281188
74281691,74282984,1293,2301
74282984,74284211,1227,700
74284211,74285553,1342,126959
74285553,74286779,1226,112593
74286779,74287979,1200,137588
74287979,74288354,375,132705
74288354,74289466,1112,146346
74289466,74290351,885,176660
74290351,74291298,947,123025
74291298,74292482,1184,285173
74292482,74293745,1263,65803
74293745,74294950,1205,137608
74294950,74295863,913,36641
74295863,74297029,1166,156015
74297029,74298300,1271,296473
74298300,74299543,1243,139741
74299543,74300552,1009,130548
74300552,74301743,1191,19208
74301743,74302758,1015,28247
74302758,74303900,1142,4136
74303900,74305094,1194,95441
74305094,74306077,983,110243
74306077,74306789,712,73296
74306789,74308069,1280,31629
74308069,74309037,968,10327
74309037,74310298,1261,69412
74310298,74311285,987,99122
74311285,74311550,265,10673
74311550,74312819,1269,128136
74312819,74314134,1315,132530
74314134,74314923,789,157236
74314923,74316105,1182,121674
74316105,74317284,1179,275128
74317284,74318243,959,131751
74318243,74319410,1167,126410
74319410,74320371,961,139307
74320371,74321517,1146,31668
74321517,74322684,1167,129582
74322684,74323908,1224,109507
74323908,74324903,995,130627
74324903,74325944,1041,258954
74325944,74327215,1271,295710
74327215,74328327,1112,71320
74328327,74329412,1085,41151
74329412,74329902,490,258250
74329902,74330742,840,153728
74330742,74331235,493,139741
74331235,74332466,1231,107487
74332466,74333554,1088,282926
74333554,74334560,1006,126965
74334560,74335711,1151,258266
74335711,74336856,1145,4445
74336856,74338101,1245,56778
74338101,74339238,1137,64588
74339238,74340414,1176,293663
74340414,74340942,528,121543
74340942,74342047,1105,39661
74342047,74342938,891,127696
74342938,74344201,1263,96153
74344201,74345125,924,144503
74345125,74346160,1035,124368
74346160,74347433,1273,132592
74347433,74348365,932,176854
74348365,74349468,1103,132568
74349468,74350637,1169,164328
74350637,74351782,1145,280250
74351782,74352939,1157,289453
74352939,74354130,1191,85685
74354130,74355335,1205,23281
74355335,74356509,1174,298549
74356509,74357539,1030,63713
74357539,74358821,1282,135264
74358821,74359933,1112,160964
74359933,74361040,1107,139200
74361040,74362281,1241,128329
74362281,74363373,1092,130103
74363373,74363891,518,128660
74363891,74365049,1158,53342
74365049,74366318,1269,135892
74366318,74366799,481,89388
74366799,74368024,1225,109658
74368024,74369123,1099,278217
74369123,74370216,1093,175448
74370216,74371324,1108,110243
74371324,74372486,1162,285314
74372486,74373697,1211,282357
74373697,74374998,1301,133273
74374998,74376162,1164,10172
74376162,74377022,860,58763
74377022,74378166,1144,129587
74378166,74378851,685,134981
74378851,74380139,1288,66622
74380139,74381305,1166,171109
74381305,74382370,1065,129752
74382370,74383397,1027,129513
74383397,74384056,659,283462
74384056,74384986,930,134176
74384986,74386115,1129,149890
74386115,74387254,1139,129011
74387254,74388136,882,133834
74388136,74389285,1149,59234
74389285,74390601,1316,284444
74390601,74391277,676,138901
74391277,74392554,1277,231862
74392554,74393659,1105,262269
74393659,74394853,1194,170212
74394853,74395357,504,10702
74395357,74396478,1121,132101
74396478,74397484,1006,142896
74397484,74397763,279,129396
74397763,74398391,628,126739
74398391,74399592,1201,22179
74399592,74400832,1240,77778
74400832,74401937,1105,278289
74401937,74402946,1009,14958
74402946,74404206,1260,4733
74404206,74405339,1133,125123
74405339,74406406,1067,25951
74406406,74407562,1156,54487
74407562,74408519,957,114971
74408519,74409797,1278,157243
74409797,74410920,1123,65803
74410920,74412070,1150,134170
74412070,74413174,1104,162239
74413174,74414413,1239,126961
74414413,74415077,664,130876
74415077,74415978,901,5758
74415978,74416773,795,86732
74416773,74418001,1228,121671
74418001,74418533,532,7622
74418533,74419099,566,131732
74419099,74419658,559,128761
74419658,74420479,821,68188
74420479,74421691,1212,90850
74421691,74422898,1207,156224
74422898,74424105,1207,22581
74424105,74425359,1254,130727
74425359,74426525,1166,143022
74426525,74427014,489,121103
74427014,74428263,1249,126829
74428263,74429364,1101,140221
74429364,74430532,1168,155968
74430532,74431867,1335,133273
74431867,74432685,818,123059
74432685,74433715,1030,9915
74433715,74434558,843,165701
74434558,74435539,981,39478
74435539,74436735,1196,144135
74436735,74437676,941,291101
74437676,74438266,590,129790
74438266,74439457,1191,147981
74439457,74440676,1219,132601
74440676,74441851,1175,3587
74441851,74442025,174,126408
74442025,74442234,209,121331
74442234,74443388,1154,48362
74443388,74444579,1191,41610
74444579,74445827,1248,278228
74445827,74446696,869,270778
74446696,74447820,1124,681
74447820,74449071,1251,170440
74449071,74450360,1289,138488
74450360,74451283,923,19585
74451283,74452004,721,57180
74452004,74452533,529,156973
74452533,74453623,1090,231836
74453623,74454554,931,83633
74454554,74455677,1123,6506
74455677,74456427,750,121085
74456427,74457486,1059,123047
74457486,74458537,1051,147159
74458537,74459696,1159,276730
74459696,74460815,1119,127685
74460815,74461888,1073,102381
74461888,74463037,1149,135227
74463037,74464255,1218,273050
74464255,74465388,1133,12544
74465388,74466447,1059,81859
74466447,74467534,1087,135894
74467534,74468856,1322,9210
74468856,74469881,1025,121127
74469881,74471145,1264,59175
74471145,74472414,1269,142896
74472414,74473636,1222,147962
74473636,74473934,298,164927
74473934,74475177,1243,139336
74475177,74475481,304,26496
74475481,74475865,384,105167
74475865,74476989,1124,398
74476989,74478044,1055,53458
74478044,74479278,1234,130503
74479278,74480380,1102,142750
74480380,74481417,1037,109174
74481417,74482584,1167,130225
74482584,74483559,975,130588
74483559,74484704,1145,132280
74484704,74485998,1294,148521
74485998,74487238,1240,61323
74487238,74487534,296,274549
74487534,74488850,1316,126296
74488850,74489926,1076,142752
74489926,74491207,1281,58192
74491207,74492422,1215,155151
74492422,74493463,1041,122789
74493463,74494402,939,6397
74494402,74495073,671,25563
74495073,74496115,1042,124526
74496115,74497001,886,144987
74497001,74497957,956,133220
74497957,74499074,1117,12707
74499074,74499630,556,6525
74499630,74500774,1144,270778
74500774,74502044,1270,131226
74502044,74502646,602,126292
74502646,74503200,554,55202
74503200,74504275,1075,84122
74504275,74505493,1218,31609
74505493,74506604,1111,138063
74506604,74507760,1156,80690
74507760,74508301,541,700
74508301,74509486,1185,86777
74509486,74510674,1188,224746
74510674,74511011,337,157636
74511011,74512064,1053,120325
74512064,74513189,1125,11077
74513189,74514002,813,128329
74514002,74515195,1193,161102
74515195,74515984,789,122806
74515984,74516216,232,138032
74516216,74517281,1065,29110
74517281,74518143,862,168497
74518143,74519271,1128,89894
74519271,74520030,759,130227
74520030,74521152,1122,64708
74521152,74521722,570,57180
74521722,74522402,680,39476
74522402,74523735,1333,289242
74523735,74525065,1330,39478
74525065,74526185,1120,146123
74526185,74527374,1189,10701
74527374,74528505,1131,141268
74528505,74529665,1160,131040
74529665,74530829,1164,139358
74530829,74531628,799,125123
74531628,74532925,1297,285314
74532925,74534092,1167,115686
74534092,74535034,942,6398
74535034,74536309,1275,102381
74536309,74537591,1282,110061
74537591,74538787,1196,131218
74538787,74539022,235,61323
74539022,74540263,1241,244431
74540263,74541285,1022,124595
74541285,74542581,1296,125084
74542581,74543763,1182,48842
74543763,74544417,654,110127
74544417,74545494,1077,68344
74545494,74546680,1186,143361
74546680,74547945,1265,36386
74547945,74548230,285,287359
74548230,74549323,1093,102381
74549323,74550604,1281,130994
74550604,74551642,1038,121140
74551642,74552136,494,141642
74552136,74552452,316,73957
74552452,74553523,1071,145083
74553523,74554610,1087,84122
74554610,74555215,605,45204
74555215,74556388,1173,65803
74556388,74557589,1201,275147
74557589,74558220,631,138043
74558220,74558743,523,9174
74558743,74559806,1063,121671
74559806,74560948,1142,132272
74560948,74562213,1265,121671
74562213,74563117,904,175448
74563117,74564454,1337,149880
74564454,74564626,172,135657
74564626,74565962,1336,54006
74565962,74567207,1245,132710
74567207,74568540,1333,32139
74568540,74569740,1200,164927
74569740,74570924,1184,37999
74570924,74572165,1241,170976
74572165,74573348,1183,140222
74573348,74574606,1258,142858
74574606,74575578,972,134160
74575578,74576769,1191,28375
74576769,74577821,1052,11049
74577821,74578321,500,70843
74578321,74578860,539,3582
74578860,74580055,1195,132777
74580055,74581333,1278,121799
74581333,74582438,1105,295197
74582438,74582739,301,8684
74582739,74583676,937,68369
74583676,74584823,1147,87766
74584823,74585905,1082,13265
74585905,74586513,608,129994
74586513,74586955,442,41614
74586955,74587965,1010,132601
74587965,74589192,1227,133442
74589192,74590222,1030,64708
74590222,74591463,1241,64298
74591463,74591876,413,10328
74591876,74592243,367,143271
74592243,74593446,1203,125883
74593446,74593711,265,144965
74593711,74594865,1154,279849
74594865,74595686,821,130994
74595686,74596705,1019,12539
74596705,74597938,1233,125123
74597938,74599109,1171,72205
74599109,74600359,1250,64588
74600359,74601183,824,105386
74601183,74602355,1172,16003
74602355,74603443,1088,8141
74603443,74603762,319,124224
74603762,74605009,1247,107520
74605009,74605420,411,172156
74605420,74606620,1200,134312
74606620,74607961,1341,149735
74607961,74608896,935,187464
74608896,74609687,791,121661
74609687,74611019,1332,132705
74611019,74612275,1256,135832
74612275,74613391,1116,130127
74613391,74614528,1137,99157
74614528,74615376,848,130226
74615376,74616441,1065,1133
74616441,74617626,1185,150127
74617626,74618525,899,26853
74618525,74619832,1307,352
74619832,74621011,1179,124439
74621011,74621346,335,126319
74621346,74622507,1161,145088
74622507,74623341,834,98645
74623341,74624596,1255,23295
74624596,74625012,416,126965
74625012,74625874,862,19132
74625874,74626999,1125,66176
74626999,74627976,977,163935
74627976,74629230,1254,155151
74629230,74630503,1273,216567
74630503,74631664,1161,168500
74631664,74632987,1323,106367
74632987,74633987,1000,39661
74633987,74635241,1254,127537
74635241,74636483,1242,126312
74636483,74637628,1145,87791
74637628,74638780,1152,287139
74638780,74639937,1157,187024
74639937,74641133,1196,279856
74641133,74642222,1089,295197
74642222,74643402,1180,292253
74643402,74644665,1263,143895
74644665,74645661,996,67858
74645661,74646662,1001,135832
74646662,74647726,1064,300343
74647726,74649075,1349,59268
74649075,74649468,393,120282
74649468,74650036,568,291384
74650036,74651287,1251,6398
74651287,74652333,1046,105383
74652333,74653476,1143,164328
74653476,74654715,1239,131735
74654715,74655762,1047,13248
74655762,74656917,1155,100044
74656917,74658194,1277,36386
74658194,74659236,1042,300047
74659236,74660155,919,296468
74660155,74661048,893,134316
74661048,74661752,704,15446
74661752,74662098,346,122467
74662098,74663257,1159,18004
74663257,74664467,1210,131748
74664467,74665610,1143,302000
74665610,74666799,1189,96175
74666799,74667019,220,132499
74667019,74667672,653,124221
74667672,74668881,1209,126539
74668881,74670078,1197,162129
74670078,74671177,1099,26685
74671177,74672292,1115,1187
74672292,74673525,1233,291374
74673525,74674153,628,130105
74674153,74675295,1142,282977
74675295,74676529,1234,149791
74676529,74677633,1104,121734
74677633,74678414,781,44585
74678414,74679647,1233,157263
74679647,74680680,1033,137739
74680680,74681100,420,18006
74681100,74681374,274,129623
74681374,74682048,674,298549
74682048,74683391,1343,165428
74683391,74684678,1287,289453
74684678,74685907,1229,161166
74685907,74686955,1048,139797
74686955,74687312,357,102238
74687312,74688354,1042,121398
74688354,74689417,1063,86732
74689417,74689842,425,139397
74689842,74690844,1002,128636
74690844,74691769,925,126302
74691769,74692370,601,121543
74692370,74693499,1129,274375
74693499,74694526,1027,139717
74694526,74695798,1272,74797
74695798,74696206,408,170952
74696206,74697190,984,148962
74697190,74698379,1189,165387
74698379,74699247,868,254948
74699247,74700070,823,131732
74700070,74701291,1221,4275
74701291,74702502,1211,121669
74702502,74703688,1186,63713
74703688,74703983,295,282977
74703983,74705265,1282,142744
74705265,74706323,1058,132800
74706323,74707387,1064,123191
74707387,74708254,867,156155
74708254,74709514,1260,130492
74709514,74710724,1210,141320
74710724,74711790,1066,245687
74711790,74712996,1206,170440
74712996,74713993,997,161102
74713993,74715035,1042,103126
74715035,74716270,1235,4447
74716270,74717443,1173,132272
74717443,74718619,1176,91072
74718619,74719814,1195,92934
74719814,74720967,1153,131748
74720967,74721356,389,134789
74721356,74722591,1235,174992
74722591,74723633,1042,216564
74723633,74724959,1326,141268
74724959,74726221,1262,293957
74726221,74727364,1143,75807
74727364,74727822,458,138043
74727822,74728075,253,67857
74728075,74728296,221,139727
74728296,74729371,1075,106800
74729371,74729890,519,278289
74729890,74731161,1271,12544
74731161,74731809,648,30119
74731809,74732766,957,185488
74732766,74734012,1246,135022
74734012,74734474,462,302395
74734474,74735692,1218,101864
74735692,74735877,185,258970
74735877,74736207,330,47541
74736207,74737172,965,100043
74737172,74738368,1196,61422
74738368,74739443,1075,11546
74739443,74740600,1157,258960
74740600,74741760,1160,154284
74741760,74742940,1180,9203
74742940,74744011,1071,48525
74744011,74745256,1245,4275
74745256,74746523,1267,1187
74746523,74747586,1063,32139
74747586,74748573,987,141148
74748573,74749701,1128,152826
74749701,74750932,1231,101283
74750932,74752176,1244,122944
74752176,74752451,275,126796
74752451,74753713,1262,131003
74753713,74754850,1137,88089
74754850,74756171,1321,102238
74756171,74757448,1277,19132
74757448,74758734,1286,73846
74758734,74759838,1104,139324
74759838,74760911,1073,63839
74760911,74761425,514,132891
74761425,74762497,1072,5416
74762497,74763705,1208,14929
74763705,74764245,540,24732
74764245,74764950,705,129805
74764950,74766136,1186,280380
74766136,74767185,1049,144965
74767185,74767733,548,87791
74767733,74768721,988,142318
74768721,74769520,799,295759
74769520,74770786,1266,126842
74770786,74771940,1154,133395
74771940,74772873,933,75242
74772873,74773954,1081,130588
74773954,74774795,841,6525
74774795,74776073,1278,129388
74776073,74777202,1129,101579
74777202,74778361,1159,5417
74778361,74779642,1281,13056
74779642,74780781,1139,39508
74780781,74782060,1279,54006
74782060,74783177,1117,27593
74783177,74784330,1153,39477
74784330,74785457,1127,86679
74785457,74786756,1299,161714
74786756,74787987,1231,139009
74787987,74788956,969,293957
74788956,74790081,1125,73729
74790081,74791074,993,275885
74791074,74792339,1265,245687
74792339,74793633,1294,182402
74793633,74794041,408,136863
74794041,74794927,886,139741
74794927,74796213,1286,304534
74796213,74797275,1062,130494
74797275,74798187,912,137154
74798187,74798951,764,14497
74798951,74799883,932,68353
74799883,74800589,706,293663
74800589,74801900,1311,13185
74801900,74802451,551,131226
74802451,74803575,1124,162375
74803575,74804143,568,30593
74804143,74805467,1324,16002
74805467,74806432,965,56222
74806432,74807227,795,32137
74807227,74808367,1140,101289
74808367,74809609,1242,142320
74809609,74810292,683,82558
74810292,74811476,1184,58869
74811476,74812601,1125,110243
74812601,74813671,1070,108640
74813671,74814955,1284,170452
74814955,74816192,1237,132776
74816192,74817234,1042,187018
74817234,74818382,1148,116804
74818382,74819601,1219,121148
74819601,74820467,866,8675
74820467,74820932,465,14674
74820932,74821609,677,284269
74821609,74822584,975,72207
74822584,74823790,1206,160952
74823790,74824980,1190,293987
74824980,74825563,583,129623
74825563,74826146,583,120277
74826146,74827193,1047,32136
74827193,74828487,1294,142318
74828487,74828863,376,141208
74828863,74830143,1280,150715
74830143,74831356,1213,142824
74831356,74832490,1134,132499
74832490,74833499,1009,129596
74833499,74834676,1177,172165
74834676,74835803,1127,52088
74835803,74836817,1014,24758
74836817,74837796,979,56777
74837796,74838224,428,134312
74838224,74838645,421,88748
74838645,74839806,1161,121079
74839806,74840987,1181,120277
74840987,74841954,967,142752
74841954,74843151,1197,18006
74843151,74844393,1242,11243
74844393,74845595,1202,157263
74845595,74845972,377,71404
74845972,74847143,1171,115968
74847143,74848392,1249,132499
74848392,74849597,1205,48579
74849597,74849962,365,149245
74849962,74851187,1225,36386
74851187,74852392,1205,71404
74852392,74853597,1205,138888
74853597,74854820,1223,74798
74854820,74855973,1153,110061
74855973,74857151,1178,147193
74857151,74858487,1336,106367
74858487,74859689,1202,147159
74859689,74860868,1179,105405
74860868,74861937,1069,259009
74861937,74862574,637,185074
74862574,74863795,1221,131203
74863795,74865051,1256,280380
74865051,74866249,1198,132800
74866249,74867433,1184,2536
74867433,74868636,1203,109658
74868636,74869483,847,137588
74869483,74870668,1185,73847
74870668,74871825,1157,124526
74871825,74872825,1000,139290
74872825,74873890,1065,158781
74873890,74874982,1092,120330
74874982,74876239,1257,16003
74876239,74876701,462,163381
74876701,74877644,943,54666
74877644,74878872,1228,126739
74878872,74879511,639,14672
74879511,74880510,999,156474
74880510,74881730,1220,46243
74881730,74882853,1123,121413
74882853,74883902,1049,6525
74883902,74885205,1303,20028
74885205,74886504,1299,109174
74886504,74887618,1114,122810
74887618,74888654,1036,129324
74888654,74889914,1260,160602
74889914,74890114,200,216564
74890114,74890978,864,274558
74890978,74892075,1097,280380
74892075,74893216,1141,137141
74893216,74893462,246,232057
74893462,74894124,662,32639
74894124,74895064,940,64713
74895064,74896151,1087,129011
74896151,74897011,860,8675
74897011,74897398,387,13256
74897398,74897718,320,129393
74897718,74898930,1212,182394
74898930,74900181,1251,131113
74900181,74901345,1164,119295
74901345,74901906,561,138113
74901906,74903117,1211,47032
74903117,74904281,1164,133273
74904281,74905476,1195,125945
74905476,74906550,1074,295710
74906550,74907800,1250,141240
74907800,74908373,573,224746
74908373,74909586,1213,126221
74909586,74910129,543,129623
74910129,74911330,1201,137618
74911330,74912225,895,58193
74912225,74913246,1021,276939
74913246,74914453,1207,73729
74914453,74915623,1170,100045
74915623,74916676,1053,157056
74916676,74917688,1012,86683
74917688,74917944,256,6557
74917944,74919129,1185,54667
74919129,74920324,1195,132280
74920324,74921627,1303,126286
74921627,74922868,1241,134981
74922868,74924140,1272,21393
74924140,74925343,1203,143477
74925343,74926402,1059,143361
74926402,74926728,326,160188
74926728,74927956,1228,289453
74927956,74929194,1238,124368
74929194,74930456,1262,280380
74930456,74931559,1103,58843
74931559,74932848,1289,156757
74932848,74933797,949,292604
74933797,74935040,1243,81859
74935040,74936171,1131,246932
74936171,74937204,1033,14497
74937204,74938388,1184,14976
74938388,74938801,413,107486
74938801,74939956,1155,277898
74939956,74941079,1123,19376
74941079,74942115,1036,274558
74942115,74943266,1151,156973
74943266,74944466,1200,124368
74944466,74945570,1104,96153
74945570,74946685,1115,129064
74946685,74947766,1081,49755
74947766,74948378,612,143521
74948378,74949500,1122,39478
74949500,74950744,1244,105390
74950744,74951991,1247,715
74951991,74953088,1097,88489
74953088,74954333,1245,126832
74954333,74955206,873,148529
74955206,74956295,1089,291107
74956295,74956607,312,105574
74956607,74957912,1305,47030
74957912,74958235,323,240992
74958235,74959229,994,122825
74959229,74960269,1040,14960
74960269,74961142,873,150127
74961142,74962367,1225,105574
74962367,74963473,1106,282385
74963473,74964497,1024,135216
74964497,74965662,1165,156981
74965662,74966864,1202,123506
74966864,74968069,1205,135635
74968069,74969228,1159,130871
74969228,74970208,980,135264
74970208,74971325,1117,126929
74971325,74971952,627,123133
74971952,74972306,354,174992
74972306,74973485,1179,108638
74973485,74973739,254,155948
74973739,74974984,1245,67147
74974984,74976219,1235,140222
74976219,74976558,339,282926
74976558,74977127,569,25766
74977127,74978300,1173,13185
74978300,74979481,1181,71404
74979481,74980570,1089,26520
74980570,74980953,383,141240
74980953,74982016,1063,23311
74982016,74983129,1113,14358
74983129,74984355,1226,22574
74984355,74985524,1169,128344
74985524,74986664,1140,121085
74986664,74987973,1309,121528
74987973,74988706,733,32637
74988706,74989567,861,5758
74989567,74990698,1131,171137
74990698,74991874,1176,146346
74991874,74993014,1140,294551
74993014,74994249,1235,131003
74994249,74995396,1147,104979
74995396,74996559,1163,274375
74996559,74997701,1142,122825
74997701,74998930,1229,291609
74998930,75000224,1294,4275
75000224,75000569,345,14526
75000569,75001817,1248,232057
75001817,75002936,1119,24514
75002936,75004078,1142,135897
75004078,75005309,1231,47237
75005309,75005652,343,72200
75005652,75006895,1243,1733
75006895,75008107,1212,63713
75008107,75008842,735,285135
75008842,75009987,1145,121658
75009987,75011036,1049,178450
75011036,75011583,547,102526
75011583,75011997,414,22179
75011997,75013250,1253,295445
75013250,75014474,1224,291107
75014474,75015717,1243,129440
75015717,75016552,835,39913
75016552,75017724,1172,25563
75017724,75018774,1050,5764
75018774,75020072,1298,122545
75020072,75021377,1305,122827
75021377,75022526,1149,63101
75022526,75023753,1227,139307
75023753,75024993,1240,121902
75024993,75025670,677,134657
75025670,75026751,1081,10822
75026751,75027798,1047,124526
75027798,75028870,1072,123715
75028870,75029216,346,292138
75029216,75030217,1001,1532
75030217,75030540,323,101799
75030540,75030834,294,131899
75030834,75032106,1272,110061
75032106,75033368,1262,38660
75033368,75034570,1202,76044
75034570,75034817,247,231838
75034817,75035982,1165,144485
75035982,75037188,1206,143307
75037188,75037542,354,126408
75037542,75038528,986,125123
75038528,75039655,1127,159386
75039655,75040864,1209,77361
75040864,75042075,1211,87997
75042075,75043370,1295,172165
75043370,75044622,1252,144503
75044622,75045347,725,10328
75045347,75046211,864,105390
75046211,75046720,509,110243
75046720,75047847,1127,164461
75047847,75049074,1227,291107
75049074,75050211,1137,68188
75050211,75051389,1178,141148
75051389,75052421,1032,91801
75052421,75053670,1249,39515
75053670,75054703,1033,169656
75054703,75056047,1344,19361
75056047,75057224,1177,282385
75057224,75058511,1287,151817
75058511,75058924,413,162239
75058924,75060046,1122,83708
75060046,75060303,257,862
75060303,75061467,1164,167609
75061467,75061885,418,129790
75061885,75062842,957,121449
75062842,75063681,839,723
75063681,75064980,1299,13248
75064980,75066089,1109,158744
75066089,75067384,1295,34478
75067384,75067645,261,82558
75067645,75068908,1263,121068
75068908,75069611,703,134316
75069611,75070903,1292,12538
75070903,75072195,1292,121064
75072195,75073281,1086,69412
75073281,75074407,1126,681
75074407,75075616,1209,123048
75075616,75076689,1073,287837
75076689,75077673,984,101289
75077673,75078724,1051,8689
75078724,75079653,929,60489
75079653,75080820,1167,121068
75080820,75081398,578,64292
75081398,75082480,1082,145088
75082480,75082773,293,140654
75082773,75083943,1170,296473
75083943,75085127,1184,125140
75085127,75086374,1247,11258
75086374,75087609,1235,107627
75087609,75088839,1230,160949
75088839,75089984,1145,285137
75089984,75090460,476,8140
75090460,75091494,1034,282934
75091494,75092365,871,64290
75092365,75093533,1168,138043
75093533,75093874,341,46889
75093874,75095049,1175,91192
75095049,75096193,1144,108638
75096193,75097292,1099,164328
75097292,75098589,1297,132644
75098589,75099626,1037,133227
75099626,75100871,1245,246892
75100871,75101982,1111,35921
75101982,75103137,1155,12715
75103137,75104402,1265,39971
75104402,75105285,883,130989
75105285,75106503,1218,296467
75106503,75107610,1107,151817
75107610,75108362,752,26894
75108362,75109485,1123,293987
75109485,75110723,1238,168500
75110723,75112006,1283,119295
75112006,75112742,736,141148
75112742,75113839,1097,167609
75113839,75114852,1013,130503
75114852,75115976,1124,132299
75115976,75116985,1009,258954
75116985,75118109,1124,293531
75118109,75118589,480,102239
75118589,75119856,1267,147971
75119856,75120852,996,46889
75120852,75121993,1141,107520
75121993,75123322,1329,19366
75123322,75124280,958,130164
75124280,75124650,370,14677
75124650,75125881,1231,65554
75125881,75126687,806,300234
75126687,75127976,1289,132891
75127976,75128779,803,45218
75128779,75130014,1235,121382
75130014,75131275,1261,128344
75131275,75132463,1188,117866
75132463,75133598,1135,138033
75133598,75134813,1215,44937
75134813,75136073,1260,46890
75136073,75137197,1124,70756
75137197,75137971,774,258970
75137971,75139202,1231,127936
75139202,75140460,1258,152825
75140460,75141504,1044,100431
75141504,75142499,995,276908
75142499,75143736,1237,91072
75143736,75144920,1184,134463
75144920,75145930,1010,14936
75145930,75147054,1124,246932
75147054,75148244,1190,156968
75148244,75149381,1137,138290
75149381,75150666,1285,148993
75150666,75151735,1069,132707
75151735,75152861,1126,5330
75152861,75153553,692,75810
75153553,75154709,1156,129974
75154709,75155929,1220,2536
75155929,75157168,1239,130878
75157168,75158365,1197,134804
75158365,75159591,1226,88489
75159591,75160135,544,4275
75160135,75161424,1289,58090
75161424,75162671,1247,53342
75162671,75163932,1261,14958
75163932,75165161,1229,168199
75165161,75165605,444,26520
75165605,75166752,1147,126577
75166752,75167694,942,171134
75167694,75168861,1167,126539
75168861,75170144,1283,275218
75170144,75171352,1208,4662
75171352,75172394,1042,32856
75172394,75173559,1165,102250
75173559,75174741,1182,125084
75174741,75175841,1100,124990
75175841,75177134,1293,134149
75177134,75178374,1240,58868
75178374,75179575,1201,158796
75179575,75180719,1144,29091
75180719,75181053,334,130125
75181053,75182234,1181,120583
75182234,75183445,1211,122626
75183445,75184222,777,122655
75184222,75185589,1367,258954
75185589,75186739,1150,152265
75186739,75187940,1201,143264
75187940,75188792,852,282385
75188792,75190000,1208,167022
75190000,75191273,1273,148521
75191273,75192460,1187,70843
75192460,75192725,265,136483
75192725,75193846,1121,133239
75193846,75195010,1164,147159
75195010,75195197,187,92806
75195197,75196139,942,99122
75196139,75197202,1063,171108
75197202,75197479,277,129396
75197479,75198510,1031,105405
75198510,75199591,1081,137628
75199591,75200499,908,178449
75200499,75201749,1250,84448
75201749,75203009,1260,122441
75203009,75204003,994,129440
75204003,75204640,637,126959
75204640,75205310,670,122944
75205310,75206498,1188,105398
75206498,75207560,1062,121148
75207560,75208791,1231,134425
75208791,75210057,1266,99157
75210057,75211113,1056,171109
75211113,75212417,1304,134991
75212417,75213258,841,185074
75213258,75213887,629,138045
75213887,75214471,584,117382
75214471,75215706,1235,27593
75215706,75216571,865,39661
75216571,75217734,1163,160984
75217734,75218857,1123,63713
75218857,75219979,1122,159228
75219979,75221075,1096,274376
75221075,75222238,1163,8912
75222238,75223374,1136,134708
75223374,75224462,1088,134785
75224462,75225443,981,158081
75225443,75226135,692,122467
75226135,75227329,1194,142363
75227329,75228166,837,34572
75228166,75229343,1177,135894
75229343,75230256,913,231836
75230256,75231522,1266,292253
75231522,75232655,1133,123059
75232655,75233843,1188,105171
75233843,75235088,1245,275128
75235088,75236077,989,144503
75236077,75237324,1247,121064
75237324,75238349,1025,304535
75238349,75239474,1125,281131
75239474,75240661,1187,100044
75240661,75241913,1252,10701
75241913,75242950,1037,71404
75242950,75244005,1055,75242
75244005,75245260,1255,123285
75245260,75246439,1179,137106
75246439,75246721,282,127521
75246721,75247590,869,73973
75247590,75248785,1195,183988
75248785,75250008,1223,723
75250008,75251370,1362,291609
75251370,75252539,1169,121130
75252539,75253630,1091,135657
75253630,75254702,1072,150715
75254702,75255966,1264,274558
75255966,75257205,1239,160188
75257205,75258254,1049,233382
75258254,75258425,171,155521
75258425,75259151,726,102240
75259151,75260318,1167,142858
75260318,75260573,255,130627
75260573,75261858,1285,294120
75261858,75263071,1213,101289
75263071,75263661,590,86708
75263661,75263893,232,130125
75263893,75264993,1100,157242
75264993,75265945,952,54659
75265945,75266983,1038,68353
75266983,75267817,834,3587
75267817,75268942,1125,295710
75268942,75269580,638,11546
75269580,75270794,1214,73075
75270794,75271932,1138,298549
75271932,75273031,1099,58845
75273031,75274172,1141,5417
75274172,75275112,940,128660
75275112,75275699,587,57836
75275699,75276880,1181,132101
75276880,75278018,1138,69550
75278018,75279098,1080,138045
75279098,75280355,1257,109663
75280355,75281470,1115,158081
75281470,75282702,1232,130974
75282702,75283614,912,170438
75283614,75284061,447,122467
75284061,75285319,1258,121085
75285319,75285915,596,104888
75285915,75287175,1260,64713
75287175,75287486,311,26894
75287486,75288585,1099,132821
75288585,75289798,1213,11079
75289798,75291114,1316,139297
75291114,75292371,1257,126221
75292371,75293502,1131,185488
75293502,75294537,1035,44585
75294537,75295713,1176,84010
75295713,75296835,1122,129597
75296835,75297330,495,37090
75297330,75298610,1280,121729
75298610,75299583,973,136271
75299583,75300288,705,233382
75300288,75300777,489,130994
75300777,75301861,1084,130566
75301861,75303097,1236,148550
75303097,75304670,1573,1043
75304670,75305685,1015,291101
75305685,75306783,1098,121064
75306783,75308081,1298,9010
75308081,75309204,1123,9321
75309204,75310445,1241,276749
75310445,75311530,1085,129443
75311530,75312745,1215,135227
75312745,75313831,1086,127215
75313831,75314742,911,96168
75314742,75315891,1149,2777
75315891,75316955,1064,6174
75316955,75317904,949,134816
75317904,75319051,1147,61780
75319051,75320126,1075,105002
75320126,75321425,1299,107517
75321425,75322510,1085,133239
75322510,75322864,354,69411
75322864,75324135,1271,52088
75324135,75325231,1096,169656
75325231,75326336,1105,56222
75326336,75326690,354,135580
75326690,75327950,1260,8674
75327950,75328109,159,134160
75328109,75329261,1152,11254
75329261,75330259,998,6498
75330259,75331270,1011,156757
75331270,75332521,1251,168497
75332521,75333658,1137,145088
75333658,75334840,1182,135657
75334840,75335833,993,130486
75335833,75337049,1216,63885
75337049,75338100,1051,16802
75338100,75339309,1209,80197
75339309,75340468,1159,168626
75340468,75341582,1114,37090
75341582,75342615,1033,13185
75342615,75343686,1071,159056
75343686,75344708,1022,1133
75344708,75345764,1056,281131
75345764,75346938,1174,163322
75346938,75347888,950,60489
75347888,75349077,1189,137004
75349077,75350166,1089,122443
75350166,75351351,1185,132776
75351351,75352156,805,11546
75352156,75352994,838,56175
75352994,75353524,530,123507
75353524,75354648,1124,1187
75354648,75355130,482,281188
75355130,75356274,1144,17615
75356274,75357383,1109,139707
75357383,75358630,1247,155948
75358630,75359901,1271,291101
75359901,75361076,1175,102232
75361076,75362278,1202,142318
75362278,75363495,1217,276735
75363495,75364786,1291,122806
75364786,75364996,210,129064
75364996,75366154,1158,296468
75366154,75367310,1156,176698
75367310,75368414,1104,270777
75368414,75369185,771,121543
75369185,75370514,1329,31603
75370514,75371752,1238,31603
75371752,75372219,467,9920
75372219,75373340,1121,123059
75373340,75374307,967,138631
75374307,75375429,1122,108620
75375429,75376526,1097,240992
75376526,75377792,1266,295197
75377792,75378844,1052,275885
75378844,75379970,1126,138289
75379970,75381221,1251,138043
75381221,75381490,269,220952
75381490,75382267,777,78885
75382267,75383504,1237,142318
75383504,75384753,1249,142318
75384753,75385323,570,133424
75385323,75386618,1295,61316
75386618,75387387,769,122467
75387387,75388659,1272,35926
75388659,75389640,981,10347
75389640,75390888,1248,68353
75390888,75392035,1147,139355
75392035,75392423,388,294523
75392423,75393225,802,129396
75393225,75393812,587,160592
75393812,75394687,875,176660
75394687,75395971,1284,287358
75395971,75397106,1135,245691
75397106,75398167,1061,14897
75398167,75399236,1069,58012
75399236,75400396,1160,185126
75400396,75400832,436,7884
75400832,75402011,1179,258993
75402011,75402644,633,157056
75402644,75403841,1197,156968
75403841,75404541,700,170982
75404541,75405380,839,141270
75405380,75406585,1205,281472
75406585,75407698,1113,29108
75407698,75408833,1135,125084
75408833,75410011,1178,41151
75410011,75410962,951,49750
75410962,75412018,1056,91905
75412018,75413222,1204,133630
75413222,75414175,953,284434
75414175,75415360,1185,144986
75415360,75415789,429,124990
75415789,75417044,1255,54666
75417044,75418146,1102,160953
75418146,75419338,1192,286306
75419338,75420586,1248,245687
75420586,75421281,695,61317
75421281,75422505,1224,287659
75422505,75423745,1240,134420
75423745,75425015,1270,44582
75425015,75426227,1212,87791
75426227,75427461,1234,63105
75427461,75428713,1252,109658
75428713,75429974,1261,1070
75429974,75431277,1303,134312
75431277,75432558,1281,88363
75432558,75433891,1333,133239
75433891,75434887,996,68359
75434887,75435970,1083,125941
75435970,75436946,976,121674
75436946,75437169,223,176853
75437169,75437473,304,137588
75437473,75438654,1181,139612
75438654,75439849,1195,1536
75439849,75441112,1263,77778
75441112,75442256,1144,86679
75442256,75442589,333,136458
75442589,75443802,1213,143321
75443802,75444831,1029,245687
75444831,75445919,1088,291107
75445919,75447226,1307,274549
75447226,75448095,869,142824
75448095,75449235,1140,187023
75449235,75450026,791,100045
75450026,75450612,586,123172
75450612,75451737,1125,145145
75451737,75452243,506,125123
75452243,75453348,1105,161972
75453348,75454565,1217,162667
75454565,75455806,1241,283242
75455806,75456376,570,56174
75456376,75457207,831,85685
75457207,75458390,1183,142318
75458390,75459228,838,91905
75459228,75460290,1062,129513
75460290,75461339,1049,156738
75461339,75462555,1216,233366
75462555,75463764,1209,1129
75463764,75464906,1142,1133
75464906,75466175,1269,890
75466175,75467442,1267,121148
75467442,75468541,1099,103126
75468541,75469498,957,30119
75469498,75470695,1197,176270
75470695,75471851,1156,31097
75471851,75473053,1202,246948
75473053,75474109,1056,29108
75474109,75475113,1004,11535
75475113,75475282,169,43306
75475282,75476283,1001,290365
75476283,75477553,1270,181961
75477553,75478340,787,138617
75478340,75479553,1213,164187
75479553,75479915,362,125945
75479915,75480307,392,48579
75480307,75481527,1220,100044
75481527,75482809,1282,171133
75482809,75484144,1335,304535
75484144,75485359,1215,11535
75485359,75486217,858,23281
75486217,75487575,1358,18004
75487575,75488195,620,245687
75488195,75489466,1271,58869
75489466,75489833,367,75810
75489833,75490912,1079,73972
75490912,75491513,601,155972
75491513,75492494,981,125002
75492494,75493421,927,138043
75493421,75494500,1079,109179
75494500,75495684,1184,171134
75495684,75496669,985,11734
75496669,75497504,835,278289
75497504,75498630,1126,46712
75498630,75499462,832,130227
75499462,75500722,1260,101283
75500722,75501869,1147,128136
75501869,75502862,993,28868
75502862,75504041,1179,12971
75504041,75505207,1166,140931
75505207,75505628,421,86588
75505628,75506782,1154,156977
75506782,75507539,757,86777
75507539,75508635,1096,121069
75508635,75509647,1012,296468
75509647,75510900,1253,32139
75510900,75512152,1252,46712
75512152,75513366,1214,715
75513366,75514388,1022,157480
75514388,75515504,1116,168497
75515504,75516587,1083,138290
75516587,75517810,1223,123047
75517810,75519086,1276,54016
75519086,75520089,1003,141148
75520089,75521208,1119,48842
75521208,75522245,1037,133471
75522245,75523332,1087,10822
75523332,75524603,1271,10327
75524603,75525598,995,108621
75525598,75526691,1093,395
75526691,75527164,473,65820
75527164,75528411,1247,147110
75528411,75529568,1157,282934
75529568,75530278,710,4479
75530278,75530765,487,123270
75530765,75532084,1319,124439
75532084,75533255,1171,3961
75533255,75534308,1053,174992
75534308,75535598,1290,130727
75535598,75536683,1085,132891
75536683,75537898,1215,161101
75537898,75538471,573,146346
75538471,75539063,592,36146
75539063,75539272,209,286306
75539272,75540524,1252,7741
75540524,75541783,1259,128136
75541783,75542888,1105,11546
75542888,75543151,263,30101
75543151,75543733,582,120318
75543733,75545014,1281,302000
75545014,75546158,1144,133424
75546158,75547333,1175,64956
75547333,75548594,1261,45204
75548594,75549003,409,283462
75549003,75550145,1142,245708
75550145,75551437,1292,53638
75551437,75552526,1089,9210
75552526,75553575,1049,158081
75553575,75554044,469,123197
75554044,75555021,977,216563
75555021,75555863,842,142824
75555863,75556512,649,67233
75556512,75557651,1139,136483
75557651,75558831,1180,157243
75558831,75559930,1099,134176
75559930,75560181,251,138047
75560181,75561386,1205,10673
75561386,75561776,390,287837
75561776,75562017,241,26852
75562017,75563138,1121,176853
75563138,75564043,905,135220
75564043,75565160,1117,104398
75565160,75565446,286,132891
75565446,75566480,1034,28375
75566480,75567713,1233,279363
75567713,75567902,189,130532
75567902,75569191,1289,147989
75569191,75570462,1271,295445
75570462,75571656,1194,101289
75571656,75572927,1271,90850
75572927,75574006,1079,86732
75574006,75575255,1249,9914
75575255,75575599,344,11077
75575599,75576672,1073,64300
75576672,75577611,939,108640
75577611,75578572,961,141248
75578572,75579776,1204,274558
75579776,75580466,690,110706
75580466,75581553,1087,53342
75581553,75582616,1063,168204
75582616,75583862,1246,126796
75583862,75585022,1160,284444
75585022,75586282,1260,48032
75586282,75587524,1242,157243
75587524,75588675,1151,141135
75588675,75589929,1254,282985
75589929,75591154,1225,114468
75591154,75592378,1224,275127
75592378,75593524,1146,362
75593524,75594584,1060,5710
75594584,75594900,316,129623
75594900,75595959,1059,28465
75595959,75596945,986,140041
75596945,75598099,1154,135227
75598099,75599246,1147,63095
75599246,75600507,1261,131003
75600507,75601040,533,9203
75601040,75602064,1024,110522
75602064,75602559,495,131722
75602559,75602802,243,122451
75602802,75604137,1335,174511
75604137,75605383,1246,134463
75605383,75606440,1057,124587
75606440,75607441,1001,161101
75607441,75608384,943,126961
75608384,75609646,1262,88349
75609646,75610758,1112,139308
75610758,75611982,1224,126947
75611982,75613178,1196,8689
75613178,75614467,1289,7793
75614467,75615769,1302,21498
75615769,75616037,268,139730
75616037,75617111,1074,91072
75617111,75618269,1158,270777
75618269,75618467,198,141240
75618467,75619633,1166,46267
75619633,75620829,1196,158816
75620829,75622003,1174,104890
75622003,75622923,920,168638
75622923,75623985,1062,135022
75623985,75625276,1291,80665
75625276,75625717,441,39749
75625717,75627001,1284,136458
75627001,75628147,1146,81859
75628147,75628396,249,19208
75628396,75629364,968,121024
75629364,75630586,1222,148529
75630586,75631558,972,86683
75631558,75632531,973,137739
75632531,75633600,1069,123197
75633600,75634050,450,149739
75634050,75635310,1260,14976
75635310,75636354,1044,96672
75636354,75637495,1141,138047
75637495,75638524,1029,83607
75638524,75639520,996,137588
75639520,75640689,1169,104888
75640689,75641735,1046,177638
75641735,75642908,1173,13364
75642908,75644043,1135,121024
75644043,75645143,1100,128309
75645143,75645544,401,128309
75645544,75646722,1178,129440
75646722,75647546,824,66622
75647546,75647951,405,9010
75647951,75648290,339,102381
75648290,75648596,306,130989
75648596,75649739,1143,54006
75649739,75650820,1081,293959
75650820,75652111,1291,142318
75652111,75653301,1190,137739
75653301,75654268,967,10642
75654268,75654734,466,132649
75654734,75655643,909,46268
75655643,75656609,966,138032
75656609,75656962,353,133224
75656962,75658185,1223,131218
75658185,75659323,1138,9010
75659323,75660222,899,133290
75660222,75661421,1199,135264
75661421,75662510,1089,34483
75662510,75662930,420,129583
75662930,75664189,1259,46268
75664189,75665122,933,135762
75665122,75666047,925,92814
75666047,75666981,934,19366
75666981,75668178,1197,142320
75668178,75668651,473,3587
75668651,75669709,1058,131722
75669709,75670805,1096,170453
75670805,75671955,1150,7371
75671955,75673094,1139,66464
75673094,75674252,1158,295756
75674252,75675553,1301,105171
75675553,75676772,1219,276908
75676772,75677944,1172,58868
75677944,75679187,1243,68369
75679187,75680034,847,70753
75680034,75681271,1237,126965
75681271,75681963,692,11243
75681963,75683158,1195,156720
75683158,75684281,1123,142363
75684281,75685414,1133,170438
75685414,75686545,1131,122944
75686545,75686849,304,64713
75686849,75687483,634,29108
75687483,75688224,741,129790
75688224,75689435,1211,136846
75689435,75690584,1149,245708
75690584,75691809,1225,56179
75691809,75693078,1269,64713
75693078,75694201,1123,92935
75694201,75695116,915,61741
75695116,75696205,1089,157400
75696205,75697347,1142,27504
75697347,75698698,1351,127538
75698698,75699916,1218,29012
75699916,75700875,959,10327
75700875,75702068,1193,39971
75702068,75703008,940,105405
75703008,75703765,757,129393
75703765,75704991,1226,152842
75704991,75705292,301,134991
75705292,75706570,1278,177638
75706570,75707433,863,130489
75707433,75707872,439,122806
75707872,75709080,1208,295445
75709080,75709917,837,5097
75709917,75711170,1253,74797
75711170,75712318,1148,172165
75712318,75713545,1227,8927
75713545,75714610,1065,165428
75714610,75715445,835,63111
75715445,75716550,1105,70843
75716550,75717621,1071,152842
75717621,75718722,1101,154284
75718722,75719935,1213,134463
75719935,75721272,1337,7371
75721272,75722523,1251,81870
75722523,75723119,596,121907
75723119,75724213,1094,365
75724213,75725441,1228,135221
75725441,75726543,1102,5704
75726543,75727634,1091,73296
75727634,75728864,1230,163518
75728864,75729544,680,67851
75729544,75730803,1259,5776
75730803,75731049,246,124164
75731049,75731473,424,135762
75731473,75732264,791,9210
75732264,75733456,1192,21393
75733456,75734725,1269,304535
75734725,75735924,1199,21393
75735924,75736529,605,136610
75736529,75737464,935,64708
75737464,75738195,731,141571
75738195,75738479,284,170976
75738479,75739403,924,4861
75739403,75740358,955,110054
75740358,75741589,1231,167609
75741589,75742864,1275,296395
75742864,75744015,1151,69550
75744015,75745182,1167,145703
75745182,75745714,532,153728
75745714,75746973,1259,185485
75746973,75748002,1029,130728
75748002,75748731,729,158744
75748731,75750010,1279,54667
75750010,75750770,760,7371
75750770,75752021,1251,137483
75752021,75753303,1282,287837
75753303,75754302,999,12539
75754302,75755546,1244,73729
75755546,75756743,1197,300234
75756743,75757874,1131,13364
75757874,75758951,1077,121106
75758951,75760200,1249,10988
75760200,75761361,1161,75362
75761361,75762446,1085,208
75762446,75762893,447,171137
75762893,75763886,993,53343
75763886,75764926,1040,139307
75764926,75766002,1076,295197
75766002,75767320,1318,131256
75767320,75768549,1229,275128
75768549,75769039,490,7591
75769039,75770370,1331,112597
75770370,75771156,786,12731
75771156,75771581,425,176660
75771581,75772747,1166,121658
75772747,75773888,1141,157066
75773888,75775035,1147,233382
75775035,75775860,825,1188
75775860,75777085,1225,126319
75777085,75778158,1073,81870
75778158,75779475,1317,130530
75779475,75780731,1256,138486
75780731,75781719,988,139733
75781719,75782690,971,153958
75782690,75783003,313,143946
75783003,75784197,1194,131887
75784197,75785326,1129,111961
75785326,75786408,1082,139324
75786408,75787599,1191,147045
75787599,75788710,1111,39967
75788710,75789430,720,114452
75789430,75790550,1120,138032
75790550,75791350,800,146111
75791350,75792390,1040,11077
75792390,75793164,774,22574
75793164,75794434,1270,156968
75794434,75795711,1277,231838
75795711,75796590,879,112593
75796590,75797771,1181,258986
75797771,75798948,1177,130103
75798948,75800196,1248,296465
75800196,75801125,929,105574
75801125,75802388,1263,103120
75802388,75803162,774,158744
75803162,75804373,1211,104890
75804373,75804705,332,46243
75804705,75805839,1134,64713
75805839,75806732,893,233366
75806732,75807842,1110,700
75807842,75809079,1237,47032
75809079,75810348,1269,19585
75810348,75811425,1077,134660
75811425,75812589,1164,140221
75812589,75813522,933,57831
75813522,75814142,620,110243
75814142,75815316,1174,100044
75815316,75816673,1357,10172
75816673,75817895,1222,121069
75817895,75819187,1292,13185
75819187,75820540,1353,276749
75820540,75821503,963,61317
75821503,75822291,788,126209
75822291,75823081,790,282386
75823081,75824342,1261,40556
75824342,75825039,697,58433
75825039,75825978,939,56222
75825978,75826255,277,187466
75826255,75827477,1222,141240
75827477,75828554,1077,63885
75828554,75829783,1229,125951
75829783,75831021,1238,134785
75831021,75831418,397,41170
75831418,75832543,1125,174511
75832543,75832673,130,129393
75832673,75833841,1168,56840
75833841,75835001,1160,69422
75835001,75836081,1080,139358
75836081,75837030,949,6398
75837030,75838109,1079,152824
75838109,75839229,1120,262291
75839229,75840382,1153,140718
75840382,75840657,275,15305
75840657,75841390,733,131722
75841390,75842470,1080,258959
75842470,75843554,1084,124549
75843554,75844481,927,293531
75844481,75845377,896,7574
75845377,75846519,1142,46267
75846519,75846744,225,144999
75846744,75847916,1172,95441
75847916,75849051,1135,105179
75849051,75850104,1053,295445
75850104,75851443,1339,284424
75851443,75852544,1101,170951
75852544,75853564,1020,291608
75853564,75853993,429,137588
75853993,75854877,884,142320
75854877,75856062,1185,142896
75856062,75856352,290,129623
75856352,75857449,1097,57156
75857449,75858718,1269,101265
75858718,75859378,660,132782
75859378,75859597,219,10674
75859597,75860125,528,291101
75860125,75861204,1079,233342
75861204,75862305,1101,104391
75862305,75862709,404,59175
75862709,75863941,1232,135657
75863941,75865089,1148,110061
75865089,75866282,1193,39970
75866282,75866511,229,271812
75866511,75867106,595,98878
75867106,75868191,1085,132717
75868191,75868493,302,26894
75868493,75868936,443,134708
75868936,75869893,957,129317
75869893,75871117,1224,133447
75871117,75872313,1196,41166
75872313,75872974,661,87766
75872974,75874236,1262,126739
75874236,75875454,1218,9010
75875454,75875662,208,130093
75875662,75876789,1127,124002
75876789,75878047,1258,134816
75878047,75879404,1357,126220
75879404,75880585,1181,163384
75880585,75881790,1205,178029
75881790,75882962,1172,10988
75882962,75884243,1281,138043
75884243,75885530,1287,170982
75885530,75886325,795,101864
75886325,75887569,1244,73958
75887569,75888620,1051,127215
75888620,75889859,1239,122809
75889859,75890617,758,79973
75890617,75891826,1209,75360
75891826,75892493,667,14274
75892493,75893638,1145,170956
75893638,75894875,1237,132530
75894875,75895711,836,231838
75895711,75896816,1105,132272
75896816,75897885,1069,130529
75897885,75898146,261,128309
75898146,75899041,895,294120
75899041,75900106,1065,147110
75900106,75900478,372,86710
75900478,75900844,366,24514
75900844,75901883,1039,34497
75901883,75902368,485,129623
75902368,75903560,1192,142279
75903560,75904157,597,8890
75904157,75905334,1177,86039
75905334,75906562,1228,157400
75906562,75907792,1230,60801
75907792,75909015,1223,125883
75909015,75910134,1119,132644
75910134,75911364,1230,132300
75911364,75912568,1204,142320
75912568,75913706,1138,274376
75913706,75914948,1242,138888
75914948,75915882,934,73295
75915882,75917009,1127,279229
75917009,75918289,1280,295445
75918289,75919312,1023,40544
75919312,75920249,937,156968
75920249,75921167,918,17942
75921167,75922355,1188,135654
75922355,75922646,291,140718
75922646,75923705,1059,110742
75923705,75924642,937,125127
75924642,75925546,904,143625
75925546,75926734,1188,156977
75926734,75927806,1072,84122
75927806,75929103,1297,58193
75929103,75930242,1139,76055
75930242,75931489,1247,95870
75931489,75932763,1274,48830
75932763,75933954,1191,295446
75933954,75934821,867,6556
75934821,75935781,960,133447
75935781,75936947,1166,137628
75936947,75937968,1021,133290
75937968,75939143,1175,232690
75939143,75940469,1326,115047
75940469,75941681,1212,262305
75941681,75942686,1005,10172
75942686,75943733,1047,94522
75943733,75944128,395,138488
75944128,75945397,1269,142858
75945397,75946572,1175,285137
75946572,75947702,1130,5757
75947702,75948738,1036,64708
75948738,75949758,1020,110061
75949758,75950087,329,128633
75950087,75950998,911,137628
75950998,75951939,941,184447
75951939,75953126,1187,144485
75953126,75953980,854,6176
75953980,75954978,998,262269
75954978,75955368,390,176660
75955368,75956582,1214,135832
75956582,75957828,1246,110054
75957828,75958815,987,274549
75958815,75959564,749,56837
75959564,75960418,854,155151
75960418,75961088,670,94522
75961088,75962298,1210,141148
75962298,75963241,943,137589
75963241,75964393,1152,83706
75964393,75965714,1321,19132
75965714,75966884,1170,73958
75966884,75967770,886,115686
75967770,75968855,1085,163935
75968855,75969871,1016,141174
75969871,75971019,1148,244443
75971019,75972261,1242,9920
75972261,75973500,1239,146197
75973500,75974702,1202,274380
75974702,75975772,1070,77779
75975772,75976825,1053,6557
75976825,75977626,801,56574
75977626,75978645,1019,101836
75978645,75978903,258,93470
75978903,75980100,1197,157857
75980100,75980878,778,24515
75980878,75981376,498,92806
75981376,75982631,1255,63841
75982631,75983612,981,128310
75983612,75984842,1230,143022
75984842,75985598,756,279363
75985598,75986736,1138,149236
75986736,75987976,1240,144496
75987976,75989100,1124,135824
75989100,75989934,834,115686
75989934,75990613,679,68361
75990613,75991914,1301,143307
75991914,75993019,1105,89390
75993019,75994080,1061,138042
75994080,75995130,1050,12471
75995130,75996023,893,302111
75996023,75997198,1175,143895
75997198,75998195,997,74798
75998195,75999278,1083,19585
75999278,75999415,137,122944
75999415,76000443,1028,57837
76000443,76000913,470,162238
76000913,76001984,1071,144135
76001984,76003225,1241,127696
76003225,76004396,1171,165701
76004396,76005437,1041,91072
76005437,76006558,1121,128761
76006558,76007631,1073,130549
76007631,76008720,1089,296468
76008720,76009969,1249,61741
76009969,76010305,336,124164
76010305,76011402,1097,91192
76011402,76012223,821,122801
76012223,76013483,1260,6174
76013483,76014401,918,101854
76014401,76015612,1211,7944
76015612,76016854,1242,174511
76016854,76018056,1202,147110
76018056,76019323,1267,93277
76019323,76020376,1053,164101
76020376,76021319,943,163607
76021319,76022482,1163,246893
76022482,76023195,713,26956
76023195,76024338,1143,115687
76024338,76025491,1153,291608
76025491,76026660,1169,139707
76026660,76027744,1084,136610
76027744,76028912,1168,161714
76028912,76030080,1168,182394
76030080,76030635,555,130871
76030635,76031365,730,170453
76031365,76032406,1041,151776
76032406,76032981,575,300343
76032981,76034167,1186,58868
76034167,76034504,337,152282
76034504,76035491,987,14274
76035491,76036764,1273,54006
76036764,76038009,1245,67863
76038009,76039072,1063,32856
76039072,76040077,1005,124439
76040077,76041175,1098,105171
76041175,76042137,962,296159
76042137,76043254,1117,134728
76043254,76044242,988,233382
76044242,76044528,286,143485
76044528,76045292,764,122828
76045292,76046328,1036,68888
76046328,76047311,983,34572
76047311,76047668,357,4733
76047668,76048406,738,147971
76048406,76048659,253,216570
76048659,76049841,1182,132299
76049841,76051066,1225,10822
76051066,76052337,1271,120318
76052337,76053428,1091,157480
76053428,76053701,273,13247
76053701,76054467,766,11612
76054467,76054689,222,155968
76054689,76055709,1020,158081
76055709,76056886,1177,141279
76056886,76057876,990,106974
76057876,76059191,1315,158781
76059191,76060405,1214,134312
76060405,76060572,167,156159
76060572,76061400,828,156724
76061400,76062367,967,76974
76062367,76063444,1077,129808
76063444,76064408,964,92935
76064408,76065535,1127,143005
76065535,76066773,1238,11734
76066773,76067954,1181,170951
76067954,76068921,967,123507
76068921,76070114,1193,7622
76070114,76070558,444,64738
76070558,76071703,1145,101579
76071703,76072908,1205,143521
76072908,76074127,1219,11547
76074127,76075264,1137,132272
76075264,76076078,814,126965
76076078,76077387,1309,5912
76077387,76078100,713,13248
76078100,76079342,1242,283138
76079342,76080576,1234,275128
76080576,76081726,1150,52088
76081726,76082888,1162,288044
76082888,76084232,1344,126932
76084232,76085424,1192,139752
76085424,76086602,1178,138901
76086602,76087528,926,85684
76087528,76088480,952,231862
76088480,76089610,1130,82458
76089610,76090874,1264,171109
76090874,76091789,915,71420
76091789,76093048,1259,75362
76093048,76094365,1317,126832
76094365,76095635,1270,154697
76095635,76096784,1149,128990
76096784,76097188,404,139035
76097188,76098237,1049,86588
76098237,76099421,1184,139710
76099421,76100025,604,26894
76100025,76100976,951,170212
76100976,76101850,874,4662
76101850,76102994,1144,9342
76102994,76103255,261,279856
76103255,76104617,1362,125123
76104617,76105862,1245,122545
76105862,76107042,1180,77361
76107042,76108264,1222,141721
76108264,76109265,1001,95959
76109265,76110387,1122,5417
76110387,76111452,1065,66016
76111452,76112691,1239,11612
76112691,76112988,297,132644
76112988,76113327,339,39476
76113327,76114519,1192,124587
76114519,76115392,873,54667
76115392,76116554,1162,290349
76116554,76117835,1281,88761
76117835,76118933,1098,292253
76118933,76120149,1216,283462
76120149,76120569,420,14526
76120569,76121582,1013,81843
76121582,76122628,1046,135229
76122628,76122896,268,110520
76122896,76123795,899,281471
76123795,76124888,1093,143484
76124888,76126113,1225,170438
76126113,76126807,694,30106
76126807,76127902,1095,163726
76127902,76128859,957,10701
76128859,76130036,1177,279775
76130036,76131089,1053,8592
76131089,76132216,1127,135814
76132216,76133261,1045,131030
76133261,76134439,1178,32135
76134439,76135632,1193,63841
76135632,76136727,1095,152826
76136727,76137862,1135,157066
76137862,76139111,1249,72200
76139111,76139512,401,148522
76139512,76140699,1187,185126
76140699,76141840,1141,125882
76141840,76142881,1041,64738
76142881,76144039,1158,156724
76144039,76145237,1198,6176
76145237,76146477,1240,9010
76146477,76147608,1131,46268
76147608,76148757,1149,133263
76148757,76150000,1243,123882
76150000,76151104,1104,53458
76151104,76152215,1111,72927
76152215,76153450,1235,39967
76153450,76154142,692,258970
76154142,76154973,831,46267
76154973,76155326,353,6525
76155326,76155792,466,26553
76155792,76156511,719,138032
76156511,76157644,1133,73024
76157644,76158564,920,131040
76158564,76159696,1132,138888
76159696,76160886,1190,126408
76160886,76161985,1099,39501
76161985,76163176,1191,293529
76163176,76164398,1222,34483
76164398,76165575,1177,92930
76165575,76166493,918,157243
76166493,76167064,571,2536
76167064,76168237,1173,160958
76168237,76169462,1225,86683
76169462,76170484,1022,187464
76170484,76171642,1158,101278
76171642,76172687,1045,183239
76172687,76173844,1157,8675
76173844,76174893,1049,7741
76174893,76175770,877,129808
76175770,76176940,1170,163518
76176940,76178147,1207,149739
76178147,76178459,312,61758
76178459,76179034,575,279153
76179034,76180099,1065,104978
76180099,76181318,1219,92930
76181318,76182534,1216,69607
76182534,76182968,434,291374
76182968,76184131,1163,131722
76184131,76185104,973,6398
76185104,76186366,1262,23295
76186366,76186634,268,181961
76186634,76187938,1304,156159
76187938,76188608,670,59268
76188608,76189812,1204,83696
76189812,76190736,924,699
76190736,76191623,887,8141
76191623,76192404,781,8675
76192404,76193483,1079,143521
76193483,76194681,1198,11079
76194681,76195878,1197,100045
76195878,76197178,1300,133263
76197178,76198439,1261,60480
76198439,76199169,730,296159
76199169,76200373,1204,130755
76200373,76200546,173,106369
76200546,76201563,1017,114468
76201563,76202626,1063,30591
76202626,76203360,734,156977
76203360,76204074,714,106965
76204074,76204745,671,169293
76204745,76205921,1176,133290
76205921,76206062,141,138045
76206062,76207279,1217,756
76207279,76207520,241,121528
76207520,76208199,679,138901
76208199,76209108,909,92935
76209108,76210152,1044,5084
76210152,76211203,1051,150674
76211203,76211886,683,37999
76211886,76212943,1057,10642
76212943,76214184,1241,286306
76214184,76215448,1264,76973
76215448,76215944,496,19376
76215944,76216918,974,131732
76216918,76218126,1208,126861
76218126,76218478,352,87732
76218478,76219468,990,157243
76219468,76220020,552,86710
76220020,76221192,1172,292252
76221192,76221477,285,8675
76221477,76222447,970,134816
76222447,76223673,1226,1539
76223673,76224806,1133,9210
76224806,76225667,861,296473
76225667,76226977,1310,122810
76226977,76228215,1238,102239
76228215,76229388,1173,129396
76229388,76230048,660,162375
76230048,76231139,1091,155972
76231139,76232274,1135,140222
76232274,76233411,1137,126233
76233411,76234695,1284,122441
76234695,76234905,210,232690
76234905,76236160,1255,160187
76236160,76236415,255,18004
76236415,76237660,1245,135636
76237660,76238664,1004,65554
76238664,76239887,1223,123059
76239887,76241055,1168,70843
76241055,76241248,193,67851
76241248,76242197,949,121899
76242197,76243520,1323,121543
76243520,76244561,1041,107487
76244561,76245674,1113,270778
76245674,76246810,1136,65772
76246810,76247352,542,95870
76247352,76248178,826,92420
76248178,76249180,1002,75939
76249180,76250228,1048,111574
76250228,76251258,1030,135220
76251258,76251551,293,366
76251551,76252810,1259,58025
76252810,76253085,275,12723
76253085,76253418,333,279775
76253418,76254773,1355,123049
76254773,76255805,1032,129393
76255805,76256253,448,147968
76256253,76257502,1249,42637
76257502,76258781,1279,139350
76258781,76259980,1199,149939
76259980,76261145,1165,12539
76261145,76262308,1163,140931
76262308,76263494,1186,110127
76263494,76264422,928,168199
76264422,76265121,699,232691
76265121,76266376,1255,121661
76266376,76267476,1100,75791
76267476,76268055,579,139741
76268055,76269172,1117,142858
76269172,76270283,1111,122863
76270283,76271058,775,66166
76271058,76272193,1135,163607
76272193,76273437,1244,153728
76273437,76274604,1167,1189
76274604,76275845,1241,46890
76275845,76277116,1271,104717
76277116,76278105,989,18524
76278105,76279382,1277,294554
76279382,76280611,1229,129011
76280611,76281145,534,129388
76281145,76282407,1262,10702
76282407,76283554,1147,139681
76283554,76284825,1271,293529
76284825,76285880,1055,304534
76285880,76286525,645,135022
76286525,76287709,1184,164187
76287709,76288965,1256,19208
76288965,76289825,860,32135
76289825,76290214,389,48032
76290214,76290483,269,13248
76290483,76291557,1074,122655
76291557,76292597,1040,121543
76292597,76293019,422,149939
76293019,76294258,1239,121449
76294258,76295475,1217,141721
76295475,76296453,978,262269
76296453,76297552,1099,82020
76297552,76298768,1216,59234
76298768,76299753,985,115046
76299753,76300770,1017,39913
76300770,76301887,1117,162239
76301887,76303133,1246,26987
76303133,76304294,1161,1532
76304294,76305155,861,143485
76305155,76305629,474,141248
76305629,76306754,1125,73961
76306754,76307905,1151,175448
76307905,76308638,733,123025
76308638,76309760,1122,130493
76309760,76311012,1252,39970
76311012,76312180,1168,284435
76312180,76312403,223,134660
76312403,76313163,760,139291
76313163,76314208,1045,19665
76314208,76315264,1056,91801
76315264,76316453,1189,1119
76316453,76317536,1083,700
76317536,76318785,1249,43321
76318785,76320016,1231,103126
76320016,76321132,1116,212
76321132,76321659,527,129596
76321659,76322280,621,140931
76322280,76322870,590,89898
76322870,76323920,1050,73075
76323920,76325114,1194,92806
76325114,76326247,1133,244443
76326247,76327416,1169,123025
76327416,76328543,1127,117899
76328543,76329564,1021,55927
76329564,76329840,276,121064
76329840,76330602,762,134170
76330602,76330851,249,171138
76330851,76331964,1113,130625
76331964,76332979,1015,39501
76332979,76334137,1158,112597
76334137,76335146,1009,158781
76335146,76336354,1208,150915
76336354,76337526,1172,2301
76337526,76338877,1351,14674
76338877,76339960,1083,122614
76339960,76341065,1105,152824
76341065,76342286,1221,170453
76342286,76343525,1239,121069
76343525,76344689,1164,26559
76344689,76345894,1205,141148
76345894,76347115,1221,5912
76347115,76348160,1045,101799
76348160,76349177,1017,1133
76349177,76349458,281,104890
76349458,76350596,1138,123192
76350596,76351823,1227,10642
76351823,76352972,1149,147110
76352972,76354117,1145,84122
76354117,76355374,1257,160188
76355374,76355983,609,40556
76355983,76357182,1199,107483
76357182,76358300,1118,102381
76358300,76359535,1235,3582
76359535,76360180,645,61758
76360180,76361280,1100,74477
76361280,76362495,1215,258970
76362495,76363682,1187,132592
76363682,76364673,991,157480
76364673,76364853,180,7894
76364853,76365897,1044,130533
76365897,76367107,1210,73729
76367107,76368260,1153,14674
76368260,76369409,1149,174960
76369409,76369736,327,136483
76369736,76370889,1153,133224
76370889,76371285,396,231834
76371285,76372416,1131,159386
76372416,76373257,841,140040
76373257,76374501,1244,107621
76374501,76375852,1351,112058
76375852,76376869,1017,106366
76376869,76377287,418,152826
76377287,76378447,1160,114469
76378447,76379319,872,26559
76379319,76379593,274,6557
76379593,76380386,793,130532
76380386,76381623,1237,123172
76381623,76382376,753,262269
76382376,76383559,1183,107486
76383559,76384540,981,20023
76384540,76385800,1260,220979
76385800,76386924,1124,61741
76386924,76388109,1185,19371
76388109,76389260,1151,130530
76389260,76390091,831,216567
76390091,76391387,1296,152825
76391387,76392538,1151,144135
76392538,76393648,1110,132530
76393648,76394809,1161,58193
76394809,76395626,817,49755
76395626,76396666,1040,144965
76396666,76397477,811,14672
76397477,76398732,1255,117382
76398732,76399839,1107,284424
76399839,76400974,1135,110131
76400974,76401268,294,18005
76401268,76401660,392,129752
76401660,76402913,1253,39475
76402913,76404111,1198,258993
76404111,76405243,1132,47541
76405243,76406028,785,16020
76406028,76407232,1204,130093
76407232,76408246,1014,16003
76408246,76409514,1268,39661
76409514,76410441,927,137739
76410441,76411646,1205,14274
76411646,76412714,1068,14497
76412714,76413042,328,67218
76413042,76414126,1084,143005
76414126,76414485,359,36633
76414485,76415720,1235,96175
76415720,76416673,953,129396
76416673,76417609,936,94523
76417609,76417886,277,76974
76417886,76419116,1230,26951
76419116,76420308,1192,176256
76420308,76421466,1158,129066
76421466,76422487,1021,64708
76422487,76423459,972,123715
76423459,76424656,1197,131003
76424656,76425695,1039,282357
76425695,76426614,919,136054
76426614,76427723,1109,67233
76427723,76428461,738,102238
76428461,76429707,1246,54659
76429707,76430491,784,108638
76430491,76431718,1227,121140
76431718,76432856,1138,126408
76432856,76433269,413,125941
76433269,76433564,295,170977
76433564,76434787,1223,395
76434787,76436062,1275,44576
76436062,76437046,984,32856
76437046,76437791,745,36641
76437791,76438991,1200,79973
76438991,76440154,1163,10089
76440154,76441271,1117,130870
76441271,76442457,1186,127703
76442457,76443273,816,140041
76443273,76443470,197,95870
76443470,76443923,453,126955
76443923,76444161,238,102526
76444161,76445289,1128,290363
76445289,76446388,1099,126739
76446388,76447404,1016,121541
76447404,76448532,1128,89940
76448532,76449565,1033,155151
76449565,76450672,1107,123133
76450672,76451730,1058,287139
76451730,76452985,1255,14936
76452985,76454050,1065,149735
76454050,76454242,192,129388
76454242,76455465,1223,281131
76455465,76456641,1176,138047
76456641,76457744,1103,101262
76457744,76458275,531,110128
76458275,76459548,1273,129805
76459548,76460637,1089,147173
76460637,76461880,1243,139710
76461880,76462861,981,126739
76462861,76463572,711,122467
76463572,76464620,1048,166436
76464620,76465114,494,97610
76465114,76466037,923,289242
76466037,76466235,198,171171
76466235,76466834,599,131113
76466834,76468044,1210,148312
76468044,76469134,1090,177641
76469134,76469941,807,27120
76469941,76470350,409,41172
76470350,76471229,879,144999
76471229,76472222,993,133212
76472222,76473040,818,284435
76473040,76474155,1115,102240
76474155,76474932,777,244431
76474932,76476139,1207,75360
76476139,76477342,1203,135894
76477342,76478588,1246,19361
76478588,76479270,682,126829
76479270,76480514,1244,84447
76480514,76480779,265,126959
76480779,76481917,1138,174511
76481917,76483100,1183,135636
76483100,76484416,1316,108620
76484416,76485095,679,296473
76485095,76485625,530,110522
76485625,76486328,703,282926
76486328,76487251,923,138289
76487251,76488445,1194,112593
76488445,76489587,1142,131295
76489587,76490636,1049,14653
76490636,76491786,1150,35921
76491786,76492819,1033,47030
76492819,76493774,955,72210
76493774,76494762,988,26947
76494762,76495811,1049,115687
76495811,76497056,1245,69550
76497056,76497498,442,7894
76497498,76498545,1047,231836
76498545,76499608,1063,245708
76499608,76500775,1167,40556
76500775,76502068,1293,279229
76502068,76503305,1237,81843
76503305,76504498,1193,35926
76504498,76505435,937,104717
76505435,76506639,1204,59175
76506639,76507749,1110,292252
76507749,76508816,1067,121392
76508816,76510026,1210,92934
76510026,76511178,1152,125147
76511178,76511615,437,163505
76511615,76512818,1203,139717
76512818,76513996,1178,135657
76513996,76515271,1275,139009
76515271,76516423,1152,126739
76516423,76517638,1215,89390
76517638,76518871,1233,134707
76518871,76520010,1139,127537
76520010,76521033,1023,293531
76521033,76522039,1006,268287
76522039,76522977,938,148521
76522977,76524008,1031,56574
76524008,76525083,1075,137589
76525083,76526095,1012,186232
76526095,76527297,1202,66622
76527297,76528523,1226,278228
76528523,76529545,1022,144987
76529545,76530657,1112,108638
76530657,76531706,1049,129443
76531706,76531987,281,126829
76531987,76532906,919,157480
76532906,76534095,1189,135891
76534095,76534434,339,65772
76534434,76535618,1184,123507
76535618,76535977,359,107487
76535977,76537205,1228,124520
76537205,76537636,431,125123
76537636,76538746,1110,131228
76538746,76539541,795,89898
76539541,76540608,1067,274549
76540608,76541859,1251,141644
76541859,76543017,1158,13250
76543017,76544048,1031,46243
76544048,76545281,1233,127518
76545281,76546584,1303,291170
76546584,76547312,728,92814
76547312,76547936,624,91801
76547936,76549134,1198,231838
76549134,76550296,1162,121891
76550296,76551569,1273,148521
76551569,76552787,1218,84121
76552787,76553377,590,110128
76553377,76554388,1011,147967
76554388,76555553,1165,64075
76555553,76555746,193,295756
76555746,76557006,1260,130125
76557006,76557900,894,122467
76557900,76558748,848,84448
76558748,76559877,1129,118112
76559877,76561194,1317,131004
76561194,76562237,1043,17942
76562237,76563504,1267,19366
76563504,76564661,1157,142362
76564661,76565392,731,129011
76565392,76566389,997,291381
76566389,76567379,990,41172
76567379,76568388,1009,64738
76568388,76569391,1003,175962
76569391,76570629,1238,86732
76570629,76571872,1243,152824
76571872,76572952,1080,104717
76572952,76574123,1171,144999
76574123,76575202,1079,143948
76575202,76576487,1285,129994
76576487,76577602,1115,18533
76577602,76578873,1271,176660
76578873,76579474,601,164100
76579474,76580624,1150,279229
76580624,76581790,1166,45204
76581790,76582802,1012,129582
76582802,76584099,1297,75360
76584099,76585356,1257,293959
76585356,76586442,1086,4690
76586442,76587645,1203,6506
76587645,76588498,853,165428
76588498,76589701,1203,64290
76589701,76590106,405,46889
76590106,76591218,1112,25951
76591218,76592111,893,89735
76592111,76593318,1207,92002
76593318,76594484,1166,14958
76594484,76595725,1241,89894
76595725,76596930,1205,141268
76596930,76597414,484,119637
76597414,76598293,879,19132
76598293,76598688,395,95875
76598688,76599981,1293,92935
76599981,76600858,877,1189
76600858,76601941,1083,172156
76601941,76603174,1233,128990
76603174,76604330,1156,160602
76604330,76605075,745,126826
76605075,76606067,992,61742
76606067,76607002,935,39971
76607002,76608151,1149,132848
76608151,76609100,949,73073
76609100,76610171,1071,126945
76610171,76610669,498,121392
76610669,76611898,1229,134465
76611898,76613125,1227,169291
76613125,76614377,1252,139797
76614377,76615531,1154,861
76615531,76616644,1113,129064
76616644,76617884,1240,142363
76617884,76619062,1178,290923
76619062,76619420,358,45218
76619420,76620639,1219,49755
76620639,76621716,1077,157644
76621716,76622943,1227,167609
76622943,76624069,1126,290923
76624069,76625070,1001,107483
76625070,76625933,863,142858
76625933,76626896,963,104394
76626896,76627845,949,283462
76627845,76628314,469,156224
76628314,76629573,1259,110061
76629573,76630809,1236,123033
76630809,76631922,1113,696
76631922,76632971,1049,287657
76632971,76634286,1315,119253
76634286,76635569,1283,62558
76635569,76636432,863,141268
76636432,76637682,1250,14936
76637682,76638850,1168,16003
76638850,76640005,1155,141240
76640005,76641126,1121,287358
76641126,76642268,1142,128145
76642268,76643410,1142,62516
76643410,76644587,1177,64956
76644587,76645642,1055,126961
76645642,76646823,1181,10702
76646823,76647958,1135,163612
76647958,76649063,1105,129597
76649063,76649774,711,163606
76649774,76651011,1237,96498
76651011,76652150,1139,175448
76652150,76653264,1114,86741
76653264,76654548,1284,80656
76654548,76655127,579,126955
76655127,76655612,485,157236
76655612,76656931,1319,185125
76656931,76658177,1246,86708
76658177,76659426,1249,132710
76659426,76660648,1222,130728
76660648,76661881,1233,92202
76661881,76662901,1020,86039
76662901,76664148,1247,137597
76664148,76664774,626,47541
76664774,76665963,1189,123013
76665963,76667091,1128,165702
76667091,76668387,1296,13247
76668387,76669536,1149,66347
76669536,76670481,945,132291
76670481,76671680,1199,126829
76671680,76672921,1241,126826
76672921,76674154,1233,121068
76674154,76674577,423,93470
76674577,76675899,1322,149033
76675899,76676983,1084,157243
76676983,76678162,1179,285135
76678162,76679188,1026,130486
76679188,76680346,1158,71405
76680346,76680890,544,53458
76680890,76682113,1223,95441
76682113,76683382,1269,144987
76683382,76684417,1035,231837
76684417,76684788,371,65534
76684788,76685928,1140,224
76685928,76687173,1245,696
76687173,76688367,1194,47541
76688367,76689544,1177,110238
76689544,76690748,1204,135814
76690748,76691870,1122,88761
76691870,76693078,1208,128329
76693078,76694187,1109,32856
76694187,76695408,1221,5704
76695408,76696661,1253,101289
76696661,76697803,1142,231862
76697803,76699088,1285,5912
76699088,76700273,1185,112592
76700273,76701133,860,134825
76701133,76702323,1190,121658
76702323,76702777,454,291381
76702777,76703290,513,144496
76703290,76704531,1241,56174
76704531,76705603,1072,11254
76705603,76706265,662,70843
76706265,76707524,1259,258263
76707524,76708643,1119,155968
76708643,76709596,953,294551
76709596,76710907,1311,366
76710907,76712126,1219,51163
76712126,76713349,1223,9210
76713349,76714575,1226,91192
76714575,76715797,1222,84357
76715797,76717037,1240,36633
76717037,76717941,904,7741
76717941,76719052,1111,64713
76719052,76720312,1260,133471
76720312,76721565,1253,128344
76721565,76722762,1197,96157
76722762,76723919,1157,287659
76723919,76725032,1113,23281
76725032,76726047,1015,90850
76726047,76727180,1133,93276
76727180,76728174,994,11546
76728174,76729303,1129,39475
76729303,76730566,1263,131030
76730566,76731735,1169,9920
76731735,76732808,1073,29108
76732808,76733830,1022,124587
76733830,76734884,1054,108005
76734884,76735963,1079,220979
76735963,76737210,1247,120330
76737210,76738369,1159,86804
76738369,76738708,339,1562
76738708,76738993,285,129393
76738993,76739588,595,85685
76739588,76740703,1115,103120
76740703,76741599,896,86708
76741599,76742809,1210,185126
76742809,76743811,1002,91072
76743811,76745040,1229,101278
76745040,76746281,1241,54487
76746281,76746540,259,284428
76746540,76747576,1036,123270
76747576,76748251,675,54666
76748251,76749405,1154,5710
76749405,76750619,1214,130493
76750619,76751254,635,135580
76751254,76752228,974,39970
76752228,76753275,1047,13364
76753275,76754486,1211,109176
76754486,76755782,1296,138032
76755782,76756865,1083,137589
76756865,76757874,1009,11243
76757874,76758876,1002,105394
76758876,76760130,1254,5704
76760130,76760694,564,232057
76760694,76761627,933,185126
76761627,76762830,1203,9915
76762830,76763066,236,275212
76763066,76764159,1093,53342
76764159,76765374,1215,5764
76765374,76766099,725,254918
76766099,76767175,1076,121024
76767175,76768266,1091,96498
76768266,76768659,393,32637
76768659,76769759,1100,103126
76769759,76770993,1234,139681
76770993,76772074,1081,277899
76772074,76773127,1053,278220
76773127,76773871,744,134121
76773871,76775006,1135,164327
76775006,76775677,671,130625
76775677,76776808,1131,95441
76776808,76777970,1162,126737
76777970,76778777,807,171137
76778777,76780135,1358,110742
76780135,76781222,1087,157243
76781222,76781539,317,141248
76781539,76782495,956,121398
76782495,76783699,1204,149738
76783699,76784829,1130,154673
76784829,76785508,679,4275
76785508,76786682,1174,138901
76786682,76787665,983,6398
76787665,76788377,712,246932
76788377,76789068,691,111754
76789068,76789811,743,39661
76789811,76791080,1269,28380
76791080,76792098,1018,132499
76792098,76793360,1262,87766
76793360,76794499,1139,274374
76794499,76795347,848,113273
76795347,76796029,682,4654
76796029,76797148,1119,123135
76797148,76797321,173,156014
76797321,76797859,538,185466
76797859,76799064,1205,109507
76799064,76800213,1149,129393
76800213,76801388,1175,21305
76801388,76802437,1049,130296
76802437,76803641,1204,138043
76803641,76804722,1081,142311
76804722,76806003,1281,123047
76806003,76806655,652,130588
76806655,76807806,1151,246889
76807806,76808942,1136,16003
76808942,76810163,1221,139291
76810163,76811313,1150,130876
76811313,76812169,856,59239
76812169,76813066,897,94522
76813066,76814118,1052,130625
76814118,76814877,759,66176
76814877,76815415,538,12898
76815415,76815753,338,53342
76815753,76816267,514,134149
76816267,76817392,1125,123270
76817392,76818272,880,8675
76818272,76819603,1331,82904
76819603,76820800,1197,55856
76820800,76821938,1138,291101
76821938,76823189,1251,158744
76823189,76824353,1164,20034
76824353,76825499,1146,171139
76825499,76826554,1055,3586
76826554,76827736,1182,135659
76827736,76828799,1063,143946
76828799,76830038,1239,76574
76830038,76830839,801,152282
76830839,76831810,971,68369
76831810,76833020,1210,70998
76833020,76833684,664,285896
76833684,76834435,751,232057
76834435,76834926,491,31089
76834926,76835681,755,147627
76835681,76836726,1045,156963
76836726,76837941,1215,68369
76837941,76839162,1221,141174
76839162,76840419,1257,122614
76840419,76841607,1188,10088
76841607,76842717,1110,64738
76842717,76843837,1120,134717
76843837,76844242,405,12707
76844242,76845190,948,144496
76845190,76846404,1214,128331
76846404,76847653,1249,279153
76847653,76848785,1132,159227
76848785,76850003,1218,109658
76850003,76851146,1143,39971
76851146,76851973,827,185125
76851973,76853192,1219,135897
76853192,76853602,410,123266
76853602,76854741,1139,231862
76854741,76854928,187,122625
76854928,76855970,1042,94526
76855970,76857097,1127,176682
76857097,76858355,1258,88349
76858355,76859030,675,56574
76859030,76860308,1278,122451
76860308,76861279,971,109185
76861279,76862574,1295,62850
76862574,76863404,830,67147
76863404,76864237,833,124003
76864237,76865366,1129,1733
76865366,76866656,1290,123283
76866656,76867775,1119,125123
76867775,76868546,771,75939
76868546,76869785,1239,289242
76869785,76870738,953,167022
76870738,76871245,507,163384
76871245,76872359,1114,352
76872359,76873412,1053,6524
76873412,76874649,1237,122545
76874649,76875754,1105,165387
76875754,76876765,1011,72927
76876765,76878039,1274,119253
76878039,76878668,629,131113
76878668,76879977,1309,142320
76879977,76880553,576,134789
76880553,76881688,1135,133212
76881688,76882735,1047,147989
76882735,76883308,573,149739
76883308,76884449,1141,138866
76884449,76885335,886,86804
76885335,76886518,1183,112011
76886518,76887611,1093,57180
76887611,76888651,1040,169291
76888651,76889833,1182,96157
76889833,76891166,1333,132280
76891166,76892257,1091,6398
76892257,76893440,1183,130560
76893440,76894629,1189,119637
76894629,76895802,1173,290901
76895802,76896949,1147,58763
76896949,76898148,1199,147990
76898148,76899342,1194,124520
76899342,76900653,1311,130103
76900653,76901897,1244,292138
76901897,76902976,1079,14677
76902976,76904115,1139,144999
76904115,76905237,1122,136846
76905237,76906444,1207,73973
76906444,76907575,1131,296473
76907575,76908490,915,145699
76908490,76909783,1293,147967
76909783,76910443,660,130989
76910443,76911562,1119,291609
76911562,76912801,1239,15082
76912801,76913917,1116,67592
76913917,76914794,877,9321
76914794,76915825,1031,19361
76915825,76917003,1178,139291
76917003,76918030,1027,126947
76918030,76919306,1276,284433
76919306,76920569,1263,131722
76920569,76921879,1310,104606
76921879,76923152,1273,130517
76923152,76923875,723,131256
76923875,76924730,855,171138
76924730,76925446,716,176680
76925446,76926061,615,66347
76926061,76927020,959,35921
76927020,76928048,1028,132499
76928048,76929272,1224,129443
76929272,76929511,239,72210
76929511,76930622,1111,127691
76930622,76931750,1128,121024
76931750,76932730,980,14013
76932730,76933588,858,105405
76933588,76934851,1263,290363
76934851,76936109,1258,48525
76936109,76937099,990,126220
76937099,76937409,310,78193
76937409,76938427,1018,66185
76938427,76939511,1084,16802
76939511,76940566,1055,723
76940566,76941630,1064,156474
76941630,76942246,616,80690
76942246,76943358,1112,285137
76943358,76944610,1252,134707
76944610,76945926,1316,295761
76945926,76947109,1183,70837
76947109,76948282,1173,4479
76948282,76949504,1222,144965
76949504,76950715,1211,126739
76950715,76951900,1185,102381
76951900,76953139,1239,134708
76953139,76954198,1059,121148
76954198,76955142,944,84122
76955142,76955399,257,12332
76955399,76956443,1044,162239
76956443,76957062,619,69411
76957062,76958226,1164,54487
76958226,76958542,316,245691
76958542,76959790,1248,123036
76959790,76960919,1129,294690
76960919,76961928,1009,130184
76961928,76962499,571,282926
76962499,76963221,722,110238
76963221,76964433,1212,101276
76964433,76965622,1189,134728
76965622,76966165,543,46889
76966165,76967316,1151,26951
76967316,76968465,1149,280380
76968465,76969697,1232,101580
76969697,76970541,844,148920
76970541,76971522,981,10642
76971522,76972756,1234,142750
76972756,76973671,915,34479
76973671,76974784,1113,134786
76974784,76975555,771,73073
76975555,76976225,670,75810
76976225,76977135,910,130131
76977135,76978326,1191,134176
76978326,76979439,1113,53343
76979439,76979860,421,51162
76979860,76981064,1204,110742
76981064,76982241,1177,138033
76982241,76983282,1041,281132
76983282,76983809,527,138042
76983809,76984946,1137,141642
76984946,76985327,381,279852
76985327,76986088,761,137608
76986088,76987259,1171,281187
76987259,76988579,1320,224
76988579,76989551,972,199
76989551,76990779,1228,135635
76990779,76991960,1181,110243
76991960,76992339,379,7943
76992339,76993473,1134,293529
76993473,76994673,1200,170440
76994673,76995850,1177,14929
76995850,76997110,1260,147173
76997110,76998407,1297,68888
76998407,76999467,1060,61421
76999467,77000614,1147,668
77000614,77001072,458,94523
77001072,77002301,1229,58090
77002301,77002818,517,57836
77002818,77003988,1170,172156
77003988,77005269,1281,159386
77005269,77006218,949,26987
77006218,77007511,1293,71401
77007511,77008702,1191,27593
77008702,77009516,814,4275
77009516,77010830,1314,93276
77010830,77011873,1043,109656
77011873,77012218,345,94523
77012218,77012479,261,171134
77012479,77013652,1173,124990
77013652,77014346,694,63713
77014346,77015573,1227,278220
77015573,77016483,910,138290
77016483,77017677,1194,161102
77017677,77018865,1188,66622
77018865,77019928,1063,130529
77019928,77020827,899,5912
77020827,77021660,833,285173
77021660,77022370,710,65554
77022370,77023517,1147,142279
77023517,77024699,1182,144485
77024699,77025230,531,171138
77025230,77026459,1229,141248
77026459,77027730,1271,156153
77027730,77028911,1181,121449
77028911,77030112,1201,145703
77030112,77031287,1175,48830
77031287,77032502,1215,56777
77032502,77033203,701,6397
77033203,77033551,348,121382
77033551,77034492,941,41166
77034492,77035789,1297,294700
77035789,77036395,606,140639
77036395,77037699,1304,723
77037699,77038197,498,25951
77038197,77039009,812,136458
77039009,77040008,999,134717
77040008,77041081,1073,68192
77041081,77042318,1237,133211
77042318,77043506,1188,121760
77043506,77043885,379,92427
77043885,77044984,1099,145700
77044984,77046079,1095,92200
77046079,77047295,1216,122625
77047295,77048558,1263,128331
77048558,77049537,979,135762
77049537,77050799,1262,65554
77050799,77051874,1075,18524
77051874,77053066,1192,147981
77053066,77053652,586,13185
77053652,77054930,1278,142744
77054930,77056083,1153,122863
77056083,77057265,1182,124990
77057265,77058385,1120,142824
77058385,77059669,1284,133471
77059669,77060458,789,135635
77060458,77061577,1119,101579
77061577,77062473,896,39967
77062473,77063709,1236,135264
77063709,77064937,1228,72876
77064937,77065410,473,106367
77065410,77066447,1037,119637
77066447,77067171,724,130994
77067171,77068268,1097,71550
77068268,77069486,1218,121760
77069486,77070668,1182,170212
77070668,77071746,1078,57831
77071746,77072991,1245,84010
77072991,77074245,1254,141270
77074245,77075256,1011,130505
77075256,77076577,1321,270778
77076577,77077212,635,39616
77077212,77077688,476,78885
77077688,77078893,1205,110243
77078893,77079183,290,126932
77079183,77080441,1258,64291
77080441,77080994,553,98645
77080994,77082159,1165,50777
77082159,77083406,1247,212
77083406,77084503,1097,145703
77084503,77085602,1099,108005
77085602,77086789,1187,148550
77086789,77087863,1074,184264
77087863,77088944,1081,32904
77088944,77090101,1157,171137
77090101,77091283,1182,142896
77091283,77091629,346,160188
77091629,77092797,1168,185126
77092797,77093840,1043,138043
77093840,77094503,663,73847
77094503,77095664,1161,32451
77095664,77096600,936,142727
77096600,77097844,1244,138033
77097844,77099084,1240,58192
77099084,77100104,1020,39971
77100104,77100916,812,125084
77100916,77102112,1196,126861
77102112,77103357,1245,279153
77103357,77104442,1085,101289
77104442,77105558,1116,6397
77105558,77106865,1307,157243
77106865,77107744,879,130625
77107744,77108885,1141,135221
77108885,77110134,1249,88489
77110134,77111099,965,53458
77111099,77112336,1237,185125
77112336,77113068,732,164188
77113068,77113867,799,142320
77113867,77115133,1266,41259
77115133,77116056,923,91905
77116056,77117202,1146,1129
77117202,77118372,1170,134463
77118372,77119462,1090,21305
77119462,77120301,839,113272
77120301,77121188,887,148529
77121188,77122184,996,161972
77122184,77123295,1111,258954
77123295,77124544,1249,47030
77124544,77125657,1113,86588
77125657,77126911,1254,150915
77126911,77127892,981,295197
77127892,77128073,181,185126
77128073,77129213,1140,276735
77129213,77130303,1090,276907
77130303,77131550,1247,143948
77131550,77132690,1140,234106
77132690,77133948,1258,134160
77133948,77135177,1229,148993
77135177,77136368,1191,161100
77136368,77136792,424,3967
77136792,77137973,1181,105179
77137973,77139110,1137,57156
77139110,77139459,349,11734
77139459,77140664,1205,110706
77140664,77141684,1020,132705
77141684,77142221,537,7943
77142221,77143404,1183,132537
77143404,77144638,1234,285135
77144638,77145882,1244,46268
77145882,77146843,961,7944
77146843,77148115,1272,10089
77148115,77149314,1199,2503
77149314,77150295,981,161101
77150295,77151245,950,275128
77151245,77151751,506,156977
77151751,77152960,1209,98645
77152960,77154117,1157,169656
77154117,77154755,638,5417
77154755,77155967,1212,124439
77155967,77157268,1301,291101
77157268,77158493,1225,268287
77158493,77159765,1272,78885
77159765,77161036,1271,4731
77161036,77162017,981,144987
77162017,77163260,1243,4158
77163260,77164152,892,130900
77164152,77165081,929,145703
77165081,77166305,1224,105179
77166305,77167373,1068,1129
77167373,77168404,1031,39501
77168404,77169477,1073,287671
77169477,77170502,1025,39616
77170502,77171599,1097,144485
77171599,77172760,1161,75355
77172760,77173913,1153,294523
77173913,77174871,958,132485
77174871,77175842,971,73732
77175842,77177000,1158,61741
77177000,77178033,1033,12971
77178033,77178260,227,117382
77178260,77178700,440,166436
77178700,77179824,1124,135216
77179824,77181053,1229,149738
77181053,77182296,1243,44586
77182296,77182542,246,138115
77182542,77183572,1030,39648
77183572,77184719,1147,172165
77184719,77185826,1107,127703
77185826,77186926,1100,6397
77186926,77188095,1169,129011
77188095,77189120,1025,6175
77189120,77190333,1213,182394
77190333,77191488,1155,132272
77191488,77192509,1021,127685
77192509,77193462,953,216564
77193462,77194703,1241,75791
77194703,77195720,1017,103481
77195720,77196636,916,39840
77196636,77197779,1143,76574
77197779,77198884,1105,133630
77198884,77200003,1119,2503
77200003,77201150,1147,162239
77201150,77202382,1232,130125
77202382,77203558,1176,138545
77203558,77204729,1171,7591
77204729,77205956,1227,101276
77205956,77207113,1157,135894
77207113,77208279,1166,122827
77208279,77208697,418,128660
77208697,77209689,992,132864
77209689,77210236,547,135897
77210236,77211499,1263,6171
77211499,77212213,714,131751
77212213,77213380,1167,134465
77213380,77214435,1055,92930
77214435,77215652,1217,6557
77215652,77216997,1345,136458
77216997,77218244,1247,156154
77218244,77219393,1149,102238
77219393,77220156,763,26982
77220156,77221191,1035,102250
77221191,77222078,887,104491
77222078,77223362,1284,187023
77223362,77224265,903,279239
77224265,77225370,1105,175448
77225370,77226570,1200,129808
77226570,77227799,1229,274558
77227799,77229055,1256,289453
77229055,77229873,818,164100
77229873,77230610,737,126410
77230610,77231276,666,1536
77231276,77232600,1324,80534
77232600,77233675,1075,19665
77233675,77234317,642,144496
77234317,77234528,211,132484
77234528,77235663,1135,128632
77235663,77236379,716,122944
77236379,77237542,1163,53342
77237542,77238394,852,295446
77238394,77239326,932,275885
77239326,77240310,984,80534
77240310,77240718,408,123267
77240718,77241931,1213,108621
77241931,77242856,925,139308
77242856,77244091,1235,126408
77244091,77245232,1141,58843
77245232,77246373,1141,199
77246373,77246766,393,143022
77246766,77247851,1085,161972
77247851,77248769,918,29091
77248769,77249986,1217,152842
77249986,77251272,1286,126945
77251272,77251897,625,294120
77251897,77252298,401,140718
77252298,77253362,1064,185436
77253362,77254621,1259,122614
77254621,77255863,1242,64956
77255863,77256937,1074,68888
77256937,77257665,728,284268
77257665,77258381,716,138042
77258381,77259640,1259,126232
77259640,77260768,1128,134149
77260768,77261375,607,91098
77261375,77262192,817,10642
77262192,77263021,829,123602
77263021,77263427,406,8927
77263427,77264508,1081,131003
77264508,77265157,649,107627
77265157,77266338,1181,86043
77266338,77267497,1159,137618
77267497,77268589,1092,161101
77268589,77269643,1054,132718
77269643,77270810,1167,151817
77270810,77272045,1235,161101
77272045,77273186,1141,2777
77273186,77273516,330,88748
77273516,77274447,931,31609
77274447,77275653,1206,143262
77275653,77276796,1143,112058
77276796,77277068,272,138866
77277068,77278341,1273,100043
77278341,77279554,1213,231862
77279554,77279913,359,158074
77279913,77280388,475,46240
77280388,77281591,1203,137483
77281591,77282693,1102,49755
77282693,77283852,1159,161102
77283852,77284516,664,64292
77284516,77285529,1013,103126
77285529,77286618,1089,44582
77286618,77287051,433,173230
77287051,77288056,1005,271811
77288056,77288957,901,91801
77288957,77290235,1278,14497
77290235,77291455,1220,13265
77291455,77292631,1176,4861
77292631,77293189,558,101262
77293189,77294012,823,184264
77294012,77295193,1181,144987
77295193,77295994,801,135635
77295994,77297204,1210,139358
77297204,77298225,1021,87280
77298225,77299361,1136,281471
77299361,77300414,1053,184265
77300414,77301533,1119,142858
77301533,77302757,1224,143271
77302757,77303837,1080,5776
77303837,77305085,1248,109173
77305085,77306236,1151,126480
77306236,77307464,1228,129583
77307464,77307933,469,141208
77307933,77309067,1134,83708
77309067,77309337,270,38026
77309337,77310445,1108,110238
77310445,77310995,550,240992
77310995,77312184,1189,46243
77312184,77313407,1223,166683
77313407,77314690,1283,88367
77314690,77315880,1190,131751
77315880,77316957,1077,142733
77316957,77317884,927,39967
77317884,77319077,1193,61781
77319077,77319844,767,14653
77319844,77321001,1157,181961
77321001,77322104,1103,296473
77322104,77323257,1153,366
77323257,77324497,1240,77782
77324497,77325675,1178,296468
77325675,77326896,1221,90850
77326896,77328194,1298,114469
77328194,77329328,1134,133395
77329328,77330466,1138,41170
77330466,77331635,1169,131732
77331635,77332879,1244,104491
77332879,77334045,1166,155973
77334045,77334394,349,134119
77334394,77335448,1054,294114
77335448,77336582,1134,161101
77336582,77337672,1090,102240
77337672,77338594,922,245687
77338594,77338861,267,156977
77338861,77339980,1119,160952
77339980,77340317,337,102250
77340317,77341519,1202,83696
77341519,77341935,416,123167
77341935,77343115,1180,212
77343115,77344244,1129,114468
77344244,77345560,1316,82458
77345560,77346421,861,154736
77346421,77347665,1244,181420
77347665,77348824,1159,151817
77348824,77349817,993,49750
77349817,77350411,594,122944
77350411,77351287,876,252341
77351287,77352396,1109,89735
77352396,77353639,1243,37134
77353639,77354878,1239,104886
77354878,77356077,1199,85685
77356077,77357287,1210,292604
77357287,77358642,1355,67857
77358642,77359214,572,149738
77359214,77360341,1127,10172
77360341,77361369,1028,113336
77361369,77362667,1298,5911
77362667,77363728,1061,125140
77363728,77364641,913,1188
77364641,77365820,1179,29110
77365820,77367099,1279,168198
77367099,77368308,1209,142750
77368308,77369557,1249,11049
77369557,77370828,1271,149739
77370828,77372062,1234,700
77372062,77373170,1108,127696
77373170,77374051,881,176698
77374051,77375138,1087,130184
77375138,77376267,1129,67592
77376267,77376573,306,59268
77376573,77377674,1101,88086
77377674,77378917,1243,10328
77378917,77380148,1231,104483
77380148,77381291,1143,6524
77381291,77382546,1255,121658
77382546,77383675,1129,61780
77383675,77384429,754,9203
77384429,77385586,1157,2503
77385586,77386511,925,13256
77386511,77387735,1224,275128
77387735,77388167,432,123191
77388167,77389251,1084,29012
77389251,77390429,1178,110238
77390429,77391320,891,67200
77391320,77392495,1175,258283
77392495,77393319,824,148521
77393319,77394477,1158,80189
77394477,77395475,998,29090
77395475,77396810,1335,398
77396810,77397577,767,130489
77397577,77398408,831,8675
77398408,77399064,656,258263
77399064,77400185,1121,4861
77400185,77401297,1112,157243
77401297,77402550,1253,124990
77402550,77402822,272,122467
77402822,77403345,523,139707
77403345,77404631,1286,32637
77404631,77405917,1286,58778
77405917,77406565,648,252341
77406565,77407370,805,122944
77407370,77408591,1221,283138
77408591,77409833,1242,131735
77409833,77410370,537,141208
77410370,77410847,477,208
77410847,77412117,1270,123271
77412117,77413356,1239,164101
77413356,77414529,1173,138032
77414529,77415724,1195,133220
77415724,77416931,1207,41151
77416931,77417531,600,26894
77417531,77418714,1183,158081
77418714,77419982,1268,168626
77419982,77420904,922,161101
77420904,77422120,1216,86741
77422120,77423057,937,258974
77423057,77424226,1169,138047
77424226,77424390,164,129396
77424390,77425591,1201,110522
77425591,77426860,1269,166421
77426860,77427573,713,49755
77427573,77428804,1231,104606
77428804,77429923,1119,126577
77429923,77431163,1240,64956
77431163,77431506,343,25766
77431506,77432652,1146,142311
77432652,77433939,1287,133217
77433939,77434763,824,4861
77434763,77436009,1246,66166
77436009,77436975,966,96672
77436975,77438244,1269,142320
77438244,77439429,1185,11528
77439429,77439956,527,164187
77439956,77441069,1113,89388
77441069,77442330,1261,169291
77442330,77442773,443,143477
77442773,77443874,1101,138617
77443874,77444510,636,177627
77444510,77445688,1178,142824
77445688,77446895,1207,94526
77446895,77447983,1088,161714
77447983,77449284,1301,258263
77449284,77450528,1244,146346
77450528,77451459,931,122825
77451459,77451780,321,279849
77451780,77452569,789,142320
77452569,77453393,824,44585
77453393,77454656,1263,139741
77454656,77455901,1245,91072
77455901,77457076,1175,262291
77457076,77458026,950,280380
77458026,77459215,1189,4445
77459215,77459856,641,1733
77459856,77461153,1297,121661
77461153,77461648,495,144496
77461648,77462731,1083,32637
77462731,77463464,733,9915
77463464,77464643,1179,133224
77464643,77465721,1078,118112
77465721,77466398,677,91801
77466398,77466636,238,258263
77466636,77467330,694,63105
77467330,77467566,236,153728
77467566,77468555,989,26950
77468555,77469349,794,129388
77469349,77469609,260,258993
77469609,77470524,915,165428
77470524,77471811,1287,131228
77471811,77472921,1110,132532
77472921,77474133,1212,3586
77474133,77475337,1204,291953
77475337,77476628,1291,92805
77476628,77476908,280,26894
77476908,77478150,1242,147962
77478150,77478455,305,137618
77478455,77479796,1341,157830
77479796,77481033,1237,128329
77481033,77481709,676,144021
77481709,77482928,1219,101799
77482928,77483407,479,170950
77483407,77484612,1205,62558
77484612,77485755,1143,176263
77485755,77486807,1052,134816
77486807,77487523,716,8689
77487523,77488830,1307,9210
77488830,77489968,1138,43322
77489968,77491027,1059,27504
77491027,77492287,1260,152831
77492287,77493368,1081,129974
77493368,77494416,1048,291101
77494416,77495679,1263,41170
77495679,77496825,1146,184447
77496825,77497990,1165,274374
77497990,77498974,984,122441
77498974,77499908,934,83633
77499908,77501227,1319,70919
77501227,77502343,1116,157636
77502343,77503580,1237,73024
77503580,77503975,395,149880
77503975,77504730,755,124164
77504730,77505914,1184,75791
77505914,77507090,1176,115047
77507090,77508298,1208,159386
77508298,77509135,837,45218
77509135,77510228,1093,121799
77510228,77511093,865,129790
77511093,77511954,861,262269
77511954,77512917,963,130093
77512917,77514152,1235,131722
77514152,77515370,1218,144503
77515370,77515885,515,104979
77515885,77517158,1273,126959
77517158,77518398,1240,68188
77518398,77519746,1348,46889
77519746,77520769,1023,72876
77520769,77521464,695,61776
77521464,77522561,1097,283242
77522561,77523060,499,86732
77523060,77524230,1170,123191
77524230,77525490,1260,86741
77525490,77526499,1009,6541
77526499,77527751,1252,184264
77527751,77528578,827,49755
77528578,77529475,897,36956
77529475,77530754,1279,10702
77530754,77532011,1257,276749
77532011,77533207,1196,133396
77533207,77534326,1119,283462
77534326,77535315,989,86679
77535315,77536411,1096,88761
77536411,77537544,1133,155973
77537544,77538841,1297,234067
77538841,77539207,366,282385
77539207,77540411,1204,34572
77540411,77541602,1191,8927
77541602,77542727,1125,134707
77542727,77544012,1285,29090
77544012,77545278,1266,166420
77545278,77545558,280,130755
77545558,77546716,1158,158074
77546716,77547967,1251,124224
77547967,77549129,1162,135033
77549129,77550390,1261,159056
77550390,77551564,1174,160984
77551564,77552118,554,94523
77552118,77553193,1075,112187
77553193,77554378,1185,132592
77554378,77555521,1143,57156
77555521,77555989,468,136054
77555989,77556509,520,56777
77556509,77557613,1104,130974
77557613,77558136,523,274378
77558136,77559395,1259,146437
77559395,77560229,834,141209
77560229,77561542,1313,138656
77561542,77562736,1194,62558
77562736,77563913,1177,124368
77563913,77564967,1054,12546
77564967,77566093,1126,123285
77566093,77567137,1044,35926
77567137,77568095,958,12546
77568095,77569237,1142,152824
77569237,77570522,1285,21498
77570522,77571767,1245,282385
77571767,77572797,1030,57667
77572797,77574035,1238,135635
77574035,77574232,197,158744
77574232,77575353,1121,13056
77575353,77576566,1213,116805
77576566,77577767,1201,10160
77577767,77578967,1200,141148
77578967,77580142,1175,76574
77580142,77581301,1159,32135
77581301,77582267,966,109662
77582267,77582818,551,126232
77582818,77583217,399,32904
77583217,77584464,1247,68192
77584464,77585709,1245,126220
77585709,77586942,1233,176853
77586942,77588041,1099,121760
77588041,77589313,1272,47541
77589313,77590210,897,101578
77590210,77591243,1033,157859
77591243,77592414,1171,159230
77592414,77593701,1287,39913
77593701,77594730,1029,148312
77594730,77595953,1223,84357
77595953,77597054,1101,130876
77597054,77597492,438,10172
77597492,77598300,808,57154
77598300,77599415,1115,122467
77599415,77600094,679,19371
77600094,77601338,1244,160952
77601338,77602177,839,296159
77602177,77603082,905,132644
77603082,77603497,415,121140
77603497,77603849,352,122801
77603849,77605055,1206,133395
77605055,77606320,1265,127215
77606320,77607418,1098,126959
77607418,77608721,1303,233342
77608721,77609050,329,109663
77609050,77610203,1153,277899
77610203,77611489,1286,287357
77611489,77612068,579,107247
77612068,77612856,788,115046
77612856,77614125,1269,101289
77614125,77614512,387,25951
77614512,77615829,1317,124439
77615829,77616158,329,8675
77616158,77617272,1114,39661
77617272,77618224,952,138043
77618224,77619294,1070,220951
77619294,77620102,808,141571
77620102,77621121,1019,142358
77621121,77622252,1131,17942
77622252,77623585,1333,72200
77623585,77624881,1296,102239
77624881,77626045,1164,121079
77626045,77626880,835,134816
77626880,77627299,419,86679
77627299,77628538,1239,73073
77628538,77629742,1204,101799
77629742,77630827,1085,130569
77630827,77631947,1120,137141
77631947,77633199,1252,16020
77633199,77634196,997,131722
77634196,77635420,1224,135894
77635420,77636718,1298,2503
77636718,77637876,1158,101832
77637876,77638956,1080,109185
77638956,77639837,881,143361
77639837,77640982,1145,162375
77640982,77642141,1159,258250
77642141,77643231,1090,80192
77643231,77644397,1166,142824
77644397,77645615,1218,4275
77645615,77646626,1011,130627
77646626,77647857,1231,15081
77647857,77649048,1191,62558
77649048,77650000,952,83616
77650000,77650637,637,160188
77650637,77651327,690,41170
77651327,77651896,569,149798
77651896,77652701,805,135229
77652701,77653340,639,60801
77653340,77654322,982,146346
77654322,77655521,1199,110522
77655521,77656376,855,92805
77656376,77657520,1144,110127
77657520,77658772,1252,161101
77658772,77659911,1139,216563
77659911,77661197,1286,132299
77661197,77662321,1124,41911
77662321,77663599,1278,284428
77663599,77664794,1195,890
77664794,77665873,1079,155968
77665873,77666675,802,102381
77666675,77667902,1227,6557
77667902,77669184,1282,122806
77669184,77669967,783,10674
77669967,77670516,549,284268
77670516,77671595,1079,245708
77671595,77672676,1081,126945
77672676,77672881,205,144496
77672881,77673830,949,304534
77673830,77674967,1137,141571
77674967,77675860,893,166433
77675860,77677143,1283,86804
77677143,77678282,1139,98880
77678282,77679143,861,153733
77679143,77680390,1247,83696
77680390,77681608,1218,168062
77681608,77682867,1259,126296
77682867,77683368,501,135894
77683368,77684712,1344,181420
77684712,77685939,1227,39967
77685939,77687103,1164,168500
77687103,77687964,861,71531
77687964,77689284,1320,138113
77689284,77690387,1103,92002
77690387,77691391,1004,126739
77691391,77692564,1173,287837
77692564,77693771,1207,139200
77693771,77694336,565,27120
77694336,77695608,1272,291718
77695608,77696189,581,166433
77696189,77697232,1043,81858
77697232,77698409,1177,114256
77698409,77699648,1239,293959
77699648,77700909,1261,10801
77700909,77702012,1103,74477
77702012,77702827,815,8684
77702827,77703438,611,295710
77703438,77704479,1041,132280
77704479,77705471,992,86679
77705471,77706625,1154,131004
77706625,77707626,1001,10344
77707626,77708003,377,14960
77708003,77708934,931,258974
77708934,77710059,1125,68888
77710059,77711311,1252,258974
77711311,77711900,589,126945
77711900,77713157,1257,27120
77713157,77714148,991,154838
77714148,77714616,468,125127
77714616,77715558,942,48361
77715558,77715757,199,30119
77715757,77716950,1193,87280
77716950,77717908,958,220951
77717908,77719019,1111,121148
77719019,77719769,750,148993
77719769,77720898,1129,89940
77720898,77721988,1090,104717
77721988,77722214,226,176853
77722214,77723486,1272,80656
77723486,77724817,1331,124368
77724817,77726032,1215,18533
77726032,77726625,593,275212
77726625,77727660,1035,102381
77727660,77728553,893,132499
77728553,77729770,1217,147110
77729770,77731134,1364,46243
77731134,77731533,399,68888
77731533,77732785,1252,110061
77732785,77733912,1127,116804
77733912,77734939,1027,5757
77734939,77736222,1283,54487
77736222,77736835,613,278289
77736835,77738019,1184,169293
77738019,77739060,1041,129443
77739060,77739574,514,157475
77739574,77740789,1215,40556
77740789,77741464,675,163322
77741464,77742411,947,132707
77742411,77743638,1227,62516
77743638,77744730,1092,9010
77744730,77745849,1119,170977
77745849,77747166,1317,185436
77747166,77748427,1261,281471
77748427,77749653,1226,132848
77749653,77750895,1242,42637
77750895,77752180,1285,19376
77752180,77752699,519,135892
77752699,77754018,1319,1043
77754018,77755239,1221,30591
77755239,77756510,1271,68762
77756510,77757745,1235,140718
77757745,77757963,218,281188
77757963,77758991,1028,111574
77758991,77760223,1232,156015
77760223,77761429,1206,17942
77761429,77762488,1059,124990
77762488,77763749,1261,1189
77763749,77764760,1011,69412
77764760,77766079,1319,92812
77766079,77767139,1060,76044
77767139,77767798,659,10172
77767798,77768887,1089,19361
77768887,77770017,1130,121543
77770017,77771108,1091,86741
77771108,77771461,353,132782
77771461,77771889,428,121398
77771889,77772984,1095,135814
77772984,77774149,1165,53342
77774149,77775344,1195,123135
77775344,77776425,1081,142363
77776425,77777674,1249,135897
77777674,77778806,1132,88363
77778806,77780068,1262,122825
77780068,77781205,1137,144135
77781205,77781607,402,140718
77781607,77782562,955,126233
77782562,77783759,1197,48830
77783759,77785044,1285,56777
77785044,77785431,387,176660
77785431,77786653,1222,142896
77786653,77786895,242,61316
77786895,77788106,1211,147159
77788106,77789209,1103,134830
77789209,77790484,1275,107520
77790484,77791327,843,26872
77791327,77791938,611,134816
77791938,77793230,1292,142896
77793230,77794409,1179,86777
77794409,77795580,1171,139200
77795580,77796381,801,15305
77796381,77797359,978,108621
77797359,77798442,1083,155948
77798442,77799417,975,139710
77799417,77800547,1130,280380
77800547,77800875,328,95875
77800875,77801918,1043,133263
77801918,77803245,1327,26947
77803245,77804117,872,13265
77804117,77804292,175,129325
77804292,77805403,1111,86732
77805403,77806636,1233,139742
77806636,77807687,1051,56840
77807687,77808915,1228,2301
77808915,77809272,357,23281
77809272,77810223,951,40556
77810223,77811426,1203,12707
77811426,77812705,1279,47239
77812705,77813097,392,131295
77813097,77814214,1117,18527
77814214,77815251,1037,131294
77815251,77815590,339,133224
77815590,77816697,1107,187464
77816697,77816929,232,91801
77816929,77817388,459,61323
77817388,77818489,1101,129396
77818489,77819499,1010,123192
77819499,77820643,1144,89388
77820643,77821693,1050,156724
77821693,77822162,469,123190
77822162,77823457,1295,216564
77823457,77824648,1191,96153
77824648,77825763,1115,69607
77825763,77826761,998,113336
77826761,77827824,1063,279239
77827824,77828945,1121,240992
77828945,77830137,1192,46588
77830137,77831242,1105,281472
77831242,77832461,1219,126410
77832461,77833745,1284,124990
77833745,77834838,1093,15307
77834838,77835961,1123,291101
77835961,77836738,777,10822
77836738,77836970,232,129396
77836970,77838193,1223,11547
77838193,77839279,1086,132782
77839279,77840400,1121,26987
77840400,77840803,403,4654
77840803,77841936,1133,102381
77841936,77843041,1105,108621
77843041,77844288,1247,134728
77844288,77845014,726,126928
77845014,77846044,1030,10702
77846044,77846933,889,89898
77846933,77847860,927,104978
77847860,77848965,1105,274378
77848965,77849975,1010,240992
77849975,77851149,1174,126319
77851149,77852518,1369,232057
77852518,77853139,621,140041
77853139,77853942,803,176854
77853942,77854669,727,129396
77854669,77855660,991,126829
77855660,77855805,145,46889
77855805,77856843,1038,123197
77856843,77857732,889,18524
77857732,77858754,1022,291107
77858754,77859765,1011,175448
77859765,77860979,1214,17942
77860979,77862073,1094,139681
77862073,77863173,1100,126965
77863173,77864383,1210,140221
77864383,77865534,1151,144021
77865534,77866489,955,10674
77866489,77866688,199,279856
77866688,77867818,1130,34483
77867818,77868627,809,118112
77868627,77869874,1247,129514
77869874,77871017,1143,47030
77871017,77872184,1167,68344
77872184,77873168,984,130226
77873168,77874419,1251,4731
77874419,77875606,1187,103126
77875606,77876876,1270,110706
77876876,77878115,1239,124224
77878115,77879310,1195,144019
77879310,77880492,1182,139307
77880492,77880694,202,142848
77880694,77881856,1162,135832
77881856,77883061,1205,170453
77883061,77883226,165,14674
77883226,77884362,1136,152864
77884362,77885598,1236,131226
77885598,77886841,1243,121068
77886841,77888142,1301,147971
77888142,77889410,1268,157859
77889410,77890666,1256,141571
77890666,77891761,1095,52088
77891761,77892906,1145,133395
77892906,77893830,924,216563
77893830,77894980,1150,130532
77894980,77896196,1216,96498
77896196,77896398,202,156155
77896398,77897487,1089,105168
77897487,77898388,901,126220
77898388,77899528,1140,123176
77899528,77900737,1209,158074
77900737,77901808,1071,133442
77901808,77902997,1189,183988
77902997,77904181,1184,123036
77904181,77904395,214,302111
77904395,77904904,509,126955
77904904,77905184,280,136863
77905184,77906258,1074,92930
77906258,77907348,1090,136054
77907348,77908525,1177,48831
77908525,77909746,1221,131004
77909746,77910774,1028,92805
77910774,77911644,870,117382
77911644,77912907,1263,262291
77912907,77913786,879,232690
77913786,77914948,1162,58192
77914948,77915315,367,126947
77915315,77916547,1232,163384
77916547,77917786,1239,139307
77917786,77919020,1234,8927
77919020,77920249,1229,122544
77920249,77921378,1129,64588
77921378,77921793,415,121729
77921793,77922959,1166,4445
77922959,77923232,273,75791
77923232,77924504,1272,118112
77924504,77925635,1131,116797
77925635,77926446,811,98876
77926446,77927440,994,98644
77927440,77927873,433,134717
77927873,77928744,871,291379
77928744,77929989,1245,139741
77929989,77931110,1121,142824
77931110,77931395,285,156738
77931395,77932664,1269,3961
77932664,77933302,638,64300
77933302,77934238,936,159386
77934238,77934486,248,84448
77934486,77935677,1191,130164
77935677,77936847,1170,113272
77936847,77937782,935,291381
77937782,77938889,1107,696
77938889,77940164,1275,9210
77940164,77941117,953,50778
77941117,77942096,979,142858
77942096,77943177,1081,75360
77943177,77944313,1136,62516
77944313,77945115,802,122827
77945115,77945751,636,1532
77945751,77947000,1249,362
77947000,77948070,1070,291384
77948070,77948610,540,130627
77948610,77949674,1064,164327
77949674,77950934,1260,12895
77950934,77952169,1235,130530
77952169,77953410,1241,176698
77953410,77954536,1126,46890
77954536,77955674,1138,4275
77955674,77956973,1299,72200
77956973,77958232,1259,294700
77958232,77958570,338,58868
77958570,77959839,1269,283138
77959839,77960049,210,163606
77960049,77961400,1351,216563
77961400,77962637,1237,2327
77962637,77962834,197,22179
77962834,77964079,1245,167609
77964079,77965386,1307,87508
77965386,77966632,1246,155968
77966632,77967767,1135,126796
77967767,77968956,1189,216563
77968956,77970203,1247,101836
77970203,77971395,1192,174960
77971395,77972594,1199,295710
77972594,77973864,1270,6171
77973864,77975034,1170,216570
77975034,77976175,1141,13364
77976175,77977446,1271,142744
77977446,77977943,497,258263
77977943,77978231,288,122614
77978231,77979470,1239,234106
77979470,77980500,1030,141135
77980500,77981765,1265,17942
77981765,77982912,1147,46243
77982912,77984128,1216,157236
77984128,77985365,1237,127522
77985365,77986566,1201,104491
77986566,77987887,1321,147971
77987887,77989022,1135,135227
77989022,77989953,931,101854
77989953,77991034,1081,121392
77991034,77991967,933,158081
77991967,77993010,1043,143484
77993010,77993336,326,138045
77993336,77994593,1257,129066
77994593,77995883,1290,133630
77995883,77996518,635,126842
77996518,77997726,1208,157242
77997726,77998718,992,156738
77998718,77999451,733,681
77999451,78000545,1094,102381
78000545,78001798,1253,110238
78001798,78002909,1111,74477
78002909,78003887,978,121413
78003887,78004243,356,147173
78004243,78004908,665,139009
78004908,78006094,1186,131748
78006094,78006419,325,291381
78006419,78007721,1302,365
78007721,78008167,446,154671
78008167,78009429,1262,132291
78009429,78010572,1143,63713
78010572,78011697,1125,291168
78011697,78012917,1220,127579
78012917,78014164,1247,91906
78014164,78015051,887,143307
78015051,78016261,1210,129388
78016261,78017243,982,135892
78017243,78017640,397,137588
78017640,78018514,874,724
78018514,78019634,1120,64738
78019634,78019957,323,44577
78019957,78020422,465,14976
78020422,78020685,263,41911
78020685,78021820,1135,130900
78021820,78023113,1293,294551
78023113,78024244,1131,258993
78024244,78024992,748,126600
78024992,78026182,1190,184447
78026182,78027394,1212,12926
78027394,78028633,1239,24732
78028633,78029266,633,140654
78029266,78030313,1047,98645
78030313,78031493,1180,82020
78031493,78032718,1225,120330
78032718,78033881,1163,104491
78033881,78034923,1042,26558
78034923,78036184,1261,123047
78036184,78037197,1013,13248
78037197,78037975,778,94523
78037975,78039052,1077,5758
78039052,78040144,1092,127215
78040144,78041489,1345,143307
78041489,78042688,1199,76043
78042688,78043727,1039,187018
78043727,78044906,1179,123163
78044906,78046087,1181,140639
78046087,78046542,455,66166
78046542,78047211,669,157066
78047211,78048051,840,86026
78048051,78049024,973,80690
78049024,78050045,1021,24732
78050045,78050319,274,232690
78050319,78051361,1042,156015
78051361,78052455,1094,129974
78052455,78053688,1233,53638
78053688,78054775,1087,90852
78054775,78056032,1257,699
78056032,78056409,377,8890
78056409,78057548,1139,105390
78057548,78058801,1253,86026
78058801,78060054,1253,154838
78060054,78060973,919,30105
78060973,78062213,1240,291172
78062213,78063365,1152,142824
78063365,78064585,1220,125123
78064585,78065821,1236,168199
78065821,78066824,1003,123285
78066824,78068095,1271,105673
78068095,78068703,608,171133
78068703,78069834,1131,178149
78069834,78070928,1094,138043
78070928,78072080,1152,155972
78072080,78073331,1251,14274
78073331,78074474,1143,131722
78074474,78075604,1130,104391
78075604,78076069,465,83633
78076069,78077190,1121,84010
78077190,78078161,971,124999
78078161,78079457,1296,91192
78079457,78080546,1089,64713
78080546,78081234,688,15304
78081234,78082485,1251,86679
78082485,78083728,1243,85640
78083728,78084981,1253,141571
78084981,78086187,1206,171138
78086187,78087055,868,73075
78087055,78088211,1156,55856
78088211,78089272,1061,133212
78089272,78090361,1089,7574
78090361,78090695,334,284424
78090695,78091897,1202,110061
78091897,78092290,393,110522
78092290,78093187,897,126739
78093187,78094340,1153,11243
78094340,78095408,1068,58845
78095408,78095771,363,157644
78095771,78097088,1317,199
78097088,78098305,1217,6397
78098305,78099395,1090,129325
78099395,78100494,1099,137004
78100494,78101528,1034,101265
78101528,78102233,705,10327
78102233,78102990,757,58843
78102990,78103191,201,174511
78103191,78104190,999,296465
78104190,78105269,1079,164100
78105269,78105422,153,122827
78105422,78106288,866,274375
78106288,78107515,1227,121068
78107515,78108709,1194,16802
78108709,78109515,806,95441
78109515,78110743,1228,109658
78110743,78111835,1092,31668
78111835,78112997,1162,163726
78112997,78114335,1338,125084
78114335,78114595,260,142279
78114595,78115738,1143,41259
78115738,78116043,305,112761
78116043,78117261,1218,288044
78117261,78118280,1019,283462
78118280,78119195,915,157236
78119195,78120436,1241,9203
78120436,78121714,1278,269254
78121714,78122946,1232,1070
78122946,78123943,997,149881
78123943,78124848,905,136863
78124848,78126131,1283,14936
78126131,78127183,1052,123602
78127183,78128369,1186,83708
78128369,78129248,879,139035
78129248,78130278,1030,66464
78130278,78131433,1155,122626
78131433,78131658,225,105383
78131658,78132503,845,276732
78132503,78133747,1244,254948
78133747,78134219,472,61742
78134219,78135355,1136,365
78135355,78136532,1177,91072
78136532,78137701,1169,12103
78137701,78138246,545,114256
78138246,78138683,437,129994
78138683,78139870,1187,12546
78139870,78140950,1080,14929
78140950,78142087,1137,131890
78142087,78143245,1158,123284
78143245,78143560,315,26894
78143560,78144022,462,121130
78144022,78145236,1214,281132
78145236,78146372,1136,279363
78146372,78147339,967,54666
78147339,78147953,614,30101
78147953,78148704,751,48032
78148704,78149169,465,39478
78149169,78150368,1199,107517
78150368,78151231,863,158074
78151231,78151739,508,104483
78151739,78152987,1248,161707
78152987,78154183,1196,3966
78154183,78155256,1073,147045
78155256,78156228,972,147159
78156228,78157339,1111,48361
78157339,78157981,642,91902
78157981,78159189,1208,16003
78159189,78160148,959,20034
78160148,78161390,1242,139752
78161390,78162562,1172,165387
78162562,78163619,1057,164328
78163619,78164961,1342,135897
78164961,78165721,760,286306
78165721,78166243,522,130493
78166243,78166682,439,18005
78166682,78168008,1326,135264
78168008,78168977,969,138045
78168977,78170143,1166,289242
78170143,78171313,1170,29110
78171313,78171935,622,158816
78171935,78173064,1129,141721
78173064,78174185,1121,166420
78174185,78175269,1084,130566
78175269,78176552,1283,132649
78176552,78177625,1073,154282
78177625,78178664,1039,80192
78178664,78179553,889,124224
78179553,78180465,912,129443
78180465,78181690,1225,135635
78181690,78182629,939,121799
78182629,78183785,1156,55856
78183785,78184452,667,82558
78184452,78185601,1149,126851
78185601,78186818,1217,6397
78186818,78187258,440,19373
78187258,78188598,1340,14958
78188598,78189846,1248,64708
78189846,78191013,1167,39661
78191013,78192234,1221,148920
78192234,78193415,1181,10988
78193415,78194669,1254,254918
78194669,78195364,695,141148
78195364,78196673,1309,245687
78196673,78197898,1225,137004
78197898,78198967,1069,77361
78198967,78200139,1172,145742
78200139,78201418,1279,141613
78201418,78202497,1079,73728
78202497,78203778,1281,7793
78203778,78203979,201,142858
78203979,78205082,1103,108638
78205082,78206137,1055,149880
78206137,78207146,1009,130532
78207146,78208173,1027,13056
78208173,78209420,1247,142745
78209420,78210593,1173,288044
78210593,78211622,1029,136458
78211622,78212815,1193,80665
78212815,78213935,1120,282386
78213935,78215206,1271,17615
78215206,78216206,1000,39967
78216206,78217466,1260,164328
78217466,78218690,1224,302000
78218690,78219818,1128,281471
78219818,78220848,1030,156967
78220848,78222018,1170,103126
78222018,78223193,1175,168626
78223193,78224340,1147,19132
78224340,78225609,1269,281471
78225609,78226579,970,287359
78226579,78227788,1209,73075
78227788,78228288,500,143271
78228288,78229441,1153,282385
78229441,78230060,619,63101
78230060,78231161,1101,138290
78231161,78232002,841,125123
78232002,78233267,1265,122545
78233267,78234477,1210,129324
78234477,78235098,621,142363
78235098,78236388,1290,140221
78236388,78236909,521,127215
78236909,78238050,1141,133834
78238050,78239211,1161,275128
78239211,78240368,1157,3582
78240368,78241466,1098,289242
78241466,78242508,1042,121720
78242508,78242854,346,1532
78242854,78244022,1168,279233
78244022,78244723,701,117384
78244723,78245914,1191,132850
78245914,78246145,231,95963
78246145,78246862,717,46890
78246862,78248124,1262,145701
78248124,78249213,1089,165701
78249213,78250256,1043,168199
78250256,78251312,1056,12471
78251312,78252597,1285,80534
78252597,78253770,1173,1129
78253770,78254828,1058,127579
78254828,78255805,977,4136
78255805,78256873,1068,130184
78256873,78257858,985,121085
78257858,78258988,1130,131296
78258988,78260310,1322,138113
78260310,78261512,1202,258959
78261512,78262384,872,107483
78262384,78262931,547,141713
78262931,78264166,1235,130977
78264166,78265151,985,141174
78265151,78266391,1240,131735
78266391,78267393,1002,131295
78267393,78268487,1094,149739
78268487,78269134,647,126737
78269134,78269867,733,233382
78269867,78270831,964,105673
78270831,78271818,987,109656
78271818,78272894,1076,246889
78272894,78274079,1185,107517
78274079,78274584,505,45204
78274584,78275804,1220,156967
78275804,78277031,1227,130125
78277031,78277904,873,131882
78277904,78278213,309,114256
78278213,78279414,1201,138545
78279414,78280457,1043,130184
78280457,78281697,1240,133263
78281697,78282891,1194,142318
78282891,78284117,1226,138042
78284117,78285028,911,111574
78285028,78286189,1161,160952
78286189,78287426,1237,123506
78287426,78288585,1159,216567
78288585,78289629,1044,101892
78289629,78290629,1000,143895
78290629,78291572,943,126233
78291572,78292850,1278,122810
78292850,78294023,1173,11079
78294023,78295215,1192,130569
78295215,78296252,1037,40544
78296252,78296615,363,133211
78296615,78297240,625,168204
78297240,78298393,1153,138033
78298393,78299198,805,7944
78299198,78300335,1137,140639
78300335,78301490,1155,290363
78301490,78302378,888,14958
78302378,78302841,463,170453
78302841,78304115,1274,14526
78304115,78305347,1232,132484
78305347,78306567,1220,134425
78306567,78307221,654,122025
78307221,78308454,1233,145138
78308454,78309580,1126,112057
78309580,78309931,351,134717
78309931,78310993,1062,56179
78310993,78312124,1131,148521
78312124,78313096,972,14672
78313096,78314253,1157,128240
78314253,78315265,1012,141148
78315265,78316484,1219,43321
78316484,78316724,240,7239
78316724,78317928,1204,59167
78317928,78319139,1211,101580
78319139,78320444,1305,121528
78320444,78321634,1190,140718
78321634,78322218,584,275127
78322218,78323361,1143,131113
78323361,78324556,1195,244431
78324556,78325565,1009,163519
78325565,78326181,616,142824
78326181,78326286,105,133834
78326286,78327503,1217,274378
78327503,78327736,233,142824
78327736,78328898,1162,244431
78328898,78330151,1253,143262
78330151,78331084,933,135580
78331084,78332120,1036,178450
78332120,78332599,479,90852
78332599,78333808,1209,156724
78333808,78335063,1255,5703
78335063,78336262,1199,163505
78336262,78337401,1139,101578
78337401,78338064,663,10642
78338064,78339324,1260,14526
78339324,78340353,1029,121541
78340353,78341540,1187,138043
78341540,78342618,1078,145699
78342618,78343399,781,67233
78343399,78344564,1165,145138
78344564,78345703,1139,233342
78345703,78345954,251,136863
78345954,78347089,1135,220951
78347089,78348347,1258,54487
78348347,78348569,222,58433
78348569,78349755,1186,89940
78349755,78350578,823,118112
78350578,78351764,1186,109658
78351764,78352217,453,95441
78352217,78353352,1135,80665
78353352,78354271,919,48579
78354271,78355484,1213,65803
78355484,78356563,1079,292604
78356563,78357213,650,56778
78357213,78358287,1074,43322
78358287,78359539,1252,64956
78359539,78360835,1296,287837
78360835,78361817,982,108638
78361817,78363156,1339,122806
78363156,78364293,1137,110061
78364293,78365402,1109,1070
78365402,78366398,996,56179
78366398,78367657,1259,5710
78367657,78368820,1163,118112
78368820,78369411,591,128631
78369411,78370700,1289,208
78370700,78371920,1220,4731
78371920,78372965,1045,47032
78372965,78374226,1261,123271
78374226,78375331,1105,54666
78375331,78376460,1129,58843
78376460,78377646,1186,58776
78377646,78378892,1246,138033
78378892,78380043,1151,124526
78380043,78381223,1180,155949
78381223,78381446,223,160958
78381446,78382535,1089,123197
78382535,78383840,1305,88086
78383840,78385165,1325,142824
78385165,78386438,1273,6498
78386438,78387580,1142,287671
78387580,78388801,1221,130164
78388801,78389654,853,150915
78389654,78390917,1263,165387
78390917,78392215,1298,10798
78392215,78392726,511,44585
78392726,78393758,1032,8141
78393758,78395052,1294,34478
78395052,78396142,1090,141721
78396142,78397413,1271,128990
78397413,78398588,1175,141240
78398588,78399717,1129,890
78399717,78400597,880,128036
78400597,78401812,1215,92812
78401812,78402149,337,176680
78402149,78402454,305,112057
78402454,78403407,953,135814
78403407,78403977,570,87997
78403977,78405066,1089,107247
78405066,78405244,178,158081
78405244,78406497,1253,18527
78406497,78406829,332,281132
78406829,78407958,1129,79973
78407958,78409127,1169,291718
78409127,78410335,1208,12707
78410335,78411463,1128,130878
78411463,78412684,1221,39481
78412684,78413888,1204,99249
78413888,78414807,919,129440
78414807,78416134,1327,254948
78416134,78416366,232,143361
78416366,78417634,1268,58869
78417634,78418777,1143,124595
78418777,78419832,1055,87280
78419832,78420619,787,13250
78420619,78421877,1258,34497
78421877,78422991,1114,73075
78422991,78423139,148,26853
78423139,78424074,935,61781
78424074,78425013,939,139350
78425013,78426012,999,6506
78426012,78427260,1248,73073
78427260,78427769,509,67863
78427769,78428838,1069,142858
78428838,78429827,989,130517
78429827,78430145,318,177627
78430145,78431387,1242,126851
78431387,78432690,1303,246904
78432690,78433791,1101,82904
78433791,78434385,594,40571
78434385,78435141,756,163527
78435141,78436240,1099,115046
78436240,78437125,885,12926
78437125,78438272,1147,6541
78438272,78439417,1145,126955
78439417,78440676,1259,11077
78440676,78441642,966,18005
78441642,78442889,1247,140639
78442889,78444107,1218,86040
78444107,78445287,1180,73073
78445287,78446282,995,49755
78446282,78447530,1248,143005
78447530,78448749,1219,10172
78448749,78449933,1184,293663
78449933,78451029,1096,30105
78451029,78452239,1210,132499
78452239,78453484,1245,4733
78453484,78454013,529,142824
78454013,78455230,1217,59288
78455230,78456447,1217,32639
78456447,78457613,1166,176680
78457613,78458336,723,4654
78458336,78458729,393,143948
78458729,78459740,1011,32135
78459740,78461011,1271,124549
78461011,78462047,1036,59268
78462047,78463180,1133,143321
78463180,78464321,1141,271826
78464321,78465416,1095,291172
78465416,78466495,1079,87280
78466495,78467628,1133,4479
78467628,78468790,1162,131295
78468790,78469571,781,139397
78469571,78470736,1165,144485
78470736,78471872,1136,133227
78471872,78473062,1190,60489
78473062,78474221,1159,696
78474221,78475339,1118,53638
78475339,78476525,1186,283242
78476525,78477598,1073,130505
78477598,78478767,1169,101262
78478767,78479630,863,176854
78479630,78480830,1200,68888
78480830,78482071,1241,163935
78482071,78482856,785,290923
78482856,78484059,1203,149738
78484059,78485303,1244,8927
78485303,78486236,933,124994
78486236,78486995,759,245691
78486995,78488080,1085,131295
78488080,78489292,1212,15307
78489292,78490537,1245,121382
78490537,78491215,678,67851
78491215,78491630,415,46889
78491630,78492759,1129,53458
78492759,78493717,958,46267
78493717,78494828,1111,112012
78494828,78496048,1220,80656
78496048,78497207,1159,19373
78497207,78498048,841,60480
78498048,78499062,1014,67147
78499062,78499684,622,137614
78499684,78500810,1126,9010
78500810,78501446,636,51163
78501446,78502481,1035,11528
78502481,78503642,1161,64717
78503642,78504758,1116,302000
78504758,78505956,1198,139404
78505956,78507162,1206,47239
78507162,78507829,667,92806
78507829,78509006,1177,54659
78509006,78509780,774,112056
78509780,78511014,1234,76044
78511014,78511454,440,121331
78511454,78512665,1211,7894
78512665,78513463,798,132717
78513463,78514332,869,146437
78514332,78515477,1145,135657
78515477,78516394,917,296473
78516394,78517363,969,3961
78517363,78518595,1232,44585
78518595,78519796,1201,144987
78519796,78520898,1102,21305
78520898,78522008,1110,127521
78522008,78522411,403,105168
78522411,78523562,1151,160949
78523562,78524255,693,143477
78524255,78525398,1143,70843
78525398,78526235,837,5911
78526235,78527338,1103,133273
78527338,78527993,655,121064
78527993,78528834,841,292253
78528834,78529919,1085,119637
78529919,78531195,1276,39749
78531195,78532182,987,63101
78532182,78533114,932,92805
78533114,78534360,1246,129325
78534360,78535419,1059,130878
78535419,78536256,837,293663
78536256,78537223,967,121024
78537223,78538497,1274,152264
78538497,78539704,1207,106800
78539704,78540983,1279,254918
78540983,78541779,796,3961
78541779,78542613,834,185485
78542613,78543789,1176,61316
78543789,78544960,1171,292604
78544960,78546212,1252,116804
78546212,78547451,1239,123500
78547451,78548598,1147,286306
78548598,78549453,855,121392
78549453,78549867,414,56777
78549867,78550949,1082,139297
78550949,78552086,1137,112592
78552086,78553316,1230,133395
78553316,78554436,1120,28375
78554436,78555642,1206,46712
78555642,78555967,325,112061
78555967,78556517,550,131295
78556517,78557707,1190,130105
78557707,78558685,978,133224
78558685,78559755,1070,89880
78559755,78560930,1175,287357
78560930,78562222,1292,128344
78562222,78563509,1287,138032
78563509,78564629,1120,67233
78564629,78565776,1147,156963
78565776,78566206,430,291609
78566206,78567340,1134,132717
78567340,78568465,1125,155968
78568465,78569354,889,56778
78569354,78570002,648,7894
78570002,78571111,1109,130529
78571111,78572114,1003,73961
78572114,78573299,1185,9920
78573299,78574376,1077,52087
78574376,78575607,1231,163612
78575607,78576614,1007,110054
78576614,78577817,1203,122441
78577817,78579085,1268,117384
78579085,78579804,719,98645
78579804,78580908,1104,39481
78580908,78581705,797,56174
78581705,78582118,413,136861
78582118,78583353,1235,121069
78583353,78584486,1133,64075
78584486,78585512,1026,294551
78585512,78586025,513,60800
78586025,78587157,1132,132891
78587157,78588296,1139,68888
78588296,78588778,482,80690
78588778,78589174,396,130876
78589174,78590193,1019,121024
78590193,78590727,534,137154
78590727,78591980,1253,132782
78591980,78593069,1089,149245
78593069,78594209,1140,293663
78594209,78595158,949,171138
78595158,78596437,1279,137141
78596437,78597723,1286,57831
78597723,78598187,464,126932
78598187,78599196,1009,129388
78599196,78600401,1205,280922
78600401,78601517,1116,73972
78601517,78602651,1134,40571
78602651,78603724,1073,44575
78603724,78604074,350,89882
78604074,78605046,972,135229
78605046,78606113,1067,18005
78606113,78607275,1162,109176
78607275,78608451,1176,148312
78608451,78609801,1350,13270
78609801,78610126,325,67218
78610126,78611228,1102,73958
78611228,78612350,1122,139387
78612350,78613580,1230,112592
78613580,78614237,657,121416
78614237,78615205,968,64292
78615205,78616217,1012,7793
78616217,78617471,1254,106974
78617471,78617761,290,176680
78617761,78618880,1119,69550
78618880,78620063,1183,34483
78620063,78621299,1236,7574
78621299,78622350,1051,156973
78622350,78623471,1121,121899
78623471,78624083,612,128309
78624083,78625278,1195,157243
78625278,78625799,521,48361
78625799,78627065,1266,163597
78627065,78627959,894,46268
78627959,78628964,1005,171133
78628964,78629879,915,7793
78629879,78631142,1263,134728
78631142,78632412,1270,6541
78632412,78633666,1254,184265
78633666,78634929,1263,102250
78634929,78635189,260,141248
78635189,78636334,1145,36956
78636334,78637179,845,283138
78637179,78638180,1001,41172
78638180,78639189,1009,163935
78639189,78640431,1242,130516
78640431,78641623,1192,7943
78641623,78642713,1090,130545
78642713,78643702,989,109662
78643702,78644748,1046,138032
78644748,78646051,1303,170951
78646051,78647044,993,124224
78647044,78648133,1089,121658
78648133,78648404,271,107486
78648404,78649561,1157,39967
78649561,78650584,1023,1731
78650584,78651819,1235,40556
78651819,78653022,1203,143477
78653022,78654078,1056,138888
78654078,78655213,1135,28465
78655213,78656044,831,86043
78656044,78656717,673,90847
78656717,78657796,1079,156018
78657796,78659105,1309,99122
78659105,78660306,1201,122828
78660306,78661620,1314,293663
78661620,78662483,863,285135
78662483,78663704,1221,67218
78663704,78664969,1265,159228
78664969,78666069,1100,18524
78666069,78667239,1170,75355
78667239,78668395,1156,186230
78668395,78669293,898,147173
78669293,78670504,1211,177641
78670504,78671743,1239,15081
78671743,78672766,1023,165701
78672766,78673377,611,24732
78673377,78673873,496,177627
78673873,78675168,1295,258954
78675168,78676372,1204,126539
78676372,78677123,751,171138
78677123,78678336,1213,169291
78678336,78679381,1045,12544
78679381,78680519,1138,95441
78680519,78681761,1242,53320
78681761,78682512,751,138289
78682512,78683797,1285,127703
78683797,78684736,939,169291
78684736,78686078,1342,46268
78686078,78687361,1283,137614
78687361,78688453,1092,122451
78688453,78688600,147,150915
78688600,78689795,1195,262291
78689795,78690967,1172,138074
78690967,78692049,1082,131228
78692049,78693184,1135,107483
78693184,78694389,1205,123507
78694389,78695213,824,28465
78695213,78696360,1147,280380
78696360,78697322,962,12539
78697322,78698583,1261,112597
78698583,78699710,1127,44912
78699710,78700401,691,278289
78700401,78701346,945,145703
78701346,78702532,1186,121541
78702532,78703731,1199,293663
78703731,78704940,1209,170440
78704940,78705847,907,160964
78705847,78706816,969,166420
78706816,78707896,1080,169619
78707896,78709154,1258,5704
78709154,78710236,1082,123197
78710236,78711487,1251,107487
78711487,78712233,746,25951
78712233,78713273,1040,59268
78713273,78714441,1168,121331
78714441,78715621,1180,144965
78715621,78716627,1006,77782
78716627,78717657,1030,145742
78717657,78718808,1151,98644
78718808,78719843,1035,110243
78719843,78721156,1313,9174
78721156,78722379,1223,283228
78722379,78723372,993,175448
78723372,78724194,822,136271
78724194,78725368,1174,64708
78725368,78726302,934,109173
78726302,78726805,503,245687
78726805,78727777,972,124164
78727777,78728948,1171,125140
78728948,78730197,1249,147962
78730197,78731438,1241,131742
78731438,78732645,1207,89735
78732645,78733802,1157,70756
78733802,78734273,471,283462
78734273,78734974,701,110705
78734974,78736077,1103,32904
78736077,78737288,1211,112592
78737288,78738245,957,54659
78738245,78739292,1047,26894
78739292,78740534,1242,4733
78740534,78740821,287,122828
78740821,78742048,1227,87791
78742048,78743229,1181,155152
78743229,78744422,1193,126220
78744422,78745551,1129,133424
78745551,78746729,1178,290361
78746729,78747862,1133,131040
78747862,78748262,400,46889
78748262,78749516,1254,363
78749516,78750374,858,122545
78750374,78751568,1194,43322
78751568,78752702,1134,72200
78752702,78753991,1289,395
78753991,78755256,1265,121382
78755256,78756497,1241,67851
78756497,78757620,1123,68358
78757620,78758073,453,163519
78758073,78759378,1305,144496
78759378,78760540,1162,141721
78760540,78761625,1085,121907
78761625,78762547,922,187466
78762547,78763620,1073,287660
78763620,78764855,1235,168626
78764855,78766112,1257,104979
78766112,78766313,201,22179
78766313,78767100,787,66622
78767100,78768334,1234,53343
78768334,78768770,436,126860
78768770,78770090,1320,139741
78770090,78770559,469,128677
78770559,78771771,1212,176660
78771771,78772194,423,8927
78772194,78773285,1091,130184
78773285,78774274,989,32137
78774274,78775590,1316,155948
78775590,78776831,1241,74797
78776831,78778028,1197,46588
78778028,78779211,1183,115047
78779211,78780029,818,127936
78780029,78781284,1255,258283
78781284,78782089,805,106367
78782089,78783244,1155,34483
78783244,78784420,1176,296473
78784420,78785585,1165,129805
78785585,78786762,1177,14526
78786762,78787826,1064,130876
78787826,78788605,779,137597
78788605,78789577,972,304535
78789577,78790696,1119,69607
78790696,78791846,1150,233382
78791846,78792276,430,696
78792276,78792769,493,135657
78792769,78793861,1092,87547
78793861,78795042,1181,258986
78795042,78796315,1273,48848
78796315,78797545,1230,293959
78797545,78798573,1028,103120
78798573,78799620,1047,152282
78799620,78800753,1133,46588
78800753,78801780,1027,156224
78801780,78802915,1135,292252
78802915,78804164,1249,121658
78804164,78805264,1100,130993
78805264,78806457,1193,112011
78806457,78807622,1165,57179
78807622,78808622,1000,130093
78808622,78809566,944,10988
78809566,78810717,1151,700
78810717,78811042,325,156230
78811042,78812269,1227,120280
78812269,78813318,1049,131295
78813318,78814575,1257,150127
78814575,78815601,1026,184447
78815601,78816754,1153,1120
78816754,78817997,1243,13256
78817997,78819198,1201,130871
78819198,78820082,884,64290
78820082,78820320,238,130093
78820320,78821297,977,157859
78821297,78822230,933,94523
78822230,78823153,923,169291
78823153,78824196,1043,134991
78824196,78825086,890,292253
78825086,78826271,1185,14274
78826271,78827542,1271,77361
78827542,78827809,267,140725
78827809,78829010,1201,121902
78829010,78829209,199,132484
78829209,78830347,1138,56777
78830347,78830852,505,57416
78830852,78831784,932,138488
78831784,78832944,1160,130103
78832944,78834125,1181,279153
78834125,78835300,1175,50776
78835300,78836442,1142,105179
78836442,78836878,436,111754
78836878,78838015,1137,39967
78838015,78838984,969,145700
78838984,78839427,443,135657
78839427,78840165,738,155948
78840165,78841352,1187,59268
78841352,78842569,1217,67584
78842569,78843874,1305,304541
78843874,78845111,1237,16632
78845111,78846223,1112,294554
78846223,78847224,1001,86741
78847224,78848383,1159,8141
78848383,78849567,1184,122806
78849567,78850798,1231,94523
78850798,78851984,1186,48842
78851984,78853086,1102,109176
78853086,78853692,606,18004
78853692,78854947,1255,73728
78854947,78855981,1034,26982
78855981,78857247,1266,89390
78857247,78858396,1149,240992
78858396,78859394,998,157644
78859394,78860169,775,126209
78860169,78861344,1175,130588
78861344,78862401,1057,123283
78862401,78863696,1295,122443
78863696,78864832,1136,129393
78864832,78866071,1239,26496
78866071,78867296,1225,138043
78867296,78868370,1074,126965
78868370,78869460,1090,144485
78869460,78870651,1191,138656
78870651,78871639,988,148529
78871639,78872897,1258,7371
78872897,78873588,691,129393
78873588,78874564,976,133393
78874564,78875642,1078,104637
78875642,78876797,1155,123135
78876797,78878018,1221,12707
78878018,78879210,1192,127518
78879210,78880441,1231,286306
78880441,78881654,1213,129066
78881654,78882409,755,10327
78882409,78883648,1239,92002
78883648,78884711,1063,89388
78884711,78885951,1240,171109
78885951,78887098,1147,14958
78887098,78888413,1315,12538
78888413,78889593,1180,24515
78889593,78890493,900,155520
78890493,78891726,1233,107517
78891726,78892496,770,11079
78892496,78893755,1259,12731
78893755,78894894,1139,11079
78894894,78895193,299,273050
78895193,78896404,1211,155968
78896404,78897519,1115,121674
78897519,78898680,1161,131751
78898680,78899927,1247,135635
78899927,78900855,928,130553
78900855,78902058,1203,124549
78902058,78903276,1218,293957
78903276,78904493,1217,155972
78904493,78905545,1052,153728
78905545,78906756,1211,92202
78906756,78907912,1156,142745
78907912,78908851,939,135832
78908851,78910134,1283,296473
78910134,78911282,1148,87766
78911282,78912341,1059,12971
78912341,78912933,592,14497
78912933,78913887,954,141235
78913887,78914285,398,296468
78914285,78915271,986,67858
78915271,78916308,1037,123172
78916308,78917590,1282,123602
78917590,78918841,1251,1732
78918841,78920088,1247,140931
78920088,78921187,1099,95963
78921187,78922498,1311,91192
78922498,78922700,202,301693
78922700,78923727,1027,254918
78923727,78924376,649,129011
78924376,78925380,1004,59175
78925380,78926659,1279,132650
78926659,78927354,695,31668
78927354,78928517,1163,91072
78928517,78929764,1247,20410
78929764,78930388,624,275212
78930388,78930968,580,105386
78930968,78931591,623,171171
78931591,78932799,1208,4861
78932799,78933803,1004,290901
78933803,78935096,1293,216567
78935096,78935997,901,7371
78935997,78937159,1162,282406
78937159,78938396,1237,45218
78938396,78938637,241,9919
78938637,78939870,1233,98644
78939870,78940090,220,104483
78940090,78941269,1179,90850
78941269,78942442,1173,10642
78942442,78943650,1208,4158
78943650,78944306,656,26950
78944306,78944538,232,26947
78944538,78945550,1012,39967
78945550,78946796,1246,19366
78946796,78948069,1273,258993
78948069,78948946,877,135892
78948946,78949245,299,13247
78949245,78950477,1232,126859
78950477,78950996,519,293529
78950996,78951949,953,281131
78951949,78952656,707,121799
78952656,78953928,1272,87280
78953928,78955243,1315,160438
78955243,78956430,1187,32886
78956430,78957714,1284,89940
78957714,78958274,560,32451
78958274,78959394,1120,60800
78959394,78960407,1013,142858
78960407,78961671,1264,135894
78961671,78961924,253,182389
78961924,78962979,1055,57831
78962979,78963274,295,125941
78963274,78964347,1073,723
78964347,78965462,1115,155151
78965462,78965958,496,139307
78965958,78967212,1254,145701
78967212,78968325,1113,75939
78968325,78969318,993,140222
78969318,78970380,1062,13269
78970380,78971473,1093,106969
78971473,78972617,1144,161100
78972617,78973578,961,112761
78973578,78974604,1026,53342
78974604,78975843,1239,152224
78975843,78976980,1137,95441
78976980,78978135,1155,44575
78978135,78979196,1061,258974
78979196,78980461,1265,183988
78980461,78981619,1158,293959
78981619,78982777,1158,231836
78982777,78983244,467,121799
78983244,78984455,1211,90850
78984455,78985588,1133,700
78985588,78986735,1147,178748
78986735,78987890,1155,282977
78987890,78989076,1186,72212
78989076,78990270,1194,129324
78990270,78991423,1153,233342
78991423,78992742,1319,172156
78992742,78993168,426,129396
78993168,78994259,1091,14497
78994259,78995375,1116,49755
78995375,78996638,1263,58843
78996638,78997612,974,139742
78997612,78997804,192,126410
78997804,78998916,1112,152864
78998916,79000152,1236,153728
79000152,79001055,903,285314
79001055,79002174,1119,39660
79002174,79002531,357,155151
79002531,79003554,1023,121799
79003554,79004741,1187,133442
79004741,79005458,717,19208
79005458,79006644,1186,279229
79006644,79007647,1003,11547
79007647,79007848,201,105386
79007848,79009025,1177,104978
79009025,79009993,968,127936
79009993,79010792,799,54667
79010792,79011301,509,178450
79011301,79012492,1191,37134
79012492,79013394,902,254949
79013394,79014655,1261,134160
79014655,79015846,1191,163612
79015846,79016522,676,281187
79016522,79017639,1117,129587
79017639,79018778,1139,187023
79018778,79019888,1110,127732
79019888,79021168,1280,157236
79021168,79022281,1113,47238
79022281,79023355,1074,290350
79023355,79024627,1272,141208
79024627,79025850,1223,65554
79025850,79027175,1325,131295
79027175,79028354,1179,75791
79028354,79029497,1143,152224
79029497,79030810,1313,59288
79030810,79031957,1147,63839
79031957,79032601,644,258283
79032601,79033307,706,293959
79033307,79034194,887,131276
79034194,79034740,546,282383
79034740,79035832,1092,6174
79035832,79037013,1181,73958
79037013,79037357,344,10347
79037357,79038634,1277,146111
79038634,79039903,1269,96241
79039903,79041223,1320,167609
79041223,79042312,1089,64713
79042312,79042544,232,73972
79042544,79042787,243,4733
79042787,79043710,923,9203
79043710,79044927,1217,56222
79044927,79046242,1315,12538
79046242,79047091,849,19371
79047091,79048125,1034,134707
79048125,79049355,1230,294554
79049355,79050198,843,104888
79050198,79050873,675,176854
79050873,79052020,1147,44577
79052020,79053369,1349,163322
79053369,79054660,1291,129011
79054660,79055745,1085,6171
79055745,79056982,1237,132650
79056982,79057515,533,157236
79057515,79058599,1084,136458
79058599,79059835,1236,125084
79059835,79061046,1211,130184
79061046,79062396,1350,3961
79062396,79063425,1029,170440
79063425,79064402,977,132592
79064402,79064931,529,128145
79064931,79065567,636,5417
79065567,79066618,1051,85684
79066618,79067748,1130,43296
79067748,79068481,733,121127
79068481,79069726,1245,166421
79069726,79070848,1122,10798
79070848,79071729,881,40556
79071729,79072570,841,258250
79072570,79073229,659,126965
79073229,79074398,1169,138631
79074398,79075587,1189,121727
79075587,79076882,1295,69550
79076882,79078046,1164,13269
79078046,79078608,562,38660
79078608,79079821,1213,11734
79079821,79080942,1121,121415
79080942,79082003,1061,137608
79082003,79082872,869,59175
79082872,79084069,1197,75362
79084069,79085038,969,144986
79085038,79086269,1231,103126
79086269,79087313,1044,157480
79087313,79088160,847,3586
79088160,79089475,1315,48361
79089475,79090538,1063,10673
79090538,79090975,437,216563
79090975,79092094,1119,7884
79092094,79093271,1177,154697
79093271,79093467,196,130755
79093467,79094723,1256,8157
79094723,79095874,1151,275147
79095874,79096145,271,169656
79096145,79097284,1139,127694
79097284,79098463,1179,148550
79098463,79099674,1211,86679
79099674,79100890,1216,176278
79100890,79102130,1240,68344
79102130,79103257,1127,153731
79103257,79104304,1047,67233
79104304,79105397,1093,139752
79105397,79106683,1286,65803
79106683,79107766,1083,131732
79107766,79108758,992,147173
79108758,79109987,1229,53342
79109987,79111058,1071,133393
79111058,79112315,1257,34572
79112315,79113317,1002,56222
79113317,79114526,1209,101578
79114526,79115677,1151,141242
79115677,79116188,511,122467
79116188,79117438,1250,158081
79117438,79118816,1378,182396
79118816,79119689,873,133393
79119689,79120941,1252,65772
79120941,79122243,1302,147968
79122243,79123511,1268,129011
79123511,79124257,746,26558
79124257,79125452,1195,142750
79125452,79126592,1140,8592
79126592,79127767,1175,84122
79127767,79128985,1218,129587
79128985,79129954,969,139009
79129954,79131118,1164,1560
79131118,79132195,1077,21305
79132195,79133290,1095,121674
79133290,79134045,755,131294
79134045,79135173,1128,138074
79135173,79136216,1043,5703
79136216,79137062,846,130727
79137062,79138213,1151,130974
79138213,79139458,1245,133471
79139458,79140192,734,138617
79140192,79141272,1080,125123
79141272,79142472,1200,145138
79142472,79143778,1306,86683
79143778,79144945,1167,39971
79144945,79146185,1240,139200
79146185,79147422,1237,123215
79147422,79148641,1219,12545
79148641,79149914,1273,138888
79149914,79151173,1259,12103
79151173,79152315,1142,105167
79152315,79153520,1205,301694
79153520,79154566,1046,139325
79154566,79155699,1133,142744
79155699,79156973,1274,54006
79156973,79157622,649,54006
79157622,79158692,1070,281131
79158692,79159069,377,123270
79159069,79160042,973,65554
79160042,79161270,1228,134121
79161270,79162245,975,135762
79162245,79163458,1213,32451
79163458,79164599,1141,98645
79164599,79165478,879,87732
79165478,79166668,1190,140072
79166668,79167433,765,169291
79167433,79168696,1263,290365
79168696,79168865,169,154838
79168865,79169953,1088,139355
79169953,79170882,929,56179
79170882,79171218,336,130974
79171218,79172532,1314,131004
79172532,79173825,1293,155151
79173825,79175017,1192,58192
79175017,79176179,1162,135897
79176179,79177301,1122,132601
79177301,79177800,499,301694
79177800,79178934,1134,92930
79178934,79180005,1071,54487
79180005,79181082,1077,86026
79181082,79182401,1319,131704
79182401,79183278,877,169293
79183278,79184280,1002,72200
79184280,79185410,1130,295761
79185410,79186570,1160,48830
79186570,79187275,705,292138
79187275,79187473,198,134119
79187473,79188402,929,187024
79188402,79189400,998,136863
79189400,79190187,787,32637
79190187,79191012,825,245707
79191012,79192223,1211,138545
79192223,79193076,853,110054
79193076,79194229,1153,49750
79194229,79194668,439,4145
79194668,79195821,1153,140725
79195821,79197020,1199,110522
79197020,79197923,903,285135
79197923,79198290,367,117866
79198290,79199382,1092,153964
79199382,79200634,1252,293959
79200634,79201975,1341,10822
79201975,79203087,1112,262291
79203087,79204430,1343,11077
79204430,79205514,1084,294554
79205514,79206149,635,132272
79206149,79206527,378,85635
79206527,79207430,903,95963
79207430,79208629,1199,4445
79208629,79209688,1059,109185
79209688,79210823,1135,126739
79210823,79212024,1201,26852
79212024,79212286,262,6557
79212286,79212720,434,65554
79212720,79213908,1188,15081
79213908,79214870,962,176660
79214870,79215837,967,185485
79215837,79216875,1038,41259
79216875,79216974,99,129393
79216974,79218062,1088,43322
79218062,79219123,1061,13056
79219123,79219453,330,39616
79219453,79220002,549,57179
79220002,79220314,312,15305
79220314,79220554,240,163381
79220554,79221502,948,32137
79221502,79222595,1093,105383
79222595,79223782,1187,283138
79223782,79224986,1204,54613
79224986,79226187,1201,174992
79226187,79227444,1257,254918
79227444,79227724,280,129583
79227724,79228447,723,107627
79228447,79229599,1152,1187
79229599,79230765,1166,128990
79230765,79231859,1094,1536
79231859,79233036,1177,64974
79233036,79234157,1121,130103
79234157,79235427,1270,142858
79235427,79236507,1080,1133
79236507,79237732,1225,6506
79237732,79238975,1243,281471
79238975,79240112,1137,8927
79240112,79241326,1214,156973
79241326,79242519,1193,5791
79242519,79243749,1230,61742
79243749,79244949,1200,398
79244949,79246119,1170,395
79246119,79247114,995,123135
79247114,79248431,1317,116805
79248431,79249615,1184,117384
79249615,79250562,947,3587
79250562,79251812,1250,39477
79251812,79252693,881,156718
79252693,79253726,1033,64974
79253726,79255031,1305,58012
79255031,79256155,1124,109176
79256155,79257349,1194,144503
79257349,79258494,1145,47238
79258494,79259755,1261,129974
79259755,79261003,1248,29012
79261003,79262232,1229,700
79262232,79263305,1073,294554
79263305,79264449,1144,106800
79264449,79265681,1232,129064
79265681,79266800,1119,97593
79266800,79268076,1276,216563
79268076,79269299,1223,139710
79269299,79270236,937,395
79270236,79271183,947,47238
79271183,79272493,1310,132782
79272493,79273702,1209,142896
79273702,79274937,1235,176660
79274937,79276010,1073,121799
79276010,79277223,1213,4136
79277223,79278266,1043,102240
79278266,79279379,1113,133227
79279379,79279916,537,130627
79279916,79280225,309,13247
79280225,79280582,357,174511
79280582,79280931,349,141208
79280931,79281761,830,46889
79281761,79282213,452,216570
79282213,79282587,374,185126
79282587,79283834,1247,139356
79283834,79284922,1088,121085
79284922,79286260,1338,47030
79286260,79287474,1214,139356
79287474,79288675,1201,300208
79288675,79289818,1143,5912
79289818,79290954,1136,86732
79290954,79291945,991,102238
79291945,79292918,973,117095
79292918,79293952,1034,55927
79293952,79295138,1186,56840
79295138,79296210,1072,11612
79296210,79297327,1117,84448
79297327,79298496,1169,141791
79298496,79299674,1178,1560
79299674,79300429,755,131732
79300429,79301726,1297,76574
79301726,79301916,190,269254
79301916,79302085,169,13250
79302085,79302350,265,86708
79302350,79303511,1161,14958
79303511,79303888,377,129443
79303888,79304055,167,1189
79304055,79305296,1241,126480
79305296,79306340,1044,292138
79306340,79307591,1251,34497
79307591,79308872,1281,12731
79308872,79309995,1123,10822
79309995,79311135,1140,95441
79311135,79312454,1319,70919
79312454,79313120,666,159056
79313120,79314401,1281,723
79314401,79315650,1249,127525
79315650,79316635,985,7884
79316635,79317885,1250,163505
79317885,79319088,1203,58869
79319088,79320051,963,233382
79320051,79321279,1228,123033
79321279,79322249,970,93276
79322249,79323499,1250,12118
79323499,79324537,1038,136863
79324537,79325704,1167,86710
79325704,79326730,1026,158816
79326730,79327724,994,141613
79327724,79328740,1016,184264
79328740,79330011,1271,112058
79330011,79331313,1302,147159
79331313,79332255,942,6525
79332255,79333403,1148,35926
79333403,79334372,969,715
79334372,79335158,786,132568
79335158,79336348,1190,156155
79336348,79337705,1357,73848
79337705,79338848,1143,101289
79338848,79339263,415,70837
79339263,79340418,1155,105390
79340418,79341556,1138,53638
79341556,79342596,1040,133834
79342596,79342849,253,19366
79342849,79343790,941,8890
79343790,79344760,970,26558
79344760,79346025,1265,270778
79346025,79347187,1162,58090
79347187,79348183,996,231862
79348183,79349384,1201,44586
79349384,79350338,954,126928
79350338,79351582,1244,88086
79351582,79352680,1098,43305
79352680,79353747,1067,64588
79353747,79354773,1026,120325
79354773,79355508,735,132850
79355508,79356774,1266,77361
79356774,79358059,1285,163402
79358059,79359027,968,129388
79359027,79360218,1191,132866
79360218,79361444,1226,73295
79361444,79362569,1125,138033
79362569,79363789,1220,28868
79363789,79364914,1125,156967
79364914,79365473,559,129983
79365473,79366741,1268,86710
79366741,79367864,1123,5791
79367864,79368858,994,137483
79368858,79370163,1305,80192
79370163,79371233,1070,145703
79371233,79372471,1238,101892
79372471,79372936,465,61742
79372936,79374077,1141,86777
79374077,79374614,537,66016
79374614,79375059,445,166420
79375059,79375521,462,45218
79375521,79376618,1097,287357
79376618,79377828,1210,291458
79377828,79378041,213,289242
79378041,79379322,1281,132848
79379322,79380437,1115,56837
79380437,79381527,1090,185125
79381527,79382731,1204,19361
79382731,79383263,532,160187
79383263,79384368,1105,127537
79384368,79385557,1189,300234
79385557,79386768,1211,64708
79386768,79388125,1357,91801
79388125,79389370,1245,7622
79389370,79390356,986,81870
79390356,79391589,1233,123267
79391589,79392710,1121,724
79392710,79393997,1287,141613
79393997,79395142,1145,166423
79395142,79396401,1259,296468
79396401,79397200,799,129752
79397200,79398470,1270,140931
79398470,79399520,1050,124549
79399520,79400805,1285,19371
79400805,79401955,1150,117382
79401955,79403043,1088,137483
79403043,79404282,1239,1562
79404282,79405456,1174,129325
79405456,79406729,1273,104391
79406729,79408012,1283,71405
79408012,79409160,1148,157636
79409160,79410098,938,141209
79410098,79411165,1067,86045
79411165,79412280,1115,12471
79412280,79412947,667,39616
79412947,79414137,1190,170440
79414137,79415228,1091,4447
79415228,79416531,1303,130625
79416531,79417021,490,1043
79417021,79418199,1178,123715
79418199,79419470,1271,281188
79419470,79419691,221,121024
79419691,79420931,1240,290350
79420931,79421963,1032,66347
79421963,79423130,1167,10089
79423130,79423781,651,170438
79423781,79424984,1203,145742
79424984,79426162,1178,163607
79426162,79426761,599,121140
79426761,79427208,447,131735
79427208,79427688,480,91801
79427688,79428947,1259,39477
79428947,79430188,1241,138866
79430188,79431355,1167,83633
79431355,79432624,1269,291101
79432624,79433338,714,85685
79433338,79434020,682,60489
79434020,79435113,1093,141148
79435113,79435833,720,1562
79435833,79436718,885,19208
79436718,79437709,991,233382
79437709,79438636,927,45218
79438636,79439668,1032,5764
79439668,79440682,1014,28380
79440682,79441097,415,10172
79441097,79442324,1227,171134
79442324,79443578,1254,127703
79443578,79444659,1081,130529
79444659,79445521,862,152842
79445521,79445765,244,7622
79445765,79446995,1230,113336
79446995,79447188,193,122827
79447188,79448310,1122,7741
79448310,79449427,1117,50777
79449427,79450502,1075,148962
79450502,79450755,253,131887
79450755,79451367,612,110243
79451367,79452490,1123,160958
79452490,79453725,1235,105405
79453725,79454761,1036,80192
79454761,79456046,1285,105390
79456046,79457119,1073,142727
79457119,79458087,968,121543
79458087,79459297,1210,121658
79459297,79460372,1075,102238
79460372,79461269,897,39501
79461269,79461668,399,16802
79461668,79462034,366,121064
79462034,79463207,1173,127691
79463207,79464437,1230,130493
79464437,79465510,1073,122789
79465510,79466618,1108,72927
79466618,79467667,1049,131295
79467667,79468866,1199,14526
79468866,79470155,1289,16632
79470155,79470769,614,115968
79470769,79471568,799,132848
79471568,79472777,1209,271817
79472777,79473642,865,175448
79473642,79474767,1125,9010
79474767,79475810,1043,92820
79475810,79476857,1047,86039
79476857,79478078,1221,128226
79478078,79478561,483,123176
79478561,79479032,471,53458
79479032,79480150,1118,14358
79480150,79481310,1160,82020
79481310,79482200,890,134728
79482200,79483434,1234,185125
79483434,79484715,1281,31091
79484715,79485817,1102,124994
79485817,79486894,1077,72205
79486894,79487145,251,126842
79487145,79488302,1157,107247
79488302,79489519,1217,292138
79489519,79490767,1248,121106
79490767,79492014,1247,290047
79492014,79492714,700,105179
79492714,79493965,1251,10702
79493965,79495137,1172,138866
79495137,79496224,1087,122441
79496224,79496667,443,156018
79496667,79497447,780,2327
79497447,79497904,457,3586
79497904,79499031,1127,282383
79499031,79499956,925,133440
79499956,79501059,1103,171138
79501059,79502277,1218,133630
79502277,79503442,1165,63885
79503442,79504698,1256,6506
79504698,79505182,484,136863
79505182,79506427,1245,131003
79506427,79507381,954,231837
79507381,79508453,1072,30101
79508453,79509798,1345,363
79509798,79510899,1101,101265
79510899,79512129,1230,300343
79512129,79513317,1188,68358
79513317,79513570,253,135762
79513570,79514712,1142,279775
79514712,79515519,807,9010
79515519,79516472,953,282934
79516472,79517401,929,108066
79517401,79518547,1146,121727
79518547,79519332,785,134160
79519332,79520490,1158,126796
79520490,79521703,1213,300234
79521703,79522804,1101,57179
79522804,79523987,1183,282357
79523987,79525171,1184,12538
79525171,79526019,848,63839
79526019,79526876,857,163505
79526876,79527929,1053,54666
79527929,79528941,1012,129011
79528941,79530095,1154,66347
79530095,79531364,1269,187024
79531364,79532170,806,26951
79532170,79533268,1098,25766
79533268,79534388,1120,105394
79534388,79535476,1088,285135
79535476,79536595,1119,90850
79536595,79537816,1221,152282
79537816,79538741,925,98878
79538741,79540021,1280,57831
79540021,79540256,235,31668
79540256,79541336,1080,292253
79541336,79542430,1094,48377
79542430,79543580,1150,131295
79543580,79544681,1101,161972
79544681,79545874,1193,294523
79545874,79547165,1291,13269
79547165,79548318,1153,142744
79548318,79549566,1248,141644
79549566,79550625,1059,121064
79550625,79551187,562,26496
79551187,79552101,914,26685
79552101,79552882,781,48032
79552882,79553883,1001,10172
79553883,79554907,1024,156718
79554907,79556065,1158,258954
79556065,79556394,329,83607
79556394,79556740,346,144135
79556740,79557752,1012,112187
79557752,79558696,944,61421
79558696,79559920,1224,165428
79559920,79561017,1097,69412
79561017,79561394,377,56574
79561394,79562145,751,39501
79562145,79563030,885,121331
79563030,79564254,1224,9203
79564254,79564593,339,24758
79564593,79564901,308,129597
79564901,79566143,1242,106367
79566143,79567402,1259,54667
79567402,79568661,1259,233366
79568661,79569867,1206,715
79569867,79570108,241,65820
79570108,79571262,1154,5911
79571262,79572539,1277,39970
79572539,79573728,1189,178449
79573728,79574911,1183,4687
79574911,79575684,773,68353
79575684,79576928,1244,67857
79576928,79577685,757,152262
79577685,79578861,1176,184447
79578861,79580029,1168,134717
79580029,79581246,1217,274549
79581246,79582419,1173,133224
79582419,79583620,1201,273050
79583620,79584815,1195,44937
79584815,79585937,1122,50777
79585937,79587234,1297,111961
79587234,79588574,1340,149735
79588574,79589739,1165,11547
79589739,79590926,1187,216563
79590926,79592161,1235,134789
79592161,79593187,1026,352
79593187,79594428,1241,287357
79594428,79595587,1159,126539
79595587,79596842,1255,126312
79596842,79598070,1228,138631
79598070,79598719,649,152824
79598719,79599725,1006,131030
79599725,79600816,1091,141235
79600816,79602111,1295,862
79602111,79603327,1216,73973
79603327,79604416,1089,296159
79604416,79605567,1151,112011
79605567,79606801,1234,14958
79606801,79607955,1154,128631
79607955,79608690,735,84447
79608690,79609404,714,30119
79609404,79610570,1166,54487
79610570,79611219,649,275127
79611219,79611503,284,89940
79611503,79611956,453,24732
79611956,79613171,1215,139797
79613171,79614000,829,46889
79614000,79614805,805,66176
79614805,79615332,527,127731
79615332,79615945,613,73847
79615945,79617151,1206,7591
79617151,79617791,640,89735
79617791,79618266,475,7943
79618266,79619593,1327,127215
79619593,79620298,705,19366
79620298,79621577,1279,1562
79621577,79621941,364,122944
79621941,79622331,390,156977
79622331,79623550,1219,142896
79623550,79624714,1164,147990
79624714,79625461,747,70843
79625461,79626742,1281,16632
79626742,79627955,1213,71420
79627955,79629230,1275,96241
79629230,79630304,1074,9210
79630304,79631405,1101,176853
79631405,79631929,524,269254
79631929,79633126,1197,141248
79633126,79634013,887,58193
79634013,79635121,1108,98644
79635121,79636388,1267,62516
79636388,79637568,1180,79973
79637568,79638051,483,132850
79638051,79639098,1047,56179
79639098,79639454,356,134312
79639454,79639853,399,39515
79639853,79640960,1107,279233
79640960,79642104,1144,126302
79642104,79643355,1251,126232
79643355,79644600,1245,118112
79644600,79644905,305,46889
79644905,79645924,1019,10702
79645924,79647151,1227,293963
79647151,79648008,857,124547
79648008,79648219,211,90847
79648219,79649199,980,4731
79649199,79650152,953,104483
79650152,79650524,372,4145
79650524,79651337,813,99156
79651337,79651712,375,258283
79651712,79652712,1000,156977
79652712,79654042,1330,130728
79654042,79655011,969,123285
79655011,79655611,600,6541
79655611,79656767,1156,57154
79656767,79657780,1013,130489
79657780,79658206,426,276749
79658206,79659488,1282,182389
79659488,79660735,1247,132821
79660735,79661902,1167,122825
79661902,79662901,999,95875
79662901,79663922,1021,129317
79663922,79665089,1167,134120
79665089,79666308,1219,12332
79666308,79667564,1256,284444
79667564,79668900,1336,145083
79668900,79670059,1159,105168
79670059,79670701,642,132484
79670701,79671921,1220,170453
79671921,79672818,897,91902
79672818,79673895,1077,125084
79673895,79674782,887,144999
79674782,79675805,1023,56222
79675805,79676305,500,136271
79676305,79677422,1117,58433
79677422,79678198,776,13247
79678198,79679345,1147,124549
79679345,79680376,1031,88761
79680376,79681548,1172,149880
79681548,79682030,482,106367
79682030,79683319,1289,171107
79683319,79684495,1176,110056
79684495,79685730,1235,114468
79685730,79686295,565,156015
79686295,79687541,1246,110061
79687541,79688502,961,72212
79688502,79689615,1113,178748
79689615,79690959,1344,10160
79690959,79691811,852,130900
79691811,79692194,383,98645
79692194,79693415,1221,5330
79693415,79694628,1213,149791
79694628,79695646,1018,160952
79695646,79696855,1209,121543
79696855,79698018,1163,52088
79698018,79698885,867,101854
79698885,79700074,1189,29092
79700074,79700954,880,8927
79700954,79702128,1174,233342
79702128,79702373,245,184447
79702373,79703390,1017,131704
79703390,79704644,1254,133225
79704644,79705866,1222,124368
79705866,79707009,1143,136458
79707009,79708259,1250,126408
79708259,79708961,702,134170
79708961,79710195,1234,281188
79710195,79711362,1167,296465
79711362,79712436,1074,143307
79712436,79713411,975,130131
79713411,79714234,823,61758
79714234,79715483,1249,258970
79715483,79716402,919,295445
79716402,79717415,1013,167023
79717415,79718615,1200,124990
79718615,79719572,957,107247
79719572,79720730,1158,145088
79720730,79721859,1129,142824
79721859,79723084,1225,182396
79723084,79724347,1263,129623
79724347,79725536,1189,122626
79725536,79726702,1166,5703
79726702,79727185,483,135020
79727185,79728304,1119,125945
79728304,79729341,1037,121899
79729341,79730603,1262,126796
79730603,79731864,1261,45217
79731864,79732873,1009,6541
79732873,79734112,1239,70837
79734112,79735111,999,103126
79735111,79736326,1215,138631
79736326,79737574,1248,67200
79737574,79738583,1009,123882
79738583,79739823,1240,141209
79739823,79740976,1153,71531
79740976,79742087,1111,155646
79742087,79743212,1125,133279
79743212,79744515,1303,8675
79744515,79745747,1232,67863
79745747,79746825,1078,120583
79746825,79748063,1238,127215
79748063,79748910,847,101289
79748910,79750064,1154,134465
79750064,79751151,1087,161975
79751151,79752317,1166,155151
79752317,79753473,1156,155521
79753473,79753938,465,11612
79753938,79754928,990,132800
79754928,79756152,1224,58868
79756152,79757300,1148,254948
79757300,79758578,1278,121331
79758578,79759462,884,98645
79759462,79760681,1219,20410
79760681,79761975,1294,258974
79761975,79763128,1153,112761
79763128,79764205,1077,66185
79764205,79765178,973,131276
79765178,79765806,628,28384
79765806,79767028,1222,26982
79767028,79767845,817,164461
79767845,79768888,1043,133227
79768888,79769272,384,7943
79769272,79769994,722,6397
79769994,79771169,1175,154838
79771169,79772504,1335,156968
79772504,79773761,1257,10327
79773761,79774957,1196,17942
79774957,79775956,999,38026
79775956,79777177,1221,105179
79777177,79778236,1059,139741
79778236,79779068,832,143485
79779068,79779763,695,126480
79779763,79780824,1061,145138
79780824,79781280,456,66347
79781280,79782467,1187,35921
79782467,79783698,1231,287657
79783698,79784787,1089,142318
79784787,79785562,775,147970
79785562,79786316,754,72311
79786316,79787520,1204,168638
79787520,79788733,1213,134830
79788733,79789908,1175,66347
79789908,79790529,621,125941
79790529,79791165,636,95959
79791165,79791460,295,161972
79791460,79792721,1261,66184
79792721,79793901,1180,1532
79793901,79794902,1001,291609
79794902,79795782,880,138488
79795782,79796125,343,140654
79796125,79797268,1143,110127
79797268,79798495,1227,47541
79798495,79799485,990,139009
79799485,79800572,1087,1562
79800572,79801674,1102,156967
79801674,79802835,1161,56837
79802835,79803169,334,135762
79803169,79804442,1273,158081
79804442,79805577,1135,130871
79805577,79806774,1197,125128
79806774,79807831,1057,135826
79807831,79809083,1252,128226
79809083,79809738,655,137141
79809738,79810339,601,135762
79810339,79811586,1247,292253
79811586,79812464,878,123271
79812464,79813549,1085,149939
79813549,79814322,773,85684
79814322,79814877,555,122627
79814877,79816106,1229,73295
79816106,79817103,997,278217
79817103,79818174,1071,138042
79818174,79819392,1218,282385
79819392,79820655,1263,54016
79820655,79821870,1215,11528
79821870,79822043,173,7239
79822043,79823304,1261,20023
79823304,79824537,1233,84447
79824537,79825714,1177,13056
79825714,79826909,1195,138290
79826909,79828093,1184,127732
79828093,79829304,1211,6176
79829304,79830482,1178,132864
79830482,79830949,467,134636
79830949,79831448,499,862
79831448,79832528,1080,83607
79832528,79833469,941,862
79833469,79834762,1293,83708
79834762,79835069,307,166423
79835069,79835498,429,126796
79835498,79836670,1172,30101
79836670,79837789,1119,139009
79837789,79838877,1088,53458
79838877,79840105,1228,130549
79840105,79841380,1275,281132
79841380,79842515,1135,290350
79842515,79843801,1286,22581
79843801,79844726,925,130503
79844726,79846019,1293,275127
79846019,79847294,1275,32136
79847294,79848453,1159,224
79848453,79848760,307,18005
79848760,79850102,1342,21305
79850102,79851165,1063,132707
79851165,79852262,1097,231834
79852262,79853300,1038,170453
79853300,79854611,1311,290365
79854611,79855738,1127,5912
79855738,79856861,1123,258986
79856861,79857716,855,10988
79857716,79858735,1019,113336
79858735,79859870,1135,220980
79859870,79860823,953,289242
79860823,79861600,777,262269
79861600,79862796,1196,134463
79862796,79863368,572,30101
79863368,79864562,1194,65534
79864562,79865185,623,126313
79865185,79866106,921,135249
79866106,79867061,955,145088
79867061,79868291,1230,124547
79868291,79869582,1291,135762
79869582,79870495,913,291458
79870495,79871568,1073,7944
79871568,79872346,778,7622
79872346,79873605,1259,98644
79873605,79874844,1239,6557
79874844,79875737,893,2772
79875737,79876962,1225,138617
79876962,79878122,1160,64717
79878122,79878394,272,86679
79878394,79879517,1123,142744
79879517,79880660,1143,139753
79880660,79881943,1283,142750
79881943,79883082,1139,295761
79883082,79884179,1097,121148
79884179,79884825,646,60480
79884825,79886135,1310,14497
79886135,79886928,793,142752
79886928,79888149,1221,110528
79888149,79889359,1210,271812
79889359,79890578,1219,275128
79890578,79890901,323,176853
79890901,79891928,1027,144965
79891928,79893172,1244,123197
79893172,79894149,977,86710
79894149,79894760,611,128660
79894760,79895946,1186,29101
79895946,79897027,1081,137608
79897027,79898332,1305,66470
79898332,79899410,1078,291384
79899410,79900486,1076,71401
79900486,79901791,1305,148521
79901791,79903081,1290,125123
79903081,79903517,436,58193
79903517,79904734,1217,56778
79904734,79905969,1235,49755
79905969,79906827,858,121799
79906827,79907084,257,104394
79907084,79908330,1246,80534
79908330,79909503,1173,160952
79909503,79910724,1221,69607
79910724,79911239,515,157057
79911239,79912449,1210,126209
79912449,79913331,882,31091
79913331,79914396,1065,106800
79914396,79915609,1213,122467
79915609,79916616,1007,91906
79916616,79917451,835,170951
79917451,79918551,1100,130164
79918551,79919490,939,4662
79919490,79920763,1273,144135
79920763,79921808,1045,92930
79921808,79923028,1220,100431
79923028,79924122,1094,131256
79924122,79924288,166,129064
79924288,79925388,1100,29012
79925388,79926552,1164,52195
79926552,79927682,1130,176680
79927682,79928747,1065,282391
79928747,79929380,633,127518
79929380,79929627,247,157057
79929627,79930162,535,126965
79930162,79931485,1323,252341
79931485,79932666,1181,103126
79932666,79933075,409,176680
79933075,79934300,1225,45204
79934300,79935541,1241,163322
79935541,79936772,1231,121085
79936772,79937339,567,85685
79937339,79938490,1151,281472
79938490,79939364,874,127703
79939364,79940472,1108,10347
79940472,79941491,1019,57179
79941491,79942816,1325,148521
79942816,79943974,1158,155646
79943974,79944288,314,9920
79944288,79945529,1241,70919
79945529,79946389,860,270778
79946389,79947533,1144,132601
79947533,79948585,1052,168204
79948585,79949937,1352,22178
79949937,79951057,1120,85685
79951057,79952327,1270,163597
79952327,79953406,1079,125127
79953406,79954608,1202,148522
79954608,79955855,1247,122828
79955855,79957098,1243,121891
79957098,79958278,1180,132272
79958278,79959509,1231,27120
79959509,79960026,517,158081
79960026,79961205,1179,76974
79961205,79962185,980,176680
79962185,79963355,1170,130530
79963355,79964464,1109,159227
79964464,79965015,551,157242
79965015,79966282,1267,75807
79966282,79967485,1203,68762
79967485,79968466,981,95870
79968466,79969717,1251,18533
79969717,79970846,1129,63713
79970846,79971785,939,142279
79971785,79972302,517,258974
79972302,79973361,1059,27120
79973361,79974436,1075,57831
79974436,79975628,1192,277898
79975628,79976849,1221,73961
79976849,79977910,1061,53638
79977910,79978991,1081,1150
79978991,79980130,1139,156718
79980130,79981392,1262,163527
79981392,79982512,1120,121024
79982512,79983690,1178,75242
79983690,79984975,1285,4861
79984975,79986044,1069,26685
79986044,79987070,1026,77779
79987070,79988337,1267,73024
79988337,79989573,1236,170952
79989573,79990723,1150,135221
79990723,79991965,1242,280380
79991965,79992912,947,131748
79992912,79994019,1107,133273
79994019,79995238,1219,244443
79995238,79996340,1102,2301
79996340,79997022,682,14677
79997022,79998203,1181,147971
79998203,79999518,1315,64956
79999518,80000785,1267,5757
80000785,80001404,619,61316
80001404,80002625,1221,127521
80002625,80003674,1049,105179
80003674,80004921,1247,258993
80004921,80006055,1134,130727
80006055,80007213,1158,39910
80007213,80008348,1135,166423
80008348,80009521,1173,170452
80009521,80010799,1278,131294
80010799,80011797,998,143484
80011797,80012859,1062,127215
80012859,80014088,1229,128309
80014088,80015114,1026,114468
80015114,80016323,1209,78885
80016323,80017607,1284,300234
80017607,80018850,1243,122443
80018850,80019501,651,32139
80019501,80020725,1224,45204
80020725,80021802,1077,27504
80021802,80022237,435,69422
80022237,80023412,1175,10347
80023412,80024643,1231,142858
80024643,80025856,1213,174132
80025856,80026897,1041,96157
80026897,80028038,1141,129597
80028038,80029149,1111,14960
80029149,80030355,1206,158781
80030355,80031442,1087,5330
80031442,80032437,995,178748
80032437,80033525,1088,4158
80033525,80034145,620,52087
80034145,80034956,811,39910
80034956,80036103,1147,39970
80036103,80037347,1244,19585
80037347,80038484,1137,48848
80038484,80039034,550,161972
80039034,80040085,1051,185485
80040085,80040630,545,141148
80040630,80041569,939,142744
80041569,80042368,799,138047
80042368,80042659,291,146437
80042659,80043887,1228,164101
80043887,80045011,1124,352
80045011,80046283,1272,1187
80046283,80046864,581,128633
80046864,80048088,1224,296395
80048088,80048633,545,48579
80048633,80049504,871,150855
80049504,80049689,185,56175
80049689,80050982,1293,53342
80050982,80052194,1212,28380
80052194,80053459,1265,44937
80053459,80054730,1271,4275
80054730,80055869,1139,117382
80055869,80057048,1179,158816
80057048,80058148,1100,147110
80058148,80059320,1172,143893
80059320,80060424,1104,82020
80060424,80061615,1191,57154
80061615,80062654,1039,39475
80062654,80063786,1132,76044
80063786,80064779,993,82558
80064779,80065650,871,135659
80065650,80066657,1007,45217
80066657,80067909,1252,64298
80067909,80069055,1146,77782
80069055,80070164,1109,284445
80070164,80071319,1155,134717
80071319,80072222,903,36386
80072222,80073489,1267,87280
80073489,80074691,1202,110243
80074691,80075930,1239,130127
80075930,80077186,1256,58193
80077186,80078399,1213,98880
80078399,80079585,1186,20028
80079585,80079937,352,70919
80079937,80080929,992,279153
80080929,80081830,901,220951
80081830,80083102,1272,142318
80083102,80084371,1269,132592
80084371,80085255,884,87997
80085255,80086471,1216,12971
80086471,80087682,1211,129011
80087682,80087875,193,90847
80087875,80088813,938,147110
80088813,80090090,1277,88367
80090090,80091232,1142,72205
80091232,80092374,1142,61316
80092374,80093444,1070,9920
80093444,80094639,1195,120280
80094639,80095058,419,154282
80095058,80096260,1202,29110
80096260,80096970,710,135657
80096970,80097903,933,60801
80097903,80099064,1161,29092
80099064,80100192,1128,19376
80100192,80101284,1092,280250
80101284,80101546,262,123192
80101546,80102315,769,53342
80102315,80103498,1183,81870
80103498,80104550,1052,156159
80104550,80105629,1079,89388
80105629,80106236,607,126965
80106236,80107170,934,41259
80107170,80108393,1223,140718
80108393,80109578,1185,123268
80109578,80110767,1189,13269
80110767,80111776,1009,149738
80111776,80113087,1311,48830
80113087,80114322,1235,295761
80114322,80115621,1299,5911
80115621,80116657,1036,80534
80116657,80117830,1173,143005
80117830,80118910,1080,291101
80118910,80120023,1113,101278
80120023,80120248,225,48032
80120248,80121318,1070,124587
80121318,80121943,625,59268
80121943,80123166,1223,19585
80123166,80123976,810,220952
80123976,80124506,530,292138
80124506,80125671,1165,89390
80125671,80126698,1027,128344
80126698,80127784,1086,73961
80127784,80128636,852,34572
80128636,80129815,1179,278217
80129815,80130855,1040,141613
80130855,80131941,1086,12731
80131941,80132398,457,107486
80132398,80132966,568,31091
80132966,80133724,758,136280
80133724,80134684,960,30105
80134684,80135513,829,123192
80135513,80136790,1277,122025
80136790,80138066,1276,135249
80138066,80139361,1295,4654
80139361,80140328,967,284428
80140328,80141421,1093,105574
80141421,80142247,826,69411
80142247,80143362,1115,160602
80143362,80144570,1208,133263
80144570,80145104,534,145138
80145104,80146065,961,5776
80146065,80147203,1138,130625
80147203,80148300,1097,80690
80148300,80149152,852,24731
80149152,80150790,1638,133440
80150790,80151980,1190,133442
80151980,80152632,652,31629
80152632,80152921,289,129393
80152921,80154074,1153,149890
80154074,80155392,1318,216570
80155392,80156610,1218,81881
80156610,80157916,1306,258250
80157916,80159094,1178,168199
80159094,80160334,1240,296395
80160334,80161294,960,64291
80161294,80162585,1291,170440
80162585,80163416,831,137739
80163416,80164469,1053,121127
80164469,80165435,966,161972
80165435,80165761,326,145138
80165761,80167040,1279,56174
80167040,80168073,1033,92812
80168073,80169304,1231,121416
80169304,80170385,1081,68773
80170385,80171586,1201,73075
80171586,80172799,1213,112187
80172799,80173844,1045,104394
80173844,80174945,1101,134728
80174945,80176254,1309,139681
80176254,80176754,500,57154
80176754,80177971,1217,139743
80177971,80179172,1201,65772
80179172,80179800,628,128670
80179800,80180831,1031,3967
80180831,80182028,1197,158796
80182028,80182541,513,167022
80182541,80183700,1159,29092
80183700,80184945,1245,15081
80184945,80186159,1214,44577
80186159,80187271,1112,166423
80187271,80187713,442,176853
80187713,80188473,760,34501
80188473,80189281,808,143485
80189281,80190552,1271,681
80190552,80191425,873,27504
80191425,80191627,202,132717
80191627,80192900,1273,258959
80192900,80193981,1081,133225
80193981,80195270,1289,73075
80195270,80196452,1182,22581
80196452,80197636,1184,11079
80197636,80198902,1266,124547
80198902,80200045,1143,158781
80200045,80201211,1166,102381
80201211,80202509,1298,278289
80202509,80203496,987,110706
80203496,80204334,838,75810
80204334,80205497,1163,132101
80205497,80206128,631,138115
80206128,80206586,458,126796
80206586,80207837,1251,163612
80207837,80209074,1237,125951
80209074,80210259,1185,147159
80210259,80211230,971,47238
80211230,80212447,1217,131882
80212447,80213330,883,164328
80213330,80213769,439,130627
80213769,80215012,1243,16632
80215012,80216223,1211,170956
80216223,80217521,1298,4445
80217521,80218718,1197,41911
80218718,80219872,1154,101836
80219872,80220394,522,67851
80220394,80221571,1177,126955
80221571,80221813,242,124164
80221813,80223070,1257,128344
80223070,80223668,598,8890
80223668,80224391,723,252342
80224391,80224874,483,232057
80224874,80226043,1169,107483
80226043,80226487,444,296473
80226487,80227579,1092,93276
80227579,80227939,360,121658
80227939,80229063,1124,92200
80229063,80229671,608,132530
80229671,80230941,1270,137483
80230941,80231331,390,123048
80231331,80232547,1216,131735
80232547,80233576,1029,71550
80233576,80234742,1166,170982
80234742,80235872,1130,63841
80235872,80237004,1132,104394
80237004,80238047,1043,110238
80238047,80239338,1291,146770
80239338,80240573,1235,130871
80240573,80241714,1141,125943
80241714,80242699,985,134121
80242699,80243733,1034,67200
80243733,80244772,1039,57836
80244772,80245183,411,142311
80245183,80246015,832,124439
80246015,80247146,1131,47541
80247146,80248257,1111,220979
80248257,80249523,1266,143307
80249523,80250614,1091,155944
80250614,80251133,519,122451
80251133,80252245,1112,284433
80252245,80253100,855,14526
80253100,80254038,938,138488
80254038,80254900,862,216570
80254900,80256195,1295,175390
80256195,80257371,1176,130627
80257371,80258560,1189,724
80258560,80259735,1175,43322
80259735,80260406,671,134830
80260406,80261034,628,100044
80261034,80262105,1071,25951
80262105,80263340,1235,154282
80263340,80264439,1099,65772
80264439,80265637,1198,134707
80265637,80266432,795,123882
80266432,80267625,1193,287671
80267625,80268869,1244,144965
80268869,80269930,1061,144986
80269930,80270373,443,182394
80270373,80271516,1143,4691
80271516,80272596,1080,30105
80272596,80273863,1267,54006
80273863,80274969,1106,138901
80274969,80276000,1031,42637
80276000,80276861,861,283138
80276861,80278062,1201,139350
80278062,80279161,1099,71404
80279161,80280424,1263,39970
80280424,80281257,833,80656
80281257,80282307,1050,1189
80282307,80283580,1273,142362
80283580,80284681,1101,144019
80284681,80285307,626,7622
80285307,80286368,1061,63105
80286368,80287523,1155,135894
80287523,80288663,1140,136846
80288663,80289728,1065,178449
80289728,80290583,855,164327
80290583,80291864,1281,184447
80291864,80293048,1184,121148
80293048,80294059,1011,109658
80294059,80295239,1180,279153
80295239,80296504,1265,52088
80296504,80297559,1055,122827
80297559,80298829,1270,19376
80298829,80299980,1151,5764
80299980,80301261,1281,13364
80301261,80302487,1226,4733
80302487,80303705,1218,139361
80303705,80304903,1198,167023
80304903,80306107,1204,14976
80306107,80307312,1205,11079
80307312,80308056,744,50778
80308056,80308355,299,123192
80308355,80309482,1127,131722
80309482,80310127,645,129808
80310127,80311269,1142,121760
80311269,80312466,1197,281472
80312466,80313098,632,1536
80313098,80314251,1153,291101
80314251,80315452,1201,107517
80315452,80316588,1136,145742
80316588,80317761,1173,5084
80317761,80318958,1197,12895
80318958,80320235,1277,57836
80320235,80321000,765,39476
80321000,80322271,1271,141571
80322271,80323508,1237,129064
80323508,80324594,1086,283228
80324594,80325691,1097,39971
80325691,80326992,1301,124994
80326992,80328302,1310,129317
80328302,80329048,746,6525
80329048,80330187,1139,88367
80330187,80331465,1278,140072
80331465,80332723,1258,100045
80332723,80333992,1269,283242
80333992,80335013,1021,10988
80335013,80336141,1128,136861
80336141,80337092,951,130727
80337092,80338371,1279,74798
80338371,80339671,1300,187024
80339671,80340931,1260,44912
80340931,80341248,317,150915
80341248,80341934,686,187466
80341934,80342312,378,94522
80342312,80343475,1163,48579
80343475,80344586,1111,134451
80344586,80345849,1263,166423
80345849,80347116,1267,77361
80347116,80348292,1176,9210
80348292,80349529,1237,130627
80349529,80349880,351,300343
80349880,80350219,339,139404
80350219,80351456,1237,32639
80351456,80352781,1325,32658
80352781,80353859,1078,126932
80353859,80354228,369,24731
80354228,80355482,1254,155521
80355482,80356198,716,126829
80356198,80357215,1017,130101
80357215,80358473,1258,30593
80358473,80359665,1192,46268
80359665,80360852,1187,300208
80360852,80361944,1092,145083
80361944,80363147,1203,61781
80363147,80364324,1177,101276
80364324,80365561,1237,8592
80365561,80366670,1109,278289
80366670,80367929,1259,87732
80367929,80369058,1129,126945
80369058,80369422,364,143361
80369422,80370496,1074,92820
80370496,80371627,1131,144965
80371627,80372773,1146,161226
80372773,80374046,1273,143321
80374046,80374944,898,18524
80374944,80376128,1184,160952
80376128,80377305,1177,276735
80377305,80377668,363,176278
80377668,80378807,1139,4690
80378807,80379853,1046,5912
80379853,80380752,899,134312
80380752,80382005,1253,281472
80382005,80382439,434,245708
80382439,80383599,1160,110131
80383599,80384586,987,39515
80384586,80385737,1151,39913
80385737,80386952,1215,159371
80386952,80387713,761,102526
80387713,80388666,953,28247
80388666,80389023,357,110243
80389023,80390276,1253,140222
80390276,80391518,1242,149939
80391518,80392617,1099,46890
80392617,80393833,1216,144496
80393833,80394806,973,142320
80394806,80396144,1338,80534
80396144,80397401,1257,152264
80397401,80398079,678,126955
80398079,80398882,803,141240
80398882,80399909,1027,117384
80399909,80400430,521,69411
80400430,80401549,1119,141270
80401549,80402685,1136,168626
80402685,80403962,1277,280380
80403962,80404998,1036,112011
80404998,80406205,1207,87997
80406205,80407386,1181,102526
80407386,80408464,1078,129587
80408464,80409777,1313,87280
80409777,80410446,669,142824
80410446,80411354,908,44937
80411354,80412517,1163,282926
80412517,80413602,1085,86045
80413602,80414253,651,171109
80414253,80415544,1291,38026
80415544,80416753,1209,91902
80416753,80417922,1169,232057
80417922,80418972,1050,149880
80418972,80419981,1009,130093
80419981,80421190,1209,57836
80421190,80422203,1013,121064
80422203,80423354,1151,62558
80423354,80424394,1040,130489
80424394,80425662,1268,26558
80425662,80426692,1030,155521
80426692,80427169,477,696
80427169,80428479,1310,46267
80428479,80429782,1303,67233
80429782,80431073,1291,119253
80431073,80431908,835,52088
80431908,80432918,1010,159371
80432918,80434143,1225,696
80434143,80435359,1216,105179
80435359,80435808,449,126945
80435808,80436471,663,123192
80436471,80437750,1279,134312
80437750,80438991,1241,25765
80438991,80440102,1111,12971
80440102,80441246,1144,130184
80441246,80442393,1147,139753
80442393,80443665,1272,159371
80443665,80444473,808,137627
80444473,80445400,927,19376
80445400,80445976,576,121658
80445976,80447052,1076,26894
80447052,80448268,1216,29091
80448268,80449176,908,136280
80449176,80450153,977,109658
80450153,80451340,1187,121331
80451340,80451696,356,146437
80451696,80452103,407,63713
80452103,80452449,346,6174
80452449,80453011,562,176660
80453011,80454155,1144,110243
80454155,80455280,1125,291107
80455280,80456536,1256,1733
80456536,80457075,539,61777
80457075,80458323,1248,127696
80458323,80458528,205,157830
80458528,80459017,489,128636
80459017,80460244,1227,110742
80460244,80461238,994,170982
80461238,80462404,1166,1119
80462404,80463664,1260,279239
80463664,80464619,955,104986
80464619,80464828,209,114256
80464828,80465915,1087,64588
80465915,80466389,474,6524
80466389,80467364,975,76974
80467364,80468113,749,127694
80468113,80469420,1307,124224
80469420,80470482,1062,6525
80470482,80471665,1183,126945
80471665,80472678,1013,276730
80472678,80473852,1174,11535
80473852,80474877,1025,87547
80474877,80476092,1215,147967
80476092,80477165,1073,125118
80477165,80478348,1183,73846
80478348,80479583,1235,123998
80479583,80480883,1300,26853
80480883,80482105,1222,135033
80482105,80482468,363,82904
80482468,80482809,341,4145
80482809,80483324,515,126955
80483324,80484461,1137,18524
80484461,80485089,628,144986
80485089,80485964,875,135635
80485964,80487178,1214,139290
80487178,80488372,1194,129324
80488372,80489615,1243,162129
80489615,80490630,1015,138545
80490630,80491695,1065,73972
80491695,80492479,784,104979
80492479,80493581,1102,142318
80493581,80494770,1189,129582
80494770,80495193,423,131751
80495193,80496386,1193,143022
80496386,80496664,278,134657
80496664,80496915,251,129623
80496915,80497996,1081,99122
80497996,80499123,1127,176263
80499123,80500197,1074,173230
80500197,80501432,1235,103126
80501432,80502565,1133,259009
80502565,80503771,1206,123033
80503771,80504981,1210,64956
80504981,80506027,1046,177627
80506027,80507171,1144,88007
80507171,80508424,1253,258986
80508424,80508738,314,126965
80508738,80509490,752,6541
80509490,80509788,298,77782
80509788,80510931,1143,300234
80510931,80511813,882,121907
80511813,80513046,1233,216570
80513046,80514271,1225,139307
80514271,80515327,1056,147981
80515327,80516389,1062,37999
80516389,80517631,1242,36641
80517631,80518704,1073,216564
80518704,80519822,1118,126829
80519822,80520893,1071,176270
80520893,80522020,1127,122809
80522020,80523205,1185,177641
80523205,80524376,1171,163380
80524376,80525656,1280,1187
80525656,80526740,1084,59239
80526740,80527974,1234,135762
80527974,80529219,1245,31097
80529219,80530444,1225,132705
80530444,80531739,1295,28247
80531739,80532838,1099,275218
80532838,80533811,973,92935
80533811,80534982,1171,74477
80534982,80536123,1141,298549
80536123,80537385,1262,68344
80537385,80537698,313,178449
80537698,80538325,627,130093
80538325,80539382,1057,63095
80539382,80540313,931,83616
80540313,80541448,1135,129582
80541448,80542727,1279,156967
80542727,80543999,1272,141644
80543999,80545166,1167,131218
80545166,80546432,1266,258266
80546432,80547629,1197,165702
80547629,80548788,1159,54006
80548788,80549816,1028,30105
80549816,80550903,1087,86732
80550903,80551959,1056,292604
80551959,80552389,430,14936
80552389,80553263,874,134434
80553263,80554594,1331,175390
80554594,80555778,1184,64708
80555778,80557055,1277,123268
80557055,80557507,452,163612
80557507,80558475,968,44912
80558475,80559627,1152,134707
80559627,80560050,423,154671
80560050,80561109,1059,142858
80561109,80562376,1267,122827
80562376,80563637,1261,144496
80563637,80564849,1212,130229
80564849,80566126,1277,86741
80566126,80567265,1139,131030
80567265,80568486,1221,92915
80568486,80569731,1245,276730
80569731,80570863,1132,289453
80570863,80571991,1128,134434
80571991,80573270,1279,70837
80573270,80574544,1274,64974
80574544,80575801,1257,100045
80575801,80576947,1146,14976
80576947,80578021,1074,59175
80578021,80578824,803,47541
80578824,80579875,1051,99249
80579875,80580878,1003,170982
80580878,80582069,1191,216563
80582069,80583121,1052,169619
80583121,80583692,571,130125
80583692,80584870,1178,134830
80584870,80586008,1138,135659
80586008,80586527,519,101276
80586527,80587756,1229,282926
80587756,80588238,482,284269
80588238,80589215,977,31668
80589215,80590040,825,83616
80590040,80591298,1258,136271
80591298,80592492,1194,135832
80592492,80593689,1197,92805
80593689,80594796,1107,154284
80594796,80595670,874,6525
80595670,80596625,955,234100
80596625,80597497,872,143477
80597497,80598307,810,275218
80598307,80599512,1205,41614
80599512,80600492,980,121727
80600492,80601594,1102,133220
80601594,80602753,1159,121799
80602753,80603644,891,696
80603644,80604055,411,18533
80604055,80605234,1179,133424
80605234,80606303,1069,44937
80606303,80607442,1139,48830
80607442,80608590,1148,300047
80608590,80609140,550,134119
80609140,80609549,409,232057
80609549,80610705,1156,175448
80610705,80611521,816,133290
80611521,80611825,304,122451
80611825,80613001,1176,244431
80613001,80614086,1085,39501
80614086,80614928,842,125882
80614928,80616105,1177,290363
80616105,80616824,719,155949
80616824,80618040,1216,131040
80618040,80619281,1241,143307
80619281,80620406,1125,104391
80620406,80621569,1163,9203
80621569,80622840,1271,147159
80622840,80623062,222,121130
80623062,80624296,1234,96175
80624296,80624916,620,26956
80624916,80626041,1125,26853
80626041,80627249,1208,163597
80627249,80628346,1097,83607
80628346,80629518,1172,137004
80629518,80630716,1198,52088
80630716,80631921,1205,90847
80631921,80632991,1070,134728
80632991,80634003,1012,281132
80634003,80634976,973,245687
80634976,80636231,1255,123047
80636231,80637395,1164,152831
80637395,80637964,569,48579
80637964,80639018,1054,117382
80639018,80639791,773,142744
80639791,80640476,685,142279
80640476,80641546,1070,139727
80641546,80642776,1230,156474
80642776,80643119,343,157056
80643119,80644326,1207,110056
80644326,80644766,440,126965
80644766,80645700,934,290901
80645700,80645856,156,14674
80645856,80646878,1022,147963
80646878,80647884,1006,176256
80647884,80648773,889,133217
80648773,80650053,1280,48032
80650053,80651158,1105,137588
80651158,80652349,1191,126312
80652349,80653323,974,130529
80653323,80653886,563,138289
80653886,80654684,798,5703
80654684,80655809,1125,66347
80655809,80656868,1059,31603
80656868,80657303,435,133211
80657303,80657464,161,26685
80657464,80657736,272,128669
80657736,80658543,807,123602
80658543,80659778,1235,132101
80659778,80660817,1039,141148
80660817,80662148,1331,11077
80662148,80663378,1230,130975
80663378,80664686,1308,245708
80664686,80665862,1176,141268
80665862,80667005,1143,53458
80667005,80668006,1001,174960
80668006,80669076,1070,138290
80669076,80670341,1265,127685
80670341,80671353,1012,77782
80671353,80672376,1023,2301
80672376,80673386,1010,123882
80673386,80674420,1034,123047
80674420,80675683,1263,116804
80675683,80676959,1276,1188
80676959,80677665,706,44912
80677665,80678368,703,40556
80678368,80679445,1077,131030
80679445,80680720,1275,132864
80680720,80681141,421,284445
80681141,80682157,1016,282386
80682157,80683151,994,164328
80683151,80684300,1149,135227
80684300,80685469,1169,156017
80685469,80686619,1150,31603
80686619,80687862,1243,65554
80687862,80689176,1314,122863
80689176,80690273,1097,232057
80690273,80691444,1171,366
80691444,80692594,1150,29012
80692594,80693527,933,123059
80693527,80694496,969,56777
80694496,80695204,708,70753
80695204,80696048,844,44577
80696048,80696947,899,106969
80696947,80698043,1096,73073
80698043,80699100,1057,10088
80699100,80700421,1321,127597
80700421,80701284,863,109185
80701284,80702532,1248,72212
80702532,80703773,1241,73024
80703773,80704628,855,131722
80704628,80705577,949,28384
80705577,80706652,1075,132532
80706652,80707814,1162,273050
80707814,80709007,1193,282926
80709007,80710253,1246,123025
80710253,80711514,1261,132532
80711514,80712206,692,109662
80712206,80712401,195,22179
80712401,80713674,1273,49755
80713674,80714762,1088,282926
80714762,80716006,1244,132101
80716006,80717159,1153,12715
80717159,80718309,1150,5776
80718309,80718746,437,56175
80718746,80719999,1253,132069
80719999,80721097,1098,48842
80721097,80722078,981,147110
80722078,80722280,202,137739
80722280,80723411,1131,41259
80723411,80724454,1043,122655
80724454,80725683,1229,72876
80725683,80726819,1136,48361
80726819,80727273,454,40571
80727273,80728489,1216,76974
80728489,80729529,1040,130588
80729529,80730484,955,135762
80730484,80731770,1286,5330
80731770,80732317,547,135826
80732317,80732625,308,13185
80732625,80733572,947,131722
80733572,80734697,1125,92805
80734697,80735673,976,147110
80735673,80736823,1150,285135
80736823,80737232,409,231862
80737232,80738477,1245,122614
80738477,80739550,1073,138545
80739550,80740621,1071,245708
80740621,80741847,1226,121085
80741847,80742962,1115,296473
80742962,80744104,1142,139710
80744104,80745137,1033,143271
80745137,80746415,1278,83607
80746415,80747550,1135,152831
80747550,80748472,922,155973
80748472,80748913,441,76046
80748913,80750042,1129,7944
80750042,80751313,1271,32856
80751313,80752523,1210,79973
80752523,80753666,1143,66166
80753666,80754713,1047,167022
80754713,80755802,1089,12715
80755802,80756947,1145,130974
80756947,80758017,1070,67218
80758017,80759026,1009,131228
80759026,80760213,1187,149798
80760213,80761427,1214,163612
80761427,80762723,1296,279775
80762723,80763818,1095,12085
80763818,80764087,269,216570
80764087,80765294,1207,129514
80765294,80766541,1247,125123
80766541,80767695,1154,29091
80767695,80768634,939,121720
80768634,80769906,1272,132850
80769906,80771152,1246,130560
80771152,80772320,1168,168497
80772320,80773321,1001,258993
80773321,80774564,1243,54487
80774564,80775490,926,254949
80775490,80776675,1185,138074
80776675,80777236,561,63111
80777236,80777762,526,147989
80777762,80778909,1147,246948
80778909,80780122,1213,133239
80780122,80781309,1187,137739
80781309,80782450,1141,56777
80782450,80783547,1097,121064
80783547,80784762,1215,68369
80784762,80786060,1298,11258
80786060,80787338,1278,126319
80787338,80788598,1260,84357
80788598,80789098,500,290351
80789098,80790378,1280,138074
80790378,80791398,1020,128226
80791398,80792662,1264,123047
80792662,80793321,659,862
80793321,80794610,1289,216564
80794610,80795713,1103,138548
80795713,80796980,1267,131040
80796980,80797789,809,6557
80797789,80799072,1283,32658
80799072,80799525,453,231838
80799525,80800728,1203,66347
80800728,80801973,1245,123190
80801973,80802443,470,161714
80802443,80803451,1008,130131
80803451,80803803,352,282412
80803803,80805000,1197,64713
80805000,80805593,593,60800
80805593,80806668,1075,126955
80806668,80807198,530,85635
80807198,80808352,1154,134465
80808352,80809613,1261,55202
80809613,80810776,1163,12715
80810776,80811922,1146,121907
80811922,80813153,1231,293959
80813153,80814000,847,44577
80814000,80815117,1117,11547
80815117,80815858,741,131113
80815858,80816982,1124,142311
80816982,80818198,1216,54006
80818198,80819292,1094,58868
80819292,80820573,1281,114468
80820573,80821698,1125,127936
80821698,80822135,437,132649
80822135,80823254,1119,123059
80823254,80823706,452,134465
80823706,80824729,1023,80665
80824729,80825874,1145,172165
80825874,80826554,680,109658
80826554,80827703,1149,155521
80827703,80828491,788,5758
80828491,80829822,1331,130876
80829822,80830992,1170,143477
80830992,80832250,1258,121140
80832250,80833514,1264,155968
80833514,80834447,933,71402
80834447,80835648,1201,291718
80835648,80836768,1120,171107
80836768,80837865,1097,155151
80837865,80838936,1071,157243
80838936,80840022,1086,163527
80840022,80840301,279,129623
80840301,80841510,1209,132069
80841510,80842585,1075,10702
80842585,80843511,926,135891
80843511,80844140,629,124164
80844140,80845317,1177,145145
80845317,80846391,1074,2777
80846391,80847486,1095,284444
80847486,80848678,1192,291172
80848678,80849794,1116,9210
80849794,80850949,1155,64588
80850949,80852054,1105,101276
80852054,80853387,1333,101883
80853387,80854669,1282,131226
80854669,80854997,328,121080
80854997,80856148,1151,141208
80856148,80857275,1127,117382
80857275,80858451,1176,44577
80858451,80859598,1147,130876
80859598,80860794,1196,147110
80860794,80861497,703,136983
80861497,80862532,1035,48848
80862532,80863709,1177,8592
80863709,80864908,1199,276908
80864908,80865975,1067,170950
80865975,80867037,1062,294554
80867037,80867636,599,84010
80867636,80868738,1102,144965
80868738,80869702,964,72311
80869702,80870681,979,756
80870681,80871747,1066,123269
80871747,80872532,785,758
80872532,80873630,1098,270777
80873630,80874865,1235,284269
80874865,80876025,1160,157636
80876025,80877043,1018,126860
80877043,80878083,1040,130544
80878083,80879355,1272,140072
80879355,80880551,1196,51163
80880551,80881802,1251,141148
80881802,80882927,1125,104637
80882927,80883774,847,62516
80883774,80884878,1104,164101
80884878,80885247,369,284268
80885247,80886433,1186,126296
80886433,80887568,1135,12971
80887568,80888767,1199,40544
80888767,80889866,1099,216570
80889866,80890554,688,7894
80890554,80891725,1171,54487
80891725,80892912,1187,108620
80892912,80894073,1161,56778
80894073,80895063,990,96672
80895063,80896176,1113,48525
80896176,80897187,1011,80690
80897187,80898408,1221,29110
80898408,80899585,1177,157830
80899585,80900682,1097,143264
80900682,80901239,557,129393
80901239,80902231,992,134463
80902231,80903156,925,126796
80903156,80904311,1155,31668
80904311,80905492,1181,133424
80905492,80906722,1230,121148
80906722,80907737,1015,121734
80907737,80908804,1067,158081
80908804,80909975,1171,131295
80909975,80911018,1043,138486
80911018,80912317,1299,26982
80912317,80913619,1302,142745
80913619,80914795,1176,22179
80914795,80915990,1195,147045
80915990,80917272,1282,121899
80917272,80917775,503,68344
80917775,80918313,538,285135
80918313,80919181,868,163384
80919181,80920302,1121,101283
80920302,80920741,439,58193
80920741,80921068,327,18005
80921068,80922155,1087,114469
80922155,80923237,1082,135580
80923237,80923740,503,163612
80923740,80924739,999,282926
80924739,80925972,1233,287671
80925972,80927051,1079,83633
80927051,80927956,905,92420
80927956,80929143,1187,168497
80929143,80930343,1200,123602
80930343,80931442,1099,143005
80931442,80932717,1275,296078
80932717,80933892,1175,41170
80933892,80935008,1116,131704
80935008,80935956,948,11734
80935956,80937097,1141,14358
80937097,80938368,1271,141270
80938368,80939448,1080,86777
80939448,80940655,1207,127691
80940655,80941804,1149,139009
80941804,80942910,1106,138047
80942910,80943316,406,110054
80943316,80944558,1242,140222
80944558,80944919,361,126959
80944919,80946173,1254,170982
80946173,80946404,231,12544
80946404,80947697,1293,295710
80947697,80949038,1341,43296
80949038,80949317,279,116804
80949317,80950453,1136,136863
80950453,80951613,1160,19366
80951613,80952195,582,135892
80952195,80953143,948,138866
80953143,80953423,280,164927
80953423,80954126,703,216570
80954126,80955365,1239,155944
80955365,80956498,1133,48579
80956498,80957762,1264,8912
80957762,80959091,1329,135824
80959091,80959744,653,288044
80959744,80960911,1167,66185
80960911,80962182,1271,163507
80962182,80963439,1257,155646
80963439,80964491,1052,15082
80964491,80965361,870,77778
80965361,80966707,1346,134792
80966707,80967688,981,126600
80967688,80968813,1125,73024
80968813,80969906,1093,126296
80969906,80971000,1094,11079
80971000,80972074,1074,157636
80972074,80973199,1125,116805
80973199,80974358,1159,58868
80974358,80975578,1220,59167
80975578,80976711,1133,14497
80976711,80977148,437,173591
80977148,80978391,1243,157236
80978391,80979602,1211,274379
80979602,80980722,1120,153958
80980722,80981896,1174,142745
80981896,80982979,1083,143893
80982979,80984281,1302,159386
80984281,80985540,1259,4136
80985540,80986696,1156,149880
80986696,80987272,576,26950
80987272,80988478,1206,39501
80988478,80989523,1045,18524
80989523,80990808,1285,39478
80990808,80991994,1186,92935
80991994,80992353,359,130517
80992353,80993525,1172,137483
80993525,80993746,221,82558
80993746,80994370,624,104394
80994370,80995508,1138,139710
80995508,80996608,1100,1562
80996608,80997103,495,14013
80997103,80998140,1037,292604
80998140,80999232,1092,145700
80999232,80999675,443,295759
80999675,81000707,1032,1732
81000707,81002031,1324,56777
81002031,81003082,1051,5330
81003082,81004161,1079,105394
81004161,81005377,1216,158074
81005377,81006264,887,48525
81006264,81007479,1215,134728
81007479,81007973,494,37092
81007973,81008813,840,163384
81008813,81009440,627,73847
81009440,81009664,224,110243
81009664,81010947,1283,101276
81010947,81012063,1116,110238
81012063,81012867,804,61317
81012867,81014030,1163,121079
81014030,81015257,1227,1532
81015257,81016378,1121,130625
81016378,81017585,1207,95875
81017585,81018690,1105,25766
81018690,81019750,1060,244443
81019750,81020501,751,84010
81020501,81021733,1232,19208
81021733,81022718,985,77782
81022718,81023722,1004,170976
81023722,81024896,1174,114468
81024896,81026097,1201,132537
81026097,81027060,963,66622
81027060,81028265,1205,294554
81028265,81029437,1172,82020
81029437,81029716,279,56174
81029716,81030907,1191,134312
81030907,81031996,1089,129659
81031996,81032531,535,147193
81032531,81033814,1283,144987
81033814,81035041,1227,302000
81035041,81036098,1057,130994
81036098,81037337,1239,258266
81037337,81038376,1039,132717
81038376,81039505,1129,167022
81039505,81040635,1130,271811
81040635,81041898,1263,120325
81041898,81042797,899,108638
81042797,81043921,1124,135227
81043921,81044514,593,10822
81044514,81045725,1211,131203
81045725,81046912,1187,160592
81046912,81047326,414,1188
81047326,81048581,1255,154838
81048581,81049860,1279,73847
81049860,81051007,1147,18006
81051007,81052180,1173,9210
81052180,81053188,1008,87791
81053188,81054351,1163,174132
81054351,81054810,459,83696
81054810,81055705,895,290365
81055705,81056946,1241,10089
81056946,81058015,1069,5703
81058015,81059160,1145,137770
81059160,81059660,500,366
81059660,81060838,1178,160953
81060838,81061888,1050,104890
81061888,81063017,1129,138617
81063017,81064209,1192,12971
81064209,81065187,978,102238
81065187,81066138,951,134312
81066138,81067231,1093,126965
81067231,81068159,928,13269
81068159,81069324,1165,122467
81069324,81069846,522,77361
81069846,81070997,1151,128631
81070997,81072198,1201,95959
81072198,81073308,1110,130727
81073308,81074217,909,246904
81074217,81075382,1165,88483
81075382,81076341,959,2327
81076341,81077373,1032,89388
81077373,81078617,1244,185125
81078617,81079726,1109,130296
81079726,81080736,1010,158074
81080736,81081439,703,104890
81081439,81082452,1013,135814
81082452,81082998,546,67851
81082998,81084265,1267,50777
81084265,81085226,961,171137
81085226,81086029,803,143895
81086029,81086974,945,176698
81086974,81088126,1152,128345
81088126,81089206,1080,119637
81089206,81089761,555,277898
81089761,81090870,1109,130131
81090870,81091829,959,66176
81091829,81093066,1237,138033
81093066,81094276,1210,41151
81094276,81095532,1256,129623
81095532,81096445,913,11734
81096445,81097633,1188,127696
81097633,81098925,1292,131113
81098925,81100160,1235,15307
81100160,81101437,1277,129396
81101437,81101972,535,122801
81101972,81103179,1207,363
81103179,81104193,1014,1133
81104193,81105285,1092,365
81105285,81106484,1199,107487
81106484,81107661,1177,78885
81107661,81108936,1275,121543
81108936,81110065,1129,135832
81110065,81111172,1107,159386
81111172,81112325,1153,132705
81112325,81113325,1000,91905
81113325,81113778,453,161101
81113778,81114177,399,139361
81114177,81115489,1312,293963
81115489,81116484,995,30106
81116484,81116965,481,143625
81116965,81118211,1246,110061
81118211,81119389,1178,124164
81119389,81120596,1207,130566
81120596,81121777,1181,232057
81121777,81122842,1065,95963
81122842,81124025,1183,133447
81124025,81124984,959,281131
81124984,81126281,1297,283462
81126281,81126970,689,123271
81126970,81127955,985,291107
81127955,81128337,382,55202
81128337,81129504,1167,56222
81129504,81130367,863,126312
81130367,81130766,399,120282
81130766,81132044,1278,44912
81132044,81132139,95,142824
81132139,81133296,1157,6174
81133296,81134368,1072,142363
81134368,81135595,1227,14936
81135595,81136829,1234,182389
81136829,81138013,1184,67218
81138013,81139231,1218,35926
81139231,81139492,261,86026
81139492,81140519,1027,86683
81140519,81140699,180,56777
81140699,81141893,1194,17942
81141893,81143103,1210,139350
81143103,81144155,1052,62558
81144155,81144529,374,58137
81144529,81145856,1327,132280
81145856,81146943,1087,150127
81146943,81147934,991,130495
81147934,81148356,422,11243
81148356,81149653,1297,862
81149653,81149974,321,129623
81149974,81151067,1093,139356
81151067,81151331,264,121907
81151331,81152281,950,122467
81152281,81153550,1269,134592
81153550,81154601,1051,110054
81154601,81155775,1174,128660
81155775,81156915,1140,66465
81156915,81158078,1163,122863
81158078,81159316,1238,44937
81159316,81160568,1252,294700
81160568,81161697,1129,34501
81161697,81162688,991,129443
81162688,81163150,462,142311
81163150,81163691,541,41610
81163691,81164978,1287,1732
81164978,81166017,1039,121528
81166017,81167101,1084,246904
81167101,81167578,477,18533
81167578,81168405,827,152224
81168405,81169661,1256,138047
81169661,81170682,1021,40556
81170682,81171406,724,130994
81171406,81172592,1186,130728
81172592,81173589,997,84122
81173589,81174650,1061,135229
81174650,81175761,1111,155949
81175761,81176560,799,144135
81176560,81177631,1071,96151
81177631,81178234,603,290350
81178234,81178733,499,126319
81178733,81179983,1250,58090
81179983,81181218,1235,82020
81181218,81182268,1050,39910
81182268,81182872,604,158796
81182872,81184037,1165,123190
81184037,81185139,1102,280380
81185139,81186090,951,7591
81186090,81187246,1156,87508
81187246,81188426,1180,142752
81188426,81189669,1243,290365
81189669,81190894,1225,100145
81190894,81191805,911,126965
81191805,81192428,623,51162
81192428,81193548,1120,142750
81193548,81194833,1285,130993
81194833,81196090,1257,75362
81196090,81197359,1269,300234
81197359,81198655,1296,4691
81198655,81199530,875,123284
81199530,81200763,1233,102239
81200763,81201970,1207,182394
81201970,81203109,1139,32856
81203109,81203867,758,138290
81203867,81205132,1265,152825
81205132,81206331,1199,220979
81206331,81207568,1237,126955
81207568,81208743,1175,143005
81208743,81209953,1210,105168
81209953,81211262,1309,281188
81211262,81212286,1024,125002
81212286,81213348,1062,135824
81213348,81213910,562,39478
81213910,81215015,1105,301693
81215015,81216330,1315,124368
81216330,81217568,1238,121907
81217568,81218422,854,58868
81218422,81219373,951,123190
81219373,81219714,341,131899
81219714,81221000,1286,74797
81221000,81222224,1224,174953
81222224,81223317,1093,129393
81223317,81223576,259,143948
81223576,81224661,1085,41151
81224661,81225920,1259,107247
81225920,81227212,1292,104717
81227212,81227921,709,287659
81227921,81229059,1138,135897
81229059,81229807,748,130184
81229807,81230021,214,138032
81230021,81231199,1178,39661
81231199,81232496,1297,3966
81232496,81233737,1241,125883
81233737,81234979,1242,101892
81234979,81236114,1135,14960
81236114,81237303,1189,28380
81237303,81238157,854,48579
81238157,81238540,383,124990
81238540,81239573,1033,126928
81239573,81240654,1081,131751
81240654,81241617,963,74797
81241617,81242892,1275,20028
81242892,81243970,1078,128345
81243970,81245149,1179,134465
81245149,81246270,1121,110742
81246270,81247163,893,127703
81247163,81248228,1065,245687
81248228,81248872,644,68361
81248872,81249231,359,126945
81249231,81249448,217,131735
81249448,81250719,1271,41151
81250719,81251948,1229,68770
81251948,81253123,1175,82020
81253123,81254253,1130,292252
81254253,81255464,1211,133224
81255464,81256541,1077,130876
81256541,81257341,800,73075
81257341,81258318,977,86026
81258318,81259433,1115,12971
81259433,81260680,1247,30119
81260680,81261691,1011,104491
81261691,81262909,1218,129983
81262909,81264136,1227,68770
81264136,81264847,711,6398
81264847,81265724,877,121543
81265724,81266759,1035,1119
81266759,81267938,1179,861
81267938,81268792,854,92427
81268792,81269672,880,136271
81269672,81270864,1192,284428
81270864,81272159,1295,121069
81272159,81273462,1303,10172
81273462,81274633,1171,130900
81274633,81275886,1253,41610
81275886,81277186,1300,55088
81277186,81278383,1197,63713
81278383,81279538,1155,70919
81279538,81280879,1341,60801
81280879,81281799,920,244443
81281799,81282858,1059,4662
81282858,81284024,1166,112592
81284024,81285113,1089,148993
81285113,81286314,1201,244443
81286314,81287471,1157,141148
81287471,81288580,1109,153728
81288580,81289773,1193,39501
81289773,81290836,1063,54613
81290836,81292001,1165,28384
81292001,81293082,1081,132864
81293082,81293888,806,149791
81293888,81294794,906,157644
81294794,81296001,1207,9203
81296001,81297283,1282,87508
81297283,81298515,1232,140222
81298515,81299596,1081,122944
81299596,81299974,378,129623
81299974,81300786,812,121799
81300786,81301689,903,126860
81301689,81302691,1002,152864
81302691,81303710,1019,128990
81303710,81304143,433,58433
81304143,81305291,1148,124520
81305291,81306530,1239,137608
81306530,81307665,1135,121064
81307665,81308923,1258,73972
81308923,81309456,533,9210
81309456,81310523,1067,150915
81310523,81311660,1137,170212
81311660,81312783,1123,86741
81312783,81314091,1308,22178
81314091,81315155,1064,169656
81315155,81316061,906,132532
81316061,81317058,997,142824
81317058,81318095,1037,105405
81318095,81319270,1175,175390
81319270,81320414,1144,87508
81320414,81320969,555,130296
81320969,81321555,586,39476
81321555,81322704,1149,124164
81322704,81323193,489,296473
81323193,81323788,595,121541
81323788,81324943,1155,120325
81324943,81325981,1038,87280
81325981,81327051,1070,292252
81327051,81327615,564,232057
81327615,81328746,1131,4145
81328746,81329890,1144,185125
81329890,81331166,1276,135636
81331166,81331408,242,129396
81331408,81332084,676,6541
81332084,81332940,856,28465
81332940,81334105,1165,258250
81334105,81335222,1117,86683
81335222,81335828,606,130871
81335828,81337012,1184,292138
81337012,81337725,713,66464
81337725,81338654,929,121068
81338654,81339217,563,232690
81339217,81340416,1199,134708
81340416,81341679,1263,113336
81341679,81342684,1005,126796
81342684,81343934,1250,117382
81343934,81345162,1228,10702
81345162,81345987,825,169656
81345987,81347257,1270,104394
81347257,81347643,386,7591
81347643,81347864,221,115686
81347864,81348357,493,14526
81348357,81348816,459,136846
81348816,81349919,1103,21305
81349919,81350642,723,152831
81350642,81350927,285,158074
81350927,81351735,808,258960
81351735,81352884,1149,5330
81352884,81353921,1037,84122
81353921,81354641,720,130164
81354641,81355890,1249,284445
81355890,81356987,1097,138115
81356987,81358242,1255,130900
81358242,81359053,811,121671
81359053,81359438,385,124224
81359438,81360439,1001,139308
81360439,81361179,740,76046
81361179,81362431,1252,88761
81362431,81363483,1052,143321
81363483,81364355,872,86043
81364355,81365520,1165,233366
81365520,81366716,1196,134465
81366716,81367924,1208,10347
81367924,81369006,1082,258960
81369006,81370312,1306,166420
81370312,81370560,248,58193
81370560,81371389,829,41166
81371389,81372702,1313,126860
81372702,81373947,1245,65772
81373947,81374198,251,130184
81374198,81375365,1167,123025
81375365,81376542,1177,56174
81376542,81377699,1157,140725
81377699,81378019,320,232690
81378019,81378292,273,126955
81378292,81378871,579,62850
81378871,81379058,187,56174
81379058,81380230,1172,294551
81380230,81381439,1209,114256
81381439,81382419,980,154284
81382419,81383675,1256,92930
81383675,81384412,737,84357
81384412,81385621,1209,162129
81385621,81386485,864,124439
81386485,81387684,1199,67147
81387684,81388702,1018,184264
81388702,81389936,1234,43296
81389936,81391004,1068,290365
81391004,81392221,1217,121661
81392221,81393355,1134,158081
81393355,81394603,1248,30591
81394603,81395513,910,82558
81395513,81396600,1087,135657
81396600,81397795,1195,115047
81397795,81398956,1161,73024
81398956,81399923,967,129325
81399923,81400906,983,149798
81400906,81402010,1104,40544
81402010,81403201,1191,126233
81403201,81404514,1313,141268
81404514,81405452,938,49755
81405452,81406630,1178,48842
81406630,81406916,286,121127
81406916,81407059,143,163402
81407059,81407347,288,129623
81407347,81407755,408,125951
81407755,81408872,1117,14674
81408872,81409952,1080,6541
81409952,81411054,1102,130532
81411054,81412343,1289,68369
81412343,81413532,1189,163612
81413532,81414627,1095,69607
81414627,81415668,1041,10701
81415668,81416899,1231,123507
81416899,81417177,278,166683
81417177,81418434,1257,278289
81418434,81419653,1219,39971
81419653,81419975,322,135832
81419975,81421177,1202,44937
81421177,81422202,1025,277899
81422202,81422708,506,157400
81422708,81423173,465,132717
81423173,81424383,1210,135020
81424383,81425471,1088,291107
81425471,81426722,1251,112056
81426722,81427829,1107,166433
81427829,81428937,1108,171133
81428937,81430211,1274,131040
81430211,81431170,959,131899
81431170,81432403,1233,7574
81432403,81433433,1030,285314
81433433,81434769,1336,143485
81434769,81435855,1086,129440
81435855,81437150,1295,166420
81437150,81437642,492,133224
81437642,81438761,1119,39478
81438761,81440012,1251,252342
81440012,81441177,1165,278220
81441177,81442236,1059,121064
81442236,81442709,473,129514
81442709,81443064,355,138488
81443064,81443765,701,295445
81443765,81444660,895,120280
81444660,81445724,1064,134785
81445724,81446873,1149,64974
81446873,81448116,1243,132272
81448116,81448574,458,132718
81448574,81449788,1214,121148
81449788,81450892,1104,87766
81450892,81452160,1268,61356
81452160,81453301,1141,157243
81453301,81454493,1192,124439
81454493,81455621,1128,132717
81455621,81456800,1179,101276
81456800,81456915,115,129396
81456915,81458034,1119,129388
81458034,81459208,1174,20023
81459208,81460276,1068,141242
81460276,81460764,488,19214
81460764,81460961,197,141209
81460961,81462186,1225,279856
81462186,81463416,1230,30101
81463416,81464588,1172,1043
81464588,81465722,1134,126851
81465722,81466951,1229,129583
81466951,81468033,1082,124999
81468033,81468500,467,26895
81468500,81468741,241,83616
81468741,81469820,1079,168626
81469820,81470451,631,124990
81470451,81471788,1337,96241
81471788,81472935,1147,135657
81472935,81474194,1259,681
81474194,81474698,504,121331
81474698,81475689,991,277899
81475689,81476927,1238,40556
81476927,81477937,1010,67592
81477937,81479113,1176,94876
81479113,81480148,1035,3966
81480148,81481236,1088,131113
81481236,81482167,931,245687
81482167,81483146,979,123715
81483146,81484196,1050,295761
81484196,81485205,1009,14929
81485205,81486396,1191,161226
81486396,81487697,1301,48362
81487697,81488856,1159,282385
81488856,81490126,1270,12731
81490126,81491247,1121,284433
81491247,81491692,445,44585
81491692,81492060,368,26987
81492060,81493219,1159,71420
81493219,81494443,1224,110238
81494443,81495620,1177,121068
81495620,81496575,955,122809
81496575,81497518,943,130489
81497518,81497923,405,3586
81497923,81498962,1039,15307
81498962,81500221,1259,141644
81500221,81500880,659,11077
81500880,81501981,1101,137614
81501981,81502724,743,8157
81502724,81503673,949,29101
81503673,81504862,1189,124595
81504862,81505899,1037,126945
81505899,81506776,877,86045
81506776,81507743,967,143895
81507743,81508229,486,132705
81508229,81509462,1233,134119
81509462,81510710,1248,110061
81510710,81511429,719,126408
81511429,81512648,1219,121079
81512648,81513529,881,171137
81513529,81514740,1211,64717
81514740,81515442,702,232690
81515442,81516126,684,26852
81516126,81517215,1089,64974
81517215,81518479,1264,105167
81518479,81519664,1185,162130
81519664,81519911,247,133211
81519911,81521148,1237,43305
81521148,81522170,1022,126955
81522170,81522641,471,14929
81522641,81523385,744,136280
81523385,81524119,734,72210
81524119,81525239,1120,48848
81525239,81526502,1263,70919
81526502,81527579,1077,133395
81527579,81528774,1195,58869
81528774,81529697,923,147970
81529697,81530887,1190,98877
81530887,81531841,954,6174
81531841,81533128,1287,82458
81533128,81534230,1102,3961
81534230,81534505,275,134312
81534505,81535712,1207,89390
81535712,81536947,1235,126577
81536947,81538046,1099,233382
81538046,81538373,327,134312
81538373,81539546,1173,170977
81539546,81540157,611,152264
81540157,81541119,962,133220
81541119,81542132,1013,61781
81542132,81543275,1143,130974
81543275,81544376,1101,1150
81544376,81545283,907,160964
81545283,81546424,1141,87791
81546424,81547425,1001,176263
81547425,81548556,1131,13364
81548556,81549508,952,102232
81549508,81550730,1222,56840
81550730,81551815,1085,58192
81551815,81552857,1042,74797
81552857,81553323,466,87997
81553323,81554440,1117,18005
81554440,81555534,1094,57154
81555534,81556802,1268,278217
81556802,81557714,912,144496
81557714,81558933,1219,130993
81558933,81559981,1048,130532
81559981,81560934,953,82904
81560934,81561781,847,127215
81561781,81562981,1200,27504
81562981,81563351,370,122451
81563351,81564332,981,143361
81564332,81565617,1285,100044
81565617,81566726,1109,262305
81566726,81567884,1158,82904
81567884,81569065,1181,155973
81569065,81570207,1142,92820
81570207,81571561,1354,138548
81571561,81572394,833,147045
81572394,81573741,1347,94108
81573741,81574879,1138,159386
81574879,81576100,1221,67860
81576100,81577085,985,160953
81577085,81577461,376,294114
81577461,81578729,1268,47032
81578729,81579820,1091,155972
81579820,81580883,1063,94876
81580883,81582098,1215,293168
81582098,81583208,1110,291101
81583208,81584434,1226,156718
81584434,81585677,1243,140718
81585677,81586814,1137,132821
81586814,81588025,1211,130870
81588025,81589279,1254,126737
81589279,81589508,229,141209
81589508,81590615,1107,109174
81590615,81591870,1255,137618
81591870,81592887,1017,70753
81592887,81593116,229,153309
81593116,81593675,559,142311
81593675,81594925,1250,283228
81594925,81596104,1179,18006
81596104,81597234,1130,107486
81597234,81598345,1111,11243
81598345,81599452,1107,284268
81599452,81600617,1165,66184
81600617,81600996,379,156014
81600996,81601264,268,232057
81601264,81602577,1313,187018
81602577,81603033,456,296465
81603033,81604241,1208,54016
81604241,81605489,1248,31097
81605489,81605887,398,141819
81605887,81607009,1122,46890
81607009,81608210,1201,134463
81608210,81609457,1247,99156
81609457,81610536,1079,136054
81610536,81610780,244,15082
81610780,81611075,295,7239
81611075,81612350,1275,105673
81612350,81613329,979,104890
81613329,81614275,946,141268
81614275,81615255,980,86683
81615255,81615929,674,121064
81615929,81617108,1179,126410
81617108,81618201,1093,132499
81618201,81619461,1260,108620
81619461,81620514,1053,84010
81620514,81621770,1256,1188
81621770,81622971,1201,6557
81622971,81623992,1021,148521
81623992,81624541,549,246892
81624541,81625623,1082,104978
81625623,81626795,1172,110742
81626795,81627775,980,64708
81627775,81629003,1228,275128
81629003,81630160,1157,123192
81630160,81631301,1141,47237
81631301,81631572,271,4275
81631572,81632642,1070,132300
81632642,81633893,1251,286306
81633893,81635110,1217,291107
81635110,81636451,1341,286306
81636451,81637634,1183,161166
81637634,81638797,1163,208
81638797,81640052,1255,95441
81640052,81641236,1184,104978
81641236,81642182,946,102381
81642182,81643403,1221,101289
81643403,81644552,1149,139297
81644552,81645665,1113,134451
81645665,81646799,1134,39971
81646799,81647867,1068,294554
81647867,81648983,1116,99249
81648983,81650170,1187,1187
81650170,81651416,1246,137106
81651416,81652526,1110,157054
81652526,81653108,582,140654
81653108,81654248,1140,45217
81654248,81655419,1171,282357
81655419,81656674,1255,24516
81656674,81657013,339,32637
81657013,81658162,1149,126296
81658162,81658654,492,129396
81658654,81659957,1303,171133
81659957,81661146,1189,80189
81661146,81662203,1057,150715
81662203,81663442,1239,100044
81663442,81664642,1200,9342
81664642,81665931,1289,71404
81665931,81667066,1135,134816
81667066,81668321,1255,139753
81668321,81668771,450,130548
81668771,81669282,511,152282
81669282,81670425,1143,170438
81670425,81671246,821,75355
81671246,81671662,416,150715
81671662,81672991,1329,48842
81672991,81673574,583,70753
81673574,81674295,721,139355
81674295,81675531,1236,130296
81675531,81676748,1217,105179
81676748,81677665,917,48032
81677665,81678864,1199,395
81678864,81679880,1016,96175
81679880,81680993,1113,61776
81680993,81681916,923,126408
81681916,81683117,1201,6175
81683117,81684256,1139,156973
81684256,81685386,1130,161101
81685386,81686437,1051,126945
81686437,81687226,789,160602
81687226,81688361,1135,135221
81688361,81689593,1232,19376
81689593,81690807,1214,81870
81690807,81691694,887,80192
81691694,81692813,1119,9210
81692813,81693866,1053,110054
81693866,81695169,1303,258283
81695169,81696325,1156,86588
81696325,81697556,1231,182394
81697556,81698803,1247,138045
81698803,81699805,1002,28384
81699805,81701037,1232,120330
81701037,81702301,1264,129066
81702301,81703480,1179,163606
81703480,81703979,499,92934
81703979,81705178,1199,44576
81705178,81706411,1233,696
81706411,81707457,1046,92805
81707457,81708541,1084,67218
81708541,81709541,1000,12103
81709541,81710764,1223,176682
81710764,81711989,1225,144485
81711989,81712980,991,18005
81712980,81714142,1162,104394
81714142,81715180,1038,122451
81715180,81716451,1271,19373
81716451,81717268,817,58137
81717268,81718369,1101,140067
81718369,81719392,1023,8592
81719392,81720697,1305,262291
81720697,81721773,1076,71550
81721773,81723000,1227,177234
81723000,81724245,1245,46588
81724245,81725228,983,73073
81725228,81726047,819,126480
81726047,81727253,1206,280922
81727253,81727978,725,169293
81727978,81729178,1200,246892
81729178,81730372,1194,106974
81730372,81731473,1101,58776
81731473,81732754,1281,6398
81732754,81733782,1028,134592
81733782,81734067,285,104717
81734067,81735302,1235,154673
81735302,81735747,445,68369
81735747,81736802,1055,113273
81736802,81738039,1237,1150
81738039,81738622,583,136458
81738622,81739596,974,136280
81739596,81740593,997,126408
81740593,81741835,1242,58776
81741835,81742838,1003,148993
81742838,81744033,1195,862
81744033,81745091,1058,274549
81745091,81746194,1103,258954
81746194,81747086,892,234106
81747086,81748236,1150,131106
81748236,81749228,992,83708
81749228,81749815,587,128678
81749815,81750698,883,110526
81750698,81751914,1216,10822
81751914,81753031,1117,147045
81753031,81754213,1182,140041
81754213,81755385,1172,130569
81755385,81756742,1357,67200
81756742,81757933,1191,160187
81757933,81758766,833,130876
81758766,81759935,1169,129581
81759935,81761029,1094,121541
81761029,81761331,302,276749
81761331,81762037,706,164100
81762037,81763087,1050,123715
81763087,81763586,499,101884
81763586,81764815,1229,156720
81764815,81765922,1107,121103
81765922,81766518,596,150915
81766518,81766659,141,284428
81766659,81767462,803,97610
81767462,81768415,953,302000
81768415,81769563,1148,129983
81769563,81769978,415,10701
81769978,81771189,1211,279775
81771189,81772165,976,161972
81772165,81773297,1132,291170
81773297,81774150,853,156981
81774150,81775378,1228,9342
81775378,81775690,312,3966
81775690,81776940,1250,157242
81776940,81778169,1229,70837
81778169,81779409,1240,12898
81779409,81780600,1191,275218
81780600,81781409,809,125127
81781409,81782422,1013,167022
81782422,81783615,1193,43296
81783615,81784761,1146,70837
81784761,81785554,793,220980
81785554,81785893,339,85635
81785893,81786150,257,152824
81786150,81786410,260,1189
81786410,81787272,862,132485
81787272,81788409,1137,139200
81788409,81788812,403,160188
81788812,81789623,811,86804
81789623,81790893,1270,71402
81790893,81791862,969,110706
81791862,81792980,1118,59288
81792980,81794157,1177,39970
81794157,81795435,1278,138042
81795435,81796440,1005,5341
81796440,81797399,959,199
81797399,81798525,1126,182402
81798525,81799657,1132,72927
81799657,81800572,915,130553
81800572,81801250,678,59268
81801250,81802382,1132,365
81802382,81803402,1020,291172
81803402,81803759,357,138032
81803759,81805047,1288,5416
81805047,81806096,1049,170438
81806096,81807266,1170,57180
81807266,81808428,1162,91072
81808428,81809664,1236,14497
81809664,81810890,1226,81870
81810890,81811876,986,270778
81811876,81813014,1138,281471
81813014,81813982,968,143893
81813982,81815239,1257,2327
81815239,81816362,1123,4275
81816362,81817211,849,86683
81817211,81818304,1093,102381
81818304,81819612,1308,149735
81819612,81820523,911,11734
81820523,81820771,248,130127
81820771,81821934,1163,5416
81821934,81823078,1144,7944
81823078,81824153,1075,1733
81824153,81825418,1265,102240
81825418,81825967,549,56179
81825967,81827107,1140,220951
81827107,81828282,1175,26685
81828282,81829507,1225,231836
81829507,81830671,1164,108066
81830671,81831636,965,11612
81831636,81831915,279,118112
81831915,81832937,1022,57837
81832937,81834009,1072,138042
81834009,81834616,607,12085
81834616,81835221,605,32658
81835221,81836407,1186,73712
81836407,81837550,1143,105398
81837550,81838758,1208,121734
81838758,81840035,1277,262269
81840035,81840617,582,153309
81840617,81841510,893,10801
81841510,81842687,1177,106965
81842687,81843492,805,132800
81843492,81844655,1163,75939
81844655,81845829,1174,64075
81845829,81847053,1224,156154
81847053,81847904,851,232057
81847904,81848959,1055,130878
81848959,81850064,1105,137614
81850064,81851334,1270,72207
81851334,81852297,963,137106
81852297,81853510,1213,62558
81853510,81854765,1255,187006
81854765,81855170,405,133224
81855170,81856378,1208,141148
81856378,81857718,1340,130127
81857718,81858892,1174,160949
81858892,81859929,1037,70753
81859929,81861094,1165,122827
81861094,81862265,1171,105574
81862265,81863374,1109,124587
81863374,81864469,1095,163527
81864469,81865790,1321,138043
81865790,81866843,1053,111574
81866843,81867965,1122,39616
81867965,81869086,1121,12971
81869086,81870061,975,129325
81870061,81871044,983,26956
81871044,81872316,1272,47237
81872316,81872713,397,126929
81872713,81873861,1148,105574
81873861,81874728,867,9010
81874728,81875890,1162,141135
81875890,81876753,863,5912
81876753,81877619,866,156977
81877619,81878174,555,63713
81878174,81879405,1231,130871
81879405,81880376,971,82558
81880376,81881657,1281,155521
81881657,81882836,1179,163505
81882836,81883800,964,169656
81883800,81885018,1218,56174
81885018,81886212,1194,19214
81886212,81887497,1285,155944
81887497,81888747,1250,174992
81888747,81889888,1141,127537
81889888,81891017,1129,8675
81891017,81892289,1272,128309
81892289,81893537,1248,156153
81893537,81894443,906,19371
81894443,81895669,1226,46890
81895669,81896982,1313,161100
81896982,81898065,1083,294700
81898065,81899249,1184,185457
81899249,81900171,922,123192
81900171,81900688,517,85640
81900688,81901582,894,84357
81901582,81902583,1001,156230
81902583,81903704,1121,39971
81903704,81904553,849,277899
81904553,81905531,978,14526
81905531,81906078,547,285173
81906078,81906676,598,54666
81906676,81907809,1133,132866
81907809,81909014,1205,97610
81909014,81910294,1280,276730
81910294,81911313,1019,289242
81911313,81912576,1263,244443
81912576,81913649,1073,122614
81913649,81914580,931,102250
81914580,81915767,1187,139291
81915767,81916964,1197,14526
81916964,81918284,1320,68353
81918284,81919239,955,45217
81919239,81920282,1043,287657
81920282,81921527,1245,163384
81921527,81922847,1320,715
81922847,81923947,1100,165701
81923947,81925248,1301,171107
81925248,81925708,460,130533
81925708,81926927,1219,56837
81926927,81928043,1116,54667
81928043,81929207,1164,142320
81929207,81930296,1089,144965
81930296,81931342,1046,39501
81931342,81932431,1089,130878
81932431,81933653,1222,140718
81933653,81934514,861,157400
81934514,81935440,926,126408
81935440,81936563,1123,290361
81936563,81937801,1238,86026
81937801,81939026,1225,295756
81939026,81940137,1111,53458
81940137,81941350,1213,5330
81941350,81942465,1115,22574
81942465,81942966,501,142848
81942966,81943986,1020,302111
81943986,81944934,948,137141
81944934,81946120,1186,127215
81946120,81947318,1198,1730
81947318,81948195,877,30593
81948195,81949465,1270,10701
81949465,81950528,1063,144965
81950528,81951318,790,69607
81951318,81952604,1286,138113
81952604,81953584,980,138047
81953584,81953969,385,83633
81953969,81954696,727,131220
81954696,81955867,1171,130103
81955867,81956022,155,153728
81956022,81957276,1254,9915
81957276,81958013,737,130184
81958013,81958247,234,130184
81958247,81959389,1142,126945
81959389,81960692,1303,700
81960692,81961940,1248,281472
81961940,81963115,1175,22179
81963115,81964443,1328,110742
81964443,81965581,1138,101276
81965581,81966667,1086,130532
81966667,81967730,1063,282357
81967730,81968839,1109,34497
81968839,81969684,845,139387
81969684,81970900,1216,234100
81970900,81972035,1135,153964
81972035,81973292,1257,12539
81973292,81974455,1163,287359
81974455,81974641,186,160187
81974641,81975488,847,78193
81975488,81976591,1103,67851
81976591,81977966,1375,80690
81977966,81978923,957,232691
81978923,81979920,997,130127
81979920,81981183,1263,142318
81981183,81982404,1221,101276
81982404,81983573,1169,102381
81983573,81984731,1158,163612
81984731,81985393,662,170212
81985393,81986358,965,22178
81986358,81987335,977,46890
81987335,81987766,431,117866
81987766,81989090,1324,141644
81989090,81990152,1062,140931
81990152,81991318,1166,166683
81991318,81992489,1171,231834
81992489,81993638,1149,156224
81993638,81994684,1046,138043
81994684,81995803,1119,6174
81995803,81996704,901,47032
81996704,81997169,465,129513
81997169,81998167,998,175390
81998167,81999398,1231,83606
81999398,82000564,1166,291168
82000564,82001555,991,144986
82001555,82002377,822,15305
82002377,82003640,1263,137770
82003640,82004427,787,1560
82004427,82005464,1037,131295
82005464,82006059,595,123059
82006059,82007249,1190,121398
82007249,82007846,597,6524
82007846,82009170,1324,8140
82009170,82010522,1352,65803
82010522,82011743,1221,142318
82011743,82012896,1153,156155
82012896,82014155,1259,171133
82014155,82015443,1288,39475
82015443,82016746,1303,134981
82016746,82017800,1054,39508
82017800,82017981,181,7793
82017981,82019182,1201,106611
82019182,82020379,1197,117382
82020379,82021429,1050,41170
82021429,82022148,719,121543
82022148,82023364,1216,168500
82023364,82024352,988,129805
82024352,82025212,860,120280
82025212,82026373,1161,282926
82026373,82026710,337,155521
82026710,82027887,1177,95441
82027887,82028438,551,26982
82028438,82029693,1255,145138
82029693,82030957,1264,50776
82030957,82031845,888,130627
82031845,82032937,1092,291374
82032937,82033657,720,82558
82033657,82034858,1201,278220
82034858,82035965,1107,7887
82035965,82037094,1129,91072
82037094,82038329,1235,15446
82038329,82038690,361,44577
82038690,82039394,704,138042
82039394,82040556,1162,101276
82040556,82040905,349,127685
82040905,82041954,1049,64708
82041954,82043123,1169,138488
82043123,82044360,1237,15307
82044360,82044666,306,106366
82044666,82045813,1147,156230
82045813,82047029,1216,11612
82047029,82048272,1243,115687
82048272,82048778,506,126794
82048778,82049989,1211,122545
82049989,82050777,788,121891
82050777,82051983,1206,58090
82051983,82052969,986,121799
82052969,82054206,1237,112597
82054206,82055433,1227,174132
82055433,82056725,1292,129396
82056725,82057874,1149,1070
82057874,82058660,786,129513
82058660,82059851,1191,67233
82059851,82060538,687,70919
82060538,82060769,231,98880
82060769,82061908,1139,284444
82061908,82062971,1063,145700
82062971,82064186,1215,111574
82064186,82064853,667,290363
82064853,82065979,1126,91902
82065979,82067232,1253,105386
82067232,82067991,759,8141
82067991,82069201,1210,65772
82069201,82070508,1307,125127
82070508,82071494,986,294523
82071494,82071653,159,122627
82071653,82072823,1170,141320
82072823,82074067,1244,39648
82074067,82075163,1096,130627
82075163,82076378,1215,10674
82076378,82077566,1188,30105
82077566,82078830,1264,121331
82078830,82078991,161,156153
82078991,82080001,1010,80189
82080001,82081117,1116,138033
82081117,82082228,1111,127703
82082228,82083489,1261,84010
82083489,82084786,1297,58137
82084786,82086047,1261,132705
82086047,82087287,1240,130974
82087287,82088467,1180,89390
82088467,82089583,1116,296078
82089583,82090693,1110,5911
82090693,82091732,1039,289242
82091732,82093036,1304,76574
82093036,82093942,906,122828
82093942,82095104,1162,125140
82095104,82096224,1120,287659
82096224,82097136,912,143005
82097136,82098025,889,4275
82098025,82099220,1195,141320
82099220,82100465,1245,133424
82100465,82101561,1096,230928
82101561,82102684,1123,49755
82102684,82103860,1176,170452
82103860,82104919,1059,126945
82104919,82105305,386,126410
82105305,82106470,1165,129659
82106470,82107509,1039,262291
82107509,82108158,649,122443
82108158,82109290,1132,109662
82109290,82110454,1164,125883
82110454,82111401,947,296395
82111401,82112372,971,104606
82112372,82113624,1252,7591
82113624,82114937,1313,155949
82114937,82116136,1199,157400
82116136,82117224,1088,64974
82117224,82118069,845,130532
82118069,82119104,1035,92935
82119104,82120357,1253,128226
82120357,82121310,953,141713
82121310,82122353,1043,39501
82122353,82123312,959,164187
82123312,82123965,653,157861
82123965,82125224,1259,83633
82125224,82126367,1143,130492
82126367,82127616,1249,64974
82127616,82128359,743,19366
82128359,82129236,877,160952
82129236,82130187,951,91801
82130187,82131457,1270,105386
82131457,82132786,1329,137597
82132786,82133937,1151,46712
82133937,82135161,1224,178028
82135161,82136283,1122,178748
82136283,82137029,746,128226
82137029,82137285,256,108638
82137285,82138452,1167,122545
82138452,82138950,498,129396
82138950,82139151,201,109656
82139151,82140297,1146,152824
82140297,82140511,214,85635
82140511,82141688,1177,285173
82141688,82142534,846,168626
82142534,82142965,431,26951
82142965,82144212,1247,65554
82144212,82145475,1263,158816
82145475,82146372,897,142318
82146372,82146599,227,129325
82146599,82147725,1126,129440
82147725,82148752,1027,92805
82148752,82149895,1143,130493
82149895,82150998,1103,166683
82150998,82151993,995,127703
82151993,82153186,1193,136483
82153186,82154058,872,46243
82154058,82155090,1032,1120
82155090,82156186,1096,64292
82156186,82157349,1163,233342
82157349,82158524,1175,125883
82158524,82159689,1165,28380
82159689,82160991,1302,156977
82160991,82162069,1078,283242
82162069,82163002,933,129396
82163002,82164203,1201,130184
82164203,82165370,1167,121766
82165370,82165763,393,282391
82165763,82166886,1123,102250
82166886,82167078,192,10172
82167078,82168370,1292,287671
82168370,82169455,1085,123013
82169455,82170414,959,115046
82170414,82170905,491,13248
82170905,82171742,837,148962
82171742,82172519,777,61356
82172519,82173784,1265,1560
82173784,82174778,994,171107
82174778,82175996,1218,296473
82175996,82177024,1028,122789
82177024,82178192,1168,130184
82178192,82178906,714,11243
82178906,82180079,1173,167597
82180079,82181195,1116,162253
82181195,82182531,1336,45204
82182531,82183721,1190,58137
82183721,82184808,1087,1539
82184808,82186120,1312,40544
82186120,82186513,393,126209
82186513,82187769,1256,133393
82187769,82188995,1226,168497
82188995,82190268,1273,262269
82190268,82191373,1105,131220
82191373,82192443,1070,157242
82192443,82193078,635,258959
82193078,82193623,545,108638
82193623,82194796,1173,134708
82194796,82195733,937,24516
82195733,82196889,1156,1732
82196889,82197554,665,147971
82197554,82198752,1198,19366
82198752,82199980,1228,44575
82199980,82201250,1270,161226
82201250,82202479,1229,124990
82202479,82202897,418,102612
82202897,82203755,858,131890
82203755,82204230,475,46890
82204230,82205241,1011,165702
82205241,82205668,427,46889
82205668,82207001,1333,105179
82207001,82207195,194,138901
82207195,82208178,983,294523
82208178,82209496,1318,144987
82209496,82210633,1137,296465
82210633,82211772,1139,28868
82211772,82212753,981,113336
82212753,82213988,1235,216563
82213988,82215029,1041,138290
82215029,82215351,322,132485
82215351,82216569,1218,681
82216569,82217088,519,139361
82217088,82217470,382,46889
82217470,82218466,996,108638
82218466,82219091,625,130876
82219091,82219599,508,187464
82219599,82220736,1137,134170
82220736,82221773,1037,271817
82221773,82222897,1124,283462
82222897,82223076,179,161101
82223076,82224159,1083,132850
82224159,82225348,1189,288043
82225348,82226498,1150,142320
82226498,82227368,870,54659
82227368,82228533,1165,121064
82228533,82229344,811,18005
82229344,82230346,1002,86683
82230346,82230829,483,8927
82230829,82232038,1209,54016
82232038,82233255,1217,132777
82233255,82234551,1296,163612
82234551,82235408,857,134789
82235408,82236497,1089,64717
82236497,82237751,1254,156015
82237751,82238999,1248,78885
82238999,82239962,963,141209
82239962,82241133,1171,86710
82241133,82242418,1285,117382
82242418,82242925,507,126408
82242925,82243921,996,73973
82243921,82245066,1145,127215
82245066,82245532,466,129388
82245532,82246795,1263,10642
82246795,82247837,1042,275212
82247837,82249096,1259,138033
82249096,82250361,1265,294120
82250361,82251266,905,46243
82251266,82252140,874,233382
82252140,82253425,1285,128145
82253425,82254403,978,278220
82254403,82255518,1115,104717
82255518,82256784,1266,268287
82256784,82257803,1019,32139
82257803,82259058,1255,285314
82259058,82260195,1137,124520
82260195,82261362,1167,279153
82261362,82262391,1029,291384
82262391,82262736,345,134120
82262736,82263828,1092,123163
82263828,82265032,1204,141174
82265032,82266003,971,65772
82266003,82267187,1184,101262
82267187,82267893,706,187005
82267893,82268463,570,284424
82268463,82269738,1275,126739
82269738,82270963,1225,130296
82270963,82272140,1177,291101
82272140,82273431,1291,168497
82273431,82274627,1196,178748
82274627,82275642,1015,107483
82275642,82276798,1156,142858
82276798,82278104,1306,6541
82278104,82279295,1191,155972
82279295,82280619,1324,82020
82280619,82281730,1111,22179
82281730,82282943,1213,156738
82282943,82283913,970,861
82283913,82285026,1113,147159
82285026,82286034,1008,171171
82286034,82287016,982,64588
82287016,82288176,1160,147110
82288176,82289505,1329,143893
82289505,82289684,179,14526
82289684,82290558,874,11079
82290558,82291717,1159,178748
82291717,82292242,525,152267
82292242,82293536,1294,1730
82293536,82294504,968,147963
82294504,82295564,1060,140221
82295564,82296630,1066,39501
82296630,82297815,1185,137618
82297815,82298982,1167,126208
82298982,82299239,257,46889
82299239,82300305,1066,86777
82300305,82301034,729,291609
82301034,82302313,1279,176853
82302313,82302624,311,19214
82302624,82303722,1098,142752
82303722,82304674,952,245691
82304674,82305766,1092,133834
82305766,82306925,1159,16802
82306925,82307932,1007,141248
82307932,82308100,168,86679
82308100,82308669,569,293663
82308669,82309959,1290,92935
82309959,82311181,1222,127696
82311181,82312413,1232,110706
82312413,82313580,1167,287357
82313580,82314626,1046,156968
82314626,82315910,1284,159386
82315910,82316148,238,279852
82316148,82317333,1185,18527
82317333,82318546,1213,177627
82318546,82319716,1170,171138
82319716,82320824,1108,125118
82320824,82321814,990,6398
82321814,82322881,1067,258263
82322881,82323908,1027,135897
82323908,82324815,907,121799
82324815,82326111,1296,170982
82326111,82327232,1121,39661
82327232,82328173,941,153728
82328173,82329434,1261,5703
82329434,82330653,1219,41911
82330653,82331464,811,246892
82331464,82332699,1235,244443
82332699,82333914,1215,19376
82333914,82335051,1137,14897
82335051,82336269,1218,75362
82336269,82337254,985,232057
82337254,82338546,1292,28247
82338546,82339703,1157,286306
82339703,82340867,1164,130974
82340867,82342066,1199,39616
82342066,82343192,1126,77779
82343192,82343329,137,281188
82343329,82344640,1311,158081
82344640,82345764,1124,130876
82345764,82346699,935,91801
82346699,82347932,1233,125147
82347932,82349109,1177,142318
82349109,82350261,1152,281188
82350261,82351527,1266,12538
82351527,82352763,1236,19208
82352763,82353347,584,126826
82353347,82354603,1256,61743
82354603,82355746,1143,8140
82355746,82356936,1190,135216
82356936,82358101,1165,98880
82358101,82358550,449,46889
82358550,82359504,954,68773
82359504,82360456,952,32137
82360456,82361634,1178,124526
82361634,82362957,1323,163527
82362957,82364297,1340,86741
82364297,82365509,1212,258250
82365509,82366573,1064,176853
82366573,82367798,1225,147159
82367798,82368681,883,156224
82368681,82369902,1221,12118
82369902,82370421,519,171134
82370421,82371695,1274,101289
82371695,82372911,1216,1187
82372911,82374182,1271,1188
82374182,82374917,735,134981
82374917,82375885,968,163384
82375885,82376623,738,126965
82376623,82377708,1085,155646
82377708,82378127,419,163380
82378127,82378795,668,19208
82378795,82379720,925,21393
82379720,82380963,1243,756
82380963,82382132,1169,141148
82382132,82383379,1247,129317
82383379,82383610,231,129393
82383610,82384768,1158,7894
82384768,82386060,1292,133447
82386060,82386627,567,1187
82386627,82386890,263,85640
82386890,82388129,1239,7741
82388129,82389352,1223,121398
82389352,82390343,991,177627
82390343,82391656,1313,275147
82391656,82392241,585,174132
82392241,82393472,1231,123133
82393472,82394635,1163,132592
82394635,82395854,1219,4861
82395854,82396121,267,126945
82396121,82397246,1125,12332
82397246,82398439,1193,130184
82398439,82399742,1303,48579
82399742,82400838,1096,130131
82400838,82402075,1237,2503
82402075,82403178,1103,41610
82403178,82404427,1249,87766
82404427,82405561,1134,156474
82405561,82406422,861,64588
82406422,82407635,1213,61316
82407635,82408908,1273,4275
82408908,82409431,523,11734
82409431,82410196,765,77173
82410196,82411277,1081,134785
82411277,82412522,1245,122627
82412522,82413837,1315,92814
82413837,82414757,920,145701
82414757,82416026,1269,90850
82416026,82416951,925,145699
82416951,82418224,1273,246892
82418224,82419327,1103,284434
82419327,82420341,1014,5416
82420341,82420951,610,105171
82420951,82421588,637,6556
82421588,82422740,1152,5704
82422740,82423485,745,134636
82423485,82424756,1271,136846
82424756,82426028,1272,132073
82426028,82427134,1106,57156
82427134,82428433,1299,124549
82428433,82429580,1147,154673
82429580,82429767,187,8675
82429767,82431006,1239,58090
82431006,82432052,1046,122544
82432052,82433239,1187,135580
82433239,82434412,1173,159228
82434412,82435479,1067,135636
82435479,82436790,1311,63713
82436790,82437822,1032,135216
82437822,82439063,1241,155520
82439063,82440216,1153,100044
82440216,82441401,1185,126945
82441401,82441718,317,86777
82441718,82442839,1121,157644
82442839,82444115,1276,129583
82444115,82445150,1035,143022
82445150,82446399,1249,143262
82446399,82447598,1199,216564
82447598,82448437,839,39970
82448437,82449496,1059,46889
82449496,82450589,1093,146437
82450589,82451612,1023,274375
82451612,82451926,314,187018
82451926,82453107,1181,10642
82453107,82454273,1166,89940
82454273,82455509,1236,53458
82455509,82456617,1108,127518
82456617,82457733,1116,101579
82457733,82458812,1079,283462
82458812,82459937,1125,139035
82459937,82461077,1140,130900
82461077,82462224,1147,122544
82462224,82462950,726,122441
82462950,82464093,1143,258974
82464093,82465023,930,76574
82465023,82466285,1262,56175
82466285,82467389,1104,39970
82467389,82468502,1113,102250
82468502,82469663,1161,258959
82469663,82470872,1209,2327
82470872,82472049,1177,398
82472049,82472893,844,129443
82472893,82473176,283,142745
82473176,82474368,1192,64738
82474368,82475522,1154,231837
82475522,82476542,1020,149880
82476542,82477705,1163,139742
82477705,82479027,1322,132499
82479027,82480037,1010,39508
82480037,82480482,445,129066
82480482,82481676,1194,137597
82481676,82482735,1059,61742
82482735,82483874,1139,122451
82483874,82484466,592,31629
82484466,82484970,504,19373
82484970,82486269,1299,187023
82486269,82487325,1056,139741
82487325,82488307,982,175448
82488307,82489278,971,10702
82489278,82490338,1060,153964
82490338,82491500,1162,122827
82491500,82492367,867,700
82492367,82493522,1155,19585
82493522,82494213,691,122801
82494213,82495272,1059,274379
82495272,82495500,228,25766
82495500,82496127,627,162253
82496127,82496417,290,279233
82496417,82497610,1193,121331
82497610,82498917,1307,165701
82498917,82500177,1260,121085
82500177,82500649,472,132705
82500649,82501823,1174,131040
82501823,82503098,1275,105386
82503098,82503330,232,6556
82503330,82504523,1193,70753
82504523,82505360,837,21498
82505360,82506433,1073,76043
82506433,82507577,1144,48848
82507577,82508670,1093,135580
82508670,82509761,1091,287659
82509761,82510987,1226,135221
82510987,82512198,1211,116805
82512198,82513484,1286,132891
82513484,82514669,1185,170976
82514669,82514940,271,46889
82514940,82515911,971,102526
82515911,82517154,1243,262305
82517154,82517464,310,10673
82517464,82518710,1246,24731
82518710,82519827,1117,30591
82519827,82520962,1135,11546
82520962,82522132,1170,9321
82522132,82523197,1065,61758
82523197,82524470,1273,138043
82524470,82525544,1074,174953
82525544,82526632,1088,73732
82526632,82527833,1201,135249
82527833,82529074,1241,125140
82529074,82530295,1221,121069
82530295,82531154,859,153958
82531154,82531930,776,12715
82531930,82532205,275,129623
82532205,82533177,972,155646
82533177,82534023,846,758
82534023,82535258,1235,142733
82535258,82535974,716,11512
82535974,82537221,1247,48830
82537221,82538456,1235,128331
82538456,82539697,1241,43322
82539697,82540844,1147,5341
82540844,82542015,1171,138901
82542015,82543308,1293,42637
82543308,82544350,1042,129596
82544350,82545321,971,138113
82545321,82546515,1194,130530
82546515,82546902,387,132891
82546902,82547251,349,126408
82547251,82548493,1242,54006
82548493,82549618,1125,120330
82549618,82550801,1183,57837
82550801,82551249,448,158074
82551249,82552250,1001,142744
82552250,82553506,1256,145145
82553506,82554771,1265,77778
82554771,82556022,1251,293963
82556022,82557235,1213,279233
82557235,82558284,1049,112056
82558284,82559401,1117,142279
82559401,82560504,1103,199
82560504,82561713,1209,124994
82561713,82562953,1240,2327
82562953,82563784,831,24731
82563784,82564748,964,67851
82564748,82565793,1045,48848
82565793,82566463,670,34483
82566463,82567539,1076,32135
82567539,82568768,1229,10347
82568768,82570003,1235,1043
82570003,82571300,1297,12926
82571300,82572497,1197,170453
82572497,82573709,1212,290365
82573709,82574854,1145,92935
82574854,82576008,1154,73295
82576008,82576272,264,48848
82576272,82577246,974,7943
82577246,82577961,715,139356
82577961,82579226,1265,279229
82579226,82580415,1189,294697
82580415,82581276,861,151776
82581276,82582467,1191,27504
82582467,82583065,598,117382
82583065,82584264,1199,276939
82584264,82585494,1230,285135
82585494,82586496,1002,98877
82586496,82586662,166,66347
82586662,82587651,989,57416
82587651,82588750,1099,287358
82588750,82589871,1121,135832
82589871,82590360,489,26895
82590360,82591471,1111,121415
82591471,82592560,1089,9174
82592560,82593768,1208,2777
82593768,82594962,1194,29092
82594962,82595820,858,147110
82595820,82596867,1047,80690
82596867,82597858,991,163606
82597858,82599081,1223,64713
82599081,82600198,1117,87280
82600198,82600455,257,51162
82600455,82601528,1073,41170
82601528,82602561,1033,73075
82602561,82603451,890,12538
82603451,82604596,1145,9920
82604596,82605754,1158,132069
82605754,82606900,1146,121658
82606900,82608137,1237,163322
82608137,82609197,1060,6556
82609197,82610437,1240,149245
82610437,82611450,1013,10172
82611450,82612613,1163,70837
82612613,82613426,813,178149
82613426,82614711,1285,282934
82614711,82616032,1321,147963
82616032,82617225,1193,141235
82617225,82618238,1013,183988
82618238,82619347,1109,92202
82619347,82620513,1166,51163
82620513,82621629,1116,120325
82621629,82622073,444,282412
82622073,82623042,969,139307
82623042,82624052,1010,73296
82624052,82625052,1000,157242
82625052,82626136,1084,125883
82626136,82627371,1235,115047
82627371,82628606,1235,187006
82628606,82629793,1187,132866
82629793,82631124,1331,73957
82631124,82632322,1198,61780
82632322,82633273,951,21493
82633273,82634463,1190,9010
82634463,82635742,1279,133224
82635742,82636848,1106,122789
82636848,82638022,1174,362
82638022,82639061,1039,125882
82639061,82640288,1227,145088
82640288,82641515,1227,130504
82641515,82642639,1124,74477
82642639,82643885,1246,109174
82643885,82644465,580,216570
82644465,82645754,1289,6498
82645754,82646767,1013,123049
82646767,82648122,1355,28868
82648122,82649220,1098,138042
82649220,82650404,1184,185125
82650404,82651581,1177,159227
82651581,82652670,1089,130493
82652670,82653811,1141,144503
82653811,82655069,1258,285135
82655069,82656188,1119,26950
82656188,82657359,1171,64588
82657359,82658468,1109,149236
82658468,82658832,364,138631
82658832,82659923,1091,861
82659923,82661071,1148,155152
82661071,82662430,1359,150674
82662430,82663667,1237,126577
82663667,82664917,1250,41259
82664917,82666078,1161,143893
82666078,82667256,1178,47237
82667256,82668460,1204,68773
82668460,82669502,1042,132848
82669502,82670585,1083,80665
82670585,82671745,1160,121392
82671745,82672793,1048,176680
82672793,82673847,1054,135894
82673847,82674865,1018,66016
82674865,82675907,1042,121024
82675907,82677138,1231,122806
82677138,82678311,1173,5758
82678311,82679364,1053,129808
82679364,82680604,1240,12895
82680604,82681366,762,89894
82681366,82682557,1191,155152
82682557,82683663,1106,121766
82683663,82684861,1198,40556
82684861,82686114,1253,4445
82686114,82687376,1262,133471
82687376,82688695,1319,71404
82688695,82689936,1241,22581
82689936,82691200,1264,175448
82691200,82692165,965,100145
82692165,82693355,1190,10327
82693355,82694290,935,155968
82694290,82695563,1273,39910
82695563,82696778,1215,296473
82696778,82697211,433,75360
82697211,82698281,1070,138631
82698281,82699222,941,157644
82699222,82699878,656,233342
82699878,82700922,1044,124990
82700922,82701967,1045,12471
82701967,82703196,1229,22581
82703196,82704457,1261,123866
82704457,82705424,967,132848
82705424,82706647,1223,142824
82706647,82707443,796,160958
82707443,82707827,384,89882
82707827,82708990,1163,279233
82708990,82710205,1215,101278
82710205,82711393,1188,178748
82711393,82712652,1259,13256
82712652,82713461,809,296465
82713461,82714581,1120,131890
82714581,82715740,1159,93470
82715740,82716625,885,128991
82716625,82717810,1185,84357
82717810,82719064,1254,279775
82719064,82720237,1173,20410
82720237,82721508,1271,64300
82721508,82721936,428,8675
82721936,82722487,551,141571
82722487,82723232,745,134789
82723232,82724492,1260,135826
82724492,82725214,722,5097
82725214,82726360,1146,284424
82726360,82727312,952,48361
82727312,82728389,1077,95959
82728389,82729392,1003,126232
82729392,82730545,1153,129597
82730545,82731870,1325,163597
82731870,82733137,1267,93470
82733137,82734040,903,71402
82734040,82735130,1090,92934
82735130,82736398,1268,37999
82736398,82737375,977,61422
82737375,82738646,1271,122801
82738646,82739739,1093,8689
82739739,82740689,950,92420
82740689,82741728,1039,163402
82741728,82742221,493,168204
82742221,82743360,1139,144965
82743360,82744375,1015,60800
82744375,82745548,1173,5097
82745548,82746558,1010,157263
82746558,82747438,880,11612
82747438,82748619,1181,147981
82748619,82749702,1083,14274
82749702,82750923,1221,61781
82750923,82752100,1177,1562
82752100,82753155,1055,131295
82753155,82753469,314,862
82753469,82754556,1087,56837
82754556,82755344,788,126945
82755344,82756590,1246,138866
82756590,82757274,684,258954
82757274,82758433,1159,130989
82758433,82759602,1169,112592
82759602,82760643,1041,105574
82760643,82761921,1278,277899
82761921,82763111,1190,129805
82763111,82764242,1131,134120
82764242,82765312,1070,104717
82765312,82766389,1077,89735
82766389,82767645,1256,152864
82767645,82768819,1174,14274
82768819,82770108,1289,109176
82770108,82771268,1160,287660
82771268,82772464,1196,290349
82772464,82773737,1273,184447
82773737,82774823,1086,47541
82774823,82775929,1106,164188
82775929,82777156,1227,58433
82777156,82778333,1177,126947
82778333,82779385,1052,158744
82779385,82780570,1185,296473
82780570,82781827,1257,73973
82781827,82783198,1371,4447
82783198,82784438,1240,132499
82784438,82785674,1236,121674
82785674,82786318,644,139397
82786318,82786701,383,95875
82786701,82787284,583,130755
82787284,82787605,321,39761
82787605,82788749,1144,294700
82788749,82788926,177,132650
82788926,82789641,715,86683
82789641,82790672,1031,122467
82790672,82791872,1200,1189
82791872,82793175,1303,122806
82793175,82794385,1210,88086
82794385,82795606,1221,282385
82795606,82796818,1212,244443
82796818,82798028,1210,61422
82798028,82799031,1003,72207
82799031,82800223,1192,163384
82800223,82801304,1081,131003
82801304,82802619,1315,46243
82802619,82803777,1158,110243
82803777,82804964,1187,133273
82804964,82806079,1115,132484
82806079,82806661,582,130728
82806661,82807879,1218,5764
82807879,82808906,1027,49755
82808906,82810063,1157,284445
82810063,82810390,327,96151
82810390,82811411,1021,159371
82811411,82812546,1135,121127
82812546,82813847,1301,142279
82813847,82814492,645,127537
82814492,82815479,987,234067
82815479,82816564,1085,274558
82816564,82817686,1122,139387
82817686,82818865,1179,293663
82818865,82820132,1267,121331
82820132,82820472,340,104606
82820472,82820930,458,112057
82820930,82822031,1101,115047
82822031,82823138,1107,2536
82823138,82824385,1247,130871
82824385,82825567,1182,121382
82825567,82826199,632,142311
82826199,82827413,1214,112012
82827413,82828638,1225,143005
82828638,82829789,1151,29092
82829789,82830942,1153,14526
82830942,82832281,1339,36641
82832281,82833534,1253,127597
82833534,82834685,1151,132073
82834685,82835919,1234,138113
82835919,82836695,776,156977
82836695,82837812,1117,141571
82837812,82838897,1085,126851
82838897,82840123,1226,106611
82840123,82840982,859,281187
82840982,82842031,1049,125140
82842031,82843308,1277,10347
82843308,82844585,1277,146111
82844585,82845785,1200,12332
82845785,82846964,1179,296473
82846964,82847311,347,117382
82847311,82848384,1073,125883
82848384,82848813,429,126965
82848813,82849895,1082,157400
82849895,82851062,1167,164101
82851062,82852316,1254,61741
82852316,82853498,1182,129790
82853498,82853834,336,48362
82853834,82854942,1108,125123
82854942,82856180,1238,139324
82856180,82857411,1231,139397
82857411,82858664,1253,44912
82858664,82859884,1220,122655
82859884,82861054,1170,131704
82861054,82862308,1254,82020
82862308,82863513,1205,150843
82863513,82864715,1202,32658
82864715,82865698,983,142858
82865698,82866978,1280,23281
82866978,82868173,1195,166423
82868173,82868839,666,245707
82868839,82870094,1255,121541
82870094,82871325,1231,176256
82871325,82872402,1077,75242
82872402,82872787,385,60774
82872787,82873188,401,139710
82873188,82874468,1280,63111
82874468,82875464,996,28465
82875464,82876388,924,7944
82876388,82877450,1062,138032
82877450,82878434,984,93470
82878434,82879640,1206,32637
82879640,82880876,1236,258250
82880876,82882025,1149,7944
82882025,82882795,770,150715
82882795,82883913,1118,130588
82883913,82885099,1186,258262
82885099,82886290,1191,82458
82886290,82887176,886,101289
82887176,82888182,1006,122828
82888182,82889319,1137,134786
82889319,82889899,580,185485
82889899,82891092,1193,13269
82891092,82892195,1103,53342
82892195,82893409,1214,138033
82893409,82894485,1076,59167
82894485,82894906,421,160188
82894906,82896162,1256,133227
82896162,82897325,1163,31097
82897325,82898501,1176,14897
82898501,82899744,1243,123191
82899744,82901001,1257,133263
82901001,82901493,492,7894
82901493,82902800,1307,302000
82902800,82903929,1129,16003
82903929,82905166,1237,54667
82905166,82906426,1260,139009
82906426,82907584,1158,156015
82907584,82908730,1146,275147
82908730,82909922,1192,11243
82909922,82910844,922,53342
82910844,82911762,918,271826
82911762,82912878,1116,130878
82912878,82913111,233,123267
82913111,82914327,1216,73295
82914327,82915158,831,137628
82915158,82916322,1164,14497
82916322,82917570,1248,30591
82917570,82918112,542,80197
82918112,82918478,366,4691
82918478,82919738,1260,142858
82919738,82920882,1144,137483
82920882,82922019,1137,290349
82922019,82922977,958,11077
82922977,82924263,1286,142311
82924263,82925426,1163,284424
82925426,82926645,1219,41610
82926645,82927747,1102,285173
82927747,82928868,1121,134170
82928868,82930051,1183,94522
82930051,82931262,1211,132800
82931262,82932454,1192,160602
82932454,82933704,1250,143005
82933704,82934787,1083,293987
82934787,82935910,1123,77779
82935910,82936763,853,121674
82936763,82937564,801,122441
82937564,82937980,416,109180
82937980,82938687,707,141644
82938687,82939954,1267,54016
82939954,82941181,1227,172165
82941181,82942334,1153,128344
82942334,82943261,927,178030
82943261,82944499,1238,135814
82944499,82945743,1244,63713
82945743,82946508,765,90850
82946508,82947636,1128,285135
82947636,82948742,1106,76055
82948742,82949236,494,39616
82949236,82950465,1229,276735
82950465,82951479,1014,134717
82951479,82952377,898,72311
82952377,82953682,1305,10988
82953682,82954729,1047,147159
82954729,82955988,1259,32637
82955988,82957186,1198,101892
82957186,82958250,1064,3961
82958250,82959375,1125,64974
82959375,82959722,347,64300
82959722,82960665,943,141235
82960665,82961969,1304,170976
82961969,82962204,235,129979
82962204,82963389,1185,73961
82963389,82964620,1231,291107
82964620,82964839,219,132864
82964839,82966103,1264,124549
82966103,82966794,691,298549
82966794,82968043,1249,101289
82968043,82969086,1043,157644
82969086,82969283,197,5417
82969283,82969936,653,15081
82969936,82971036,1100,130728
82971036,82972130,1094,134170
82972130,82973351,1221,155972
82973351,82974588,1237,131228
82974588,82975710,1122,5710
82975710,82976847,1137,25765
82976847,82978012,1165,352
82978012,82978841,829,118128
82978841,82979972,1131,91905
82979972,82980390,418,133290
82980390,82981365,975,187018
82981365,82982513,1148,5911
82982513,82983783,1270,6525
82983783,82985019,1236,138042
82985019,82986286,1267,86683
82986286,82987440,1154,183239
82987440,82988521,1081,131722
82988521,82989701,1180,121902
82989701,82990917,1216,83607
82990917,82992222,1305,126221
82992222,82993397,1175,141148
82993397,82994644,1247,291458
82994644,82995826,1182,133279
82995826,82997006,1180,158081
82997006,82998110,1104,85685
82998110,82999283,1173,84010
82999283,82999632,349,59268
82999632,83000769,1137,34572
83000769,83001382,613,123266
83001382,83002539,1157,35926
83002539,83003672,1133,132782
83003672,83004427,755,99249
83004427,83005531,1104,123506
83005531,83006783,1252,141242
83006783,83007900,1117,66622
83007900,83008050,150,122443
83008050,83008541,491,6557
83008541,83009661,1120,152825
83009661,83010856,1195,6397
83010856,83012090,1234,15307
83012090,83013320,1230,258283
83013320,83014417,1097,138617
83014417,83015701,1284,145703
83015701,83016042,341,66184
83016042,83017335,1293,152864
83017335,83018639,1304,167023
83018639,83019777,1138,216570
83019777,83021149,1372,147967
83021149,83022383,1234,140718
83022383,83023670,1287,99156
83023670,83024351,681,134660
83024351,83025150,799,134463
83025150,83026205,1055,64290
83026205,83027204,999,47237
83027204,83028023,819,164187
83028023,83029085,1062,131113
83029085,83030276,1191,1189
83030276,83031289,1013,159386
83031289,83031505,216,92427
83031505,83032613,1108,184448
83032613,83032939,326,18004
83032939,83033617,678,144503
83033617,83034894,1277,121449
83034894,83036046,1152,105390
83036046,83037154,1108,105405
83037154,83038425,1271,44937
83038425,83039500,1075,105398
83039500,83040019,519,135216
83040019,83040606,587,8927
83040606,83041621,1015,178029
83041621,83042790,1169,155968
83042790,83043845,1055,258250
83043845,83044922,1077,47032
83044922,83046070,1148,89880
83046070,83046545,475,6398
83046545,83047509,964,44937
83047509,83048765,1256,6174
83048765,83049189,424,258250
83049189,83050320,1131,135227
83050320,83050965,645,136280
83050965,83051813,848,160187
83051813,83053066,1253,64713
83053066,83054187,1121,62347
83054187,83055148,961,64300
83055148,83055604,456,366
83055604,83056825,1221,39648
83056825,83057432,607,287671
83057432,83058254,822,164188
83058254,83059428,1174,290901
83059428,83060187,759,6525
83060187,83060679,492,32135
83060679,83061774,1095,56574
83061774,83063108,1334,148993
83063108,83063606,498,48362
83063606,83064751,1145,158081
83064751,83065953,1202,122863
83065953,83067207,1254,290365
83067207,83068317,1110,142318
83068317,83069433,1116,67233
83069433,83070558,1125,187005
83070558,83071858,1300,68369
83071858,83073073,1215,47030
83073073,83073453,380,8890
83073453,83074434,981,5330
83074434,83075641,1207,141268
83075641,83076202,561,232691
83076202,83077118,916,170951
83077118,83078289,1171,62850
83078289,83079402,1113,11535
83079402,83080394,992,106800
83080394,83081559,1165,252341
83081559,83082644,1085,156724
83082644,83083750,1106,6498
83083750,83084890,1140,105405
83084890,83085287,397,171108
83085287,83086581,1294,240992
83086581,83087678,1097,112592
83087678,83088261,583,54006
83088261,83089011,750,101262
83089011,83090257,1246,395
83090257,83091451,1194,67860
83091451,83092741,1290,160188
83092741,83093734,993,162130
83093734,83094928,1194,127525
83094928,83096109,1181,138074
83096109,83097290,1181,41151
83097290,83098002,712,395
83098002,83099239,1237,176278
83099239,83100592,1353,86710
83100592,83101731,1139,147971
83101731,83103002,1271,108638
83103002,83103675,673,282926
83103675,83104810,1135,44576
83104810,83105245,435,138289
83105245,83106278,1033,120330
83106278,83107313,1035,110127
83107313,83108645,1332,57831
83108645,83109812,1167,127732
83109812,83110760,948,62347
83110760,83112105,1345,66465
83112105,83113274,1169,141208
83113274,83114531,1257,124224
83114531,83115804,1273,122451
83115804,83117036,1232,88089
83117036,83117900,864,101265
83117900,83118640,740,163384
83118640,83119697,1057,137106
83119697,83120916,1219,122809
83120916,83122191,1275,109656
83122191,83123474,1283,73732
83123474,83123734,260,99156
83123734,83124150,416,36641
83124150,83124888,738,152842
83124888,83125351,463,270778
83125351,83126598,1247,68888
83126598,83127277,679,108005
83127277,83128527,1250,2327
83128527,83129534,1007,175448
83129534,83130699,1165,54667
83130699,83131698,999,150469
83131698,83132930,1232,291609
83132930,83133807,877,296467
83133807,83135029,1222,135249
83135029,83136134,1105,87997
83136134,83137103,969,125883
83137103,83138293,1190,72200
83138293,83138762,469,10327
83138762,83138946,184,300225
83138946,83140159,1213,106611
83140159,83140553,394,166420
83140553,83141810,1257,294113
83141810,83142987,1177,1043
83142987,83144089,1102,83633
83144089,83144740,651,142824
83144740,83145919,1179,88489
83145919,83147191,1272,1733
83147191,83148189,998,13247
83148189,83149282,1093,7793
83149282,83149804,522,10088
83149804,83150585,781,121127
83150585,83151584,999,155973
83151584,83152414,830,92814
83152414,83153524,1110,126739
83153524,83154405,881,30593
83154405,83155424,1019,68369
83155424,83156577,1153,166420
83156577,83156798,221,139742
83156798,83157412,614,129393
83157412,83158165,753,151776
83158165,83159386,1221,11528
83159386,83160616,1230,138631
83160616,83161754,1138,181420
83161754,83162766,1012,292252
83162766,83163781,1015,157236
83163781,83164876,1095,87791
83164876,83165897,1021,22581
83165897,83167070,1173,133273
83167070,83168288,1218,23311
83168288,83169413,1125,2777
83169413,83170687,1274,89735
83170687,83171199,512,1733
83171199,83172355,1156,109658
83172355,83173501,1146,143477
83173501,83173786,285,132532
83173786,83174969,1183,130975
83174969,83175757,788,84447
83175757,83177065,1308,101265
83177065,83178269,1204,57156
83178269,83178584,315,296473
83178584,83179693,1109,134451
83179693,83180741,1048,70919
83180741,83181914,1173,134316
83181914,83183067,1153,293957
83183067,83184222,1155,39913
83184222,83185371,1149,12118
83185371,83186619,1248,134728
83186619,83187649,1030,133225
83187649,83188583,934,124439
83188583,83189696,1113,41151
83189696,83190670,974,135216
83190670,83190977,307,122626
83190977,83192215,1238,291718
83192215,83193231,1016,54487
83193231,83194318,1087,58776
83194318,83195371,1053,134728
83195371,83196530,1159,71531
83196530,83197725,1195,5912
83197725,83197933,208,129393
83197933,83198168,235,86741
83198168,83199055,887,100431
83199055,83200207,1152,282934
83200207,83201306,1099,123268
83201306,83201689,383,291384
83201689,83202800,1111,69412
83202800,83204040,1240,121331
83204040,83205183,1143,14958
83205183,83206178,995,97593
83206178,83207431,1253,112058
83207431,83208446,1015,66166
83208446,83209583,1137,147968
83209583,83210633,1050,108638
83210633,83211734,1101,141644
83211734,83212825,1091,96151
83212825,83214054,1229,154838
83214054,83215385,1331,142311
83215385,83216594,1209,11734
83216594,83217199,605,131890
83217199,83217578,379,128631
83217578,83218815,1237,68359
83218815,83220057,1242,146770
83220057,83221190,1133,44912
83221190,83221417,227,126826
83221417,83222646,1229,132649
83222646,83223469,823,134825
83223469,83224585,1116,14013
83224585,83225842,1257,156224
83225842,83226859,1017,20410
83226859,83228102,1243,77778
83228102,83228427,325,96151
83228427,83229165,738,170453
83229165,83229441,276,132866
83229441,83230344,903,130548
83230344,83231546,1202,81881
83231546,83232660,1114,28247
83232660,83233606,946,84349
83233606,83234150,544,105167
83234150,83234935,785,142320
83234935,83236006,1071,147193
83236006,83237172,1166,170440
83237172,83238203,1031,143361
83238203,83239519,1316,292138
83239519,83240669,1150,176680
83240669,83241702,1033,294114
83241702,83242697,995,110520
83242697,83243080,383,104398
83243080,83243724,644,104717
83243724,83244764,1040,64956
83244764,83245144,380,104394
83245144,83246379,1235,187005
83246379,83247300,921,137597
83247300,83247719,419,126408
83247719,83248931,1212,1560
83248931,83250265,1334,298549
83250265,83250516,251,18524
83250516,83251430,914,83696
83251430,83252653,1223,163505
83252653,83253603,950,274380
83253603,83254299,696,107483
83254299,83255354,1055,57179
83255354,83256520,1166,123172
83256520,83257401,881,279852
83257401,83258594,1193,41614
83258594,83259508,914,56574
83259508,83260688,1180,123998
83260688,83261960,1272,51162
83261960,83262820,860,1560
83262820,83263914,1094,91072
83263914,83265093,1179,124439
83265093,83265493,400,12895
83265493,83266437,944,352
83266437,83267698,1261,115047
83267698,83268661,963,175448
83268661,83269402,741,5084
83269402,83270619,1217,126410
83270619,83271168,549,64075
83271168,83272207,1039,138113
83272207,83273343,1136,6171
83273343,83274312,969,139741
83274312,83275360,1048,12118
83275360,83276051,691,158744
83276051,83277300,1249,87280
83277300,83278559,1259,141148
83278559,83279586,1027,289453
83279586,83280728,1142,127597
83280728,83281968,1240,10160
83281968,83283034,1066,73972
83283034,83283333,299,129443
83283333,83283914,581,150916
83283914,83285016,1102,134176
83285016,83285775,759,246948
83285775,83286898,1123,101278
83286898,83287924,1026,16632
83287924,83289114,1190,140718
83289114,83290302,1188,122944
83290302,83291496,1194,134981
83291496,83292704,1208,278289
83292704,83293223,519,282385
83293223,83293868,645,142727
83293868,83294867,999,149735
83294867,83296002,1135,129388
83296002,83297093,1091,118119
83297093,83298460,1367,11077
83298460,83299501,1041,290361
83299501,83300638,1137,133424
83300638,83301624,986,135894
83301624,83302557,933,26895
83302557,83303464,907,152282
83303464,83304358,894,126577
83304358,83305149,791,32137
83305149,83305948,799,68192
83305948,83306924,976,68344
83306924,83307265,341,164188
83307265,83308257,992,282934
83308257,83309132,875,254918
83309132,83310165,1033,7371
83310165,83311008,843,294554
83311008,83312272,1264,68369
83312272,83313455,1183,71404
83313455,83314550,1095,233366
83314550,83315827,1277,71402
83315827,83317125,1298,220980
83317125,83318036,911,133279
83318036,83319230,1194,138047
83319230,83320511,1281,105673
83320511,83321490,979,28380
83321490,83322756,1266,138042
83322756,83324025,1269,132499
83324025,83325245,1220,132717
83325245,83326177,932,35921
83326177,83327417,1240,133447
83327417,83328524,1107,133290
83328524,83329623,1099,91902
83329623,83330806,1183,135824
83330806,83331279,473,296473
83331279,83332377,1098,123271
83332377,83333444,1067,29110
83333444,83334705,1261,160964
83334705,83335604,899,41170
83335604,83336777,1173,164101
83336777,83337875,1098,149245
83337875,83339037,1162,129983
83339037,83340110,1073,157088
83340110,83341089,979,68762
83341089,83342120,1031,292252
83342120,83343275,1155,134149
83343275,83344193,918,155968
83344193,83345442,1249,86777
83345442,83346651,1209,126796
83346651,83347341,690,56574
83347341,83347634,293,129808
83347634,83348706,1072,36146
83348706,83349917,1211,57156
83349917,83350948,1031,74798
83350948,83352075,1127,122863
83352075,83353067,992,3587
83353067,83353631,564,87547
83353631,83354051,420,116797
83354051,83355046,995,102381
83355046,83356011,965,64708
83356011,83356942,931,6397
83356942,83357253,311,4662
83357253,83358301,1048,143307
83358301,83359482,1181,63101
83359482,83360509,1027,101892
83360509,83361608,1099,130532
83361608,83362747,1139,129974
83362747,83363687,940,26987
83363687,83364644,957,105386
83364644,83365942,1298,132882
83365942,83366799,857,21498
83366799,83368000,1201,122863
83368000,83369006,1006,276732
83369006,83370212,1206,144987
83370212,83370578,366,89882
83370578,83371771,1193,29090
83371771,83372799,1028,39508
83372799,83374000,1201,94108
83374000,83374709,709,92427
83374709,83375957,1248,91192
83375957,83377109,1152,88007
83377109,83378110,1001,137154
83378110,83379301,1191,113336
83379301,83380521,1220,24731
83380521,83381514,993,126851
83381514,83381904,390,18006
83381904,83383125,1221,130184
83383125,83384403,1278,157480
83384403,83385594,1191,26947
83385594,83386916,1322,129443
83386916,83387473,557,92806
83387473,83388709,1236,64956
83388709,83389746,1037,59167
83389746,83390646,900,45218
83390646,83391245,599,113273
83391245,83392415,1170,132530
83392415,83393559,1144,10172
83393559,83394536,977,70837
83394536,83395534,998,110054
83395534,83396512,978,134148
83396512,83397225,713,187466
83397225,83397949,724,136983
83397949,83399036,1087,4861
83399036,83399955,919,292138
83399955,83401179,1224,245691
83401179,83402248,1069,126832
83402248,83402513,265,13364
83402513,83403726,1213,63713
83403726,83404085,359,5757
83404085,83405396,1311,121799
83405396,83406561,1165,366
83406561,83407040,479,258986
83407040,83407877,837,139752
83407877,83409131,1254,123602
83409131,83409475,344,140725
83409475,83410405,930,122025
83410405,83411668,1263,147159
83411668,83412829,1161,154838
83412829,83413197,368,294523
83413197,83414275,1078,123998
83414275,83415512,1237,13056
83415512,83415712,200,270778
83415712,83416943,1231,304535
83416943,83418190,1247,129597
83418190,83418834,644,129396
83418834,83419797,963,132499
83419797,83420941,1144,46890
83420941,83422242,1301,76055
83422242,83423323,1081,129597
83423323,83424052,729,269254
83424052,83425138,1086,56174
83425138,83426301,1163,54613
83426301,83427369,1068,137618
83427369,83428517,1148,292347
83428517,83429816,1299,104606
83429816,83430034,218,126826
83430034,83431117,1083,275885
83431117,83432138,1021,304535
83432138,83433282,1144,164100
83433282,83434530,1248,185457
83434530,83434828,298,130184
83434828,83435406,578,86679
83435406,83435647,241,41610
83435647,83436721,1074,135229
83436721,83437950,1229,26987
83437950,83438734,784,144135
83438734,83439933,1199,125147
83439933,83441053,1120,133212
83441053,83442053,1000,296468
83442053,83443249,1196,7741
83443249,83444462,1213,12332
83444462,83445205,743,138032
83445205,83446396,1191,64300
83446396,83447587,1191,295710
83447587,83448801,1214,121766
83448801,83449126,325,14358
83449126,83450186,1060,55856
83450186,83451186,1000,63713
83451186,83452326,1140,129513
83452326,83453444,1118,73728
83453444,83453935,491,279849
83453935,83454930,995,86588
83454930,83456113,1183,11546
83456113,83457316,1203,142358
83457316,83458618,1302,48361
83458618,83459826,1208,104483
83459826,83460724,898,134119
83460724,83461527,803,131735
83461527,83461894,367,123285
83461894,83463120,1226,127936
83463120,83464464,1344,134789
83464464,83465715,1251,294113
83465715,83466857,1142,60774
83466857,83467907,1050,130532
83467907,83469193,1286,233342
83469193,83470447,1254,132300
83470447,83471470,1023,135229
83471470,83472486,1016,130625
83472486,83473503,1017,1562
83473503,83474772,1269,216563
83474772,83475973,1201,12926
83475973,83477232,1259,29110
83477232,83478453,1221,29110
83478453,83479790,1337,107627
83479790,83480947,1157,14960
83480947,83482026,1079,141242
83482026,83483270,1244,121446
83483270,83484538,1268,112012
83484538,83485770,1232,57180
83485770,83487033,1263,140040
83487033,83488195,1162,104483
83488195,83489267,1072,129974
83489267,83490418,1151,22179
83490418,83491724,1306,56840
83491724,83492784,1060,118112
83492784,83493647,863,156973
83493647,83494790,1143,123049
83494790,83495843,1053,105179
83495843,83497145,1302,130495
83497145,83498316,1171,25765
83498316,83499593,1277,106969
83499593,83500692,1099,38660
83500692,83501627,935,138047
83501627,83502732,1105,19366
83502732,83503954,1222,44575
83503954,83505049,1095,285896
83505049,83506069,1020,231834
83506069,83507189,1120,28462
83507189,83508108,919,121446
83508108,83509318,1210,284444
83509318,83510233,915,92820
83510233,83510803,570,126957
83510803,83512072,1269,121148
83512072,83512711,639,7591
83512711,83513983,1272,123267
83513983,83515144,1161,48848
83515144,83516316,1172,135894
83516316,83517547,1231,73848
83517547,83518726,1179,175962
83518726,83519778,1052,108621
83519778,83520965,1187,121722
83520965,83522113,1148,5083
83522113,83523279,1166,149798
83523279,83524361,1082,126220
83524361,83525228,867,102239
83525228,83526468,1240,124439
83526468,83527249,781,109507
83527249,83528220,971,162375
83528220,83529425,1205,121415
83529425,83530566,1141,139752
83530566,83531772,1206,139290
83531772,83533005,1233,233366
83533005,83533845,840,142279
83533845,83534904,1059,124587
83534904,83535975,1071,170951
83535975,83537081,1106,11079
83537081,83537990,909,138032
83537990,83539175,1185,77361
83539175,83540111,936,80189
83540111,83541386,1275,138043
83541386,83541761,375,131113
83541761,83542846,1085,126739
83542846,83544088,1242,100145
83544088,83545323,1235,4662
83545323,83546317,994,62516
83546317,83547630,1313,57837
83547630,83547980,350,40556
83547980,83548750,770,137739
83548750,83549247,497,122655
83549247,83550381,1134,58776
83550381,83551698,1317,121446
83551698,83552882,1184,123216
83552882,83554124,1242,134121
83554124,83555395,1271,130569
83555395,83556459,1064,39501
83556459,83557702,1243,60489
83557702,83558791,1089,65772
83558791,83559962,1171,155646
83559962,83560157,195,31091
83560157,83561247,1090,11734
83561247,83562262,1015,278217
83562262,83562896,634,133834
83562896,83564039,1143,295445
83564039,83565095,1056,258263
83565095,83566339,1244,39478
83566339,83567386,1047,1070
83567386,83567966,580,134119
83567966,83569081,1115,124368
83569081,83570056,975,46240
83570056,83571236,1180,93277
83571236,83572455,1219,81859
83572455,83573527,1072,181420
83573527,83574731,1204,41151
83574731,83575961,1230,121446
83575961,83576874,913,63713
83576874,83577944,1070,45217
83577944,83579141,1197,159386
83579141,83579818,677,126947
83579818,83580343,525,69550
83580343,83581542,1199,1119
83581542,83582555,1013,127215
83582555,83583704,1149,130876
83583704,83584631,927,290363
83584631,83585755,1124,13247
83585755,83586008,253,131228
83586008,83587293,1285,176698
83587293,83588238,945,39476
83588238,83589401,1163,129324
83589401,83590618,1217,60480
83590618,83591815,1197,89880
83591815,83592828,1013,39761
83592828,83593343,515,140071
83593343,83594557,1214,53342
83594557,83595515,958,123216
83595515,83596790,1275,130101
83596790,83597807,1017,143895
83597807,83598704,897,287359
83598704,83599516,812,13256
83599516,83600754,1238,95441
83600754,83601722,968,26852
83601722,83602997,1275,73847
83602997,83604168,1171,127537
83604168,83605357,1189,131256
83605357,83606536,1179,32135
83606536,83607445,909,133239
83607445,83607933,488,60480
83607933,83609010,1077,91192
83609010,83610229,1219,285173
83610229,83611472,1243,2503
83611472,83611761,289,122625
83611761,83612898,1137,258250
83612898,83614051,1153,68344
83614051,83615248,1197,8592
83615248,83615799,551,131882
83615799,83616310,511,124164
83616310,83617525,1215,113336
83617525,83618744,1219,164461
83618744,83619326,582,36641
83619326,83620361,1035,131295
83620361,83621128,767,150915
83621128,83622347,1219,127518
83622347,83623027,680,18004
83623027,83624304,1277,48579
83624304,83624790,486,64713
83624790,83625813,1023,132650
83625813,83626813,1000,145138
83626813,83627656,843,129440
83627656,83628913,1257,294697
83628913,83630019,1106,121127
83630019,83630953,934,135897
83630953,83631780,827,132069
83631780,83633028,1248,130727
83633028,83634113,1085,18006
83634113,83635226,1113,69411
83635226,83636263,1037,138047
83636263,83637401,1138,29120
83637401,83638641,1240,72212
83638641,83638838,197,105405
83638838,83639243,405,142744
83639243,83640536,1293,39501
83640536,83641646,1110,135216
83641646,83641856,210,117382
83641856,83643046,1190,132069
83643046,83643978,932,135657
83643978,83645152,1174,220979
83645152,83646277,1125,122825
83646277,83647393,1116,290365
83647393,83648639,1246,122614
83648639,83649628,989,131732
83649628,83650841,1213,127522
83650841,83651910,1069,111961
83651910,83652938,1028,106611
83652938,83654166,1228,124439
83654166,83655442,1276,32639
83655442,83656671,1229,141571
83656671,83657307,636,39508
83657307,83658579,1272,85684
83658579,83659484,905,134160
83659484,83659748,264,48361
83659748,83660068,320,139741
83660068,83661371,1303,30593
83661371,83662510,1139,118128
83662510,83663437,927,1129
83663437,83664533,1096,129659
83664533,83664801,268,130627
83664801,83665914,1113,122806
83665914,83667095,1181,37090
83667095,83668446,1351,9010
83668446,83669591,1145,72200
83669591,83670940,1349,46890
83670940,83671101,161,176698
83671101,83672332,1231,140725
83672332,83673547,1215,282977
83673547,83674738,1191,54666
83674738,83675652,914,24516
83675652,83676586,934,275885
83676586,83677859,1273,44937
83677859,83678324,465,84010
83678324,83679479,1155,121064
83679479,83679856,377,32856
83679856,83680848,992,39501
83680848,83681903,1055,67233
83681903,83683106,1203,11547
83683106,83684089,983,132891
83684089,83684509,420,86683
83684509,83685763,1254,283138
83685763,83686958,1195,128309
83686958,83687211,253,182389
83687211,83687746,535,258263
83687746,83688598,852,139387
83688598,83689802,1204,141148
83689802,83691049,1247,52088
83691049,83692269,1220,126292
83692269,83693484,1215,146123
83693484,83694491,1007,352
83694491,83694958,467,134636
83694958,83695686,728,124526
83695686,83696888,1202,164101
83696888,83697975,1087,80197
83697975,83698519,544,170982
83698519,83699637,1118,131742
83699637,83700876,1239,130876
83700876,83702138,1262,5097
83702138,83703377,1239,157859
83703377,83704710,1333,5341
83704710,83704973,263,129623
83704973,83706104,1131,134728
83706104,83707308,1204,122876
83707308,83708380,1072,231838
83708380,83709424,1044,258283
83709424,83709837,413,187018
83709837,83710882,1045,58868
83710882,83711733,851,157400
83711733,83712878,1145,13364
83712878,83713763,885,278220
83713763,83714294,531,171139
83714294,83715411,1117,270777
83715411,83716521,1110,138033
83716521,83717237,716,283242
83717237,83718423,1186,164327
83718423,83719693,1270,67863
83719693,83720922,1229,216563
83720922,83722063,1141,41151
83722063,83722406,343,231834
83722406,83723579,1173,87280
83723579,83724812,1233,126829
83724812,83725375,563,126965
83725375,83726534,1159,143361
83726534,83727607,1073,134830
83727607,83728690,1083,53342
83728690,83729609,919,127936
83729609,83730871,1262,73073
83730871,83732032,1161,143271
83732032,83732507,475,13247
83732507,83733227,720,149939
83733227,83734512,1285,155968
83734512,83735600,1088,187018
83735600,83736871,1271,117095
83736871,83738091,1220,83607
83738091,83739132,1041,39501
83739132,83739681,549,84122
83739681,83740001,320,160188
83740001,83741072,1071,134465
83741072,83742051,979,122451
83742051,83742963,912,115686
83742963,83744027,1064,152842
83744027,83744984,957,32886
83744984,83745973,989,129393
83745973,83747220,1247,121069
83747220,83747511,291,47032
83747511,83748638,1127,129440
83748638,83749821,1183,144503
83749821,83750963,1142,46890
83750963,83752075,1112,5330
83752075,83752545,470,133290
83752545,83753778,1233,39913
83753778,83755075,1297,156973
83755075,83756331,1256,58433
83756331,83757383,1052,187005
83757383,83758382,999,141135
83758382,83759685,1303,27120
83759685,83761013,1328,6557
83761013,83762121,1108,24514
83762121,83762561,440,293959
83762561,83763556,995,143893
83763556,83764830,1274,130517
83764830,83766110,1280,71404
83766110,83766279,169,121541
83766279,83767385,1106,114469
83767385,83768694,1309,174953
83768694,83769513,819,60774
83769513,83770237,724,123882
83770237,83770804,567,140654
83770804,83772075,1271,122655
83772075,83773337,1262,72207
83773337,83774362,1025,76046
83774362,83775573,1211,86043
83775573,83776729,1156,281131
83776729,83777737,1008,135892
83777737,83778914,1177,24732
83778914,83779338,424,110238
83779338,83779562,224,295756
83779562,83780626,1064,66470
83780626,83781787,1161,723
83781787,83782855,1068,113336
83782855,83784076,1221,170952
83784076,83785210,1134,6525
83785210,83786441,1231,142318
83786441,83787028,587,153728
83787028,83788265,1237,162667
83788265,83789334,1069,94876
83789334,83790511,1177,129596
83790511,83791694,1183,8157
83791694,83792815,1121,141279
83792815,83793868,1053,293987
83793868,83794129,261,281131
83794129,83795270,1141,295197
83795270,83796168,898,187023
83796168,83797391,1223,187466
83797391,83798333,942,123268
83798333,83799502,1169,121416
83799502,83800668,1166,157858
83800668,83801464,796,160188
83801464,83802728,1264,139741
83802728,83803878,1150,276735
83803878,83804971,1093,9915
83804971,83806004,1033,157400
83806004,83807135,1131,17615
83807135,83808289,1154,362
83808289,83809528,1239,48831
83809528,83810704,1176,279849
83810704,83811973,1269,142318
83811973,83813222,1249,91192
83813222,83814460,1238,18524
83814460,83815590,1130,6506
83815590,83816829,1239,138042
83816829,83817892,1063,102612
83817892,83818942,1050,130553
83818942,83820121,1179,296078
83820121,83821122,1001,168500
83821122,83822051,929,88089
83822051,83822286,235,163381
83822286,83823389,1103,127215
83823389,83824590,1201,121024
83824590,83824928,338,46267
83824928,83825251,323,70843
83825251,83826337,1086,139297
83826337,83827459,1122,105574
83827459,83828560,1101,696
83828560,83829085,525,137483
83829085,83829811,726,26853
83829811,83830977,1166,142752
83830977,83832145,1168,158796
83832145,83833335,1190,138617
83833335,83834566,1231,129514
83834566,83834871,305,13364
83834871,83835940,1069,8689
83835940,83837006,1066,149939
83837006,83838032,1026,140725
83838032,83839196,1164,65772
83839196,83840301,1105,133447
83840301,83841653,1352,123036
83841653,83842894,1241,133225
83842894,83843978,1084,12544
83843978,83845034,1056,11243
83845034,83845810,776,12118
83845810,83847023,1213,140718
83847023,83848287,1264,1560
83848287,83848722,435,163607
83848722,83849937,1215,165428
83849937,83850966,1029,31603
83850966,83852126,1160,10798
83852126,83852350,224,7239
83852350,83853657,1307,43321
83853657,83854168,511,138888
83854168,83854597,429,24758
83854597,83855611,1014,123268
83855611,83856682,1071,132891
83856682,83857231,549,106965
83857231,83858462,1231,97610
83858462,83859637,1175,232057
83859637,83860824,1187,130588
83860824,83861735,911,124990
83861735,83862934,1199,6397
83862934,83864206,1272,106367
83864206,83865229,1023,8140
83865229,83865523,294,220951
83865523,83866104,581,129983
83866104,83867048,944,142752
83867048,83867917,869,36146
83867917,83869044,1127,134420
83869044,83870091,1047,292253
83870091,83871107,1016,157857
83871107,83872242,1135,291608
83872242,83873447,1205,126860
83873447,83874625,1178,107247
83874625,83875600,975,139290
83875600,83876583,983,174132
83876583,83877729,1146,39970
83877729,83878855,1126,137770
83878855,83879468,613,4445
83879468,83880462,994,143483
83880462,83880791,329,171134
83880791,83881328,537,73073
83881328,83882576,1248,14958
83882576,83883249,673,9321
83883249,83884492,1243,140067
83884492,83885460,968,220951
83885460,83886656,1196,124224
83886656,83887927,1271,220979
83887927,83889115,1188,131882
83889115,83890129,1014,48579
83890129,83890734,605,131113
83890734,83891357,623,3967
83891357,83892398,1041,59268
83892398,83893395,997,116797
83893395,83894235,840,150127
83894235,83895534,1299,114256
83895534,83895812,278,121658
83895812,83897058,1246,147967
83897058,83898339,1281,104483
83898339,83899478,1139,21305
83899478,83900081,603,132800
83900081,83901208,1127,123176
83901208,83902023,815,139710
83902023,83902966,943,170453
83902966,83903883,917,234100
83903883,83904958,1075,132537
83904958,83906114,1156,125127
83906114,83907371,1257,107483
83907371,83908428,1057,132848
83908428,83909695,1267,4690
83909695,83910948,1253,105574
83910948,83912033,1085,171171
83912033,83912810,777,105171
83912810,83913784,974,96672
83913784,83915067,1283,121024
83915067,83916273,1206,39970
83916273,83916598,325,13056
83916598,83917412,814,279153
83917412,83918646,1234,131030
83918646,83919353,707,140651
83919353,83920407,1054,130993
83920407,83920924,517,167597
83920924,83922073,1149,126739
83922073,83923318,1245,258960
83923318,83924264,946,156718
83924264,83925499,1235,101258
83925499,83926665,1166,126932
83926665,83927765,1100,75242
83927765,83927952,187,14929
83927952,83928854,902,88761
83928854,83930184,1330,9010
83930184,83931120,936,4479
83931120,83932077,957,302000
83932077,83932891,814,6557
83932891,83933575,684,94526
83933575,83934762,1187,63713
83934762,83935867,1105,55202
83935867,83937084,1217,135826
83937084,83938239,1155,98645
83938239,83939326,1087,16802
83939326,83940594,1268,53343
83940594,83941262,668,137739
83941262,83941956,694,65534
83941956,83943074,1118,144965
83943074,83944311,1237,46890
83944311,83945380,1069,281187
83945380,83946453,1073,178450
83946453,83946810,357,102381
83946810,83947923,1113,94523
83947923,83948699,776,130993
83948699,83949990,1291,134425
83949990,83951266,1276,72207
83951266,83952361,1095,129587
83952361,83953535,1174,11535
83953535,83954787,1252,12538
83954787,83956061,1274,37999
83956061,83957160,1099,145138
83957160,83958289,1129,5330
83958289,83959590,1301,66176
83959590,83960735,1145,167609
83960735,83962026,1291,10160
83962026,83963328,1302,283462
83963328,83963667,339,36956
83963667,83964688,1021,398
83964688,83965903,1215,279153
83965903,83967142,1239,8140
83967142,83968083,941,220951
83968083,83969195,1112,277898
83969195,83970448,1253,131228
83970448,83971610,1162,12118
83971610,83972795,1185,39475
83972795,83974107,1312,32639
83974107,83975233,1126,103126
83975233,83976403,1170,13185
83976403,83977568,1165,31097
83977568,83978620,1052,126220
83978620,83978830,210,282934
83978830,83980136,1306,5911
83980136,83981164,1028,127936
83981164,83982178,1014,105383
83982178,83983401,1223,50776
83983401,83984209,808,22179
83984209,83985432,1223,36956
83985432,83986530,1098,84010
83986530,83987787,1257,70837
83987787,83988939,1152,129752
83988939,83990108,1169,12332
83990108,83991329,1221,86732
83991329,83992476,1147,13185
83992476,83993555,1079,44577
83993555,83994733,1178,40556
83994733,83995871,1138,48831
83995871,83996908,1037,64713
83996908,83998148,1240,139358
83998148,83999205,1057,98878
83999205,84000342,1137,284268
84000342,84001610,1268,35921
84001610,84002606,996,52088
84002606,84003335,729,7741
84003335,84004424,1089,301694
84004424,84005552,1128,233366
84005552,84006717,1165,126302
84006717,84007954,1237,35926
84007954,84008981,1027,133224
84008981,84009350,369,36641
84009350,84010608,1258,12332
84010608,84011855,1247,240992
84011855,84013100,1245,178748
84013100,84014215,1115,148312
84014215,84015322,1107,163507
84015322,84016564,1242,270777
84016564,84017457,893,230928
84017457,84018820,1363,122467
84018820,84020110,1290,121415
84020110,84021143,1033,83616
84021143,84021621,478,96241
84021621,84022793,1172,286306
84022793,84023188,395,234100
84023188,84024089,901,122544
84024089,84024929,840,141320
84024929,84026028,1099,157636
84026028,84027128,1100,129805
84027128,84028374,1246,54666
84028374,84029041,667,21393
84029041,84030090,1049,126577
84030090,84030670,580,110061
84030670,84031320,650,6398
84031320,84031821,501,10702
84031821,84032491,670,76574
84032491,84033679,1188,156014
84033679,84033973,294,150915
84033973,84034293,320,290350
84034293,84035517,1224,163726
84035517,84036675,1158,127696
84036675,84037904,1229,290365
84037904,84039075,1171,275147
84039075,84040119,1044,41151
84040119,84040943,824,57179
84040943,84042220,1277,12707
84042220,84043338,1118,142311
84043338,84044253,915,57179
84044253,84045148,895,132891
84045148,84046251,1103,44582
84046251,84047438,1187,49750
84047438,84048485,1047,11258
84048485,84049507,1022,122467
84049507,84050680,1173,139308
84050680,84051481,801,10702
84051481,84052786,1305,102240
84052786,84053971,1185,133447
84053971,84055235,1264,26853
84055235,84056260,1025,131887
84056260,84057233,973,48361
84057233,84058405,1172,126842
84058405,84059048,643,142858
84059048,84060279,1231,14497
84060279,84061202,923,15304
84061202,84062228,1026,6541
84062228,84063288,1060,290923
84063288,84064370,1082,170977
84064370,84065567,1197,55856
84065567,84066760,1193,126739
84066760,84068007,1247,66166
84068007,84068758,751,46889
84068758,84069977,1219,155948
84069977,84071246,1269,290047
84071246,84072490,1244,101278
84072490,84073693,1203,121671
84073693,84074949,1256,134121
84074949,84076096,1147,124990
84076096,84077197,1101,26553
84077197,84078182,985,152282
84078182,84079306,1124,48361
84079306,84080464,1158,105405
84080464,84081102,638,39648
84081102,84082218,1116,137589
84082218,84083391,1173,123163
84083391,84084626,1235,101276
84084626,84085664,1038,101579
84085664,84086016,352,41610
84086016,84087205,1189,245707
84087205,84087865,660,98645
84087865,84088747,882,39749
84088747,84089985,1238,51162
84089985,84091196,1211,246932
84091196,84092473,1277,130876
84092473,84093650,1177,129805
84093650,84094814,1164,160438
84094814,84096136,1322,160188
84096136,84097398,1262,145083
84097398,84098660,1262,5084
84098660,84099891,1231,54016
84099891,84101031,1140,168500
84101031,84101293,262,134728
84101293,84102409,1116,59268
84102409,84103494,1085,46890
84103494,84104501,1007,126955
84104501,84104932,431,92002
84104932,84105967,1035,274376
84105967,84107288,1321,41259
84107288,84108535,1247,138043
84108535,84109712,1177,83606
84109712,84110595,883,134316
84110595,84111851,1256,175448
84111851,84112966,1115,95963
84112966,84114189,1223,171133
84114189,84115109,920,276735
84115109,84115745,636,126209
84115745,84116596,851,147159
84116596,84117487,891,130989
84117487,84118756,1269,40544
84118756,84119934,1178,254918
84119934,84120636,702,220951
84120636,84120867,231,129623
84120867,84121979,1112,156230
84121979,84123219,1240,110061
84123219,84123804,585,134789
84123804,84124987,1183,127537
84124987,84125330,343,130588
84125330,84126297,967,137154
84126297,84127508,1211,291458
84127508,84128608,1100,160593
84128608,84128995,387,121130
84128995,84129200,205,105171
84129200,84130247,1047,5084
84130247,84131487,1240,159386
84131487,84132149,662,157236
84132149,84132897,748,41259
84132897,84133286,389,79973
84133286,84133911,625,163402
84133911,84135098,1187,216564
84135098,84136177,1079,150127
84136177,84137435,1258,285135
84137435,84138616,1181,61422
84138616,84139780,1164,107517
84139780,84140919,1139,89940
84140919,84141490,571,163384
84141490,84142684,1194,144019
84142684,84143188,504,71401
84143188,84144489,1301,132649
84144489,84145574,1085,139291
84145574,84146765,1191,129011
84146765,84147915,1150,68359
84147915,84148958,1043,89894
84148958,84150085,1127,135022
84150085,84151094,1009,58843
84151094,84152156,1062,123133
84152156,84153424,1268,156230
84153424,84153997,573,14976
84153997,84155039,1042,122614
84155039,84156152,1113,75242
84156152,84157386,1234,122810
84157386,84158605,1219,121415
84158605,84159572,967,102238
84159572,84160476,904,121024
84160476,84161522,1046,246889
84161522,84162486,964,13364
84162486,84163674,1188,123500
84163674,84164370,696,132650
84164370,84165583,1213,395
84165583,84166806,1223,296468
84166806,84167990,1184,76046
84167990,84168206,216,135897
84168206,84168545,339,231862
84168545,84169631,1086,127537
84169631,84170880,1249,29110
84170880,84172060,1180,142311
84172060,84173338,1278,6506
84173338,84174612,1274,128136
84174612,84175741,1129,154284
84175741,84176927,1186,142824
84176927,84177435,508,84122
84177435,84178685,1250,124549
84178685,84179818,1133,137004
84179818,84180836,1018,127936
84180836,84182020,1184,126794
84182020,84182921,901,149739
84182921,84184181,1260,48842
84184181,84185267,1086,175448
84185267,84186443,1176,39661
84186443,84187319,876,152267
84187319,84188568,1249,5911
84188568,84189871,1303,4662
84189871,84191115,1244,138032
84191115,84192062,947,36641
84192062,84193244,1182,6397
84193244,84194518,1274,6524
84194518,84195433,915,150843
84195433,84196641,1208,4654
84196641,84197629,988,58845
84197629,84198640,1011,1129
84198640,84199733,1093,145138
84199733,84201010,1277,63713
84201010,84202253,1243,277898
84202253,84203049,796,58869
84203049,84203290,241,258266
84203290,84204335,1045,170453
84204335,84205188,853,133224
84205188,84206358,1170,16002
84206358,84206931,573,19371
84206931,84207641,710,252342
84207641,84208749,1108,133630
84208749,84209771,1022,63105
84209771,84210972,1201,110131
84210972,84212064,1092,32139
84212064,84213381,1317,26947
84213381,84214610,1229,132601
84214610,84215820,1210,55202
84215820,84216831,1011,101276
84216831,84217857,1026,130533
84217857,84218883,1026,59239
84218883,84220024,1141,34497
84220024,84221288,1264,15307
84221288,84222563,1275,134149
84222563,84223048,485,157475
84223048,84224160,1112,124368
84224160,84225081,921,12723
84225081,84226141,1060,129066
84226141,84227360,1219,12731
84227360,84227828,468,167024
84227828,84228364,536,81870
84228364,84229350,986,122944
84229350,84230265,915,121541
84230265,84231540,1275,293963
84231540,84232099,559,129790
84232099,84233209,1110,126826
84233209,84233784,575,129443
84233784,84235101,1317,27504
84235101,84235759,658,9210
84235759,84236586,827,46243
84236586,84237751,1165,159386
84237751,84238721,970,13248
84238721,84239901,1180,26872
84239901,84241074,1173,101884
84241074,84242055,981,116804
84242055,84243252,1197,285896
84243252,84244369,1117,132710
84244369,84245130,761,48032
84245130,84246311,1181,108005
84246311,84246770,459,129623
84246770,84248014,1244,12118
84248014,84249262,1248,69607
84249262,84250530,1268,46267
84250530,84251649,1119,44586
84251649,84252735,1086,153964
84252735,84253848,1113,132499
84253848,84254987,1139,86804
84254987,84256271,1284,10702
84256271,84257446,1175,133424
84257446,84258596,1150,91906
84258596,84259282,686,124224
84259282,84260485,1203,89880
84260485,84261468,983,10988
84261468,84261969,501,129597
84261969,84262317,348,366
84262317,84262901,584,122944
84262901,84263936,1035,164100
84263936,84264772,836,7944
84264772,84265843,1071,87766
84265843,84267064,1221,112056
84267064,84268124,1060,144496
84268124,84268353,229,46889
84268353,84269334,981,147627
84269334,84270510,1176,134434
84270510,84270962,452,56574
84270962,84271273,311,171134
84271273,84272550,1277,262291
84272550,84273328,778,37090
84273328,84274019,691,126965
84274019,84274754,735,158744
84274754,84274953,199,273050
84274953,84276203,1250,110054
84276203,84277418,1215,135221
84277418,84278027,609,114256
84278027,84278924,897,101883
84278924,84280029,1105,160952
84280029,84281275,1246,109174
84281275,84282281,1006,129325
84282281,84283488,1207,139387
84283488,84284503,1015,64974
84284503,84285766,1263,271812
84285766,84286988,1222,71401
84286988,84287902,914,129623
84287902,84288953,1051,126961
84288953,84289942,989,58763
84289942,84290816,874,131887
84290816,84292159,1343,113273
84292159,84293232,1073,54667
84293232,84294412,1180,70843
84294412,84295037,625,155972
84295037,84296211,1174,143521
84296211,84297455,1244,121415
84297455,84298657,1202,77361
84298657,84299326,669,301694
84299326,84299629,303,5909
84299629,84300680,1051,64974
84300680,84301380,700,121799
84301380,84302593,1213,152264
84302593,84303076,483,86026
84303076,84304351,1275,148993
84304351,84305254,903,65772
84305254,84306215,961,15304
84306215,84307285,1070,4445
84307285,84308587,1302,163612
84308587,84309760,1173,50778
84309760,84310999,1239,54487
84310999,84312118,1119,4861
84312118,84312411,293,135635
84312411,84313449,1038,139797
84313449,84314597,1148,149798
84314597,84315806,1209,11049
84315806,84316996,1190,161707
84316996,84318071,1075,108621
84318071,84319350,1279,289453
84319350,84320573,1223,136458
84320573,84321014,441,124224
84321014,84322001,987,129325
84322001,84323274,1273,31097
84323274,84324403,1129,119295
84324403,84325553,1150,10642
84325553,84326455,902,77361
84326455,84327508,1053,295710
84327508,84328666,1158,890
84328666,84329922,1256,280380
84329922,84331136,1214,168638
84331136,84332125,989,184266
84332125,84333384,1259,157400
84333384,84334611,1227,121541
84334611,84335724,1113,134707
84335724,84335954,230,39970
84335954,84336772,818,62851
84336772,84337900,1128,127691
84337900,84339185,1285,123172
84339185,84340329,1144,132710
84340329,84340489,160,144496
84340489,84341700,1211,8157
84341700,84342916,1216,2777
84342916,84344007,1091,220980
84344007,84344657,650,54006
84344657,84345998,1341,122806
84345998,84347253,1255,72876
84347253,84347712,459,143484
84347712,84348939,1227,61356
84348939,84350066,1127,65554
84350066,84351223,1157,122451
84351223,84352532,1309,39501
84352532,84353632,1100,48513
84353632,84354822,1190,177638
84354822,84355569,747,176278
84355569,84356694,1125,15081
84356694,84358047,1353,92915
84358047,84358692,645,31089
84358692,84359754,1062,155944
84359754,84360003,249,138043
84360003,84361080,1077,133447
84361080,84362178,1098,177234
84362178,84363223,1045,362
84363223,84364164,941,142311
84364164,84365214,1050,165428
84365214,84366474,1260,282391
84366474,84367585,1111,56778
84367585,84368352,767,122944
84368352,84369597,1245,132537
84369597,84370794,1197,161972
84370794,84371957,1163,145138
84371957,84373092,1135,128660
84373092,84374327,1235,91902
84374327,84375453,1126,39476
84375453,84376733,1280,102238
84376733,84377961,1228,293663
84377961,84379228,1267,61316
84379228,84380496,1268,41933
84380496,84381390,894,156159
84381390,84382520,1130,147159
84382520,84383282,762,11734
84383282,84384463,1181,121661
84384463,84385589,1126,110706
84385589,84386670,1081,157236
84386670,84386839,169,132776
84386839,84387536,697,59268
84387536,84388095,559,125882
84388095,84389261,1166,130489
84389261,84390516,1255,268287
84390516,84391375,859,101579
84391375,84392068,693,134312
84392068,84393307,1239,88483
84393307,84394538,1231,245708
84394538,84395810,1272,88748
84395810,84396696,886,132484
84396696,84397823,1127,86026
84397823,84399026,1203,110243
84399026,84400314,1288,61317
84400314,84401328,1014,11077
84401328,84402321,993,298549
84402321,84403025,704,26895
84403025,84404114,1089,140931
84404114,84405324,1210,40571
84405324,84406499,1175,54613
84406499,84407484,985,14677
84407484,84408720,1236,104886
84408720,84409847,1127,102250
84409847,84411052,1205,174953
84411052,84412307,1255,25765
84412307,84413530,1223,185457
84413530,84414719,1189,109185
84414719,84414913,194,129587
84414913,84416113,1200,71401
84416113,84416876,763,245687
84416876,84418116,1240,10801
84418116,84418653,537,162253
84418653,84419828,1175,161101
84419828,84421030,1202,102240
84421030,84422264,1234,16632
84422264,84422964,700,84122
84422964,84423216,252,46243
84423216,84423813,597,142362
84423813,84424465,652,19361
84424465,84425578,1113,11243
84425578,84426717,1139,44937
84426717,84427613,896,287139
84427613,84428554,941,150715
84428554,84429805,1251,123602
84429805,84430847,1042,199
84430847,84431054,207,84349
84431054,84432246,1192,89735
84432246,84432952,706,22179
84432952,84434089,1137,123049
84434089,84435278,1189,12971
84435278,84435655,377,64292
84435655,84436130,475,131887
84436130,84436969,839,187466
84436969,84437956,987,133442
84437956,84439172,1216,23281
84439172,84440411,1239,29120
84440411,84441576,1165,110742
84441576,84442927,1351,58868
84442927,84443648,721,102526
84443648,84444922,1274,59288
84444922,84445648,726,12971
84445648,84446987,1339,135832
84446987,84448315,1328,1562
84448315,84448928,613,117866
84448928,84449962,1034,149739
84449962,84450993,1031,48525
84450993,84452213,1220,282391
84452213,84453362,1149,126232
84453362,84454589,1227,141148
84454589,84455830,1241,88007
84455830,84457092,1262,107486
84457092,84457897,805,176853
84457897,84459074,1177,185436
84459074,84460432,1358,129805
84460432,84461600,1168,107520
84461600,84462695,1095,101283
84462695,84463795,1100,157243
84463795,84465122,1327,274549
84465122,84466378,1256,172156
84466378,84467147,769,149033
84467147,84468324,1177,77173
84468324,84469293,969,216570
84469293,84470457,1164,141242
84470457,84471762,1305,104606
84471762,84472824,1062,130728
84472824,84474012,1188,68359
84474012,84475308,1296,145733
84475308,84476296,988,74797
84476296,84477318,1022,69607
84477318,84478530,1212,170982
84478530,84479705,1175,99156
84479705,84480237,532,122544
84480237,84480706,469,294697
84480706,84482014,1308,58012
84482014,84483265,1251,131722
84483265,84484428,1163,170952
84484428,84485009,581,163527
84485009,84485614,605,121382
84485614,84486246,632,161226
84486246,84486455,209,13364
84486455,84487664,1209,98645
84487664,84488957,1293,121080
84488957,84490048,1091,101799
84490048,84491201,1153,61421
84491201,84492459,1258,103481
84492459,84493650,1191,161101
84493650,84493936,286,168638
84493936,84495306,1370,109179
84495306,84496629,1323,276730
84496629,84497863,1234,890
84497863,84498969,1106,78885
84498969,84499293,324,6398
84499293,84500556,1263,8675
84500556,84501003,447,8927
84501003,84501952,949,169293
84501952,84502344,392,11512
84502344,84503581,1237,24731
84503581,84504925,1344,282357
84504925,84505992,1067,121899
84505992,84507214,1222,12731
84507214,84508394,1180,130517
84508394,84509393,999,124549
84509393,84510564,1171,129659
84510564,84511169,605,142733
84511169,84512422,1253,172165
84512422,84513479,1057,138047
84513479,84514567,1088,105002
84514567,84515881,1314,69422
84515881,84516351,470,126959
84516351,84516814,463,141819
84516814,84517534,720,144135
84517534,84518418,884,80690
84518418,84519611,1193,132530
84519611,84520642,1031,890
84520642,84521305,663,285314
84521305,84522352,1047,181961
84522352,84523161,809,135216
84523161,84524009,848,11612
84524009,84525119,1110,152264
84525119,84525946,827,129979
84525946,84527142,1196,1119
84527142,84528267,1125,147045
84528267,84529522,1255,152824
84529522,84530868,1346,4733
84530868,84532007,1139,46890
84532007,84533086,1079,58137
84533086,84533976,890,30105
84533976,84535066,1090,156154
84535066,84536349,1283,258974
84536349,84537454,1105,170438
84537454,84538045,591,128331
84538045,84538255,210,121130
84538255,84539490,1235,125882
84539490,84540750,1260,138042
84540750,84542052,1302,142358
84542052,84542526,474,279153
84542526,84543723,1197,157644
84543723,84544434,711,178149
84544434,84545574,1140,126829
84545574,84546821,1247,8592
84546821,84547735,914,139797
84547735,84548700,965,296468
84548700,84549385,685,184264
84549385,84550655,1270,41610
84550655,84551807,1152,271811
84551807,84552706,899,7574
84552706,84553909,1203,31668
84553909,84554881,972,124224
84554881,84556067,1186,161166
84556067,84557253,1186,32139
84557253,84558426,1173,93276
84558426,84559715,1289,72200
84559715,84560957,1242,138042
84560957,84562210,1253,164187
84562210,84562397,187,187466
84562397,84562826,429,122467
84562826,84564133,1307,137483
84564133,84565418,1285,279153
84565418,84566626,1208,134789
84566626,84567587,961,234067
84567587,84568658,1071,11547
84568658,84569760,1102,254948
84569760,84571041,1281,45204
84571041,84572030,989,123506
84572030,84573023,993,127704
84573023,84573863,840,130993
84573863,84575121,1258,131203
84575121,84576260,1139,5764
84576260,84577570,1310,107520
84577570,84578634,1064,132601
84578634,84579723,1089,157054
84579723,84580928,1205,102250
84580928,84581918,990,12971
84581918,84582644,726,121331
84582644,84583791,1147,26853
84583791,84584544,753,131113
84584544,84585734,1190,126957
84585734,84586925,1191,122810
84586925,84588116,1191,208
84588116,84589380,1264,101276
84589380,84590460,1080,121085
84590460,84591621,1161,117382
84591621,84592845,1224,43321
84592845,84593550,705,21498
84593550,84594613,1063,129317
84594613,84595669,1056,131228
84595669,84596893,1224,139707
84596893,84597623,730,294523
84597623,84598921,1298,30105
84598921,84600097,1176,258993
84600097,84600589,492,129388
84600589,84601207,618,92806
84601207,84602239,1032,62516
84602239,84603102,863,300343
84603102,84603794,692,156224
84603794,84604140,346,95875
84604140,84605368,1228,12544
84605368,84605606,238,134707
84605606,84606782,1176,182394
84606782,84607971,1189,134465
84607971,84608906,935,291609
84608906,84610172,1266,4662
84610172,84610526,354,44577
84610526,84611263,737,139730
84611263,84612380,1117,144999
84612380,84613517,1137,4158
84613517,84614754,1237,141791
84614754,84615935,1181,102250
84615935,84617050,1115,39761
84617050,84618315,1265,141613
84618315,84619499,1184,91905
84619499,84620068,569,131704
84620068,84621049,981,132592
84621049,84622247,1198,122614
84622247,84622819,572,10702
84622819,84623975,1156,4690
84623975,84625228,1253,151776
84625228,84626477,1249,130870
84626477,84627458,981,174953
84627458,84628552,1094,32904
84628552,84629629,1077,363
84629629,84630845,1216,53638
84630845,84631556,711,130994
84631556,84632440,884,126965
84632440,84632789,349,142311
84632789,84633875,1086,123163
84633875,84635100,1225,132499
84635100,84635652,552,176853
84635652,84636025,373,121907
84636025,84637282,1257,289242
84637282,84638359,1077,122825
84638359,84639706,1347,37090
84639706,84640982,1276,19585
84640982,84641990,1008,132848
84641990,84642905,915,66464
84642905,84643899,994,56837
84643899,84645250,1351,140725
84645250,84646404,1154,67233
84646404,84647543,1139,161101
84647543,84648746,1203,11254
84648746,84649890,1144,22574
84649890,84651049,1159,76043
84651049,84652378,1329,142279
84652378,84653453,1075,87732
84653453,84654656,1203,170453
84654656,84655621,965,26894
84655621,84656554,933,39661
84656554,84657693,1139,117382
84657693,84658413,720,143477
84658413,84659634,1221,278289
84659634,84660275,641,3961
84660275,84661436,1161,8675
84661436,84662697,1261,123285
84662697,84663559,862,126796
84663559,84664503,944,12731
84664503,84665589,1086,231862
84665589,84666227,638,176682
84666227,84667360,1133,133393
84667360,84668649,1289,134728
84668649,84669905,1256,11079
84669905,84670812,907,104979
84670812,84672070,1258,128991
84672070,84673164,1094,135221
84673164,84674284,1120,5083
84674284,84674873,589,258266
84674873,84675770,897,157636
84675770,84677005,1235,13364
84677005,84677167,162,11244
84677167,84678126,959,166683
84678126,84679349,1223,121392
84679349,84680494,1145,132891
84680494,84681739,1245,70837
84681739,84682647,908,30119
84682647,84683844,1197,398
84683844,84685091,1247,110054
84685091,84685526,435,163607
84685526,84686856,1330,86039
84686856,84686996,140,46889
84686996,84687639,643,25766
84687639,84688834,1195,270777
84688834,84689090,256,87547
84689090,84689684,594,47239
84689684,84690987,1303,9342
84690987,84692065,1078,69607
84692065,84693294,1229,258959
84693294,84693625,331,139297
84693625,84694872,1247,161217
84694872,84696037,1165,280380
84696037,84697018,981,105405
84697018,84698111,1093,155973
84698111,84699298,1187,163612
84699298,84700413,1115,175448
84700413,84701336,923,123048
84701336,84702093,757,30101
84702093,84703033,940,36641
84703033,84704245,1212,121024
84704245,84705337,1092,39971
84705337,84705858,521,160593
84705858,84706101,243,100145
84706101,84707358,1257,276749
84707358,84708615,1257,91072
84708615,84709689,1074,290351
84709689,84710677,988,105386
84710677,84711216,539,134176
84711216,84712499,1283,126826
84712499,84713714,1215,395
84713714,84714000,286,129396
84714000,84714929,929,41919
84714929,84715935,1006,57156
84715935,84717175,1240,6176
84717175,84718235,1060,199
84718235,84719301,1066,284444
84719301,84720530,1229,17615
84720530,84721846,1316,153964
84721846,84722963,1117,168500
84722963,84724255,1292,127731
84724255,84724434,179,71404
84724434,84725697,1263,234106
84725697,84726023,326,121103
84726023,84727021,998,125127
84727021,84728254,1233,108620
84728254,84729406,1152,129974
84729406,84730549,1143,131751
84730549,84731040,491,150915
84731040,84732378,1338,46267
84732378,84733539,1161,135894
84733539,84734738,1199,141642
84734738,84735859,1121,134170
84735859,84736458,599,142311
84736458,84736886,428,104394
84736886,84737637,751,123267
84737637,84738851,1214,170438
84738851,84739111,260,26852
84739111,84739744,633,93277
84739744,84740817,1073,157243
84740817,84741883,1066,95870
84741883,84742870,987,89390
84742870,84744101,1231,293957
84744101,84745324,1223,86741
84745324,84745579,255,32136
84745579,84746838,1259,9174
84746838,84747151,313,167022
84747151,84748419,1268,121130
84748419,84749032,613,185074
84749032,84750157,1125,149033
84750157,84751166,1009,101265
84751166,84752293,1127,14653
84752293,84752578,285,131295
84752578,84753010,432,246948
84753010,84754064,1054,155968
84754064,84755069,1005,13185
84755069,84756167,1098,66184
84756167,84756440,273,101883
84756440,84757430,990,163612
84757430,84758362,932,56179
84758362,84758964,602,138290
84758964,84760136,1172,130101
84760136,84760874,738,132864
84760874,84762073,1199,234067
84762073,84762878,805,46267
84762878,84763757,879,126312
84763757,84765021,1264,176698
84765021,84766118,1097,96157
84766118,84767223,1105,146111
84767223,84768284,1061,14936
84768284,84769159,875,86039
84769159,84769953,794,131113
84769953,84770904,951,122614
84770904,84771661,757,302111
84771661,84772954,1293,123192
84772954,84773995,1041,135894
84773995,84774897,902,274379
84774897,84775898,1001,69607
84775898,84777045,1147,22178
84777045,84777566,521,61421
84777566,84778846,1280,362
84778846,84779948,1102,143264
84779948,84780925,977,142318
84780925,84782090,1165,73957
84782090,84783336,1246,129317
84783336,84784573,1237,142752
84784573,84785621,1048,165428
84785621,84786786,1165,108640
84786786,84788071,1285,156967
84788071,84788542,471,63101
84788542,84789598,1056,141135
84789598,84790846,1248,141248
84790846,84792003,1157,76574
84792003,84793186,1183,8157
84793186,84794411,1225,11077
84794411,84795201,790,67857
84795201,84796273,1072,126851
84796273,84796924,651,170453
84796924,84798148,1224,121891
84798148,84798389,241,233366
84798389,84799225,836,291101
84799225,84800500,1275,92806
84800500,84801492,992,34483
84801492,84802655,1163,258960
84802655,84803894,1239,134707
84803894,84804765,871,112592
84804765,84805933,1168,14960
84805933,84807080,1147,147173
84807080,84808277,1197,16002
84808277,84809485,1208,58869
84809485,84810728,1243,40571
84810728,84812014,1286,129513
84812014,84813108,1094,163607
84813108,84813430,322,124003
84813430,84814097,667,38026
84814097,84815317,1220,163322
84815317,84816591,1274,150915
84816591,84817264,673,132649
84817264,84817897,633,138042
84817897,84819242,1345,39970
84819242,84820270,1028,124164
84820270,84821521,1251,294700
84821521,84822107,586,164927
84822107,84822827,720,39508
84822827,84824115,1288,64974
84824115,84825373,1258,83633
84825373,84825998,625,122467
84825998,84827091,1093,136861
84827091,84827878,787,293957
84827878,84828937,1059,102250
84828937,84829909,972,282934
84829909,84830499,590,129396
84830499,84831580,1081,6174
84831580,84832770,1190,84357
84832770,84833831,1061,137618
84833831,84834351,520,141235
84834351,84835375,1024,54666
84835375,84836634,1259,130184
84836634,84837695,1061,220979
84837695,84838844,1149,72876
84838844,84840017,1173,129396
84840017,84840325,308,88489
84840325,84841626,1301,139035
84841626,84842890,1264,298549
84842890,84844126,1236,133424
84844126,84844439,313,132484
84844439,84845542,1103,282926
84845542,84845908,366,89894
84845908,84847230,1322,145733
84847230,84848510,1280,133273
84848510,84849241,731,101283
84849241,84850011,770,86732
84850011,84850722,711,19373
84850722,84851695,973,170956
84851695,84852116,421,19214
84852116,84853337,1221,36146
84853337,84854548,1211,4691
84854548,84854831,283,164461
84854831,84855483,652,1539
84855483,84856608,1125,142733
84856608,84857572,964,47237
84857572,84858638,1066,101276
84858638,84859785,1147,4447
84859785,84861054,1269,18533
84861054,84862324,1270,44576
84862324,84863533,1209,108005
84863533,84864639,1106,133273
84864639,84865683,1044,135892
84865683,84866912,1229,216570
84866912,84867427,515,19208
84867427,84868538,1111,134316
84868538,84869794,1256,126232
84869794,84871027,1233,118112
84871027,84871619,592,176854
84871619,84872803,1184,102381
84872803,84874044,1241,26559
84874044,84875336,1292,122810
84875336,84876192,856,146770
84876192,84877333,1141,145083
84877333,84878536,1203,121541
84878536,84879098,562,105002
84879098,84880362,1264,26950
84880362,84880897,535,150715
84880897,84881665,768,123267
84881665,84882603,938,124520
84882603,84883734,1131,91801
84883734,84884970,1236,147990
84884970,84886130,1160,121766
84886130,84887342,1212,170453
84887342,84888534,1192,140639
84888534,84889537,1003,25951
84889537,84889764,227,129443
84889764,84890288,524,131890
84890288,84890635,347,98876
84890635,84891631,996,290923
84891631,84892403,772,105405
84892403,84893625,1222,142745
84893625,84894773,1148,274549
84894773,84895918,1145,131003
84895918,84896955,1037,135220
84896955,84898157,1202,231836
84898157,84899399,1242,142320
84899399,84900418,1019,84447
84900418,84901428,1010,130131
84901428,84902709,1281,11512
84902709,84903786,1077,245687
84903786,84904810,1024,681
84904810,84905953,1143,32658
84905953,84906969,1016,11734
84906969,84908139,1170,139752
84908139,84909104,965,127518
84909104,84910118,1014,300234
84910118,84911359,1241,48362
84911359,84911863,504,232690
84911863,84912975,1112,77361
84912975,84914283,1308,185126
84914283,84915478,1195,144503
84915478,84916730,1252,23281
84916730,84917437,707,37999
84917437,84918289,852,130627
84918289,84919600,1311,126826
84919600,84920854,1254,124368
84920854,84922109,1255,131228
84922109,84922798,689,758
84922798,84923919,1121,126408
84923919,84925013,1094,102232
84925013,84926312,1299,156159
84926312,84927381,1069,37092
84927381,84927861,480,139742
84927861,84928988,1127,8592
84928988,84930271,1283,108640
84930271,84931338,1067,168062
84931338,84932542,1204,71405
84932542,84933361,819,64713
84933361,84934217,856,14274
84934217,84934779,562,141208
84934779,84936010,1231,84447
84936010,84937085,1075,160188
84937085,84938320,1235,152825
84938320,84939577,1257,110131
84939577,84940758,1181,296078
84940758,84940953,195,19665
84940953,84942211,1258,4445
84942211,84942932,721,124547
84942932,84944163,1231,295445
84944163,84945306,1143,127522
84945306,84946606,1300,32637
84946606,84946759,153,72311
84946759,84947965,1206,61777
84947965,84949022,1057,123507
84949022,84950244,1222,151817
84950244,84951495,1251,37090
84951495,84952650,1155,1187
84952650,84953892,1242,86741
84953892,84955037,1145,120325
84955037,84956220,1183,16632
84956220,84957405,1185,130974
84957405,84958397,992,110061
84958397,84958767,370,121331
84958767,84959768,1001,48032
84959768,84960949,1181,141148
84960949,84962010,1061,86040
84962010,84963215,1205,284445
84963215,84964347,1132,123025
84964347,84965512,1165,246904
84965512,84966766,1254,39501
84966766,84967722,956,130093
84967722,84968906,1184,48362
84968906,84969966,1060,15081
84969966,84971191,1225,150127
84971191,84971819,628,302111
84971819,84972282,463,123266
84972282,84972619,337,137770
84972619,84973777,1158,284428
84973777,84975098,1321,118119
84975098,84975406,308,105383
84975406,84976511,1105,170956
84976511,84977611,1100,1188
84977611,84978734,1123,130184
84978734,84979623,889,133424
84979623,84980870,1247,132850
84980870,84982116,1246,132272
84982116,84982873,757,12332
84982873,84983886,1013,5703
84983886,84985101,1215,157400
84985101,84986114,1013,96241
84986114,84987156,1042,166423
84987156,84988213,1057,86710
84988213,84989394,1181,162129
84989394,84990220,826,279852
84990220,84991467,1247,133263
84991467,84992588,1121,285173
84992588,84993873,1285,10674
84993873,84994839,966,100045
84994839,84996058,1219,171133
84996058,84997253,1195,132272
84997253,84998386,1133,26685
84998386,84999527,1141,73075
84999527,85000764,1237,14497
85000764,85001723,959,1730
85001723,85002951,1228,11079
85002951,85004184,1233,137597
85004184,85004717,533,122944
85004717,85005851,1134,154697
85005851,85006891,1040,130486
85006891,85008122,1231,34478
85008122,85009365,1243,49755
85009365,85010420,1055,176660
85010420,85011593,1173,140639
85011593,85012590,997,144019
85012590,85013869,1279,110061
85013869,85014300,431,125945
85014300,85014763,463,63713
85014763,85015903,1140,122625
85015903,85016934,1031,59268
85016934,85017709,775,66464
85017709,85018758,1049,112012
85018758,85018999,241,290047
85018999,85020155,1156,129388
85020155,85021366,1211,175962
85021366,85022391,1025,258959
85022391,85023533,1142,8141
85023533,85024793,1260,131228
85024793,85025034,241,126410
85025034,85026184,1150,132866
85026184,85027400,1216,73024
85027400,85028275,875,142824
85028275,85029422,1147,138042
85029422,85030504,1082,129808
85030504,85030820,316,139710
85030820,85032109,1289,41919
85032109,85032661,552,173230
85032661,85033843,1182,88086
85033843,85035005,1162,143893
85035005,85036268,1263,145138
85036268,85037528,1260,138033
85037528,85038702,1174,140222
85038702,85039967,1265,138042
85039967,85041022,1055,6174
85041022,85042221,1199,60774
85042221,85043179,958,224746
85043179,85043808,629,14674
85043808,85045009,1201,168500
85045009,85046318,1309,160952
85046318,85047390,1072,124439
85047390,85048576,1186,91098
85048576,85049799,1223,9210
85049799,85050801,1002,304535
85050801,85051407,606,163518
85051407,85051919,512,126296
85051919,85052426,507,123190
85052426,85053549,1123,142358
85053549,85054695,1146,7884
85054695,85055672,977,63095
85055672,85056447,775,132300
85056447,85057326,879,153728
85057326,85058592,1266,286306
85058592,85059763,1171,110243
85059763,85060128,365,269254
85060128,85061280,1152,141571
85061280,85062525,1245,142824
85062525,85063719,1194,75360
85063719,85064838,1119,139308
85064838,85065909,1071,145703
85065909,85066920,1011,159386
85066920,85067835,915,164101
85067835,85068607,772,98644
85068607,85069802,1195,287139
85069802,85070943,1141,114468
85070943,85072055,1112,134816
85072055,85073129,1074,164100
85073129,85073999,870,114256
85073999,85075164,1165,75355
85075164,85076339,1175,113336
85076339,85077322,983,142744
85077322,85078331,1009,66622
85078331,85079462,1131,165428
85079462,85080768,1306,183988
85080768,85081886,1118,55202
85081886,85082226,340,34572
85082226,85082872,646,134708
85082872,85084058,1186,283242
85084058,85085235,1177,284428
85085235,85086510,1275,1532
85086510,85087711,1201,124990
85087711,85088964,1253,290351
85088964,85090131,1167,14958
85090131,85091361,1230,91801
85091361,85092271,910,131276
85092271,85093463,1192,86683
85093463,85094670,1207,12538
85094670,85095920,1250,62347
85095920,85096893,973,157054
85096893,85097608,715,6506
85097608,85098813,1205,157636
85098813,85099878,1065,8141
85099878,85100342,464,82558
85100342,85101539,1197,39971
85101539,85102818,1279,121382
85102818,85103464,646,157644
85103464,85104491,1027,93277
85104491,85105589,1098,5083
85105589,85106809,1220,756
85106809,85108071,1262,110520
85108071,85109299,1228,52088
85109299,85110345,1046,94522
85110345,85111501,1156,294554
85111501,85112664,1163,116804
85112664,85113951,1287,91905
85113951,85114983,1032,166420
85114983,85115931,948,150855
85115931,85117016,1085,131259
85117016,85117281,265,135892
85117281,85118426,1145,105405
85118426,85119232,806,139358
85119232,85120339,1107,130977
85120339,85121477,1138,40571
85121477,85122574,1097,230928
85122574,85123831,1257,133273
85123831,85125022,1191,130900
85125022,85125983,961,148993
85125983,85126367,384,41170
85126367,85127160,793,134316
85127160,85128291,1131,294554
85128291,85129525,1234,95441
85129525,85130587,1062,699
85130587,85131574,987,155968
85131574,85132257,683,19361
85132257,85133274,1017,245707
85133274,85134408,1134,278217
85134408,85135341,933,85685
85135341,85136430,1089,125123
85136430,85137707,1277,129324
85137707,85138920,1213,139681
85138920,85139917,997,187464
85139917,85141083,1166,276735
85141083,85142308,1225,111574
85142308,85143011,703,122827
85143011,85144030,1019,128632
85144030,85145109,1079,62347
85145109,85145962,853,41166
85145962,85147023,1061,121543
85147023,85148109,1086,36641
85148109,85148923,814,147159
85148923,85150008,1085,142750
85150008,85151254,1246,7622
85151254,85152313,1059,109507
85152313,85153108,795,157236
85153108,85154373,1265,103126
85154373,85155367,994,124526
85155367,85156608,1241,48032
85156608,85157565,957,291458
85157565,85158836,1271,133211
85158836,85159832,996,304534
85159832,85160909,1077,127595
85160909,85162145,1236,91072
85162145,85162266,121,130993
85162266,85163253,987,131732
85163253,85164416,1163,102381
85164416,85165588,1172,6175
85165588,85166799,1211,275128
85166799,85168056,1257,86708
85168056,85168311,255,121064
85168311,85168524,213,26894
85168524,85169529,1005,259009
85169529,85170709,1180,18004
85170709,85171867,1158,129396
85171867,85172390,523,18004
85172390,85173287,897,10642
85173287,85174504,1217,131256
85174504,85175273,769,149033
85175273,85176339,1066,133225
85176339,85177542,1203,142858
85177542,85178122,580,41170
85178122,85179075,953,13185
85179075,85179708,633,290901
85179708,85180978,1270,293529
85180978,85181665,687,296467
85181665,85182913,1248,143895
85182913,85183803,890,159386
85183803,85184999,1196,129324
85184999,85186075,1076,57837
85186075,85186416,341,123033
85186416,85187187,771,119637
85187187,85187614,427,131218
85187614,85188803,1189,30593
85188803,85189458,655,121907
85189458,85190769,1311,285314
85190769,85191197,428,58193
85191197,85192040,843,10344
85192040,85192481,441,129596
85192481,85193712,1231,155949
85193712,85194623,911,287671
85194623,85195654,1031,137106
85195654,85196888,1234,157088
85196888,85198109,1221,58776
85198109,85199248,1139,121106
85199248,85200571,1323,66622
85200571,85201732,1161,163606
85201732,85202941,1209,164100
85202941,85204223,1282,48032
85204223,85205358,1135,696
85205358,85206526,1168,14672
85206526,85207565,1039,132891
85207565,85208532,967,232057
85208532,85209634,1102,135264
85209634,85210413,779,293531
85210413,85211410,997,352
85211410,85212572,1162,156159
85212572,85213796,1224,160187
85213796,85215025,1229,142733
85215025,85215572,547,95441
85215572,85216681,1109,130993
85216681,85216864,183,123602
85216864,85218083,1219,258959
85218083,85219300,1217,138888
85219300,85220592,1292,86043
85220592,85220956,364,86683
85220956,85222056,1100,105398
85222056,85223281,1225,131259
85223281,85224488,1207,126296
85224488,85225691,1203,167022
85225691,85226902,1211,92812
85226902,85228228,1326,44937
85228228,85229283,1055,5757
85229283,85230470,1187,120325
85230470,85231242,772,287357
85231242,85232029,787,92002
85232029,85233118,1089,61317
85233118,85234221,1103,295445
85234221,85235235,1014,130878
85235235,85236363,1128,5758
85236363,85237700,1337,121080
85237700,85238964,1264,138631
85238964,85240251,1287,34479
85240251,85241520,1269,293963
85241520,85242505,985,72876
85242505,85243237,732,14526
85243237,85243623,386,280380
85243623,85244763,1140,46890
85244763,85245748,985,232057
85245748,85246511,763,126929
85246511,85247453,942,145703
85247453,85248656,1203,366
85248656,85248993,337,134451
85248993,85250199,1206,51163
85250199,85251178,979,121541
85251178,85252166,988,57667
85252166,85253385,1219,681
85253385,85254518,1133,127518
85254518,85255831,1313,105398
85255831,85257039,1208,83633
85257039,85257515,476,40571
85257515,85258440,925,130871
85258440,85259704,1264,134451
85259704,85260359,655,133220
85260359,85261352,993,284433
85261352,85262431,1079,139752
85262431,85263676,1245,149236
85263676,85264934,1258,130876
85264934,85265676,742,157242
85265676,85266935,1259,129011
85266935,85267763,828,294697
85267763,85268927,1164,283138
85268927,85269954,1027,57154
85269954,85270988,1034,164461
85270988,85271977,989,164187
85271977,85273232,1255,142750
85273232,85274309,1077,106965
85274309,85274633,324,142279
85274633,85275804,1171,142363
85275804,85277037,1233,157858
85277037,85278297,1260,154284
85278297,85278655,358,142311
85278655,85279772,1117,234067
85279772,85280834,1062,47239
85280834,85282047,1213,142896
85282047,85282224,177,71402
85282224,85283451,1227,9210
85283451,85284552,1101,1070
85284552,85285455,903,132272
85285455,85285673,218,143895
85285673,85286863,1190,121106
85286863,85288080,1217,59167
85288080,85289281,1201,280380
85289281,85290379,1098,161217
85290379,85290984,605,4445
85290984,85291856,872,126410
85291856,85292382,526,137739
85292382,85293311,929,8927
85293311,85294046,735,126945
85294046,85295338,1292,126947
85295338,85296409,1071,32137
85296409,85296882,473,13247
85296882,85297239,357,137106
85297239,85297615,376,39761
85297615,85298935,1320,127597
85298935,85299987,1052,130296
85299987,85301118,1131,258250
85301118,85302322,1204,280250
85302322,85303244,922,129808
85303244,85304158,914,163606
85304158,85305421,1263,91098
85305421,85306584,1163,291458
85306584,85307487,903,130517
85307487,85308560,1073,105002
85308560,85309673,1113,127731
85309673,85310845,1172,158074
85310845,85312077,1232,71401
85312077,85313199,1122,135216
85313199,85314281,1082,128991
85314281,85315172,891,108066
85315172,85316149,977,112012
85316149,85317308,1159,105394
85317308,85317692,384,11612
85317692,85318955,1263,63713
85318955,85320194,1239,112057
85320194,85321386,1192,140718
85321386,85322565,1179,101258
85322565,85323624,1059,7793
85323624,85324820,1196,143948
85324820,85326010,1190,30593
85326010,85327371,1361,73958
85327371,85328594,1223,288043
85328594,85329802,1208,126739
85329802,85331034,1232,17615
85331034,85331240,206,153733
85331240,85332521,1281,32904
85332521,85333594,1073,149245
85333594,85334295,701,11533
85334295,85334482,187,135020
85334482,85335646,1164,71404
85335646,85336826,1180,29012
85336826,85337397,571,3966
85337397,85338522,1125,3967
85338522,85339013,491,232690
85339013,85339607,594,1731
85339607,85340833,1226,129396
85340833,85342020,1187,88484
85342020,85343252,1232,56174
85343252,85344205,953,104886
85344205,85344690,485,9210
85344690,85345798,1108,174960
85345798,85347034,1236,64290
85347034,85347747,713,124224
85347747,85348794,1047,137483
85348794,85349147,353,83696
85349147,85349711,564,126955
85349711,85350267,556,8675
85350267,85351413,1146,138488
85351413,85352612,1199,161101
85352612,85353520,908,62850
85353520,85354742,1222,184448
85354742,85355443,701,13265
85355443,85356656,1213,51163
85356656,85357502,846,127731
85357502,85358623,1121,19373
85358623,85359760,1137,258283
85359760,85360141,381,20023
85360141,85360915,774,30593
85360915,85362024,1109,168500
85362024,85363185,1161,139741
85363185,85364325,1140,1119
85364325,85365569,1244,147159
85365569,85366904,1335,64291
85366904,85368259,1355,141240
85368259,85369498,1239,141613
85369498,85370532,1034,169619
85370532,85371767,1235,7887
85371767,85373085,1318,64290
85373085,85373987,902,123269
85373987,85374771,784,90847
85374771,85375886,1115,121541
85375886,85376739,853,40556
85376739,85377111,372,134465
85377111,85378292,1181,104890
85378292,85379015,723,15307
85379015,85380241,1226,293959
85380241,85381102,861,143485
85381102,85382163,1061,125945
85382163,85383226,1063,157242
85383226,85384381,1155,20410
85384381,85385631,1250,127215
85385631,85386904,1273,758
85386904,85388013,1109,129396
85388013,85389179,1166,72210
85389179,85390416,1237,134463
85390416,85391670,1254,157475
85391670,85392741,1071,129064
85392741,85393787,1046,121068
85393787,85394972,1185,89388
85394972,85395992,1020,135022
85395992,85397227,1235,104398
85397227,85398420,1193,158796
85398420,85399549,1129,139741
85399549,85400794,1245,129583
85400794,85402004,1210,103120
85402004,85402343,339,105390
85402343,85403453,1110,130900
85403453,85404782,1329,34497
85404782,85405913,1131,145138
85405913,85406581,668,149881
85406581,85407825,1244,110061
85407825,85408963,1138,14497
85408963,85410163,1200,141135
85410163,85410438,275,135020
85410438,85411289,851,137154
85411289,85412337,1048,72311
85412337,85412683,346,121799
85412683,85413878,1195,68762
85413878,85414969,1091,133630
85414969,85416237,1268,16632
85416237,85417246,1009,89882
85417246,85418506,1260,53638
85418506,85418833,327,5097
85418833,85419736,903,127521
85419736,85421060,1324,26520
85421060,85422283,1223,12898
85422283,85423584,1301,89735
85423584,85424776,1192,80690
85424776,85425842,1066,216564
85425842,85427019,1177,157830
85427019,85427937,918,126232
85427937,85428145,208,121331
85428145,85428735,590,58192
85428735,85429990,1255,285135
85429990,85430162,172,47030
85430162,85431390,1228,58869
85431390,85432374,984,49755
85432374,85433589,1215,126292
85433589,85434785,1196,174992
85434785,85435873,1088,155520
85435873,85437084,1211,293959
85437084,85438271,1187,157242
85438271,85439515,1244,294554
85439515,85440542,1027,141209
85440542,85440874,332,300343
85440874,85441928,1054,262269
85441928,85443099,1171,131256
85443099,85443267,168,6557
85443267,85444348,1081,132485
85444348,85444492,144,110705
85444492,85445272,780,280922
85445272,85446465,1193,143893
85446465,85447558,1093,11612
85447558,85448734,1176,121331
85448734,85449734,1000,142824
85449734,85450991,1257,294700
85450991,85451544,553,18005
85451544,85451798,254,81858
85451798,85453049,1251,54666
85453049,85454226,1177,282926
85454226,85455472,1246,141613
85455472,85455713,241,11244
85455713,85456899,1186,100043
85456899,85458181,1282,12545
85458181,85459373,1192,149236
85459373,85459704,331,145703
85459704,85460784,1080,252342
85460784,85461934,1150,143005
85461934,85462940,1006,133211
85462940,85464095,1155,104978
85464095,85465369,1274,246893
85465369,85466521,1152,134708
85466521,85467620,1099,26956
85467620,85468432,812,12898
85468432,85469629,1197,157858
85469629,85470765,1136,160953
85470765,85471601,836,156981
85471601,85472818,1217,68888
85472818,85473891,1073,232057
85473891,85474507,616,77782
85474507,85475356,849,163612
85475356,85476611,1255,5911
85476611,85477751,1140,58192
85477751,85478624,873,132821
85478624,85479765,1141,126851
85479765,85480038,273,129396
85480038,85481172,1134,147159
85481172,85482295,1123,123025
85482295,85483502,1207,115686
85483502,85484767,1265,61777
85484767,85485038,271,121528
85485038,85486201,1163,121415
85486201,85487499,1298,10702
85487499,85488719,1220,137483
85488719,85489654,935,37090
85489654,85490950,1296,133395
85490950,85491152,202,62347
85491152,85492193,1041,132532
85492193,85493314,1121,276730
85493314,85493621,307,5909
85493621,85493944,323,138033
85493944,85495220,1276,86732
85495220,85496203,983,39648
85496203,85497519,1316,161975
85497519,85498603,1084,137770
85498603,85499796,1193,16002
85499796,85500981,1185,271811
85500981,85502268,1287,279153
85502268,85503379,1111,60774
85503379,85504683,1304,37090
85504683,85505952,1269,170951
85505952,85507154,1202,134707
85507154,85508003,849,9210
85508003,85509196,1193,147193
85509196,85510429,1233,285314
85510429,85511334,905,172156
85511334,85512563,1229,12707
85512563,85513662,1099,280922
85513662,85514951,1289,133263
85514951,85516044,1093,138888
85516044,85516571,527,47238
85516571,85517915,1344,19585
85517915,85519207,1292,126296
85519207,85520325,1118,131259
85520325,85521621,1296,282391
85521621,85522776,1155,2301
85522776,85524041,1265,142279
85524041,85524489,448,150915
85524489,85525671,1182,120318
85525671,85526619,948,134708
85526619,85527942,1323,73024
85527942,85528927,985,104890
85528927,85529841,914,106969
85529841,85531004,1163,123271
85531004,85532016,1012,162130
85532016,85532953,937,59268
85532953,85534178,1225,54659
85534178,85534948,770,275212
85534948,85536131,1183,100045
85536131,85537242,1111,87280
85537242,85538479,1237,135580
85538479,85539693,1214,157859
85539693,85540961,1268,244443
85540961,85541334,373,126842
85541334,85542522,1188,274558
85542522,85543837,1315,37090
85543837,85545042,1205,287657
85545042,85546249,1207,4136
85546249,85547468,1219,132782
85547468,85548605,1137,20034
85548605,85549821,1216,290350
85549821,85551107,1286,114452
85551107,85552341,1234,135227
85552341,85552941,600,164187
85552941,85553621,680,107621
85553621,85554845,1224,5341
85554845,85556093,1248,275128
85556093,85556428,335,132649
85556428,85557683,1255,295761
85557683,85558852,1169,291384
85558852,85559657,805,121543
85559657,85560858,1201,280250
85560858,85562157,1299,87791
85562157,85563350,1193,155948
85563350,85564552,1202,101854
85564552,85565794,1242,285896
85565794,85567021,1227,152267
85567021,85567746,725,274380
85567746,85568463,717,245707
85568463,85569668,1205,160958
85569668,85571399,1731,13270
85571399,85572511,1112,137627
85572511,85573755,1244,102239
85573755,85574298,543,127685
85574298,85575565,1267,102239
85575565,85576753,1188,105394
85576753,85577945,1192,131030
85577945,85579162,1217,109656
85579162,85579759,597,132710
85579759,85581021,1262,116804
85581021,85582126,1105,176256
85582126,85583332,1206,66016
85583332,85584425,1093,143893
85584425,85585686,1261,135897
85585686,85586663,977,134434
85586663,85586843,180,165428
85586843,85587248,405,167023
85587248,85588362,1114,133220
85588362,85589418,1056,68344
85589418,85590264,846,14497
85590264,85591513,1249,138045
85591513,85592755,1242,101278
85592755,85593958,1203,244443
85593958,85595044,1086,131732
85595044,85596301,1257,244431
85596301,85597300,999,185125
85597300,85598468,1168,127732
85598468,85599507,1039,48525
85599507,85600518,1011,287139
85600518,85601613,1095,170977
85601613,85602954,1341,128331
85602954,85603973,1019,101262
85603973,85605226,1253,79973
85605226,85606396,1170,83633
85606396,85607398,1002,80665
85607398,85608670,1272,133393
85608670,85609897,1227,98645
85609897,85610950,1053,122655
85610950,85612043,1093,130870
85612043,85612986,943,301693
85612986,85614042,1056,6506
85614042,85614419,377,130625
85614419,85615162,743,163518
85615162,85616286,1124,137483
85616286,85617487,1201,160958
85617487,85618626,1139,10172
85618626,85619787,1161,178028
85619787,85620982,1195,110705
85620982,85622287,1305,166436
85622287,85623421,1134,128309
85623421,85624528,1107,84448
85624528,85625706,1178,122614
85625706,85626795,1089,87508
85626795,85628042,1247,1187
85628042,85629313,1271,284445
85629313,85630520,1207,92915
85630520,85631726,1206,30591
85631726,85632921,1195,296159
85632921,85634078,1157,112593
85634078,85634313,235,129393
85634313,85635082,769,129066
85635082,85635999,917,681
85635999,85636828,829,170453
85636828,85637113,285,6525
85637113,85638159,1046,126408
85638159,85639395,1236,164101
85639395,85640325,930,168198
85640325,85641425,1100,254948
85641425,85642582,1157,73075
85642582,85643335,753,122451
85643335,85644516,1181,75807
85644516,85645777,1261,148312
85645777,85646319,542,41610
85646319,85647223,904,122441
85647223,85647409,186,163607
85647409,85648304,895,11533
85648304,85649469,1165,291107
85649469,85650410,941,26947
85650410,85651639,1229,122827
85651639,85652733,1094,5417
85652733,85653970,1237,123216
85653970,85655181,1211,132499
85655181,85656301,1120,170452
85656301,85656898,597,156977
85656898,85658114,1216,170976
85658114,85659275,1161,65803
85659275,85660378,1103,2777
85660378,85661587,1209,139297
85661587,85662942,1355,70843
85662942,85664277,1335,37090
85664277,85665190,913,169656
85665190,85666396,1206,10089
85666396,85667309,913,122025
85667309,85668179,870,89390
85668179,85669448,1269,142744
85669448,85670721,1273,131040
85670721,85671736,1015,290363
85671736,85672197,461,143521
85672197,85673360,1163,37134
85673360,85674413,1053,13364
85674413,85675776,1363,157644
85675776,85676763,987,216567
85676763,85677795,1032,147045
85677795,85678120,325,290349
85678120,85679252,1132,68369
85679252,85679796,544,131722
85679796,85680894,1098,10702
85680894,85681958,1064,147110
85681958,85683245,1287,133211
85683245,85683796,551,88007
85683796,85684996,1200,168198
85684996,85686122,1126,83633
85686122,85687305,1183,8912
85687305,85688630,1325,129979
85688630,85689448,818,135657
85689448,85690405,957,163612
85690405,85691577,1172,39661
85691577,85692662,1085,164187
85692662,85693055,393,126796
85693055,85694087,1032,144135
85694087,85695311,1224,101580
85695311,85696577,1266,84010
85696577,85697696,1119,114469
85697696,85698897,1201,44937
85698897,85700163,1266,160952
85700163,85701292,1129,130296
85701292,85701517,225,123176
85701517,85702760,1243,246948
85702760,85703183,423,22178
85703183,85704120,937,9210
85704120,85705195,1075,181420
85705195,85706400,1205,130975
85706400,85706600,200,155151
85706600,85707564,964,231837
85707564,85708246,682,141644
85708246,85709453,1207,281131
85709453,85710748,1295,5710
85710748,85711914,1166,110243
85711914,85712977,1063,170951
85712977,85714214,1237,170982
85714214,85715533,1319,134434
85715533,85716540,1007,37134
85716540,85717732,1192,122825
85717732,85719002,1270,129515
85719002,85720230,1228,5330
85720230,85720842,612,129581
85720842,85721606,764,152282
85721606,85722829,1223,156154
85722829,85723884,1055,10344
85723884,85725137,1253,133447
85725137,85726151,1014,57179
85726151,85727356,1205,279363
85727356,85728353,997,58193
85728353,85729116,763,32886
85729116,85730303,1187,199
85730303,85731524,1221,102250
85731524,85732764,1240,6398
85732764,85733815,1051,126209
85733815,85734013,198,22178
85734013,85735177,1164,87997
85735177,85736134,957,135635
85736134,85737416,1282,147159
85737416,85738322,906,123135
85738322,85738652,330,56777
85738652,85739937,1285,12895
85739937,85741114,1177,139325
85741114,85742342,1228,154838
85742342,85743654,1312,93470
85743654,85744872,1218,14358
85744872,85746092,1220,110056
85746092,85746889,797,22178
85746889,85747879,990,275147
85747879,85749099,1220,185126
85749099,85750271,1172,39501
85750271,85750691,420,184448
85750691,85751935,1244,122789
85751935,85753125,1190,861
85753125,85754135,1010,64290
85754135,85754908,773,7884
85754908,85756117,1209,66176
85756117,85757257,1140,106800
85757257,85757714,457,133393
85757714,85758931,1217,92002
85758931,85759584,653,110131
85759584,85760770,1186,57837
85760770,85761063,293,129388
85761063,85762226,1163,278228
85762226,85763325,1099,102250
85763325,85764569,1244,127215
85764569,85765787,1218,161100
85765787,85766758,971,95959
85766758,85767878,1120,128136
85767878,85769073,1195,258970
85769073,85769426,353,12545
85769426,85770588,1162,125123
85770588,85770989,401,72210
85770989,85772115,1126,23311
85772115,85772392,277,137627
85772392,85773523,1131,58012
85773523,85774318,795,84447
85774318,85775577,1259,143005
85775577,85776675,1098,6557
85776675,85777704,1029,134728
85777704,85778833,1129,121415
85778833,85780101,1268,110054
85780101,85780999,898,127537
85780999,85782136,1137,101278
85782136,85782373,237,25951
85782373,85783591,1218,95441
85783591,85784343,752,111754
85784343,85785222,879,132707
85785222,85786543,1321,170976
85786543,85787660,1117,231834
85787660,85788721,1061,295445
85788721,85789655,934,6541
85789655,85790709,1054,160187
85790709,85791689,980,34479
85791689,85792964,1275,101265
85792964,85794023,1059,104394
85794023,85794839,816,274376
85794839,85795870,1031,134786
85795870,85797121,1251,295761
85797121,85797948,827,84121
85797948,85799119,1171,4687
85799119,85800071,952,123190
85800071,85801340,1269,132644
85801340,85802462,1122,83696
85802462,85802823,361,171108
85802823,85804060,1237,39478
85804060,85805256,1196,6398
85805256,85806349,1093,276730
85806349,85807293,944,281188
85807293,85808486,1193,57836
85808486,85809621,1135,144019
85809621,85810318,697,39478
85810318,85811571,1253,142318
85811571,85812719,1148,282926
85812719,85813117,398,134312
85813117,85814416,1299,83696
85814416,85815087,671,13250
85815087,85816290,1203,63111
85816290,85817323,1033,291107
85817323,85818591,1268,6556
85818591,85819727,1136,140072
85819727,85820845,1118,121080
85820845,85822031,1186,93470
85822031,85823250,1219,137483
85823250,85823450,200,245708
85823450,85823862,412,31629
85823862,85825113,1251,4445
85825113,85826230,1117,137483
85826230,85827132,902,10642
85827132,85828063,931,123283
85828063,85829279,1216,157242
85829279,85830284,1005,130989
85830284,85831214,930,7884
85831214,85832353,1139,139358
85832353,85832729,376,278289
85832729,85834023,1294,2301
85834023,85834332,309,231834
85834332,85835517,1185,7574
85835517,85836683,1166,122441
85836683,85837940,1257,49750
85837940,85839189,1249,65772
85839189,85840200,1011,141248
85840200,85841382,1182,129597
85841382,85842678,1296,162129
85842678,85843289,611,95969
85843289,85844494,1205,134160
85844494,85845729,1235,141613
85845729,85846978,1249,96498
85846978,85848140,1162,2772
85848140,85848551,411,121068
85848551,85849525,974,29120
85849525,85850871,1346,135826
85850871,85852139,1268,112761
85852139,85852532,393,124557
85852532,85853608,1076,185436
85853608,85854817,1209,134717
85854817,85856046,1229,68358
85856046,85857213,1167,152824
85857213,85858273,1060,9920
85858273,85859284,1011,258986
85859284,85860383,1099,46268
85860383,85861529,1146,54659
85861529,85862512,983,157243
85862512,85863830,1318,134592
85863830,85864863,1033,138545
85864863,85865806,943,274376
85865806,85867036,1230,294697
85867036,85868121,1085,129623
85868121,85869238,1117,29108
85869238,85870267,1029,283138
85870267,85871342,1075,5417
85871342,85872614,1272,2301
85872614,85873869,1255,140718
85873869,85874812,943,143307
85874812,85875997,1185,287358
85875997,85877275,1278,133834
85877275,85877778,503,137154
85877778,85879022,1244,292138
85879022,85880372,1350,132499
85880372,85881529,1157,132069
85881529,85882686,1157,105168
85882686,85883843,1157,284433
85883843,85884798,955,271817
85884798,85886000,1202,131228
85886000,85887251,1251,163612
85887251,85888353,1102,104394
85888353,85889662,1309,70919
85889662,85890880,1218,19371
85890880,85892170,1290,170982
85892170,85893143,973,138113
85893143,85894339,1196,139707
85894339,85895422,1083,45218
85895422,85896695,1273,136863
85896695,85897208,513,292138
85897208,85898390,1182,130876
85898390,85899364,974,127703
85899364,85900487,1123,12731
85900487,85901739,1252,142320
85901739,85902672,933,137739
85902672,85903809,1137,295710
85903809,85905066,1257,116797
85905066,85905717,651,126955
85905717,85906827,1110,57154
85906827,85908094,1267,155151
85908094,85909325,1231,132776
85909325,85910586,1261,163612
85910586,85911440,854,66166
85911440,85912141,701,83606
85912141,85913395,1254,66465
85913395,85914658,1263,233366
85914658,85915535,877,126959
85915535,85916190,655,164100
85916190,85917263,1073,167597
85917263,85918457,1194,171138
85918457,85919305,848,1730
85919305,85920102,797,28465
85920102,85921330,1228,1539
85921330,85922134,804,134728
85922134,85923419,1285,134312
85923419,85924443,1024,123506
85924443,85925584,1141,294113
85925584,85926389,805,160953
85926389,85927682,1293,142358
85927682,85927910,228,157057
85927910,85928792,882,123507
85928792,85930028,1236,128632
85930028,85931187,1159,140040
85931187,85932444,1257,158074
85932444,85933575,1131,72205
85933575,85934216,641,140639
85934216,85935300,1084,20034
85935300,85936585,1285,88489
85936585,85937826,1241,138289
85937826,85938791,965,138115
85938791,85939889,1098,129440
85939889,85941150,1261,151776
85941150,85942237,1087,162129
85942237,85942421,184,59268
85942421,85943463,1042,163612
85943463,85944723,1260,125883
85944723,85945547,824,861
85945547,85946195,648,92002
85946195,85947211,1016,150915
85947211,85948302,1091,13269
85948302,85949195,893,167024
85949195,85950302,1107,131106
85950302,85950542,240,65554
85950542,85951398,856,101799
85951398,85952040,642,130870
85952040,85953309,1269,5083
85953309,85954448,1139,126860
85954448,85955553,1105,34572
85955553,85956632,1079,56174
85956632,85956982,350,64974
85956982,85957967,985,122806
85957967,85959033,1066,142727
85959033,85960081,1048,16802
85960081,85961054,973,16802
85961054,85962128,1074,18533
85962128,85963227,1099,117899
85963227,85964003,776,142858
85964003,85965252,1249,67584
85965252,85966369,1117,101579
85966369,85966762,393,176256
85966762,85968014,1252,73712
85968014,85969204,1190,123049
85969204,85970223,1019,294113
85970223,85970844,621,105398
85970844,85971284,440,10673
85971284,85972311,1027,53343
85972311,85972672,361,129979
85972672,85973811,1139,129514
85973811,85974909,1098,160592
85974909,85975321,412,97610
85975321,85976606,1285,11079
85976606,85977840,1234,395
85977840,85979097,1257,54006
85979097,85980358,1261,121669
85980358,85981675,1317,113272
85981675,85981948,273,133834
85981948,85983123,1175,282386
85983123,85983492,369,127518
85983492,85983789,297,84122
85983789,85985024,1235,130296
85985024,85986186,1162,39971
85986186,85987325,1139,83633
85987325,85988059,734,153309
85988059,85989335,1276,281188
85989335,85990520,1185,39913
85990520,85991743,1223,134176
85991743,85992840,1097,155944
85992840,85994121,1281,10172
85994121,85994691,570,129396
85994691,85995954,1263,134160
85995954,85997224,1270,81859
85997224,85998386,1162,124439
85998386,85999271,885,252342
85999271,86000357,1086,6175
86000357,86001341,984,128036
86001341,86001447,106,129393
86001447,86002319,872,101892
86002319,86003464,1145,120325
86003464,86003966,502,58869
86003966,86005183,1217,45204
86005183,86006411,1228,134121
86006411,86007412,1001,216570
86007412,86008551,1139,4690
86008551,86009621,1070,178028
86009621,86010775,1154,154838
86010775,86011138,363,135216
86011138,86012139,1001,176853
86012139,86013409,1270,160592
86013409,86014646,1237,60801
86014646,86015865,1219,70837
86015865,86017076,1211,258974
86017076,86018192,1116,38026
86018192,86019219,1027,157243
86019219,86020400,1181,125128
86020400,86021032,632,13364
86021032,86022031,999,161972
86022031,86023057,1026,285135
86023057,86024280,1223,147173
86024280,86025417,1137,102526
86025417,86026107,690,88363
86026107,86026610,503,7894
86026610,86027773,1163,12898
86027773,86029032,1259,134148
86029032,86030108,1076,304535
86030108,86031152,1044,216563
86031152,86032374,1222,44577
86032374,86033352,978,133273
86033352,86034629,1277,294551
86034629,86035906,1277,62558
86035906,86037204,1298,77361
86037204,86038333,1129,123269
86038333,86039553,1220,143271
86039553,86040745,1192,148920
86040745,86041961,1216,123443
86041961,86043061,1100,136610
86043061,86044340,1279,270777
86044340,86044790,450,75807
86044790,86045390,600,124164
86045390,86046565,1175,131030
86046565,86047784,1219,58868
86047784,86048048,264,46240
86048048,86049272,1224,293663
86049272,86050482,1210,258283
86050482,86051689,1207,220980
86051689,86052651,962,147110
86052651,86053897,1246,126959
86053897,86055096,1199,140639
86055096,86055524,428,47237
86055524,86056601,1077,137627
86056601,86057784,1183,134119
86057784,86059033,1249,25765
86059033,86060192,1159,38660
86060192,86061437,1245,10160
86061437,86062678,1241,61356
86062678,86062907,229,39967
86062907,86064107,1200,162667
86064107,86065458,1351,86710
86065458,86066636,1178,138047
86066636,86067485,849,178149
86067485,86067766,281,176853
86067766,86068321,555,282357
86068321,86069492,1171,62347
86069492,86070548,1056,47030
86070548,86071839,1291,25563
86071839,86072038,199,26947
86072038,86072281,243,143005
86072281,86073485,1204,124547
86073485,86074337,852,34497
86074337,86075456,1119,105168
86075456,86076660,1204,170977
86076660,86077931,1271,163612
86077931,86079190,1259,123013
86079190,86079997,807,131887
86079997,86081206,1209,141240
86081206,86082338,1132,48848
86082338,86083453,1115,7591
86083453,86084267,814,148529
86084267,86085413,1146,122809
86085413,86085716,303,63839
86085716,86086693,977,15082
86086693,86087710,1017,124999
86087710,86088921,1211,61742
86088921,86089244,323,131203
86089244,86090328,1084,54006
86090328,86091117,789,137628
86091117,86092370,1253,13185
86092370,86093573,1203,277899
86093573,86094803,1230,126408
86094803,86096018,1215,1120
86096018,86097083,1065,220951
86097083,86098271,1188,279239
86098271,86099418,1147,6498
86099418,86100426,1008,5083
86100426,86101619,1193,132280
86101619,86102685,1066,184447
86102685,86103898,1213,80534
86103898,86105077,1179,126842
86105077,86106278,1201,1133
86106278,86107405,1127,125883
86107405,86108663,1258,129513
86108663,86109399,736,121899
86109399,86110526,1127,91906
86110526,86111113,587,105168
86111113,86112279,1166,121902
86112279,86113372,1093,156963
86113372,86114545,1173,110128
86114545,86115699,1154,123176
86115699,86116330,631,101892
86116330,86116683,353,166433
86116683,86117948,1265,143307
86117948,86118955,1007,280380
86118955,86120219,1264,85684
86120219,86121466,1247,160592
86121466,86122820,1354,135229
86122820,86124068,1248,58778
86124068,86125256,1188,134425
86125256,86126211,955,134176
86126211,86127418,1207,64738
86127418,86128541,1123,80690
86128541,86129632,1091,123283
86129632,86130684,1052,44576
86130684,86131098,414,128660
86131098,86131757,659,167023
86131757,86132872,1115,5084
86132872,86134008,1136,34501
86134008,86135206,1198,139325
86135206,86136449,1243,280380
86136449,86137432,983,126233
86137432,86138590,1158,262305
86138590,86139726,1136,129583
86139726,86140815,1089,4690
86140815,86141601,786,112011
86141601,86142875,1274,3587
86142875,86144129,1254,66622
86144129,86145148,1019,130625
86145148,86146385,1237,91801
86146385,86147598,1213,65772
86147598,86148883,1285,288044
86148883,86149793,910,135762
86149793,86151007,1214,30101
86151007,86152002,995,30101
86152002,86153087,1085,125140
86153087,86154048,961,65772
86154048,86154959,911,143625
86154959,86156098,1139,138115
86156098,86157296,1198,5912
86157296,86158448,1152,170950
86158448,86159674,1226,32658
86159674,86160478,804,128632
86160478,86160841,363,128678
86160841,86162049,1208,700
86162049,86163092,1043,142320
86163092,86164269,1177,258960
86164269,86165407,1138,129623
86165407,86166634,1227,16003
86166634,86167752,1118,291609
86167752,86168913,1161,245687
86168913,86170130,1217,141174
86170130,86170732,602,291381
86170732,86172000,1268,91801
86172000,86172286,286,53638
86172286,86173330,1044,125123
86173330,86174422,1092,145083
86174422,86175425,1003,147963
86175425,86176297,872,40556
86176297,86177515,1218,1119
86177515,86178488,973,287671
86178488,86178779,291,96175
86178779,86179473,694,133217
86179473,86180630,1157,296159
86180630,86181872,1242,119637
86181872,86183143,1271,12332
86183143,86184379,1236,32139
86184379,86184752,373,26894
86184752,86185498,746,121799
86185498,86186683,1185,127537
86186683,86187760,1077,64708
86187760,86188795,1035,11546
86188795,86189128,333,109185
86189128,86189956,828,171137
86189956,86191037,1081,293987
86191037,86192186,1149,171134
86192186,86193299,1113,117382
86193299,86194554,1255,80690
86194554,86195593,1039,159386
86195593,86195980,387,39616
86195980,86197200,1220,290363
86197200,86198458,1258,147159
86198458,86198894,436,8675
86198894,86199427,533,48579
86199427,86200572,1145,128632
86200572,86201728,1156,138047
86201728,86202889,1161,49755
86202889,86204066,1177,756
86204066,86205174,1108,1070
86205174,86206214,1040,138042
86206214,86207470,1256,122614
86207470,86208681,1211,170950
86208681,86209848,1167,101836
86209848,86210936,1088,31668
86210936,86212193,1257,86040
86212193,86213382,1189,103126
86213382,86214447,1065,86710
86214447,86214744,297,170977
86214744,86215876,1132,126221
86215876,86217009,1133,78885
86217009,86218235,1226,163322
86218235,86219308,1073,48362
86219308,86220505,1197,128226
86220505,86221732,1227,144987
86221732,86222871,1139,300343
86222871,86223827,956,117384
86223827,86225006,1179,129325
86225006,86226243,1237,7574
86226243,86226998,755,184265
86226998,86227196,198,129597
86227196,86228368,1172,105405
86228368,86229515,1147,18524
86229515,86230667,1152,10701
86230667,86231935,1268,138486
86231935,86233098,1163,56837
86233098,86234273,1175,131732
86234273,86234925,652,139308
86234925,86236166,1241,137154
86236166,86237420,1254,6174
86237420,86238661,1241,107483
86238661,86239896,1235,147989
86239896,86240975,1079,61316
86240975,86242088,1113,88089
86242088,86243186,1098,58776
86243186,86244372,1186,156015
86244372,86244792,420,39508
86244792,86245851,1059,70843
86245851,86247002,1151,362
86247002,86248228,1226,145701
86248228,86249411,1183,274375
86249411,86250662,1251,32136
86250662,86251680,1018,139707
86251680,86252757,1077,281471
86252757,86253996,1239,131106
86253996,86255147,1151,135814
86255147,86255446,299,61316
86255446,86256248,802,258959
86256248,86257416,1168,152282
86257416,86258601,1185,8674
86258601,86259776,1175,152831
86259776,86260998,1222,75360
86260998,86261735,737,64738
86261735,86262951,1216,43322
86262951,86263560,609,15305
86263560,86264771,1211,178748
86264771,86265680,909,90850
86265680,86266543,863,284433
86266543,86267761,1218,109173
86267761,86268837,1076,83607
86268837,86269806,969,64588
86269806,86270681,875,258283
86270681,86271203,522,54666
86271203,86272270,1067,268287
86272270,86272862,592,141571
86272862,86274032,1170,101265
86274032,86275369,1337,58843
86275369,86276524,1155,6176
86276524,86277698,1174,152826
86277698,86278953,1255,19366
86278953,86280065,1112,139752
86280065,86281288,1223,6397
86281288,86282347,1059,122544
86282347,86283356,1009,3961
86283356,86283923,567,105386
86283923,86284223,300,24732
86284223,86285401,1178,73073
86285401,86286569,1168,89894
86286569,86287237,668,10674
86287237,86288311,1074,157242
86288311,86289419,1108,73073
86289419,86290576,1157,126794
86290576,86291152,576,126957
86291152,86292271,1119,146346
86292271,86293418,1147,79973
86293418,86294598,1180,127597
86294598,86295823,1225,54006
86295823,86296822,999,1733
86296822,86298019,1197,282934
86298019,86299165,1146,148920
86299165,86299890,725,110061
86299890,86300963,1073,138042
86300963,86301608,645,135824
86301608,86302860,1252,281131
86302860,86303709,849,39476
86303709,86304357,648,164187
86304357,86304706,349,129623
86304706,86305581,875,278217
86305581,86306757,1176,157243
86306757,86307910,1153,104483
86307910,86308922,1012,68361
86308922,86309937,1015,281188
86309937,86311169,1232,6541
86311169,86312337,1168,72927
86312337,86313687,1350,171138
86313687,86315036,1349,62347
86315036,86315967,931,130870
86315967,86317242,1275,39970
86317242,86318540,1298,121741
86318540,86319638,1098,115968
86319638,86320805,1167,84121
86320805,86321983,1178,216570
86321983,86322524,541,287139
86322524,86323107,583,109176
86323107,86323988,881,30591
86323988,86325250,1262,39477
86325250,86326333,1083,288044
86326333,86327454,1121,122025
86327454,86328581,1127,160952
86328581,86329570,989,292253
86329570,86330463,893,43296
86330463,86331330,867,6556
86331330,86332526,1196,134312
86332526,86333750,1224,122451
86333750,86334836,1086,67860
86334836,86335985,1149,4861
86335985,86336328,343,398
86336328,86337617,1289,54016
86337617,86338820,1203,220979
86338820,86340037,1217,81870
86340037,86341318,1281,282386
86341318,86342473,1155,7793
86342473,86343682,1209,47239
86343682,86344913,1231,71550
86344913,86346042,1129,271811
86346042,86346366,324,139707
86346366,86347627,1261,92202
86347627,86348843,1216,288043
86348843,86350009,1166,158074
86350009,86350798,789,14674
86350798,86351402,604,136863
86351402,86352667,1265,121727
86352667,86353389,722,62851
86353389,86354587,1198,154697
86354587,86355619,1032,171137
86355619,86356836,1217,246893
86356836,86357984,1148,169656
86357984,86359082,1098,120282
86359082,86360167,1085,117095
86360167,86360726,559,284433
86360726,86361928,1202,365
86361928,86362794,866,43296
86362794,86363928,1134,158816
86363928,86364134,206,32135
86364134,86365312,1178,199
86365312,86366039,727,139361
86366039,86367184,1145,126842
86367184,86368409,1225,104978
86368409,86369571,1162,121799
86369571,86370851,1280,131722
86370851,86371948,1097,14976
86371948,86372637,689,140040
86372637,86372882,245,1043
86372882,86373777,895,121416
86373777,86374844,1067,39661
86374844,86376048,1204,157858
86376048,86377123,1075,86683
86377123,86377264,141,181961
86377264,86378279,1015,7371
86378279,86379604,1325,121449
86379604,86380910,1306,110238
86380910,86382130,1220,28384
86382130,86383073,943,185436
86383073,86384385,1312,284268
86384385,86384660,275,131890
86384660,86385117,457,148312
86385117,86386315,1198,293959
86386315,86387413,1098,5764
86387413,86388654,1241,143895
86388654,86389928,1274,124224
86389928,86390768,840,155521
86390768,86391095,327,168198
86391095,86391440,345,141208
86391440,86392657,1217,30101
86392657,86393768,1111,12971
86393768,86394817,1049,57416
86394817,86395821,1004,25766
86395821,86397119,1298,131732
86397119,86398386,1267,90852
86398386,86399459,1073,91902
86399459,86400420,961,121415
86400420,86401592,1172,131732
86401592,86402909,1317,80197
86402909,86403196,287,137614
86403196,86403417,221,123269
86403417,86403957,540,109180
86403957,86405076,1119,4479
86405076,86406280,1204,122614
86406280,86407432,1152,143893
86407432,86408689,1257,164188
86408689,86409857,1168,48513
86409857,86410939,1082,292138
86410939,86412074,1135,137141
86412074,86412989,915,57837
86412989,86413197,208,171171
86413197,86414275,1078,129317
86414275,86415590,1315,121085
86415590,86416108,518,126600
86416108,86416981,873,72207
86416981,86418216,1235,244431
86418216,86419300,1084,143271
86419300,86420472,1172,136861
86420472,86421511,1039,142318
86421511,86421945,434,10172
86421945,86422965,1020,121064
86422965,86424148,1183,158081
86424148,86425092,944,254949
86425092,86426205,1113,9920
86426205,86427443,1238,64588
86427443,86428355,912,168497
86428355,86429502,1147,17942
86429502,86430335,833,293987
86430335,86431520,1185,9915
86431520,86432803,1283,142733
86432803,86433865,1062,147193
86433865,86434984,1119,86765
86434984,86436109,1125,126209
86436109,86436813,704,39616
86436813,86438037,1224,296159
86438037,86438574,537,57837
86438574,86439695,1121,48848
86439695,86440727,1032,295756
86440727,86441190,463,150127
86441190,86442521,1331,132300
86442521,86443742,1221,112011
86443742,86444566,824,10344
86444566,86445479,913,395
86445479,86446559,1080,111574
86446559,86447386,827,135762
86447386,86448662,1276,130878
86448662,86449694,1032,136054
86449694,86450971,1277,101276
86450971,86452033,1062,121799
86452033,86453070,1037,295759
86453070,86454031,961,156230
86454031,86455366,1335,64974
86455366,86456481,1115,133225
86456481,86457715,1234,135229
86457715,86458867,1152,132882
86458867,86459318,451,101283
86459318,86460473,1155,131003
86460473,86461207,734,258986
86461207,86462398,1191,62516
86462398,86463262,864,4136
86463262,86464483,1221,31089
86464483,86465544,1061,58845
86465544,86466574,1030,44576
86466574,86467842,1268,124549
86467842,86468593,751,176698
86468593,86469800,1207,49755
86469800,86471026,1226,245708
86471026,86472150,1124,39967
86472150,86472766,616,287139
86472766,86474056,1290,121148
86474056,86475273,1217,7591
86475273,86476344,1071,135264
86476344,86477624,1280,102381
86477624,86478680,1056,134991
86478680,86479816,1136,129011
86479816,86481073,1257,5911
86481073,86482180,1107,199
86482180,86483474,1294,124164
86483474,86484495,1021,126539
86484495,86485624,1129,282391
86485624,86486734,1110,9010
86486734,86487999,1265,296078
86487999,86489158,1159,291101
86489158,86490222,1064,9321
86490222,86491362,1140,258250
86491362,86491823,461,135636
86491823,86492424,601,14497
86492424,86493291,867,5757
86493291,86494528,1237,10327
86494528,86495670,1142,183988
86495670,86496809,1139,292138
86496809,86498086,1277,130900
86498086,86499353,1267,131004
86499353,86500487,1134,153958
86500487,86501406,919,134981
86501406,86501695,289,143022
86501695,86502473,778,12545
86502473,86503579,1106,144986
86503579,86504741,1162,77173
86504741,86505950,1209,134451
86505950,86506997,1047,142858
86506997,86507857,860,252341
86507857,86508762,905,275885
86508762,86510042,1280,159386
86510042,86511168,1126,234100
86511168,86512307,1139,276730
86512307,86512791,484,14672
86512791,86513977,1186,138866
86513977,86514569,592,140651
86514569,86515402,833,13248
86515402,86516581,1179,286306
86516581,86517888,1307,136280
86517888,86518685,797,3582
86518685,86519769,1084,185457
86519769,86521128,1359,56777
86521128,86522385,1257,50777
86522385,86523553,1168,109507
86523553,86524826,1273,181961
86524826,86525879,1053,110742
86525879,86526832,953,6397
86526832,86527980,1148,28384
86527980,86528337,357,64300
86528337,86529597,1260,88089
86529597,86529772,175,8675
86529772,86530818,1046,132649
86530818,86532014,1196,139356
86532014,86533285,1271,181420
86533285,86534438,1153,42637
86534438,86535639,1201,30591
86535639,86536739,1100,244443
86536739,86537947,1208,175390
86537947,86539143,1196,142318
86539143,86540416,1273,132777
86540416,86541522,1106,48361
86541522,86542701,1179,73296
86542701,86543968,1267,61316
86543968,86545028,1060,55927
86545028,86546113,1085,122789
86546113,86547363,1250,4445
86547363,86548526,1163,54613
86548526,86549059,533,142745
86549059,86550183,1124,147110
86550183,86551407,1224,135580
86551407,86552612,1205,118128
86552612,86553863,1251,176853
86553863,86554916,1053,105383
86554916,86556086,1170,129440
86556086,86556678,592,65534
86556678,86557846,1168,73957
86557846,86559122,1276,104986
86559122,86560238,1116,113273
86560238,86561183,945,41919
86561183,86561444,261,141148
86561444,86562594,1150,287357
86562594,86563771,1177,80656
86563771,86564894,1123,140040
86564894,86566038,1144,159228
86566038,86567284,1246,132891
86567284,86568239,955,28384
86568239,86569437,1198,138631
86569437,86570700,1263,98645
86570700,86571921,1221,125118
86571921,86572198,277,208
86572198,86573334,1136,139727
86573334,86574337,1003,49755
86574337,86575635,1298,121140
86575635,86576918,1283,87791
86576918,86578107,1189,291101
86578107,86579264,1157,6171
86579264,86580566,1302,140639
86580566,86581630,1064,156738
86581630,86582601,971,122801
86582601,86583862,1261,26987
86583862,86585203,1341,135221
86585203,86585974,771,123269
86585974,86587111,1137,39749
86587111,86587390,279,129066
86587390,86588451,1061,48513
86588451,86589501,1050,126955
86589501,86590836,1335,171107
86590836,86591068,232,126829
86591068,86592293,1225,14526
86592293,86593193,900,283228
86593193,86594502,1309,291107
86594502,86595535,1033,139291
86595535,86596635,1100,141791
86596635,86597710,1075,126932
86597710,86598759,1049,108621
86598759,86599856,1097,41259
86599856,86600613,757,134674
86600613,86601596,983,44912
86601596,86602737,1141,115968
86602737,86603911,1174,34497
86603911,86604956,1045,290363
86604956,86606055,1099,65554
86606055,86607049,994,65772
86607049,86608201,1152,59268
86608201,86609464,1263,105171
86609464,86610653,1189,170950
86610653,86611828,1175,129596
86611828,86613120,1292,139797
86613120,86614403,1283,25765
86614403,86615575,1172,37999
86615575,86616598,1023,172156
86616598,86617741,1143,224
86617741,86618397,656,244443
86618397,86619314,917,287359
86619314,86620553,1239,128632
86620553,86621260,707,133440
86621260,86622442,1182,139612
86622442,86623348,906,127215
86623348,86624448,1100,126829
86624448,86625787,1339,127691
86625787,86626891,1104,5417
86626891,86627880,989,130517
86627880,86629031,1151,137770
86629031,86629533,502,134465
86629533,86630635,1102,254948
86630635,86631661,1026,282926
86631661,86632075,414,22179
86632075,86633219,1144,9919
86633219,86634226,1007,130728
86634226,86635281,1055,119295
86635281,86635976,695,114476
86635976,86637111,1135,128345
86637111,86638326,1215,134785
86638326,86639316,990,130529
86639316,86640251,935,121799
86640251,86641273,1022,120330
86641273,86642561,1288,276908
86642561,86643854,1293,46268
86643854,86645170,1316,163726
86645170,86645771,601,86043
86645771,86646887,1116,135659
86646887,86647809,922,11528
86647809,86648726,917,101283
86648726,86649888,1162,168198
86649888,86651186,1298,158074
86651186,86652494,1308,137618
86652494,86653431,937,234067
86653431,86654718,1287,300225
86654718,86654889,171,245687
86654889,86656013,1124,164927
86656013,86657302,1289,270778
86657302,86657773,471,110522
86657773,86658802,1029,130504
86658802,86659091,289,128991
86659091,86660221,1130,6398
86660221,86661374,1153,283138
86661374,86662526,1152,262269
86662526,86663725,1199,135227
86663725,86664848,1123,89940
86664848,86665800,952,121024
86665800,86667044,1244,212
86667044,86668198,1154,111754
86668198,86669363,1165,121741
86669363,86670283,920,133279
86670283,86671232,949,291718
86671232,86672455,1223,280250
86672455,86673644,1189,39967
86673644,86674300,656,65534
86674300,86675510,1210,4158
86675510,86676574,1064,131735
86676574,86677225,651,89735
86677225,86678371,1146,128991
86678371,86679150,779,278217
86679150,86679857,707,275212
86679857,86681071,1214,143262
86681071,86682070,999,131704
86682070,86683098,1028,126794
86683098,86683291,193,105405
86683291,86684503,1212,57837
86684503,86685596,1093,19208
86685596,86686779,1183,68773
86686779,86687858,1079,113272
86687858,86689099,1241,30101
86689099,86689730,631,120325
86689730,86690851,1121,98644
86690851,86692008,1157,130900
86692008,86693234,1226,279153
86693234,86694461,1227,130131
86694461,86694731,270,279153
86694731,86695980,1249,162375
86695980,86696954,974,138043
86696954,86698068,1114,154697
86698068,86699285,1217,80656
86699285,86700429,1144,157400
86700429,86700923,494,153731
86700923,86702227,1304,39970
86702227,86703440,1213,36956
86703440,86704591,1151,21305
86704591,86705778,1187,11079
86705778,86706283,505,123267
86706283,86707594,1311,124587
86707594,86708731,1137,127936
86708731,86710038,1307,37090
86710038,86711192,1154,121766
86711192,86712393,1201,147967
86712393,86713494,1101,157236
86713494,86714635,1141,114971
86714635,86715848,1213,166433
86715848,86716425,577,83616
86716425,86717672,1247,160953
86717672,86718886,1214,91072
86718886,86719956,1070,290365
86719956,86720795,839,62851
86720795,86721067,272,19366
86721067,86722118,1051,31603
86722118,86723280,1162,129583
86723280,86723516,236,134991
86723516,86724701,1185,8912
86724701,86725751,1050,134991
86725751,86726778,1027,152282
86726778,86728026,1248,77782
86728026,86728529,503,18005
86728529,86729650,1121,48830
86729650,86730085,435,130093
86730085,86731350,1265,246948
86731350,86732488,1138,131040
86732488,86733632,1144,6397
86733632,86734612,980,281472
86734612,86735721,1109,152282
86735721,86736794,1073,170976
86736794,86737603,809,110243
86737603,86738725,1122,12332
86738725,86739858,1133,170956
86739858,86741087,1229,148962
86741087,86742294,1207,126965
86742294,86742688,394,6541
86742688,86743590,902,109185
86743590,86744079,489,121543
86744079,86744984,905,101276
86744984,86746214,1230,175448
86746214,86747513,1299,3961
86747513,86748455,942,19376
86748455,86749474,1019,157400
86749474,86749822,348,7239
86749822,86751186,1364,5416
86751186,86751602,416,164187
86751602,86752024,422,41170
86752024,86753310,1286,12971
86753310,86754455,1145,130548
86754455,86755582,1127,96672
86755582,86756672,1090,44575
86756672,86757569,897,258283
86757569,86758672,1103,105168
86758672,86759731,1059,109185
86759731,86760932,1201,395
86760932,86762137,1205,126860
86762137,86763494,1357,276907
86763494,86764756,1262,149735
86764756,86765519,763,138901
86765519,86766512,993,135636
86766512,86767797,1285,7944
86767797,86768662,865,56222
86768662,86769771,1109,127694
86769771,86770891,1120,135894
86770891,86772065,1174,298549
86772065,86773127,1062,287671
86773127,86774086,959,280380
86774086,86775081,995,29092
86775081,86776160,1079,5764
86776160,86777362,1202,291718
86777362,86778464,1102,54613
86778464,86778893,429,92805
86778893,86779680,787,133471
86779680,86780904,1224,135894
86780904,86782061,1157,123135
86782061,86782531,470,5710
86782531,86783768,1237,95969
86783768,86785039,1271,125951
86785039,86786338,1299,61316
86786338,86787481,1143,105390
86787481,86788428,947,133225
86788428,86789553,1125,39515
86789553,86790648,1095,160952
86790648,86791860,1212,49755
86791860,86792197,337,9919
86792197,86793205,1008,142858
86793205,86794414,1209,34572
86794414,86795704,1290,126961
86795704,86795911,207,126600
86795911,86796476,565,121064
86796476,86797603,1127,73729
86797603,86798610,1007,186232
86798610,86799512,902,19585
86799512,86800655,1143,112761
86800655,86801853,1198,68359
86801853,86802977,1124,157644
86802977,86804093,1116,290365
86804093,86805246,1153,283462
86805246,86806509,1263,29101
86806509,86807801,1292,142752
86807801,86808985,1184,16802
86808985,86810272,1287,4861
86810272,86811353,1081,304541
86811353,86811568,215,129396
86811568,86812651,1083,293959
86812651,86813445,794,262269
86813445,86814488,1043,59175
86814488,86815746,1258,141148
86815746,86816487,741,129597
86816487,86817527,1040,155948
86817527,86818709,1182,43322
86818709,86819313,604,67857
86819313,86820494,1181,10347
86820494,86821603,1109,127732
86821603,86822632,1029,130553
86822632,86823779,1147,47239
86823779,86824227,448,134830
86824227,86824555,328,131899
86824555,86825686,1131,96153
86825686,86825990,304,13250
86825990,86826333,343,139710
86826333,86827103,770,144987
86827103,86828232,1129,133227
86828232,86829341,1109,58433
86829341,86829658,317,138488
86829658,86830212,554,123176
86830212,86830804,592,233366
86830804,86832038,1234,126539
86832038,86833073,1035,107480
86833073,86834198,1125,164327
86834198,86835349,1151,102250
86835349,86836076,727,293959
86836076,86837254,1178,81870
86837254,86838427,1173,295756
86838427,86839629,1202,298549
86839629,86840624,995,123506
86840624,86841707,1083,123715
86841707,86842978,1271,48525
86842978,86844166,1188,79973
86844166,86844841,675,125123
86844841,86846078,1237,75791
86846078,86846424,346,295756
86846424,86847037,613,300234
86847037,86848245,1208,175390
86848245,86849320,1075,140639
86849320,86850546,1226,75807
86850546,86851819,1273,84448
86851819,86853077,1258,68359
86853077,86854145,1068,66622
86854145,86855323,1178,13185
86855323,86856592,1269,290901
86856592,86857667,1075,130994
86857667,86858886,1219,9210
86858886,86860011,1125,66016
86860011,86861289,1278,121661
86861289,86862195,906,122809
86862195,86863378,1183,4479
86863378,86864536,1158,125945
86864536,86865824,1288,132537
86865824,86866643,819,158081
86866643,86867663,1020,138047
86867663,86868825,1162,135636
86868825,86869154,329,167609
86869154,86870351,1197,130625
86870351,86871556,1205,121766
86871556,86872767,1211,293959
86872767,86873913,1146,126209
86873913,86875194,1281,25765
86875194,86876011,817,41614
86876011,86876493,482,8927
86876493,86877398,905,279363
86877398,86878589,1191,170438
86878589,86879532,943,141242
86879532,86880492,960,293531
86880492,86881493,1001,48377
86881493,86882438,945,120281
86882438,86883492,1054,129805
86883492,86884453,961,142733
86884453,86884976,523,82558
86884976,86885790,814,144503
86885790,86886347,557,117382
86886347,86886944,597,130900
86886944,86888096,1152,282385
86888096,86889018,922,123267
86889018,86889282,264,126829
86889282,86890469,1187,68344
86890469,86891542,1073,170453
86891542,86892785,1243,70837
86892785,86893819,1034,142279
86893819,86895012,1193,245687
86895012,86896177,1165,119295
86896177,86897251,1074,142320
86897251,86897918,667,153733
86897918,86898964,1046,88086
86898964,86900157,1193,140718
86900157,86901352,1195,155944
86901352,86901717,365,122944
86901717,86902259,542,95870
86902259,86903438,1179,142824
86903438,86904116,678,70919
86904116,86904852,736,296468
86904852,86905979,1127,39970
86905979,86906564,585,157400
86906564,86907693,1129,135892
86907693,86908843,1150,91902
86908843,86909299,456,163322
86909299,86910419,1120,17942
86910419,86911676,1257,110243
86911676,86912946,1270,106969
86912946,86913989,1043,138866
86913989,86915055,1066,10172
86915055,86916316,1261,132537
86916316,86917351,1035,131887
86917351,86918086,735,157054
86918086,86919200,1114,295759
86919200,86920328,1128,59288
86920328,86921299,971,126739
86921299,86921870,571,56179
86921870,86922376,506,289453
86922376,86923431,1055,136271
86923431,86924606,1175,138043
86924606,86925223,617,121079
86925223,86926320,1097,130727
86926320,86927607,1287,128331
86927607,86928807,1200,10642
86928807,86929975,1168,163507
86929975,86931176,1201,157857
86931176,86932339,1163,4445
86932339,86933138,799,129396
86933138,86934337,1199,123135
86934337,86935510,1173,143321
86935510,86936744,1234,164461
86936744,86937536,792,107627
86937536,86938747,1211,135897
86938747,86939916,1169,73848
86939916,86941144,1228,126860
86941144,86942393,1249,135580
86942393,86942684,291,94108
86942684,86943969,1285,169291
86943969,86945117,1148,75365
86945117,86946419,1302,141642
86946419,86947506,1087,15081
86947506,86948734,1228,216563
86948734,86949919,1185,64713
86949919,86950970,1051,279239
86950970,86951957,987,141644
86951957,86952905,948,293663
86952905,86954103,1198,71402
86954103,86954784,681,13265
86954784,86955006,222,154697
86955006,86956183,1177,124368
86956183,86957343,1160,127731
86957343,86958625,1282,233366
86958625,86959639,1014,125147
86959639,86960438,799,133220
86960438,86961650,1212,5911
86961650,86962865,1215,54487
86962865,86964138,1273,270777
86964138,86965297,1159,174511
86965297,86966358,1061,72212
86966358,86967466,1108,48362
86967466,86968700,1234,56778
86968700,86969841,1141,30105
86969841,86971116,1275,21493
86971116,86972268,1152,41933
86972268,86973219,951,19366
86973219,86974350,1131,6506
86974350,86975475,1125,39913
86975475,86976627,1152,19361
86976627,86977280,653,258283
86977280,86978271,991,132777
86978271,86979344,1073,286306
86979344,86980485,1141,140718
86980485,86981416,931,63841
86981416,86982543,1127,131040
86982543,86983560,1017,134728
86983560,86984479,919,133273
86984479,86984774,295,69422
86984774,86985499,725,298549
86985499,86986112,613,133220
86986112,86987401,1289,109507
86987401,86987713,312,123191
86987713,86988285,572,88363
86988285,86989461,1176,148993
86989461,86990346,885,4158
86990346,86991526,1180,126796
86991526,86992794,1268,246893
86992794,86993849,1055,171137
86993849,86994738,889,143477
86994738,86995763,1025,139308
86995763,86996340,577,286306
86996340,86997601,1261,282383
86997601,86997988,387,108005
86997988,86999117,1129,139707
86999117,87000322,1205,46267
87000322,87001399,1077,163612
87001399,87002520,1121,9210
87002520,87002972,452,32136
87002972,87004241,1269,170438
87004241,87004524,283,294523
87004524,87005638,1114,81858
87005638,87005844,206,24515
87005844,87007172,1328,168497
87007172,87008185,1013,68369
87008185,87009452,1267,122806
87009452,87009667,215,216570
87009667,87010861,1194,59268
87010861,87011893,1032,171171
87011893,87012090,197,66176
87012090,87013041,951,281132
87013041,87013914,873,83633
87013914,87014383,469,139355
87014383,87015513,1130,273050
87015513,87016208,695,129440
87016208,87017314,1106,157243
87017314,87018457,1143,12471
87018457,87019668,1211,149739
87019668,87020937,1269,136458
87020937,87022138,1201,82020
87022138,87023211,1073,12332
87023211,87024283,1072,39970
87024283,87024765,482,245707
87024765,87025505,740,176660
87025505,87026706,1201,114971
87026706,87027893,1187,118112
87027893,87029068,1175,117384
87029068,87029807,739,140654
87029807,87030607,800,7943
87030607,87031573,966,278217
87031573,87032704,1131,12546
87032704,87033727,1023,155948
87033727,87034817,1090,163322
87034817,87035762,945,25766
87035762,87036692,930,291101
87036692,87037491,799,101884
87037491,87038603,1112,149890
87038603,87039868,1265,133424
87039868,87040939,1071,147110
87040939,87041587,648,92812
87041587,87042559,972,129752
87042559,87043716,1157,258993
87043716,87044962,1246,170977
87044962,87046046,1084,88363
87046046,87047243,1197,681
87047243,87048474,1231,128345
87048474,87049041,567,231834
87049041,87050201,1160,139397
87050201,87051522,1321,101276
87051522,87052796,1274,758
87052796,87054012,1216,131003
87054012,87054724,712,216570
87054724,87055891,1167,122801
87055891,87056921,1030,156963
87056921,87058188,1267,5083
87058188,87059427,1239,130878
87059427,87060640,1213,73024
87060640,87061673,1033,294554
87061673,87062762,1089,715
87062762,87064065,1303,129808
87064065,87065312,1247,157236
87065312,87066494,1182,71405
87066494,87067724,1230,127732
87067724,87068929,1205,64713
87068929,87070145,1216,101832
87070145,87071417,1272,150855
87071417,87071618,201,9210
87071618,87072593,975,153728
87072593,87073778,1185,127732
87073778,87074979,1201,152864
87074979,87075297,318,134592
87075297,87075589,292,126220
87075589,87075874,285,133471
87075874,87076965,1091,81858
87076965,87077832,867,122789
87077832,87078805,973,142733
87078805,87079580,775,121446
87079580,87080698,1118,132864
87080698,87081890,1192,99156
87081890,87082318,428,102239
87082318,87083141,823,287357
87083141,87083447,306,137483
87083447,87084580,1133,132718
87084580,87085647,1067,39967
87085647,87085939,292,130127
87085939,87087168,1229,142858
87087168,87088285,1117,284445
87088285,87089330,1045,231834
87089330,87090533,1203,5710
87090533,87091642,1109,127521
87091642,87092853,1211,395
87092853,87094096,1243,70837
87094096,87095111,1015,163402
87095111,87096221,1110,83633
87096221,87096744,523,117382
87096744,87098044,1300,109658
87098044,87099088,1044,11734
87099088,87100037,949,143271
87100037,87100550,513,124549
87100550,87101622,1072,141644
87101622,87102824,1202,287657
87102824,87104033,1209,110706
87104033,87105209,1176,48831
87105209,87105593,384,282934
87105593,87106684,1091,132649
87106684,87107017,333,46889
87107017,87108203,1186,92935
87108203,87109282,1079,21305
87109282,87109811,529,141174
87109811,87110814,1003,39476
87110814,87111952,1138,285896
87111952,87113251,1299,72212
87113251,87113828,577,9914
87113828,87114905,1077,25765
87114905,87116194,1289,10089
87116194,87117469,1275,143521
87117469,87118646,1177,110706
87118646,87119809,1163,70756
87119809,87120963,1154,132101
87120963,87122270,1307,156967
87122270,87123339,1069,142745
87123339,87124593,1254,28384
87124593,87125776,1183,109658
87125776,87127043,1267,4145
87127043,87128143,1100,24732
87128143,87129353,1210,106366
87129353,87130525,1172,234106
87130525,87131686,1161,155948
87131686,87132814,1128,23281
87132814,87133281,467,135894
87133281,87133542,261,56174
87133542,87134770,1228,16632
87134770,87135746,976,130871
87135746,87136383,637,148529
87136383,87136548,165,166420
87136548,87137813,1265,129513
87137813,87138983,1170,154671
87138983,87140292,1309,126859
87140292,87141354,1062,76574
87141354,87142207,853,78885
87142207,87143393,1186,275128
87143393,87143923,530,133290
87143923,87144848,925,276735
87144848,87145825,977,90850
87145825,87146804,979,91801
87146804,87147868,1064,294551
87147868,87148942,1074,52088
87148942,87150019,1077,19209
87150019,87151226,1207,144485
87151226,87152327,1101,363
87152327,87152876,549,86026
87152876,87153164,288,121064
87153164,87154277,1113,300234
87154277,87155527,1250,72205
87155527,87156738,1211,5710
87156738,87157680,942,126296
87157680,87158027,347,106366
87158027,87159154,1127,54487
87159154,87160282,1128,13364
87160282,87161478,1196,9914
87161478,87162585,1107,141279
87162585,87163698,1113,127215
87163698,87164143,445,110131
87164143,87165302,1159,151817
87165302,87166535,1233,135762
87166535,87167761,1226,124520
87167761,87168263,502,294114
87168263,87169490,1227,21305
87169490,87170528,1038,127685
87170528,87171174,646,144965
87171174,87172212,1038,117382
87172212,87173487,1275,142279
87173487,87174538,1051,10798
87174538,87174787,249,128660
87174787,87175795,1008,19132
87175795,87176946,1151,71402
87176946,87178009,1063,287660
87178009,87179152,1143,153964
87179152,87180211,1059,19366
87180211,87181127,916,157243
87181127,87182345,1218,134804
87182345,87183473,1128,31668
87183473,87184650,1177,155973
87184650,87185319,669,123882
87185319,87186519,1200,108005
87186519,87187675,1156,129974
87187675,87187863,188,128036
87187863,87189116,1253,73972
87189116,87189310,194,24732
87189310,87190212,902,118119
87190212,87191341,1129,143477
87191341,87192583,1242,91801
87192583,87193191,608,2777
87193191,87194440,1249,68192
87194440,87195652,1212,54016
87195652,87196952,1300,67218
87196952,87197675,723,169619
87197675,87198942,1267,77778
87198942,87200193,1251,138486
87200193,87201399,1206,102250
87201399,87202659,1260,157056
87202659,87203682,1023,143307
87203682,87204204,522,97610
87204204,87204520,316,121331
87204520,87205672,1152,126860
87205672,87206623,951,31603
87206623,87207899,1276,245691
87207899,87209056,1157,1732
87209056,87210254,1198,352
87210254,87211256,1002,160188
87211256,87211569,313,19208
87211569,87212794,1225,29090
87212794,87213539,745,32137
87213539,87214673,1134,19361
87214673,87215686,1013,126480
87215686,87217017,1331,1189
87217017,87218091,1074,144021
87218091,87219188,1097,106611
87219188,87220343,1155,7887
87220343,87221480,1137,10701
87221480,87222713,1233,156014
87222713,87223967,1254,46268
87223967,87224311,344,164328
87224311,87225480,1169,134451
87225480,87226043,563,105394
87226043,87227228,1185,16632
87227228,87228363,1135,119295
87228363,87229502,1139,234067
87229502,87230575,1073,134804
87230575,87231759,1184,122828
87231759,87232593,834,131294
87232593,87233864,1271,9174
87233864,87235144,1280,26951
87235144,87236108,964,293963
87236108,87237006,898,104398
87237006,87238187,1181,231838
87238187,87239302,1115,124999
87239302,87240311,1009,281472
87240311,87241539,1228,155151
87241539,87241916,377,187466
87241916,87243130,1214,109176
87243130,87244351,1221,62558
87244351,87245586,1235,130516
87245586,87246095,509,122614
87246095,87246863,768,365
87246863,87247854,991,111754
87247854,87248329,475,11077
87248329,87249417,1088,107520
87249417,87250517,1100,131004
87250517,87250738,221,132850
87250738,87251842,1104,276939
87251842,87253017,1175,158081
87253017,87253580,563,102381
87253580,87254660,1080,88489
87254660,87255662,1002,138488
87255662,87256393,731,109658
87256393,87257511,1118,31629
87257511,87257817,306,138032
87257817,87259155,1338,284424
87259155,87260178,1023,186232
87260178,87261406,1228,137628
87261406,87262022,616,233366
87262022,87263336,1314,13185
87263336,87264609,1273,140718
87264609,87265730,1121,124549
87265730,87266932,1202,83696
87266932,87267790,858,121799
87267790,87268797,1007,14929
87268797,87270075,1278,279229
87270075,87271233,1158,63105
87271233,87272407,1174,67860
87272407,87273653,1246,32135
87273653,87274380,727,92930
87274380,87275684,1304,167023
87275684,87276064,380,85635
87276064,87276826,762,137614
87276826,87277689,863,139361
87277689,87278089,400,122944
87278089,87279325,1236,4662
87279325,87280499,1174,163507
87280499,87281705,1206,124221
87281705,87282975,1270,270778
87282975,87283605,630,147968
87283605,87284883,1278,57154
87284883,87285841,958,123025
87285841,87287097,1256,126832
87287097,87288233,1136,273050
87288233,87289370,1137,141235
87289370,87290469,1099,62851
87290469,87291632,1163,34497
87291632,87292715,1083,133447
87292715,87293141,426,168638
87293141,87294351,1210,121446
87294351,87295617,1266,13185
87295617,87296832,1215,133471
87296832,87298056,1224,102239
87298056,87299346,1290,106800
87299346,87300613,1267,85684
87300613,87301608,995,133224
87301608,87302592,984,137588
87302592,87303902,1310,58845
87303902,87304799,897,121669
87304799,87305078,279,92002
87305078,87306278,1200,1188
87306278,87307336,1058,106974
87307336,87308267,931,143485
87308267,87308562,295,63111
87308562,87309255,693,129581
87309255,87310407,1152,121069
87310407,87311501,1094,86777
87311501,87312730,1229,168198
87312730,87313457,727,126410
87313457,87314661,1204,290047
87314661,87315920,1259,21493
87315920,87317148,1228,64708
87317148,87318147,999,132530
87318147,87318958,811,138047
87318958,87320243,1285,39967
87320243,87321160,917,293531
87321160,87322408,1248,142752
87322408,87323078,670,14674
87323078,87324053,975,26894
87324053,87325246,1193,10673
87325246,87326142,896,86741
87326142,87327337,1195,92202
87327337,87328514,1177,13364
87328514,87329756,1242,76574
87329756,87330422,666,48579
87330422,87331467,1045,73073
87331467,87332752,1285,132650
87332752,87334003,1251,99249
87334003,87334606,603,123192
87334606,87335710,1104,113273
87335710,87336857,1147,135220
87336857,87338122,1265,129596
87338122,87338843,721,141174
87338843,87339894,1051,13056
87339894,87341133,1239,135635
87341133,87342358,1225,51163
87342358,87343378,1020,139741
87343378,87344373,995,132821
87344373,87345396,1023,168497
87345396,87346657,1261,277899
87346657,87347906,1249,147045
87347906,87349115,1209,124520
87349115,87350334,1219,67584
87350334,87351339,1005,72311
87351339,87352482,1143,57416
87352482,87353530,1048,138290
87353530,87354231,701,25765
87354231,87355382,1151,11079
87355382,87356389,1007,121658
87356389,87356581,192,39515
87356581,87357501,920,142320
87357501,87358617,1116,234100
87358617,87359861,1244,300343
87359861,87360983,1122,58845
87360983,87362307,1324,135020
87362307,87363494,1187,88489
87363494,87364186,692,121543
87364186,87365289,1103,106800
87365289,87365700,411,119637
87365700,87365974,274,19366
87365974,87367125,1151,105398
87367125,87368177,1052,98877
87368177,87369481,1304,9010
87369481,87370460,979,10172
87370460,87371365,905,283138
87371365,87372486,1121,143307
87372486,87373744,1258,15081
87373744,87374921,1177,145138
87374921,87376156,1235,156973
87376156,87377177,1021,129393
87377177,87378342,1165,82020
87378342,87379594,1252,157243
87379594,87380555,961,352
87380555,87381397,842,123215
87381397,87381822,425,133290
87381822,87383102,1280,300343
87383102,87384278,1176,298549
87384278,87385417,1139,12971
87385417,87386306,889,157480
87386306,87386757,451,301694
87386757,87388054,1297,184447
87388054,87389326,1272,139009
87389326,87390352,1026,135635
87390352,87391376,1024,142320
87391376,87392571,1195,122876
87392571,87393770,1199,44582
87393770,87395019,1249,133273
87395019,87395999,980,153958
87395999,87397024,1025,48831
87397024,87397586,562,365
87397586,87398443,857,274549
87398443,87399396,953,88489
87399396,87400657,1261,169619
87400657,87401592,935,131735
87401592,87402338,746,126410
87402338,87403539,1201,142279
87403539,87404759,1220,69422
87404759,87405759,1000,141242
87405759,87406972,1213,170452
87406972,87408137,1165,53342
87408137,87409349,1212,87732
87409349,87410479,1130,26553
87410479,87411745,1266,130495
87411745,87412998,1253,89388
87412998,87414215,1217,101579
87414215,87415478,1263,61780
87415478,87416493,1015,157636
87416493,87417499,1006,87791
87417499,87418157,658,163505
87418157,87419446,1289,135227
87419446,87419788,342,61317
87419788,87421067,1279,92805
87421067,87421566,499,8140
87421566,87422735,1169,32856
87422735,87423791,1056,142744
87423791,87425069,1278,73848
87425069,87425466,397,14358
87425466,87426527,1061,12895
87426527,87427120,593,13056
87427120,87427728,608,126220
87427728,87428903,1175,130184
87428903,87429816,913,142824
87429816,87430517,701,254948
87430517,87431227,710,103126
87431227,87432496,1269,125084
87432496,87433359,863,271817
87433359,87434258,899,122545
87434258,87435245,987,108640
87435245,87436414,1169,89880
87436414,87437698,1284,87766
87437698,87438682,984,147971
87438682,87440039,1357,92805
87440039,87441222,1183,123215
87441222,87441985,763,46267
87441985,87442169,184,138548
87442169,87442378,209,130627
87442378,87443001,623,132645
87443001,87444196,1195,1532
87444196,87445440,1244,41919
87445440,87446582,1142,170212
87446582,87447594,1012,94876
87447594,87447885,291,129513
87447885,87448733,848,12103
87448733,87449042,309,153733
87449042,87450128,1086,143321
87450128,87451499,1371,144987
87451499,87452606,1107,157400
87452606,87453109,503,182394
87453109,87454208,1099,138289
87454208,87455355,1147,36641
87455355,87456589,1234,134420
87456589,87457850,1261,54666
87457850,87458833,983,129440
87458833,87459944,1111,293168
87459944,87460209,265,7741
87460209,87461296,1087,119295
87461296,87462550,1254,161975
87462550,87463713,1163,74797
87463713,87465063,1350,291101
87465063,87466284,1221,292252
87466284,87467373,1089,129514
87467373,87468452,1079,296078
87468452,87469651,1199,5416
87469651,87470704,1053,148521
87470704,87471919,1215,130184
87471919,87472390,471,43306
87472390,87473560,1170,19376
87473560,87474220,660,281188
87474220,87475180,960,283462
87475180,87476052,872,89735
87476052,87477060,1008,285135
87477060,87477615,555,138901
87477615,87478635,1020,163381
87478635,87479594,959,112592
87479594,87480303,709,185125
87480303,87481463,1160,130878
87481463,87482589,1126,155948
87482589,87483811,1222,128136
87483811,87484999,1188,71404
87484999,87486195,1196,122443
87486195,87487330,1135,262291
87487330,87488322,992,143307
87488322,87489255,933,28375
87489255,87490388,1133,134728
87490388,87491534,1146,122827
87491534,87491942,408,156977
87491942,87493053,1111,36633
87493053,87494322,1269,39761
87494322,87494524,202,13250
87494524,87495721,1197,6175
87495721,87496888,1167,86026
87496888,87497993,1105,48830
87497993,87499240,1247,73729
87499240,87500175,935,26956
87500175,87501294,1119,289242
87501294,87501744,450,216570
87501744,87502935,1191,156230
87502935,87503263,328,5909
87503263,87504480,1217,105167
87504480,87505626,1146,157830
87505626,87506654,1028,130993
87506654,87507725,1071,280922
87507725,87508736,1011,140725
87508736,87509999,1263,18533
87509999,87511070,1071,64708
87511070,87511761,691,142363
87511761,87512914,1153,139717
87512914,87514039,1125,114452
87514039,87514249,210,258283
87514249,87515456,1207,108638
87515456,87516720,1264,114468
87516720,87517299,579,106800
87517299,87518519,1220,135654
87518519,87518990,471,291374
87518990,87519352,362,155968
87519352,87519570,218,63713
87519570,87520523,953,105673
87520523,87521769,1246,26947
87521769,87521950,181,140656
87521950,87523164,1214,65772
87523164,87524408,1244,74797
87524408,87525680,1272,56777
87525680,87526585,905,125140
87526585,87527570,985,129317
87527570,87528755,1185,140222
87528755,87530000,1245,52195
87530000,87531027,1027,21393
87531027,87531416,389,121331
87531416,87531851,435,233366
87531851,87533188,1337,30106
87533188,87534386,1198,300343
87534386,87535634,1248,65772
87535634,87536664,1030,4136
87536664,87537855,1191,1119
87537855,87538915,1060,295710
87538915,87540094,1179,283242
87540094,87541194,1100,141209
87541194,87542355,1161,62558
87542355,87543322,967,109176
87543322,87544688,1366,109507
87544688,87545821,1133,12707
87545821,87546835,1014,100431
87546835,87548081,1246,26982
87548081,87549258,1177,234106
87549258,87550410,1152,137627
87550410,87551648,1238,135227
87551648,87552148,500,39616
87552148,87553215,1067,149033
87553215,87554450,1235,146111
87554450,87555452,1002,10160
87555452,87556468,1016,38660
87556468,87556661,193,110238
87556661,87557769,1108,76046
87557769,87558470,701,148529
87558470,87559665,1195,121127
87559665,87560478,813,174953
87560478,87561364,886,124224
87561364,87562649,1285,177627
87562649,87563984,1335,129623
87563984,87564433,449,234100
87564433,87565681,1248,156155
87565681,87566944,1263,302111
87566944,87568065,1121,132705
87568065,87569187,1122,68361
87569187,87570370,1183,294114
87570370,87571413,1043,46712
87571413,87572791,1378,129623
87572791,87573909,1118,276730
87573909,87575158,1249,279363
87575158,87576195,1037,135220
87576195,87577381,1186,294551
87577381,87578482,1101,122443
87578482,87579731,1249,129393
87579731,87580492,761,163519
87580492,87581651,1159,37090
87581651,87582750,1099,88748
87582750,87583725,975,135894
87583725,87584875,1150,101799
87584875,87585488,613,142744
87585488,87586351,863,123267
87586351,87587617,1266,55927
87587617,87588728,1111,161226
87588728,87589816,1088,134420
87589816,87591121,1305,63105
87591121,87591758,637,132650
87591758,87592814,1056,127597
87592814,87594051,1237,4861
87594051,87594810,759,134786
87594810,87596143,1333,143264
87596143,87597414,1271,121398
87597414,87597636,222,296468
87597636,87598639,1003,73957
87598639,87599793,1154,138486
87599793,87600340,547,86710
87600340,87601551,1211,290363
87601551,87602648,1097,127696
87602648,87603046,398,138047
87603046,87604291,1245,184266
87604291,87605492,1201,64298
87605492,87605938,446,148529
87605938,87607235,1297,133834
87607235,87607793,558,134434
87607793,87608974,1181,126861
87608974,87610189,1215,160952
87610189,87610592,403,125941
87610592,87611359,767,96153
87611359,87612130,771,3587
87612130,87613419,1289,12471
87613419,87614694,1275,19366
87614694,87615768,1074,80656
87615768,87616765,997,123176
87616765,87618083,1318,696
87618083,87619183,1100,1188
87619183,87620210,1027,162130
87620210,87621495,1285,130503
87621495,87622749,1254,81881
87622749,87624021,1272,124221
87624021,87625189,1168,71420
87625189,87626266,1077,105171
87626266,87627376,1110,157088
87627376,87628421,1045,105383
87628421,87629625,1204,232057
87629625,87630779,1154,39970
87630779,87632115,1336,112056
87632115,87633275,1160,35926
87633275,87633478,203,129443
87633478,87633761,283,138290
87633761,87634928,1167,130975
87634928,87636041,1113,139355
87636041,87637108,1067,52195
87637108,87638229,1121,132280
87638229,87639386,1157,70998
87639386,87640458,1072,274375
87640458,87641574,1116,123715
87641574,87641952,378,140654
87641952,87642706,754,50778
87642706,87643805,1099,123271
87643805,87644196,391,106974
87644196,87645367,1171,57837
87645367,87645798,431,163597
87645798,87647012,1214,41610
87647012,87648142,1130,73972
87648142,87649278,1136,137770
87649278,87650446,1168,1119
87650446,87651642,1196,103481
87651642,87652858,1216,86683
87652858,87653994,1136,73024
87653994,87655125,1131,138043
87655125,87656320,1195,139387
87656320,87657450,1130,121068
87657450,87657937,487,60801
87657937,87659170,1233,126860
87659170,87659937,767,133273
87659937,87661168,1231,143005
87661168,87662509,1341,279153
87662509,87663807,1298,101283
87663807,87664373,566,6524
87664373,87665246,873,72205
87665246,87666363,1117,34501
87666363,87667457,1094,109174
87667457,87668640,1183,172165
87668640,87669865,1225,44575
87669865,87670937,1072,131228
87670937,87672208,1271,63713
87672208,87673342,1134,24516
87673342,87674153,811,283242
87674153,87675292,1139,258250
87675292,87676417,1125,86804
87676417,87677374,957,135659
87677374,87678189,815,171138
87678189,87679288,1099,107520
87679288,87680370,1082,131722
87680370,87681232,862,18524
87681232,87682329,1097,279363
87682329,87682990,661,270778
87682990,87684269,1279,10988
87684269,87685504,1235,163527
87685504,87686823,1319,129596
87686823,87687242,419,76046
87687242,87688435,1193,71320
87688435,87689051,616,142311
87689051,87690166,1115,114469
87690166,87691180,1014,124999
87691180,87692225,1045,7622
87692225,87693007,782,12103
87693007,87694200,1193,102612
87694200,87695339,1139,99157
87695339,87696517,1178,282934
87696517,87697770,1253,121103
87697770,87698847,1077,156724
87698847,87700033,1186,166420
87700033,87701008,975,104483
87701008,87702131,1123,143948
87702131,87703267,1136,86026
87703267,87703700,433,140654
87703700,87704876,1176,127518
87704876,87706109,1233,293959
87706109,87707392,1283,138042
87707392,87707907,515,184447
87707907,87709012,1105,60800
87709012,87710117,1105,298549
87710117,87710504,387,81870
87710504,87711778,1274,76055
87711778,87712167,389,104890
87712167,87713434,1267,758
87713434,87714612,1178,73973
87714612,87715580,968,157644
87715580,87716839,1259,8141
87716839,87717286,447,144965
87717286,87718540,1254,101289
87718540,87719696,1156,121541
87719696,87720891,1195,278289
87720891,87722179,1288,285896
87722179,87723302,1123,86741
87723302,87724323,1021,281131
87724323,87725568,1245,39508
87725568,87725823,255,230928
87725823,87726952,1129,68770
87726952,87728101,1149,31097
87728101,87729241,1140,216564
87729241,87730516,1275,121661
87730516,87731668,1152,135580
87731668,87732740,1072,276730
87732740,87734061,1321,39478
87734061,87735300,1239,35921
87735300,87736291,991,122545
87736291,87737482,1191,171133
87737482,87738536,1054,11243
87738536,87739786,1250,11079
87739786,87741018,1232,91801
87741018,87742213,1195,174953
87742213,87742840,627,294523
87742840,87743207,367,135020
87743207,87744274,1067,129790
87744274,87745261,987,132272
87745261,87746153,892,132891
87746153,87747237,1084,133442
87747237,87747910,673,107627
87747910,87749084,1174,122655
87749084,87750422,1338,120583
87750422,87751694,1272,142858
87751694,87752777,1083,102238
87752777,87753145,368,101884
87753145,87754026,881,31091
87754026,87754818,792,148521
87754818,87756096,1278,109173
87756096,87757411,1315,282357
87757411,87758214,803,64713
87758214,87759329,1115,92935
87759329,87759611,282,279852
87759611,87760700,1089,126959
87760700,87760958,258,68192
87760958,87762191,1233,52087
87762191,87762912,721,9210
87762912,87763713,801,5703
87763713,87764882,1169,72212
87764882,87766139,1257,175448
87766139,87767298,1159,102526
87767298,87767619,321,276732
87767619,87768847,1228,103126
87768847,87769545,698,129393
87769545,87770388,843,106611
87770388,87771206,818,101276
87771206,87772305,1099,89388
87772305,87772577,272,32856
87772577,87773894,1317,77173
87773894,87775118,1224,5758
87775118,87775873,755,13265
87775873,87776669,796,134119
87776669,87778027,1358,93276
87778027,87779249,1222,16002
87779249,87780437,1188,46268
87780437,87781162,725,127703
87781162,87782346,1184,122614
87782346,87783475,1129,19361
87783475,87784591,1116,92935
87784591,87785906,1315,19376
87785906,87787070,1164,123443
87787070,87788190,1120,132272
87788190,87789206,1016,104978
87789206,87789459,253,134717
87789459,87790675,1216,88089
87790675,87790971,296,121024
87790971,87791193,222,134660
87791193,87792217,1024,67233
87792217,87793452,1235,172156
87793452,87794699,1247,97610
87794699,87795729,1030,290351
87795729,87797008,1279,122828
87797008,87797876,868,296078
87797876,87799234,1358,135826
87799234,87800440,1206,174953
87800440,87800857,417,101289
87800857,87802149,1292,11258
87802149,87803374,1225,6557
87803374,87804595,1221,25951
87804595,87805821,1226,281472
87805821,87807046,1225,109507
87807046,87807531,485,176660
87807531,87808632,1101,135894
87808632,87809787,1155,281472
87809787,87810835,1048,139009
87810835,87812040,1205,278228
87812040,87813345,1305,130625
87813345,87814412,1067,130517
87814412,87815514,1102,59175
87815514,87816748,1234,14958
87816748,87817123,375,176853
87817123,87818352,1229,87280
87818352,87819377,1025,127595
87819377,87820684,1307,137739
87820684,87820953,269,20410
87820953,87822163,1210,294120
87822163,87823284,1121,102239
87823284,87824559,1275,156474
87824559,87825531,972,91902
87825531,87826739,1208,182389
87826739,87827259,520,291458
87827259,87827798,539,55088
87827798,87829057,1259,10327
87829057,87830292,1235,61781
87830292,87831452,1160,105390
87831452,87832541,1089,54487
87832541,87833829,1288,126955
87833829,87835014,1185,290363
87835014,87836155,1141,131296
87836155,87837433,1278,147173
87837433,87838400,967,275128
87838400,87839568,1168,275147
87839568,87840569,1001,129597
87840569,87841597,1028,175448
87841597,87842818,1221,138656
87842818,87843864,1046,110061
87843864,87844327,463,156724
87844327,87845492,1165,178028
87845492,87845836,344,104890
87845836,87847047,1211,83633
87847047,87848223,1176,127525
87848223,87849025,802,121543
87849025,87850258,1233,1532
87850258,87851091,833,130627
87851091,87851859,768,131890
87851859,87853195,1336,104888
87853195,87854426,1231,139681
87854426,87855644,1218,135892
87855644,87856685,1041,77173
87856685,87857899,1214,296468
87857899,87859086,1187,127703
87859086,87859825,739,8890
87859825,87861047,1222,142744
87861047,87861640,593,129513
87861640,87862909,1269,25951
87862909,87864076,1167,18004
87864076,87865349,1273,30101
87865349,87866563,1214,291170
87866563,87866777,214,131203
87866777,87868006,1229,1560
87868006,87869219,1213,2327
87869219,87870206,987,156153
87870206,87871047,841,10089
87871047,87872237,1190,32886
87872237,87873490,1253,41933
87873490,87874637,1147,124224
87874637,87875689,1052,185125
87875689,87876948,1259,56777
87876948,87878021,1073,92427
87878021,87879192,1171,108066
87879192,87880180,988,133290
87880180,87881281,1101,185466
87881281,87882472,1191,160602
87882472,87883241,769,232057
87883241,87884182,941,106370
87884182,87884762,580,58137
87884762,87885969,1207,278228
87885969,87887199,1230,149236
87887199,87888390,1191,290350
87888390,87889591,1201,39478
87889591,87890598,1007,291458
87890598,87890881,283,91801
87890881,87892016,1135,129388
87892016,87893263,1247,36146
87893263,87894532,1269,5341
87894532,87895663,1131,145733
87895663,87896786,1123,2536
87896786,87897745,959,275147
87897745,87899027,1282,133393
87899027,87900104,1077,133220
87900104,87901289,1185,130530
87901289,87901991,702,133211
87901991,87903169,1178,31091
87903169,87904208,1039,143484
87904208,87905451,1243,75360
87905451,87906539,1088,149939
87906539,87907601,1062,130625
87907601,87908758,1157,49750
87908758,87910033,1275,176278
87910033,87911318,1285,63111
87911318,87912432,1114,104979
87912432,87913676,1244,121130
87913676,87914952,1276,147989
87914952,87916113,1161,43296
87916113,87917282,1169,132866
87917282,87918508,1226,137141
87918508,87918832,324,6557
87918832,87919802,970,14929
87919802,87921073,1271,293963
87921073,87922159,1086,302111
87922159,87923163,1004,156967
87923163,87923980,817,158074
87923980,87924170,190,39481
87924170,87924544,374,141248
87924544,87924760,216,102381
87924760,87925894,1134,39478
87925894,87926960,1066,7371
87926960,87928027,1067,147963
87928027,87929357,1330,132592
87929357,87930382,1025,94522
87930382,87931563,1181,61317
87931563,87932808,1245,62850
87932808,87933530,722,135762
87933530,87934675,1145,156019
87934675,87935530,855,48513
87935530,87936644,1114,138113
87936644,87937342,698,67147
87937342,87938269,927,57837
87938269,87939367,1098,5757
87939367,87940438,1071,185466
87940438,87940615,177,294120
87940615,87941740,1125,131899
87941740,87942560,820,126410
87942560,87943544,984,139741
87943544,87944594,1050,130553
87944594,87945787,1193,57837
87945787,87947055,1268,122810
87947055,87948387,1332,129752
87948387,87948696,309,8684
87948696,87949297,601,65534
87949297,87949478,181,121398
87949478,87950369,891,76574
87950369,87951591,1222,123049
87951591,87952687,1096,163322
87952687,87953832,1145,44582
87953832,87954887,1055,131226
87954887,87955838,951,75939
87955838,87956671,833,59239
87956671,87957552,881,123270
87957552,87958767,1215,285173
87958767,87959906,1139,164327
87959906,87960815,909,156977
87960815,87961933,1118,1733
87961933,87962279,346,47541
87962279,87962917,638,126929
87962917,87964137,1220,103126
87964137,87964354,217,139355
87964354,87965567,1213,282977
87965567,87966694,1127,129011
87966694,87967537,843,39515
87967537,87968315,778,278217
87968315,87969038,723,123268
87969038,87969307,269,61317
87969307,87970608,1301,4861
87970608,87971156,548,63713
87971156,87972403,1247,279239
87972403,87973330,927,64588
87973330,87974553,1223,122828
87974553,87975751,1198,280380
87975751,87976294,543,54487
87976294,87977282,988,64708
87977282,87978494,1212,10801
87978494,87978946,452,281131
87978946,87980230,1284,139361
87980230,87980555,325,129659
87980555,87981627,1072,5416
87981627,87982915,1288,38026
87982915,87983540,625,135636
87983540,87984815,1275,1120
87984815,87986059,1244,135022
87986059,87986880,821,134636
87986880,87987101,221,67147
87987101,87987508,407,52088
87987508,87987947,439,4654
87987947,87989178,1231,39508
87989178,87990442,1264,177638
87990442,87991624,1182,54659
87991624,87992950,1326,132650
87992950,87993777,827,288044
87993777,87995070,1293,5083
87995070,87996357,1287,121148
87996357,87997091,734,156015
87997091,87998358,1267,122655
87998358,87998795,437,284435
87998795,88000018,1223,285173
88000018,88000942,924,3961
88000942,88002023,1081,132537
88002023,88002292,269,1188
88002292,88003483,1191,291718
88003483,88004263,780,258960
88004263,88004744,481,258263
88004744,88006114,1370,19376
88006114,88006310,196,46889
88006310,88007494,1184,258283
88007494,88008731,1237,137618
88008731,88009842,1111,131228
88009842,88011103,1261,29092
88011103,88011706,603,18004
88011706,88012859,1153,21498
88012859,88013070,211,142279
88013070,88014339,1269,52087
88014339,88015433,1094,86683
88015433,88016518,1085,142824
88016518,88017753,1235,131030
88017753,88018884,1131,13185
88018884,88020129,1245,104888
88020129,88021290,1161,121079
88021290,88022474,1184,233382
88022474,88023798,1324,142824
88023798,88024997,1199,125943
88024997,88025560,563,65554
88025560,88026652,1092,133225
88026652,88026979,327,131735
88026979,88028111,1132,54487
88028111,88029349,1238,137608
88029349,88030651,1302,125123
88030651,88031866,1215,143321
88031866,88032677,811,160949
88032677,88033732,1055,96672
88033732,88034977,1245,163597
88034977,88036190,1213,71402
88036190,88037253,1063,4654
88037253,88037851,598,136861
88037851,88038950,1099,14958
88038950,88040241,1291,121079
88040241,88041504,1263,81881
88041504,88042625,1121,104491
88042625,88043840,1215,114469
88043840,88045002,1162,140071
88045002,88045878,876,132891
88045878,88046438,560,87997
88046438,88047659,1221,279856
88047659,88048520,861,66184
88048520,88049664,1144,92420
88049664,88050895,1231,19376
88050895,88052130,1235,163527
88052130,88053364,1234,30119
88053364,88054419,1055,127732
88054419,88055204,785,121331
88055204,88056477,1273,46588
88056477,88057666,1189,54016
88057666,88058909,1243,69607
88058909,88060154,1245,73075
88060154,88061097,943,147968
88061097,88062250,1153,55088
88062250,88063620,1370,148312
88063620,88064723,1103,11547
88064723,88065079,356,365
88065079,88065759,680,129066
88065759,88066210,451,216570
88066210,88067337,1127,121079
88067337,88068312,975,6397
88068312,88069351,1039,86679
88069351,88070711,1360,127537
88070711,88070932,221,110526
88070932,88072195,1263,74798
88072195,88073205,1010,123443
88073205,88074253,1048,129325
88074253,88075409,1156,2536
88075409,88076621,1212,166423
88076621,88077762,1141,121024
88077762,88078508,746,121024
88078508,88079651,1143,233382
88079651,88080902,1251,176854
88080902,88081917,1015,116804
88081917,88083180,1263,128761
88083180,88084409,1229,88367
88084409,88085600,1191,135580
88085600,88086756,1156,232057
88086756,88087649,893,131735
88087649,88088943,1294,9174
88088943,88090209,1266,61780
88090209,88091439,1230,138486
88091439,88092492,1053,137004
88092492,88093301,809,130184
88093301,88094230,929,137154
88094230,88095456,1226,129513
88095456,88096664,1208,141642
88096664,88097185,521,141235
88097185,88098327,1142,130516
88098327,88099503,1176,133834
88099503,88100774,1271,88484
88100774,88102021,1247,47238
88102021,88102911,890,160187
88102911,88104018,1107,155949
88104018,88105230,1212,56222
88105230,88106314,1084,139200
88106314,88107528,1214,178029
88107528,88108724,1196,102250
88108724,88109977,1253,176682
88109977,88111256,1279,121331
88111256,88112317,1061,86040
88112317,88113393,1076,123172
88113393,88114669,1276,234067
88114669,88114880,211,26558
88114880,88115577,697,107479
88115577,88116864,1287,141270
88116864,88117118,254,129388
88117118,88118318,1200,294120
88118318,88119581,1263,155968
88119581,88120664,1083,170976
88120664,88121662,998,186230
88121662,88122793,1131,294113
88122793,88124108,1315,32637
88124108,88124610,502,141242
88124610,88125434,824,170956
88125434,88125863,429,10327
88125863,88126861,998,93470
88126861,88128057,1196,5341
88128057,88128929,872,43306
88128929,88130174,1245,110061
88130174,88130866,692,137483
88130866,88131755,889,141279
88131755,88132628,873,123602
88132628,88133855,1227,131259
88133855,88135042,1187,76044
88135042,88136110,1068,30593
88136110,88137267,1157,64974
88137267,88138492,1225,155968
88138492,88139549,1057,124368
88139549,88140847,1298,295446
88140847,88141940,1093,184264
88141940,88143141,1201,101578
88143141,88144336,1195,123163
88144336,88145418,1082,89894
88145418,88146658,1240,160602
88146658,88147579,921,288043
88147579,88148859,1280,44937
88148859,88150146,1287,131735
88150146,88151086,940,139009
88151086,88152267,1181,119637
88152267,88153271,1004,142363
88153271,88154492,1221,290365
88154492,88155140,648,756
88155140,88156233,1093,143005
88156233,88156770,537,121331
88156770,88157853,1083,123269
88157853,88159076,1223,152826
88159076,88159656,580,25765
88159656,88160927,1271,101883
88160927,88161662,735,156015
88161662,88162891,1229,64956
88162891,88164148,1257,398
88164148,88165337,1189,142320
88165337,88166400,1063,276907
88166400,88167619,1219,58845
88167619,88168805,1186,152831
88168805,88170033,1228,134119
88170033,88171102,1069,123135
88171102,88171580,478,111754
88171580,88172023,443,123191
88172023,88173135,1112,142733
88173135,88174220,1085,158781
88174220,88175449,1229,186232
88175449,88176699,1250,101892
88176699,88177809,1110,5912
88177809,88179013,1204,129325
88179013,88179524,511,181961
88179524,88180535,1011,160952
88180535,88180869,334,9321
88180869,88181844,975,156015
88181844,88182735,891,110526
88182735,88183992,1257,126826
88183992,88185091,1099,121669
88185091,88186614,1523,169293
88186614,88187701,1087,176660
88187701,88188977,1276,46240
88188977,88189895,918,117866
88189895,88190899,1004,122627
88190899,88191538,639,39761
88191538,88192684,1146,3582
88192684,88193239,555,162375
88193239,88194477,1238,45217
88194477,88195740,1263,85685
88195740,88196042,302,129388
88196042,88197219,1177,139307
88197219,88197771,552,121064
88197771,88198904,1133,126600
88198904,88200044,1140,58778
88200044,88201286,1242,8674
88201286,88202532,1246,277899
88202532,88203716,1184,146346
88203716,88204788,1072,138290
88204788,88204989,201,153733
88204989,88206204,1215,147110
88206204,88207343,1139,46889
88207343,88208350,1007,68344
88208350,88209059,709,156015
88209059,88210053,994,130503
88210053,88210233,180,123602
88210233,88210903,670,121416
88210903,88212061,1158,152864
88212061,88212979,918,121140
88212979,88213232,253,98878
88213232,88213878,646,28465
88213878,88215125,1247,724
88215125,88215701,576,160188
88215701,88216812,1111,295761
88216812,88217955,1143,130229
88217955,88219176,1221,293959
88219176,88220189,1013,142279
88220189,88221337,1148,29090
88221337,88222484,1147,142745
88222484,88223195,711,132891
88223195,88223656,461,283138
88223656,88224888,1232,135657
88224888,88225833,945,139009
88225833,88227100,1267,11079
88227100,88228356,1256,182402
88228356,88229319,963,292253
88229319,88230508,1189,136846
88230508,88231505,997,9321
88231505,88231692,187,154671
88231692,88232857,1165,126336
88232857,88234090,1233,142320
88234090,88235281,1191,105405
88235281,88236533,1252,141235
88236533,88237658,1125,176256
88237658,88237992,334,245707
88237992,88238753,761,57667
88238753,88239786,1033,91098
88239786,88240945,1159,291168
88240945,88241336,391,152282
88241336,88242335,999,143022
88242335,88243664,1329,176682
88243664,88244226,562,154838
88244226,88245370,1144,130225
88245370,88245745,375,117382
88245745,88246920,1175,130533
88246920,88248186,1266,185125
88248186,88249359,1173,143625
88249359,88250376,1017,121130
88250376,88251434,1058,150843
88251434,88252701,1267,76973
88252701,88254034,1333,144485
88254034,88255188,1154,258283
88255188,88256369,1181,149880
88256369,88257583,1214,76574
88257583,88258851,1268,101836
88258851,88260016,1165,107517
88260016,88261214,1198,73729
88261214,88261983,769,128636
88261983,88263310,1327,143022
88263310,88264230,920,129752
88264230,88265211,981,122828
88265211,88265467,256,233382
88265467,88266665,1198,138032
88266665,88267831,1166,75810
88267831,88268986,1155,125883
88268986,88269982,996,157475
88269982,88271240,1258,282386
88271240,88272480,1240,232057
88272480,88273617,1137,147981
88273617,88273810,193,28465
88273810,88274716,906,5084
88274716,88275725,1009,4861
88275725,88276949,1224,85684
88276949,88277557,608,121446
88277557,88278478,921,61741
88278478,88279648,1170,102238
88279648,88280661,1013,83708
88280661,88281654,993,152826
88281654,88282334,680,12545
88282334,88283397,1063,279775
88283397,88283910,513,126336
88283910,88284997,1087,5912
88284997,88285352,355,123216
88285352,88286105,753,147110
88286105,88287051,946,142824
88287051,88288045,994,163527
88288045,88289280,1235,13185
88289280,88290437,1157,141209
88290437,88291681,1244,10160
88291681,88291900,219,157057
88291900,88293085,1185,67218
88293085,88293604,519,155968
88293604,88294636,1032,278217
88294636,88295303,667,176278
88295303,88296200,897,108620
88296200,88297012,812,131722
88297012,88297696,684,44577
88297696,88298599,903,129396
88298599,88299645,1046,115047
88299645,88300888,1243,723
88300888,88302131,1243,138047
88302131,88303126,995,86040
88303126,88303705,579,124224
88303705,88304802,1097,71550
88304802,88306083,1281,64974
88306083,88307104,1021,121024
88307104,88307302,198,129325
88307302,88308245,943,140639
88308245,88309500,1255,11077
88309500,88310231,731,92427
88310231,88310608,377,284433
88310608,88311530,922,64588
88311530,88311881,351,123048
88311881,88313056,1175,10088
88313056,88314245,1189,127518
88314245,88315331,1086,127732
88315331,88316410,1079,123036
88316410,88317645,1235,62558
88317645,88318172,527,134728
88318172,88318859,687,147045
88318859,88320076,1217,56778
88320076,88321048,972,171108
88321048,88322136,1088,130871
88322136,88323011,875,291953
88323011,88323849,838,156720
88323849,88324930,1081,122441
88324930,88325179,249,128678
88325179,88326454,1275,278289
88326454,88327579,1125,138617
88327579,88328724,1145,121415
88328724,88329704,980,62347
88329704,88330833,1129,110243
88330833,88331950,1117,32904
88331950,88333297,1347,132532
88333297,88334263,966,132649
88334263,88335362,1099,158081
88335362,88336588,1226,4275
88336588,88337239,651,9210
88337239,88338415,1176,121727
88338415,88339173,758,147971
88339173,88340302,1129,131735
88340302,88341557,1255,135635
88341557,88342736,1179,137483
88342736,88343995,1259,121415
88343995,88344295,300,169293
88344295,88345524,1229,21305
88345524,88346776,1252,106969
88346776,88348081,1305,184448
88348081,88349186,1105,84010
88349186,88350453,1267,118119
88350453,88351052,599,39508
88351052,88352261,1209,6175
88352261,88353402,1141,279233
88353402,88354506,1104,43306
88354506,88355551,1045,287657
88355551,88356652,1101,142279
88356652,88357831,1179,284428
88357831,88358834,1003,132650
88358834,88360012,1178,280922
88360012,88360751,739,32658
88360751,88361595,844,129396
88361595,88362684,1089,39967
88362684,88363762,1078,2327
88363762,88365101,1339,92935
88365101,88366100,999,137608
88366100,88367103,1003,8675
88367103,88368378,1275,9914
88368378,88368920,542,295197
88368920,88370144,1224,11612
88370144,88371229,1085,163612
88371229,88372520,1291,152824
88372520,88373654,1134,10674
88373654,88374915,1261,14358
88374915,88375981,1066,131732
88375981,88377006,1025,133396
88377006,88378193,1187,139336
88378193,88379167,974,77778
88379167,88379946,779,50778
88379946,88381049,1103,135894
88381049,88381611,562,107520
88381611,88382687,1076,46890
88382687,88383811,1124,121669
88383811,88384167,356,122443
88384167,88385464,1297,39971
88385464,88386727,1263,113273
88386727,88387951,1224,156154
88387951,88389042,1091,2536
88389042,88389222,180,163384
88389222,88390389,1167,5084
88390389,88391570,1181,130544
88391570,88392231,661,17615
88392231,88392917,686,11528
88392917,88393880,963,136458
88393880,88394855,975,73848
88394855,88396064,1209,148522
88396064,88397206,1142,295756
88397206,88398507,1301,98644
88398507,88399530,1023,58192
88399530,88400283,753,4145
88400283,88401369,1086,6541
88401369,88402518,1149,246932
88402518,88403682,1164,176270
88403682,88404832,1150,134465
88404832,88404998,166,101883
88404998,88406195,1197,54016
88406195,88407447,1252,139290
88407447,88408394,947,10328
88408394,88409657,1263,76046
88409657,88410810,1153,130530
88410810,88411634,824,128138
88411634,88412442,808,292253
88412442,88413299,857,56777
88413299,88414440,1141,50778
88414440,88414732,292,126829
88414732,88415987,1255,81859
88415987,88417136,1149,142733
88417136,88418473,1337,133442
88418473,88418654,181,130093
88418654,88419695,1041,187006
88419695,88420960,1265,19585
88420960,88422180,1220,163518
88422180,88422489,309,126959
88422489,88423631,1142,108640
88423631,88424615,984,294700
88424615,88425493,878,51163
88425493,88426196,703,138033
88426196,88427482,1286,4861
88427482,88428712,1230,64708
88428712,88429066,354,123135
88429066,88429672,606,70843
88429672,88430922,1250,287671
88430922,88432217,1295,142858
88432217,88433275,1058,64956
88433275,88434357,1082,167022
88434357,88435620,1263,50777
88435620,88436798,1178,58778
88436798,88438047,1249,280380
88438047,88439206,1159,138032
88439206,88440437,1231,170212
88440437,88441635,1198,114468
88441635,88442616,981,122944
88442616,88443899,1283,156724
88443899,88445056,1157,138290
88445056,88446016,960,63885
88446016,88446917,901,279239
88446917,88448092,1175,102240
88448092,88449368,1276,86683
88449368,88450533,1165,122876
88450533,88451183,650,13247
88451183,88452109,926,168199
88452109,88452825,716,129623
88452825,88454042,1217,138901
88454042,88455291,1249,124003
88455291,88456443,1152,35926
88456443,88457604,1161,10089
88457604,88458595,991,31603
88458595,88459714,1119,101799
88459714,88460089,375,294697
88460089,88461339,1250,232057
88461339,88461909,570,161102
88461909,88463034,1125,2503
88463034,88463773,739,141279
88463773,88464375,602,76044
88464375,88465576,1201,133447
88465576,88466365,789,72311
88466365,88467073,708,25951
88467073,88467311,238,126408
88467311,88468388,1077,167022
88468388,88469589,1201,142320
88469589,88470543,954,123190
88470543,88470954,411,295759
88470954,88472125,1171,300208
88472125,88473278,1153,132499
88473278,88473663,385,80690
88473663,88474831,1168,124990
88474831,88476080,1249,121661
88476080,88477106,1026,26947
88477106,88478155,1049,175390
88478155,88479255,1100,4861
88479255,88480510,1255,254949
88480510,88481490,980,121127
88481490,88482792,1302,86683
88482792,88483998,1206,57667
88483998,88485252,1254,138901
88485252,88486269,1017,150843
88486269,88487355,1086,58192
88487355,88488478,1123,84447
88488478,88489616,1138,63841
88489616,88490897,1281,100044
88490897,88492078,1181,169291
88492078,88492314,236,125127
88492314,88493284,970,141148
88493284,88494459,1175,138617
88494459,88495742,1283,135892
88495742,88496870,1128,301694
88496870,88498146,1276,164100
88498146,88499137,991,140718
88499137,88500318,1181,121024
88500318,88501247,929,108621
88501247,88501960,713,126296
88501960,88503242,1282,36641
88503242,88503945,703,132530
88503945,88504674,729,164100
88504674,88505623,949,182394
88505623,88506516,893,53343
88506516,88507415,899,10822
88507415,88508469,1054,126829
88508469,88509530,1061,147110
88509530,88510792,1262,59239
88510792,88511905,1113,300047
88511905,88513097,1192,110243
88513097,88514340,1243,41166
88514340,88515475,1135,160952
88515475,88516560,1085,26950
88516560,88517845,1285,168626
88517845,88519106,1261,5341
88519106,88520297,1191,163505
88520297,88521268,971,151776
88521268,88522557,1289,163606
88522557,88523703,1146,60800
88523703,88523964,261,25766
88523964,88525234,1270,130727
88525234,88526084,850,128761
88526084,88526904,820,245691
88526904,88528154,1250,87280
88528154,88528711,557,122944
88528711,88529623,912,94108
88529623,88530424,801,137588
88530424,88531083,659,138032
88531083,88532168,1085,129388
88532168,88533438,1270,185485
88533438,88534642,1204,283228
88534642,88535031,389,129623
88535031,88535682,651,30101
88535682,88536978,1296,106366
88536978,88537995,1017,286306
88537995,88539252,1257,135826
88539252,88540282,1030,288043
88540282,88541272,990,32639
88541272,88542368,1096,128344
88542368,88542973,605,124368
88542973,88544138,1165,13364
88544138,88545216,1078,134728
88545216,88546467,1251,139035
88546467,88547564,1097,131259
88547564,88548779,1215,27593
88548779,88550051,1272,274379
88550051,88551076,1025,19585
88551076,88551341,265,54487
88551341,88552513,1172,109663
88552513,88553744,1231,184264
88553744,88554394,650,135762
88554394,88555542,1148,130227
88555542,88555779,237,104979
88555779,88556066,287,48579
88556066,88556967,901,143022
88556967,88558120,1153,366
88558120,88559360,1240,41911
88559360,88560297,937,231834
88560297,88561495,1198,4691
88561495,88562788,1293,73846
88562788,88564107,1319,32886
88564107,88565213,1106,76574
88565213,88565803,590,108638
88565803,88566981,1178,258993
88566981,88568064,1083,139612
88568064,88569339,1275,128309
88569339,88570596,1257,141174
88570596,88571754,1158,10344
88571754,88572908,1154,293663
88572908,88573497,589,162238
88573497,88574560,1063,128632
88574560,88575709,1149,114476
88575709,88576575,866,89894
88576575,88577658,1083,129325
88577658,88578837,1179,71320
88578837,88579192,355,5097
88579192,88580296,1104,245707
88580296,88581349,1053,25563
88581349,88582389,1040,160188
88582389,88583576,1187,136983
88583576,88584775,1199,71531
88584775,88586000,1225,133273
88586000,88586952,952,14929
88586952,88588031,1079,151776
88588031,88589231,1200,81870
88589231,88590454,1223,127525
88590454,88591401,947,142824
88591401,88592516,1115,144496
88592516,88593662,1146,122789
88593662,88594057,395,8927
88594057,88595066,1009,101579
88595066,88596114,1048,121331
88596114,88596610,496,82558
88596610,88597433,823,85685
88597433,88598552,1119,130588
88598552,88599757,1205,86804
88599757,88600746,989,279852
88600746,88602054,1308,54487
88602054,88603291,1237,141148
88603291,88604557,1266,74797
88604557,88605490,933,158744
88605490,88606593,1103,10642
88606593,88607811,1218,92200
88607811,88608844,1033,143521
88608844,88609977,1133,101884
88609977,88610848,871,26894
88610848,88611523,675,18533
88611523,88612663,1140,88367
88612663,88613532,869,130588
88613532,88614725,1193,135635
88614725,88615938,1213,56778
88615938,88617068,1130,136458
88617068,88618334,1266,107520
88618334,88618589,255,61317
88618589,88619770,1181,279775
88619770,88620943,1173,293957
88620943,88621940,997,81859
88621940,88623007,1067,121541
88623007,88624240,1233,132532
88624240,88625413,1173,89388
88625413,88625631,218,699
88625631,88626671,1040,63713
88626671,88627894,1223,87547
88627894,88628087,193,135659
88628087,88629222,1135,88489
88629222,88630276,1054,34497
88630276,88631548,1272,163612
88631548,88632538,990,19373
88632538,88633849,1311,137483
88633849,88634944,1095,58192
88634944,88635902,958,80665
88635902,88636815,913,163612
88636815,88637628,813,141174
88637628,88638582,954,146346
88638582,88639421,839,294120
88639421,88640696,1275,20410
88640696,88641875,1179,61317
88641875,88643129,1254,133290
88643129,88643445,316,78193
88643445,88644754,1309,281187
88644754,88645836,1082,129587
88645836,88646957,1121,140718
88646957,88647390,433,34478
88647390,88648075,685,24731
88648075,88649352,1277,142320
88649352,88650569,1217,37090
88650569,88651770,1201,134981
88651770,88652612,842,129514
88652612,88653851,1239,123443
88653851,88654980,1129,57837
88654980,88655437,457,140931
88655437,88656438,1001,295759
88656438,88657708,1270,106611
88657708,88658173,465,130489
88658173,88659216,1043,132891
88659216,88660456,1240,300343
88660456,88661629,1173,24731
88661629,88661894,265,47030
88661894,88663145,1251,105168
88663145,88664104,959,127525
88664104,88665246,1142,90852
88665246,88666085,839,126965
88666085,88666852,767,108005
88666852,88668025,1173,288043
88668025,88669249,1224,44577
88669249,88670073,824,132705
88670073,88671114,1041,19361
88671114,88672390,1276,178748
88672390,88672708,318,140222
88672708,88674053,1345,48579
88674053,88675196,1143,6556
88675196,88676367,1171,12085
88676367,88677525,1158,84448
88677525,88678428,903,24731
88678428,88678621,193,4145
88678621,88679623,1002,271811
88679623,88680825,1202,84122
88680825,88681978,1153,64956
88681978,88683211,1233,48361
88683211,88684475,1264,70837
88684475,88685717,1242,163384
88685717,88686888,1171,32639
88686888,88688136,1248,131295
88688136,88689336,1200,19214
88689336,88690514,1178,178748
88690514,88691526,1012,142745
88691526,88692657,1131,86777
88692657,88693252,595,134434
88693252,88694506,1254,681
88694506,88695682,1176,100431
88695682,88696848,1166,39910
88696848,88698124,1276,157088
88698124,88698390,266,291101
88698390,88699525,1135,159230
88699525,88700713,1188,127522
88700713,88701812,1099,102239
88701812,88703062,1250,156724
88703062,88704191,1129,163607
88704191,88705336,1145,27593
88705336,88706219,883,70843
88706219,88706928,709,170982
88706928,88708006,1078,130588
88708006,88709231,1225,143484
88709231,88710146,915,142858
88710146,88711199,1053,92915
88711199,88711923,724,14929
88711923,88712877,954,6398
88712877,88714092,1215,164328
88714092,88715250,1158,5416
88715250,88716455,1205,276730
88716455,88717600,1145,262269
88717600,88718673,1073,127525
88718673,88719885,1212,176270
88719885,88720964,1079,141135
88720964,88722120,1156,135897
88722120,88722301,181,86683
88722301,88723622,1321,72311
88723622,88724771,1149,109173
88724771,88725866,1095,92002
88725866,88727073,1207,92814
88727073,88728323,1250,134451
88728323,88729592,1269,86039
88729592,88730796,1204,157858
88730796,88732009,1213,135033
88732009,88732969,960,134592
88732969,88734186,1217,16632
88734186,88735381,1195,134451
88735381,88736668,1287,56222
88736668,88737868,1200,4654
88737868,88739135,1267,127731
88739135,88740335,1200,144485
88740335,88741536,1201,59288
88741536,88742775,1239,3961
88742775,88743856,1081,124526
88743856,88745080,1224,136483
88745080,88746022,942,141208
88746022,88746930,908,170453
88746930,88747966,1036,129805
88747966,88748719,753,145701
88748719,88749534,815,156968
88749534,88750575,1041,19373
88750575,88751590,1015,60800
88751590,88752756,1166,130560
88752756,88753907,1151,76043
88753907,88754915,1008,135762
88754915,88756212,1297,19376
88756212,88757205,993,26947
88757205,88758170,965,112592
88758170,88758459,289,48032
88758459,88759518,1059,71550
88759518,88760585,1067,39970
88760585,88761682,1097,81858
88761682,88762315,633,163606
88762315,88762740,425,28868
88762740,88763323,583,10673
88763323,88763632,309,1189
88763632,88764511,879,48579
88764511,88765805,1294,76046
88765805,88766803,998,130532
88766803,88767789,986,140222
88767789,88768917,1128,279153
88768917,88770247,1330,24731
88770247,88771432,1185,276735
88771432,88772500,1068,133220
88772500,88773709,1209,158081
88773709,88774750,1041,13185
88774750,88775447,697,696
88775447,88775926,479,126408
88775926,88777189,1263,144496
88777189,88778345,1156,139753
88778345,88779468,1123,141242
88779468,88780434,966,278220
88780434,88780609,175,66347
88780609,88781795,1186,136483
88781795,88782149,354,290363
88782149,88782773,624,128309
88782773,88783951,1178,6541
88783951,88785001,1050,274549
88785001,88786026,1025,127537
88786026,88787262,1236,122828
88787262,88788495,1233,44937
88788495,88789631,1136,66470
88789631,88790964,1333,48032
88790964,88792159,1195,111961
88792159,88793306,1147,295761
88793306,88793872,566,142311
88793872,88795109,1237,163612
88795109,88795279,170,101283
88795279,88796049,770,137483
88796049,88797235,1186,130569
88797235,88798453,1218,98880
88798453,88799732,1279,29110
88799732,88800959,1227,133442
88800959,88802255,1296,46267
88802255,88803366,1111,102381
88803366,88804551,1185,129515
88804551,88805629,1078,112058
88805629,88806749,1120,112011
88806749,88807675,926,136983
88807675,88808837,1162,169293
88808837,88809860,1023,294113
88809860,88810983,1123,150855
88810983,88812229,1246,295756
88812229,88813302,1073,274380
88813302,88814464,1162,282934
88814464,88814884,420,216570
88814884,88816078,1194,300047
88816078,88817179,1101,168500
88817179,88817748,569,156973
88817748,88819035,1287,122443
88819035,88819776,741,291172
88819776,88820997,1221,84357
88820997,88821640,643,46243
88821640,88822657,1017,64298
88822657,88823379,722,276939
88823379,88824527,1148,49755
88824527,88825701,1174,139009
88825701,88826957,1256,137597
88826957,88828018,1061,171139
88828018,88829071,1053,51162
88829071,88830005,934,138545
88830005,88830980,975,254918
88830980,88831881,901,298549
88831881,88832950,1069,296078
88832950,88833607,657,77778
88833607,88834538,931,61742
88834538,88834913,375,292347
88834913,88836058,1145,155152
88836058,88837086,1028,15307
88837086,88838346,1260,132717
88838346,88839401,1055,95963
88839401,88840492,1091,62347
88840492,88841758,1266,35926
88841758,88842432,674,133212
88842432,88843391,959,85684
88843391,88844672,1281,39481
88844672,88845819,1147,48032
88845819,88846553,734,136054
88846553,88847792,1239,143484
88847792,88848275,483,140040
88848275,88848588,313,291172
88848588,88848921,333,278217
88848921,88849950,1029,1562
88849950,88851231,1281,126959
88851231,88852382,1151,115047
88852382,88853561,1179,14929
88853561,88854794,1233,110705
88854794,88855443,649,79973
88855443,88856737,1294,62347
88856737,88858005,1268,109174
88858005,88859238,1233,76046
88859238,88859962,724,14526
88859962,88860678,716,64588
88860678,88861635,957,133424
88861635,88862805,1170,39475
88862805,88863021,216,122025
88863021,88863876,855,142848
88863876,88865194,1318,139612
88865194,88866205,1011,95441
88866205,88867524,1319,138043
88867524,88867888,364,139356
88867888,88869017,1129,14976
88869017,88870228,1211,51163
88870228,88871471,1243,127696
88871471,88872782,1311,142362
88872782,88874023,1241,48032
88874023,88875272,1249,43305
88875272,88876395,1123,122441
88876395,88877687,1292,58868
88877687,88879000,1313,13270
88879000,88879469,469,142727
88879469,88880651,1182,70843
88880651,88881427,776,232057
88881427,88882573,1146,112592
88882573,88883702,1129,82904
88883702,88884688,986,300208
88884688,88885493,805,285896
88885493,88886694,1201,92814
88886694,88886956,262,77173
88886956,88888095,1139,4479
88888095,88888669,574,101283
88888669,88888932,263,12332
88888932,88889233,301,143271
88889233,88890492,1259,258974
88890492,88891706,1214,120330
88891706,88892774,1068,131003
88892774,88893389,615,141270
88893389,88894408,1019,176853
88894408,88894597,189,132866
88894597,88895760,1163,29120
88895760,88897025,1265,109507
88897025,88898245,1220,83606
88898245,88899338,1093,123443
88899338,88900190,852,39481
88900190,88901417,1227,153309
88901417,88902683,1266,48525
88902683,88903770,1087,131203
88903770,88905032,1262,48848
88905032,88906244,1212,89940
88906244,88907359,1115,121064
88907359,88908631,1272,9010
88908631,88909960,1329,304535
88909960,88910864,904,11612
88910864,88911780,916,143946
88911780,88912821,1041,138289
88912821,88913963,1142,1133
88913963,88915022,1059,16003
88915022,88916092,1070,124547
88916092,88917220,1128,121331
88917220,88917920,700,143946
88917920,88918295,375,294551
88918295,88919462,1167,88349
88919462,88920624,1162,258954
88920624,88921069,445,121730
88921069,88921859,790,72927
88921859,88922909,1050,40556
88922909,88924006,1097,127703
88924006,88925159,1153,126842
88925159,88926400,1241,293987
88926400,88927370,970,110742
88927370,88928612,1242,119295
88928612,88929811,1199,132705
88929811,88931038,1227,157857
88931038,88931474,436,124224
88931474,88931640,166,138901
88931640,88932153,513,27504
88932153,88932950,797,30106
88932950,88934158,1208,54006
88934158,88935337,1179,53343
88935337,88936141,804,298549
88936141,88936736,595,153728
88936736,88937616,880,294120
88937616,88938562,946,118112
88938562,88939474,912,121024
88939474,88939768,294,187024
88939768,88940919,1151,135227
88940919,88941870,951,118112
88941870,88943149,1279,122825
88943149,88944094,945,123882
88944094,88945078,984,178450
88945078,88946346,1268,142320
88946346,88946805,459,13364
88946805,88948010,1205,288043
88948010,88949141,1131,296468
88949141,88950230,1089,99124
88950230,88951495,1265,185126
88951495,88952706,1211,104979
88952706,88953791,1085,10702
88953791,88954988,1197,128240
88954988,88955849,861,73732
88955849,88957016,1167,161714
88957016,88958145,1129,67858
88958145,88959236,1091,4691
88959236,88960347,1111,132891
88960347,88961475,1128,150469
88961475,88962682,1207,157400
88962682,88963241,559,90852
88963241,88964437,1196,62347
88964437,88965228,791,294523
88965228,88966203,975,109180
88966203,88966548,345,176682
88966548,88967591,1043,66016
88967591,88968824,1233,160187
88968824,88969583,759,131732
88969583,88970810,1227,39971
88970810,88971781,971,287659
88971781,88972740,959,121528
88972740,88973891,1151,292252
88973891,88975000,1109,31603
88975000,88976220,1220,88086
88976220,88977343,1123,233382
88977343,88978351,1008,124994
88978351,88978546,195,60800
88978546,88979825,1279,139358
88979825,88981081,1256,121024
88981081,88981924,843,125883
88981924,88983003,1079,298549
88983003,88984158,1155,128990
88984158,88984933,775,13250
88984933,88986008,1075,164927
88986008,88986608,600,140654
88986608,88987878,1270,176256
88987878,88989075,1197,48377
88989075,88990342,1267,112592
88990342,88991582,1240,68361
88991582,88992850,1268,70756
88992850,88993042,192,140931
88993042,88994221,1179,123197
88994221,88994597,376,41610
88994597,88995700,1103,144496
88995700,88996781,1081,130625
88996781,88997894,1113,80189
88997894,88999017,1123,138901
88999017,88999658,641,276735
88999658,89000931,1273,1539
89000931,89001360,429,101883
89001360,89002428,1068,132782
89002428,89003490,1062,258986
89003490,89003868,378,8140
89003868,89004535,667,15446
89004535,89005204,669,862
89005204,89006323,1119,135580
89006323,89007530,1207,293531
89007530,89008784,1254,41170
89008784,89009773,989,10327
89009773,89010679,906,121416
89010679,89011857,1178,252342
89011857,89012058,201,126313
89012058,89013301,1243,114256
89013301,89014553,1252,125882
89014553,89015576,1023,161102
89015576,89016750,1174,10988
89016750,89018029,1279,21493
89018029,89019288,1259,19373
89019288,89019965,677,67857
89019965,89020329,364,129659
89020329,89021405,1076,130545
89021405,89022126,721,32136
89022126,89023335,1209,163380
89023335,89024322,987,44577
89024322,89025523,1201,129808
89025523,89026710,1187,133220
89026710,89027959,1249,130296
89027959,89029100,1141,14936
89029100,89030200,1100,54666
89030200,89031466,1266,151776
89031466,89031661,195,96175
89031661,89032932,1271,121415
89032932,89033596,664,163527
89033596,89034800,1204,26951
89034800,89036048,1248,55202
89036048,89037303,1255,70919
89037303,89037944,641,129440
89037944,89039217,1273,130876
89039217,89040477,1260,130093
89040477,89041726,1249,145145
89041726,89042996,1270,231862
89042996,89044270,1274,153958
89044270,89045421,1151,244443
89045421,89046403,982,172156
89046403,89047480,1077,121415
89047480,89048617,1137,130226
89048617,89049854,1237,88367
89049854,89050310,456,126932
89050310,89051607,1297,1150
89051607,89052087,480,116797
89052087,89053287,1200,73957
89053287,89053612,325,130184
89053612,89054678,1066,121392
89054678,89055685,1007,176682
89055685,89056542,857,133471
89056542,89057540,998,10642
89057540,89058640,1100,39481
89058640,89059850,1210,296473
89059850,89060958,1108,178748
89060958,89061846,888,286306
89061846,89063101,1255,149880
89063101,89064284,1183,80690
89064284,89065461,1177,139035
89065461,89066621,1160,85635
89066621,89067705,1084,162253
89067705,89068829,1124,39478
89068829,89070020,1191,48831
89070020,89071252,1232,94522
89071252,89072461,1209,122443
89072461,89073745,1284,86683
89073745,89074939,1194,130588
89074939,89075808,869,141209
89075808,89077001,1193,31629
89077001,89078034,1033,130492
89078034,89078234,200,30101
89078234,89079298,1064,274380
89079298,89080530,1232,48579
89080530,89081027,497,51162
89081027,89081665,638,14936
89081665,89082743,1078,126209
89082743,89083758,1015,259009
89083758,89084629,871,116797
89084629,89085708,1079,144485
89085708,89086864,1156,135659
89086864,89088112,1248,32136
89088112,89088347,235,13248
89088347,89089552,1205,148962
89089552,89090376,824,14960
89090376,89091586,1210,29101
89091586,89092672,1086,129983
89092672,89093329,657,126965
89093329,89094388,1059,134785
89094388,89095623,1235,139009
89095623,89096757,1134,133447
89096757,89097863,1106,122443
89097863,89099203,1340,166420
89099203,89099939,736,178149
89099939,89101081,1142,276749
89101081,89101968,887,39913
89101968,89103064,1096,67233
89103064,89104274,1210,233382
89104274,89105453,1179,129582
89105453,89106775,1322,71420
89106775,89107490,715,100043
89107490,89108564,1074,72311
89108564,89109089,525,167609
89109089,89110368,1279,6524
89110368,89111405,1037,287671
89111405,89112226,821,92935
89112226,89113299,1073,131732
89113299,89114456,1157,136861
89114456,89115482,1026,176270
89115482,89116605,1123,58776
89116605,89117894,1289,280380
89117894,89119009,1115,123998
89119009,89120127,1118,53458
89120127,89121107,980,110520
89121107,89122001,894,104398
89122001,89123119,1118,34478
89123119,89124331,1212,139200
89124331,89124997,666,109658
89124997,89125960,963,9915
89125960,89126288,328,184447
89126288,89127345,1057,121085
89127345,89128643,1298,82020
89128643,89129617,974,47541
89129617,89130523,906,366
89130523,89131239,716,89880
89131239,89132194,955,128345
89132194,89133147,953,7793
89133147,89134304,1157,39476
89134304,89134664,360,126929
89134664,89135040,376,160187
89135040,89135909,869,64717
89135909,89136167,258,30119
89136167,89137336,1169,63841
89137336,89138634,1298,290923
89138634,89139446,812,275128
89139446,89139775,329,128761
89139775,89140520,745,273050
89140520,89141043,523,124368
89141043,89142133,1090,109174
89142133,89143187,1054,84121
89143187,89144420,1233,70998
89144420,89145589,1169,3582
89145589,89146739,1150,175448
89146739,89147852,1113,121899
89147852,89148884,1032,26852
89148884,89149995,1111,123135
89149995,89151089,1094,137608
89151089,89152237,1148,149881
89152237,89153519,1282,126313
89153519,89154610,1091,137608
89154610,89155793,1183,147045
89155793,89156926,1133,168638
89156926,89157892,966,104637
89157892,89159069,1177,170453
89159069,89159613,544,139741
89159613,89160833,1220,124520
89160833,89161991,1158,53342
89161991,89162378,387,120583
89162378,89163649,1271,8674
89163649,89164810,1161,132280
89164810,89165760,950,181420
89165760,89166963,1203,44586
89166963,89168195,1232,4275
89168195,89169271,1076,5416
89169271,89170256,985,282934
89170256,89171469,1213,110238
89171469,89172670,1201,19371
89172670,89173894,1224,30101
89173894,89175170,1276,288044
89175170,89176354,1184,116805
89176354,89176866,512,128631
89176866,89178101,1235,366
89178101,89178513,412,163607
89178513,89179682,1169,245708
89179682,89180714,1032,187464
89180714,89181843,1129,274375
89181843,89182981,1138,121730
89182981,89183583,602,144999
89183583,89184412,829,107487
89184412,89185623,1211,32904
89185623,89186795,1172,145088
89186795,89187967,1172,129597
89187967,89189133,1166,171109
89189133,89190383,1250,13270
89190383,89191546,1163,92935
89191546,89192829,1283,134789
89192829,89194029,1200,126947
89194029,89195045,1016,56174
89195045,89196314,1269,300208
89196314,89197509,1195,136861
89197509,89198735,1226,170440
89198735,89199205,470,101578
89199205,89200370,1165,137618
89200370,89201497,1127,88489
89201497,89202359,862,75355
89202359,89203514,1155,44577
89203514,89204533,1019,398
89204533,89205642,1109,296467
89205642,89206871,1229,187005
89206871,89207628,757,1536
89207628,89208214,586,131735
89208214,89209221,1007,170976
89209221,89210075,854,107486
89210075,89211244,1169,290363
89211244,89212456,1212,105405
89212456,89213726,1270,157400
89213726,89214680,954,135891
89214680,89215115,435,140222
89215115,89216218,1103,154673
89216218,89217377,1159,132710
89217377,89218483,1106,54006
89218483,89219039,556,138042
89219039,89219698,659,139741
89219698,89220371,673,122789
89220371,89221636,1265,23295
89221636,89222143,507,86026
89222143,89222887,744,285137
89222887,89224083,1196,64713
89224083,89225230,1147,160958
89225230,89226411,1181,142750
89226411,89227672,1261,184264
89227672,89228666,994,131732
89228666,89229914,1248,102238
89229914,89230863,949,13185
89230863,89232126,1263,64290
89232126,89233271,1145,291374
89233271,89234541,1270,142311
89234541,89235856,1315,101258
89235856,89236343,487,48579
89236343,89237594,1251,157236
89237594,89237863,269,57837
89237863,89239104,1241,290365
89239104,89240296,1192,170438
89240296,89241530,1234,167022
89241530,89242868,1338,28465
89242868,89244016,1148,162130
89244016,89245283,1267,149939
89245283,89246452,1169,6525
89246452,89247101,649,7884
89247101,89248438,1337,170982
89248438,89249704,1266,54006
89249704,89249871,167,168497
89249871,89250363,492,291608
89250363,89251535,1172,117382
89251535,89252691,1156,138074
89252691,89253751,1060,279239
89253751,89254960,1209,135897
89254960,89255219,259,291379
89255219,89256318,1099,145703
89256318,89256662,344,136846
89256662,89257729,1067,134592
89257729,89258960,1231,157263
89258960,89260171,1211,171171
89260171,89261356,1185,186230
89261356,89261861,505,170982
89261861,89262866,1005,258986
89262866,89263898,1032,142858
89263898,89265078,1180,109179
89265078,89265713,635,107479
89265713,89266950,1237,138901
89266950,89268186,1236,68773
89268186,89268835,649,122443
89268835,89270025,1190,32904
89270025,89270452,427,171138
89270452,89271586,1134,39971
89271586,89272095,509,129587
89272095,89272495,400,300234
89272495,89273050,555,36641
89273050,89273500,450,216570
89273500,89274725,1225,278217
89274725,89275888,1163,135635
89275888,89277117,1229,133290
89277117,89278217,1100,10674
89278217,89279373,1156,126296
89279373,89280635,1262,140067
89280635,89281752,1117,174953
89281752,89282249,497,89898
89282249,89283336,1087,108005
89283336,89284556,1220,1129
89284556,89285596,1040,99249
89285596,89286785,1189,45204
89286785,89287920,1135,121541
89287920,89289145,1225,127597
89289145,89290368,1223,86741
89290368,89290795,427,124994
89290795,89291996,1201,295197
89291996,89293107,1111,56179
89293107,89294193,1086,63095
89294193,89295400,1207,295710
89295400,89296667,1267,138113
89296667,89297880,1213,285137
89297880,89298682,802,169619
89298682,89299968,1286,150715
89299968,89301211,1243,63713
89301211,89302317,1106,122626
89302317,89303480,1163,95959
89303480,89304604,1124,123283
89304604,89305764,1160,134728
89305764,89306599,835,105171
89306599,89307812,1213,48579
89307812,89308416,604,8927
89308416,89309415,999,156015
89309415,89310702,1287,67233
89310702,89311241,539,64298
89311241,89312229,988,58192
89312229,89313284,1055,289453
89313284,89314347,1063,132568
89314347,89315604,1257,293959
89315604,89316540,936,123285
89316540,89317622,1082,288044
89317622,89318542,920,59175
89318542,89319689,1147,132499
89319689,89320870,1181,258959
89320870,89321975,1105,126945
89321975,89323016,1041,69422
89323016,89324043,1027,155948
89324043,89325024,981,142320
89325024,89326304,1280,86045
89326304,89327428,1124,121069
89327428,89328336,908,98644
89328336,89329523,1187,168199
89329523,89330550,1027,699
89330550,89331565,1015,245687
89331565,89332781,1216,147110
89332781,89334154,1373,106965
89334154,89335301,1147,48831
89335301,89336406,1105,59175
89336406,89336612,206,121449
89336612,89337843,1231,290901
89337843,89339091,1248,80656
89339091,89339367,276,123268
89339367,89340601,1234,63839
89340601,89340966,365,82558
89340966,89342284,1318,135826
89342284,89343523,1239,122827
89343523,89344450,927,143484
89344450,89345526,1076,271817
89345526,89346307,781,66176
89346307,89347534,1227,121079
89347534,89348580,1046,176263
89348580,89349874,1294,365
89349874,89351110,1236,112597
89351110,89352143,1033,281472
89352143,89353311,1168,176278
89353311,89354418,1107,6397
89354418,89355651,1233,130226
89355651,89355924,273,76974
89355924,89357085,1161,131256
89357085,89358008,923,12971
89358008,89359019,1011,53342
89359019,89360130,1111,47237
89360130,89361123,993,59288
89361123,89362196,1073,130103
89362196,89362351,155,7239
89362351,89362668,317,129396
89362668,89363564,896,362
89363564,89364164,600,121799
89364164,89365397,1233,142279
89365397,89366652,1255,293957
89366652,89367697,1045,30106
89367697,89368924,1227,25951
89368924,89370049,1125,132484
89370049,89371088,1039,139297
89371088,89372425,1337,133227
89372425,89373590,1165,293957
89373590,89374410,820,397
89374410,89375648,1238,92812
89375648,89376849,1201,126233
89376849,89377121,272,131890
89377121,89377538,417,245707
89377538,89378610,1072,48830
89378610,89378865,255,157066
89378865,89380123,1258,6174
89380123,89380713,590,123176
89380713,89381472,759,13185
89381472,89382233,761,107479
89382233,89383365,1132,7884
89383365,89384550,1185,59268
89384550,89385678,1128,1133
89385678,89386861,1183,275212
89386861,89388014,1153,132499
89388014,89389091,1077,137483
89389091,89390166,1075,175448
89390166,89391381,1215,122825
89391381,89391999,618,138045
89391999,89393244,1245,118119
89393244,89394531,1287,82904
89394531,89395702,1171,280250
89395702,89396863,1161,142824
89396863,89397944,1081,92202
89397944,89399150,1206,756
89399150,89400187,1037,41151
89400187,89401317,1130,12538
89401317,89402540,1223,156724
89402540,89403639,1099,11244
89403639,89404820,1181,287657
89404820,89406099,1279,163505
89406099,89406662,563,131887
89406662,89407023,361,110243
89407023,89407956,933,157644
89407956,89408917,961,139707
89408917,89409162,245,143485
89409162,89409914,752,19371
89409914,89410395,481,10327
89410395,89411414,1019,71550
89411414,89412434,1020,139361
89412434,89412671,237,8675
89412671,89413544,873,94108
89413544,89414801,1257,36641
89414801,89415366,565,124547
89415366,89415832,466,130184
89415832,89416768,936,126220
89416768,89417923,1155,157236
89417923,89418208,285,11254
89418208,89418659,451,36641
89418659,89419918,1259,6524
89419918,89421215,1297,135892
89421215,89422179,964,92202
89422179,89423411,1232,129066
89423411,89424598,1187,61777
89424598,89425609,1011,127595
89425609,89426837,1228,127215
89426837,89428037,1200,293957
89428037,89428736,699,294114
89428736,89429852,1116,163380
89429852,89431101,1249,169293
89431101,89432193,1092,157243
89432193,89433253,1060,134170
89433253,89434368,1115,84122
89434368,89435411,1043,47541
89435411,89436644,1233,94526
89436644,89437797,1153,296159
89437797,89438103,306,13256
89438103,89438827,724,125128
89438827,89439945,1118,2777
89439945,89440742,797,121024
89440742,89441694,952,22574
89441694,89442935,1241,107480
89442935,89443855,920,269254
89443855,89444784,929,132718
89444784,89445954,1170,246892
89445954,89447191,1237,73732
89447191,89447901,710,107479
89447901,89448622,721,14936
89448622,89449794,1172,123882
89449794,89450906,1112,82458
89450906,89452031,1125,109507
89452031,89453236,1205,6175
89453236,89453603,367,142848
89453603,89454345,742,135826
89454345,89455467,1122,104391
89455467,89456268,801,127525
89456268,89457475,1207,132568
89457475,89458671,1196,131030
89458671,89459830,1159,135216
89459830,89461056,1226,74798
89461056,89462144,1088,138033
89462144,89462315,171,220952
89462315,89463566,1251,123216
89463566,89464524,958,126408
89464524,89465756,1232,293957
89465756,89466947,1191,11547
89466947,89468014,1067,73073
89468014,89469339,1325,139308
89469339,89469996,657,154697
89469996,89471200,1204,155944
89471200,89472383,1183,231836
89472383,89473374,991,122626
89473374,89474553,1179,4687
89474553,89475493,940,129443
89475493,89476570,1077,171139
89476570,89477643,1073,96241
89477643,89478843,1200,156968
89478843,89479922,1079,87280
89479922,89480968,1046,126296
89480968,89482063,1095,19361
89482063,89483215,1152,50778
89483215,89484542,1327,92930
89484542,89485178,636,130878
89485178,89486310,1132,9321
89486310,89487392,1082,123500
89487392,89488416,1024,129396
89488416,89489318,902,92002
89489318,89489981,663,285137
89489981,89491010,1029,10702
89491010,89491377,367,258993
89491377,89492612,1235,118128
89492612,89493520,908,45204
89493520,89494718,1198,290363
89494718,89494972,254,139009
89494972,89495556,584,121543
89495556,89496808,1252,254949
89496808,89498068,1260,46268
89498068,89499148,1080,258283
89499148,89500367,1219,208
89500367,89501563,1196,27593
89501563,89502450,887,96153
89502450,89503665,1215,292348
89503665,89504650,985,109656
89504650,89505865,1215,18527
89505865,89507102,1237,62347
89507102,89507458,356,282926
89507458,89508730,1272,142896
89508730,89509755,1025,104979
89509755,89510997,1242,135826
89510997,89512022,1025,148521
89512022,89513270,1248,122025
89513270,89514189,919,65772
89514189,89515200,1011,13056
89515200,89516279,1079,125945
89516279,89516560,281,69607
89516560,89516804,244,165428
89516804,89517789,985,156973
89517789,89518792,1003,153958
89518792,89519965,1173,159228
89519965,89520323,358,106974
89520323,89520552,229,73848
89520552,89521705,1153,301694
89521705,89522902,1197,284445
89522902,89524112,1210,125001
89524112,89525341,1229,57831
89525341,89526432,1091,291168
89526432,89527641,1209,54613
89527641,89527828,187,19665
89527828,89529094,1266,144496
89529094,89530011,917,141235
89530011,89531233,1222,127731
89531233,89532474,1241,123049
89532474,89533377,903,130093
89533377,89534490,1113,45204
89534490,89535676,1186,10088
89535676,89536893,1217,84349
89536893,89537327,434,123197
89537327,89537688,361,283138
89537688,89538945,1257,29101
89538945,89539767,822,279153
89539767,89540963,1196,152224
89540963,89542013,1050,68358
89542013,89543158,1145,290363
89543158,89544193,1035,233382
89544193,89545361,1168,10344
89545361,89546555,1194,140639
89546555,89546874,319,26894
89546874,89547987,1113,112592
89547987,89549206,1219,85640
89549206,89550434,1228,220980
89550434,89551755,1321,64956
89551755,89552658,903,216567
89552658,89553636,978,26553
89553636,89554904,1268,287359
89554904,89555774,870,7591
89555774,89556983,1209,137589
89556983,89557995,1012,282926
89557995,89559205,1210,133424
89559205,89560364,1159,46889
89560364,89561614,1250,139356
89561614,89562277,663,173230
89562277,89563304,1027,26685
89563304,89563602,298,71405
89563602,89564696,1094,72311
89564696,89565662,966,29110
89565662,89566237,575,135220
89566237,89567474,1237,88086
89567474,89567970,496,292138
89567970,89569133,1163,139035
89569133,89570343,1210,130878
89570343,89571622,1279,48361
89571622,89572643,1021,73073
89572643,89572822,179,110131
89572822,89573285,463,123270
89573285,89574542,1257,18005
89574542,89575730,1188,285137
89575730,89576962,1232,158744
89576962,89577675,713,91098
89577675,89577879,204,10172
89577879,89579042,1163,37090
89579042,89580330,1288,96168
89580330,89581120,790,132537
89581120,89581565,445,71401
89581565,89582889,1324,149881
89582889,89583360,471,89940
89583360,89584477,1117,32139
89584477,89585466,989,142824
89585466,89586675,1209,72927
89586675,89587832,1157,129443
89587832,89588923,1091,48032
89588923,89590133,1210,12715
89590133,89591192,1059,79973
89591192,89591991,799,139356
89591991,89593168,1177,63885
89593168,89594377,1209,8674
89594377,89594910,533,144135
89594910,89596175,1265,60774
89596175,89597410,1235,112058
89597410,89598596,1186,11254
89598596,89599462,866,112011
89599462,89600048,586,245707
89600048,89600588,540,121415
89600588,89601797,1209,30593
89601797,89602253,456,138901
89602253,89603490,1237,124368
89603490,89604659,1169,184448
89604659,89605863,1204,121528
89605863,89606894,1031,132649
89606894,89607960,1066,102526
89607960,89608915,955,109173
89608915,89610049,1134,133212
89610049,89611373,1324,162238
89611373,89612270,897,100431
89612270,89613325,1055,279153
89613325,89614381,1056,395
89614381,89614883,502,19376
89614883,89615790,907,19366
89615790,89616870,1080,81881
89616870,89618045,1175,12544
89618045,89619149,1104,60489
89619149,89619612,463,66176
89619612,89620873,1261,16002
89620873,89622054,1181,121068
89622054,89623254,1200,112187
89623254,89624344,1090,12332
89624344,89624716,372,115686
89624716,89625916,1200,126796
89625916,89626359,443,28462
89626359,89627566,1207,156977
89627566,89628624,1058,142311
89628624,89629270,646,135826
89629270,89630207,937,172165
89630207,89631362,1155,19585
89631362,89632509,1147,14976
89632509,89633543,1034,290923
89633543,89634738,1195,88484
89634738,89636061,1323,14929
89636061,89637038,977,106969
89637038,89638139,1101,141209
89638139,89639166,1027,10160
89639166,89639448,282,169656
89639448,89640590,1142,129393
89640590,89641687,1097,64588
89641687,89642032,345,130878
89642032,89643258,1226,120280
89643258,89644151,893,130164
89644151,89645055,904,245687
89645055,89646179,1124,85684
89646179,89646953,774,132601
89646953,89648198,1245,7944
89648198,89649332,1134,10327
89649332,89649711,379,129623
89649711,89650940,1229,69411
89650940,89652120,1180,287671
89652120,89652934,814,125945
89652934,89654076,1142,5703
89654076,89655080,1004,18533
89655080,89656186,1106,70837
89656186,89656773,587,138043
89656773,89657721,948,170956
89657721,89658784,1063,185485
89658784,89660098,1314,92202
89660098,89661295,1197,54667
89661295,89662545,1250,126232
89662545,89663654,1109,150715
89663654,89664862,1208,127525
89664862,89665938,1076,5791
89665938,89667046,1108,121415
89667046,89668196,1150,122810
89668196,89668521,325,73728
89668521,89669674,1153,135216
89669674,89670886,1212,176682
89670886,89672102,1216,137739
89672102,89673019,917,362
89673019,89674297,1278,12926
89674297,89674539,242,129396
89674539,89675070,531,139753
89675070,89676041,971,150127
89676041,89677144,1103,124547
89677144,89678285,1141,120330
89678285,89679296,1011,143893
89679296,89680407,1111,132601
89680407,89681553,1146,126209
89681553,89682371,818,130494
89682371,89683490,1119,149881
89683490,89684718,1228,121720
89684718,89685492,774,72210
89685492,89686374,882,157636
89686374,89687385,1011,150916
89687385,89688444,1059,144503
89688444,89689548,1104,127518
89689548,89690762,1214,31089
89690762,89691813,1051,67233
89691813,89692304,491,45218
89692304,89693392,1088,139200
89693392,89693616,224,122627
89693616,89694617,1001,56222
89694617,89695842,1225,102612
89695842,89697083,1241,7887
89697083,89698242,1159,109180
89698242,89698815,573,132484
89698815,89699950,1135,37134
89699950,89701156,1206,61742
89701156,89701740,584,125123
89701740,89702994,1254,124999
89702994,89704086,1092,137589
89704086,89705057,971,10988
89705057,89706317,1260,65772
89706317,89707586,1269,246889
89707586,89708183,597,137627
89708183,89709263,1080,130560
89709263,89709965,702,121799
89709965,89710388,423,109180
89710388,89711613,1225,294113
89711613,89712769,1156,36641
89712769,89713952,1183,121085
89713952,89715069,1117,282934
89715069,89716136,1067,41911
89716136,89717345,1209,140221
89717345,89718372,1027,92200
89718372,89719320,948,68361
89719320,89720479,1159,161166
89720479,89720804,325,44912
89720804,89721110,306,157644
89721110,89721393,283,56174
89721393,89722607,1214,160438
89722607,89723772,1165,110243
89723772,89724901,1129,108638
89724901,89726126,1225,123266
89726126,89726848,722,13256
89726848,89727531,683,125127
89727531,89728601,1070,139358
89728601,89729620,1019,168500
89729620,89730921,1301,87997
89730921,89732063,1142,44577
89732063,89733076,1013,81858
89733076,89733341,265,224746
89733341,89734394,1053,23281
89734394,89735148,754,52087
89735148,89736411,1263,53342
89736411,89737758,1347,142279
89737758,89738451,693,133279
89738451,89739668,1217,182389
89739668,89740795,1127,107486
89740795,89741466,671,171108
89741466,89742711,1245,110061
89742711,89743813,1102,163726
89743813,89744393,580,48032
89744393,89745720,1327,88007
89745720,89746943,1223,67218
89746943,89747481,538,107621
89747481,89748418,937,107520
89748418,89749722,1304,48362
89749722,89750687,965,166433
89750687,89751598,911,122944
89751598,89752734,1136,126221
89752734,89753735,1001,105574
89753735,89754268,533,10347
89754268,89755444,1176,156154
89755444,89756422,978,127703
89756422,89756741,319,130504
89756741,89757934,1193,39913
89757934,89759220,1286,123506
89759220,89760120,900,90850
89760120,89761076,956,124439
89761076,89762294,1218,109176
89762294,89763521,1227,270778
89763521,89763782,261,140931
89763782,89765043,1261,101854
89765043,89766147,1104,181961
89766147,89767391,1244,153309
89767391,89767872,481,187466
89767872,89768803,931,282926
89768803,89769774,971,157236
89769774,89770315,541,26951
89770315,89771498,1183,131256
89771498,89772741,1243,129583
89772741,89774018,1277,132537
89774018,89775129,1111,143271
89775129,89775318,189,89898
89775318,89776260,942,93277
89776260,89777494,1234,165428
89777494,89778071,577,130588
89778071,89779237,1166,147159
89779237,89780420,1183,64956
89780420,89781499,1079,1119
89781499,89782696,1197,161707
89782696,89783908,1212,39475
89783908,89785070,1162,296467
89785070,89786238,1168,130125
89786238,89787287,1049,80665
89787287,89788522,1235,139612
89788522,89789618,1096,138043
89789618,89790781,1163,36641
89790781,89791880,1099,107517
89791880,89793082,1202,170977
89793082,89793859,777,10328
89793859,89794914,1055,142750
89794914,89796173,1259,15081
89796173,89797433,1260,170453
89797433,89798012,579,285135
89798012,89799017,1005,164187
89799017,89800205,1188,166433
89800205,89801415,1210,132777
89801415,89802478,1063,15307
89802478,89803742,1264,127936
89803742,89804969,1227,170956
89804969,89806018,1049,258954
89806018,89806955,937,281187
89806955,89808154,1199,185436
89808154,89809107,953,108066
89809107,89810398,1291,123271
89810398,89811139,741,284424
89811139,89812332,1193,144135
89812332,89813417,1085,79973
89813417,89813827,410,280380
89813827,89814633,806,216567
89814633,89815106,473,160187
89815106,89815376,270,156224
89815376,89816672,1296,121024
89816672,89817941,1269,8157
89817941,89818452,511,132717
89818452,89819555,1103,111961
89819555,89820648,1093,75939
89820648,89821687,1039,108640
89821687,89822768,1081,124221
89822768,89823605,837,163402
89823605,89824817,1212,71404
89824817,89826184,1367,10347
89826184,89827244,1060,149939
89827244,89827449,205,274374
89827449,89828682,1233,362
89828682,89829762,1080,128331
89829762,89830519,757,32856
89830519,89831087,568,6557
89831087,89832032,945,122451
89832032,89832570,538,46889
89832570,89833690,1120,105398
89833690,89834971,1281,131722
89834971,89836038,1067,301693
89836038,89837029,991,85684
89837029,89838294,1265,132800
89838294,89839049,755,279856
89839049,89839374,325,46890
89839374,89840645,1271,3961
89840645,89841107,462,281188
89841107,89842236,1129,395
89842236,89842869,633,150715
89842869,89843077,208,76974
89843077,89844157,1080,121671
89844157,89845320,1163,132530
89845320,89846487,1167,132717
89846487,89847703,1216,278220
89847703,89848822,1119,96672
89848822,89849991,1169,296159
89849991,89851146,1155,139387
89851146,89852232,1086,285896
89852232,89853257,1025,81858
89853257,89854422,1165,17942
89854422,89855380,958,129011
89855380,89856395,1015,142896
89856395,89857600,1205,51162
89857600,89858711,1111,134785
89858711,89859939,1228,290901
89859939,89860492,553,59268
89860492,89861657,1165,89735
89861657,89862047,390,170951
89862047,89863218,1171,63095
89863218,89864485,1267,142824
89864485,89865678,1193,2777
89865678,89866728,1050,43306
89866728,89867825,1097,88086
89867825,89869068,1243,149939
89869068,89870055,987,168198
89870055,89871222,1167,135894
89871222,89872365,1143,129066
89872365,89873597,1232,104606
89873597,89873789,192,162239
89873789,89874871,1082,105179
89874871,89875458,587,156981
89875458,89875761,303,160188
89875761,89876863,1102,9010
89876863,89877979,1116,105398
89877979,89878682,703,48032
89878682,89879746,1064,4158
89879746,89880690,944,20023
89880690,89881698,1008,132272
89881698,89882864,1166,69607
89882864,89883433,569,154284
89883433,89884367,934,122544
89884367,89885390,1023,135892
89885390,89886308,918,183988
89886308,89887072,764,142311
89887072,89888322,1250,87280
89888322,89889585,1263,286306
89889585,89890720,1135,10702
89890720,89891257,537,138888
89891257,89892001,744,174992
89892001,89893067,1066,145083
89893067,89893803,736,108066
89893803,89895026,1223,47030
89895026,89896003,977,143895
89896003,89897077,1074,121024
89897077,89898370,1293,157236
89898370,89899607,1237,145145
89899607,89900807,1200,129623
89900807,89902056,1249,4654
89902056,89903269,1213,129011
89903269,89904461,1192,124994
89904461,89904998,537,105673
89904998,89906139,1141,39971
89906139,89907147,1008,172156
89907147,89908222,1075,133442
89908222,89909501,1279,170977
89909501,89910833,1332,138548
89910833,89912007,1174,231834
89912007,89913025,1018,157236
89913025,89914188,1163,135221
89914188,89915342,1154,152224
89915342,89916424,1082,11533
89916424,89917451,1027,39515
89917451,89918680,1229,10642
89918680,89919301,621,291953
89919301,89920522,1221,96498
89920522,89921769,1247,8927
89921769,89922990,1221,18006
89922990,89924110,1120,6171
89924110,89925264,1154,134785
89925264,89926526,1262,31603
89926526,89927779,1253,104888
89927779,89928221,442,123500
89928221,89929265,1044,133393
89929265,89930354,1089,270777
89930354,89931528,1174,258960
89931528,89932443,915,130533
89932443,89933539,1096,37090
89933539,89934535,996,109656
89934535,89934929,394,31629
89934929,89936129,1200,126965
89936129,89937243,1114,136483
89937243,89938434,1191,126539
89938434,89939531,1097,73024
89939531,89940780,1249,292604
89940780,89941497,717,153733
89941497,89942646,1149,74477
89942646,89943712,1066,47239
89943712,89944798,1086,12544
89944798,89945994,1196,92915
89945994,89947134,1140,124221
89947134,89948051,917,292347
89948051,89948615,564,107621
89948615,89949725,1110,148993
89949725,89950934,1209,70843
89950934,89951484,550,130105
89951484,89952509,1025,135635
89952509,89953731,1222,177641
89953731,89954938,1207,156015
89954938,89955462,524,130103
89955462,89956761,1299,182389
89956761,89957954,1193,132718
89957954,89959118,1164,5703
89959118,89960055,937,12895
89960055,89960223,168,13250
89960223,89961359,1136,160958
89961359,89962416,1057,275127
89962416,89963587,1171,95870
89963587,89964830,1243,57831
89964830,89965851,1021,134170
89965851,89967039,1188,39501
89967039,89968152,1113,164100
89968152,89969293,1141,163612
89969293,89969669,376,25766
89969669,89970825,1156,6525
89970825,89971855,1030,92814
89971855,89973021,1166,58192
89973021,89974246,1225,304535
89974246,89974565,319,69607
89974565,89975660,1095,39476
89975660,89976800,1140,292252
89976800,89977451,651,65554
89977451,89978682,1231,104888
89978682,89979959,1277,51162
89979959,89980153,194,84448
89980153,89981294,1141,126233
89981294,89982266,972,39501
89982266,89982457,191,140040
89982457,89983450,993,135221
89983450,89983972,522,300047
89983972,89984821,849,128136
89984821,89985824,1003,133224
89985824,89987042,1218,153964
89987042,89988322,1280,89735
89988322,89988656,334,284434
89988656,89988868,212,5417
89988868,89989315,447,56574
89989315,89989687,372,61323
89989687,89990581,894,8674
89990581,89991305,724,274549
89991305,89992553,1248,24516
89992553,89993559,1006,132484
89993559,89994619,1060,123715
89994619,89995469,850,132644
89995469,89995910,441,138032
89995910,89997040,1130,121415
89997040,89998297,1257,112056
89998297,89999474,1177,295445
89999474,90000489,1015,52088
90000489,90001726,1237,56777
90001726,90002913,1187,139387
90002913,90003243,330,287358
90003243,90004338,1095,107517
90004338,90005555,1217,122828
90005555,90006426,871,148521
90006426,90007496,1070,70843
90007496,90008436,940,121024
90008436,90009574,1138,56179
90009574,90010201,627,141713
90010201,90010758,557,156718
90010758,90011515,757,232057
90011515,90012587,1072,26558
90012587,90013393,806,125123
90013393,90014454,1061,39475
90014454,90015495,1041,105167
90015495,90016124,629,1539
90016124,90017313,1189,3966
90017313,90018494,1181,139387
90018494,90019161,667,291168
90019161,90020408,1247,130900
90020408,90021639,1231,98644
90021639,90022885,1246,112012
90022885,90024111,1226,132101
90024111,90024532,421,128677
90024532,90025283,751,130989
90025283,90026388,1105,123507
90026388,90027347,959,108620
90027347,90028602,1255,171107
90028602,90028995,393,59175
90028995,90030092,1097,20410
90030092,90031128,1036,39616
90031128,90031648,520,67147
90031648,90032957,1309,304541
90032957,90034301,1344,39910
90034301,90035327,1026,108620
90035327,90036543,1216,73972
90036543,90037381,838,25951
90037381,90038449,1068,159227
90038449,90039112,663,178450
90039112,90040296,1184,132499
90040296,90041470,1174,10327
90041470,90042227,757,163380
90042227,90043320,1093,87280
90043320,90044511,1191,149738
90044511,90045622,1111,135020
90045622,90046625,1003,135832
90046625,90047320,695,105394
90047320,90048417,1097,71405
90048417,90049553,1136,86732
90049553,90050678,1125,16632
90050678,90051870,1192,68358
90051870,90052299,429,41166
90052299,90053556,1257,90850
90053556,90054685,1129,9010
90054685,90055618,933,32137
90055618,90056753,1135,58776
90056753,90057918,1165,24732
90057918,90058153,235,89388
90058153,90059354,1201,138290
90059354,90060578,1224,128310
90060578,90061908,1330,19373
90061908,90063059,1151,101836
90063059,90063335,276,147159
90063335,90064686,1351,128660
90064686,90065743,1057,122789
90065743,90066624,881,143483
90066624,90067954,1330,101289
90067954,90069102,1148,88484
90069102,90070282,1180,160952
90070282,90071549,1267,134425
90071549,90072323,774,12707
90072323,90072812,489,5083
90072812,90073939,1127,258283
90073939,90075016,1077,282406
90075016,90076185,1169,294551
90076185,90077228,1043,4861
90077228,90077429,201,48362
90077429,90078550,1121,56175
90078550,90079719,1169,128345
90079719,90080596,877,155948
90080596,90081306,710,64588
90081306,90082503,1197,168497
90082503,90083484,981,29091
90083484,90083881,397,143262
90083881,90084742,861,24514
90084742,90085785,1043,300343
90085785,90086904,1119,168497
90086904,90088091,1187,681
90088091,90088893,802,136861
90088893,90089936,1043,121079
90089936,90090432,496,32637
90090432,90091700,1268,234100
90091700,90092843,1143,124547
90092843,90093736,893,126945
90093736,90095075,1339,66016
90095075,90096306,1231,135657
90096306,90097405,1099,66176
90097405,90098604,1199,80192
90098604,90098748,144,153733
90098748,90099826,1078,143005
90099826,90100951,1125,39475
90100951,90102150,1199,14358
90102150,90103172,1022,14960
90103172,90104312,1140,12898
90104312,90105469,1157,39749
90105469,90106545,1076,7944
90106545,90107740,1195,83708
90107740,90108620,880,68344
90108620,90109132,512,86043
90109132,90110301,1169,139681
90110301,90111412,1111,164100
90111412,90112554,1142,57154
90112554,90112663,109,101580
90112663,90112839,176,134717
90112839,90113846,1007,32139
90113846,90114079,233,132717
90114079,90115296,1217,121891
90115296,90115795,499,83616
90115795,90117046,1251,758
90117046,90118115,1069,292604
90118115,90118862,747,39476
90118862,90119772,910,274374
90119772,90120236,464,156977
90120236,90120689,453,20023
90120689,90121878,1189,114469
90121878,90123080,1202,83633
90123080,90123912,832,124990
90123912,90125156,1244,92420
90125156,90126423,1267,125123
90126423,90127660,1237,91072
90127660,90128769,1109,123285
90128769,90129744,975,107247
90129744,90130910,1166,102232
90130910,90132208,1298,157830
90132208,90133401,1193,276908
90133401,90134630,1229,10327
90134630,90135883,1253,164461
90135883,90137005,1122,159228
90137005,90137302,297,150715
90137302,90138155,853,139797
90138155,90139210,1055,262269
90139210,90140501,1291,67233
90140501,90141792,1291,54006
90141792,90142964,1172,168497
90142964,90143188,224,130184
90143188,90144231,1043,104483
90144231,90145562,1331,108638
90145562,90146751,1189,31668
90146751,90148016,1265,129443
90148016,90149090,1074,13185
90149090,90149516,426,26894
90149516,90150792,1276,105383
90150792,90152064,1272,117095
90152064,90152717,653,5417
90152717,90153853,1136,112057
90153853,90154957,1104,157263
90154957,90156179,1222,398
90156179,90157225,1046,137739
90157225,90158452,1227,178028
90158452,90159621,1169,14958
90159621,90160777,1156,278217
90160777,90161051,274,61776
90161051,90162140,1089,121148
90162140,90163298,1158,109658
90163298,90164508,1210,122806
90164508,90165464,956,4654
90165464,90166619,1155,61781
90166619,90167645,1026,112593
90167645,90168894,1249,147968
90168894,90170029,1135,102381
90170029,90171125,1096,116804
90171125,90172346,1221,156968
90172346,90173514,1168,157400
90173514,90174451,937,127703
90174451,90175190,739,300343
90175190,90176461,1271,115047
90176461,90177699,1238,58025
90177699,90178642,943,75355
90178642,90179353,711,129623
90179353,90180094,741,66176
90180094,90181269,1175,68359
90181269,90182342,1073,134121
90182342,90183530,1188,6557
90183530,90183961,431,8684
90183961,90184486,525,129808
90184486,90185475,989,177234
90185475,90186680,1205,132272
90186680,90187759,1079,284428
90187759,90188981,1222,19132
90188981,90190234,1253,24731
90190234,90191346,1112,48525
90191346,90192441,1095,7944
90192441,90193634,1193,137483
90193634,90194777,1143,158744
90194777,90195712,935,132484
90195712,90196755,1043,181420
90196755,90197917,1162,81881
90197917,90199070,1153,58763
90199070,90199593,523,86683
90199593,90200776,1183,140067
90200776,90201886,1110,130876
90201886,90203036,1150,10801
90203036,90204269,1233,137628
90204269,90205428,1159,134451
90205428,90205687,259,12471
90205687,90206878,1191,142279
90206878,90207993,1115,125084
90207993,90208266,273,135580
90208266,90209390,1124,3961
90209390,90210734,1344,25563
90210734,90211592,858,127732
90211592,90212931,1339,17615
90212931,90214235,1304,156474
90214235,90215378,1143,1562
90215378,90216573,1195,41151
90216573,90217735,1162,100045
90217735,90218090,355,48377
90218090,90219109,1019,133424
90219109,90220337,1228,178449
90220337,90220643,306,1189
90220643,90221126,483,296473
90221126,90221280,154,124164
90221280,90222560,1280,48513
90222560,90223567,1007,54666
90223567,90224826,1259,291107
90224826,90225246,420,130093
90225246,90226498,1252,157857
90226498,90227635,1137,11528
90227635,90228731,1096,159228
90228731,90230082,1351,259009
90230082,90231247,1165,157243
90231247,90232283,1036,63841
90232283,90233583,1300,130492
90233583,90234715,1132,43306
90234715,90235915,1200,285314
90235915,90236778,863,171138
90236778,90237933,1155,1562
90237933,90239248,1315,294690
90239248,90240511,1263,54659
90240511,90241650,1139,121760
90241650,90241999,349,186230
90241999,90242731,732,157400
90242731,90244037,1306,55927
90244037,90245185,1148,116805
90245185,90246360,1175,81881
90246360,90247383,1023,44937
90247383,90248024,641,7943
90248024,90249019,995,49755
90249019,90249229,210,70843
90249229,90250465,1236,121674
90250465,90251712,1247,32856
90251712,90252973,1261,135229
90252973,90253305,332,140040
90253305,90254233,928,79973
90254233,90255418,1185,131882
90255418,90256682,1264,13185
90256682,90257859,1177,26520
90257859,90258038,179,48579
90258038,90259290,1252,135216
90259290,90260407,1117,14653
90260407,90261619,1212,108620
90261619,90262703,1084,10673
90262703,90263844,1141,39971
90263844,90264929,1085,132568
90264929,90266083,1154,287660
90266083,90266778,695,12332
90266778,90268086,1308,162130
90268086,90269260,1174,141268
90269260,90270334,1074,174992
90270334,90271581,1247,36633
90271581,90272369,788,187466
90272369,90273480,1111,1188
90273480,90274628,1148,122825
90274628,90275272,644,12471
90275272,90276396,1124,133273
90276396,90276644,248,56174
90276644,90277752,1108,144503
90277752,90278837,1085,301693
90278837,90280037,1200,131276
90280037,90281303,1266,70843
90281303,90281498,195,302111
90281498,90282236,738,85685
90282236,90283047,811,141135
90283047,90284028,981,185126
90284028,90285356,1328,296473
90285356,90286424,1068,124526
90286424,90287607,1183,10172
90287607,90288881,1274,124164
90288881,90290040,1159,276939
90290040,90290350,310,220951
90290350,90291605,1255,13256
90291605,90292829,1224,12471
90292829,90294071,1242,177234
90294071,90295244,1173,131899
90295244,90295828,584,163402
90295828,90297051,1223,128990
90297051,90298369,1318,62347
90298369,90299600,1231,126826
90299600,90300771,1171,304535
90300771,90301878,1107,53342
90301878,90302881,1003,9210
90302881,90304134,1253,232057
90304134,90305365,1231,29101
90305365,90306584,1219,123215
90306584,90307055,471,39910
90307055,90307972,917,212
90307972,90309185,1213,98878
90309185,90310444,1259,41933
90310444,90311579,1135,127703
90311579,90312618,1039,84448
90312618,90313556,938,157054
90313556,90314564,1008,98644
90314564,90315743,1179,169293
90315743,90316795,1052,11546
90316795,90318034,1239,157236
90318034,90319073,1039,27504
90319073,90319642,569,86043
90319642,90320861,1219,149798
90320861,90321214,353,13270
90321214,90322459,1245,123715
90322459,90323447,988,135022
90323447,90324676,1229,12898
90324676,90325571,895,155949
90325571,90326622,1051,67860
90326622,90327785,1163,134119
90327785,90328341,556,126965
90328341,90328932,591,6398
90328932,90330230,1298,157859
90330230,90331475,1245,142363
90331475,90332593,1118,138115
90332593,90332983,390,169291
90332983,90333988,1005,167022
90333988,90334527,539,108620
90334527,90335879,1352,148550
90335879,90337076,1197,182402
90337076,90338216,1140,157858
90338216,90339478,1262,6397
90339478,90340598,1120,146346
90340598,90341506,908,14274
90341506,90342756,1250,138045
90342756,90343436,680,287671
90343436,90344582,1146,4861
90344582,90345389,807,128145
90345389,90346629,1240,148312
90346629,90347236,607,139307
90347236,90347999,763,143321
90347999,90349128,1129,234106
90349128,90349314,186,135762
90349314,90349824,510,123025
90349824,90350349,525,174992
90350349,90351554,1205,126220
90351554,90352654,1100,112592
90352654,90353933,1279,142824
90353933,90355200,1267,36956
90355200,90355501,301,131030
90355501,90356230,729,126410
90356230,90357327,1097,165702
90357327,90358605,1278,133447
90358605,90359669,1064,87547
90359669,90360924,1255,8675
90360924,90362190,1266,138290
90362190,90363233,1043,105673
90363233,90363952,719,132707
90363952,90365187,1235,90852
90365187,90366504,1317,136271
90366504,90367366,862,138656
90367366,90368449,1083,139404
90368449,90368663,214,149739
90368663,90369554,891,144019
90369554,90370735,1181,366
90370735,90370988,253,132891
90370988,90371185,197,160187
90371185,90372368,1183,132272
90372368,90373680,1312,132707
90373680,90374379,699,138032
90374379,90375055,676,121085
90375055,90376210,1155,97610
90376210,90377489,1279,12731
90377489,90378569,1080,129659
90378569,90378966,397,14936
90378966,90379623,657,294551
90379623,90380114,491,72200
90380114,90381389,1275,6541
90381389,90382669,1280,138042
90382669,90383856,1187,291718
90383856,90384941,1085,279239
90384941,90386178,1237,130876
90386178,90387475,1297,233342
90387475,90388564,1089,292253
90388564,90389855,1291,699
90389855,90390116,261,123215
90390116,90391310,1194,134170
90391310,90392597,1287,86039
90392597,90393153,556,11612
90393153,90394281,1128,74477
90394281,90395492,1211,14677
90395492,90396463,971,126826
90396463,90397588,1125,156968
90397588,90398650,1062,5417
90398650,90399845,1195,6556
90399845,90401098,1253,31091
90401098,90402245,1147,5703
90402245,90402545,300,66470
90402545,90403363,818,157857
90403363,90404552,1189,63713
90404552,90405477,925,105002
90405477,90406668,1191,62516
90406668,90407724,1056,92934
90407724,90408856,1132,68192
90408856,90409836,980,5083
90409836,90410456,620,130878
90410456,90411589,1133,252342
90411589,90412728,1139,216570
90412728,90413970,1242,131735
90413970,90415078,1108,19366
90415078,90416058,980,245687
90416058,90417119,1061,280250
90417119,90418290,1171,78885
90418290,90419545,1255,1120
90419545,90420728,1183,63885
90420728,90421815,1087,83708
90421815,90422748,933,175390
90422748,90423860,1112,35921
90423860,90425014,1154,132882
90425014,90426292,1278,57154
90426292,90427511,1219,56837
90427511,90428619,1108,129388
90428619,90429900,1281,126928
90429900,90430883,983,94523
90430883,90431650,767,134120
90431650,90432939,1289,167022
90432939,90434209,1270,117384
90434209,90435266,1057,13248
90435266,90435493,227,76044
90435493,90436691,1198,68192
90436691,90437115,424,12723
90437115,90438224,1109,121661
90438224,90439374,1150,70998
90439374,90440609,1235,183988
90440609,90441598,989,131004
90441598,90441958,360,48377
90441958,90442378,420,43306
90442378,90443450,1072,126861
90443450,90444524,1074,132705
90444524,90445484,960,92420
90445484,90446695,1211,233382
90446695,90447939,1244,19366
90447939,90448949,1010,129011
90448949,90449791,842,157644
90449791,90450939,1148,68762
90450939,90452005,1066,58763
90452005,90453213,1208,160187
90453213,90454157,944,271811
90454157,90455396,1239,92002
90455396,90455580,184,157242
90455580,90456048,468,139009
90456048,90457317,1269,39475
90457317,90458541,1224,6557
90458541,90459862,1321,282386
90459862,90460421,559,58137
90460421,90461660,1239,117382
90461660,90462832,1172,48513
90462832,90463413,581,123284
90463413,90464713,1300,143477
90464713,90465799,1086,14358
90465799,90466688,889,61316
90466688,90467653,965,4145
90467653,90468986,1333,1189
90468986,90469762,776,158081
90469762,90471021,1259,104890
90471021,90471528,507,166436
90471528,90472358,830,112011
90472358,90473518,1160,115687
90473518,90474662,1144,131732
90474662,90475309,647,22178
90475309,90475678,369,149738
90475678,90476830,1152,41151
90476830,90477751,921,31629
90477751,90478884,1133,121080
90478884,90479879,995,44912
90479879,90480973,1094,283462
90480973,90482240,1267,36146
90482240,90482525,285,30106
90482525,90483006,481,160592
90483006,90483974,968,139612
90483974,90484379,405,281132
90484379,90485469,1090,111574
90485469,90486568,1099,132882
90486568,90486749,181,135020
90486749,90487944,1195,123506
90487944,90489173,1229,128240
90489173,90490292,1119,187018
90490292,90490764,472,46889
90490764,90492031,1267,117382
90492031,90493210,1179,156154
90493210,90494370,1160,64974
90494370,90495588,1218,178748
90495588,90496752,1164,138113
90496752,90497161,409,65554
90497161,90497465,304,135249
90497465,90498538,1073,290901
90498538,90499774,1236,84357
90499774,90501009,1235,121541
90501009,90502187,1178,88086
90502187,90503102,915,300225
90503102,90504288,1186,157054
90504288,90505140,852,142744
90505140,90506145,1005,44912
90506145,90507016,871,28868
90507016,90508111,1095,126829
90508111,90508836,725,132499
90508836,90510116,1280,139612
90510116,90511179,1063,99122
90511179,90511434,255,152282
90511434,90511730,296,105171
90511730,90513016,1286,133834
90513016,90514136,1120,138656
90514136,90515297,1161,130870
90515297,90516487,1190,66464
90516487,90517260,773,39761
90517260,90518514,1254,133393
90518514,90519768,1254,155152
90519768,90520879,1111,300208
90520879,90521012,133,6506
90521012,90521582,570,138033
90521582,90522738,1156,158816
90522738,90523916,1178,67858
90523916,90524791,875,170452
90524791,90525839,1048,135216
90525839,90526986,1147,301694
90526986,90528252,1266,290361
90528252,90528459,207,282934
90528459,90529706,1247,129597
90529706,90529939,233,11734
90529939,90530051,112,129396
90530051,90530950,899,129581
90530950,90531686,736,284435
90531686,90532841,1155,121730
90532841,90533923,1082,151776
90533923,90534964,1041,86043
90534964,90536246,1282,54006
90536246,90537521,1275,6171
90537521,90538431,910,86804
90538431,90538894,463,153731
90538894,90539851,957,126313
90539851,90540285,434,134786
90540285,90541303,1018,139307
90541303,90542469,1166,2301
90542469,90543562,1093,101854
90543562,90544836,1274,13269
90544836,90546096,1260,283228
90546096,90547333,1237,143307
90547333,90548637,1304,281472
90548637,90549800,1163,123163
90549800,90550990,1190,133393
90550990,90552057,1067,178030
90552057,90553320,1263,156154
90553320,90554561,1241,128138
90554561,90554858,297,130127
90554858,90555824,966,67858
90555824,90557175,1351,126842
90557175,90558308,1133,288044
90558308,90558503,195,147159
90558503,90559706,1203,11079
90559706,90560829,1123,126945
90560829,90562036,1207,25766
90562036,90563049,1013,124549
90563049,90564181,1132,130727
90564181,90565341,1160,167024
90565341,90565948,607,294114
90565948,90567206,1258,144135
90567206,90568409,1203,108620
90568409,90569130,721,58845
90569130,90570155,1025,61356
90570155,90571350,1195,292252
90571350,90572599,1249,7894
90572599,90573440,841,168500
90573440,90574603,1163,185457
90574603,90575824,1221,132272
90575824,90576930,1106,147970
90576930,90578093,1163,131106
90578093,90579320,1227,28247
90579320,90580485,1165,63841
90580485,90581545,1060,258960
90581545,90582573,1028,155972
90582573,90583600,1027,129581
90583600,90584885,1285,26947
90584885,90586068,1183,67858
90586068,90586795,727,114476
90586795,90587918,1123,141242
90587918,90588619,701,269254
90588619,90589914,1295,37090
90589914,90591246,1332,254918
90591246,90592343,1097,164188
90592343,90593282,939,121720
90593282,90594487,1205,70756
90594487,90595065,578,122806
90595065,90596087,1022,131735
90596087,90597364,1277,6525
90597364,90598644,1280,133220
90598644,90599523,879,132499
90599523,90600455,932,112011
90600455,90601618,1163,59175
90601618,90602637,1019,48362
90602637,90603575,938,175448
90603575,90604752,1177,13270
90604752,90605903,1151,44577
90605903,90607164,1261,178449
90607164,90608514,1350,104717
90608514,90609595,1081,130296
90609595,90610863,1268,87791
90610863,90612057,1194,44582
90612057,90612833,776,143361
90612833,90613774,941,122451
90613774,90614889,1115,156973
90614889,90615286,397,6557
90615286,90616537,1251,117382
90616537,90617819,1282,136863
90617819,90618934,1115,72200
90618934,90619707,773,134830
90619707,90620918,1211,104979
90620918,90622031,1113,86732
90622031,90622902,871,185485
90622902,90624012,1110,67233
90624012,90625215,1203,124549
90625215,90626353,1138,131030
90626353,90627582,1229,147159
90627582,90628478,896,133224
90628478,90629770,1292,121902
90629770,90631069,1299,43322
90631069,90632347,1278,149880
90632347,90633477,1130,129064
90633477,90634718,1241,143893
90634718,90635877,1159,138043
90635877,90636947,1070,87280
90636947,90637271,324,145703
90637271,90638532,1261,163384
90638532,90639734,1202,160438
90639734,90640352,618,92805
90640352,90641551,1199,295445
90641551,90642698,1147,151776
90642698,90643838,1140,11254
90643838,90645061,1223,244431
90645061,90646264,1203,278228
90646264,90646968,704,268287
90646968,90647989,1021,83708
90647989,90648840,851,129623
90648840,90650060,1220,123283
90650060,90651160,1100,81843
90651160,90651447,287,10172
90651447,90651968,521,96672
90651968,90653205,1237,155520
90653205,90654292,1087,6397
90654292,90655468,1176,170453
90655468,90656768,1300,133220
90656768,90657423,655,171138
90657423,90658691,1268,232691
90658691,90659738,1047,148962
90659738,90660811,1073,150915
90660811,90662141,1330,23281
90662141,90662423,282,56777
90662423,90662748,325,284428
90662748,90663734,986,12926
90663734,90664937,1203,39475
90664937,90666017,1080,170956
90666017,90666859,842,87280
90666859,90668151,1292,12103
90668151,90669193,1042,75807
90669193,90670451,1258,69607
90670451,90671684,1233,68192
90671684,90672666,982,178449
90672666,90673864,1198,259009
90673864,90674615,751,19376
90674615,90675191,576,138033
90675191,90676458,1267,3961
90676458,90677625,1167,291384
90677625,90678848,1223,142363
90678848,90680063,1215,89735
90680063,90680924,861,92820
90680924,90682166,1242,23311
90682166,90682735,569,160187
90682735,90683223,488,73712
90683223,90683902,679,122863
90683902,90685007,1105,107517
90685007,90685791,784,34478
90685791,90686813,1022,282386
90686813,90687838,1025,61422
90687838,90689055,1217,5704
90689055,90690095,1040,4275
90690095,90691148,1053,366
90691148,90692296,1148,113273
90692296,90693343,1047,26553
90693343,90694018,675,147968
90694018,90695235,1217,137106
90695235,90696472,1237,140639
90696472,90697607,1135,142311
90697607,90698384,777,130227
90698384,90698714,330,290350
90698714,90699982,1268,129325
90699982,90700742,760,121080
90700742,90702015,1273,171138
90702015,90703218,1203,283462
90703218,90704090,872,4690
90704090,90704785,695,135020
90704785,90705938,1153,132300
90705938,90707131,1193,104394
90707131,90708391,1260,129514
90708391,90709389,998,150127
90709389,90710448,1059,84357
90710448,90711693,1245,68358
90711693,90712308,615,69412
90712308,90713019,711,139035
90713019,90714178,1159,230928
90714178,90715215,1037,132499
90715215,90715739,524,290901
90715739,90716988,1249,890
90716988,90718222,1234,133263
90718222,90719401,1179,110238
90719401,90720481,1080,132717
90720481,90720730,249,7235
90720730,90721282,552,279852
90721282,90722253,971,62347
90722253,90723172,919,138032
90723172,90724398,1226,161972
90724398,90725646,1248,183239
90725646,90726936,1290,131295
90726936,90727922,986,293963
90727922,90729108,1186,126220
90729108,90729942,834,58868
90729942,90731181,1239,92427
90731181,90732376,1195,161166
90732376,90733180,804,121127
90733180,90733850,670,14674
90733850,90734847,997,156967
90734847,90735895,1048,185488
90735895,90737092,1197,295756
90737092,90738281,1189,143948
90738281,90739356,1075,144496
90739356,90739916,560,254948
90739916,90740913,997,14526
90740913,90742120,1207,124990
90742120,90743157,1037,284433
90743157,90744286,1129,160958
90744286,90745417,1131,39970
90745417,90746639,1222,862
90746639,90746838,199,149939
90746838,90747888,1050,98645
90747888,90748469,581,157644
90748469,90749605,1136,231836
90749605,90750832,1227,83607
90750832,90752113,1281,246932
90752113,90753158,1045,121080
90753158,90754419,1261,278220
90754419,90755265,846,292348
90755265,90756043,778,9210
90756043,90757268,1225,133424
90757268,90758446,1178,132782
90758446,90759708,1262,5084
90759708,90760764,1056,283138
90760764,90761926,1162,132280
90761926,90762977,1051,160592
90762977,90764047,1070,129582
90764047,90765265,1218,133225
90765265,90766130,865,106366
90766130,90767336,1206,185457
90767336,90768325,989,64588
90768325,90769436,1111,176683
90769436,90770557,1121,56175
90770557,90770779,222,106367
90770779,90771998,1219,134728
90771998,90773045,1047,71402
90773045,90773311,266,18533
90773311,90774498,1187,15304
90774498,90774957,459,3586
90774957,90775736,779,285314
90775736,90776989,1253,137589
90776989,90778055,1066,67851
90778055,90779178,1123,75939
90779178,90780337,1159,30591
90780337,90781079,742,231837
90781079,90781995,916,134717
90781995,90782739,744,4136
90782739,90783928,1189,133471
90783928,90784376,448,6397
90784376,90785661,1285,290923
90785661,90786937,1276,72311
90786937,90788158,1221,73732
90788158,90789342,1184,104986
90789342,90790611,1269,54666
90790611,90791790,1179,150855
90791790,90792825,1035,8684
90792825,90793924,1099,92812
90793924,90794686,762,26982
90794686,90795700,1014,122789
90795700,90796802,1102,127597
90796802,90797883,1081,163507
90797883,90799120,1237,12332
90799120,90800314,1194,159230
90800314,90801385,1071,124368
90801385,90801663,278,104979
90801663,90802594,931,67860
90802594,90803655,1061,187005
90803655,90804838,1183,143895
90804838,90805397,559,61356
90805397,90806561,1164,101258
90806561,90807721,1160,86045
90807721,90808942,1221,281471
90808942,90810075,1133,282406
90810075,90811159,1084,112012
90811159,90812401,1242,141148
90812401,90813448,1047,2327
90813448,90814712,1264,136280
90814712,90815874,1162,127597
90815874,90816345,471,116804
90816345,90817570,1225,254948
90817570,90818830,1260,129443
90818830,90820038,1208,129396
90820038,90821231,1193,5757
90821231,90822340,1109,184447
90822340,90823640,1300,109185
90823640,90824881,1241,117382
90824881,90826088,1207,135824
90826088,90827271,1183,258978
90827271,90828011,740,70843
90828011,90828918,907,121413
90828918,90829195,277,146437
90829195,90829785,590,132891
90829785,90830974,1189,39660
90830974,90832258,1284,142318
90832258,90833352,1094,135022
90833352,90834549,1197,138901
90834549,90835668,1119,98644
90835668,90836756,1088,286306
90836756,90837895,1139,70843
90837895,90839046,1151,110706
90839046,90840367,1321,126209
90840367,90841331,964,57154
90841331,90842502,1171,5710
90842502,90843765,1263,134160
90843765,90845029,1264,281188
90845029,90846283,1254,147110
90846283,90847456,1173,90850
90847456,90848616,1160,184266
90848616,90849367,751,132650
90849367,90850102,735,9920
90850102,90850575,473,291718
90850575,90851607,1032,115687
90851607,90852862,1255,890
90852862,90854087,1225,1732
90854087,90854466,379,39661
90854466,90854935,469,72200
90854935,90855990,1055,156720
90855990,90857155,1165,130545
90857155,90858366,1211,49755
90858366,90859585,1219,87766
90859585,90860750,1165,134728
90860750,90861762,1012,126286
90861762,90862965,1203,163612
90862965,90864076,1111,46588
90864076,90865291,1215,152267
90865291,90866101,810,47030
90866101,90867324,1223,130105
90867324,90868401,1077,54487
90868401,90869233,832,54666
90869233,90870524,1291,142320
90870524,90871658,1134,281131
90871658,90872987,1329,138032
90872987,90874157,1170,155520
90874157,90875302,1145,8689
90875302,90876479,1177,125002
90876479,90877484,1005,134312
90877484,90878602,1118,159230
90878602,90879344,742,138548
90879344,90880565,1221,19366
90880565,90881765,1200,160958
90881765,90882968,1203,7894
90882968,90884013,1045,157236
90884013,90884598,585,39481
90884598,90885743,1145,105398
90885743,90886910,1167,151817
90886910,90888183,1273,12895
90888183,90889194,1011,161101
90889194,90890332,1138,231836
90890332,90890638,306,164188
90890638,90891774,1136,127731
90891774,90892375,601,139200
90892375,90893381,1006,129325
90893381,90894380,999,145138
90894380,90894573,193,120281
90894573,90894948,375,284435
90894948,90896134,1186,126209
90896134,90896502,368,62558
90896502,90897358,856,116797
90897358,90898538,1180,276908
90898538,90899457,919,139361
90899457,90900415,958,48361
90900415,90901605,1190,231837
90901605,90902743,1138,395
90902743,90903997,1254,134434
90903997,90905160,1163,259009
90905160,90906307,1147,139009
90906307,90906701,394,258262
90906701,90907999,1298,141613
90907999,90909044,1045,122806
90909044,90909734,690,122801
90909734,90910979,1245,109176
90910979,90911989,1010,98645
90911989,90913271,1282,36641
90913271,90914207,936,110706
90914207,90915462,1255,127595
90915462,90916255,793,157475
90916255,90917438,1183,157857
90917438,90918665,1227,149880
90918665,90919889,1224,157236
90919889,90920138,249,137628
90920138,90921303,1165,276735
90921303,90922334,1031,144503
90922334,90923609,1275,294523
90923609,90924807,1198,84010
90924807,90925236,429,139710
90925236,90926563,1327,14672
90926563,90927705,1142,135894
90927705,90928725,1020,64292
90928725,90929807,1082,8927
90929807,90930142,335,271812
90930142,90931383,1241,65820
90931383,90932450,1067,124587
90932450,90933121,671,181961
90933121,90934310,1189,258954
90934310,90935265,955,121024
90935265,90936025,760,157857
90936025,90937190,1165,91072
90937190,90938305,1115,139009
90938305,90939518,1213,4275
90939518,90940742,1224,175390
90940742,90941912,1170,122025
90941912,90943156,1244,23295
90943156,90944214,1058,139200
90944214,90945341,1127,122876
90945341,90946620,1279,298549
90946620,90947765,1145,140040
90947765,90948931,1166,294700
90948931,90949201,270,40571
90949201,90950482,1281,161972
90950482,90950761,279,128678
90950761,90951994,1233,5330
90951994,90953075,1081,163322
90953075,90953769,694,86679
90953769,90954561,792,56175
90954561,90955782,1221,61780
90955782,90956791,1009,142363
90956791,90956962,171,121140
90956962,90958279,1317,170438
90958279,90959398,1119,258266
90959398,90960486,1088,8675
90960486,90961625,1139,142363
90961625,90962880,1255,13185
90962880,90964025,1145,295445
90964025,90965216,1191,132707
90965216,90966341,1125,163612
90966341,90966806,465,171133
90966806,90967887,1081,121446
90967887,90969056,1169,127215
90969056,90970139,1083,125127
90970139,90970560,421,6525
90970560,90971683,1123,64738
90971683,90972315,632,187466
90972315,90973476,1161,47238
90973476,90974459,983,174511
90974459,90975612,1153,60800
90975612,90976118,506,94526
90976118,90976843,725,43306
90976843,90977820,977,273050
90977820,90978970,1150,70837
90978970,90980123,1153,293663
90980123,90981239,1116,7591
90981239,90981818,579,160953
90981818,90983009,1191,140067
90983009,90984254,1245,30105
90984254,90985464,1210,3587
90985464,90985707,243,138115
90985707,90986736,1029,41933
90986736,90987949,1213,61421
90987949,90989122,1173,127521
90989122,90990196,1074,86040
90990196,90991395,1199,170453
90991395,90992452,1057,137770
90992452,90993621,1169,284444
90993621,90994724,1103,20410
90994724,90995765,1041,116805
90995765,90997023,1258,170977
90997023,90997514,491,109179
90997514,90998695,1181,110061
90998695,90999246,551,136458
90999246,91000479,1233,127525
91000479,91001514,1035,6398
91001514,91002720,1206,352
91002720,91003790,1070,134728
91003790,91004378,588,117384
91004378,91004687,309,102240
91004687,91005881,1194,110742
91005881,91007129,1248,71402
91007129,91008363,1234,19208
91008363,91009410,1047,121446
91009410,91010262,852,54487
91010262,91011472,1210,296473
91011472,91012584,1112,126208
91012584,91013725,1141,126209
91013725,91014360,635,144999
91014360,91014809,449,6525
91014809,91016000,1191,132300
91016000,91016918,918,287671
91016918,91018115,1197,178149
91018115,91019372,1257,126737
91019372,91020597,1225,5416
91020597,91021835,1238,112592
91021835,91023092,1257,136458
91023092,91024305,1213,69411
91024305,91025339,1034,55088
91025339,91026600,1261,138486
91026600,91027001,401,4687
91027001,91027463,462,143625
91027463,91028125,662,132891
91028125,91028966,841,39970
91028966,91030068,1102,157236
91030068,91030347,279,134728
91030347,91031318,971,143005
91031318,91032428,1110,101289
91032428,91033086,658,101283
91033086,91034184,1098,32135
91034184,91035434,1250,161100
91035434,91036572,1138,10327
91036572,91037481,909,134312
91037481,91038742,1261,48830
91038742,91039830,1088,73958
91039830,91041079,1249,282386
91041079,91042232,1153,138290
91042232,91043434,1202,158816
91043434,91044542,1108,287357
91044542,91045620,1078,133273
91045620,91046844,1224,160952
91046844,91047999,1155,159228
91047999,91049163,1164,131742
91049163,91050404,1241,136863
91050404,91051062,658,109180
91051062,91052332,1270,139336
91052332,91053481,1149,14958
91053481,91054776,1295,125123
91054776,91056004,1228,134785
91056004,91056807,803,24515
91056807,91058002,1195,111754
91058002,91059039,1037,96168
91059039,91060289,1250,12332
91060289,91061379,1090,109179
91061379,91061804,425,130494
91061804,91063010,1206,177638
91063010,91063710,700,279153
91063710,91065506,1796,85685
91065506,91066769,1263,304535
91066769,91067996,1227,26947
91067996,91069203,1207,66347
91069203,91070056,853,287659
91070056,91071407,1351,156720
91071407,91072424,1017,74477
91072424,91073588,1164,281131
91073588,91074645,1057,57154
91074645,91075330,685,124439
91075330,91076617,1287,125147
91076617,91077721,1104,126842
91077721,91078821,1100,106611
91078821,91079551,730,56574
91079551,91080418,867,6398
91080418,91081653,1235,29108
91081653,91082803,1150,246889
91082803,91083854,1051,61316
91083854,91084166,312,82904
91084166,91085153,987,92805
91085153,91086520,1367,7741
91086520,91087609,1089,1732
91087609,91088131,522,291608
91088131,91088475,344,133211
91088475,91089635,1160,102250
91089635,91090862,1227,86741
91090862,91092044,1182,56837
91092044,91093112,1068,252341
91093112,91093627,515,258986
91093627,91093844,217,291101
91093844,91094874,1030,4690
91094874,91095424,550,125945
91095424,91096610,1186,110128
91096610,91097739,1129,58845
91097739,91099052,1313,134420
91099052,91099701,649,14929
91099701,91100301,600,16802
91100301,91101514,1213,127537
91101514,91102754,1240,92812
91102754,91103851,1097,216570
91103851,91104534,683,47032
91104534,91105512,978,301693
91105512,91106667,1155,46712
91106667,91107889,1222,129440
91107889,91108996,1107,41151
91108996,91109750,754,37090
91109750,91110985,1235,144135
91110985,91112083,1098,143264
91112083,91113255,1172,39971
91113255,91114381,1126,186230
91114381,91115632,1251,129805
91115632,91116886,1254,130184
91116886,91117645,759,137154
91117645,91118054,409,128991
91118054,91118585,531,86765
91118585,91119797,1212,7793
91119797,91120997,1200,147193
91120997,91122011,1014,231838
91122011,91123088,1077,10172
91123088,91124226,1138,72876
91124226,91125028,802,80656
91125028,91126055,1027,66185
91126055,91127337,1282,143895
91127337,91127579,242,32137
91127579,91128148,569,141819
91128148,91129026,878,103120
91129026,91130021,995,143485
91130021,91130954,933,138488
91130954,91132188,1234,129513
91132188,91133380,1192,11079
91133380,91134413,1033,19208
91134413,91135604,1191,115047
91135604,91136907,1303,152224
91136907,91138002,1095,147627
91138002,91139032,1030,279852
91139032,91139838,806,168500
91139838,91141033,1195,132069
91141033,91141730,697,14013
91141730,91142847,1117,110128
91142847,91143834,987,126221
91143834,91144826,992,120318
91144826,91145936,1110,1532
91145936,91146179,243,110522
91146179,91147246,1067,124164
91147246,91148505,1259,131040
91148505,91149782,1277,84010
91149782,91150714,932,16632
91150714,91151891,1177,24515
91151891,91152968,1077,137739
91152968,91154293,1325,96151
91154293,91155415,1122,133220
91155415,91156651,1236,39648
91156651,91157885,1234,133273
91157885,91159147,1262,56175
91159147,91160418,1271,41151
91160418,91161641,1223,10798
91161641,91162696,1055,135894
91162696,91163765,1069,37092
91163765,91165094,1329,112187
91165094,91166282,1188,46890
91166282,91166653,371,8927
91166653,91167117,464,136610
91167117,91167433,316,129396
91167433,91168731,1298,131295
91168731,91169855,1124,46243
91169855,91170899,1044,160187
91170899,91172111,1212,9203
91172111,91173275,1164,139035
91173275,91174194,919,39967
91174194,91175267,1073,147159
91175267,91176331,1064,5084
91176331,91177613,1282,62850
91177613,91178810,1197,153728
91178810,91179884,1074,132821
91179884,91180933,1049,4136
91180933,91182105,1172,129623
91182105,91183320,1215,184264
91183320,91184489,1169,58843
91184489,91185707,1218,109656
91185707,91186666,959,104986
91186666,91187807,1141,101836
91187807,91189016,1209,258283
91189016,91190141,1125,14274
91190141,91191385,1244,10089
91191385,91192603,1218,80656
91192603,91193814,1211,73732
91193814,91194688,874,290351
91194688,91195791,1103,126539
91195791,91196492,701,142824
91196492,91197544,1052,124368
91197544,91198773,1229,10089
91198773,91199541,768,135022
91199541,91200187,646,274375
91200187,91201390,1203,23311
91201390,91201720,330,11612
91201720,91202807,1087,10701
91202807,91203942,1135,102240
91203942,91205165,1223,9174
91205165,91206386,1221,88489
91206386,91206604,218,111961
91206604,91207386,782,129594
91207386,91208513,1127,288044
91208513,91209777,1264,121382
91209777,91210955,1178,270778
91210955,91211492,537,287660
91211492,91211689,197,19376
91211689,91212782,1093,131722
91212782,91213953,1171,76055
91213953,91214429,476,158074
91214429,91215584,1155,121331
91215584,91216003,419,121669
91216003,91217218,1215,123013
91217218,91218464,1246,31603
91218464,91219568,1104,48032
91219568,91220776,1208,177627
91220776,91221851,1075,7574
91221851,91223110,1259,285135
91223110,91224163,1053,61777
91224163,91225268,1105,43322
91225268,91226352,1084,68188
91226352,91227404,1052,62516
91227404,91228510,1106,73848
91228510,91229660,1150,134434
91229660,91230117,457,147971
91230117,91231363,1246,10822
91231363,91231771,408,126965
91231771,91233038,1267,5416
91233038,91234027,989,29110
91234027,91235256,1229,117382
91235256,91236425,1169,293987
91236425,91237381,956,39501
91237381,91238534,1153,155646
91238534,91239528,994,16002
91239528,91240666,1138,137588
91240666,91241881,1215,274549
91241881,91242069,188,108005
91242069,91243156,1087,47239
91243156,91244444,1288,166423
91244444,91245715,1271,150127
91245715,91246742,1027,131732
91246742,91247274,532,160949
91247274,91248509,1235,270778
91248509,91249472,963,73847
91249472,91250683,1211,280380
91250683,91251963,1280,281188
91251963,91252956,993,134636
91252956,91253974,1018,287671
91253974,91254457,483,157236
91254457,91255211,754,38660
91255211,91256459,1248,47541
91256459,91257650,1191,130164
91257650,91258795,1145,118128
91258795,91259749,954,1539
91259749,91260915,1166,124368
91260915,91261306,391,129623
91261306,91262623,1317,86741
91262623,91263320,697,152265
91263320,91264352,1032,72927
91264352,91265603,1251,159371
91265603,91266944,1341,134981
91266944,91267494,550,141235
91267494,91267838,344,132891
91267838,91269150,1312,139612
91269150,91270250,1100,156967
91270250,91270662,412,110520
91270662,91271045,383,138548
91271045,91272370,1325,133447
91272370,91273206,836,122025
91273206,91273865,659,44912
91273865,91274325,460,696
91274325,91275552,1227,295446
91275552,91276729,1177,58137
91276729,91277266,537,85685
91277266,91278520,1254,44577
91278520,91279563,1043,133834
91279563,91280795,1232,129393
91280795,91281957,1162,134420
91281957,91282910,953,107483
91282910,91283919,1009,164100
91283919,91285070,1151,141320
91285070,91285979,909,68358
91285979,91286937,958,157242
91286937,91288116,1179,155948
91288116,91289331,1215,127685
91289331,91290319,988,293963
91290319,91291476,1157,122801
91291476,91292491,1015,108638
91292491,91293082,591,102381
91293082,91294298,1216,157242
91294298,91295553,1255,139741
91295553,91296867,1314,109174
91296867,91297980,1113,122614
91297980,91299238,1258,122443
91299238,91300368,1130,172165
91300368,91301082,714,121449
91301082,91302215,1133,62516
91302215,91303437,1222,134816
91303437,91304700,1263,161975
91304700,91305514,814,126739
91305514,91306718,1204,172165
91306718,91307373,655,295197
91307373,91308591,1218,126842
91308591,91309602,1011,153964
91309602,91310881,1279,144485
91310881,91311706,825,105673
91311706,91312711,1005,127215
91312711,91313972,1261,70756
91313972,91314783,811,31603
91314783,91315397,614,49755
91315397,91315902,505,157857
91315902,91316651,749,1536
91316651,91317448,797,110238
91317448,91318708,1260,89898
91318708,91319541,833,170982
91319541,91320898,1357,28465
91320898,91322113,1215,132568
91322113,91323162,1049,86679
91323162,91324403,1241,80690
91324403,91325468,1065,16632
91325468,91325814,346,2503
91325814,91326949,1135,124549
91326949,91328215,1266,162129
91328215,91329526,1311,21493
91329526,91330581,1055,126480
91330581,91331599,1018,10327
91331599,91332781,1182,278220
91332781,91333164,383,86683
91333164,91334400,1236,58012
91334400,91335432,1032,275147
91335432,91336640,1208,280380
91336640,91337773,1133,118112
91337773,91339037,1264,29108
91339037,91340034,997,141320
91340034,91340220,186,67592
91340220,91341347,1127,138043
91341347,91342486,1139,161707
91342486,91343720,1234,134420
91343720,91344926,1206,274378
91344926,91345397,471,700
91345397,91346696,1299,131030
91346696,91347962,1266,69422
91347962,91349181,1219,132800
91349181,91350357,1176,143005
91350357,91350771,414,129994
91350771,91351775,1004,48032
91351775,91353020,1245,127703
91353020,91354273,1253,28465
91354273,91355162,889,162253
91355162,91356193,1031,138074
91356193,91357238,1045,121331
91357238,91357668,430,48579
91357668,91358601,933,144019
91358601,91359868,1267,88089
91359868,91361061,1193,292252
91361061,91362221,1160,43322
91362221,91362967,746,101262
91362967,91364149,1182,146437
91364149,91365169,1020,43322
91365169,91365991,822,98880
91365991,91366841,850,137618
91366841,91367990,1149,32904
91367990,91369219,1229,47541
91369219,91370406,1187,68188
91370406,91371421,1015,169619
91371421,91372729,1308,27504
91372729,91373006,277,134657
91373006,91374145,1139,146437
91374145,91375375,1230,60801
91375375,91376406,1031,41933
91376406,91377578,1172,60800
91377578,91378497,919,132800
91378497,91379681,1184,181961
91379681,91380860,1179,125140
91380860,91381957,1097,157400
91381957,91383213,1256,124439
91383213,91384193,980,39661
91384193,91385233,1040,8141
91385233,91386494,1261,8689
91386494,91387715,1221,283462
91387715,91388773,1058,129440
91388773,91389757,984,126860
91389757,91391032,1275,61742
91391032,91391977,945,134463
91391977,91392651,674,122467
91392651,91392920,269,110238
91392920,91393265,345,164187
91393265,91394553,1288,135227
91394553,91395625,1072,283462
91395625,91395972,347,156014
91395972,91396989,1017,126577
91396989,91398154,1165,282934
91398154,91399376,1222,285896
91399376,91400218,842,136846
91400218,91401093,875,174511
91401093,91401455,362,125951
91401455,91402552,1097,126832
91402552,91403709,1157,128309
91403709,91404884,1175,138545
91404884,91406019,1135,11528
91406019,91407126,1107,45218
91407126,91407676,550,60801
91407676,91408875,1199,138063
91408875,91410070,1195,123036
91410070,91411257,1187,86741
91411257,91412332,1075,258974
91412332,91413497,1165,89880
91413497,91414572,1075,294697
91414572,91415716,1144,187005
91415716,91416730,1014,63839
91416730,91417814,1084,296473
91417814,91419007,1193,7574
91419007,91420258,1251,185485
91420258,91421396,1138,136846
91421396,91422625,1229,1562
91422625,91423816,1191,4158
91423816,91424936,1120,32904
91424936,91425593,657,134170
91425593,91426840,1247,271812
91426840,91427700,860,6171
91427700,91428414,714,122626
91428414,91429485,1071,282412
91429485,91430762,1277,125123
91430762,91431917,1155,123602
91431917,91432997,1080,48830
91432997,91433558,561,40556
91433558,91434691,1133,144503
91434691,91435986,1295,34478
91435986,91436903,917,77361
91436903,91437936,1033,140222
91437936,91439176,1240,132707
91439176,91440409,1233,165387
91440409,91441700,1291,231834
91441700,91442368,668,140041
91442368,91443603,1235,43321
91443603,91444802,1199,113336
91444802,91445408,606,169293
91445408,91445719,311,121331
91445719,91446978,1259,123197
91446978,91448096,1118,58776
91448096,91448991,895,62347
91448991,91450171,1180,187005
91450171,91450975,804,122944
91450975,91452104,1129,123036
91452104,91453204,1100,126826
91453204,91454028,824,187466
91454028,91455188,1160,160592
91455188,91456459,1271,10089
91456459,91457199,740,95969
91457199,91458189,990,48362
91458189,91459419,1230,170976
91459419,91460600,1181,28465
91460600,91461778,1178,142858
91461778,91462909,1131,216564
91462909,91464171,1262,124439
91464171,91465482,1311,278289
91465482,91466519,1037,101265
91466519,91467541,1022,122441
91467541,91468791,1250,352
91468791,91470004,1213,300234
91470004,91470903,899,73961
91470903,91472182,1279,13250
91472182,91473242,1060,126600
91473242,91474412,1170,109176
91474412,91474877,465,88489
91474877,91475888,1011,44577
91475888,91476965,1077,123285
91476965,91478217,1252,56777
91478217,91479397,1180,139743
91479397,91480495,1098,129974
91480495,91481203,708,138063
91481203,91482432,1229,362
91482432,91483599,1167,233382
91483599,91484708,1109,123049
91484708,91485866,1158,130101
91485866,91486829,963,95441
91486829,91487419,590,71402
91487419,91488464,1045,96151
91488464,91489695,1231,366
91489695,91490892,1197,102232
91490892,91492194,1302,1070
91492194,91492881,687,232691
91492881,91494205,1324,147971
91494205,91494530,325,61781
91494530,91495571,1041,122827
91495571,91496726,1155,19376
91496726,91497790,1064,183988
91497790,91498076,286,170438
91498076,91499311,1235,10327
91499311,91500096,785,6557
91500096,91500647,551,176854
91500647,91501827,1180,69422
91501827,91503038,1211,25765
91503038,91504226,1188,121760
91504226,91505476,1250,142744
91505476,91506428,952,135635
91506428,91507412,984,48032
91507412,91508603,1191,121024
91508603,91509764,1161,86683
91509764,91510949,1185,73961
91510949,91511952,1003,167024
91511952,91512978,1026,155948
91512978,91514197,1219,124439
91514197,91514829,632,104717
91514829,91516000,1171,129011
91516000,91517093,1093,258263
91517093,91518152,1059,65803
91518152,91519262,1110,86045
91519262,91520396,1134,15307
91520396,91521423,1027,296467
91521423,91522517,1094,4479
91522517,91522822,305,3967
91522822,91523679,857,130627
91523679,91524536,857,114256
91524536,91525499,963,121064
91525499,91526706,1207,126961
91526706,91527958,1252,121661
91527958,91528986,1028,132073
91528986,91530211,1225,92202
91530211,91531194,983,92915
91531194,91532387,1193,87508
91532387,91533554,1167,158081
91533554,91534831,1277,146346
91534831,91535948,1117,171138
91535948,91537067,1119,157242
91537067,91537794,727,110243
91537794,91539021,1227,171107
91539021,91540208,1187,258283
91540208,91540535,327,147963
91540535,91541670,1135,12895
91541670,91542947,1277,74477
91542947,91544007,1060,67147
91544007,91545097,1090,174953
91545097,91546387,1290,126296
91546387,91547509,1122,14958
91547509,91548617,1108,286306
91548617,91549206,589,134830
91549206,91549987,781,11528
91549987,91550850,863,26987
91550850,91551939,1089,133630
91551939,91553271,1332,12118
91553271,91554482,1211,56837
91554482,91555742,1260,135580
91555742,91556919,1177,114468
91556919,91558139,1220,24515
91558139,91558808,669,170951
91558808,91560000,1192,106800
91560000,91561048,1048,282357
91561048,91562229,1181,291381
91562229,91563215,986,9915
91563215,91563987,772,144019
91563987,91565114,1127,8927
91565114,91566364,1250,696
91566364,91567581,1217,6506
91567581,91568672,1091,68358
91568672,91569842,1170,89390
91569842,91570943,1101,130093
91570943,91572071,1128,19376
91572071,91573230,1159,19371
91573230,91573649,419,126859
91573649,91574674,1025,127215
91574674,91575867,1193,185126
91575867,91576200,333,28465
91576200,91577280,1080,5330
91577280,91578438,1158,175962
91578438,91579708,1270,7574
91579708,91580317,609,122863
91580317,91580971,654,110128
91580971,91582139,1168,72311
91582139,91582815,676,137614
91582815,91584062,1247,161100
91584062,91585039,977,174960
91585039,91586246,1207,64974
91586246,91586698,452,104979
91586698,91587729,1031,117382
91587729,91587919,190,699
91587919,91589124,1205,233342
91589124,91590392,1268,126539
91590392,91591615,1223,293957
91591615,91592206,591,135033
91592206,91593299,1093,92934
91593299,91593756,457,135220
91593756,91594222,466,104979
91594222,91595103,881,700
91595103,91596379,1276,4662
91596379,91597626,1247,143893
91597626,91598149,523,85685
91598149,91598669,520,39477
91598669,91599410,741,123033
91599410,91600300,890,220952
91600300,91601438,1138,123507
91601438,91601779,341,48032
91601779,91602982,1203,273050
91602982,91604205,1223,681
91604205,91604741,536,130131
91604741,91605870,1129,72927
91605870,91607118,1248,163726
91607118,91608192,1074,288044
91608192,91609088,896,134160
91609088,91610297,1209,118119
91610297,91611499,1202,141135
91611499,91612636,1137,142752
91612636,91613195,559,176680
91613195,91614413,1218,74797
91614413,91615678,1265,19132
91615678,91616680,1002,138113
91616680,91617924,1244,86043
91617924,91619133,1209,56840
91619133,91620359,1226,184265
91620359,91620756,397,121064
91620756,91621122,366,73973
91621122,91622375,1253,300208
91622375,91623496,1121,284269
91623496,91624722,1226,28462
91624722,91625926,1204,288044
91625926,91626702,776,105386
91626702,91627940,1238,127518
91627940,91628529,589,274378
91628529,91629547,1018,134657
91629547,91630682,1135,11734
91630682,91631469,787,130755
91631469,91632656,1187,132645
91632656,91633680,1024,15081
91633680,91634707,1027,274378
91634707,91635923,1216,64956
91635923,91637078,1155,183988
91637078,91638115,1037,28375
91638115,91639322,1207,244443
91639322,91640153,831,10327
91640153,91641280,1127,138063
91641280,91642337,1057,147970
91642337,91643547,1210,123025
91643547,91644742,1195,131113
91644742,91645206,464,139356
91645206,91646464,1258,86708
91646464,91647557,1093,12545
91647557,91648456,899,135220
91648456,91649606,1150,174992
91649606,91650603,997,295446
91650603,91651828,1225,105167
91651828,91653068,1240,121085
91653068,91653915,847,141148
91653915,91654872,957,134149
91654872,91656078,1206,123172
91656078,91657188,1110,130993
91657188,91657617,429,175962
91657617,91658728,1111,31089
91658728,91659917,1189,224
91659917,91661150,1233,6175
91661150,91661378,228,133225
91661378,91662557,1179,282926
91662557,91663858,1301,185436
91663858,91665059,1201,57831
91665059,91665251,192,129623
91665251,91666106,855,147110
91666106,91667334,1228,245708
91667334,91668590,1256,110061
91668590,91669838,1248,276730
91669838,91671093,1255,41166
91671093,91672058,965,118128
91672058,91673275,1217,93276
91673275,91674374,1099,121415
91674374,91675605,1231,152842
91675605,91676843,1238,73847
91676843,91677870,1027,156738
91677870,91678959,1089,78193
91678959,91680188,1229,86045
91680188,91681479,1291,291168
91681479,91682740,1261,122544
91682740,91683717,977,129983
91683717,91684992,1275,147968
91684992,91686106,1114,109176
91686106,91686887,781,40571
91686887,91688172,1285,133395
91688172,91688917,745,148521
91688917,91690246,1329,121331
91690246,91691531,1285,131259
91691531,91691738,207,5909
91691738,91692864,1126,144135
91692864,91693550,686,126410
91693550,91694726,1176,34478
91694726,91695827,1101,39970
91695827,91696985,1158,64300
91696985,91698238,1253,154284
91698238,91699392,1154,183239
91699392,91700526,1134,88748
91700526,91701596,1070,34501
91701596,91702730,1134,66185
91702730,91703828,1098,139324
91703828,91704507,679,62558
91704507,91705530,1023,163606
91705530,91706561,1031,68353
91706561,91707705,1144,170976
91707705,91708410,705,14274
91708410,91709712,1302,59268
91709712,91710809,1097,258960
91710809,91711159,350,121106
91711159,91712334,1175,10702
91712334,91713141,807,163384
91713141,91714229,1088,129317
91714229,91714696,467,170952
91714696,91715557,861,290363
91715557,91716802,1245,22179
91716802,91717893,1091,46889
91717893,91718966,1073,124526
91718966,91719550,584,10798
91719550,91720674,1124,270778
91720674,91721291,617,123191
91721291,91722565,1274,92002
91722565,91723554,989,159371
91723554,91724765,1211,116804
91724765,91725973,1208,149735
91725973,91726741,768,281188
91726741,91727780,1039,296473
91727780,91728946,1166,140718
91728946,91730161,1215,156224
91730161,91731206,1045,124990
91731206,91731963,757,131003
91731963,91732744,781,31629
91732744,91733773,1029,287659
91733773,91734975,1202,129974
91734975,91735663,688,24516
91735663,91736740,1077,258283
91736740,91737850,1110,124520
91737850,91738331,481,366
91738331,91738876,545,137739
91738876,91740097,1221,244431
91740097,91741298,1201,122655
91741298,91742361,1063,125001
91742361,91743376,1015,48362
91743376,91744615,1239,31091
91744615,91745545,930,134825
91745545,91746289,744,13256
91746289,91747519,1230,108640
91747519,91748371,852,141242
91748371,91749543,1172,126955
91749543,91750853,1310,121734
91750853,91752070,1217,295197
91752070,91753229,1159,142745
91753229,91753472,243,46243
91753472,91753855,383,140072
91753855,91755072,1217,132499
91755072,91756329,1257,137614
91756329,91757429,1100,140041
91757429,91758598,1169,1070
91758598,91759805,1207,55202
91759805,91760978,1173,274549
91760978,91762175,1197,135220
91762175,91762738,563,102381
91762738,91763869,1131,129979
91763869,91764692,823,75810
91764692,91764915,223,131751
91764915,91766189,1274,52088
91766189,91767195,1006,4136
91767195,91768450,1255,130103
91768450,91769650,1200,284444
91769650,91770913,1263,95441
91770913,91771436,523,122944
91771436,91772107,671,82558
91772107,91773451,1344,176256
91773451,91774303,852,296473
91774303,91774636,333,132891
91774636,91775683,1047,135894
91775683,91776228,545,283138
91776228,91777146,918,167023
91777146,91778404,1258,18524
91778404,91779546,1142,123048
91779546,91779744,198,16020
91779744,91780927,1183,73848
91780927,91782035,1108,29108
91782035,91783200,1165,13247
91783200,91784458,1258,280380
91784458,91785341,883,155968
91785341,91786489,1148,130127
91786489,91787497,1008,130625
91787497,91788787,1290,67233
91788787,91789608,821,187466
91789608,91790717,1109,164461
91790717,91791810,1093,130493
91791810,91793004,1194,294551
91793004,91794230,1226,165428
91794230,91794916,686,104978
91794916,91796164,1248,147962
91796164,91797379,1215,99124
91797379,91798567,1188,140072
91798567,91799732,1165,262291
91799732,91800835,1103,121760
91800835,91801392,557,134463
91801392,91802575,1183,80534
91802575,91803886,1311,82020
91803886,91804377,491,102240
91804377,91805543,1166,87997
91805543,91806615,1072,131276
91806615,91807361,746,126955
91807361,91808395,1034,6398
91808395,91809348,953,92002
91809348,91810494,1146,140071
91810494,91811632,1138,21393
91811632,91812690,1058,36633
91812690,91812941,251,141174
91812941,91814200,1259,143477
91814200,91815109,909,121024
91815109,91815699,590,171109
91815699,91816595,896,291170
91816595,91817792,1197,123507
91817792,91818608,816,169619
91818608,91819871,1263,13364
91819871,91820962,1091,46588
91820962,91822128,1166,700
91822128,91823351,1223,125084
91823351,91824603,1252,6176
91824603,91825397,794,155948
91825397,91826524,1127,115686
91826524,91827606,1082,282357
91827606,91828607,1001,130184
91828607,91829858,1251,44582
91829858,91831115,1257,56777
91831115,91832147,1032,48362
91832147,91833219,1072,53342
91833219,91834416,1197,26558
91834416,91835371,955,139797
91835371,91836344,973,65534
91836344,91837609,1265,147989
91837609,91838830,1221,149735
91838830,91840117,1287,68358
91840117,91841139,1022,164328
91841139,91842153,1014,170950
91842153,91843240,1087,126860
91843240,91844271,1031,138488
91844271,91845473,1202,4731
91845473,91846670,1197,176270
91846670,91847903,1233,7944
91847903,91849021,1118,117382
91849021,91850285,1264,4158
91850285,91850753,468,127597
91850753,91851757,1004,114971
91851757,91852902,1145,91098
91852902,91854015,1113,130553
91854015,91855218,1203,167597
91855218,91855483,265,46243
91855483,91855946,463,171137
91855946,91857236,1290,145733
91857236,91858429,1193,102238
91858429,91859574,1145,282412
91859574,91860755,1181,68359
91860755,91861931,1176,132101
91861931,91862714,783,49755
91862714,91862909,195,91902
91862909,91863970,1061,76973
91863970,91864927,957,166433
91864927,91865984,1057,157243
91865984,91867165,1181,163507
91867165,91868196,1031,281472
91868196,91868827,631,123176
91868827,91869650,823,122789
91869650,91870847,1197,64738
91870847,91872004,1157,185466
91872004,91873056,1052,66470
91873056,91873330,274,3967
91873330,91873983,653,46890
91873983,91875097,1114,129393
91875097,91876406,1309,135227
91876406,91876670,264,101265
91876670,91876809,139,129396
91876809,91877044,235,46889
91877044,91877996,952,126539
91877996,91878993,997,166683
91878993,91880319,1326,153309
91880319,91881384,1065,133273
91881384,91882630,1246,63105
91882630,91883217,587,141208
91883217,91883590,373,143948
91883590,91884446,856,15304
91884446,91884813,367,94526
91884813,91886044,1231,134592
91886044,91887166,1122,67857
91887166,91888359,1193,66470
91888359,91889486,1127,155948
91889486,91890493,1007,294114
91890493,91890844,351,75810
91890844,91891307,463,185125
91891307,91892516,1209,172156
91892516,91893643,1127,147045
91893643,91894594,951,110054
91894594,91895689,1095,126232
91895689,91896562,873,58763
91896562,91897719,1157,9210
91897719,91898920,1201,122810
91898920,91900163,1243,135657
91900163,91900426,263,61777
91900426,91901374,948,5758
91901374,91901857,483,76044
91901857,91902794,937,131295
91902794,91904047,1253,134463
91904047,91905246,1199,291168
91905246,91906439,1193,127685
91906439,91906650,211,129388
91906650,91907795,1145,9915
91907795,91908937,1142,13270
91908937,91910169,1232,156967
91910169,91911244,1075,220951
91911244,91912541,1297,131742
91912541,91913641,1100,137483
91913641,91913876,235,101799
91913876,91914885,1009,300234
91914885,91916041,1156,139797
91916041,91916254,213,39515
91916254,91917433,1179,145700
91917433,91918506,1073,53342
91918506,91918699,193,70843
91918699,91919936,1237,142358
91919936,91921087,1151,121382
91921087,91921690,603,284428
91921690,91922815,1125,60801
91922815,91923982,1167,16632
91923982,91925265,1283,286306
91925265,91926291,1026,234067
91926291,91927458,1167,88089
91927458,91928682,1224,147962
91928682,91929226,544,105171
91929226,91930349,1123,28380
91930349,91931593,1244,178149
91931593,91932537,944,14929
91932537,91933766,1229,144135
91933766,91934785,1019,254918
91934785,91935985,1200,20410
91935985,91936868,883,149881
91936868,91937920,1052,6498
91937920,91939219,1299,128990
91939219,91940014,795,67218
91940014,91941013,999,124368
91941013,91941982,969,139291
91941982,91943011,1029,156155
91943011,91944170,1159,121415
91944170,91945287,1117,291953
91945287,91946337,1050,31603
91946337,91947153,816,171108
91947153,91948220,1067,144503
91948220,91949363,1143,80197
91949363,91950655,1292,129011
91950655,91951897,1242,120330
91951897,91953140,1243,86026
91953140,91954415,1275,142279
91954415,91954830,415,107487
91954830,91955939,1109,129066
91955939,91957088,1149,83708
91957088,91957738,650,130105
91957738,91958969,1231,138047
91958969,91960050,1081,187006
91960050,91961029,979,100044
91961029,91962203,1174,161714
91962203,91963509,1306,170976
91963509,91964676,1167,212
91964676,91965761,1085,149236
91965761,91967030,1269,121899
91967030,91967701,671,130101
91967701,91968916,1215,133217
91968916,91970058,1142,41259
91970058,91970724,666,157263
91970724,91971902,1178,13185
91971902,91973038,1136,152864
91973038,91974207,1169,126859
91974207,91974738,531,46889
91974738,91976000,1262,70998
91976000,91977120,1120,142752
91977120,91978099,979,125123
91978099,91979169,1070,58025
91979169,91980305,1136,1150
91980305,91981337,1032,117384
91981337,91982340,1003,232057
91982340,91982793,453,145138
91982793,91983879,1086,13270
91983879,91984509,630,101832
91984509,91985707,1198,4479
91985707,91986773,1066,115686
91986773,91987883,1110,125883
91987883,91989104,1221,92002
91989104,91989945,841,26872
91989945,91991085,1140,149890
91991085,91991907,822,175962
91991907,91993179,1272,30591
91993179,91994377,1198,4687
91994377,91995264,887,46240
91995264,91996532,1268,131722
91996532,91997575,1043,65820
91997575,91998602,1027,37092
91998602,91999747,1145,9920
91999747,92001047,1300,149798
92001047,92002062,1015,135636
92002062,92003367,1305,64956
92003367,92004235,868,26852
92004235,92005495,1260,96151
92005495,92006355,860,398
92006355,92007488,1133,146346
92007488,92007747,259,126955
92007747,92009012,1265,130516
92009012,92010047,1035,20028
92010047,92011008,961,143625
92011008,92011397,389,117382
92011397,92012558,1161,143022
92012558,92013162,604,178449
92013162,92013674,512,107487
92013674,92014316,642,102240
92014316,92014877,561,68762
92014877,92016116,1239,146770
92016116,92016793,677,4275
92016793,92018041,1248,137597
92018041,92019098,1057,152224
92019098,92020195,1097,104986
92020195,92020904,709,125883
92020904,92021677,773,39476
92021677,92022065,388,117382
92022065,92023001,936,4136
92023001,92023999,998,144987
92023999,92024874,875,133273
92024874,92025455,581,185466
92025455,92026436,981,80665
92026436,92026981,545,127704
92026981,92027781,800,130627
92027781,92028640,859,232057
92028640,92029871,1231,157861
92029871,92030916,1045,37999
92030916,92031930,1014,164461
92031930,92033203,1273,121064
92033203,92034409,1206,47541
92034409,92035332,923,48032
92035332,92036452,1120,139717
92036452,92037049,597,102238
92037049,92038343,1294,150843
92038343,92039655,1312,132499
92039655,92040657,1002,121085
92040657,92041868,1211,7371
92041868,92043029,1161,75939
92043029,92044006,977,142362
92044006,92045221,1215,36641
92045221,92046178,957,39648
92046178,92047388,1210,291107
92047388,92048473,1085,277898
92048473,92049703,1230,106611
92049703,92050905,1202,129583
92050905,92052070,1165,168204
92052070,92053156,1086,57837
92053156,92054381,1225,103126
92054381,92055329,948,5703
92055329,92056298,969,73957
92056298,92056407,109,129393
92056407,92057410,1003,73024
92057410,92058668,1258,67233
92058668,92059950,1282,56175
92059950,92060951,1001,57837
92060951,92061984,1033,69607
92061984,92063058,1074,8157
92063058,92064015,957,270777
92064015,92064605,590,154282
92064605,92065624,1019,112187
92065624,92066800,1176,137483
92066800,92067753,953,4158
92067753,92068853,1100,133220
92068853,92069587,734,129393
92069587,92069869,282,109656
92069869,92070184,315,138047
92070184,92070343,159,165428
92070343,92070924,581,262269
92070924,92072198,1274,113336
92072198,92073296,1098,17615
92073296,92074526,1230,61317
92074526,92075611,1085,109658
92075611,92076894,1283,123216
92076894,92077846,952,10327
92077846,92078974,1128,39501
92078974,92080201,1227,71531
92080201,92080693,492,187466
92080693,92081852,1159,135892
92081852,92082269,417,13364
92082269,92083456,1187,41610
92083456,92084507,1051,245707
92084507,92085548,1041,12538
92085548,92085908,360,156015
92085908,92086979,1071,59175
92086979,92088172,1193,91072
92088172,92089450,1278,174953
92089450,92090534,1084,137618
92090534,92091709,1175,143321
92091709,92092906,1197,158074
92092906,92094062,1156,99156
92094062,92095362,1300,126312
92095362,92096551,1189,122876
92096551,92097871,1320,125951
92097871,92098664,793,258262
92098664,92098826,162,65534
92098826,92100044,1218,146111
92100044,92101217,1173,125945
92101217,92102266,1049,72311
92102266,92103484,1218,134789
92103484,92104720,1236,117095
92104720,92105823,1103,129388
92105823,92107131,1308,109658
92107131,92108245,1114,106800
92108245,92109486,1241,81858
92109486,92110675,1189,135635
92110675,92111732,1057,135657
92111732,92112756,1024,126220
92112756,92113133,377,138042
92113133,92114454,1321,153958
92114454,92115606,1152,278220
92115606,92116540,934,68353
92116540,92117502,962,87791
92117502,92118627,1125,156014
92118627,92119740,1113,287657
92119740,92120905,1165,122827
92120905,92121922,1017,111574
92121922,92122198,276,10701
92122198,92122751,553,148529
92122751,92123925,1174,73973
92123925,92124695,770,271817
92124695,92125888,1193,80192
92125888,92127122,1234,258266
92127122,92128059,937,14358
92128059,92128288,229,176854
92128288,92128589,301,95875
92128589,92129773,1184,3586
92129773,92130898,1125,140072
92130898,92131665,767,31629
92131665,92132903,1238,128138
92132903,92134139,1236,128309
92134139,92134902,763,135659
92134902,92136123,1221,131722
92136123,92136668,545,130296
92136668,92137829,1161,5912
92137829,92138620,791,43322
92138620,92139453,833,137106
92139453,92140582,1129,142896
92140582,92140964,382,117382
92140964,92142195,1231,185126
92142195,92143503,1308,14358
92143503,92144755,1252,126232
92144755,92145985,1230,123269
92145985,92147330,1345,129443
92147330,92148606,1276,12971
92148606,92149600,994,76574
92149600,92150753,1153,258970
92150753,92151964,1211,254949
92151964,92153082,1118,96157
92153082,92154064,982,3586
92154064,92155284,1220,135897
92155284,92156459,1175,61316
92156459,92157374,915,47239
92157374,92157637,263,46889
92157637,92158801,1164,105002
92158801,92159756,955,119295
92159756,92160893,1137,128310
92160893,92162108,1215,137588
92162108,92163009,901,121720
92163009,92164228,1219,46890
92164228,92164999,771,124224
92164999,92165411,412,125147
92165411,92166622,1211,105168
92166622,92167773,1151,282926
92167773,92168034,261,65534
92168034,92169148,1114,161102
92169148,92170185,1037,160438
92170185,92171402,1217,8689
92171402,92172534,1132,86741
92172534,92173508,974,8689
92173508,92174685,1177,11243
92174685,92174881,196,88489
92174881,92176110,1229,125147
92176110,92177267,1157,12926
92177267,92177600,333,40556
92177600,92178599,999,294551
92178599,92179718,1119,4445
92179718,92180677,959,23281
92180677,92182003,1326,156718
92182003,92183189,1186,134728
92183189,92184367,1178,105168
92184367,92185493,1126,149735
92185493,92186529,1036,128309
92186529,92187662,1133,68361
92187662,92188909,1247,105002
92188909,92189782,873,124557
92189782,92191009,1227,73972
92191009,92192090,1081,298549
92192090,92193313,1223,152262
92193313,92194249,936,141270
92194249,92195477,1228,61316
92195477,92195766,289,6541
92195766,92196805,1039,130503
92196805,92197924,1119,63713
92197924,92199002,1078,143893
92199002,92199459,457,123048
92199459,92200668,1209,17615
92200668,92201694,1026,87732
92201694,92202548,854,105390
92202548,92203151,603,117382
92203151,92203378,227,59288
92203378,92204640,1262,62347
92204640,92205819,1179,137739
92205819,92207070,1251,280250
92207070,92208241,1171,72200
92208241,92208518,277,89735
92208518,92209634,1116,162130
92209634,92210859,1225,159386
92210859,92211964,1105,122806
92211964,92212936,972,10701
92212936,92213887,951,244443
92213887,92214994,1107,125883
92214994,92216120,1126,63713
92216120,92217256,1136,89390
92217256,92217954,698,132718
92217954,92218355,401,154736
92218355,92219534,1179,86765
92219534,92220791,1257,86026
92220791,92222003,1212,73847
92222003,92222402,399,58776
92222402,92223423,1021,71531
92223423,92224697,1274,13364
92224697,92225919,1222,152267
92225919,92227095,1176,104491
92227095,92228316,1221,121541
92228316,92228991,675,121064
92228991,92230008,1017,16003
92230008,92230953,945,123500
92230953,92232098,1145,4445
92232098,92233151,1053,147110
92233151,92234394,1243,149880
92234394,92235267,873,161714
92235267,92236372,1105,287837
92236372,92237600,1228,135894
92237600,92238035,435,13250
92238035,92239242,1207,4275
92239242,92239827,585,39660
92239827,92240868,1041,113272
92240868,92242102,1234,73024
92242102,92243235,1133,126965
92243235,92244384,1149,171107
92244384,92245420,1036,157056
92245420,92246665,1245,301694
92246665,92247774,1109,276730
92247774,92248999,1225,48830
92248999,92250098,1099,244431
92250098,92251210,1112,117866
92251210,92251994,784,95875
92251994,92253116,1122,86741
92253116,92253921,805,122876
92253921,92254932,1011,16632
92254932,92256051,1119,2503
92256051,92257066,1015,185125
92257066,92258339,1273,83607
92258339,92259337,998,110522
92259337,92260131,794,159228
92260131,92260431,300,284424
92260431,92260593,162,142824
92260593,92260804,211,47541
92260804,92262078,1274,134463
92262078,92263373,1295,160602
92263373,92264532,1159,86765
92264532,92265519,987,12332
92265519,92266533,1014,73961
92266533,92267768,1235,284433
92267768,92268394,626,122827
92268394,92269035,641,11533
92269035,92269940,905,187466
92269940,92271133,1193,73958
92271133,92272326,1193,19373
92272326,92273334,1008,125140
92273334,92274265,931,296473
92274265,92275430,1165,143321
92275430,92276502,1072,157858
92276502,92277433,931,131751
92277433,92278366,933,278217
92278366,92279657,1291,280380
92279657,92280550,893,184447
92280550,92281825,1275,142727
92281825,92283045,1220,123135
92283045,92284124,1079,176660
92284124,92285259,1135,398
92285259,92286344,1085,129066
92286344,92287589,1245,130625
92287589,92288728,1139,155151
92288728,92289866,1138,101799
92289866,92291027,1161,293957
92291027,92292310,1283,139612
92292310,92293529,1219,173591
92293529,92294718,1189,58776
92294718,92295878,1160,130870
92295878,92297118,1240,135020
92297118,92298104,986,145700
92298104,92299190,1086,121541
92299190,92300387,1197,149791
92300387,92301440,1053,8684
92301440,92302380,940,130560
92302380,92303473,1093,130878
92303473,92304655,1182,121148
92304655,92305921,1266,107486
92305921,92307022,1101,276908
92307022,92308033,1011,110131
92308033,92308603,570,13250
92308603,92309548,945,15304
92309548,92309978,430,275128
92309978,92311094,1116,141279
92311094,92312224,1130,1129
92312224,92312624,400,121413
92312624,92313734,1110,125128
92313734,92314935,1201,5330
92314935,92316223,1288,157857
92316223,92317458,1235,64708
92317458,92318539,1081,4662
92318539,92319712,1173,133424
92319712,92320887,1175,104890
92320887,92322159,1272,88484
92322159,92323380,1221,281132
92323380,92324506,1126,155949
92324506,92325050,544,141235
92325050,92326291,1241,14497
92326291,92327390,1099,139741
92327390,92327935,545,76044
92327935,92329044,1109,126829
92329044,92330291,1247,131722
92330291,92330850,559,47541
92330850,92332140,1290,9010
92332140,92333083,943,12332
92333083,92333718,635,132782
92333718,92334814,1096,258970
92334814,92335837,1023,11077
92335837,92337074,1237,122627
92337074,92337304,230,31603
92337304,92338449,1145,121068
92338449,92339620,1171,134728
92339620,92340598,978,137141
92340598,92341725,1127,105405
92341725,92342816,1091,296468
92342816,92344039,1223,279153
92344039,92344574,535,148312
92344574,92345598,1024,56175
92345598,92346622,1024,34478
92346622,92347747,1125,11079
92347747,92348746,999,126965
92348746,92349992,1246,182402
92349992,92351158,1166,130755
92351158,92352275,1117,139290
92352275,92353346,1071,31603
92353346,92354223,877,151817
92354223,92355331,1108,163726
92355331,92356489,1158,130103
92356489,92357728,1239,130900
92357728,92359058,1330,89880
92359058,92360287,1229,12971
92360287,92361578,1291,281471
92361578,92362861,1283,23311
92362861,92363233,372,63713
92363233,92364159,926,168062
92364159,92364427,268,131732
92364427,92365496,1069,106800
92365496,92366463,967,20034
92366463,92367064,601,133396
92367064,92367884,820,20410
92367884,92369186,1302,115687
92369186,92369645,459,130871
92369645,92370172,527,139741
92370172,92371436,1264,144965
92371436,92372620,1184,64713
92372620,92373692,1072,129752
92373692,92374158,466,83606
92374158,92375168,1010,107247
92375168,92376310,1142,131722
92376310,92377421,1111,234100
92377421,92377752,331,28868
92377752,92378553,801,145138
92378553,92379549,996,145703
92379549,92380682,1133,135897
92380682,92381721,1039,140067
92381721,92382746,1025,42637
92382746,92383872,1126,132705
92383872,92385035,1163,161217
92385035,92385955,920,127597
92385955,92387212,1257,134451
92387212,92387817,605,133396
92387817,92388736,919,86765
92388736,92389431,695,31629
92389431,92390588,1157,29091
92390588,92391787,1199,82020
92391787,92392593,806,288043
92392593,92393696,1103,14274
92393696,92394782,1086,131751
92394782,92396113,1331,170453
92396113,92397413,1300,116804
92397413,92398544,1131,126233
92398544,92399053,509,130533
92399053,92399789,736,274376
92399789,92400971,1182,129808
92400971,92401807,836,129597
92401807,92402942,1135,245691
92402942,92404164,1222,32637
92404164,92405382,1218,92812
92405382,92405751,369,258250
92405751,92406731,980,29090
92406731,92407196,465,27120
92407196,92408261,1065,103126
92408261,92408612,351,171171
92408612,92409794,1182,293168
92409794,92410938,1144,295710
92410938,92412174,1236,234100
92412174,92413311,1137,123267
92413311,92414567,1256,110054
92414567,92415087,520,167022
92415087,92415837,750,148521
92415837,92417109,1272,134463
92417109,92418111,1002,290351
92418111,92419400,1289,51163
92419400,92420663,1263,155968
92420663,92421817,1154,134707
92421817,92422976,1159,166421
92422976,92424192,1216,1562
92424192,92425415,1223,22581
92425415,92426357,942,129324
92426357,92427611,1254,145145
92427611,92428807,1196,138488
92428807,92429745,938,146437
92429745,92430575,830,30593
92430575,92431494,919,130871
92431494,92431684,190,68361
92431684,92431877,193,292348
92431877,92432939,1062,398
92432939,92434007,1068,115047
92434007,92435228,1221,131704
92435228,92436401,1173,98880
92436401,92437596,1195,146111
92437596,92438571,975,131704
92438571,92439616,1045,155520
92439616,92440561,945,295710
92440561,92441601,1040,158081
92441601,92442866,1265,88484
92442866,92443338,472,129064
92443338,92443734,396,101832
92443734,92444755,1021,129324
92444755,92445768,1013,130588
92445768,92447039,1271,10673
92447039,92448293,1254,139707
92448293,92449292,999,57837
92449292,92450365,1073,129443
92450365,92451321,956,130517
92451321,92452412,1091,46267
92452412,92453469,1057,10642
92453469,92454756,1287,1187
92454756,92456039,1283,132485
92456039,92457287,1248,127691
92457287,92458568,1281,107480
92458568,92459634,1066,287660
92459634,92460724,1090,150674
92460724,92461829,1105,173591
92461829,92463032,1203,5084
92463032,92464102,1070,42637
92464102,92465269,1167,91801
92465269,92465945,676,58433
92465945,92466657,712,130131
92466657,92466876,219,126232
92466876,92467863,987,32658
92467863,92469102,1239,58193
92469102,92470147,1045,101580
92470147,92470746,599,232057
92470746,92471681,935,134160
92471681,92472913,1232,130093
92472913,92474040,1127,1189
92474040,92475342,1302,129396
92475342,92476489,1147,88489
92476489,92476726,237,125084
92476726,92477925,1199,288043
92477925,92478372,447,126221
92478372,92479586,1214,67233
92479586,92480788,1202,102612
92480788,92481958,1170,34501
92481958,92482930,972,127732
92482930,92484207,1277,129514
92484207,92485441,1234,124587
92485441,92486294,853,12971
92486294,92487472,1178,162667
92487472,92488660,1188,282926
92488660,92489639,979,126221
92489639,92490977,1338,153728
92490977,92492208,1231,12971
92492208,92493465,1257,19132
92493465,92494598,1133,132891
92494598,92495800,1202,121106
92495800,92497084,1284,88748
92497084,92498340,1256,139009
92498340,92499628,1288,22178
92499628,92500828,1200,131722
92500828,92501962,1134,155151
92501962,92503221,1259,142733
92503221,92504304,1083,104483
92504304,92504876,572,61776
92504876,92505851,975,48848
92505851,92507081,1230,135264
92507081,92508031,950,134312
92508031,92509277,1246,130900
92509277,92509573,296,128329
92509573,92510794,1221,31629
92510794,92512053,1259,142311
92512053,92513178,1125,144999
92513178,92514471,1293,135227
92514471,92515391,920,121541
92515391,92516429,1038,20410
92516429,92517529,1100,145733
92517529,92518462,933,135580
92518462,92519618,1156,61743
92519618,92520364,746,108621
92520364,92521270,906,1187
92521270,92522366,1096,138074
92522366,92523061,695,109656
92523061,92523914,853,281131
92523914,92525175,1261,126796
92525175,92525618,443,12544
92525618,92526807,1189,122806
92526807,92527702,895,110705
92527702,92528507,805,12898
92528507,92529844,1337,130870
92529844,92530120,276,124587
92530120,92530454,334,105383
92530454,92530894,440,95441
92530894,92532080,1186,125084
92532080,92532897,817,121658
92532897,92533690,793,126842
92533690,92534788,1098,64588
92534788,92535944,1156,131113
92535944,92537191,1247,161975
92537191,92538408,1217,88748
92538408,92539701,1293,72212
92539701,92540889,1188,87791
92540889,92542164,1275,112012
92542164,92542353,189,47541
92542353,92543570,1217,112011
92543570,92544746,1176,156154
92544746,92545657,911,12539
92545657,92546833,1176,121085
92546833,92547893,1060,295197
92547893,92549038,1145,121085
92549038,92550309,1271,7894
92550309,92551468,1159,121148
92551468,92552658,1190,724
92552658,92553901,1243,136458
92553901,92554407,506,73712
92554407,92555646,1239,98645
92555646,92556715,1069,30101
92556715,92557952,1237,143005
92557952,92558963,1011,274378
92558963,92560138,1175,171109
92560138,92560742,604,24731
92560742,92561809,1067,134170
92561809,92563108,1299,4447
92563108,92564125,1017,130530
92564125,92565314,1189,281187
92565314,92566544,1230,86026
92566544,92567612,1068,12723
92567612,92568769,1157,34479
92568769,92569026,257,123192
92569026,92569958,932,8684
92569958,92571133,1175,101262
92571133,92572053,920,123283
92572053,92573102,1049,19376
92573102,92574369,1267,147962
92574369,92575582,1213,681
92575582,92576812,1230,48830
92576812,92577924,1112,170977
92577924,92579189,1265,121674
92579189,92580364,1175,148521
92580364,92581211,847,25563
92581211,92582202,991,300234
92582202,92583210,1008,43322
92583210,92584309,1099,86732
92584309,92585127,818,107486
92585127,92586351,1224,126832
92586351,92587456,1105,114469
92587456,92588596,1140,134981
92588596,92589821,1225,129388
92589821,92590019,198,13247
92590019,92590965,946,107486
92590965,92591208,243,145138
92591208,92592291,1083,139297
92592291,92592887,596,31629
92592887,92593714,827,48377
92593714,92594666,952,65534
92594666,92595827,1161,4445
92595827,92596650,823,123283
92596650,92597779,1129,123192
92597779,92599007,1228,169291
92599007,92599934,927,136458
92599934,92601099,1165,8890
92601099,92602332,1233,15082
92602332,92603579,1247,138656
92603579,92604700,1121,126312
92604700,92605941,1241,39840
92605941,92606504,563,143005
92606504,92607496,992,130993
92607496,92608560,1064,295761
92608560,92609173,613,104890
92609173,92610378,1205,75355
92610378,92610909,531,270778
92610909,92612100,1191,72876
92612100,92613105,1005,274549
92613105,92613308,203,46267
92613308,92614504,1196,144503
92614504,92615730,1226,73848
92615730,92617003,1273,69411
92617003,92618253,1250,127704
92618253,92619331,1078,130227
92619331,92620557,1226,127538
92620557,92621704,1147,123443
92621704,92622943,1239,12085
92622943,92624171,1228,54487
92624171,92625434,1263,127521
92625434,92626405,971,84010
92626405,92627658,1253,1562
92627658,92628879,1221,73729
92628879,92630110,1231,187005
92630110,92631297,1187,144503
92631297,92632565,1268,53458
92632565,92633632,1067,46268
92633632,92634340,708,90847
92634340,92634671,331,6556
92634671,92636011,1340,81858
92636011,92637178,1167,31091
92637178,92638270,1092,143895
92638270,92639513,1243,141248
92639513,92640265,752,86040
92640265,92641217,952,21305
92641217,92642426,1209,107520
92642426,92642611,185,32856
92642611,92643666,1055,276730
92643666,92644763,1097,131040
92644763,92646012,1249,4447
92646012,92647242,1230,121085
92647242,92648353,1111,259009
92648353,92648908,555,170950
92648908,92650145,1237,366
92650145,92651263,1118,135894
92651263,92652284,1021,187005
92652284,92653316,1032,21305
92653316,92654603,1287,61421
92654603,92655745,1142,123049
92655745,92656690,945,122944
92656690,92657912,1222,280922
92657912,92658959,1047,6498
92658959,92659973,1014,126826
92659973,92661202,1229,76044
92661202,92662278,1076,104890
92662278,92663161,883,284433
92663161,92664290,1129,124224
92664290,92665607,1317,176270
92665607,92666836,1229,134420
92666836,92667968,1132,1733
92667968,92669261,1293,110054
92669261,92670331,1070,295197
92670331,92671369,1038,143625
92671369,92672567,1198,13248
92672567,92673106,539,131899
92673106,92673932,826,109185
92673932,92675031,1099,12544
92675031,92676148,1117,29090
92676148,92677179,1031,95963
92677179,92677878,699,275147
92677878,92678320,442,123192
92678320,92679470,1150,10347
92679470,92680577,1107,102238
92680577,92681212,635,137614
92681212,92682119,907,165428
92682119,92683315,1196,132777
92683315,92684346,1031,157859
92684346,92685541,1195,130101
92685541,92685798,257,19665
92685798,92686976,1178,136863
92686976,92688215,1239,134121
92688215,92689426,1211,132782
92689426,92690681,1255,86683
92690681,92691794,1113,262269
92691794,92692687,893,279153
92692687,92693734,1047,32136
92693734,92695027,1293,89735
92695027,92696240,1213,283138
92696240,92697516,1276,108066
92697516,92698721,1205,134728
92698721,92699811,1090,138045
92699811,92700735,924,89898
92700735,92701805,1070,141320
92701805,92703062,1257,126209
92703062,92704141,1079,71420
92704141,92705335,1194,73957
92705335,92706447,1112,164461
92706447,92706940,493,64717
92706940,92708063,1123,28247
92708063,92709332,1269,121106
92709332,92710137,805,132710
92710137,92710604,467,98877
92710604,92711014,410,231834
92711014,92712242,1228,63105
92712242,92713265,1023,159056
92713265,92714451,1186,275212
92714451,92715616,1165,103126
92715616,92716567,951,75807
92716567,92717575,1008,138545
92717575,92718560,985,36641
92718560,92719649,1089,131887
92719649,92720926,1277,296473
92720926,92722075,1149,161972
92722075,92723397,1322,395
92723397,92724653,1256,54487
92724653,92725871,1218,152267
92725871,92727118,1247,137739
92727118,92728355,1237,276749
92728355,92729606,1251,88484
92729606,92730869,1263,88086
92730869,92732031,1162,1532
92732031,92733074,1043,43322
92733074,92734083,1009,141240
92734083,92735262,1179,131732
92735262,92736539,1277,216563
92736539,92736935,396,54006
92736935,92737708,773,109176
92737708,92738794,1086,12971
92738794,92739855,1061,22179
92739855,92741053,1198,167597
92741053,92742271,1218,130878
92742271,92743353,1082,159228
92743353,92744228,875,170952
92744228,92745515,1287,138043
92745515,92746745,1230,131040
92746745,92747355,610,162239
92747355,92748438,1083,73958
92748438,92749532,1094,130975
92749532,92750261,729,11049
92750261,92750802,541,104491
92750802,92751786,984,296468
92751786,92752768,982,14358
92752768,92753866,1098,122806
92753866,92755093,1227,141613
92755093,92756282,1189,126410
92756282,92757557,1275,290363
92757557,92758522,965,130184
92758522,92759507,985,163505
92759507,92760017,510,153958
92760017,92760864,847,174992
92760864,92761935,1071,103126
92761935,92763074,1139,170977
92763074,92764290,1216,254918
92764290,92765317,1027,128660
92765317,92766487,1170,178030
92766487,92767144,657,76574
92767144,92768396,1252,143483
92768396,92769696,1300,290349
92769696,92770713,1017,271817
92770713,92771377,664,124547
92771377,92772500,1123,142896
92772500,92772716,216,13185
92772716,92773093,377,161217
92773093,92774253,1160,29120
92774253,92774618,365,130566
92774618,92775234,616,126410
92775234,92775751,517,48362
92775751,92776966,1215,76055
92776966,92777317,351,83607
92777317,92778210,893,139717
92778210,92779231,1021,26894
92779231,92780521,1290,76974
92780521,92781836,1315,76055
92781836,92782904,1068,142358
92782904,92784152,1248,5757
92784152,92785337,1185,141791
92785337,92786519,1182,73296
92786519,92786840,321,156724
92786840,92787948,1108,121674
92787948,92788905,957,134830
92788905,92789973,1068,96153
92789973,92791188,1215,101864
92791188,92791629,441,46889
92791629,92792441,812,75939
92792441,92793566,1125,139681
92793566,92794822,1256,9010
92794822,92796108,1286,890
92796108,92796519,411,171138
92796519,92797687,1168,176263
92797687,92798930,1243,16632
92798930,92800201,1271,46268
92800201,92801461,1260,157243
92801461,92802652,1191,89388
92802652,92803718,1066,185125
92803718,92804790,1072,148521
92804790,92805143,353,129594
92805143,92806369,1226,2301
92806369,92806879,510,131259
92806879,92808033,1154,168062
92808033,92809229,1196,129011
92809229,92810428,1199,100045
92810428,92811578,1150,300234
92811578,92812513,935,165428
92812513,92813558,1045,105390
92813558,92814751,1193,102232
92814751,92816030,1279,138043
92816030,92817080,1050,890
92817080,92818345,1265,28380
92818345,92819408,1063,298549
92819408,92819916,508,102612
92819916,92821094,1178,135216
92821094,92822130,1036,99122
92822130,92823301,1171,138631
92823301,92824537,1236,132530
92824537,92825826,1289,43322
92825826,92827024,1198,95969
92827024,92828074,1050,129443
92828074,92829199,1125,1536
92829199,92830370,1171,130164
92830370,92831471,1101,122655
92831471,92832636,1165,19585
92832636,92833137,501,167597
92833137,92834386,1249,22178
92834386,92834615,229,107479
92834615,92835803,1188,274558
92835803,92836751,948,113273
92836751,92837804,1053,129317
92837804,92838079,275,73972
92838079,92838900,821,39749
92838900,92840100,1200,137004
92840100,92841375,1275,352
92841375,92842567,1192,108638
92842567,92843780,1213,73961
92843780,92845035,1255,51162
92845035,92845940,905,161972
92845940,92847021,1081,131030
92847021,92847707,686,123266
92847707,92848712,1005,7884
92848712,92849901,1189,258993
92849901,92851080,1179,285173
92851080,92852231,1151,60489
92852231,92853480,1249,138113
92853480,92854728,1248,121766
92854728,92854916,188,102239
92854916,92856164,1248,131030
92856164,92857422,1258,39616
92857422,92857868,446,154838
92857868,92858512,644,91902
92858512,92858928,416,97593
92858928,92860136,1208,125127
92860136,92860767,631,131882
92860767,92861962,1195,101836
92861962,92863097,1135,105167
92863097,92864242,1145,134170
92864242,92865399,1157,142744
92865399,92866386,987,133290
92866386,92867424,1038,5912
92867424,92868603,1179,121766
92868603,92869487,884,107483
92869487,92870028,541,149738
92870028,92870435,407,281131
92870435,92871197,762,143484
92871197,92872383,1186,134316
92872383,92873595,1212,117384
92873595,92874789,1194,292138
92874789,92875676,887,3966
92875676,92876827,1151,3961
92876827,92877064,237,126965
92877064,92878226,1162,58192
92878226,92879073,847,89880
92879073,92880226,1153,100431
92880226,92880621,395,118112
92880621,92881877,1256,52087
92881877,92883119,1242,123285
92883119,92884287,1168,174132
92884287,92885457,1170,304535
92885457,92886761,1304,145733
92886761,92888020,1259,21393
92888020,92888303,283,75939
92888303,92889339,1036,121068
92889339,92890635,1296,73712
92890635,92891749,1114,270777
92891749,92892980,1231,149890
92892980,92894237,1257,14958
92894237,92894735,498,110522
92894735,92896044,1309,135635
92896044,92897095,1051,6175
92897095,92898308,1213,73729
92898308,92899247,939,59167
92899247,92900408,1161,110243
92900408,92901082,674,125140
92901082,92902291,1209,279239
92902291,92902697,406,279856
92902697,92903441,744,300225
92903441,92904683,1242,681
92904683,92905608,925,84349
92905608,92906743,1135,103481
92906743,92907729,986,127732
92907729,92908836,1107,6498
92908836,92909927,1091,10088
92909927,92911170,1243,142363
92911170,92912294,1124,134728
92912294,92913548,1254,140718
92913548,92914786,1238,14358
92914786,92916020,1234,5083
92916020,92916232,212,123506
92916232,92917293,1061,72200
92917293,92918536,1243,152267
92918536,92919801,1265,125123
92919801,92921022,1221,128145
92921022,92921169,147,138042
92921169,92922316,1147,63111
92922316,92923523,1207,75362
92923523,92924371,848,276732
92924371,92925558,1187,135894
92925558,92926716,1158,161226
92926716,92927328,612,46243
92927328,92928303,975,139350
92928303,92929294,991,54667
92929294,92930430,1136,130625
92930430,92931524,1094,1733
92931524,92932637,1113,142279
92932637,92933820,1183,132499
92933820,92935069,1249,83696
92935069,92936323,1254,1043
92936323,92937619,1296,121331
92937619,92938756,1137,108621
92938756,92939903,1147,168204
92939903,92941166,1263,163527
92941166,92942006,840,8675
92942006,92943147,1141,14653
92943147,92944141,994,10328
92944141,92945275,1134,130871
92945275,92946438,1163,125123
92946438,92946617,179,72311
92946617,92947540,923,262305
92947540,92947978,438,142824
92947978,92948771,793,117095
92948771,92949835,1064,132848
92949835,92950184,349,134708
92950184,92951343,1159,259009
92951343,92951997,654,142279
92951997,92953149,1152,362
92953149,92953494,345,282926
92953494,92954323,829,153964
92954323,92955524,1201,102250
92955524,92956575,1051,134785
92956575,92957738,1163,14526
92957738,92959045,1307,296468
92959045,92960127,1082,24515
92960127,92961394,1267,13256
92961394,92962401,1007,54487
92962401,92963185,784,122451
92963185,92963508,323,155968
92963508,92964013,505,157054
92964013,92964653,640,106367
92964653,92965956,1303,145699
92965956,92967213,1257,142320
92967213,92968320,1107,120280
92968320,92969474,1154,137608
92969474,92970561,1087,122806
92970561,92971382,821,172165
92971382,92972614,1232,150127
92972614,92973788,1174,296468
92973788,92974956,1168,117382
92974956,92975440,484,95875
92975440,92976589,1149,54613
92976589,92977786,1197,258250
92977786,92978961,1175,14526
92978961,92979258,297,122626
92979258,92979935,677,10702
92979935,92980848,913,304534
92980848,92981727,879,56777
92981727,92982948,1221,8140
92982948,92984222,1274,130093
92984222,92984853,631,134119
92984853,92985666,813,129440
92985666,92986610,944,144503
92986610,92987407,797,62851
92987407,92988199,792,10172
92988199,92988718,519,128636
92988718,92990000,1282,117095
92990000,92991241,1241,5416
92991241,92992542,1301,87997
92992542,92993455,913,67584
92993455,92994604,1149,91801
92994604,92995794,1190,4654
92995794,92996972,1178,143485
92996972,92998143,1171,137483
92998143,92999280,1137,10347
92999280,93000406,1126,165702
93000406,93001434,1028,31091
93001434,93002713,1279,64956
93002713,93003175,462,106370
93003175,93004423,1248,12926
93004423,93005051,628,178450
93005051,93006286,1235,91072
93006286,93007022,736,134792
93007022,93008050,1028,73972
93008050,93009341,1291,756
93009341,93010525,1184,96151
93010525,93011515,990,199
93011515,93012695,1180,142279
93012695,93013712,1017,6556
93013712,93014845,1133,121331
93014845,93016060,1215,67200
93016060,93016524,464,106367
93016524,93017572,1048,121896
93017572,93018735,1163,144965
93018735,93019363,628,41166
93019363,93020590,1227,12103
93020590,93021768,1178,84448
93021768,93023020,1252,184447
93023020,93023991,971,61356
93023991,93024986,995,68344
93024986,93025769,783,129790
93025769,93026960,1191,48579
93026960,93028163,1203,160188
93028163,93029182,1019,171134
93029182,93030465,1283,126319
93030465,93031621,1156,127704
93031621,93032807,1186,121416
93032807,93034054,1247,89940
93034054,93035214,1160,68359
93035214,93035546,332,126965
93035546,93036822,1276,135635
93036822,93037804,982,66166
93037804,93038900,1096,138290
93038900,93040140,1240,82458
93040140,93041138,998,185125
93041138,93042224,1086,124549
93042224,93043470,1246,131735
93043470,93044439,969,108620
93044439,93045542,1103,147963
93045542,93045920,378,28868
93045920,93047097,1177,59167
93047097,93048101,1004,61422
93048101,93049085,984,160188
93049085,93050256,1171,132848
93050256,93051023,767,11547
93051023,93052041,1018,144496
93052041,93053400,1359,291172
93053400,93054605,1205,142358
93054605,93055678,1073,126220
93055678,93056619,941,132891
93056619,93057626,1007,120282
93057626,93058733,1107,86026
93058733,93059902,1169,128329
93059902,93060113,211,129443
93060113,93061401,1288,10673
93061401,93062666,1265,285173
93062666,93063866,1200,128345
93063866,93064969,1103,145700
93064969,93065409,440,170453
93065409,93066487,1078,87547
93066487,93067046,559,78193
93067046,93068328,1282,166433
93068328,93068531,203,6556
93068531,93069110,579,139350
93069110,93070137,1027,58025
93070137,93071274,1137,39476
93071274,93072532,1258,231834
93072532,93073727,1195,170976
93073727,93074794,1067,38026
93074794,93076085,1291,134728
93076085,93077206,1121,103126
93077206,93078413,1207,134176
93078413,93079440,1027,28465
93079440,93080468,1028,135892
93080468,93081442,974,147990
93081442,93081689,247,58776
93081689,93082912,1223,14526
93082912,93083998,1086,38026
93083998,93085259,1261,156018
93085259,93086335,1076,112592
93086335,93087127,792,142824
93087127,93088330,1203,8927
93088330,93089567,1237,143264
93089567,93090071,504,131735
93090071,93091336,1265,122025
93091336,93091989,653,143895
93091989,93093048,1059,121449
93093048,93094085,1037,60801
93094085,93094729,644,86804
93094729,93095268,539,129623
93095268,93096370,1102,95870
93096370,93097523,1153,126410
93097523,93098621,1098,10160
93098621,93099160,539,4654
93099160,93099607,447,46243
93099607,93100836,1229,12715
93100836,93101177,341,135020
93101177,93101871,694,176854
93101871,93102973,1102,47237
93102973,93104042,1069,20034
93104042,93105133,1091,104890
93105133,93106227,1094,104978
93106227,93107394,1167,64956
93107394,93108155,761,124224
93108155,93109377,1222,74798
93109377,93109860,483,121392
93109860,93110835,975,112593
93110835,93112049,1214,140718
93112049,93112847,798,83606
93112847,93113876,1029,14358
93113876,93114959,1083,12971
93114959,93116197,1238,140931
93116197,93117222,1025,174992
93117222,93118208,986,163527
93118208,93119457,1249,160438
93119457,93120684,1227,156720
93120684,93121105,421,32139
93121105,93122469,1364,139797
93122469,93123735,1266,140222
93123735,93124427,692,166423
93124427,93125203,776,129513
93125203,93126344,1141,282926
93126344,93127399,1055,4136
93127399,93128390,991,115686
93128390,93129378,988,53458
93129378,93130007,629,14976
93130007,93130449,442,121130
93130449,93131532,1083,134451
93131532,93131787,255,39508
93131787,93132785,998,232057
93132785,93133722,937,275128
93133722,93134903,1181,164188
93134903,93136117,1214,122467
93136117,93136350,233,112057
93136350,93137232,882,144135
93137232,93137889,657,131890
93137889,93138811,922,48579
93138811,93139070,259,171133
93139070,93139595,525,144496
93139595,93140700,1105,123191
93140700,93141811,1111,63101
93141811,93142904,1093,163384
93142904,93144054,1150,127538
93144054,93144790,736,14674
93144790,93145688,898,145138
93145688,93146936,1248,185074
93146936,93147876,940,137141
93147876,93148942,1066,133395
93148942,93150105,1163,125883
93150105,93151254,1149,126232
93151254,93152394,1140,11254
93152394,93152595,201,170952
93152595,93153153,558,110127
93153153,93154440,1287,98876
93154440,93155736,1296,5330
93155736,93156909,1173,131704
93156909,93157878,969,126860
93157878,93158923,1045,89390
93158923,93159968,1045,148521
93159968,93161118,1150,34479
93161118,93162346,1228,126577
93162346,93162879,533,125941
93162879,93164165,1286,60480
93164165,93165315,1150,141320
93165315,93165700,385,176256
93165700,93166440,740,122545
93166440,93167595,1155,12707
93167595,93168830,1235,156977
93168830,93169953,1123,64974
93169953,93171236,1283,12332
93171236,93172513,1277,116805
93172513,93173687,1174,13265
93173687,93174273,586,129393
93174273,93175428,1155,10701
93175428,93176561,1133,107520
93176561,93177535,974,121069
93177535,93178599,1064,144485
93178599,93179608,1009,128345
93179608,93180959,1351,132718
93180959,93182217,1258,8157
93182217,93183423,1206,138901
93183423,93184326,903,126829
93184326,93185524,1198,38026
93185524,93186083,559,134981
93186083,93187164,1081,47030
93187164,93188279,1115,34572
93188279,93188784,505,122944
93188784,93189796,1012,131294
93189796,93191064,1268,122545
93191064,93192094,1030,37999
93192094,93193252,1158,276730
93193252,93194377,1125,8157
93194377,93195380,1003,34478
93195380,93195652,272,106367
93195652,93196739,1087,45204
93196739,93197991,1252,64708
93197991,93199071,1080,54016
93199071,93200149,1078,126296
93200149,93201222,1073,122863
93201222,93202408,1186,123443
93202408,93203739,1331,109180
93203739,93204922,1183,294551
93204922,93205701,779,134465
93205701,93206114,413,6398
93206114,93206939,825,46240
93206939,93207698,759,132705
93207698,93208815,1117,88363
93208815,93209325,510,258263
93209325,93210502,1177,130530
93210502,93211740,1238,109185
93211740,93212386,646,291379
93212386,93213564,1178,7944
93213564,93214693,1129,137589
93214693,93215436,743,32139
93215436,93216721,1285,5764
93216721,93217729,1008,130529
93217729,93218013,284,296465
93218013,93219154,1141,54487
93219154,93219565,411,70843
93219565,93219771,206,292347
93219771,93220487,716,59175
93220487,93221720,1233,101262
93221720,93222681,961,105405
93222681,93223826,1145,128990
93223826,93225109,1283,158744
93225109,93226148,1039,133424
93226148,93227331,1183,304535
93227331,93228024,693,128226
93228024,93229115,1091,149245
93229115,93230480,1365,134674
93230480,93231637,1157,149939
93231637,93232866,1229,143893
93232866,93233722,856,7622
93233722,93234981,1259,282357
93234981,93236263,1282,132717
93236263,93237477,1214,155151
93237477,93238461,984,208
93238461,93239708,1247,86741
93239708,93240893,1185,105390
93240893,93242008,1115,154673
93242008,93243289,1281,129011
93243289,93244519,1230,92805
93244519,93245767,1248,14897
93245767,93247015,1248,126302
93247015,93248156,1141,121331
93248156,93249339,1183,163612
93249339,93250348,1009,141248
93250348,93251714,1366,29120
93251714,93252765,1051,14936
93252765,93254001,1236,19208
93254001,93255310,1309,72205
93255310,93256559,1249,155968
93256559,93257459,900,262291
93257459,93258771,1312,14674
93258771,93259911,1140,123266
93259911,93260902,991,37092
93260902,93261644,742,67592
93261644,93262729,1085,11546
93262729,93263890,1161,149738
93263890,93264981,1091,31091
93264981,93266212,1231,100044
93266212,93267375,1163,92806
93267375,93267608,233,129583
93267608,93268693,1085,105673
93268693,93268900,207,106611
93268900,93269845,945,20034
93269845,93270925,1080,166683
93270925,93271502,577,147627
93271502,93272559,1057,668
93272559,93272997,438,110127
93272997,93274251,1254,294114
93274251,93275191,940,119253
93275191,93276253,1062,130627
93276253,93277478,1225,144485
93277478,93278724,1246,153958
93278724,93279796,1072,134148
93279796,93280843,1047,132280
93280843,93282038,1195,276939
93282038,93283184,1146,138548
93283184,93283582,398,121899
93283582,93284637,1055,283242
93284637,93285202,565,282385
93285202,93286429,1227,70843
93286429,93287690,1261,152267
93287690,93288676,986,275218
93288676,93289646,970,104391
93289646,93290835,1189,3587
93290835,93291372,537,3967
93291372,93292501,1129,26956
93292501,93293552,1051,141644
93293552,93294255,703,36641
93294255,93295099,844,144135
93295099,93296198,1099,158796
93296198,93297406,1208,258262
93297406,93298067,661,8927
93298067,93298296,229,64291
93298296,93299565,1269,284424
93299565,93300593,1028,144496
93300593,93301736,1143,147110
93301736,93302949,1213,129805
93302949,93303704,755,65554
93303704,93303885,181,13256
93303885,93305092,1207,143625
93305092,93306166,1074,167597
93306166,93307223,1057,92812
93307223,93308426,1203,24515
93308426,93309702,1276,64956
93309702,93310946,1244,130494
93310946,93312257,1311,152842
93312257,93312628,371,157644
93312628,93313763,1135,156224
93313763,93314038,275,156967
93314038,93315242,1204,160958
93315242,93316415,1173,282985
93316415,93317500,1085,139387
93317500,93318749,1249,138042
93318749,93319862,1113,150843
93319862,93320955,1093,130977
93320955,93322106,1151,50778
93322106,93322969,863,282934
93322969,93324259,1290,72927
93324259,93325472,1213,75355
93325472,93326711,1239,291107
93326711,93327105,394,150855
93327105,93327381,276,84121
93327381,93328450,1069,138074
93328450,93328712,262,56574
93328712,93328974,262,126292
93328974,93329445,471,292604
93329445,93330630,1185,121415
93330630,93331769,1139,50778
93331769,93332648,879,16802
93332648,93333207,559,143022
93333207,93334319,1112,131003
93334319,93335442,1123,286306
93335442,93336691,1249,57837
93336691,93337738,1047,126947
93337738,93338897,1159,73728
93338897,93340098,1201,44937
93340098,93340891,793,175962
93340891,93341942,1051,278228
93341942,93342923,981,78193
93342923,93343263,340,278289
93343263,93344096,833,258266
93344096,93344389,293,76044
93344389,93345406,1017,104637
93345406,93346489,1083,187464
93346489,93346889,400,127522
93346889,93348156,1267,87508
93348156,93348819,663,139307
93348819,93349229,410,157236
93349229,93350495,1266,296468
93350495,93351696,1201,32451
93351696,93352838,1142,123036
93352838,93353917,1079,110056
93353917,93354085,168,126842
93354085,93355244,1159,143264
93355244,93356169,925,160593
93356169,93357366,1197,133471
93357366,93358619,1253,130566
93358619,93359824,1205,110238
93359824,93361006,1182,101276
93361006,93362203,1197,131899
93362203,93363335,1132,141208
93363335,93364521,1186,26987
93364521,93365707,1186,184266
93365707,93366733,1026,129396
93366733,93367049,316,14674
93367049,93368242,1193,50778
93368242,93368451,209,61317
93368451,93369605,1154,28375
93369605,93370670,1065,135814
93370670,93371473,803,122655
93371473,93372594,1121,182394
93372594,93373801,1207,48830
93373801,93374728,927,142744
93374728,93375697,969,126577
93375697,93376996,1299,130493
93376996,93377526,530,160593
93377526,93378751,1225,177234
93378751,93379942,1191,156154
93379942,93381093,1151,144135
93381093,93382372,1279,279153
93382372,93383441,1069,67233
93383441,93384701,1260,277898
93384701,93385481,780,44585
93385481,93386408,927,7371
93386408,93387469,1061,26987
93387469,93388260,791,117382
93388260,93389402,1142,130105
93389402,93390659,1257,126929
93390659,93391914,1255,143521
93391914,93392748,834,24731
93392748,93393767,1019,96672
93393767,93394926,1159,96175
93394926,93396090,1164,126859
93396090,93397086,996,111961
93397086,93398118,1032,234106
93398118,93399327,1209,156968
93399327,93400611,1284,135216
93400611,93401825,1214,169619
93401825,93403025,1200,9342
93403025,93403867,842,131735
93403867,93404833,966,46240
93404833,93406132,1299,110238
93406132,93407324,1192,18524
93407324,93408563,1239,279239
93408563,93409780,1217,26947
93409780,93410809,1029,120281
93410809,93411841,1032,152824
93411841,93413027,1186,88086
93413027,93414342,1315,89882
93414342,93415381,1039,41259
93415381,93416517,1136,22178
93416517,93417850,1333,125140
93417850,93418989,1139,140221
93418989,93419999,1010,126932
93419999,93420732,733,128632
93420732,93421931,1199,134804
93421931,93422954,1023,25951
93422954,93424183,1229,105673
93424183,93425433,1250,126794
93425433,93426502,1069,72876
93426502,93427777,1275,105574
93427777,93428075,298,134463
93428075,93428786,711,62850
93428786,93429773,987,291718
93429773,93430966,1193,47237
93430966,93432184,1218,96151
93432184,93433251,1067,7371
93433251,93434529,1278,284444
93434529,93434752,223,131113
93434752,93435963,1211,68762
93435963,93437142,1179,95875
93437142,93438223,1081,110243
93438223,93439292,1069,12971
93439292,93440485,1193,138631
93440485,93441744,1259,94108
93441744,93442925,1181,138290
93442925,93444120,1195,142750
93444120,93445397,1277,668
93445397,93446614,1217,156738
93446614,93447566,952,121902
93447566,93448699,1133,84122
93448699,93449622,923,101892
93449622,93450910,1288,149236
93450910,93452131,1221,158081
93452131,93453272,1141,88363
93453272,93454419,1147,39970
93454419,93455411,992,47030
93455411,93456117,706,133393
93456117,93457354,1237,8890
93457354,93458570,1216,147159
93458570,93459907,1337,134120
93459907,93461109,1202,258283
93461109,93461766,657,132717
93461766,93462897,1131,26951
93462897,93464138,1241,32886
93464138,93465235,1097,73075
93465235,93466541,1306,138043
93466541,93467601,1060,270777
93467601,93468060,459,107479
93468060,93469104,1044,123283
93469104,93470288,1184,73973
93470288,93471316,1028,123268
93471316,93471510,194,142320
93471510,93472637,1127,138866
93472637,93472952,315,127732
93472952,93473205,253,11243
93473205,93473759,554,136846
93473759,93474264,505,120325
93474264,93475423,1159,141279
93475423,93476737,1314,139200
93476737,93477953,1216,301693
93477953,93479180,1227,43296
93479180,93480319,1139,127597
93480319,93481320,1001,1129
93481320,93482573,1253,51162
93482573,93482889,316,104483
93482889,93484026,1137,270778
93484026,93485054,1028,48842
93485054,93486040,986,177641
93486040,93487155,1115,245691
93487155,93488388,1233,135762
93488388,93489564,1176,65554
93489564,93490804,1240,395
93490804,93490983,179,132891
93490983,93491888,905,280380
93491888,93492919,1031,36386
93492919,93493344,425,699
93493344,93494484,1140,139308
93494484,93495627,1143,19361
93495627,93496064,437,126965
93496064,93497297,1233,158081
93497297,93497747,450,147970
93497747,93498694,947,121760
93498694,93499911,1217,148522
93499911,93500715,804,296473
93500715,93501874,1159,16003
93501874,93502818,944,26982
93502818,93503736,918,21393
93503736,93504983,1247,19361
93504983,93506258,1275,178748
93506258,93507515,1257,12545
93507515,93508760,1245,129513
93508760,93510025,1265,39476
93510025,93510563,538,26520
93510563,93511218,655,126209
93511218,93512554,1336,66622
93512554,93513590,1036,124221
93513590,93514727,1137,86040
93514727,93515810,1083,110238
93515810,93516884,1074,43322
93516884,93518118,1234,279153
93518118,93519325,1207,1119
93519325,93520520,1195,121799
93520520,93521520,1000,4654
93521520,93522839,1319,133471
93522839,93523960,1121,143477
93523960,93524715,755,159386
93524715,93525750,1035,129790
93525750,93526880,1130,131751
93526880,93528089,1209,114452
93528089,93529318,1229,244431
93529318,93530480,1162,125127
93530480,93531601,1121,140639
93531601,93532577,976,165702
93532577,93533782,1205,270777
93533782,93534947,1165,149880
93534947,93535304,357,39660
93535304,93535737,433,121416
93535737,93536091,354,10673
93536091,93536377,286,102238
93536377,93537155,778,62347
93537155,93537978,823,39508
93537978,93539223,1245,169291
93539223,93540227,1004,129974
93540227,93541469,1242,171109
93541469,93542684,1215,41170
93542684,93543632,948,50776
93543632,93544801,1169,104391
93544801,93545978,1177,291172
93545978,93547247,1269,98878
93547247,93548522,1275,187023
93548522,93549821,1299,129011
93549821,93550752,931,48362
93550752,93551655,903,12707
93551655,93552367,712,170956
93552367,93553312,945,104491
93553312,93554461,1149,65772
93554461,93555462,1001,125883
93555462,93556707,1245,131735
93556707,93557934,1227,99249
93557934,93558101,167,122451
93558101,93559276,1175,121106
93559276,93560545,1269,41151
93560545,93561715,1170,131890
93561715,93562533,818,158074
93562533,93563824,1291,131294
93563824,93565058,1234,112012
93565058,93566043,985,123163
93566043,93566832,789,284269
93566832,93567985,1153,158081
93567985,93569104,1119,21498
93569104,93569621,517,149890
93569621,93570848,1227,89940
93570848,93571276,428,291608
93571276,93572611,1335,56778
93572611,93573806,1195,48525
93573806,93574819,1013,156155
93574819,93575861,1042,148920
93575861,93577143,1282,88484
93577143,93578014,871,156977
93578014,93579079,1065,142752
93579079,93579510,431,176278
93579510,93580733,1223,124990
93580733,93581950,1217,157243
93581950,93582940,990,19361
93582940,93584155,1215,130625
93584155,93585389,1234,122655
93585389,93586626,1237,178149
93586626,93587660,1034,174953
93587660,93588940,1280,216570
93588940,93590166,1226,134160
93590166,93591167,1001,4662
93591167,93592295,1128,81870
93592295,93593410,1115,73958
93593410,93594475,1065,258993
93594475,93595682,1207,133273
93595682,93596481,799,129623
93596481,93597630,1149,61777
93597630,93598715,1085,44582
93598715,93599816,1101,56179
93599816,93600239,423,258960
93600239,93601272,1033,131722
93601272,93601857,585,26894
93601857,93602931,1074,132532
93602931,93604243,1312,169293
93604243,93604768,525,143361
93604768,93605031,263,164187
93605031,93605781,750,143893
93605781,93607090,1309,102240
93607090,93608334,1244,147981
93608334,93609602,1268,39967
93609602,93610805,1203,32639
93610805,93611925,1120,10801
93611925,93613138,1213,284268
93613138,93614417,1279,146437
93614417,93615360,943,131030
93615360,93616369,1009,121064
93616369,93617536,1167,102239
93617536,93618719,1183,31668
93618719,93619811,1092,62516
93619811,93621082,1271,76055
93621082,93622317,1235,290365
93622317,93623068,751,231838
93623068,93624326,1258,134717
93624326,93625216,890,106366
93625216,93626465,1249,86588
93626465,93627553,1088,187466
93627553,93628537,984,131295
93628537,93629340,803,176660
93629340,93630059,719,862
93630059,93630570,511,105394
93630570,93631861,1291,274378
93631861,93633102,1241,105394
93633102,93634178,1076,137483
93634178,93635303,1125,126932
93635303,93636589,1286,126312
93636589,93637758,1169,296078
93637758,93639021,1263,158081
93639021,93640284,1263,183239
93640284,93641425,1141,165702
93641425,93642270,845,121669
93642270,93643537,1267,123013
93643537,93644808,1271,77778
93644808,93645161,353,157056
93645161,93646252,1091,31097
93646252,93647283,1031,5764
93647283,93648574,1291,120325
93648574,93649691,1117,92930
93649691,93650874,1183,70843
93650874,93651577,703,124439
93651577,93652295,718,174953
93652295,93652684,389,117384
93652684,93653807,1123,19376
93653807,93654890,1083,108005
93654890,93655837,947,56175
93655837,93656888,1051,149033
93656888,93658107,1219,71550
93658107,93659170,1063,66347
93659170,93660360,1190,163527
93660360,93661413,1053,5912
93661413,93662504,1091,292252
93662504,93663721,1217,176270
93663721,93665028,1307,57831
93665028,93666075,1047,56175
93666075,93667315,1240,127521
93667315,93668339,1024,2327
93668339,93669429,1090,19361
93669429,93669614,185,126796
93669614,93670593,979,131259
93670593,93671190,597,48848
93671190,93672483,1293,176680
93672483,93673792,1309,89390
93673792,93674463,671,36641
93674463,93675485,1022,134434
93675485,93676422,937,145701
93676422,93676678,256,258283
93676678,93677750,1072,61777
93677750,93677970,220,106366
93677970,93678936,966,161707
93678936,93679913,977,32856
93679913,93680868,955,122789
93680868,93681721,853,291609
93681721,93682937,1216,128990
93682937,93683468,531,294523
93683468,93684199,731,125128
93684199,93684944,745,86765
93684944,93686167,1223,104483
93686167,93687359,1192,12715
93687359,93688541,1182,141320
93688541,93689776,1235,121024
93689776,93690962,1186,86741
93690962,93691355,393,163527
93691355,93692478,1123,12546
93692478,93693588,1110,98880
93693588,93694734,1146,139324
93694734,93695899,1165,156724
93695899,93697228,1329,231862
93697228,93698491,1263,126860
93698491,93699606,1115,149880
93699606,93700798,1192,153733
93700798,93701980,1182,134119
93701980,93702886,906,147110
93702886,93704157,1271,124439
93704157,93705305,1148,75939
93705305,93706532,1227,276735
93706532,93707656,1124,105398
93707656,93708909,1253,131882
93708909,93709692,783,63101
93709692,93710941,1249,121068
93710941,93712181,1240,54487
93712181,93713397,1216,56175
93713397,93713788,391,63713
93713788,93715013,1225,105179
93715013,93716277,1264,54006
93716277,93717454,1177,77361
93717454,93718317,863,53342
93718317,93719068,751,139356
93719068,93720259,1191,61777
93720259,93720561,302,244431
93720561,93721382,821,294113
93721382,93722646,1264,137589
93722646,93723917,1271,91192
93723917,93724957,1040,56222
93724957,93725480,523,134120
93725480,93726551,1071,6524
93726551,93727512,961,11612
93727512,93728743,1231,123059
93728743,93729363,620,13248
93729363,93730522,1159,125127
93730522,93731174,652,105405
93731174,93731777,603,149738
93731777,93732918,1141,147173
93732918,93734137,1219,29101
93734137,93735047,910,77778
93735047,93735945,898,126796
93735945,93737067,1122,87508
93737067,93738086,1019,129325
93738086,93739183,1097,1539
93739183,93740252,1069,294120
93740252,93741409,1157,138033
93741409,93742329,920,292253
93742329,93743597,1268,139612
93743597,93744851,1254,146437
93744851,93746104,1253,145083
93746104,93747332,1228,76974
93747332,93748495,1163,75807
93748495,93749577,1082,65772
93749577,93750808,1231,298549
93750808,93751910,1102,161226
93751910,93752629,719,121024
93752629,93753833,1204,80189
93753833,93755035,1202,20028
93755035,93755813,778,12544
93755813,93756486,673,44937
93756486,93757770,1284,291170
93757770,93758006,236,101265
93758006,93759047,1041,184448
93759047,93760254,1207,110243
93760254,93761321,1067,281132
93761321,93762462,1141,128309
93762462,93762907,445,129790
93762907,93764124,1217,5703
93764124,93765308,1184,58090
93765308,93766556,1248,45218
93766556,93767488,932,10160
93767488,93768818,1330,13364
93768818,93770081,1263,153958
93770081,93771022,941,160958
93771022,93772160,1138,64738
93772160,93773397,1237,91906
93773397,93774687,1290,141791
93774687,93775674,987,292253
93775674,93776950,1276,171139
93776950,93777266,316,176256
93777266,93778458,1192,84122
93778458,93779696,1238,131259
93779696,93780777,1081,30591
93780777,93781023,246,128633
93781023,93782254,1231,11546
93782254,93783303,1049,164927
93783303,93783654,351,24515
93783654,93784245,591,73295
93784245,93784607,362,11077
93784607,93785747,1140,129659
93785747,93786997,1250,108620
93786997,93788098,1101,91902
93788098,93789188,1090,95963
93789188,93790127,939,128138
93790127,93790446,319,134717
93790446,93791661,1215,137004
93791661,93792236,575,63111
93792236,93793258,1022,67851
93793258,93793879,621,143361
93793879,93794913,1034,19366
93794913,93795923,1010,262269
93795923,93796444,521,5757
93796444,93797432,988,158074
93797432,93798655,1223,18524
93798655,93799850,1195,178030
93799850,93800935,1085,9210
93800935,93802138,1203,111754
93802138,93803288,1150,275885
93803288,93804381,1093,55088
93804381,93805487,1106,9174
93805487,93806436,949,164187
93806436,93807554,1118,104637
93807554,93808381,827,109663
93808381,93809619,1238,169291
93809619,93810698,1079,128990
93810698,93811842,1144,183988
93811842,93812859,1017,100145
93812859,93813720,861,157242
93813720,93814664,944,106367
93814664,93815697,1033,126947
93815697,93816117,420,101854
93816117,93817218,1101,100431
93817218,93817485,267,176853
93817485,93818687,1202,134420
93818687,93819764,1077,295710
93819764,93820822,1058,132821
93820822,93822119,1297,124439
93822119,93822490,371,4691
93822490,93823543,1053,14936
93823543,93824242,699,135580
93824242,93824688,446,106800
93824688,93825446,758,168500
93825446,93825799,353,163322
93825799,93826853,1054,149739
93826853,93828026,1173,48830
93828026,93829301,1275,2327
93829301,93830484,1183,64291
93830484,93831637,1153,143477
93831637,93832720,1083,4690
93832720,93833993,1273,129805
93833993,93835026,1033,11079
93835026,93836171,1145,281132
93836171,93836821,650,67218
93836821,93837343,522,62347
93837343,93838612,1269,129974
93838612,93839385,773,160953
93839385,93840376,991,43322
93840376,93841656,1280,32886
93841656,93842960,1304,101864
93842960,93844239,1279,20410
93844239,93845088,849,54666
93845088,93846325,1237,96151
93846325,93847593,1268,110061
93847593,93848403,810,161102
93848403,93849622,1219,129659
93849622,93850300,678,12971
93850300,93851492,1192,177234
93851492,93851655,163,126410
93851655,93852592,937,133211
93852592,93853710,1118,111574
93853710,93854809,1099,106969
93854809,93856147,1338,61316
93856147,93856320,173,5341
93856320,93857489,1169,121766
93857489,93858667,1178,138486
93858667,93859804,1137,104986
93859804,93860269,465,20028
93860269,93861382,1113,3582
93861382,93862462,1080,23281
93862462,93863773,1311,11243
93863773,93864009,236,92427
93864009,93865078,1069,145699
93865078,93866251,1173,164327
93866251,93867284,1033,107483
93867284,93868068,784,166683
93868068,93869308,1240,23281
93869308,93869793,485,86043
93869793,93870060,267,129623
93870060,93871278,1218,54016
93871278,93872284,1006,138486
93872284,93873385,1101,283242
93873385,93874472,1087,363
93874472,93875744,1272,276735
93875744,93876037,293,101283
93876037,93876863,826,139009
93876863,93877608,745,8674
93877608,93878771,1163,84121
93878771,93879976,1205,56222
93879976,93880833,857,141242
93880833,93881928,1095,28380
93881928,93882137,209,130627
93882137,93882940,803,163607
93882940,93884039,1099,92002
93884039,93884530,491,102239
93884530,93885154,624,10673
93885154,93886022,868,7591
93886022,93886564,542,161101
93886564,93887812,1248,258960
93887812,93888786,974,27504
93888786,93889205,419,11734
93889205,93890227,1022,7591
93890227,93891206,979,47541
93891206,93892219,1013,104979
93892219,93893303,1084,106974
93893303,93894358,1055,1187
93894358,93895481,1123,157475
93895481,93896194,713,122944
93896194,93897517,1323,64291
93897517,93898662,1145,19366
93898662,93899766,1104,91905
93899766,93900845,1079,11077
93900845,93902164,1319,157861
93902164,93903229,1065,121671
93903229,93904557,1328,162129
93904557,93905762,1205,37134
93905762,93906996,1234,10642
93906996,93908135,1139,39967
93908135,93909276,1141,258959
93909276,93910460,1184,10701
93910460,93911368,908,87280
93911368,93912677,1309,26895
93912677,93913904,1227,76043
93913904,93915236,1332,220980
93915236,93916522,1286,139753
93916522,93917596,1074,46268
93917596,93918577,981,86804
93918577,93919390,813,281472
93919390,93920488,1098,145138
93920488,93921670,1182,108638
93921670,93922373,703,185485
93922373,93923116,743,159228
93923116,93924174,1058,126929
93924174,93925348,1174,161102
93925348,93926696,1348,157636
93926696,93927490,794,98877
93927490,93928406,916,7793
93928406,93928595,189,220952
93928595,93929584,989,150843
93929584,93930713,1129,169291
93930713,93931363,650,150916
93931363,93932434,1071,129594
93932434,93933603,1169,147962
93933603,93934731,1128,64956
93934731,93935874,1143,134785
93935874,93937007,1133,155972
93937007,93938120,1113,12898
93938120,93939423,1303,156230
93939423,93940534,1111,39478
93940534,93941853,1319,155972
93941853,93943036,1183,2327
93943036,93944229,1193,60480
93944229,93945145,916,246893
93945145,93946150,1005,178449
93946150,93947207,1057,126947
93947207,93948215,1008,92820
93948215,93949444,1229,12707
93949444,93950533,1089,55088
93950533,93951767,1234,177638
93951767,93952439,672,141240
93952439,93953669,1230,139727
93953669,93954880,1211,126221
93954880,93956043,1163,24732
93956043,93957293,1250,124439
93957293,93958504,1211,141571
93958504,93959552,1048,126794
93959552,93960082,530,128632
93960082,93960757,675,89894
93960757,93960964,207,122545
93960964,93962141,1177,294700
93962141,93962338,197,139741
93962338,93963554,1216,19376
93963554,93964843,1289,22581
93964843,93965969,1126,130627
93965969,93966945,976,129790
93966945,93967914,969,32904
93967914,93969154,1240,21498
93969154,93970105,951,139612
93970105,93971234,1129,129396
93971234,93971926,692,135659
93971926,93973065,1139,131040
93973065,93973633,568,233382
93973633,93974543,910,101836
93974543,93975623,1080,130727
93975623,93976285,662,143625
93976285,93977486,1201,123507
93977486,93978691,1205,127685
93978691,93978850,159,124558
93978850,93979986,1136,67584
93979986,93981210,1224,78193
93981210,93982391,1181,95441
93982391,93982616,225,141242
93982616,93983801,1185,48513
93983801,93985050,1249,6541
93985050,93986159,1109,156757
93986159,93987399,1240,13270
93987399,93988495,1096,107480
93988495,93989529,1034,142320
93989529,93990828,1299,279363
93990828,93992089,1261,68188
93992089,93993279,1190,59239
93993279,93994423,1144,13256
93994423,93995502,1079,163612
93995502,93996603,1101,80192
93996603,93997793,1190,143485
93997793,93999028,1235,274549
93999028,93999881,853,129513
93999881,94001226,1345,105386
94001226,94002438,1212,131030
94002438,94003591,1153,54006
94003591,94004839,1248,141148
94004839,94005975,1136,44912
94005975,94007151,1176,136983
94007151,94008031,880,132644
94008031,94009020,989,25951
94009020,94010150,1130,155949
94010150,94011035,885,25951
94011035,94012166,1131,140725
94012166,94013405,1239,44577
94013405,94014488,1083,13056
94014488,94015313,825,126577
94015313,94016578,1265,91801
94016578,94017447,869,145138
94017447,94018530,1083,67147
94018530,94019759,1229,74797
94019759,94021001,1242,139308
94021001,94022248,1247,157858
94022248,94023415,1167,60480
94023415,94024698,1283,140071
94024698,94025874,1176,160949
94025874,94026101,227,5758
94026101,94027333,1232,130989
94027333,94028590,1257,165428
94028590,94029674,1084,13056
94029674,94029881,207,5909
94029881,94030089,208,125123
94030089,94031393,1304,28247
94031393,94032538,1145,84010
94032538,94033748,1210,108621
94033748,94034959,1211,233342
94034959,94036069,1110,129011
94036069,94037096,1027,252341
94037096,94038142,1046,122806
94038142,94039102,960,102381
94039102,94040055,953,13269
94040055,94041242,1187,73961
94041242,94042356,1114,121413
94042356,94043342,986,14960
94043342,94043807,465,134674
94043807,94044910,1103,142824
94044910,94046188,1278,298549
94046188,94047269,1081,262269
94047269,94047797,528,181961
94047797,94048904,1107,129808
94048904,94050004,1100,68762
94050004,94051087,1083,132891
94051087,94052134,1047,262305
94052134,94053343,1209,139743
94053343,94054532,1189,129011
94054532,94055684,1152,73073
94055684,94056882,1198,128240
94056882,94058025,1143,152282
94058025,94059254,1229,67851
94059254,94060473,1219,39648
94060473,94061701,1228,291101
94061701,94062891,1190,157243
94062891,94064135,1244,47030
94064135,94065373,1238,123215
94065373,94066587,1214,102240
94066587,94067834,1247,142744
94067834,94068939,1105,136983
94068939,94069746,807,85684
94069746,94070895,1149,126296
94070895,94071931,1036,178030
94071931,94073128,1197,136458
94073128,94074093,965,290351
94074093,94074486,393,104394
94074486,94075497,1011,246932
94075497,94076377,880,5084
94076377,94077560,1183,162375
94077560,94078328,768,107627
94078328,94079525,1197,147110
94079525,94080824,1299,293531
94080824,94082006,1182,862
94082006,94082436,430,132866
94082436,94082704,268,105383
94082704,94083898,1194,244431
94083898,94085072,1174,181420
94085072,94086275,1203,135897
94086275,94087509,1234,10347
94087509,94088484,975,141791
94088484,94089635,1151,141148
94089635,94090793,1158,61317
94090793,94091917,1124,161975
94091917,94092622,705,30593
94092622,94093729,1107,157636
94093729,94095036,1307,244431
94095036,94096245,1209,59175
94096245,94097347,1102,95441
94097347,94097635,288,85635
94097635,94098870,1235,25951
94098870,94099997,1127,131113
94099997,94101139,1142,216567
94101139,94102195,1056,155520
94102195,94102946,751,143361
94102946,94104147,1201,139297
94104147,94105109,962,147963
94105109,94105703,594,105171
94105703,94106739,1036,231834
94106739,94107980,1241,70919
94107980,94109287,1307,397
94109287,94110408,1121,78193
94110408,94111558,1150,294120
94111558,94112807,1249,86683
94112807,94113858,1051,140718
94113858,94115128,1270,187023
94115128,94116408,1280,170212
94116408,94117666,1258,168500
94117666,94118808,1142,130870
94118808,94119879,1071,71402
94119879,94121053,1174,131228
94121053,94122236,1183,72311
94122236,94123215,979,127521
94123215,94124378,1163,129393
94124378,94125377,999,130103
94125377,94126533,1156,122827
94126533,94127735,1202,132532
94127735,94128920,1185,122614
94128920,94129417,497,48579
94129417,94130388,971,14274
94130388,94131491,1103,120583
94131491,94132672,1181,131751
94132672,94133854,1182,4691
94133854,94134341,487,138045
94134341,94135580,1239,96175
94135580,94136711,1131,170438
94136711,94137800,1089,110056
94137800,94138997,1197,291101
94138997,94140192,1195,66184
94140192,94141352,1160,46890
94141352,94142587,1235,163527
94142587,94143805,1218,132272
94143805,94145012,1207,66166
94145012,94146186,1174,121079
94146186,94147396,1210,135033
94147396,94148095,699,175390
94148095,94148941,846,4687
94148941,94149455,514,135897
94149455,94149836,381,300234
94149836,94151057,1221,55856
94151057,94152228,1171,65803
94152228,94153432,1204,11547
94153432,94154297,865,134316
94154297,94155345,1048,147110
94155345,94156632,1287,102240
94156632,94156831,199,234067
94156831,94157560,729,59268
94157560,94158858,1298,134420
94158858,94159254,396,121130
94159254,94159772,518,286306
94159772,94160573,801,116804
94160573,94161841,1268,169656
94161841,94162878,1037,63111
94162878,94164011,1133,130184
94164011,94165145,1134,73728
94165145,94166369,1224,144019
94166369,94167237,868,66184
94167237,94168473,1236,133424
94168473,94169046,573,139730
94169046,94170274,1228,126739
94170274,94171576,1302,127694
94171576,94171883,307,121106
94171883,94172669,786,27504
94172669,94173911,1242,6557
94173911,94175108,1197,170976
94175108,94176342,1234,284424
94176342,94177632,1290,131732
94177632,94178454,822,274549
94178454,94179701,1247,5791
94179701,94180262,561,56574
94180262,94181345,1083,11546
94181345,94182616,1271,131722
94182616,94183577,961,66622
94183577,94184740,1163,83633
94184740,94186071,1331,87280
94186071,94187309,1238,125941
94187309,94188410,1101,135220
94188410,94189241,831,129066
94189241,94190397,1156,58869
94190397,94191496,1099,5703
94191496,94192615,1119,27504
94192615,94193802,1187,57154
94193802,94195054,1252,101884
94195054,94195646,592,150469
94195646,94196828,1182,134728
94196828,94198019,1191,9174
94198019,94199133,1114,254949
94199133,94200133,1000,126739
94200133,94200366,233,278220
94200366,94201489,1123,81870
94201489,94202678,1189,39970
94202678,94203839,1161,282926
94203839,94204843,1004,69550
94204843,94205929,1086,91072
94205929,94206434,505,39761
94206434,94207581,1147,43306
94207581,94208813,1232,39476
94208813,94209805,992,9174
94209805,94211044,1239,73073
94211044,94212242,1198,121413
94212242,94213517,1275,136983
94213517,94213935,418,176854
94213935,94214472,537,32856
94214472,94215551,1079,90852
94215551,94216675,1124,45217
94216675,94217984,1309,156968
94217984,94219197,1213,70998
94219197,94220467,1270,131732
94220467,94221464,997,131742
94221464,94222535,1071,12103
94222535,94223128,593,19208
94223128,94224197,1069,8684
94224197,94225372,1175,56837
94225372,94225953,581,141148
94225953,94227212,1259,36386
94227212,94228305,1093,152826
94228305,94229208,903,100044
94229208,94230255,1047,46890
94230255,94231451,1196,126739
94231451,94232588,1137,65772
94232588,94233699,1111,144485
94233699,94234763,1064,12332
94234763,94235752,989,160188
94235752,94236953,1201,133263
94236953,94238000,1047,280250
94238000,94238469,469,167024
94238469,94239658,1189,301693
94239658,94240875,1217,161707
94240875,94242030,1155,136610
94242030,94243131,1101,132850
94243131,94243873,742,136280
94243873,94244892,1019,155968
94244892,94245109,217,68188
94245109,94246272,1163,58763
94246272,94246972,700,66347
94246972,94248063,1091,279856
94248063,94249219,1156,135657
94249219,94250426,1207,143625
94250426,94251178,752,123507
94251178,94251485,307,139009
94251485,94252532,1047,103120
94252532,94253678,1146,139355
94253678,94253830,152,148521
94253830,94255037,1207,120318
94255037,94255237,200,77778
94255237,94256476,1239,121064
94256476,94257763,1287,131003
94257763,94258970,1207,142279
94258970,94259547,577,41170
94259547,94260683,1136,73957
94260683,94261740,1057,41259
94261740,94262932,1192,162375
94262932,94264114,1182,95870
94264114,94265206,1092,87997
94265206,94266439,1233,150127
94266439,94267714,1275,6541
94267714,94268864,1150,109185
94268864,94269852,988,279239
94269852,94271029,1177,144999
94271029,94271811,782,139361
94271811,94272875,1064,158081
94272875,94274040,1165,69607
94274040,94274792,752,112187
94274792,94275759,967,112058
94275759,94277041,1282,291374
94277041,94277660,619,46889
94277660,94278626,966,126957
94278626,94278845,219,44912
94278845,94279791,946,185126
94279791,94280624,833,82558
94280624,94280992,368,155151
94280992,94281915,923,136846
94281915,94282838,923,55856
94282838,94283999,1161,107627
94283999,94285220,1221,39481
94285220,94286184,964,100043
94286184,94287425,1241,130184
94287425,94288426,1001,130588
94288426,94289343,917,133393
94289343,94290569,1226,164327
94290569,94291771,1202,130560
94291771,94292322,551,121085
94292322,94293446,1124,102250
94293446,94294463,1017,58869
94294463,94295513,1050,174960
94295513,94295993,480,9010
94295993,94297086,1093,140072
94297086,94298101,1015,287671
94298101,94299273,1172,70756
94299273,94300550,1277,166433
94300550,94301760,1210,232057
94301760,94302099,339,145733
94302099,94303332,1233,110061
94303332,94304068,736,150915
94304068,94305277,1209,142744
94305277,94305928,651,140222
94305928,94306047,119,129396
94306047,94306634,587,107627
94306634,94307735,1101,171108
94307735,94308963,1228,132291
94308963,94309766,803,99122
94309766,94310685,919,53342
94310685,94311941,1256,131890
94311941,94312521,580,291379
94312521,94313030,509,130093
94313030,94314372,1342,126737
94314372,94315548,1176,135897
94315548,94316742,1194,122545
94316742,94317727,985,140725
94317727,94318280,553,1539
94318280,94319146,866,151776
94319146,94319917,771,142358
94319917,94321174,1257,101864
94321174,94322225,1051,254948
94322225,94323241,1016,93470
94323241,94323898,657,126480
94323898,94325055,1157,72876
94325055,94326148,1093,47032
94326148,94326740,592,123506
94326740,94327569,829,129396
94327569,94328207,638,71320
94328207,94329071,864,122806
94329071,94330367,1296,133471
94330367,94331567,1200,133447
94331567,94332606,1039,73075
94332606,94333791,1185,129659
94333791,94334867,1076,6397
94334867,94336118,1251,123025
94336118,94337187,1069,50778
94337187,94337425,238,291170
94337425,94337788,363,129064
94337788,94338974,1186,158081
94338974,94340190,1216,156474
94340190,94341432,1242,110705
94341432,94342321,889,220951
94342321,94343078,757,12715
94343078,94344078,1000,127731
94344078,94344349,271,91801
94344349,94345498,1149,156224
94345498,94346756,1258,66464
94346756,94348019,1263,50777
94348019,94349208,1189,7943
94349208,94350321,1113,67592
94350321,94351021,700,155151
94351021,94351857,836,262291
94351857,94353027,1170,36146
94353027,94353638,611,126480
94353638,94354819,1181,103126
94354819,94355814,995,82458
94355814,94356681,867,125118
94356681,94357786,1105,1560
94357786,94358743,957,125943
94358743,94359909,1166,163384
94359909,94361193,1284,46890
94361193,94361422,229,32658
94361422,94362270,848,138033
94362270,94363278,1008,94522
94363278,94364538,1260,282383
94364538,94365772,1234,106974
94365772,94366744,972,90852
94366744,94367593,849,44576
94367593,94368696,1103,176263
94368696,94369883,1187,39481
94369883,94370907,1024,145699
94370907,94371317,410,147967
94371317,94372431,1114,134434
94372431,94373502,1071,208
94373502,94374627,1125,58763
94374627,94375900,1273,185457
94375900,94377186,1286,34501
94377186,94378451,1265,174960
94378451,94379600,1149,75939
94379600,94380622,1022,22581
94380622,94381797,1175,105167
94381797,94382764,967,12971
94382764,94384013,1249,123500
94384013,94385120,1107,132530
94385120,94386351,1231,123715
94386351,94387538,1187,137141
94387538,94388597,1059,105383
94388597,94389144,547,32139
94389144,94390179,1035,86765
94390179,94391427,1248,122806
94391427,94392579,1152,95959
94392579,94393769,1190,130727
94393769,94394823,1054,91801
94394823,94395957,1134,65772
94395957,94397180,1223,156718
94397180,94397990,810,165387
94397990,94399134,1144,164327
94399134,94400270,1136,111961
94400270,94401475,1205,91072
94401475,94402346,871,270777
94402346,94402738,392,126829
94402738,94403440,702,121398
94403440,94404735,1295,142744
94404735,94405449,714,134451
94405449,94406644,1195,91098
94406644,94407779,1135,138063
94407779,94409037,1258,258993
94409037,94410119,1082,187466
94410119,94410494,375,131882
94410494,94411201,707,28868
94411201,94412188,987,135892
94412188,94413168,980,72311
94413168,94414383,1215,134451
94414383,94415650,1267,138656
94415650,94416605,955,69422
94416605,94417763,1158,143625
94417763,94418700,937,139797
94418700,94419589,889,139291
94419589,94419980,391,41610
94419980,94420695,715,165428
94420695,94420901,206,159386
94420901,94421304,403,149880
94421304,94421565,261,96153
94421565,94422453,888,63111
94422453,94423260,807,64300
94423260,94424365,1105,138042
94424365,94425442,1077,4136
94425442,94426635,1193,88349
94426635,94427132,497,112057
94427132,94428218,1086,49755
94428218,94429013,795,126739
94429013,94430289,1276,89390
94430289,94431515,1226,121024
94431515,94432774,1259,29120
94432774,94433951,1177,84122
94433951,94435187,1236,147971
94435187,94436186,999,126959
94436186,94437377,1191,97593
94437377,94438657,1280,124439
94438657,94439413,756,300208
94439413,94440588,1175,110522
94440588,94441742,1154,234100
94441742,94441970,228,96157
94441970,94443281,1311,281187
94443281,94444454,1173,92420
94444454,94445083,629,133220
94445083,94445942,859,10642
94445942,94446943,1001,54487
94446943,94448250,1307,140718
94448250,94449353,1103,128309
94449353,94450592,1239,67147
94450592,94450889,297,398
94450889,94452019,1130,9915
94452019,94453246,1227,111574
94453246,94454322,1076,134707
94454322,94455411,1089,212
94455411,94456274,863,182402
94456274,94457407,1133,101883
94457407,94458210,803,157054
94458210,94459035,825,131887
94459035,94459834,799,134830
94459834,94461059,1225,289453
94461059,94461587,528,76574
94461587,94462748,1161,52195
94462748,94463985,1237,121658
94463985,94465044,1059,149880
94465044,94466125,1081,63105
94466125,94467252,1127,131030
94467252,94468498,1246,2772
94468498,94469686,1188,138074
94469686,94470847,1161,142358
94470847,94472090,1243,158074
94472090,94473275,1185,13265
94473275,94474455,1180,96175
94474455,94475586,1131,84448
94475586,94476581,995,170976
94476581,94477497,916,167609
94477497,94478311,814,126965
94478311,94479484,1173,68344
94479484,94480625,1141,105398
94480625,94481910,1285,163597
94481910,94482985,1075,171107
94482985,94484012,1027,131735
94484012,94485118,1106,163597
94485118,94485809,691,72311
94485809,94486052,243,292138
94486052,94486347,295,138043
94486347,94487439,1092,276735
94487439,94488062,623,160593
94488062,94489324,1262,124547
94489324,94489843,519,83607
94489843,94490958,1115,145700
94490958,94491612,654,173230
94491612,94492785,1173,62516
94492785,94493944,1159,143625
94493944,94495188,1244,144019
94495188,94496423,1235,246904
94496423,94497378,955,130486
94497378,94498602,1224,37090
94498602,94499594,992,160602
94499594,94500709,1115,4445
94500709,94501646,937,35921
94501646,94502688,1042,96672
94502688,94503550,862,170453
94503550,94504876,1326,138631
94504876,94505140,264,114469
94505140,94506360,1220,121415
94506360,94507511,1151,145699
94507511,94508658,1147,87508
94508658,94509744,1086,102381
94509744,94510495,751,67592
94510495,94511714,1219,166436
94511714,94512914,1200,11547
94512914,94513980,1066,43322
94513980,94515113,1133,28868
94515113,94515706,593,129393
94515706,94516861,1155,46712
94516861,94517193,332,56174
94517193,94518482,1289,14936
94518482,94519562,1080,127538
94519562,94520628,1066,86588
94520628,94521889,1261,135635
94521889,94523060,1171,134816
94523060,94523938,878,398
94523938,94525117,1179,19132
94525117,94526468,1351,44582
94526468,94526810,342,121799
94526810,94527949,1139,18524
94527949,94529091,1142,288043
94529091,94529860,769,9342
94529860,94530898,1038,90852
94530898,94531894,996,254918
94531894,94532822,928,178149
94532822,94534046,1224,128991
94534046,94535231,1185,133395
94535231,94536404,1173,122443
94536404,94537635,1231,176683
94537635,94538708,1073,133440
94538708,94538953,245,279239
94538953,94540202,1249,168497
94540202,94541239,1037,12715
94541239,94542245,1006,23281
94542245,94543230,985,7894
94543230,94544239,1009,138042
94544239,94545468,1229,66470
94545468,94546634,1166,281132
94546634,94546942,308,4445
94546942,94547103,161,135249
94547103,94548111,1008,73073
94548111,94549212,1101,284445
94549212,94549773,561,111754
94549773,94549978,205,105171
94549978,94550560,582,32637
94550560,94551703,1143,62558
94551703,94552920,1217,294551
94552920,94554150,1230,270778
94554150,94555419,1269,109507
94555419,94556552,1133,141644
94556552,94557688,1136,104394
94557688,94558905,1217,14958
94558905,94560174,1269,121392
94560174,94560598,424,139612
94560598,94561659,1061,23311
94561659,94562038,379,153728
94562038,94563230,1192,135826
94563230,94564385,1155,61742
94564385,94565246,861,134707
94565246,94566537,1291,58763
94566537,94567474,937,124439
94567474,94568660,1186,65772
94568660,94569099,439,134119
94569099,94570157,1058,25951
94570157,94571312,1155,176660
94571312,94572497,1185,132710
94572497,94572856,359,141148
94572856,94574076,1220,139290
94574076,94575282,1206,89390
94575282,94576485,1203,270778
94576485,94577578,1093,8912
94577578,94578397,819,110056
94578397,94579424,1027,10674
94579424,94579869,445,276908
94579869,94580892,1023,31629
94580892,94582025,1133,132073
94582025,94583202,1177,139727
94583202,94584469,1267,145701
94584469,94585578,1109,56175
94585578,94586664,1086,155968
94586664,94587840,1176,148920
94587840,94589055,1215,69607
94589055,94590240,1185,6541
94590240,94591467,1227,83616
94591467,94592012,545,109658
94592012,94592911,899,681
94592911,94593087,176,212
94593087,94593980,893,130728
94593980,94595207,1227,8927
94595207,94596516,1309,152831
94596516,94597699,1183,150855
94597699,94598974,1275,182389
94598974,94600156,1182,131030
94600156,94601094,938,163322
94601094,94602181,1087,4731
94602181,94603408,1227,294697
94603408,94604451,1043,46268
94604451,94605428,977,142745
94605428,94606655,1227,133471
94606655,94607069,414,123271
94607069,94608027,958,14497
94608027,94609182,1155,11612
94609182,94610179,997,26685
94610179,94611469,1290,170950
94611469,94612609,1140,290365
94612609,94613471,862,127538
94613471,94614500,1029,161166
94614500,94615628,1128,395
94615628,94616370,742,122467
94616370,94617308,938,96153
94617308,94618565,1257,134176
94618565,94619700,1135,110706
94619700,94621013,1313,148962
94621013,94621489,476,271826
94621489,94622516,1027,178449
94622516,94623562,1046,41259
94623562,94624756,1194,130975
94624756,94626061,1305,88089
94626061,94627321,1260,9210
94627321,94628146,825,163935
94628146,94628517,371,48525
94628517,94629675,1158,135826
94629675,94629931,256,10347
94629931,94631033,1102,2536
94631033,94632125,1092,140718
94632125,94633220,1095,102381
94633220,94633766,546,26894
94633766,94634610,844,174132
94634610,94635590,980,282406
94635590,94636856,1266,155973
94636856,94637906,1050,128310
94637906,94638678,772,10344
94638678,94639838,1160,142727
94639838,94640891,1053,271826
94640891,94642156,1265,295761
94642156,94643181,1025,144019
94643181,94643504,323,164187
94643504,94644679,1175,270778
94644679,94645905,1226,126860
94645905,94647092,1187,106969
94647092,94647263,171,135657
94647263,94648323,1060,115047
94648323,94649460,1137,88089
94649460,94650592,1132,135229
94650592,94651194,602,132530
94651194,94652374,1180,59234
94652374,94653608,1234,4479
94653608,94654579,971,141279
94654579,94655750,1171,135221
94655750,94657000,1250,293959
94657000,94657616,616,129396
94657616,94658732,1116,284269
94658732,94659875,1143,143307
94659875,94660496,621,86679
94660496,94661415,919,147970
94661415,94662710,1295,139355
94662710,94663873,1163,142358
94663873,94665016,1143,138866
94665016,94666271,1255,130994
94666271,94667359,1088,58843
94667359,94668491,1132,366
94668491,94669362,871,245691
94669362,94670627,1265,135229
94670627,94671676,1049,134804
94671676,94672880,1204,10327
94672880,94673979,1099,77173
94673979,94675008,1029,52087
94675008,94676221,1213,11734
94676221,94676932,711,147159
94676932,94677665,733,13364
94677665,94678773,1108,32136
94678773,94679913,1140,395
94679913,94681123,1210,289453
94681123,94682052,929,94876
94682052,94683391,1339,56222
94683391,94684608,1217,187466
94684608,94685684,1076,135636
94685684,94686799,1115,130529
94686799,94688079,1280,126312
94688079,94688581,502,61741
94688581,94689726,1145,133393
94689726,94690988,1262,700
94690988,94692151,1163,139009
94692151,94693373,1222,148312
94693373,94694548,1175,123506
94694548,94695663,1115,131106
94695663,94696714,1051,128331
94696714,94697857,1143,39971
94697857,94698898,1041,258974
94698898,94700015,1117,8684
94700015,94701220,1205,123602
94701220,94702422,1202,137106
94702422,94702820,398,157400
94702820,94703950,1130,84010
94703950,94704954,1004,162667
94704954,94706166,1212,137106
94706166,94707199,1033,12895
94707199,94707576,377,289453
94707576,94708826,1250,9010
94708826,94709977,1151,279233
94709977,94711197,1220,137608
94711197,94712236,1039,163322
94712236,94713339,1103,282934
94713339,94714019,680,11077
94714019,94714475,456,129974
94714475,94715112,637,18533
94715112,94716241,1129,102238
94716241,94717437,1196,141644
94717437,94718697,1260,289453
94718697,94719128,431,262269
94719128,94720217,1089,176278
94720217,94721359,1142,151817
94721359,94722528,1169,70843
94722528,94723683,1155,44576
94723683,94724872,1189,5330
94724872,94725573,701,26947
94725573,94726634,1061,166436
94726634,94727785,1151,110056
94727785,94728893,1108,56175
94728893,94729948,1055,23281
94729948,94731133,1185,294523
94731133,94731536,403,138290
94731536,94732686,1150,39478
94732686,94733695,1009,19366
94733695,94734761,1066,362
94734761,94735857,1096,216570
94735857,94737121,1264,154673
94737121,94738330,1209,6541
94738330,94739414,1084,163612
94739414,94740698,1284,11528
94740698,94741866,1168,137627
94741866,94742738,872,39501
94742738,94743058,320,125941
94743058,94744251,1193,110056
94744251,94745448,1197,121899
94745448,94746623,1175,124526
94746623,94747594,971,32637
94747594,94748939,1345,14497
94748939,94750071,1132,143893
94750071,94750298,227,232691
94750298,94750721,423,138656
94750721,94751910,1189,131259
94751910,94752965,1055,252342
94752965,94754208,1243,32637
94754208,94755197,989,72311
94755197,94756303,1106,278217
94756303,94757415,1112,163384
94757415,94758428,1013,146197
94758428,94759656,1228,126410
94759656,94760800,1144,112761
94760800,94762027,1227,72876
94762027,94762544,517,122944
94762544,94763629,1085,134707
94763629,94764886,1257,95441
94764886,94765674,788,294551
94765674,94766794,1120,105383
94766794,94767320,526,126410
94767320,94767613,293,158816
94767613,94768809,1196,136983
94768809,94769907,1098,126961
94769907,94771175,1268,10801
94771175,94772002,827,141279
94772002,94773227,1225,182402
94773227,94773659,432,47541
94773659,94774634,975,100043
94774634,94775714,1080,161102
94775714,94776870,1156,161100
94776870,94778114,1244,68353
94778114,94779139,1025,103126
94779139,94780393,1254,114468
94780393,94781452,1059,104979
94781452,94782460,1008,133447
94782460,94783654,1194,233382
94783654,94784100,446,88748
94784100,94784711,611,126842
94784711,94785747,1036,110706
94785747,94786845,1098,91801
94786845,94788083,1238,134148
94788083,94788352,269,106969
94788352,94789387,1035,131295
94789387,94790541,1154,13364
94790541,94791732,1191,234100
94791732,94792365,633,64738
94792365,94793348,983,144021
94793348,94794453,1105,19209
94794453,94795674,1221,175390
94795674,94796908,1234,141268
94796908,94798164,1256,12545
94798164,94799524,1360,106974
94799524,94800696,1172,77782
94800696,94801803,1107,133239
94801803,94802708,905,155972
94802708,94803803,1095,4136
94803803,94805091,1288,124526
94805091,94806255,1164,39501
94806255,94806816,561,88761
94806816,94808012,1196,57154
94808012,94809191,1179,123283
94809191,94810443,1252,1189
94810443,94811283,840,28384
94811283,94812497,1214,1043
94812497,94813387,890,187006
94813387,94814658,1271,134176
94814658,94815907,1249,119253
94815907,94817132,1225,145703
94817132,94818340,1208,144503
94818340,94819562,1222,168638
94819562,94820721,1159,280380
94820721,94821961,1240,3587
94821961,94822294,333,158744
94822294,94822539,245,124002
94822539,94823404,865,230928
94823404,94823887,483,34572
94823887,94825100,1213,109176
94825100,94826277,1177,123133
94826277,94827454,1177,125128
94827454,94827613,159,47541
94827613,94828235,622,153958
94828235,94828750,515,14672
94828750,94829998,1248,134830
94829998,94830264,266,137739
94830264,94831570,1306,184264
94831570,94832606,1036,147045
94832606,94833816,1210,144965
94833816,94834933,1117,108620
94834933,94835376,443,126410
94835376,94836416,1040,60800
94836416,94837635,1219,64300
94837635,94838884,1249,279775
94838884,94840137,1253,114468
94840137,94840884,747,89880
94840884,94842079,1195,34572
94842079,94843317,1238,143948
94843317,94843565,248,24516
94843565,94844797,1232,5084
94844797,94846114,1317,35926
94846114,94847359,1245,148529
94847359,94847934,575,56574
94847934,94849154,1220,19665
94849154,94850269,1115,141613
94850269,94851840,1571,133212
94851840,94852982,1142,126932
94852982,94854088,1106,14960
94854088,94854853,765,154838
94854853,94855148,295,61776
94855148,94856182,1034,146437
94856182,94857238,1056,89390
94857238,94858459,1221,133471
94858459,94859605,1146,129440
94859605,94860557,952,6397
94860557,94860912,355,128345
94860912,94861888,976,398
94861888,94863115,1227,7887
94863115,94864078,963,170440
94864078,94865312,1234,60800
94865312,94865585,273,98878
94865585,94866818,1233,276749
94866818,94867028,210,156738
94867028,94868194,1166,9210
94868194,94868813,619,133224
94868813,94869729,916,126233
94869729,94870764,1035,64300
94870764,94871595,831,107483
94871595,94871915,320,58193
94871915,94872974,1059,6557
94872974,94874175,1201,135022
94874175,94874365,190,10328
94874365,94875542,1177,139710
94875542,94876558,1016,137614
94876558,94877804,1246,126842
94877804,94879003,1199,169619
94879003,94879798,795,139741
94879798,94880901,1103,158081
94880901,94882013,1112,142362
94882013,94883148,1135,64290
94883148,94884314,1166,32137
94884314,94885581,1267,9919
94885581,94886336,755,276908
94886336,94887454,1118,700
94887454,94888573,1119,302000
94888573,94889612,1039,126945
94889612,94890882,1270,146111
94890882,94892251,1369,138033
94892251,94893440,1189,123033
94893440,94894516,1076,39967
94894516,94895001,485,34501
94895001,94896294,1293,123998
94896294,94896935,641,121543
94896935,94897762,827,130755
94897762,94898931,1169,143893
94898931,94900029,1098,149033
94900029,94901348,1319,164100
94901348,94902470,1122,86708
94902470,94903576,1106,171138
94903576,94904512,936,20034
94904512,94905710,1198,155944
94905710,94906754,1044,102240
94906754,94907953,1199,14897
94907953,94909061,1108,276939
94909061,94910124,1063,60489
94910124,94911260,1136,132644
94911260,94912249,989,135657
94912249,94913361,1112,138047
94913361,94914514,1153,34501
94914514,94915739,1225,138901
94915739,94916869,1130,122828
94916869,94917702,833,86679
94917702,94918444,742,699
94918444,94919280,836,137614
94919280,94920497,1217,144496
94920497,94921027,530,44575
94921027,94922028,1001,296473
94922028,94923201,1173,25951
94923201,94923977,776,62850
94923977,94924988,1011,134660
94924988,94925560,572,123267
94925560,94926627,1067,135022
94926627,94927755,1128,155973
94927755,94928763,1008,94876
94928763,94929859,1096,84121
94929859,94931183,1324,8674
94931183,94932430,1247,258283
94932430,94932625,195,10347
94932625,94932817,192,121734
94932817,94933434,617,281188
94933434,94933738,304,19376
94933738,94934381,643,141242
94934381,94935441,1060,132891
94935441,94936406,965,123191
94936406,94937651,1245,128138
94937651,94938876,1225,10988
94938876,94939899,1023,245708
94939899,94941124,1225,296473
94941124,94942211,1087,168497
94942211,94943334,1123,34572
94943334,94943487,153,25766
94943487,94944703,1216,138043
94944703,94945548,845,142320
94945548,94946805,1257,170956
94946805,94947771,966,170982
94947771,94948974,1203,29101
94948974,94950162,1188,121674
94950162,94951448,1286,290365
94951448,94952684,1236,19361
94952684,94953793,1109,162239
94953793,94955013,1220,135264
94955013,94955843,830,58868
94955843,94956359,516,397
94956359,94957080,721,7622
94957080,94957386,306,135229
94957386,94958738,1352,187005
94958738,94959850,1112,31668
94959850,94961177,1327,127704
94961177,94962384,1207,81858
94962384,94963466,1082,129440
94963466,94964563,1097,133225
94964563,94965747,1184,126955
94965747,94966948,1201,106800
94966948,94968179,1231,398
94968179,94969482,1303,39475
94969482,94970631,1149,101265
94970631,94971846,1215,134120
94971846,94972499,653,140651
94972499,94973612,1113,187023
94973612,94974549,937,129011
94974549,94975658,1109,134451
94975658,94976640,982,121543
94976640,94977029,389,281188
94977029,94977755,726,122825
94977755,94978204,449,104890
94978204,94979023,819,114971
94979023,94979586,563,130093
94979586,94980861,1275,285314
94980861,94981751,890,696
94981751,94982916,1165,232691
94982916,94983515,599,16002
94983515,94984275,760,14936
94984275,94985478,1203,122863
94985478,94986727,1249,171108
94986727,94987972,1245,136280
94987972,94989204,1232,75360
94989204,94990274,1070,6524
94990274,94991273,999,137588
94991273,94991489,216,123190
94991489,94992701,1212,170976
94992701,94993682,981,58193
94993682,94994807,1125,112011
94994807,94996017,1210,135636
94996017,94997218,1201,132891
94997218,94997411,193,252342
94997411,94997669,258,10328
94997669,94998871,1202,157243
94998871,94999939,1068,55202
94999939,95001190,1251,5791
95001190,95001775,585,82558
95001775,95002902,1127,68192
95002902,95004011,1109,31091
95004011,95005039,1028,155972
95005039,95006052,1013,132821
95006052,95006763,711,23311
95006763,95007178,415,1150
95007178,95008305,1127,156015
95008305,95009362,1057,7591
95009362,95010545,1183,155948
95010545,95011554,1009,58090
95011554,95012766,1212,150469
95012766,95013783,1017,130486
95013783,95015020,1237,117384
95015020,95015476,456,100043
95015476,95016616,1140,13056
95016616,95017198,582,89880
95017198,95018065,867,104890
95018065,95018756,691,176256
95018756,95019933,1177,139035
95019933,95021013,1080,65772
95021013,95022124,1111,162667
95022124,95023203,1079,121899
95023203,95024358,1155,109179
95024358,95025367,1009,97593
95025367,95026590,1223,274379
95026590,95026958,368,126539
95026958,95028196,1238,98645
95028196,95029461,1265,143477
95029461,95030603,1142,125118
95030603,95031636,1033,121446
95031636,95032875,1239,159371
95032875,95034040,1165,139355
95034040,95035126,1086,91072
95035126,95035725,599,141235
95035725,95036980,1255,100043
95036980,95038093,1113,62558
95038093,95038859,766,89880
95038859,95039982,1123,134830
95039982,95041099,1117,132101
95041099,95042244,1145,107486
95042244,95043249,1005,187006
95043249,95044290,1041,131742
95044290,95045474,1184,4691
95045474,95045892,418,164100
95045892,95046389,497,70843
95046389,95047414,1025,129011
95047414,95048622,1208,13056
95048622,95049678,1056,131295
95049678,95050714,1036,137154
95050714,95051681,967,12118
95051681,95052873,1192,294114
95052873,95054035,1162,123135
95054035,95055198,1163,147967
95055198,95055875,677,95441
95055875,95056872,997,126209
95056872,95058102,1230,149033
95058102,95059204,1102,163384
95059204,95060347,1143,39967
95060347,95061522,1175,134825
95061522,95061719,197,167023
95061719,95063048,1329,284428
95063048,95064312,1264,58778
95064312,95065579,1267,287358
95065579,95066756,1177,75242
95066756,95067632,876,56778
95067632,95068823,1191,136483
95068823,95069731,908,126832
95069731,95070920,1189,135580
95070920,95071702,782,126947
95071702,95072861,1159,287659
95072861,95074101,1240,8689
95074101,95075317,1216,138042
95075317,95076228,911,129393
95076228,95077208,980,185074
95077208,95078472,1264,49750
95078472,95079639,1167,123025
95079639,95080796,1157,73957
95080796,95080973,177,164187
95080973,95082223,1250,123285
95082223,95083231,1008,132530
95083231,95084399,1168,139200
95084399,95085621,1222,72927
95085621,95086811,1190,118112
95086811,95087356,545,96175
95087356,95088594,1238,172156
95088594,95089773,1179,122443
95089773,95090920,1147,67857
95090920,95091978,1058,216563
95091978,95093159,1181,7944
95093159,95094134,975,82558
95094134,95094701,567,176854
95094701,95095526,825,132300
95095526,95096600,1074,147970
95096600,95097562,962,123036
95097562,95098801,1239,147968
95098801,95099312,511,63101
95099312,95100428,1116,157243
95100428,95101383,955,276908
95101383,95102399,1016,61316
95102399,95103727,1328,153309
95103727,95104394,667,46267
95104394,95104623,229,164927
95104623,95104929,306,10327
95104929,95105924,995,126826
95105924,95107003,1079,282357
95107003,95108181,1178,121148
95108181,95109432,1251,95969
95109432,95110392,960,126208
95110392,95111659,1267,274378
95111659,95111925,266,115968
95111925,95113059,1134,37090
95113059,95114135,1076,130505
95114135,95115242,1107,146197
95115242,95116490,1248,163384
95116490,95117537,1047,70843
95117537,95118792,1255,29110
95118792,95119856,1064,166436
95119856,95121083,1227,115046
95121083,95122266,1183,125140
95122266,95123284,1018,298549
95123284,95124510,1226,99156
95124510,95125524,1014,293957
95125524,95126749,1225,132864
95126749,95127833,1084,41172
95127833,95128848,1015,142824
95128848,95129937,1089,164187
95129937,95130867,930,85640
95130867,95131889,1022,178449
95131889,95133060,1171,3961
95133060,95134324,1264,121392
95134324,95135294,970,274375
95135294,95136414,1120,124439
95136414,95137230,816,138656
95137230,95137787,557,60774
95137787,95138979,1192,95959
95138979,95139886,907,106800
95139886,95140363,477,133396
95140363,95141334,971,134451
95141334,95142317,983,147971
95142317,95143526,1209,184447
95143526,95143772,246,111754
95143772,95145049,1277,293987
95145049,95146304,1255,19371
95146304,95147459,1155,123267
95147459,95147846,387,19373
95147846,95149007,1161,155151
95149007,95149212,205,700
95149212,95149406,194,108066
95149406,95150612,1206,131106
95150612,95151700,1088,131003
95151700,95152777,1077,304535
95152777,95153371,594,153958
95153371,95154506,1135,171109
95154506,95155289,783,86710
95155289,95156492,1203,66176
95156492,95156708,216,63713
95156708,95157205,497,8927
95157205,95158291,1086,75355
95158291,95159414,1123,149939
95159414,95160632,1218,86588
95160632,95161153,521,156015
95161153,95162288,1135,156154
95162288,95163303,1015,281188
95163303,95164370,1067,152864
95164370,95165475,1105,398
95165475,95166453,978,121799
95166453,95167466,1013,183988
95167466,95168613,1147,92820
95168613,95169741,1128,68344
95169741,95170125,384,258986
95170125,95171330,1205,72927
95171330,95172430,1100,87791
95172430,95173693,1263,141242
95173693,95173812,119,129393
95173812,95174551,739,31603
95174551,95175356,805,101265
95175356,95176611,1255,291101
95176611,95177785,1174,11079
95177785,95178969,1184,124595
95178969,95180319,1350,72212
95180319,95181528,1209,136483
95181528,95182446,918,152825
95182446,95183585,1139,123025
95183585,95184744,1159,134121
95184744,95184884,140,129396
95184884,95186099,1215,155972
95186099,95187317,1218,158744
95187317,95187600,283,132891
95187600,95188847,1247,61777
95188847,95189578,731,58843
95189578,95190893,1315,153958
95190893,95192128,1235,121085
95192128,95193398,1270,275218
95193398,95194591,1193,143321
95194591,95195786,1195,7574
95195786,95196913,1127,98645
95196913,95197876,963,143895
95197876,95198927,1051,147627
95198927,95200002,1075,170212
95200002,95201294,1292,68361
95201294,95202443,1149,39970
95202443,95203569,1126,133447
95203569,95204666,1097,12715
95204666,95204954,288,83696
95204954,95206039,1085,5912
95206039,95207102,1063,130548
95207102,95207936,834,1189
95207936,95208590,654,19209
95208590,95209439,849,36146
95209439,95210511,1072,48842
95210511,95211783,1272,295710
95211783,95212806,1023,174132
95212806,95214063,1257,161101
95214063,95215301,1238,13256
95215301,95215872,571,128036
95215872,95216351,479,291101
95216351,95217639,1288,139200
95217639,95217985,346,171134
95217985,95218756,771,138289
95218756,95219956,1200,115046
95219956,95221095,1139,37090
95221095,95222364,1269,127215
95222364,95223620,1256,129066
95223620,95224869,1249,97610
95224869,95226012,1143,39660
95226012,95227223,1211,46240
95227223,95227621,398,132484
95227621,95228780,1159,86741
95228780,95229942,1162,84357
95229942,95230286,344,16003
95230286,95231367,1081,8141
95231367,95232589,1222,85684
95232589,95233833,1244,155972
95233833,95235072,1239,138113
95235072,95236245,1173,67147
95236245,95237500,1255,131226
95237500,95238508,1008,64713
95238508,95239560,1052,16632
95239560,95240545,985,294700
95240545,95240963,418,150915
95240963,95241420,457,112012
95241420,95242686,1266,12332
95242686,95242949,263,110061
95242949,95244074,1125,47030
95244074,95245310,1236,170976
95245310,95246392,1082,171133
95246392,95246663,271,107486
95246663,95247986,1323,176278
95247986,95248919,933,90852
95248919,95249994,1075,121760
95249994,95250867,873,4691
95250867,95252088,1221,129388
95252088,95253260,1172,92934
95253260,95254042,782,83616
95254042,95255330,1288,131256
95255330,95256550,1220,70837
95256550,95257806,1256,29012
95257806,95258966,1160,105398
95258966,95259186,220,10172
95259186,95260316,1130,138047
95260316,95260913,597,13185
95260913,95262134,1221,132530
95262134,95263327,1193,231834
95263327,95264585,1258,138548
95264585,95265844,1259,234100
95265844,95267093,1249,14936
95267093,95268260,1167,142358
95268260,95269428,1168,18533
95269428,95269959,531,150915
95269959,95271044,1085,144503
95271044,95272135,1091,86710
95272135,95273315,1180,44575
95273315,95274488,1173,8927
95274488,95275653,1165,134825
95275653,95276935,1282,296078
95276935,95278137,1202,48513
95278137,95279409,1272,131735
95279409,95280082,673,129979
95280082,95280690,608,4145
95280690,95281811,1121,4687
95281811,95282526,715,132485
95282526,95283176,650,130494
95283176,95284324,1148,7371
95284324,95285587,1263,121068
95285587,95286826,1239,132718
95286826,95287604,778,123059
95287604,95287849,245,127595
95287849,95288879,1030,28465
95288879,95289818,939,158816
95289818,95290549,731,116797
95290549,95291256,707,246892
95291256,95292015,759,162238
95292015,95293274,1259,21498
95293274,95293929,655,138032
95293929,95295046,1117,143262
95295046,95296209,1163,122810
95296209,95297244,1035,118112
95297244,95298442,1198,130977
95298442,95298977,535,39970
95298977,95300235,1258,161101
95300235,95301318,1083,18524
95301318,95302041,723,252341
95302041,95302288,247,7793
95302288,95303016,728,130878
95303016,95304168,1152,6398
95304168,95305099,931,122544
95305099,95306238,1139,86043
95306238,95307430,1192,44586
95307430,95307773,343,279233
95307773,95309041,1268,28380
95309041,95310236,1195,121661
95310236,95311268,1032,109174
95311268,95312549,1281,1120
95312549,95313665,1116,138548
95313665,95314774,1109,138042
95314774,95315735,961,110526
95315735,95316802,1067,149880
95316802,95317871,1069,132882
95317871,95318991,1120,163726
95318991,95320120,1129,131276
95320120,95320581,461,14358
95320581,95320804,223,11079
95320804,95321843,1039,4445
95321843,95322896,1053,138548
95322896,95323109,213,128669
95323109,95324088,979,134170
95324088,95325303,1215,216563
95325303,95326525,1222,73846
95326525,95327019,494,10822
95327019,95328267,1248,285173
95328267,95329609,1342,182394
95329609,95329915,306,1189
95329915,95330787,872,122443
95330787,95331014,227,86765
95331014,95332389,1375,129587
95332389,95333361,972,44912
95333361,95334478,1117,145703
95334478,95335745,1267,84357
95335745,95337024,1279,133424
95337024,95338279,1255,47541
95338279,95339505,1226,109180
95339505,95340500,995,141135
95340500,95341509,1009,4731
95341509,95342504,995,76974
95342504,95343651,1147,161100
95343651,95344640,989,158796
95344640,95345864,1224,147159
95345864,95346959,1095,300343
95346959,95348286,1327,157859
95348286,95349530,1244,134804
95349530,95350714,1184,114469
95350714,95351396,682,36386
95351396,95352447,1051,137154
95352447,95353468,1021,127521
95353468,95353747,279,177638
95353747,95354228,481,39481
95354228,95355141,913,125941
95355141,95356315,1174,16002
95356315,95357479,1164,282383
95357479,95358725,1246,8675
95358725,95359912,1187,81881
95359912,95360341,429,7884
95360341,95360539,198,8890
95360539,95361578,1039,138290
95361578,95362777,1199,146123
95362777,95363958,1181,127215
95363958,95365217,1259,185126
95365217,95366381,1164,106800
95366381,95367406,1025,275885
95367406,95368418,1012,50778
95368418,95368808,390,139361
95368808,95369097,289,126292
95369097,95370225,1128,121140
95370225,95371366,1141,58869
95371366,95372600,1234,160188
95372600,95373543,943,143361
95373543,95374586,1043,170952
95374586,95375823,1237,143625
95375823,95376720,897,161226
95376720,95377649,929,82558
95377649,95378884,1235,56574
95378884,95380026,1142,134707
95380026,95381204,1178,122614
95381204,95382504,1300,176278
95382504,95383063,559,291609
95383063,95384204,1141,64588
95384204,95385089,885,48361
95385089,95386227,1138,143893
95386227,95387056,829,281132
95387056,95388055,999,40556
95388055,95389148,1093,14497
95389148,95390446,1298,43296
95390446,95391317,871,106611
95391317,95392433,1116,83606
95392433,95392915,482,8140
95392915,95394090,1175,168626
95394090,95395218,1128,291458
95395218,95396351,1133,161972
95396351,95397248,897,216567
95397248,95398489,1241,121064
95398489,95399831,1342,58433
95399831,95401001,1170,63713
95401001,95402265,1264,262291
95402265,95403402,1137,91801
95403402,95404558,1156,66470
95404558,95405734,1176,287837
95405734,95406888,1154,254918
95406888,95407397,509,129514
95407397,95408535,1138,132069
95408535,95409792,1257,282383
95409792,95411119,1327,138113
95411119,95412282,1163,157636
95412282,95413489,1207,142896
95413489,95414646,1157,74477
95414646,95415139,493,82020
95415139,95415575,436,128990
95415575,95416832,1257,139355
95416832,95418166,1334,150916
95418166,95419430,1264,187466
95419430,95420528,1098,121080
95420528,95421471,943,67858
95421471,95422517,1046,88761
95422517,95423711,1194,70837
95423711,95424620,909,13364
95424620,95425823,1203,142320
95425823,95426889,1066,102232
95426889,95427932,1043,133273
95427932,95428850,918,139009
95428850,95430055,1205,47239
95430055,95431062,1007,92427
95431062,95432239,1177,2503
95432239,95433250,1011,156981
95433250,95434385,1135,124526
95434385,95435131,746,155973
95435131,95435970,839,291170
95435970,95436812,842,160984
95436812,95438020,1208,5764
95438020,95438553,533,138045
95438553,95439752,1199,125123
95439752,95440828,1076,53638
95440828,95442015,1187,5097
95442015,95442593,578,178030
95442593,95443084,491,73957
95443084,95443733,649,284428
95443733,95444494,761,160187
95444494,95445458,964,164927
95445458,95446694,1236,170977
95446694,95447419,725,48579
95447419,95448508,1089,80665
95448508,95449605,1097,170440
95449605,95450807,1202,26894
95450807,95451556,749,124587
95451556,95452723,1167,129066
95452723,95453673,950,30101
95453673,95454811,1138,141644
95454811,95455020,209,176680
95455020,95456241,1221,86708
95456241,95457564,1323,159386
95457564,95458847,1283,258986
95458847,95459946,1099,64713
95459946,95461112,1166,146346
95461112,95462387,1275,148920
95462387,95463560,1173,5084
95463560,95464863,1303,123443
95464863,95465414,551,135229
95465414,95466519,1105,121127
95466519,95467500,981,122810
95467500,95468053,553,4691
95468053,95469198,1145,135022
95469198,95470245,1047,279239
95470245,95470583,338,32639
95470583,95471844,1261,96151
95471844,95473099,1255,124439
95473099,95474376,1277,110238
95474376,95475480,1104,43322
95475480,95476681,1201,138063
95476681,95477888,1207,2772
95477888,95478428,540,110742
95478428,95479465,1037,80534
95479465,95480770,1305,279229
95480770,95481590,820,139200
95481590,95482801,1211,65772
95482801,95484022,1221,4690
95484022,95485286,1264,10822
95485286,95486479,1193,91801
95486479,95487694,1215,134728
95487694,95488832,1138,121543
95488832,95489979,1147,138115
95489979,95491240,1261,130093
95491240,95492428,1188,39749
95492428,95492743,315,107486
95492743,95494036,1293,158074
95494036,95495219,1183,132821
95495219,95496397,1178,132499
95496397,95497529,1132,124368
95497529,95498706,1177,39971
95498706,95500003,1297,48830
95500003,95501245,1242,2301
95501245,95502284,1039,171138
95502284,95502984,700,7793
95502984,95503908,924,92820
95503908,95504987,1079,50777
95504987,95506258,1271,22574
95506258,95506824,566,59268
95506824,95506943,119,129393
95506943,95507462,519,133396
95507462,95508636,1174,140718
95508636,95509993,1357,138545
95509993,95511225,1232,132866
95511225,95512477,1252,68358
95512477,95513622,1145,87997
95513622,95514843,1221,141571
95514843,95515913,1070,39616
95515913,95516493,580,111754
95516493,95517816,1323,168062
95517816,95519074,1258,68353
95519074,95520301,1227,126319
95520301,95521246,945,66470
95521246,95522438,1192,139350
95522438,95523718,1280,121449
95523718,95524828,1110,108621
95524828,95526007,1179,144986
95526007,95527143,1136,4275
95527143,95528209,1066,22581
95528209,95529102,893,142752
95529102,95530268,1166,135020
95530268,95531537,1269,28384
95531537,95532212,675,64292
95532212,95533160,948,233366
95533160,95533550,390,11734
95533550,95534781,1231,8674
95534781,95535989,1208,80534
95535989,95537263,1274,117095
95537263,95538292,1029,138042
95538292,95539539,1247,212
95539539,95540640,1101,123216
95540640,95541907,1267,126955
95541907,95542947,1040,173591
95542947,95544138,1191,71550
95544138,95545370,1232,185466
95545370,95546574,1204,285896
95546574,95547844,1270,71402
95547844,95548436,592,126959
95548436,95549602,1166,157243
95549602,95550537,935,63111
95550537,95551842,1305,75365
95551842,95552859,1017,39971
95552859,95553991,1132,134425
95553991,95554656,665,138043
95554656,95555866,1210,134991
95555866,95557030,1164,11049
95557030,95558188,1158,124547
95558188,95559239,1051,83708
95559239,95560304,1065,162667
95560304,95561569,1265,141791
95561569,95562659,1090,132866
95562659,95563776,1117,87791
95563776,95564947,1171,130627
95564947,95566121,1174,19585
95566121,95567329,1208,130105
95567329,95568444,1115,106800
95568444,95569317,873,31603
95569317,95569832,515,6541
95569832,95570971,1139,130876
95570971,95572218,1247,12895
95572218,95572843,625,862
95572843,95574024,1181,89898
95574024,95574947,923,135891
95574947,95575928,981,83633
95575928,95577092,1164,140725
95577092,95578231,1139,5704
95578231,95579440,1209,105398
95579440,95580264,824,10172
95580264,95581438,1174,25765
95581438,95582527,1089,46243
95582527,95583358,831,129396
95583358,95584473,1115,19208
95584473,95585548,1075,74798
95585548,95586833,1285,163322
95586833,95588012,1179,258266
95588012,95588825,813,1539
95588825,95589935,1110,862
95589935,95591135,1200,76574
95591135,95592151,1016,112187
95592151,95593305,1154,19371
95593305,95594574,1269,157861
95594574,95595673,1099,233382
95595673,95596632,959,24732
95596632,95597505,873,171138
95597505,95597978,473,130131
95597978,95599239,1261,279153
95599239,95600490,1251,132710
95600490,95601435,945,161972
95601435,95602275,840,163322
95602275,95603226,951,126408
95603226,95604334,1108,233342
95604334,95605405,1071,294523
95605405,95606406,1001,87280
95606406,95607660,1254,167597
95607660,95608723,1063,277899
95608723,95609788,1065,171107
95609788,95610432,644,12731
95610432,95611493,1061,172165
95611493,95611688,195,279852
95611688,95612793,1105,138074
95612793,95613726,933,129974
95613726,95614938,1212,10160
95614938,95615950,1012,233382
95615950,95617111,1161,156720
95617111,95618364,1253,1562
95618364,95619517,1153,144986
95619517,95620372,855,284435
95620372,95621636,1264,96151
95621636,95622859,1223,152282
95622859,95624114,1255,124547
95624114,95625384,1270,135229
95625384,95626541,1157,13185
95626541,95627708,1167,73848
95627708,95628845,1137,296465
95628845,95630028,1183,138617
95630028,95631376,1348,123283
95631376,95632640,1264,157859
95632640,95633107,467,122944
95633107,95634289,1182,86679
95634289,95635506,1217,233342
95635506,95636483,977,68358
95636483,95637319,836,86026
95637319,95638312,993,166423
95638312,95638651,339,102250
95638651,95639824,1173,139336
95639824,95640913,1089,126312
95640913,95642134,1221,132485
95642134,95643301,1167,302000
95643301,95644514,1213,70998
95644514,95645719,1205,31629
95645719,95646955,1236,107520
95646955,95648022,1067,149739
95648022,95649125,1103,86710
95649125,95650320,1195,108621
95650320,95651570,1250,12731
95651570,95652477,907,142320
95652477,95653737,1260,149880
95653737,95654052,315,1043
95654052,95655255,1203,44586
95655255,95656138,883,270778
95656138,95657263,1125,8141
95657263,95658310,1047,96241
95658310,95659502,1192,121671
95659502,95660611,1109,125147
95660611,95661817,1206,103120
95661817,95662935,1118,185125
95662935,95663354,419,302000
95663354,95663940,586,123271
95663940,95665200,1260,49755
95665200,95666256,1056,283462
95666256,95667463,1207,47541
95667463,95668574,1111,92930
95668574,95669656,1082,104491
95669656,95670118,462,126957
95670118,95671085,967,134160
95671085,95672234,1149,58845
95672234,95673481,1247,136983
95673481,95673714,233,129388
95673714,95674680,966,86026
95674680,95675937,1257,71420
95675937,95676920,983,184447
95676920,95678014,1094,290365
95678014,95679290,1276,287358
95679290,95680561,1271,76044
95680561,95681010,449,127685
95681010,95682267,1257,86683
95682267,95682708,441,130627
95682708,95683602,894,81858
95683602,95683819,217,143948
95683819,95684755,936,110131
95684755,95685928,1173,121669
95685928,95687188,1260,125943
95687188,95688407,1219,295197
95688407,95689656,1249,132782
95689656,95690749,1093,187018
95690749,95691801,1052,9915
95691801,95693005,1204,102238
95693005,95694184,1179,39910
95694184,95695427,1243,19361
95695427,95696592,1165,44575
95696592,95697772,1180,288043
95697772,95698977,1205,199
95698977,95699910,933,51162
95699910,95700344,434,95969
95700344,95701109,765,278289
95701109,95702330,1221,147971
95702330,95703104,774,124224
95703104,95704414,1310,52195
95704414,95705204,790,10701
95705204,95706474,1270,106974
95706474,95707715,1241,295710
95707715,95708957,1242,44912
95708957,95710040,1083,97593
95710040,95711162,1122,147989
95711162,95712360,1198,246889
95712360,95713586,1226,296395
95713586,95714695,1109,174953
95714695,95715776,1081,26895
95715776,95716984,1208,138617
95716984,95717326,342,6525
95717326,95718405,1079,97610
95718405,95719512,1107,131742
95719512,95720759,1247,54487
95720759,95721988,1229,281131
95721988,95723226,1238,8592
95723226,95724311,1085,163726
95724311,95725387,1076,68353
95725387,95726676,1289,82020
95726676,95727795,1119,184266
95727795,95728768,973,274375
95728768,95730046,1278,58845
95730046,95731298,1252,120583
95731298,95732549,1251,95870
95732549,95733679,1130,48032
95733679,95734761,1082,172165
95734761,95735931,1170,10988
95735931,95737064,1133,132592
95737064,95738138,1074,244431
95738138,95738779,641,137154
95738779,95739492,713,53343
95739492,95740548,1056,245687
95740548,95740757,209,9342
95740757,95741998,1241,132707
95741998,95742657,659,10642
95742657,95743747,1090,118119
95743747,95744783,1036,126408
95744783,95745945,1162,157243
95745945,95746962,1017,287357
95746962,95747560,598,66622
95747560,95748571,1011,55202
95748571,95749754,1183,163612
95749754,95750947,1193,147981
95750947,95751859,912,148550
95751859,95752130,271,86683
95752130,95753369,1239,270777
95753369,95754548,1179,142363
95754548,95755779,1231,85685
95755779,95757020,1241,6174
95757020,95758177,1157,101283
95758177,95759318,1141,53343
95759318,95760560,1242,8675
95760560,95761099,539,7793
95761099,95762242,1143,86777
95762242,95763342,1100,73073
95763342,95764322,980,99122
95764322,95765046,724,167609
95765046,95765455,409,5776
95765455,95766500,1045,140222
95766500,95767733,1233,139297
95767733,95769022,1289,129514
95769022,95770249,1227,138033
95770249,95771465,1216,145701
95771465,95772649,1184,135635
95772649,95773302,653,121528
95773302,95774283,981,296078
95774283,95775548,1265,64956
95775548,95776700,1152,395
95776700,95777769,1069,10328
95777769,95778052,283,130495
95778052,95778824,772,134148
95778824,95779768,944,9210
95779768,95780283,515,13270
95780283,95780866,583,9919
95780866,95781984,1118,131220
95781984,95783183,1199,21305
95783183,95783632,449,46243
95783632,95784848,1216,18533
95784848,95785845,997,6541
95785845,95787009,1164,668
95787009,95787953,944,142318
95787953,95788794,841,137106
95788794,95789522,728,32135
95789522,95790762,1240,130876
95790762,95791592,830,139307
95791592,95792632,1040,109507
95792632,95793439,807,66464
95793439,95794604,1165,758
95794604,95795770,1166,133393
95795770,95796837,1067,80665
95796837,95797863,1026,67584
95797863,95799022,1159,88367
95799022,95800185,1163,31609
95800185,95801252,1067,130878
95801252,95802566,1314,28247
95802566,95803425,859,131722
95803425,95804435,1010,9321
95804435,95805516,1081,668
95805516,95806769,1253,46890
95806769,95807682,913,6398
95807682,95808941,1259,130870
95808941,95810119,1178,246892
95810119,95811474,1355,133424
95811474,95812537,1063,123172
95812537,95812718,181,302111
95812718,95813755,1037,398
95813755,95814916,1161,279849
95814916,95815854,938,288043
95815854,95816946,1092,86683
95816946,95817465,519,133211
95817465,95818478,1013,27593
95818478,95819613,1135,143477
95819613,95820149,536,284435
95820149,95821430,1281,32137
95821430,95822493,1063,295445
95822493,95823496,1003,14976
95823496,95824623,1127,70753
95824623,95824811,188,178028
95824811,95826158,1347,292347
95826158,95827120,962,29090
95827120,95827870,750,724
95827870,95829103,1233,285135
95829103,95829854,751,176660
95829854,95830414,560,10328
95830414,95831468,1054,108638
95831468,95832716,1248,15082
95832716,95833798,1082,124439
95833798,95835015,1217,101258
95835015,95836262,1247,132717
95836262,95837372,1110,290365
95837372,95838545,1173,104606
95838545,95839741,1196,144986
95839741,95840823,1082,58776
95840823,95841250,427,15307
95841250,95842335,1085,54006
95842335,95842568,233,19366
95842568,95843525,957,120325
95843525,95844576,1051,156224
95844576,95844972,396,129066
95844972,95845910,938,73973
95845910,95846229,319,140651
95846229,95847427,1198,147045
95847427,95848654,1227,262269
95848654,95849611,957,161166
95849611,95850624,1013,168199
95850624,95851123,499,281188
95851123,95852246,1123,127703
95852246,95853407,1161,52088
95853407,95854687,1280,135826
95854687,95855376,689,144496
95855376,95856634,1258,44576
95856634,95857133,499,27120
95857133,95858090,957,104888
95858090,95859286,1196,362
95859286,95860329,1043,244431
95860329,95861022,693,114452
95861022,95861266,244,6506
95861266,95862135,869,282985
95862135,95862332,197,120583
95862332,95863465,1133,130533
95863465,95864543,1078,275212
95864543,95865756,1213,124526
95865756,95866755,999,121449
95866755,95868006,1251,7591
95868006,95868967,961,8684
95868967,95869857,890,141268
95869857,95870058,201,12545
95870058,95871407,1349,72212
95871407,95871697,290,104979
95871697,95872932,1235,156738
95872932,95874133,1201,300234
95874133,95875347,1214,59268
95875347,95876504,1157,124990
95876504,95877366,862,101578
95877366,95878512,1146,6171
95878512,95879516,1004,19208
95879516,95880759,1243,32886
95880759,95881978,1219,64588
95881978,95883259,1281,12332
95883259,95884405,1146,12539
95884405,95885702,1297,135657
95885702,95886373,671,129396
95886373,95886856,483,142824
95886856,95888118,1262,133212
95888118,95889204,1086,72207
95889204,95889952,748,13256
95889952,95890934,982,4479
95890934,95892167,1233,121661
95892167,95893326,1159,146770
95893326,95894597,1271,61777
95894597,95895839,1242,66622
95895839,95896000,161,138032
95896000,95897234,1234,104637
95897234,95897681,447,71531
95897681,95898968,1287,71405
95898968,95900265,1297,158816
95900265,95901422,1157,4861
95901422,95902112,690,135897
95902112,95903356,1244,39971
95903356,95904568,1212,122789
95904568,95905863,1295,86708
95905863,95907031,1168,123443
95907031,95908250,1219,52088
95908250,95909009,759,137739
95909009,95909772,763,10798
95909772,95910981,1209,129808
95910981,95911963,982,61780
95911963,95913079,1116,143477
95913079,95914162,1083,287660
95914162,95915143,981,121669
95915143,95916361,1218,146346
95916361,95916712,351,133273
95916712,95917809,1097,121416
95917809,95919040,1231,11077
95919040,95920263,1223,71550
95920263,95921537,1274,245687
95921537,95922821,1284,131040
95922821,95923931,1110,133442
95923931,95924230,299,129623
95924230,95925274,1044,132592
95925274,95925577,303,278217
95925577,95926845,1268,131218
95926845,95928026,1181,231838
95928026,95929311,1285,36633
95929311,95930563,1252,132718
95930563,95931080,517,29120
95931080,95932281,1201,130975
95932281,95933134,853,11077
95933134,95933730,596,133442
95933730,95934696,966,160188
95934696,95935891,1195,216564
95935891,95937132,1241,126860
95937132,95938269,1137,258266
95938269,95939524,1255,95441
95939524,95940621,1097,262269
95940621,95941913,1292,98877
95941913,95943084,1171,37090
95943084,95944141,1057,82458
95944141,95945260,1119,137739
95945260,95946166,906,67233
95946166,95946834,668,9174
95946834,95948153,1319,282926
95948153,95949429,1276,35926
95949429,95950535,1106,300208
95950535,95951653,1118,9010
95951653,95952800,1147,92805
95952800,95953417,617,61323
95953417,95953671,254,246892
95953671,95953949,278,43296
95953949,95955025,1076,163402
95955025,95956142,1117,86804
95956142,95956514,372,133424
95956514,95957641,1127,134592
95957641,95958574,933,129388
95958574,95959781,1207,46890
95959781,95961026,1245,62558
95961026,95962148,1122,130532
95962148,95963223,1075,286306
95963223,95964212,989,130517
95964212,95965397,1185,144485
95965397,95966256,859,156019
95966256,95966532,276,280380
95966532,95967415,883,100145
95967415,95968056,641,62516
95968056,95969400,1344,126965
95969400,95970240,840,126480
95970240,95971019,779,150915
95971019,95972175,1156,139350
95972175,95973447,1272,70843
95973447,95974501,1054,68369
95974501,95975594,1093,14653
95975594,95976756,1162,15446
95976756,95977947,1191,185436
95977947,95979265,1318,10702
95979265,95980384,1119,7943
95980384,95981518,1134,11734
95981518,95982690,1172,282985
95982690,95983831,1141,106366
95983831,95984808,977,94526
95984808,95985330,522,75791
95985330,95985868,538,130493
95985868,95986645,777,54006
95986645,95987906,1261,123507
95987906,95988345,439,10172
95988345,95989447,1102,163612
95989447,95990400,953,296468
95990400,95990808,408,29012
95990808,95991859,1051,294551
95991859,95992972,1113,122789
95992972,95993976,1004,174953
95993976,95994451,475,143625
95994451,95995303,852,56222
95995303,95996490,1187,157242
95996490,95996999,509,120318
95996999,95998289,1290,39971
95998289,95999484,1195,86683
95999484,96000711,1227,156724
96000711,96002022,1311,132499
96002022,96003272,1250,68358
96003272,96004369,1097,295710
96004369,96005468,1099,15307
96005468,96006486,1018,107479
96006486,96007049,563,135659
96007049,96007729,680,278217
96007729,96008958,1229,58843
96008958,96009806,848,133211
96009806,96010836,1030,10642
96010836,96012169,1333,141242
96012169,96013468,1299,123271
96013468,96013753,285,184447
96013753,96014927,1174,5791
96014927,96015369,442,122025
96015369,96016638,1269,129659
96016638,96017603,965,246893
96017603,96018625,1022,158816
96018625,96019884,1259,73295
96019884,96020427,543,19361
96020427,96021657,1230,130989
96021657,96022284,627,131040
96022284,96023525,1241,119295
96023525,96024541,1016,134785
96024541,96024946,405,163505
96024946,96026189,1243,81858
96026189,96027045,856,125127
96027045,96028326,1281,185466
96028326,96029356,1030,110706
96029356,96030128,772,132484
96030128,96031199,1071,105386
96031199,96032387,1188,3586
96032387,96033250,863,5703
96033250,96034223,973,26956
96034223,96034370,147,67857
96034370,96034602,232,27120
96034602,96035760,1158,101276
96035760,96036886,1126,86679
96036886,96037895,1009,281131
96037895,96039055,1160,141642
96039055,96040201,1146,131003
96040201,96040528,327,60774
96040528,96041678,1150,199
96041678,96041864,186,34478
96041864,96042054,190,163380
96042054,96042305,251,10674
96042305,96043524,1219,109507
96043524,96043782,258,141209
96043782,96044928,1146,19208
96044928,96045985,1057,139397
96045985,96047217,1232,184266
96047217,96048342,1125,54613
96048342,96049331,989,75355
96049331,96050526,1195,142311
96050526,96051795,1269,10327
96051795,96052956,1161,216563
96052956,96054177,1221,184264
96054177,96055202,1025,231834
96055202,96056526,1324,126209
96056526,96057200,674,275218
96057200,96058215,1015,123215
96058215,96059413,1198,7371
96059413,96060377,964,86679
96060377,96061485,1108,10701
96061485,96062738,1253,9920
96062738,96063861,1123,126208
96063861,96065132,1271,121541
96065132,96066426,1294,109174
96066426,96067592,1166,262269
96067592,96068541,949,1150
96068541,96069762,1221,174953
96069762,96071011,1249,142311
96071011,96072005,994,11734
96072005,96072173,168,92002
96072173,96072515,342,157066
96072515,96073658,1143,141248
96073658,96074888,1230,9174
96074888,96075913,1025,123270
96075913,96076420,507,9920
96076420,96076592,172,132592
96076592,96077797,1205,131899
96077797,96078916,1119,293959
96078916,96080111,1195,84447
96080111,96081274,1163,7371
96081274,96082392,1118,120330
96082392,96083480,1088,282386
96083480,96084417,937,171171
96084417,96085478,1061,279775
96085478,96085795,317,133393
96085795,96086716,921,137628
96086716,96087206,490,164101
96087206,96088440,1234,146197
96088440,96088635,195,152265
96088635,96089628,993,142750
96089628,96090845,1217,122825
96090845,96091988,1143,142363
96091988,96093212,1224,125883
96093212,96094364,1152,67233
96094364,96095309,945,163505
96095309,96096469,1160,134707
96096469,96097607,1138,279153
96097607,96098756,1149,138290
96098756,96100038,1282,135227
96100038,96100823,785,82558
96100823,96102056,1233,128344
96102056,96103281,1225,244431
96103281,96104495,1214,5341
96104495,96105388,893,132537
96105388,96106232,844,121799
96106232,96107288,1056,87547
96107288,96108426,1138,245691
96108426,96109745,1319,10642
96109745,96110270,525,121674
96110270,96110730,460,149236
96110730,96111018,288,46243
96111018,96112147,1129,84448
96112147,96113215,1068,29012
96113215,96113804,589,142318
96113804,96114035,231,121541
96114035,96115105,1070,121799
96115105,96116316,1211,2777
96116316,96117548,1232,143005
96117548,96117905,357,163612
96117905,96118758,853,14497
96118758,96120015,1257,149735
96120015,96121011,996,28380
96121011,96122024,1013,56175
96122024,96123143,1119,147968
96123143,96123330,187,160188
96123330,96124168,838,133290
96124168,96125089,921,5776
96125089,96125755,666,107247
96125755,96127039,1284,134121
96127039,96127339,300,284424
96127339,96128284,945,126929
96128284,96129438,1154,296467
96129438,96130581,1143,68369
96130581,96131887,1306,276730
96131887,96133052,1165,144503
96133052,96133373,321,245708
96133373,96134629,1256,152831
96134629,96135882,1253,58845
96135882,96137183,1301,149236
96137183,96138212,1029,139336
96138212,96139323,1111,130103
96139323,96140472,1149,280380
96140472,96141669,1197,127696
96141669,96142888,1219,44586
96142888,96143327,439,90847
96143327,96144440,1113,148529
96144440,96145711,1271,278289
96145711,96146018,307,6525
96146018,96147103,1085,91905
96147103,96147820,717,290349
96147820,96148733,913,156474
96148733,96149880,1147,42637
96149880,96150909,1029,125123
96150909,96151230,321,120583
96151230,96152459,1229,290365
96152459,96153625,1166,39481
96153625,96154812,1187,13056
96154812,96155941,1129,288043
96155941,96157031,1090,154671
96157031,96158284,1253,160592
96158284,96159580,1296,148529
96159580,96160715,1135,175448
96160715,96161928,1213,131218
96161928,96163192,1264,162130
96163192,96164458,1266,131722
96164458,96165570,1112,122827
96165570,96166819,1249,73961
96166819,96167974,1155,100045
96167974,96169194,1220,64298
96169194,96170449,1255,101854
96170449,96170692,243,14674
96170692,96171425,733,29101
96171425,96172447,1022,143895
96172447,96173698,1251,280380
96173698,96174719,1021,216564
96174719,96175753,1034,21393
96175753,96176984,1231,101884
96176984,96178229,1245,270778
96178229,96178574,345,291458
96178574,96179846,1272,1560
96179846,96180955,1109,135635
96180955,96182263,1308,61422
96182263,96183153,890,138113
96183153,96183718,565,2536
96183718,96183873,155,142279
96183873,96185037,1164,139797
96185037,96186150,1113,80690
96186150,96187076,926,36146
96187076,96187809,733,10327
96187809,96189034,1225,10327
96189034,96189517,483,133273
96189517,96190429,912,104491
96190429,96191481,1052,18004
96191481,96192246,765,105171
96192246,96193393,1147,146346
96193393,96194604,1211,139743
96194604,96195106,502,105179
96195106,96196150,1044,17942
96196150,96197324,1174,88363
96197324,96198353,1029,153728
96198353,96199633,1280,121734
96199633,96200692,1059,363
96200692,96201563,871,54006
96201563,96202642,1079,72927
96202642,96203385,743,58778
96203385,96203768,383,32639
96203768,96205024,1256,153728
96205024,96206248,1224,54659
96206248,96206560,312,64588
96206560,96207857,1297,12971
96207857,96208581,724,134786
96208581,96209508,927,142279
96209508,96210662,1154,134825
96210662,96211819,1157,52195
96211819,96213031,1212,154671
96213031,96213911,880,39971
96213911,96215114,1203,26559
96215114,96215299,185,160188
96215299,96215719,420,106969
96215719,96215916,197,159371
96215916,96217133,1217,115968
96217133,96218323,1190,87732
96218323,96219558,1235,129808
96219558,96220582,1024,99122
96220582,96221473,891,141721
96221473,96222019,546,60480
96222019,96222230,211,6541
96222230,96223578,1348,146123
96223578,96223897,319,132891
96223897,96225165,1268,94526
96225165,96226419,1254,31629
96226419,96227688,1269,11547
96227688,96228831,1143,177638
96228831,96230175,1344,120318
96230175,96230670,495,130125
96230670,96231589,919,29120
96231589,96232347,758,167597
96232347,96233241,894,24516
96233241,96234459,1218,1562
96234459,96235741,1282,170453
96235741,96236951,1210,48362
96236951,96238145,1194,14274
96238145,96239161,1016,60774
96239161,96240371,1210,131732
96240371,96240681,310,170982
96240681,96241894,1213,56778
96241894,96242823,929,14960
96242823,96243969,1146,6498
96243969,96245252,1283,29091
96245252,96245558,306,160188
96245558,96246712,1154,26853
96246712,96247803,1091,67851
96247803,96248754,951,44586
96248754,96249913,1159,83606
96249913,96250899,986,216563
96250899,96252171,1272,112592
96252171,96253321,1150,6541
96253321,96254548,1227,130900
96254548,96254969,421,121079
96254969,96255540,571,163606
96255540,96256682,1142,162239
96256682,96257953,1271,129752
96257953,96258768,815,166421
96258768,96260002,1234,109185
96260002,96260382,380,139710
96260382,96261384,1002,7622
96261384,96261907,523,102526
96261907,96262958,1051,134425
96262958,96264070,1112,147971
96264070,96265355,1285,173591
96265355,96266318,963,100145
96266318,96267467,1149,157243
96267467,96268541,1074,84122
96268541,96269370,829,75791
96269370,96270427,1057,177627
96270427,96271677,1250,70998
96271677,96272893,1216,64974
96272893,96273346,453,135824
96273346,96274293,947,304534
96274293,96275570,1277,124587
96275570,96276677,1107,279775
96276677,96277821,1144,174953
96277821,96278482,661,302395
96278482,96278882,400,126826
96278882,96279924,1042,109662
96279924,96281052,1128,130296
96281052,96282341,1289,86683
96282341,96283561,1220,137628
96283561,96284804,1243,30101
96284804,96285665,861,280380
96285665,96286755,1090,11512
96286755,96287894,1139,134465
96287894,96289154,1260,23281
96289154,96290208,1054,19376
96290208,96291379,1171,143948
96291379,96292639,1260,118112
96292639,96293972,1333,137004
96293972,96295066,1094,91906
96295066,96296307,1241,132864
96296307,96297557,1250,132485
96297557,96298725,1168,8592
96298725,96299802,1077,102232
96299802,96301039,1237,8912
96301039,96302201,1162,296467
96302201,96303411,1210,71404
96303411,96304596,1185,174132
96304596,96305716,1120,127703
96305716,96306934,1218,156973
96306934,96308115,1181,64588
96308115,96309239,1124,132299
96309239,96310469,1230,69607
96310469,96311686,1217,143264
96311686,96312559,873,281471
96312559,96313029,470,143321
96313029,96314320,1291,71401
96314320,96314894,574,131228
96314894,96316001,1107,18004
96316001,96317244,1243,110243
96317244,96318586,1342,122806
96318586,96319321,735,129515
96319321,96320443,1122,130503
96320443,96321388,945,122451
96321388,96321684,296,46243
96321684,96322821,1137,149798
96322821,96323897,1076,258262
96323897,96325001,1104,130870
96325001,96325935,934,41151
96325935,96326788,853,141148
96326788,96328034,1246,7793
96328034,96329165,1131,121024
96329165,96330337,1172,125951
96330337,96331358,1021,76044
96331358,96332435,1077,117095
96332435,96333727,1292,120583
96333727,96334871,1144,94876
96334871,96335183,312,126336
96335183,96336415,1232,124549
96336415,96337235,820,122825
96337235,96338467,1232,101578
96338467,96339544,1077,73961
96339544,96340663,1119,294523
96340663,96341014,351,126408
96341014,96342269,1255,142318
96342269,96343293,1024,276939
96343293,96344442,1149,127522
96344442,96345708,1266,121799
96345708,96346821,1113,2772
96346821,96347921,1100,177641
96347921,96349150,1229,294114
96349150,96350372,1222,87280
96350372,96351497,1125,48377
96351497,96352446,949,101884
96352446,96353132,686,293957
96353132,96353592,460,126928
96353592,96354396,804,128329
96354396,96355633,1237,101262
96355633,96356196,563,20410
96356196,96357235,1039,258283
96357235,96357900,665,169656
96357900,96358994,1094,142744
96358994,96360145,1151,104637
96360145,96361421,1276,80534
96361421,96362586,1165,37134
96362586,96363697,1111,44582
96363697,96364887,1190,296078
96364887,96366084,1197,47032
96366084,96366792,708,19208
96366792,96368071,1279,114469
96368071,96369287,1216,43321
96369287,96370613,1326,76043
96370613,96371604,991,130226
96371604,96372257,653,122627
96372257,96373139,882,12545
96373139,96373741,602,26895
96373741,96375049,1308,86040
96375049,96376023,974,135894
96376023,96377158,1135,231836
96377158,96377553,395,129440
96377553,96378652,1099,127538
96378652,96379844,1192,166433
96379844,96380825,981,67857
96380825,96381969,1144,82020
96381969,96383076,1107,121024
96383076,96384308,1232,122451
96384308,96384647,339,8141
96384647,96385793,1146,46267
96385793,96386718,925,66622
96386718,96388002,1284,74797
96388002,96388412,410,86026
96388412,96389648,1236,10328
96389648,96389949,301,107479
96389949,96391268,1319,138289
96391268,96392525,1257,176682
96392525,96393682,1157,139742
96393682,96394930,1248,232057
96394930,96395432,502,70843
96395432,96396695,1263,142279
96396695,96397758,1063,172156
96397758,96398911,1153,61758
96398911,96399687,776,288043
96399687,96400956,1269,5704
96400956,96402083,1127,19376
96402083,96403280,1197,5911
96403280,96404310,1030,121068
96404310,96405386,1076,22178
96405386,96406613,1227,127215
96406613,96407620,1007,87997
96407620,96408589,969,25563
96408589,96408765,176,31603
96408765,96409805,1040,78885
96409805,96410941,1136,26520
96410941,96411405,464,75365
96411405,96412423,1018,131030
96412423,96413604,1181,139797
96413604,96414859,1255,157236
96414859,96415598,739,86683
96415598,96416909,1311,121103
96416909,96418184,1275,174132
96418184,96419241,1057,126947
96419241,96420143,902,8912
96420143,96421358,1215,122467
96421358,96422556,1198,141571
96422556,96423491,935,165428
96423491,96423766,275,10344
96423766,96424686,920,142824
96424686,96425863,1177,143948
96425863,96426105,242,69411
96426105,96427128,1023,23281
96427128,96428004,876,282926
96428004,96429108,1104,13364
96429108,96429433,325,131113
96429433,96430648,1215,135227
96430648,96431843,1195,131113
96431843,96432587,744,259009
96432587,96432813,226,137483
96432813,96433756,943,139355
96433756,96434755,999,143477
96434755,96436045,1290,129596
96436045,96437124,1079,287139
96437124,96438248,1124,139707
96438248,96439397,1149,80690
96439397,96440665,1268,139752
96440665,96440887,222,163518
96440887,96441619,732,52195
96441619,96442820,1201,139612
96442820,96444011,1191,88086
96444011,96444820,809,296465
96444820,96445991,1171,88363
96445991,96447266,1275,26553
96447266,96448381,1115,155152
96448381,96449524,1143,184447
96449524,96450689,1165,13250
96450689,96451739,1050,142896
96451739,96452143,404,109180
96452143,96453264,1121,121148
96453264,96454512,1248,104890
96454512,96455669,1157,159371
96455669,96456811,1142,147971
96456811,96457926,1115,6398
96457926,96459275,1349,102238
96459275,96460393,1118,132850
96460393,96461719,1326,66185
96461719,96462524,805,133630
96462524,96463695,1171,23281
96463695,96464795,1100,126842
96464795,96465583,788,141721
96465583,96466094,511,156968
96466094,96467326,1232,64956
96467326,96468245,919,126965
96468245,96469557,1312,5417
96469557,96470532,975,31668
96470532,96470796,264,10160
96470796,96471327,531,53342
96471327,96472482,1155,47541
96472482,96473688,1206,106974
96473688,96474900,1212,133834
96474900,96475982,1082,90850
96475982,96477314,1332,31097
96477314,96478535,1221,96168
96478535,96479729,1194,54667
96479729,96481021,1292,64738
96481021,96482172,1151,163381
96482172,96483277,1105,6498
96483277,96483449,172,48579
96483449,96484671,1222,129979
96484671,96485536,865,87997
96485536,96486680,1144,91902
96486680,96487717,1037,134717
96487717,96488987,1270,121080
96488987,96489644,657,31091
96489644,96490827,1183,164327
96490827,96491444,617,11077
96491444,96492652,1208,126796
96492652,96493791,1139,122627
96493791,96494058,267,176854
96494058,96495190,1132,70843
96495190,96496036,846,132891
96496036,96497229,1193,49750
96497229,96498153,924,130184
96498153,96499369,1216,276939
96499369,96500638,1269,129594
96500638,96501923,1285,136983
96501923,96503086,1163,61421
96503086,96504097,1011,12971
96504097,96505179,1082,106611
96505179,96506249,1070,284444
96506249,96507425,1176,294700
96507425,96508554,1129,130993
96508554,96509783,1229,756
96509783,96510846,1063,21493
96510846,96511193,347,176854
96511193,96511569,376,72205
96511569,96512736,1167,126932
96512736,96513887,1151,95959
96513887,96515082,1195,279233
96515082,96516229,1147,23295
96516229,96517397,1168,123048
96517397,96518333,936,1133
96518333,96519522,1189,290363
96519522,96520761,1239,124439
96520761,96521857,1096,138289
96521857,96523067,1210,130505
96523067,96524165,1098,53342
96524165,96525378,1213,91906
96525378,96526590,1212,49755
96526590,96527073,483,105383
96527073,96527830,757,127685
96527830,96528976,1146,27504
96528976,96529407,431,130625
96529407,96530729,1322,100045
96530729,96531617,888,141148
96531617,96531792,175,126408
96531792,96533038,1246,87280
96533038,96534273,1235,284444
96534273,96535126,853,96151
96535126,96536319,1193,143307
96536319,96537476,1157,125084
96537476,96538438,962,67857
96538438,96539502,1064,13269
96539502,96540475,973,176660
96540475,96541576,1101,122863
96541576,96542731,1155,275128
96542731,96543004,273,1539
96543004,96544290,1286,131722
96544290,96545211,921,32139
96545211,96546510,1299,258974
96546510,96547774,1264,258959
96547774,96548950,1176,16802
96548950,96550261,1311,39970
96550261,96551293,1032,293959
96551293,96552005,712,61743
96552005,96553253,1248,287837
96553253,96554299,1046,25766
96554299,96554642,343,144503
96554642,96554831,189,163606
96554831,96555659,828,14674
96555659,96556128,469,696
96556128,96556951,823,125945
96556951,96557908,957,5776
96557908,96558985,1077,138290
96558985,96560166,1181,121068
96560166,96560763,597,126932
96560763,96561372,609,134785
96561372,96562563,1191,58025
96562563,96563360,797,142858
96563360,96564419,1059,108620
96564419,96565587,1168,131106
96565587,96566808,1221,23281
96566808,96568013,1205,96153
96568013,96569254,1241,131899
96569254,96570511,1257,73073
96570511,96571654,1143,39749
96571654,96572865,1211,92915
96572865,96574095,1230,138617
96574095,96575124,1029,4861
96575124,96575999,875,121024
96575999,96577154,1155,130900
96577154,96578343,1189,36386
96578343,96579483,1140,58012
96579483,96580645,1162,15082
96580645,96581796,1151,10088
96581796,96582854,1058,290365
96582854,96583709,855,153958
96583709,96584874,1165,29120
96584874,96586108,1234,102240
96586108,96587214,1106,66622
96587214,96588285,1071,244431
96588285,96588761,476,156738
96588761,96589723,962,130588
96589723,96590966,1243,89882
96590966,96591688,722,154284
96591688,96592747,1059,282977
96592747,96594047,1300,157236
96594047,96594965,918,156718
96594965,96596107,1142,49750
96596107,96596774,667,57179
96596774,96597377,603,110238
96597377,96598290,913,258283
96598290,96599478,1188,123025
96599478,96600331,853,132891
96600331,96601573,1242,118128
96601573,96602587,1014,117866
96602587,96603643,1056,174960
96603643,96604617,974,282385
96604617,96605752,1135,156017
96605752,96606204,452,134636
96606204,96607405,1201,169291
96607405,96608560,1155,723
96608560,96609730,1170,86043
96609730,96610386,656,121024
96610386,96611596,1210,170952
96611596,96612005,409,119637
96612005,96613201,1196,156015
96613201,96614170,969,121799
96614170,96615478,1308,71320
96615478,96616629,1151,41259
96616629,96617826,1197,285137
96617826,96618908,1082,146437
96618908,96619329,421,110128
96619329,96620338,1009,82020
96620338,96621431,1093,158796
96621431,96622028,597,18527
96622028,96623233,1205,144485
96623233,96624362,1129,171134
96624362,96625586,1224,271826
96625586,96626319,733,139387
96626319,96627381,1062,84010
96627381,96628393,1012,40571
96628393,96629584,1191,86679
96629584,96630818,1234,115046
96630818,96631976,1158,262305
96631976,96632752,776,86679
96632752,96633947,1195,365
96633947,96635193,1246,122863
96635193,96636453,1260,125882
96636453,96637536,1083,101892
96637536,96638787,1251,281471
96638787,96639955,1168,160952
96639955,96641094,1139,63713
96641094,96641781,687,178449
96641781,96642953,1172,122806
96642953,96643876,923,122545
96643876,96645070,1194,156155
96645070,96646089,1019,295710
96646089,96646802,713,278217
96646802,96647841,1039,280250
96647841,96648415,574,56574
96648415,96649492,1077,14013
96649492,96650722,1230,123163
96650722,96651035,313,141174
96651035,96652342,1307,142745
96652342,96653521,1179,122545
96653521,96654668,1147,110243
96654668,96654883,215,26520
96654883,96656073,1190,187466
96656073,96657174,1101,39661
96657174,96657690,516,54006
96657690,96658979,1289,91801
96658979,96660225,1246,150915
96660225,96661339,1114,30593
96661339,96662240,901,142311
96662240,96662593,353,149738
96662593,96663719,1126,276939
96663719,96664802,1083,300225
96664802,96665843,1041,61422
96665843,96666875,1032,161226
96666875,96667770,895,123866
96667770,96668729,959,122467
96668729,96669865,1136,142858
96669865,96671204,1339,284435
96671204,96672351,1147,136983
96672351,96673235,884,90852
96673235,96673560,325,121729
96673560,96674729,1169,142320
96674729,96675780,1051,128761
96675780,96676225,445,258960
96676225,96676580,355,101262
96676580,96677512,932,122810
96677512,96678732,1220,185074
96678732,96680015,1283,280250
96680015,96681242,1227,127691
96681242,96682281,1039,122863
96682281,96683320,1039,13364
96683320,96684473,1153,39501
96684473,96685489,1016,126232
96685489,96686562,1073,46712
96686562,96686821,259,258283
96686821,96687809,988,41259
96687809,96688734,925,139741
96688734,96689660,926,62558
96689660,96690085,425,176854
96690085,96691207,1122,127704
96691207,96692515,1308,122614
96692515,96693757,1242,130296
96693757,96694075,318,163384
96694075,96695058,983,58763
96695058,96695559,501,121068
96695559,96696764,1205,163597
96696764,96697984,1220,170982
96697984,96698794,810,1043
96698794,96699734,940,177641
96699734,96700817,1083,304535
96700817,96702102,1285,72927
96702102,96703254,1152,126296
96703254,96704038,784,133395
96704038,96705261,1223,104890
96705261,96706199,938,141248
96706199,96706393,194,112057
96706393,96707416,1023,157242
96707416,96708729,1313,284269
96708729,96709460,731,1189
96709460,96710673,1213,126965
96710673,96711842,1169,140718
96711842,96713153,1311,126955
96713153,96714433,1280,121415
96714433,96715170,737,140222
96715170,96716352,1182,142311
96716352,96717282,930,123192
96717282,96718260,978,6556
96718260,96719444,1184,60801
96719444,96720651,1207,288044
96720651,96721769,1118,144987
96721769,96722886,1117,756
96722886,96724113,1227,6506
96724113,96725319,1206,295197
96725319,96726580,1261,107480
96726580,96727394,814,185436
96727394,96728664,1270,4447
96728664,96729796,1132,95441
96729796,96730863,1067,29108
96730863,96732005,1142,109174
96732005,96733180,1175,3582
96733180,96734138,958,233366
96734138,96734987,849,57667
96734987,96736145,1158,58845
96736145,96737312,1167,141174
96737312,96738434,1122,156015
96738434,96739009,575,77782
96739009,96739665,656,10642
96739665,96740040,375,123882
96740040,96741106,1066,88761
96741106,96742307,1201,121079
96742307,96743129,822,41610
96743129,96744096,967,107621
96744096,96745246,1150,106965
96745246,96746478,1232,135814
96746478,96747773,1295,135022
96747773,96749080,1307,131218
96749080,96750170,1090,140718
96750170,96751215,1045,60489
96751215,96752356,1141,147971
96752356,96753511,1155,25951
96753511,96754775,1264,154697
96754775,96755966,1191,82904
96755966,96757162,1196,103120
96757162,96758229,1067,130105
96758229,96758806,577,11612
96758806,96759407,601,135892
96759407,96760676,1269,168062
96760676,96761903,1227,151817
96761903,96762442,539,167023
96762442,96763293,851,129064
96763293,96764473,1180,74797
96764473,96764866,393,26894
96764866,96765956,1090,163726
96765956,96767066,1110,6541
96767066,96767967,901,101864
96767967,96769046,1079,136483
96769046,96770173,1127,61758
96770173,96771472,1299,86741
96771472,96772601,1129,126860
96772601,96773511,910,216567
96773511,96774646,1135,7622
96774646,96775605,959,95875
96775605,96776772,1167,129440
96776772,96777858,1086,121331
96777858,96779110,1252,10172
96779110,96779841,731,11533
96779841,96780704,863,170212
96780704,96781906,1202,135220
96781906,96782979,1073,73024
96782979,96784204,1225,126312
96784204,96785134,930,132717
96785134,96786247,1113,134463
96786247,96787362,1115,14274
96787362,96788353,991,10160
96788353,96789569,1216,24731
96789569,96790762,1193,91072
96790762,96792049,1287,276730
96792049,96792311,262,4687
96792311,96793490,1179,70843
96793490,96794544,1054,123267
96794544,96794866,322,105394
96794866,96796079,1213,145138
96796079,96797312,1233,126233
96797312,96798565,1253,58868
96798565,96799703,1138,233382
96799703,96800026,323,6557
96800026,96801205,1179,130625
96801205,96802109,904,157242
96802109,96803259,1150,30101
96803259,96804327,1068,92200
96804327,96805445,1118,279856
96805445,96806390,945,300047
96806390,96807611,1221,138548
96807611,96808830,1219,105383
96808830,96809900,1070,258283
96809900,96810599,699,110061
96810599,96811124,525,26872
96811124,96811363,239,135891
96811363,96812488,1125,186232
96812488,96813720,1232,175390
96813720,96814795,1075,4731
96814795,96815971,1176,160187
96815971,96816606,635,130625
96816606,96817602,996,143022
96817602,96818903,1301,125001
96818903,96820150,1247,138631
96820150,96821426,1276,121415
96821426,96822576,1150,10801
96822576,96823709,1133,130625
96823709,96824763,1054,141148
96824763,96825433,670,276730
96825433,96826589,1156,58843
96826589,96827681,1092,105398
96827681,96828334,653,89735
96828334,96829562,1228,32139
96829562,96830519,957,62850
96830519,96831162,643,56837
96831162,96832456,1294,54487
96832456,96832929,473,58778
96832929,96833407,478,163612
96833407,96834508,1101,107483
96834508,96835034,526,132592
96835034,96836025,991,139742
96836025,96837015,990,58868
96837015,96838172,1157,157263
96838172,96839429,1257,103126
96839429,96839795,366,95959
96839795,96840395,600,150715
96840395,96841470,1075,122825
96841470,96842707,1237,59167
96842707,96843956,1249,143264
96843956,96845089,1133,135826
96845089,96846177,1088,166433
96846177,96847267,1090,163505
96847267,96848448,1181,102250
96848448,96849535,1087,11258
96849535,96849750,215,34478
96849750,96850950,1200,1187
96850950,96852144,1194,122825
96852144,96853414,1270,128344
96853414,96853740,326,131882
96853740,96854103,363,86765
96854103,96854437,334,128636
96854437,96855459,1022,3961
96855459,96855954,495,73848
96855954,96857194,1240,108640
96857194,96858297,1103,108638
96858297,96859406,1109,37092
96859406,96860653,1247,12926
96860653,96861770,1117,150674
96861770,96862632,862,121024
96862632,96863823,1191,157636
96863823,96865130,1307,144135
96865130,96866265,1135,171133
96866265,96866617,352,140931
96866617,96867406,789,287659
96867406,96868309,903,13185
96868309,96869231,922,270778
96869231,96870378,1147,135894
96870378,96871643,1265,172165
96871643,96871835,192,233382
96871835,96873003,1168,74477
96873003,96873833,830,4861
96873833,96875048,1215,890
96875048,96876329,1281,68361
96876329,96877681,1352,123602
96877681,96878930,1249,276907
96878930,96880098,1168,32137
96880098,96881238,1140,4275
96881238,96882210,972,32135
96882210,96883002,792,140222
96883002,96883383,381,176853
96883383,96884224,841,275147
96884224,96884508,284,40556
96884508,96885420,912,292604
96885420,96886617,1197,73957
96886617,96887420,803,46267
96887420,96887690,270,19208
96887690,96888779,1089,138656
96888779,96889362,583,293959
96889362,96890626,1264,106974
96890626,96891855,1229,281471
96891855,96893022,1167,87508
96893022,96893968,946,137614
96893968,96895152,1184,121106
96895152,96896370,1218,285135
96896370,96897552,1182,127518
96897552,96897963,411,10327
96897963,96899128,1165,102240
96899128,96900303,1175,177627
96900303,96901535,1232,147970
96901535,96902688,1153,395
96902688,96903298,610,88363
96903298,96904538,1240,138063
96904538,96905500,962,123172
96905500,96906089,589,148521
96906089,96907311,1222,44937
96907311,96908616,1305,290350
96908616,96909750,1134,10344
96909750,96910767,1017,81881
96910767,96911856,1089,11079
96911856,96913087,1231,1539
96913087,96913370,283,102381
96913370,96913700,330,138032
96913700,96914702,1002,162375
96914702,96915663,961,73728
96915663,96916901,1238,287657
96916901,96918031,1130,130569
96918031,96919029,998,89880
96919029,96919904,875,129805
96919904,96920107,203,147970
96920107,96921278,1171,668
96921278,96921937,659,233382
96921937,96922714,777,10798
96922714,96922987,273,132800
96922987,96923768,781,126829
96923768,96924937,1169,9010
96924937,96925411,474,127703
96925411,96926536,1125,131735
96926536,96927573,1037,6541
96927573,96928842,1269,135580
96928842,96929893,1051,104398
96929893,96930981,1088,92202
96930981,96931319,338,112187
96931319,96932577,1258,44576
96932577,96933799,1222,77778
96933799,96934582,783,146111
96934582,96935560,978,126961
96935560,96936825,1265,143893
96936825,96938034,1209,142858
96938034,96938460,426,254948
96938460,96939497,1037,123267
96939497,96940490,993,700
96940490,96941407,917,246893
96941407,96942446,1039,291718
96942446,96943739,1293,154284
96943739,96944931,1192,126737
96944931,96946187,1256,137597
96946187,96946869,682,131882
96946869,96948046,1177,132601
96948046,96949305,1259,160958
96949305,96949548,243,137004
96949548,96950083,535,126232
96950083,96950297,214,117382
96950297,96951492,1195,14526
96951492,96952253,761,58193
96952253,96952876,623,128310
96952876,96954143,1267,122825
96954143,96955182,1039,139730
96955182,96956260,1078,125002
96956260,96957248,988,121148
96957248,96958110,862,14674
96958110,96958756,646,101289
96958756,96959905,1149,47541
96959905,96961209,1304,121541
96961209,96962328,1119,232690
96962328,96963612,1284,35926
96963612,96964496,884,164187
96964496,96965585,1089,132707
96965585,96966812,1227,212
96966812,96967997,1185,61356
96967997,96969135,1138,174132
96969135,96969776,641,119637
96969776,96970963,1187,127579
96970963,96972214,1251,70837
96972214,96973413,1199,142752
96973413,96974560,1147,140072
96974560,96975809,1249,1133
96975809,96976968,1159,156967
96976968,96978182,1214,131259
96978182,96979412,1230,137588
96979412,96980605,1193,133273
96980605,96981839,1234,395
96981839,96983019,1180,130495
96983019,96984153,1134,156977
96984153,96984532,379,132800
96984532,96985625,1093,18004
96985625,96986831,1206,155151
96986831,96987558,727,5416
96987558,96988618,1060,29092
96988618,96989690,1072,296468
96989690,96990803,1113,14936
96990803,96991934,1131,40556
96991934,96992235,301,161102
96992235,96993403,1168,296395
96993403,96994486,1083,6398
96994486,96995177,691,176854
96995177,96996142,965,132705
96996142,96997174,1032,89880
96997174,96997451,277,133834
96997451,96998705,1254,133224
96998705,96999938,1233,104606
96999938,97000700,762,185126
97000700,97001954,1254,130871
97001954,97002640,686,72210
97002640,97003831,1191,142320
97003831,97004796,965,142318
97004796,97005999,1203,136054
97005999,97007245,1246,147968
97007245,97008468,1223,4861
97008468,97009629,1161,283242
97009629,97009978,349,170952
97009978,97010890,912,12723
97010890,97011974,1084,67863
97011974,97013105,1131,12545
97013105,97013507,402,233382
97013507,97014626,1119,133440
97014626,97015919,1293,10327
97015919,97017242,1323,12332
97017242,97018404,1162,126737
97018404,97019600,1196,126232
97019600,97020794,1194,58845
97020794,97022001,1207,59268
97022001,97023050,1049,274549
97023050,97024199,1149,55088
97024199,97025058,859,139009
97025058,97026181,1123,107479
97026181,97027172,991,73073
97027172,97028427,1255,137154
97028427,97029590,1163,134176
97029590,97029970,380,14677
97029970,97031171,1201,7793
97031171,97032026,855,82904
97032026,97033343,1317,72200
97033343,97034345,1002,108638
97034345,97035566,1221,143005
97035566,97035727,161,61316
97035727,97036828,1101,122810
97036828,97037952,1124,130878
97037952,97039168,1216,129388
97039168,97040320,1152,61421
97040320,97041155,835,258960
97041155,97042453,1298,28375
97042453,97043587,1134,128310
97043587,97044628,1041,64713
97044628,97045927,1299,156724
97045927,97047084,1157,73961
97047084,97047762,678,68770
97047762,97048650,888,134792
97048650,97049904,1254,231862
97049904,97050874,970,46712
97050874,97051836,962,143005
97051836,97052235,399,28465
97052235,97053536,1301,150843
97053536,97054071,535,245708
97054071,97054406,335,131295
97054406,97055095,689,38660
97055095,97056297,1202,126312
97056297,97056586,289,131113
97056586,97057668,1082,44582
97057668,97058933,1265,70837
97058933,97059256,323,135897
97059256,97060402,1146,92934
97060402,97061638,1236,119295
97061638,97062627,989,271817
97062627,97063829,1202,283242
97063829,97064946,1117,26987
97064946,97066207,1261,14960
97066207,97067329,1122,8927
97067329,97068550,1221,122025
97068550,97069183,633,126408
97069183,97070054,871,83696
97070054,97071180,1126,274379
97071180,97072476,1296,13364
97072476,97073747,1271,142318
97073747,97074862,1115,141248
97074862,97076061,1199,281188
97076061,97077119,1058,129443
97077119,97078181,1062,127579
97078181,97079289,1108,123163
97079289,97079516,227,134465
97079516,97080753,1237,171134
97080753,97081784,1031,166436
97081784,97083003,1219,168500
97083003,97083462,459,144965
97083462,97084464,1002,102612
97084464,97085479,1015,61780
97085479,97086668,1189,127595
97086668,97087174,506,41610
97087174,97087781,607,167023
97087781,97089016,1235,101580
97089016,97090228,1212,145145
97090228,97090956,728,143022
97090956,97092259,1303,136483
97092259,97093528,1269,164328
97093528,97094735,1207,258954
97094735,97095675,940,75355
97095675,97095890,215,57156
97095890,97096940,1050,135892
97096940,97098064,1124,85635
97098064,97099255,1191,76046
97099255,97099597,342,135824
97099597,97100011,414,120583
97100011,97100871,860,25563
97100871,97101974,1103,148962
97101974,97103206,1232,126945
97103206,97103675,469,66470
97103675,97104750,1075,178030
97104750,97106019,1269,130103
97106019,97106826,807,276732
97106826,97107957,1131,133220
97107957,97108344,387,19373
97108344,97109641,1297,73712
97109641,97110820,1179,129582
97110820,97112051,1231,108640
97112051,97113142,1091,121079
97113142,97114352,1210,135894
97114352,97115437,1085,1536
97115437,97116425,988,126302
97116425,97117466,1041,276907
97117466,97118592,1126,126292
97118592,97119509,917,10642
97119509,97120719,1210,130871
97120719,97121970,1251,125127
97121970,97122684,714,30105
97122684,97123997,1313,293531
97123997,97125168,1171,163322
97125168,97126407,1239,159371
97126407,97127664,1257,134119
97127664,97128681,1017,122806
97128681,97129436,755,128761
97129436,97130557,1121,92200
97130557,97131681,1124,58776
97131681,97132973,1292,10089
97132973,97134043,1070,170440
97134043,97134644,601,165387
97134644,97135680,1036,142727
97135680,97136907,1227,244431
97136907,97138140,1233,208
97138140,97139324,1184,69607
97139324,97140442,1118,138042
97140442,97141412,970,26520
97141412,97142540,1128,28384
97142540,97143791,1251,101578
97143791,97144851,1060,27504
97144851,97145957,1106,155646
97145957,97146737,780,65534
97146737,97147926,1189,107483
97147926,97148175,249,13247
97148175,97149364,1189,398
97149364,97150181,817,131228
97150181,97151039,858,122451
97151039,97151808,769,54487
97151808,97152423,615,126796
97152423,97153264,841,161217
97153264,97154005,741,124224
97154005,97155156,1151,148962
97155156,97156455,1299,112761
97156455,97157550,1095,164461
97157550,97158644,1094,4731
97158644,97159857,1213,144999
97159857,97161002,1145,67218
97161002,97161236,234,131228
97161236,97161439,203,59167
97161439,97162106,667,86708
97162106,97163278,1172,147159
97163278,97164531,1253,19132
97164531,97165062,531,19373
97165062,97165793,731,129388
97165793,97166874,1081,72200
97166874,97168075,1201,220979
97168075,97169238,1163,41933
97169238,97170300,1062,124990
97170300,97170504,204,105171
97170504,97171775,1271,121729
97171775,97172106,331,121127
97172106,97172551,445,4662
97172551,97172975,424,121415
97172975,97173272,297,14897
97173272,97174475,1203,137618
97174475,97175659,1184,135229
97175659,97176702,1043,127537
97176702,97177885,1183,91905
97177885,97178788,903,11077
97178788,97180017,1229,216564
97180017,97180221,204,131722
97180221,97181478,1257,5912
97181478,97182496,1018,141613
97182496,97183755,1259,11077
97183755,97184798,1043,290901
97184798,97185257,459,132484
97185257,97186531,1274,127731
97186531,97187514,983,126829
97187514,97188864,1350,8592
97188864,97189530,666,216570
97189530,97190746,1216,126861
97190746,97191973,1227,39971
97191973,97193173,1200,153964
97193173,97194308,1135,130625
97194308,97195602,1294,13056
97195602,97196168,566,156154
97196168,97196361,193,135762
97196361,97197554,1193,132601
97197554,97198703,1149,123133
97198703,97199670,967,138047
97199670,97200777,1107,12715
97200777,97201862,1085,41172
97201862,97202923,1061,10160
97202923,97203761,838,141270
97203761,97204959,1198,71420
97204959,97206230,1271,141208
97206230,97206967,737,160188
97206967,97208070,1103,157861
97208070,97209192,1122,139308
97209192,97209798,606,104888
97209798,97211001,1203,132776
97211001,97211590,589,122944
97211590,97212525,935,130900
97212525,97213708,1183,30106
97213708,97214983,1275,109658
97214983,97216092,1109,122876
97216092,97217207,1115,147967
97217207,97218381,1174,3586
97218381,97219631,1250,65772
97219631,97220497,866,258986
97220497,97221483,986,22178
97221483,97222398,915,47237
97222398,97222903,505,56174
97222903,97223093,190,126965
97223093,97223893,800,101799
97223893,97224792,899,7741
97224792,97225941,1149,140725
97225941,97227127,1186,302000
97227127,97228040,913,123048
97228040,97229003,963,60480
97229003,97229910,907,271817
97229910,97230890,980,141240
97230890,97231850,960,56840
97231850,97232299,449,294554
97232299,97232819,520,122626
97232819,97233774,955,133447
97233774,97234905,1131,7741
97234905,97236188,1283,138656
97236188,97237220,1032,139753
97237220,97238487,1267,116805
97238487,97239616,1129,185457
97239616,97240727,1111,6557
97240727,97241928,1201,107247
97241928,97242852,924,41610
97242852,97244027,1175,168626
97244027,97244366,339,296078
97244366,97245312,946,231836
97245312,97246037,725,167597
97246037,97247059,1022,117382
97247059,97248305,1246,126233
97248305,97249525,1220,64956
97249525,97250657,1132,91801
97250657,97251932,1275,71320
97251932,97252684,752,234100
97252684,97253517,833,138045
97253517,97254753,1236,138063
97254753,97255904,1151,121130
97255904,97257165,1261,7591
97257165,97258332,1167,101832
97258332,97259535,1203,245708
97259535,97260511,976,73073
97260511,97261752,1241,166423
97261752,97262753,1001,92812
97262753,97263069,316,153733
97263069,97264325,1256,165428
97264325,97265581,1256,110061
97265581,97266718,1137,129752
97266718,97267919,1201,30101
97267919,97269098,1179,21393
97269098,97270038,940,130164
97270038,97271279,1241,18524
97271279,97272383,1104,18533
97272383,97273555,1172,137597
97273555,97274735,1180,65772
97274735,97275774,1039,112056
97275774,97277027,1253,398
97277027,97278284,1257,6506
97278284,97279568,1284,22581
97279568,97280565,997,290365
97280565,97281802,1237,58843
97281802,97282892,1090,59268
97282892,97284062,1170,109176
97284062,97285276,1214,10160
97285276,97285769,493,20034
97285769,97286956,1187,42637
97286956,97287404,448,8675
97287404,97288481,1077,138866
97288481,97289397,916,105394
97289397,97290628,1231,131887
97290628,97291826,1198,16802
97291826,97292823,997,290365
97292823,97293774,951,144986
97293774,97295009,1235,105383
97295009,97296287,1278,300225
97296287,97297548,1261,170951
97297548,97298838,1290,132848
97298838,97299167,329,157243
97299167,97299750,583,4275
97299750,97300825,1075,161707
97300825,97301532,707,34483
97301532,97302712,1180,54487
97302712,97303871,1159,70843
97303871,97304994,1123,133220
97304994,97306151,1157,67592
97306151,97307483,1332,134463
97307483,97308695,1212,94876
97308695,97309990,1295,132800
97309990,97311107,1117,116804
97311107,97312166,1059,135229
97312166,97312808,642,160602
97312808,97313763,955,140725
97313763,97313933,170,133211
97313933,97315103,1170,163726
97315103,97316278,1175,123172
97316278,97317485,1207,102250
97317485,97318341,856,298549
97318341,97319546,1205,129325
97319546,97320281,735,92200
97320281,97321413,1132,159386
97321413,97322419,1006,184447
97322419,97322811,392,147963
97322811,97323730,919,293959
97323730,97324243,513,132848
97324243,97325461,1218,152265
97325461,97326590,1129,159230
97326590,97327894,1304,54487
97327894,97329149,1255,131106
97329149,97330426,1277,102250
97330426,97330662,236,164100
97330662,97331646,984,61316
97331646,97332305,659,176660
97332305,97333186,881,131751
97333186,97334387,1201,163612
97334387,97335553,1166,132717
97335553,97336768,1215,159056
97336768,97337483,715,145138
97337483,97338371,888,279852
97338371,97339491,1120,71402
97339491,97339799,308,46890
97339799,97341068,1269,155949
97341068,97342115,1047,149939
97342115,97343424,1309,124439
97343424,97344377,953,48830
97344377,97345660,1283,132592
97345660,97346836,1176,72200
97346836,97348074,1238,130989
97348074,97349331,1257,9914
97349331,97350592,1261,98644
97350592,97350931,339,141819
97350931,97351753,822,132848
97351753,97352172,419,220951
97352172,97352531,359,127537
97352531,97352769,238,133834
97352769,97354032,1263,12971
97354032,97355253,1221,178449
97355253,97356273,1020,122825
97356273,97357070,797,123197
97357070,97358339,1269,16002
97358339,97359636,1297,271826
97359636,97360883,1247,152824
97360883,97361890,1007,86765
97361890,97362123,233,135022
97362123,97363308,1185,296473
97363308,97364401,1093,48579
97364401,97365722,1321,73296
97365722,97366998,1276,5710
97366998,97367847,849,39970
97367847,97369096,1249,101283
97369096,97370241,1145,274379
97370241,97370623,382,137614
97370623,97371927,1304,128309
97371927,97373206,1279,8912
97373206,97374458,1252,29091
97374458,97375739,1281,289242
97375739,97376332,593,86026
97376332,97377425,1093,130878
97377425,97378698,1273,63101
97378698,97378878,180,76044
97378878,97380089,1211,285173
97380089,97381022,933,150915
97381022,97382201,1179,152282
97382201,97382541,340,142727
97382541,97383370,829,126928
97383370,97383871,501,25766
97383871,97384934,1063,1043
97384934,97386118,1184,110127
97386118,97387141,1023,143477
97387141,97388035,894,76044
97388035,97389247,1212,135580
97389247,97390488,1241,110528
97390488,97390987,499,153728
97390987,97392189,1202,61421
97392189,97393354,1165,89388
97393354,97394490,1136,159371
97394490,97394722,232,56574
97394722,97395987,1265,12707
97395987,97397174,1187,102612
97397174,97398315,1141,59175
97398315,97399277,962,10160
97399277,97399688,411,169656
97399688,97400923,1235,26950
97400923,97402122,1199,176660
97402122,97402327,205,130627
97402327,97402501,174,105390
97402501,97403698,1197,4136
97403698,97404383,685,129805
97404383,97405465,1082,95963
97405465,97406346,881,56574
97406346,97407560,1214,51163
97407560,97408803,1243,70843
97408803,97409221,418,7894
97409221,97410114,893,132644
97410114,97411354,1240,271811
97411354,97411862,508,104717
97411862,97412937,1075,61356
97412937,97414150,1213,21305
97414150,97415174,1024,220952
97415174,97415862,688,61316
97415862,97417041,1179,224746
97417041,97418219,1178,398
97418219,97419466,1247,109185
97419466,97420697,1231,131106
97420697,97421806,1109,61780
97421806,97422824,1018,135249
97422824,97423989,1165,131256
97423989,97424768,779,63095
97424768,97425943,1175,163507
97425943,97427242,1299,134592
97427242,97427427,185,124990
97427427,97428653,1226,296467
97428653,97429913,1260,125883
97429913,97430203,290,8927
97430203,97430408,205,59268
97430408,97431440,1032,26894
97431440,97432653,1213,92427
97432653,97432974,321,147627
97432974,97434015,1041,148522
97434015,97434770,755,88761
97434770,97435692,922,699
97435692,97436844,1152,134176
97436844,97438020,1176,232690
97438020,97439227,1207,12085
97439227,97440206,979,294700
97440206,97441475,1269,11243
97441475,97441794,319,41166
97441794,97443044,1250,13270
97443044,97443830,786,282357
97443830,97445068,1238,70919
97445068,97446341,1273,6175
97446341,97447295,954,130727
97447295,97448521,1226,11243
97448521,97449785,1264,134149
97449785,97450958,1173,4136
97450958,97451459,501,14677
97451459,97452469,1010,98645
97452469,97453728,1259,92200
97453728,97453989,261,39648
97453989,97455160,1171,157263
97455160,97455991,831,279775
97455991,97457012,1021,32135
97457012,97457722,710,126739
97457722,97458427,705,150674
97458427,97458920,493,258262
97458920,97460005,1085,134420
97460005,97461268,1263,134465
97461268,97461939,671,67147
97461939,97462998,1059,127694
97462998,97463318,320,36641
97463318,97464213,895,178748
97464213,97465253,1040,135894
97465253,97466571,1318,138617
97466571,97467637,1066,107487
97467637,97468812,1175,70756
97468812,97469995,1183,129594
97469995,97471191,1196,31097
97471191,97472464,1273,74798
97472464,97473471,1007,290901
97473471,97474705,1234,121671
97474705,97475706,1001,134804
97475706,97476594,888,3582
97476594,97477375,781,24731
97477375,97477693,318,32137
97477693,97478035,342,28465
97478035,97478586,551,37090
97478586,97479723,1137,158081
97479723,97480924,1201,127694
97480924,97482163,1239,110131
97482163,97482693,530,9010
97482693,97483832,1139,164188
97483832,97484956,1124,19371
97484956,97486098,1142,2503
97486098,97487282,1184,105394
97487282,97487612,330,15307
97487612,97488703,1091,93276
97488703,97489920,1217,220979
97489920,97491138,1218,127518
97491138,97492391,1253,13185
97492391,97493511,1120,130545
97493511,97494695,1184,398
97494695,97495740,1045,126929
97495740,97495928,188,126232
97495928,97497213,1285,54487
97497213,97498459,1246,107520
97498459,97499582,1123,262291
97499582,97500918,1336,129393
97500918,97502153,1235,139200
97502153,97503068,915,131295
97503068,97504271,1203,96175
97504271,97505546,1275,147110
97505546,97506637,1091,112597
97506637,97507483,846,178748
97507483,97508323,840,271811
97508323,97508631,308,63111
97508631,97509576,945,44937
97509576,97510635,1059,91098
97510635,97511926,1291,48525
97511926,97512939,1013,220979
97512939,97514182,1243,59268
97514182,97515344,1162,130878
97515344,97516540,1196,139753
97516540,97516871,331,162239
97516871,97517004,133,134786
97517004,97518260,1256,58843
97518260,97519532,1272,244431
97519532,97520760,1228,108066
97520760,97521658,898,129066
97521658,97522871,1213,280250
97522871,97523408,537,291381
97523408,97524464,1056,67851
97524464,97524997,533,60800
97524997,97526281,1284,124439
97526281,97527447,1166,6398
97527447,97528732,1285,289453
97528732,97529724,992,140725
97529724,97530743,1019,92935
97530743,97531919,1176,163322
97531919,97532215,296,7894
97532215,97533347,1132,7793
97533347,97534496,1149,274558
97534496,97535174,678,187466
97535174,97536299,1125,103126
97536299,97537451,1152,108621
97537451,97538660,1209,116805
97538660,97539184,524,138043
97539184,97540246,1062,141240
97540246,97540687,441,51163
97540687,97541651,964,150855
97541651,97542833,1182,132069
97542833,97543729,896,108005
97543729,97543969,240,144503
97543969,97544997,1028,112058
97544997,97545882,885,139307
97545882,97546238,356,135894
97546238,97547313,1075,39477
97547313,97548532,1219,1187
97548532,97549335,803,121331
97549335,97550532,1197,156154
97550532,97551557,1025,252341
97551557,97552761,1204,139350
97552761,97553094,333,124224
97553094,97553447,353,2536
97553447,97554677,1230,119253
97554677,97555537,860,176256
97555537,97556601,1064,132300
97556601,97557774,1173,142858
97557774,97558684,910,149245
97558684,97559877,1193,129974
97559877,97561074,1197,187466
97561074,97562191,1117,64290
97562191,97563465,1274,132718
97563465,97564395,930,234067
97564395,97565158,763,53342
97565158,97566413,1255,57156
97566413,97567690,1277,178748
97567690,97568877,1187,276908
97568877,97570032,1155,73073
97570032,97570281,249,142896
97570281,97571252,971,143271
97571252,97571784,532,8674
97571784,97572945,1161,216567
97572945,97574196,1251,174992
97574196,97574554,358,282926
97574554,97575709,1155,152864
97575709,97576982,1273,92200
97576982,97578181,1199,699
97578181,97579376,1195,68773
97579376,97580297,921,142858
97580297,97580714,417,75810
97580714,97581894,1180,5341
97581894,97582927,1033,234106
97582927,97583262,335,45218
97583262,97584320,1058,128990
97584320,97585576,1256,84010
97585576,97585822,246,110056
97585822,97587010,1188,3586
97587010,97588157,1147,165428
97588157,97588816,659,4733
97588816,97589867,1051,139710
97589867,97591057,1190,187006
97591057,97592299,1242,67233
97592299,97593506,1207,132782
97593506,97594657,1151,126302
97594657,97594976,319,291384
97594976,97596225,1249,126826
97596225,97597457,1232,130101
97597457,97598683,1226,56174
97598683,97599432,749,128761
97599432,97600530,1098,138045
97600530,97601774,1244,144485
97601774,97602769,995,107517
97602769,97603736,967,130553
97603736,97604982,1246,39508
97604982,97606208,1226,142896
97606208,97607081,873,287660
97607081,97607295,214,10798
97607295,97608554,1259,121106
97608554,97609402,848,101799
97609402,97610441,1039,135216
97610441,97611038,597,129388
97611038,97612087,1049,163612
97612087,97612390,303,1189
97612390,97613683,1293,88363
97613683,97614655,972,28465
97614655,97615970,1315,60800
97615970,97616441,471,295197
97616441,97616837,396,46889
97616837,97617940,1103,26852
97617940,97619239,1299,176256
97619239,97620357,1118,283462
97620357,97621674,1317,19208
97621674,97622756,1082,19373
97622756,97623693,937,66464
97623693,97624908,1215,124999
97624908,97626002,1094,132650
97626002,97627326,1324,64588
97627326,97628394,1068,143895
97628394,97628721,327,121024
97628721,97629900,1179,121398
97629900,97630665,765,134451
97630665,97631318,653,141279
97631318,97632604,1286,142752
97632604,97633643,1039,101579
97633643,97634853,1210,126859
97634853,97636015,1162,150915
97636015,97637197,1182,168500
97637197,97637985,788,39478
97637985,97639260,1275,696
97639260,97640515,1255,12103
97640515,97641611,1096,23295
97641611,97642806,1195,7591
97642806,97643954,1148,143521
97643954,97645173,1219,101278
97645173,97646247,1074,15081
97646247,97647504,1257,58090
97647504,97648645,1141,131203
97648645,97648784,139,129396
97648784,97648976,192,126965
97648976,97649210,234,101258
97649210,97650464,1254,130994
97650464,97650687,223,94108
97650687,97651498,811,6541
97651498,97652710,1212,167024
97652710,97653879,1169,163505
97653879,97654272,393,176853
97654272,97655336,1064,92806
97655336,97655600,264,117382
97655600,97656679,1079,143895
97656679,97657848,1169,139361
97657848,97659039,1191,57831
97659039,97660287,1248,258266
97660287,97661465,1178,126739
97661465,97662430,965,85685
97662430,97663591,1161,132848
97663591,97664765,1174,64738
97664765,97665806,1041,87732
97665806,97666570,764,84357
97666570,97667061,491,6524
97667061,97668285,1224,167022
97668285,97668821,536,110520
97668821,97670105,1284,163726
97670105,97671366,1261,152842
97671366,97672556,1190,13364
97672556,97672733,177,10344
97672733,97673986,1253,7894
97673986,97674972,986,55088
97674972,97675653,681,139297
97675653,97676875,1222,66176
97676875,97678076,1201,26895
97678076,97679284,1208,144496
97679284,97679485,201,130533
97679485,97680572,1087,126410
97680572,97681656,1084,10702
97681656,97682807,1151,121140
97682807,97684017,1210,68358
97684017,97684632,615,72210
97684632,97685414,782,105383
97685414,97686603,1189,132499
97686603,97687705,1102,107479
97687705,97688893,1188,127522
97688893,97689758,865,9321
97689758,97690557,799,175390
97690557,97691753,1196,82904
97691753,97692844,1091,296473
97692844,97694138,1294,126739
97694138,97695397,1259,123269
97695397,97696350,953,14958
97696350,97696888,538,61316
97696888,97698163,1275,126829
97698163,97699448,1285,144965
97699448,97700316,868,47030
97700316,97701568,1252,66016
97701568,97702692,1124,276907
97702692,97703913,1221,232057
97703913,97705054,1141,21393
97705054,97706191,1137,68888
97706191,97707361,1170,171107
97707361,97708176,815,154736
97708176,97709229,1053,288044
97709229,97709528,299,280380
97709528,97710675,1147,11533
97710675,97711470,795,108638
97711470,97712705,1235,281132
97712705,97713551,846,4654
97713551,97714655,1104,133424
97714655,97715879,1224,134830
97715879,97717026,1147,63839
97717026,97718243,1217,121415
97718243,97719332,1089,122825
97719332,97720443,1111,288044
97720443,97721620,1177,143521
97721620,97722749,1129,38660
97722749,97723910,1161,280380
97723910,97725093,1183,150469
97725093,97726358,1265,76043
97726358,97727572,1214,184266
97727572,97728547,975,166420
97728547,97728833,286,292347
97728833,97729438,605,81870
97729438,97730585,1147,66622
97730585,97731682,1097,140072
97731682,97732007,325,116797
97732007,97733187,1180,258970
97733187,97734350,1163,122810
97734350,97735467,1117,16003
97735467,97736247,780,291608
97736247,97737301,1054,54666
97737301,97738563,1262,123025
97738563,97739560,997,168638
97739560,97740601,1041,163384
97740601,97741570,969,125123
97741570,97742749,1179,295759
97742749,97744074,1325,124439
97744074,97744850,776,26558
97744850,97746091,1241,129808
97746091,97747192,1101,279153
97747192,97748413,1221,100431
97748413,97749520,1107,88086
97749520,97750765,1245,37090
97750765,97750927,162,129396
97750927,97751338,411,126408
97751338,97752541,1203,142320
97752541,97753791,1250,11079
97753791,97754882,1091,121064
97754882,97755939,1057,134717
97755939,97756875,936,95870
97756875,97758033,1158,66470
97758033,97759100,1067,133225
97759100,97760318,1218,363
97760318,97761524,1206,43322
97761524,97762791,1267,161102
97762791,97763806,1015,149939
97763806,97765012,1206,81859
97765012,97766208,1196,123268
97766208,97767388,1180,129443
97767388,97768298,910,231838
97768298,97769445,1147,122828
97769445,97770673,1228,11547
97770673,97771838,1165,138617
97771838,97773023,1185,16003
97773023,97774002,979,61316
97774002,97775180,1178,48842
97775180,97776003,823,133442
97776003,97777247,1244,128344
97777247,97778059,812,129396
97778059,97778420,361,246889
97778420,97779178,758,48361
97779178,97780410,1232,65534
97780410,97781634,1224,49750
97781634,97782554,920,153731
97782554,97783373,819,138032
97783373,97784497,1124,104398
97784497,97785638,1141,19376
97785638,97786736,1098,86039
97786736,97787989,1253,81870
97787989,97788224,235,277898
97788224,97789030,806,167024
97789030,97789849,819,125883
97789849,97790409,560,89388
97790409,97791671,1262,143948
97791671,97792840,1169,134420
97792840,97793784,944,94108
97793784,97794003,219,132891
97794003,97795218,1215,122443
97795218,97796428,1210,121799
97796428,97797623,1195,140718
97797623,97798798,1175,365
97798798,97799792,994,18527
97799792,97800960,1168,147962
97800960,97802293,1333,128309
97802293,97803510,1217,274374
97803510,97804295,785,129396
97804295,97805265,970,126232
97805265,97806295,1030,245691
97806295,97807295,1000,10088
97807295,97808458,1163,1733
97808458,97809415,957,92934
97809415,97810619,1204,279233
97810619,97811828,1209,134316
97811828,97812959,1131,75362
97812959,97814229,1270,155151
97814229,97815484,1255,134149
97815484,97815765,281,101799
97815765,97816850,1085,129064
97816850,97817913,1063,109180
97817913,97818130,217,44912
97818130,97818599,469,139387
97818599,97819718,1119,166683
97819718,97820868,1150,9321
97820868,97822136,1268,12332
97822136,97823399,1263,85635
97823399,97824670,1271,216563
97824670,97825788,1118,157400
97825788,97827097,1309,110056
97827097,97828278,1181,165428
97828278,97829382,1104,244431
97829382,97830530,1148,144965
97830530,97831803,1273,154838
97831803,97832960,1157,13269
97832960,97834156,1196,132848
97834156,97835221,1065,135580
97835221,97835931,710,136280
97835931,97836726,795,93277
97836726,97837302,576,142733
97837302,97838405,1103,70837
97838405,97838562,157,123192
97838562,97839605,1043,32886
97839605,97840508,903,170951
97840508,97841047,539,11254
97841047,97842425,1378,40556
97842425,97843582,1157,240992
97843582,97844848,1266,136983
97844848,97846061,1213,157861
97846061,97847282,1221,147193
97847282,97848472,1190,87547
97848472,97849735,1263,59167
97849735,97850113,378,122827
97850113,97851229,1116,101289
97851229,97852395,1166,283462
97852395,97853521,1126,285314
97853521,97854758,1237,64738
97854758,97855366,608,232057
97855366,97856707,1341,281132
97856707,97856944,237,129623
97856944,97858277,1333,80665
97858277,97859482,1205,282934
97859482,97860145,663,11528
97860145,97861377,1232,140931
97861377,97861700,323,121413
97861700,97862844,1144,132532
97862844,97864083,1239,285135
97864083,97865130,1047,136458
97865130,97866281,1151,135033
97866281,97867496,1215,109507
97867496,97868683,1187,75791
97868683,97869679,996,127215
97869679,97870766,1087,15307
97870766,97872019,1253,114476
97872019,97873290,1271,103126
97873290,97873626,336,69411
97873626,97874699,1073,86710
97874699,97875757,1058,157636
97875757,97877092,1335,72210
97877092,97878164,1072,24732
97878164,97879354,1190,279856
97879354,97879757,403,104717
97879757,97881016,1259,40556
97881016,97881417,401,139707
97881417,97882304,887,141791
97882304,97883358,1054,155948
97883358,97884335,977,80656
97884335,97885005,670,129623
97885005,97886194,1189,132568
97886194,97887504,1310,165387
97887504,97888583,1079,135897
97888583,97889764,1181,155968
97889764,97891013,1249,14674
97891013,97892183,1170,187023
97892183,97893451,1268,164100
97893451,97894602,1151,90852
97894602,97895670,1068,156224
97895670,97895912,242,150915
97895912,97897035,1123,156968
97897035,97898031,996,91098
97898031,97898243,212,123271
97898243,97899461,1218,167597
97899461,97899987,526,163381
97899987,97901147,1160,138047
97901147,97902042,895,130974
97902042,97903156,1114,162253
97903156,97903881,725,298549
97903881,97904245,364,9321
97904245,97905166,921,95969
97905166,97906394,1228,183988
97906394,97906693,299,216563
97906693,97908015,1322,133424
97908015,97908949,934,289242
97908949,97910175,1226,132782
97910175,97911337,1162,135824
97911337,97911942,605,131722
97911942,97913176,1234,1188
97913176,97914306,1130,398
97914306,97914763,457,132532
97914763,97915680,917,88367
97915680,97916652,972,127518
97916652,97917349,697,24516
97917349,97918224,875,130229
97918224,97919439,1215,32139
97919439,97920404,965,109176
97920404,97921100,696,131899
97921100,97922172,1072,126955
97922172,97923281,1109,281472
97923281,97924544,1263,98880
97924544,97924916,372,86708
97924916,97926132,1216,11079
97926132,97927291,1159,161166
97927291,97928460,1169,107487
97928460,97929642,1182,54667
97929642,97930721,1079,287837
97930721,97931957,1236,216570
97931957,97933180,1223,41151
97933180,97934459,1279,11546
97934459,97935546,1087,7371
97935546,97936699,1153,161975
97936699,97937858,1159,295756
97937858,97939043,1185,275128
97939043,97939480,437,134636
97939480,97940169,689,7239
97940169,97941394,1225,4662
97941394,97942663,1269,44586
97942663,97943723,1060,24731
97943723,97944644,921,143307
97944644,97945850,1206,79973
97945850,97947193,1343,10089
97947193,97947728,535,280380
97947728,97948875,1147,281132
97948875,97950142,1267,162253
97950142,97951002,860,44585
97951002,97951625,623,88086
97951625,97952432,807,83607
97952432,97953550,1118,130101
97953550,97954657,1107,274375
97954657,97955666,1009,95963
97955666,97956929,1263,135657
97956929,97958194,1265,32904
97958194,97959385,1191,1187
97959385,97960608,1223,76046
97960608,97961520,912,19366
97961520,97962595,1075,282977
97962595,97963568,973,129011
97963568,97964695,1127,156230
97964695,97965633,938,141135
97965633,97966749,1116,271817
97966749,97967062,313,143477
97967062,97968106,1044,80197
97968106,97969223,1117,14497
97969223,97970397,1174,155972
97970397,97970762,365,134789
97970762,97971702,940,187023
97971702,97972700,998,141268
97972700,97972903,203,72311
97972903,97973777,874,88007
97973777,97974997,1220,142363
97974997,97976261,1264,105574
97976261,97976677,416,107480
97976677,97977580,903,70753
97977580,97978823,1243,126313
97978823,97979854,1031,96153
97979854,97980838,984,126410
97980838,97982057,1219,8592
97982057,97983310,1253,62850
97983310,97984537,1227,139404
97984537,97985413,876,295446
97985413,97986703,1290,276730
97986703,97987690,987,124999
97987690,97988932,1242,135221
97988932,97989979,1047,121148
97989979,97991188,1209,216564
97991188,97991522,334,131276
97991522,97991802,280,61781
97991802,97992865,1063,123283
97992865,97994059,1194,292347
97994059,97994992,933,258978
97994992,97995962,970,68369
97995962,97997157,1195,76574
97997157,97997346,189,133834
97997346,97998367,1021,26987
97998367,97998807,440,15082
97998807,98000062,1255,5911
98000062,98001187,1125,137483
98001187,98002311,1124,140639
98002311,98003408,1097,64292
98003408,98004263,855,300234
98004263,98005371,1108,294697
98005371,98006445,1074,73075
98006445,98007275,830,132568
98007275,98008356,1081,133225
98008356,98009189,833,37999
98009189,98010378,1189,281131
98010378,98011573,1195,130871
98011573,98012839,1266,281471
98012839,98014012,1173,88089
98014012,98015162,1150,10172
98015162,98015935,773,131228
98015935,98017064,1129,1120
98017064,98018230,1166,135221
98018230,98019415,1185,128240
98019415,98020522,1107,40556
98020522,98021821,1299,1043
98021821,98022974,1153,129515
98022974,98023899,925,164100
98023899,98025145,1246,163384
98025145,98025617,472,121331
98025617,98026649,1032,142318
98026649,98027748,1099,293663
98027748,98028987,1239,15304
98028987,98029928,941,12971
98029928,98031113,1185,43306
98031113,98031698,585,723
98031698,98032020,322,145138
98032020,98033245,1225,96151
98033245,98034389,1144,64738
98034389,98035580,1191,48513
98035580,98036372,792,4275
98036372,98037302,930,58025
98037302,98038238,936,100045
98038238,98039511,1273,291101
98039511,98040008,497,135022
98040008,98040682,674,130494
98040682,98041843,1161,70919
98041843,98042993,1150,132821
98042993,98043812,819,48579
98043812,98044641,829,102250
98044641,98044939,298,282412
98044939,98045786,847,73296
98045786,98046947,1161,18527
98046947,98047276,329,66622
98047276,98048367,1091,140718
98048367,98049394,1027,48032
98049394,98050648,1254,107487
98050648,98051798,1150,138043
98051798,98052365,567,157057
98052365,98053171,806,138656
98053171,98054331,1160,43322
98054331,98055380,1049,98876
98055380,98056346,966,161101
98056346,98057433,1087,291107
98057433,98058680,1247,130625
98058680,98059718,1038,58192
98059718,98060558,840,97593
98060558,98061816,1258,174960
98061816,98062504,688,14672
98062504,98063601,1097,14274
98063601,98064760,1159,101892
98064760,98065528,768,142363
98065528,98065837,309,126965
98065837,98066982,1145,50776
98066982,98067661,679,232690
98067661,98068916,1255,124587
98068916,98070065,1149,139291
98070065,98071210,1145,172165
98071210,98072531,1321,138113
98072531,98073636,1105,139009
98073636,98074277,641,122944
98074277,98075174,897,124003
98075174,98076259,1085,134420
98076259,98077437,1178,161100
98077437,98078687,1250,150855
98078687,98079428,741,67200
98079428,98080618,1190,129396
98080618,98081320,702,133440
98081320,98082523,1203,130517
98082523,98083796,1273,58012
98083796,98084780,984,130870
98084780,98085489,709,105398
98085489,98086478,989,44585
98086478,98087626,1148,149881
98087626,98088891,1265,294523
98088891,98090143,1252,20023
98090143,98090646,503,121760
98090646,98091057,411,245691
98091057,98092155,1098,134451
98092155,98093243,1088,130871
98093243,98094171,928,109180
98094171,98094501,330,156015
98094501,98095715,1214,12723
98095715,98096766,1051,131735
98096766,98098009,1243,155944
98098009,98099225,1216,70919
98099225,98100352,1127,282926
98100352,98101523,1171,11077
98101523,98102764,1241,286306
98102764,98103713,949,122809
98103713,98104832,1119,131203
98104832,98105756,924,80189
98105756,98106944,1188,138115
98106944,98107507,563,106366
98107507,98108610,1103,104886
98108610,98109820,1210,58012
98109820,98111051,1231,21493
98111051,98112274,1223,121080
98112274,98112647,373,129011
98112647,98113832,1185,130566
98113832,98114954,1122,102250
98114954,98116099,1145,123191
98116099,98116578,479,129396
98116578,98116785,207,48831
98116785,98117216,431,258250
98117216,98118476,1260,156718
98118476,98119807,1331,57154
98119807,98120941,1134,66464
98120941,98121952,1011,110238
98121952,98123121,1169,168500
98123121,98124424,1303,16632
98124424,98124789,365,136861
98124789,98126066,1277,26853
98126066,98127443,1377,163505
98127443,98128699,1256,63885
98128699,98129976,1277,146197
98129976,98131122,1146,110243
98131122,98132439,1317,95441
98132439,98133512,1073,139387
98133512,98133863,351,173591
98133863,98134994,1131,7622
98134994,98136052,1058,129583
98136052,98137110,1058,246889
98137110,98138328,1218,182394
98138328,98139583,1255,62516
98139583,98140734,1151,157400
98140734,98141572,838,44937
98141572,98142529,957,122944
98142529,98143708,1179,134825
98143708,98144935,1227,276732
98144935,98145789,854,11079
98145789,98146937,1148,132601
98146937,98148096,1159,10798
98148096,98149372,1276,30106
98149372,98150403,1031,274379
98150403,98151172,769,26947
98151172,98152284,1112,155151
98152284,98153315,1031,130505
98153315,98154476,1161,86777
98154476,98155721,1245,149033
98155721,98156889,1168,1150
98156889,98157979,1090,62516
98157979,98158289,310,162253
98158289,98158980,691,60800
98158980,98159405,425,117384
98159405,98160196,791,129515
98160196,98161381,1185,127732
98161381,98162519,1138,142752
98162519,98163731,1212,166420
98163731,98164899,1168,121024
98164899,98166093,1194,6525
98166093,98166335,242,128660
98166335,98167461,1126,130870
98167461,98168523,1062,96672
98168523,98169596,1073,135264
98169596,98170195,599,156738
98170195,98171216,1021,16632
98171216,98172468,1252,135221
98172468,98173224,756,144986
98173224,98174222,998,293529
98174222,98175344,1122,134991
98175344,98175776,432,121331
98175776,98177000,1224,156977
98177000,98178260,1260,53343
98178260,98179345,1085,104886
98179345,98179755,410,133273
98179755,98180936,1181,7371
98180936,98181937,1001,129597
98181937,98183066,1129,135229
98183066,98183699,633,279775
98183699,98184840,1141,160188
98184840,98186023,1183,141248
98186023,98186362,339,123271
98186362,98187569,1207,183239
98187569,98188599,1030,157858
98188599,98189649,1050,135657
98189649,98190645,996,159386
98190645,98191746,1101,132568
98191746,98192848,1102,28868
98192848,98194093,1245,12707
98194093,98194994,901,156230
98194994,98196111,1117,12546
98196111,98197257,1146,10327
98197257,98198460,1203,158781
98198460,98198896,436,149033
98198896,98200156,1260,155521
98200156,98201347,1191,182394
98201347,98202473,1126,11528
98202473,98203190,717,122789
98203190,98204451,1261,39478
98204451,98205386,935,270777
98205386,98206509,1123,122451
98206509,98206806,297,140041
98206806,98207441,635,121331
98207441,98207706,265,129396
98207706,98208958,1252,41170
98208958,98210214,1256,134434
98210214,98210779,565,132532
98210779,98211796,1017,105405
98211796,98213024,1228,60801
98213024,98214224,1200,135657
98214224,98215326,1102,67218
98215326,98216157,831,56174
98216157,98217216,1059,278220
98217216,98217440,224,170977
98217440,98218511,1071,127522
98218511,98219795,1284,57156
98219795,98220991,1196,279363
98220991,98222053,1062,123267
98222053,98223300,1247,103481
98223300,98224559,1259,76973
98224559,98225717,1158,18533
98225717,98226900,1183,113272
98226900,98228020,1120,4731
98228020,98229001,981,281131
98229001,98230233,1232,89390
98230233,98231516,1283,23281
98231516,98232160,644,93277
98232160,98233059,899,155949
98233059,98233980,921,281131
98233980,98234668,688,14929
98234668,98235657,989,86732
98235657,98236819,1162,132291
98236819,98238088,1269,146437
98238088,98239052,964,122614
98239052,98239856,804,12118
98239856,98241121,1265,68344
98241121,98242187,1066,36641
98242187,98243456,1269,126826
98243456,98244353,897,4136
98244353,98245648,1295,133273
98245648,98246795,1147,149245
98246795,98247983,1188,139710
98247983,98248612,629,131228
98248612,98249811,1199,78193
98249811,98250813,1002,83708
98250813,98252025,1212,295445
98252025,98253258,1233,72207
98253258,98254405,1147,149791
98254405,98255417,1012,73961
98255417,98256276,859,137608
98256276,98257481,1205,123190
98257481,98258550,1069,138042
98258550,98259647,1097,143893
98259647,98260006,359,46889
98260006,98261248,1242,19361
98261248,98261977,729,137588
98261977,98263157,1180,137589
98263157,98264026,869,169291
98264026,98265117,1091,184447
98265117,98266310,1193,156224
98266310,98267134,824,296395
98267134,98268419,1285,183988
98268419,98269649,1230,67857
98269649,98270691,1042,157054
98270691,98271841,1150,123047
98271841,98272498,657,152282
98272498,98273694,1196,16802
98273694,98274749,1055,145138
98274749,98275848,1099,29110
98275848,98277060,1212,110705
98277060,98278425,1365,127522
98278425,98278714,289,65534
98278714,98279988,1274,117382
98279988,98281068,1080,72200
98281068,98282338,1270,133225
98282338,98283482,1144,130871
98283482,98284643,1161,8592
98284643,98285297,654,132601
98285297,98286565,1268,141148
98286565,98287413,848,39660
98287413,98288642,1229,39616
98288642,98290004,1362,155152
98290004,98291189,1185,7884
98291189,98292310,1121,245687
98292310,98293562,1252,158796
98293562,98294855,1293,139290
98294855,98295859,1004,140725
98295859,98296858,999,24732
98296858,98297619,761,12898
98297619,98298888,1269,139753
98298888,98299948,1060,130545
98299948,98301209,1261,130878
98301209,98302190,981,168638
98302190,98303239,1049,115968
98303239,98303956,717,128309
98303956,98305005,1049,130533
98305005,98306173,1168,1732
98306173,98307403,1230,75362
98307403,98308197,794,7591
98308197,98308477,280,304541
98308477,98309484,1007,65554
98309484,98310831,1347,129393
98310831,98311342,511,134792
98311342,98312307,965,6525
98312307,98313299,992,29110
98313299,98313709,410,121331
98313709,98314389,680,26895
98314389,98314788,399,862
98314788,98315850,1062,122828
98315850,98317183,1333,134463
98317183,98318462,1279,36956
98318462,98319740,1278,231838
98319740,98320498,758,12544
98320498,98321536,1038,12545
98321536,98322771,1235,132069
98322771,98323966,1195,110054
98323966,98325042,1076,268287
98325042,98326264,1222,49750
98326264,98327429,1165,63885
98327429,98328438,1009,154838
98328438,98329673,1235,101262
98329673,98330896,1223,258250
98330896,98331188,292,110131
98331188,98331841,653,121331
98331841,98332926,1085,84448
98332926,98334181,1255,65820
98334181,98335339,1158,12731
98335339,98336365,1026,147962
98336365,98337633,1268,15307
98337633,98338259,626,4691
98338259,98339469,1210,126220
98339469,98340745,1276,57179
98340745,98341970,1225,700
98341970,98343140,1170,157861
98343140,98343282,142,112593
98343282,98344567,1285,67233
98344567,98345056,489,126410
98345056,98345957,901,72212
98345957,98346354,397,699
98346354,98347533,1179,48842
98347533,98348753,1220,153731
98348753,98349953,1200,122545
98349953,98350824,871,301693
98350824,98352027,1203,279229
98352027,98352408,381,7884
98352408,98353671,1263,162239
98353671,98354587,916,131004
98354587,98355802,1215,113273
98355802,98356407,605,82020
98356407,98357538,1131,2503
98357538,98358677,1139,123998
98358677,98359308,631,157636
98359308,98359912,604,1133
98359912,98361155,1243,121080
98361155,98362400,1245,163507
98362400,98363659,1259,129325
98363659,98364038,379,4691
98364038,98364891,853,285135
98364891,98365286,395,131228
98365286,98366451,1165,9914
98366451,98366836,385,109173
98366836,98367653,817,155151
98367653,98368601,948,136863
98368601,98369774,1173,291718
98369774,98370881,1107,129623
98370881,98371196,315,130184
98371196,98372318,1122,139297
98372318,98373579,1261,139710
98373579,98373925,346,142752
98373925,98374909,984,69412
98374909,98376127,1218,143271
98376127,98377409,1282,67863
98377409,98378430,1021,152825
98378430,98379253,823,156967
98379253,98380504,1251,102381
98380504,98381562,1058,131106
98381562,98382847,1285,41151
98382847,98383790,943,127732
98383790,98383959,169,132537
98383959,98385132,1173,129974
98385132,98385990,858,91801
98385990,98386543,553,5704
98386543,98387670,1127,63105
98387670,98388912,1242,56179
98388912,98390107,1195,149738
98390107,98391182,1075,157242
98391182,98392156,974,6176
98392156,98393425,1269,10160
98393425,98394666,1241,271812
98394666,98395835,1169,7884
98395835,98397044,1209,44577
98397044,98398311,1267,148550
98398311,98399525,1214,87280
98399525,98399806,281,146770
98399806,98401087,1281,108638
98401087,98402417,1330,128990
98402417,98403529,1112,133442
98403529,98404617,1088,137483
98404617,98404922,305,1539
98404922,98406155,1233,141279
98406155,98407023,868,121331
98407023,98407848,825,126796
98407848,98408802,954,134176
98408802,98409792,990,110528
98409792,98410841,1049,26950
98410841,98411795,954,288043
98411795,98411958,163,141135
98411958,98413024,1066,108005
98413024,98414287,1263,270778
98414287,98414870,583,141571
98414870,98415597,727,154736
98415597,98416889,1292,290349
98416889,98418195,1306,19371
98418195,98419219,1024,66185
98419219,98420392,1173,114468
98420392,98421123,731,127537
98421123,98422232,1109,129324
98422232,98423513,1281,158081
98423513,98424523,1010,41610
98424523,98425700,1177,130870
98425700,98427064,1364,142824
98427064,98427950,886,104391
98427950,98428975,1025,121024
98428975,98430107,1132,123507
98430107,98431292,1185,127525
98431292,98432325,1033,157644
98432325,98433629,1304,132499
98433629,98434910,1281,20034
98434910,98436060,1150,163597
98436060,98436959,899,129583
98436959,98438135,1176,140041
98438135,98439282,1147,150915
98439282,98439868,586,110243
98439868,98441110,1242,8689
98441110,98442372,1262,124439
98442372,98443509,1137,59234
98443509,98444617,1108,56778
98444617,98445854,1237,139336
98445854,98446216,362,54666
98446216,98447271,1055,129994
98447271,98448330,1059,102250
98448330,98449562,1232,69422
98449562,98450695,1133,140067
98450695,98451973,1278,126945
98451973,98453028,1055,168199
98453028,98453956,928,122828
98453956,98455161,1205,53458
98455161,98456057,896,121674
98456057,98457141,1084,157242
98457141,98458418,1277,70998
98458418,98458841,423,2777
98458841,98459821,980,163505
98459821,98460692,871,110705
98460692,98461803,1111,143893
98461803,98462378,575,170952
98462378,98463629,1251,131003
98463629,98464800,1171,4690
98464800,98465854,1054,11077
98465854,98467021,1167,88484
98467021,98467293,272,86026
98467293,98467826,533,89388
98467826,98469059,1233,8674
98469059,98470108,1049,145088
98470108,98471412,1304,131722
98471412,98472608,1196,136271
98472608,98473864,1256,97610
98473864,98474955,1091,104606
98474955,98476207,1252,86045
98476207,98477186,979,132649
98477186,98478427,1241,149735
98478427,98479550,1123,124439
98479550,98480805,1255,88489
98480805,98482040,1235,140718
98482040,98483132,1092,131226
98483132,98484211,1079,11512
98484211,98484705,494,121671
98484705,98485869,1164,160949
98485869,98486407,538,124368
98486407,98487493,1086,170950
98487493,98487738,245,125882
98487738,98488766,1028,110061
98488766,98489944,1178,137588
98489944,98490517,573,232690
98490517,98491785,1268,55856
98491785,98492333,548,170951
98492333,98493366,1033,87280
98493366,98493531,165,1733
98493531,98494792,1261,134434
98494792,98495997,1205,135894
98495997,98496790,793,46240
98496790,98497804,1014,138032
98497804,98498844,1040,106965
98498844,98500017,1173,39478
98500017,98501182,1165,66166
98501182,98501690,508,296473
98501690,98502704,1014,65803
98502704,98504053,1349,139727
98504053,98505080,1027,294113
98505080,98506205,1125,26950
98506205,98507433,1228,28375
98507433,98508229,796,132777
98508229,98509347,1118,11512
98509347,98510595,1248,144503
98510595,98511163,568,145145
98511163,98512107,944,130530
98512107,98513373,1266,279856
98513373,98514628,1255,124526
98514628,98515733,1105,138063
98515733,98516866,1133,68361
98516866,98518001,1135,129396
98518001,98518688,687,129440
98518688,98519369,681,107621
98519369,98520663,1294,130870
98520663,98521849,1186,129011
98521849,98522884,1035,13056
98522884,98524104,1220,178450
98524104,98525123,1019,64717
98525123,98526248,1125,41151
98526248,98527401,1153,123500
98527401,98528539,1138,12895
98528539,98529801,1262,88086
98529801,98530157,356,862
98530157,98531303,1146,62347
98531303,98532323,1020,58776
98532323,98533395,1072,63095
98533395,98534472,1077,122806
98534472,98535507,1035,121729
98535507,98536766,1259,139752
98536766,98537862,1096,121079
98537862,98538955,1093,142318
98538955,98540248,1293,10674
98540248,98541274,1026,73073
98541274,98542598,1324,137483
98542598,98543827,1229,19208
98543827,98544668,841,121413
98544668,98545273,605,292253
98545273,98546006,733,72311
98546006,98546977,971,121069
98546977,98547776,799,66016
98547776,98548163,387,696
98548163,98548397,234,128677
98548397,98549580,1183,123163
98549580,98550508,928,70843
98550508,98551170,662,121730
98551170,98552041,871,161972
98552041,98553091,1050,41151
98553091,98554226,1135,134708
98554226,98555267,1041,133273
98555267,98556413,1146,64075
98556413,98557487,1074,123284
98557487,98558754,1267,126410
98558754,98559320,566,149245
98559320,98560623,1303,273050
98560623,98561928,1305,290361
98561928,98563010,1082,132300
98563010,98563698,688,216563
98563698,98564886,1188,87791
98564886,98565954,1068,85635
98565954,98566773,819,150843
98566773,98567980,1207,14653
98567980,98569101,1121,57416
98569101,98570201,1100,284445
98570201,98570912,711,6525
98570912,98571667,755,7622
98571667,98572746,1079,141644
98572746,98573927,1181,134786
98573927,98574670,743,130548
98574670,98575060,390,73973
98575060,98576264,1204,46240
98576264,98577388,1124,40556
98577388,98578631,1243,127732
98578631,98579898,1267,86741
98579898,98580951,1053,134463
98580951,98582078,1127,19665
98582078,98583227,1149,101864
98583227,98583705,478,123176
98583705,98584723,1018,70756
98584723,98585894,1171,32637
98585894,98587159,1265,103126
98587159,98588273,1114,139797
98588273,98589381,1108,8592
98589381,98590431,1050,110742
98590431,98591465,1034,130105
98591465,98591902,437,292347
98591902,98592944,1042,39661
98592944,98593279,335,160592
98593279,98594520,1241,138063
98594520,98595319,799,71531
98595319,98596462,1143,395
98596462,98597698,1236,67860
98597698,98598851,1153,88349
98598851,98599883,1032,138043
98599883,98600823,940,28465
98600823,98601574,751,131218
98601574,98602279,705,131722
98602279,98603463,1184,130975
98603463,98604664,1201,126959
98604664,98605881,1217,114256
98605881,98607130,1249,48361
98607130,98607777,647,178450
98607777,98608879,1102,6176
98608879,98610136,1257,88367
98610136,98610509,373,128632
98610509,98611857,1348,291172
98611857,98612341,484,101836
98612341,98612808,467,18006
98612808,98614048,1240,138113
98614048,98615284,1236,41166
98615284,98616451,1167,144965
98616451,98617528,1077,122806
98617528,98618613,1085,112593
98618613,98619867,1254,83633
98619867,98621097,1230,96153
98621097,98621905,808,5911
98621905,98623031,1126,140222
98623031,98624264,1233,87280
98624264,98625437,1173,121064
98625437,98626670,1233,187466
98626670,98627967,1297,48848
98627967,98628715,748,87508
98628715,98629880,1165,142745
98629880,98631055,1175,175390
98631055,98632256,1201,162238
98632256,98632547,291,41166
98632547,98633825,1278,91801
98633825,98635027,1202,31603
98635027,98635940,913,137770
98635940,98636242,302,141209
98636242,98637518,1276,293168
98637518,98638619,1101,156977
98638619,98639804,1185,108638
98639804,98641045,1241,13247
98641045,98642256,1211,279849
98642256,98643577,1321,89735
98643577,98643836,259,133396
98643836,98645017,1181,105167
98645017,98646005,988,142750
98646005,98647213,1208,258250
98647213,98647872,659,107480
98647872,98648965,1093,123506
98648965,98650311,1346,48361
98650311,98651444,1133,28384
98651444,98652742,1298,26685
98652742,98653682,940,110238
98653682,98654041,359,162253
98654041,98654942,901,121541
98654942,98655527,585,131890
98655527,98655886,359,31629
98655886,98657019,1133,9342
98657019,98658245,1226,28375
98658245,98659483,1238,128990
98659483,98660606,1123,1129
98660606,98661087,481,121024
98661087,98662068,981,270778
98662068,98663304,1236,178149
98663304,98664554,1250,134804
98664554,98665761,1207,39971
98665761,98666997,1236,165701
98666997,98668059,1062,172165
98668059,98669334,1275,291168
98669334,98670534,1200,39910
98670534,98671710,1176,139797
98671710,98672864,1154,187018
98672864,98673707,843,92420
98673707,98674467,760,52088
98674467,98675552,1085,216564
98675552,98676839,1287,122614
98676839,98677315,476,134708
98677315,98678465,1150,11612
98678465,98679750,1285,126312
98679750,98680905,1155,132485
98680905,98681945,1040,6498
98681945,98683050,1105,73972
98683050,98684196,1146,121730
98684196,98685474,1278,104978
98685474,98686710,1236,31668
98686710,98687942,1232,262291
98687942,98689047,1105,138032
98689047,98689549,502,24515
98689549,98689786,237,137614
98689786,98691005,1219,135832
98691005,98692253,1248,141174
98692253,98692945,692,82904
98692945,98693901,956,292253
98693901,98695146,1245,129974
98695146,98696230,1084,128309
98696230,98697447,1217,126829
98697447,98698670,1223,133440
98698670,98699658,988,14526
98699658,98700925,1267,64713
98700925,98702148,1223,5911
98702148,98703323,1175,58868
98703323,98704530,1207,121446
98704530,98705574,1044,177638
98705574,98706821,1247,123133
98706821,98708010,1189,126313
98708010,98709151,1141,79973
98709151,98709454,303,157066
98709454,98710464,1010,282926
98710464,98711551,1087,105394
98711551,98712651,1100,116804
98712651,98713668,1017,282412
98713668,98714599,931,110238
98714599,98715268,669,63105
98715268,98715869,601,98877
98715869,98717136,1267,64974
98717136,98718264,1128,55927
98718264,98719563,1299,134420
98719563,98720766,1203,157236
98720766,98721854,1088,137483
98721854,98723016,1162,61316
98723016,98724126,1110,156967
98724126,98725410,1284,166683
98725410,98725863,453,68192
98725863,98727081,1218,157242
98727081,98727790,709,95870
98727790,98728719,929,278228
98728719,98729817,1098,172156
98729817,98730487,670,275212
98730487,98731698,1211,122545
98731698,98732944,1246,1133
98732944,98733203,259,106370
98733203,98734207,1004,147159
98734207,98734832,625,127521
98734832,98735895,1063,142824
98735895,98736312,417,6541
98736312,98737423,1111,287660
98737423,98738615,1192,91801
98738615,98739898,1283,156757
98739898,98740543,645,246904
98740543,98741720,1177,36386
98741720,98742755,1035,4445
98742755,98744004,1249,121148
98744004,98745039,1035,254918
98745039,98746196,1157,107621
98746196,98747427,1231,2301
98747427,98747993,566,126319
98747993,98748871,878,131722
98748871,98749973,1102,39501
98749973,98750616,643,24731
98750616,98751812,1196,28384
98751812,98752883,1071,138033
98752883,98754116,1233,19361
98754116,98755311,1195,141571
98755311,98756131,820,246932
98756131,98757298,1167,133279
98757298,98758439,1141,126408
98758439,98759484,1045,183239
98759484,98760665,1181,49755
98760665,98762015,1350,304535
98762015,98762976,961,139387
98762976,98764008,1032,4733
98764008,98765005,997,132530
98765005,98766132,1127,75791
98766132,98767430,1298,123443
98767430,98768066,636,96153
98768066,98769217,1151,8927
98769217,98770322,1105,58868
98770322,98771398,1076,122810
98771398,98772565,1167,126945
98772565,98773791,1226,141240
98773791,98774997,1206,158074
98774997,98776284,1287,147990
98776284,98777535,1251,124368
98777535,98778570,1035,67200
98778570,98779652,1082,278217
98779652,98780673,1021,101276
98780673,98781598,925,12707
98781598,98782486,888,130530
98782486,98783464,978,96672
98783464,98784257,793,164101
98784257,98785188,931,104717
98785188,98786041,853,133211
98786041,98787091,1050,122627
98787091,98787792,701,126945
98787792,98787963,171,160187
98787963,98788676,713,126959
98788676,98789852,1176,107486
98789852,98790984,1132,61316
98790984,98791822,838,132568
98791822,98792041,219,110061
98792041,98793216,1175,66470
98793216,98794387,1171,1733
98794387,98795478,1091,122467
98795478,98796496,1018,158081
98796496,98797753,1257,132850
98797753,98798743,990,121148
98798743,98798916,173,7887
98798916,98799870,954,129994
98799870,98800495,625,149033
98800495,98801544,1049,114476
98801544,98802706,1162,144503
98802706,98803895,1189,137588
98803895,98805059,1164,2772
98805059,98806223,1164,156968
98806223,98807429,1206,40571
98807429,98808173,744,109658
98808173,98809383,1210,168626
98809383,98810566,1183,144503
98810566,98811391,825,162129
98811391,98812566,1175,88489
98812566,98813625,1059,94526
98813625,98814690,1065,294697
98814690,98814988,298,39970
98814988,98816197,1209,274374
98816197,98817526,1329,54487
98817526,98818412,886,138045
98818412,98819621,1209,144019
98819621,98820883,1262,132291
98820883,98822111,1228,127694
98822111,98822970,859,294114
98822970,98824035,1065,398
98824035,98825184,1149,108638
98825184,98826070,886,126408
98826070,98826355,285,162253
98826355,98827564,1209,258250
98827564,98828105,541,146437
98828105,98829164,1059,259009
98829164,98830324,1160,125140
98830324,98831479,1155,143307
98831479,98832594,1115,121130
98832594,98833059,465,48362
98833059,98834080,1021,14960
98834080,98835369,1289,122441
98835369,98836512,1143,87508
98836512,98837221,709,150674
98837221,98838260,1039,173230
98838260,98839439,1179,131751
98839439,98840785,1346,134728
98840785,98841958,1173,150855
98841958,98843167,1209,262269
98843167,98844357,1190,131003
98844357,98845590,1233,106367
98845590,98845947,357,126928
98845947,98846457,510,176256
98846457,98847594,1137,134119
98847594,98848625,1031,39967
98848625,98849801,1176,128345
98849801,98850833,1032,80534
98850833,98852103,1270,147173
98852103,98853123,1020,168500
98853123,98854113,990,140041
98854113,98855292,1179,34572
98855292,98856406,1114,39501
98856406,98857450,1044,171133
98857450,98857851,401,122944
98857851,98859066,1215,112593
98859066,98859381,315,73712
98859381,98860405,1024,70843
98860405,98861198,793,25951
98861198,98862007,809,230928
98862007,98863106,1099,177234
98863106,98864279,1173,276939
98864279,98865303,1024,32639
98865303,98866544,1241,116804
98866544,98867670,1126,127595
98867670,98868431,761,291374
98868431,98869397,966,178149
98869397,98870316,919,11528
98870316,98871511,1195,142320
98871511,98872718,1207,129393
98872718,98873921,1203,141713
98873921,98875074,1153,70837
98875074,98876281,1207,19208
98876281,98877210,929,159386
98877210,98878443,1233,67233
98878443,98879650,1207,116805
98879650,98880819,1169,6176
98880819,98881843,1024,135635
98881843,98882103,260,142824
98882103,98882927,824,22179
98882927,98883561,634,61317
98883561,98884796,1235,121902
98884796,98886064,1268,147627
98886064,98886625,561,88349
98886625,98887476,851,73296
98887476,98888585,1109,5097
98888585,98889535,950,132073
98889535,98890476,941,59268
98890476,98891668,1192,126408
98891668,98892677,1009,149890
98892677,98893874,1197,130533
98893874,98894857,983,271817
98894857,98896131,1274,157480
98896131,98897399,1268,36386
98897399,98898451,1052,123715
98898451,98898973,522,89880
98898973,98900200,1227,276939
98900200,98901428,1228,176660
98901428,98902291,863,11612
98902291,98903475,1184,170956
98903475,98904522,1047,1188
98904522,98905583,1061,103126
98905583,98905807,224,121392
98905807,98906280,473,131113
98906280,98907521,1241,95441
98907521,98908577,1056,271826
98908577,98909837,1260,130876
98909837,98911005,1168,20023
98911005,98912304,1299,71320
98912304,98913195,891,13256
98913195,98913356,161,128991
98913356,98914573,1217,41259
98914573,98915702,1129,279849
98915702,98916652,950,138042
98916652,98918001,1349,58868
98918001,98919220,1219,231834
98919220,98920445,1225,89388
98920445,98921669,1224,124595
98921669,98922655,986,143005
98922655,98923846,1191,245707
98923846,98924911,1065,81859
98924911,98925815,904,129805
98925815,98926934,1119,161217
98926934,98928181,1247,80534
98928181,98929460,1279,132101
98929460,98930142,682,126957
98930142,98931363,1221,124164
98931363,98931843,480,83708
98931843,98932999,1156,155972
98932999,98934145,1146,54487
98934145,98934942,797,121671
98934942,98936130,1188,177627
98936130,98937187,1057,170982
98937187,98938506,1319,129396
98938506,98939733,1227,123133
98939733,98940874,1141,39478
98940874,98942045,1171,135894
98942045,98943306,1261,135229
98943306,98944218,912,133273
98944218,98945163,945,12731
98945163,98946434,1271,140718
98946434,98947558,1124,129515
98947558,98948742,1184,295446
98948742,98949823,1081,126794
98949823,98950748,925,86043
98950748,98951922,1174,187466
98951922,98952987,1065,108005
98952987,98953238,251,120583
98953238,98954482,1244,126832
98954482,98954798,316,290901
98954798,98955892,1094,122827
98955892,98957069,1177,39501
98957069,98958108,1039,13185
98958108,98959288,1180,291379
98959288,98960418,1130,101276
98960418,98961523,1105,270778
98961523,98962647,1124,143946
98962647,98963800,1153,158081
98963800,98964991,1191,146123
98964991,98966217,1226,144496
98966217,98967510,1293,153733
98967510,98968605,1095,276907
98968605,98969806,1201,112011
98969806,98970803,997,138888
98970803,98971879,1076,140718
98971879,98973005,1126,145138
98973005,98974212,1207,11079
98974212,98975387,1175,122876
98975387,98976628,1241,233382
98976628,98977003,375,157242
98977003,98978047,1044,8674
98978047,98979383,1336,39661
98979383,98979984,601,81870
98979984,98981274,1290,123047
98981274,98981963,689,8684
98981963,98983157,1194,141279
98983157,98984293,1136,112593
98984293,98984617,324,152267
98984617,98984907,290,59234
98984907,98986101,1194,121741
98986101,98986609,508,287671
98986609,98987303,694,129514
98987303,98988547,1244,39913
98988547,98989815,1268,144485
98989815,98991026,1211,3582
98991026,98992195,1169,861
98992195,98992871,676,296468
98992871,98993869,998,73973
98993869,98994838,969,14358
98994838,98995894,1056,171134
98995894,98996281,387,8141
98996281,98997453,1172,92820
98997453,98998340,887,86710
98998340,98999390,1050,277898
98999390,99000651,1261,72311
99000651,99001747,1096,294551
99001747,99003058,1311,246889
99003058,99003318,260,71401
99003318,99004420,1102,129011
99004420,99005059,639,282926
99005059,99006320,1261,89390
99006320,99007541,1221,31609
99007541,99008072,531,75807
99008072,99009190,1118,133224
99009190,99010237,1047,125118
99010237,99010882,645,171138
99010882,99011837,955,285135
99011837,99012956,1119,126410
99012956,99014173,1217,143521
99014173,99015103,930,14960
99015103,99016241,1138,6397
99016241,99017405,1164,109185
99017405,99017977,572,170950
99017977,99019249,1272,398
99019249,99019704,455,289242
99019704,99020394,690,133273
99020394,99021637,1243,11243
99021637,99022794,1157,668
99022794,99023927,1133,144503
99023927,99024962,1035,178030
99024962,99025606,644,139009
99025606,99026809,1203,258960
99026809,99027876,1067,59175
99027876,99028961,1085,109174
99028961,99030220,1259,128136
99030220,99031492,1272,68888
99031492,99032519,1027,149939
99032519,99032687,168,129388
99032687,99033685,998,58192
99033685,99034698,1013,12715
99034698,99035917,1219,171107
99035917,99036831,914,28462
99036831,99037786,955,352
99037786,99038891,1105,26853
99038891,99039971,1080,26951
99039971,99041172,1201,138043
99041172,99042418,1246,64738
99042418,99043499,1081,132592
99043499,99044653,1154,158074
99044653,99045835,1182,143521
99045835,99047135,1300,122467
99047135,99048362,1227,12085
99048362,99048959,597,149245
99048959,99050149,1190,81843
99050149,99050447,298,56574
99050447,99051701,1254,75355
99051701,99052971,1270,89940
99052971,99053882,911,14936
99053882,99055091,1209,87280
99055091,99056179,1088,6556
99056179,99057388,1209,41151
99057388,99058470,1082,681
99058470,99059612,1142,129443
99059612,99059966,354,124994
99059966,99060934,968,91902
99060934,99061919,985,668
99061919,99063074,1155,168198
99063074,99064267,1193,134830
99064267,99065493,1226,44937
99065493,99066519,1026,66166
99066519,99067480,961,12898
99067480,99068251,771,300225
99068251,99069344,1093,32451
99069344,99070515,1171,67863
99070515,99071680,1165,129994
99071680,99072929,1249,107480
99072929,99074219,1290,143005
99074219,99075481,1262,46267
99075481,99076675,1194,137628
99076675,99077676,1001,112761
99077676,99078895,1219,39661
99078895,99080012,1117,6397
99080012,99081236,1224,290363
99081236,99082521,1285,123025
99082521,99083716,1195,276749
99083716,99084291,575,15082
99084291,99085445,1154,102240
99085445,99086542,1097,121541
99086542,99087788,1246,104717
99087788,99089005,1217,140072
99089005,99090250,1245,155151
99090250,99091387,1137,97593
99091387,99092311,924,5757
99092311,99093500,1189,51163
99093500,99094733,1233,109173
99094733,99095923,1190,122801
99095923,99097177,1254,105383
99097177,99098412,1235,58843
99098412,99098609,197,19366
99098609,99099778,1169,139743
99099778,99100719,941,96672
99100719,99101520,801,121799
99101520,99102162,642,131735
99102162,99103380,1218,58025
99103380,99104470,1090,129443
99104470,99105561,1091,4136
99105561,99106681,1120,175390
99106681,99107916,1235,126312
99107916,99109048,1132,105405
99109048,99110077,1029,131003
99110077,99110695,618,9010
99110695,99111340,645,137627
99111340,99112353,1013,138545
99112353,99113512,1159,130625
99113512,99114434,922,6541
99114434,99115645,1211,7944
99115645,99115937,292,130627
99115937,99116981,1044,56840
99116981,99117886,905,132776
99117886,99118727,841,64956
99118727,99119658,931,282385
99119658,99120779,1121,279775
99120779,99122067,1288,395
99122067,99123343,1276,154838
99123343,99124532,1189,15305
99124532,99125581,1049,89894
99125581,99126602,1021,283242
99126602,99127361,759,11612
99127361,99128315,954,65772
99128315,99129650,1335,132499
99129650,99130774,1124,109180
99130774,99131929,1155,132717
99131929,99132657,728,295710
99132657,99133725,1068,70843
99133725,99134189,464,182402
99134189,99135400,1211,150843
99135400,99135995,595,173230
99135995,99137229,1234,163402
99137229,99138197,968,73847
99138197,99139460,1263,20410
99139460,99139969,509,149739
99139969,99141148,1179,56175
99141148,99142248,1100,34572
99142248,99143474,1226,5704
99143474,99144617,1143,66176
99144617,99145842,1225,46889
99145842,99147047,1205,10701
99147047,99148076,1029,160952
99148076,99149085,1009,7793
99149085,99150138,1053,143307
99150138,99151257,1119,101276
99151257,99152415,1158,258263
99152415,99153714,1299,135826
99153714,99154942,1228,130870
99154942,99156211,1269,96498
99156211,99157400,1189,268287
99157400,99158613,1213,132891
99158613,99159691,1078,183988
99159691,99160844,1153,29090
99160844,99161679,835,142358
99161679,99162675,996,160187
99162675,99163862,1187,6397
99163862,99164487,625,140931
99164487,99165303,816,216570
99165303,99166347,1044,56778
99166347,99167607,1260,73958
99167607,99168673,1066,160952
99168673,99169770,1097,128761
99169770,99170680,910,137483
99170680,99171737,1057,9174
99171737,99172900,1163,142363
99172900,99174111,1211,39501
99174111,99174467,356,105179
99174467,99175612,1145,137589
99175612,99176697,1085,149735
99176697,99177198,501,126959
99177198,99178347,1149,70998
99178347,99179433,1086,123192
99179433,99180646,1213,293663
99180646,99180815,169,187464
99180815,99181852,1037,38660
99181852,99182935,1083,282386
99182935,99183808,873,70753
99183808,99184963,1155,2503
99184963,99186164,1201,130876
99186164,99186707,543,66465
99186707,99187940,1233,139336
99187940,99189219,1279,135221
99189219,99190484,1265,91906
99190484,99191742,1258,5912
99191742,99192978,1236,25563
99192978,99194254,1276,74798
99194254,99195584,1330,79973
99195584,99196732,1148,109656
99196732,99197065,333,123047
99197065,99198242,1177,3967
99198242,99199230,988,275128
99199230,99200450,1220,39478
99200450,99200771,321,158074
99200771,99201057,286,132484
99201057,99202094,1037,129974
99202094,99202307,213,281131
99202307,99203296,989,61316
99203296,99203628,332,138032
99203628,99204854,1226,22581
99204854,99206105,1251,2777
99206105,99207250,1145,127691
99207250,99208329,1079,5758
99208329,99209484,1155,16802
99209484,99210134,650,126286
99210134,99210364,230,126826
99210364,99210696,332,126312
99210696,99211781,1085,73728
99211781,99212292,511,150915
99212292,99213549,1257,170950
99213549,99214804,1255,135229
99214804,99216031,1227,139404
99216031,99216876,845,135891
99216876,99218018,1142,139681
99218018,99219140,1122,89894
99219140,99219709,569,88748
99219709,99220936,1227,56222
99220936,99222163,1227,106974
99222163,99223368,1205,131722
99223368,99224353,985,64588
99224353,99225488,1135,186232
99225488,99226109,621,130184
99226109,99226828,719,131226
99226828,99228092,1264,146770
99228092,99229447,1355,139308
99229447,99230227,780,82458
99230227,99231453,1226,283138
99231453,99232096,643,122025
99232096,99232776,680,279153
99232776,99234020,1244,122806
99234020,99234693,673,153728
99234693,99235910,1217,100044
99235910,99237067,1157,139035
99237067,99238302,1235,129805
99238302,99239485,1183,91192
99239485,99240717,1232,68359
99240717,99241994,1277,81881
99241994,99243156,1162,28465
99243156,99243935,779,134451
99243935,99244500,565,124439
99244500,99245135,635,72205
99245135,99246119,984,185436
99246119,99246293,174,34501
99246293,99247519,1226,121543
99247519,99247775,256,171171
99247775,99248807,1032,72311
99248807,99249907,1100,126577
99249907,99251019,1112,123882
99251019,99252176,1157,75791
99252176,99253372,1196,127538
99253372,99254655,1283,258959
99254655,99254842,187,160188
99254842,99255898,1056,67584
99255898,99257169,1271,137628
99257169,99257866,697,6556
99257866,99258359,493,163402
99258359,99259436,1077,293963
99259436,99260631,1195,293957
99260631,99261336,705,252341
99261336,99262591,1255,10347
99262591,99263616,1025,100043
99263616,99264743,1127,70756
99264743,99264918,175,234067
99264918,99265348,430,129805
99265348,99266569,1221,150469
99266569,99267892,1323,71401
99267892,99268731,839,74797
99268731,99269335,604,64292
99269335,99270610,1275,161166
99270610,99271413,803,4654
99271413,99271572,159,15307
99271572,99271906,334,160188
99271906,99273071,1165,139358
99273071,99273976,905,141320
99273976,99274651,675,101884
99274651,99275285,634,10642
99275285,99275816,531,134465
99275816,99276948,1132,88748
99276948,99277996,1048,18524
99277996,99279239,1243,141320
99279239,99280056,817,171171
99280056,99280601,545,131887
99280601,99281666,1065,57836
99281666,99282055,389,36641
99282055,99283187,1132,147159
99283187,99284345,1158,142733
99284345,99285394,1049,166420
99285394,99286432,1038,26982
99286432,99287627,1195,105673
99287627,99288149,522,93470
99288149,99289243,1094,6175
99289243,99289739,496,24514
99289739,99290989,1250,233382
99290989,99291505,516,105386
99291505,99292668,1163,112593
99292668,99293750,1082,4158
99293750,99294178,428,39477
99294178,99295329,1151,136861
99295329,99296017,688,47239
99296017,99297298,1281,92935
99297298,99298293,995,63713
99298293,99299084,791,105394
99299084,99300250,1166,48032
99300250,99301475,1225,14674
99301475,99302685,1210,144485
99302685,99303867,1182,156155
99303867,99304728,861,285135
99304728,99305941,1213,9203
99305941,99307056,1115,141248
99307056,99308167,1111,141571
99308167,99309371,1204,122443
99309371,99310616,1245,138901
99310616,99311371,755,124526
99311371,99312585,1214,150674
99312585,99313882,1297,140639
99313882,99314974,1092,79973
99314974,99316153,1179,136054
99316153,99317178,1025,723
99317178,99318357,1179,11546
99318357,99318740,383,132717
99318740,99319963,1223,73295
99319963,99321296,1333,25766
99321296,99322544,1248,286306
99322544,99323154,610,95969
99323154,99324055,901,86710
99324055,99325373,1318,146437
99325373,99326632,1259,270778
99326632,99327965,1333,139753
99327965,99329035,1070,4275
99329035,99329870,835,131722
99329870,99331103,1233,139710
99331103,99332250,1147,39475
99332250,99333093,843,48361
99333093,99333310,217,278217
99333310,99333618,308,148522
99333618,99334651,1033,136863
99334651,99334866,215,121799
99334866,99336143,1277,47237
99336143,99337164,1021,73073
99337164,99338365,1201,104978
99338365,99338601,236,187024
99338601,99339814,1213,139356
99339814,99340627,813,291608
99340627,99341832,1205,76055
99341832,99343012,1180,78885
99343012,99344209,1197,100145
99344209,99345431,1222,73973
99345431,99346360,929,292138
99346360,99347572,1212,157830
99347572,99347872,300,216570
99347872,99349153,1281,296468
99349153,99350243,1090,133630
99350243,99351501,1258,58090
99351501,99352483,982,254918
99352483,99353659,1176,10347
99353659,99354785,1126,22574
99354785,99355198,413,140040
99355198,99356318,1120,294523
99356318,99357487,1169,143022
99357487,99358473,986,130625
99358473,99359713,1240,124990
99359713,99360942,1229,48848
99360942,99362044,1102,141642
99362044,99363144,1100,145145
99363144,99364175,1031,141644
99364175,99364712,537,170982
99364712,99365577,865,26895
99365577,99366684,1107,131732
99366684,99367627,943,61777
99367627,99368150,523,122876
99368150,99369265,1115,28868
99369265,99370398,1133,284445
99370398,99371496,1098,142858
99371496,99372262,766,258250
99372262,99373475,1213,123176
99373475,99374512,1037,44937
99374512,99375654,1142,279775
99375654,99376923,1269,58137
99376923,99377912,989,21393
99377912,99379173,1261,161975
99379173,99379499,326,291384
99379499,99380400,901,132272
99380400,99381422,1022,696
99381422,99382303,881,109656
99382303,99382941,638,102240
99382941,99384197,1256,138042
99384197,99385204,1007,169291
99385204,99386273,1069,163384
99386273,99387504,1231,130588
99387504,99388671,1167,121528
99388671,99389456,785,129388
99389456,99390200,744,119253
99390200,99391475,1275,89882
99391475,99392428,953,11243
99392428,99393639,1211,133471
99393639,99394885,1246,126577
99394885,99395156,271,184447
99395156,99396438,1282,142279
99396438,99397718,1280,106969
99397718,99398823,1105,11533
99398823,99399558,735,133227
99399558,99400729,1171,258960
99400729,99401978,1249,44586
99401978,99402954,976,130131
99402954,99403737,783,139009
99403737,99404802,1065,10089
99404802,99406095,1293,258263
99406095,99407162,1067,137588
99407162,99408337,1175,126955
99408337,99408569,232,101265
99408569,99408866,297,278220
99408866,99410074,1208,294697
99410074,99410552,478,160949
99410552,99411803,1251,274375
99411803,99412048,245,130977
99412048,99412817,769,123176
99412817,99413941,1124,176680
99413941,99414978,1037,110238
99414978,99416172,1194,129514
99416172,99417169,997,21393
99417169,99417679,510,86679
99417679,99418991,1312,135657
99418991,99419942,951,121541
99419942,99421145,1203,287358
99421145,99422221,1076,138042
99422221,99423279,1058,88349
99423279,99424142,863,131004
99424142,99425348,1206,107487
99425348,99426529,1181,126480
99426529,99427172,643,13185
99427172,99427850,678,177234
99427850,99429075,1225,130727
99429075,99430260,1185,30106
99430260,99431385,1125,164101
99431385,99432343,958,86765
99432343,99432722,379,62851
99432722,99433914,1192,63713
99433914,99434330,416,5417
99434330,99435486,1156,129440
99435486,99436716,1230,104717
99436716,99437125,409,110054
99437125,99438360,1235,231838
99438360,99438848,488,147627
99438848,99440034,1186,12715
99440034,99441230,1196,130494
99441230,99442466,1236,246889
99442466,99443541,1075,126312
99443541,99444744,1203,164101
99444744,99445601,857,163612
99445601,99446887,1286,116797
99446887,99447776,889,124439
99447776,99448982,1206,101864
99448982,99450258,1276,52088
99450258,99451345,1087,10088
99451345,99452705,1360,126286
99452705,99453742,1037,155521
99453742,99454847,1105,284269
99454847,99455214,367,160592
99455214,99456365,1151,96175
99456365,99457510,1145,125140
99457510,99458497,987,178450
99458497,99459789,1292,10801
99459789,99461072,1283,128991
99461072,99462339,1267,123163
99462339,99463425,1086,143264
99463425,99464572,1147,1043
99464572,99465733,1161,93277
99465733,99466948,1215,296473
99466948,99468095,1147,46267
99468095,99469068,973,130560
99469068,99470330,1262,132300
99470330,99470849,519,145138
99470849,99471170,321,138290
99471170,99472479,1309,113336
99472479,99473095,616,1043
99473095,99474309,1214,131113
99474309,99475461,1152,7944
99475461,99476557,1096,12898
99476557,99477425,868,120325
99477425,99477921,496,245687
99477921,99478709,788,246932
99478709,99479552,843,9210
99479552,99480510,958,136983
99480510,99481213,703,125002
99481213,99482465,1252,39515
99482465,99483632,1167,101579
99483632,99484762,1130,39660
99484762,99485305,543,105002
99485305,99486398,1093,4731
99486398,99487610,1212,39967
99487610,99488618,1008,137614
99488618,99489406,788,133440
99489406,99490587,1181,139742
99490587,99491850,1263,134717
99491850,99492396,546,126600
99492396,99493433,1037,148993
99493433,99494700,1267,163527
99494700,99495846,1146,26894
99495846,99497021,1175,279153
99497021,99497464,443,132280
99497464,99498619,1155,124547
99498619,99499302,683,96153
99499302,99500432,1130,10822
99500432,99501458,1026,123507
99501458,99502511,1053,70843
99502511,99503831,1320,31629
99503831,99504928,1097,302000
99504928,99505727,799,155151
99505727,99506970,1243,134451
99506970,99508226,1256,132821
99508226,99509341,1115,19132
99509341,99510378,1037,100145
99510378,99511550,1172,126928
99511550,99512073,523,141819
99512073,99513079,1006,132644
99513079,99513758,679,133630
99513758,99514909,1151,108621
99514909,99515854,945,11546
99515854,99517118,1264,130625
99517118,99518371,1253,142896
99518371,99518915,544,139291
99518915,99520034,1119,258250
99520034,99521269,1235,289453
99521269,99522340,1071,142752
99522340,99523599,1259,258266
99523599,99524816,1217,16002
99524816,99526101,1285,170977
99526101,99527194,1093,96241
99527194,99528105,911,101579
99528105,99529092,987,171108
99529092,99530110,1018,143893
99530110,99530806,696,7574
99530806,99531591,785,89898
99531591,99532176,585,105405
99532176,99533406,1230,129011
99533406,99534501,1095,185488
99534501,99535788,1287,139361
99535788,99537012,1224,111961
99537012,99537202,190,144965
99537202,99538376,1174,161100
99538376,99539383,1007,129066
99539383,99539555,172,139290
99539555,99540680,1125,149735
99540680,99541206,526,163380
99541206,99542455,1249,139741
99542455,99543659,1204,130296
99543659,99544816,1157,122441
99544816,99545628,812,163505
99545628,99546698,1070,7887
99546698,99547432,734,11243
99547432,99548567,1135,92930
99548567,99549674,1107,58869
99549674,99550552,878,139612
99550552,99551726,1174,2327
99551726,99552915,1189,137770
99552915,99554173,1258,53343
99554173,99555414,1241,69550
99555414,99556627,1213,115047
99556627,99557880,1253,66622
99557880,99559123,1243,258283
99559123,99560169,1046,37999
99560169,99560517,348,102239
99560517,99560923,406,132592
99560923,99561917,994,362
99561917,99562914,997,103481
99562914,99563663,749,64291
99563663,99564876,1213,44577
99564876,99566006,1130,109185
99566006,99567217,1211,11077
99567217,99568376,1159,176278
99568376,99569586,1210,139009
99569586,99570746,1160,129443
99570746,99571889,1143,22574
99571889,99573189,1300,142363
99573189,99574449,1260,129587
99574449,99575660,1211,132530
99575660,99576596,936,57836
99576596,99577754,1158,63839
99577754,99578478,724,258978
99578478,99579737,1259,36956
99579737,99580879,1142,128631
99580879,99581531,652,26520
99581531,99582787,1256,73973
99582787,99583954,1167,135892
99583954,99585175,1221,130529
99585175,99586326,1151,187023
99586326,99587542,1216,126928
99587542,99588677,1135,26558
99588677,99589879,1202,143022
99589879,99591090,1211,5912
99591090,99592323,1233,132530
99592323,99593584,1261,39476
99593584,99594821,1237,128761
99594821,99595900,1079,5330
99595900,99597076,1176,41911
99597076,99597855,779,279153
99597855,99598991,1136,185126
99598991,99600278,1287,39967
99600278,99600493,215,163381
99600493,99601591,1098,14976
99601591,99602380,789,133212
99602380,99603293,913,157243
99603293,99604551,1258,141721
99604551,99605903,1352,125943
99605903,99606994,1091,715
99606994,99607692,698,19208
99607692,99608969,1277,66470
99608969,99609426,457,170951
99609426,99610435,1009,130878
99610435,99611635,1200,20410
99611635,99612734,1099,48362
99612734,99613584,850,129979
99613584,99614778,1194,126737
99614778,99615841,1063,84121
99615841,99617131,1290,110238
99617131,99618348,1217,270778
99618348,99619517,1169,12546
99619517,99620260,743,127703
99620260,99621400,1140,46890
99621400,99622425,1025,72200
99622425,99623096,671,262291
99623096,99623738,642,120281
99623738,99624799,1061,73973
99624799,99625854,1055,47032
99625854,99626969,1115,138032
99626969,99628268,1299,279775
99628268,99629434,1166,127732
99629434,99630499,1065,128345
99630499,99631687,1188,16020
99631687,99632078,391,24515
99632078,99632840,762,186232
99632840,99634075,1235,121907
99634075,99635300,1225,135227
99635300,99635919,619,46890
99635919,99637228,1309,66016
99637228,99638443,1215,87280
99638443,99639662,1219,7591
99639662,99640733,1071,254918
99640733,99641944,1211,160953
99641944,99643299,1355,132272
99643299,99644548,1249,30105
99644548,99644883,335,44576
99644883,99646041,1158,135824
99646041,99646540,499,7894
99646540,99647786,1246,20410
99647786,99648887,1101,145733
99648887,99650107,1220,2777
99650107,99650817,710,91072
99650817,99651769,952,259009
99651769,99652958,1189,138289
99652958,99654218,1260,28384
99654218,99655469,1251,102240
99655469,99656516,1047,270778
99656516,99657703,1187,72200
99657703,99658230,527,141209
99658230,99659551,1321,66176
99659551,99660707,1156,57837
99660707,99661964,1257,72212
99661964,99662642,678,86039
99662642,99663792,1150,138901
99663792,99664143,351,47541
99664143,99665352,1209,5083
99665352,99666443,1091,163519
99666443,99667737,1294,133393
99667737,99668622,885,284269
99668622,99669732,1110,131003
99669732,99670685,953,58869
99670685,99671774,1089,99157
99671774,99672999,1225,141320
99672999,99673815,816,294114
99673815,99675076,1261,7943
99675076,99676286,1210,144987
99676286,99677544,1258,132592
99677544,99678751,1207,118119
99678751,99679425,674,31629
99679425,99680610,1185,139797
99680610,99680805,195,95963
99680805,99681803,998,143483
99681803,99682214,411,89735
99682214,99683237,1023,132891
99683237,99684506,1269,281471
99684506,99685735,1229,137141
99685735,99686934,1199,119295
99686934,99687955,1021,279229
99687955,99689088,1133,122863
99689088,99690134,1046,56777
99690134,99690936,802,150915
99690936,99692271,1335,128309
99692271,99693365,1094,294551
99693365,99694123,758,80656
99694123,99695404,1281,154697
99695404,99695917,513,11244
99695917,99697134,1217,157480
99697134,99698148,1014,284268
99698148,99699083,935,9920
99699083,99700043,960,6397
99700043,99700992,949,130876
99700992,99702115,1123,139717
99702115,99702597,482,288043
99702597,99703174,577,1536
99703174,99703985,811,129597
99703985,99705097,1112,134312
99705097,99706187,1090,122627
99706187,99707192,1005,170212
99707192,99708411,1219,130627
99708411,99709652,1241,301694
99709652,99710823,1171,9010
99710823,99712033,1210,123507
99712033,99713060,1027,8674
99713060,99714246,1186,21393
99714246,99715485,1239,82020
99715485,99716588,1103,121543
99716588,99717695,1107,139290
99717695,99717892,197,3967
99717892,99718279,387,61316
99718279,99719629,1350,39501
99719629,99720483,854,113336
99720483,99720794,311,142744
99720794,99720950,156,159228
99720950,99721877,927,276939
99721877,99722944,1067,220979
99722944,99724189,1245,132866
99724189,99725376,1187,134707
99725376,99726521,1145,177638
99726521,99726939,418,278220
99726939,99727792,853,113273
99727792,99729003,1211,121068
99729003,99730025,1022,155646
99730025,99731277,1252,148993
99731277,99731582,305,14526
99731582,99732686,1104,174960
99732686,99733940,1254,67592
99733940,99734941,1001,173230
99734941,99736113,1172,80690
99736113,99736882,769,63101
99736882,99738060,1178,8592
99738060,99739365,1305,113336
99739365,99740480,1115,296465
99740480,99741430,950,290363
99741430,99742438,1008,157243
99742438,99743446,1008,130974
99743446,99744404,958,185485
99744404,99745537,1133,10822
99745537,99746754,1217,56179
99746754,99747834,1080,101854
99747834,99748810,976,6171
99748810,99749425,615,279229
99749425,99750410,985,132882
99750410,99751594,1184,294697
99751594,99752508,914,92806
99752508,99753647,1139,141240
99753647,99754475,828,252342
99754475,99755518,1043,283242
99755518,99756376,858,101276
99756376,99757631,1255,40556
99757631,99758616,985,143946
99758616,99759607,991,73296
99759607,99760914,1307,258266
99760914,99762037,1123,73957
99762037,99763331,1294,12898
99763331,99764283,952,231862
99764283,99765175,892,143477
99765175,99765896,721,134660
99765896,99767068,1172,181420
99767068,99768285,1217,1532
99768285,99769487,1202,279856
99769487,99770488,1001,121669
99770488,99771715,1227,86679
99771715,99772961,1246,76974
99772961,99774082,1121,89880
99774082,99775306,1224,11734
99775306,99776204,898,121103
99776204,99777370,1166,155521
99777370,99777908,538,86732
99777908,99778829,921,271812
99778829,99780064,1235,43322
99780064,99781380,1316,64956
99781380,99782586,1206,182402
99782586,99783691,1105,129581
99783691,99783964,273,141135
99783964,99785151,1187,94522
99785151,99786320,1169,121080
99786320,99786815,495,178748
99786815,99787136,321,282385
99787136,99788289,1153,123500
99788289,99789452,1163,4731
99789452,99790699,1247,126739
99790699,99791958,1259,133273
99791958,99792549,591,296473
99792549,99793477,928,10642
99793477,99794520,1043,118119
99794520,99794874,354,276749
99794874,99796051,1177,398
99796051,99796488,437,3961
99796488,99797723,1235,7741
99797723,99798856,1133,149890
99798856,99799846,990,137588
99799846,99801040,1194,5710
99801040,99802319,1279,121760
99802319,99803444,1125,105167
99803444,99804737,1293,93277
99804737,99805744,1007,129623
99805744,99806966,1222,109185
99806966,99807546,580,141208
99807546,99808806,1260,128345
99808806,99809839,1033,98645
99809839,99810884,1045,121541
99810884,99812077,1193,134463
99812077,99813230,1153,126957
99813230,99814285,1055,300225
99814285,99815005,720,126739
99815005,99816156,1151,109173
99816156,99817273,1117,135894
99817273,99818426,1153,24731
99818426,99819531,1105,127521
99819531,99820595,1064,171107
99820595,99821058,463,169293
99821058,99822340,1282,74798
99822340,99823547,1207,142858
99823547,99824830,1283,287671
99824830,99825001,171,61316
99825001,99826291,1290,160952
99826291,99827352,1061,123215
99827352,99828543,1191,281132
99828543,99829396,853,160592
99829396,99830652,1256,46889
99830652,99831728,1076,64075
99831728,99832886,1158,44575
99832886,99833989,1103,41911
99833989,99835277,1288,291107
99835277,99836272,995,123506
99836272,99837404,1132,62347
99837404,99838557,1153,130103
99838557,99839764,1207,165702
99839764,99840730,966,130131
99840730,99841867,1137,68773
99841867,99843124,1257,4136
99843124,99844220,1096,184448
99844220,99844861,641,101265
99844861,99845899,1038,107627
99845899,99846515,616,9010
99846515,99847580,1065,30101
99847580,99848749,1169,141242
99848749,99849958,1209,156973
99849958,99851089,1131,13185
99851089,99852274,1185,290047
99852274,99853421,1147,186230
99853421,99854531,1110,130530
99854531,99855801,1270,98645
99855801,99857071,1270,150915
99857071,99858101,1030,135891
99858101,99859190,1089,126965
99859190,99860022,832,300234
99860022,99860309,287,149236
99860309,99861478,1169,133395
99861478,99862775,1297,9210
99862775,99863931,1156,64956
99863931,99864584,653,295761
99864584,99865724,1140,123998
99865724,99866831,1107,59288
99866831,99867952,1121,12539
99867952,99869001,1049,88483
99869001,99870107,1106,61356
99870107,99870530,423,132848
99870530,99871779,1249,61758
99871779,99872857,1078,126794
99872857,99874138,1281,101832
99874138,99874300,162,157857
99874300,99875465,1165,123172
99875465,99876683,1218,133279
99876683,99877950,1267,157236
99877950,99878448,498,130627
99878448,99879723,1275,132291
99879723,99880856,1133,15081
99880856,99881920,1064,36386
99881920,99883027,1107,127597
99883027,99883655,628,165387
99883655,99884752,1097,39910
99884752,99885703,951,291718
99885703,99885922,219,137614
99885922,99887050,1128,158081
99887050,99888276,1226,49750
99888276,99889075,799,69607
99889075,99890122,1047,29110
99890122,99891167,1045,123216
99891167,99891957,790,141235
99891957,99893176,1219,10798
99893176,99894145,969,135762
99894145,99894410,265,83706
99894410,99895395,985,49755
99895395,99896699,1304,112593
99896699,99897868,1169,109662
99897868,99899178,1310,175448
99899178,99899401,223,19214
99899401,99900023,622,141240
99900023,99901259,1236,134991
99901259,99902407,1148,58869
99902407,99903383,976,63713
99903383,99904494,1111,142363
99904494,99905759,1265,129659
99905759,99906788,1029,5757
99906788,99907947,1159,1562
99907947,99909192,1245,149939
99909192,99909842,650,39661
99909842,99911035,1193,138047
99911035,99912380,1345,129587
99912380,99913512,1132,154673
99913512,99914675,1163,126539
99914675,99915780,1105,57831
99915780,99917036,1256,110742
99917036,99917563,527,171138
99917563,99917993,430,274374
99917993,99919033,1040,134120
99919033,99919692,659,142858
99919692,99920879,1187,126233
99920879,99922139,1260,61422
99922139,99923143,1004,143307
99923143,99924340,1197,4479
99924340,99925633,1293,64738
99925633,99926836,1203,142363
99926836,99927914,1078,26894
99927914,99928247,333,147963
99928247,99929422,1175,83708
99929422,99930455,1033,107483
99930455,99931198,743,155948
99931198,99932398,1200,141248
99932398,99933641,1243,293663
99933641,99934860,1219,86045
99934860,99936050,1190,254948
99936050,99937263,1213,144135
99937263,99938208,945,131748
99938208,99938649,441,122614
99938649,99939930,1281,294700
99939930,99941056,1126,14526
99941056,99941594,538,24732
99941594,99942943,1349,129443
99942943,99944184,1241,187018
99944184,99945363,1179,4275
99945363,99946108,745,142311
99946108,99947273,1165,64588
99947273,99947728,455,72205
99947728,99948026,298,121528
99948026,99949216,1190,681
99949216,99950469,1253,91902
99950469,99951568,1099,143022
99951568,99952856,1288,86045
99952856,99953936,1080,97593
99953936,99954974,1038,156474
99954974,99956109,1135,277899
99956109,99957171,1062,128345
99957171,99958320,1149,140072
99958320,99959517,1197,71402
99959517,99959937,420,170950
99959937,99961054,1117,134830
99961054,99962236,1182,7371
99962236,99963452,1216,145703
99963452,99964699,1247,131751
99964699,99965422,723,10160
99965422,99966689,1267,138866
99966689,99967946,1257,135762
99967946,99969173,1227,13056
99969173,99970385,1212,63101
99970385,99970949,564,123190
99970949,99972034,1085,181961
99972034,99973246,1212,157088
99973246,99974157,911,117382
99974157,99975422,1265,178748
99975422,99976382,960,74797
99976382,99977431,1049,98645
99977431,99978415,984,52087
99978415,99979666,1251,73296
99979666,99980863,1197,286306
99980863,99981255,392,108005
99981255,99982322,1067,164187
99982322,99983600,1278,130900
99983600,99984774,1174,21393
99984774,99985965,1191,134170
99985965,99987092,1127,84122
99987092,99987932,840,4691
99987932,99988199,267,130876
99988199,99989410,1211,4275
99989410,99990543,1133,21498
99990543,99991886,1343,106366
99991886,99992975,1089,48032
99992975,99993830,855,48831
99993830,99994236,406,13364
99994236,99994529,293,61356
99994529,99995701,1172,143005
99995701,99996797,1096,63111
99996797,99997560,763,60800
99997560,99998830,1270,6176
99998830,99999667,837,98878
99999667,100000779,1112,102232
100000779,100002007,1228,5341
100002007,100003336,1329,14274
100003336,100004457,1121,89894
100004457,100005490,1033,294523
100005490,100005863,373,30119
100005863,100006968,1105,245687
100006968,100007825,857,129623
100007825,100009034,1209,105167
100009034,100010295,1261,95441
100010295,100011096,801,147159
100011096,100012254,1158,110061
100012254,100013364,1110,98645
100013364,100014420,1056,117382
100014420,100015453,1033,57416
100015453,100016561,1108,154671
100016561,100016792,231,39648
100016792,100017980,1188,1119
100017980,100019235,1255,233382
100019235,100020153,918,296395
100020153,100021024,871,56174
100021024,100022239,1215,126826
100022239,100023501,1262,10172
100023501,100023748,247,121331
100023748,100024789,1041,150127
100024789,100025988,1199,62516
100025988,100027127,1139,292347
100027127,100027836,709,126208
100027836,100028966,1130,176854
100028966,100030152,1186,143005
100030152,100031351,1199,157243
100031351,100032528,1177,171107
100032528,100033709,1181,284428
100033709,100034804,1095,167023
100034804,100035787,983,276735
100035787,100037027,1240,134434
100037027,100038212,1185,121331
100038212,100039225,1013,130977
100039225,100040422,1197,71531
100040422,100041625,1203,3967
100041625,100041876,251,39616
100041876,100042961,1085,3966
100042961,100044163,1202,132601
100044163,100045308,1145,293663
100045308,100046548,1240,67147
100046548,100047832,1284,121760
100047832,100048974,1142,130900
100048974,100050062,1088,39661
100050062,100051138,1076,57416
100051138,100052283,1145,135033
100052283,100052982,699,140072
100052982,100053813,831,127518
100053813,100054884,1071,147967
100054884,100056039,1155,143485
100056039,100057096,1057,150916
100057096,100058353,1257,127691
100058353,100059523,1170,87547
100059523,100060655,1132,110238
100060655,100061422,767,16002
100061422,100062625,1203,156474
100062625,100062834,209,26894
100062834,100064047,1213,14936
100064047,100064269,222,132499
100064269,100065323,1054,282985
100065323,100066437,1114,14976
100066437,100067687,1250,700
100067687,100068934,1247,124526
100068934,100070169,1235,149890
100070169,100071415,1246,10088
100071415,100072286,871,99124
100072286,100073204,918,11612
100073204,100074502,1298,10347
100074502,100074993,491,19361
100074993,100076202,1209,10673
100076202,100077384,1182,12544
100077384,100077794,410,164328
100077794,100079134,1340,98876
100079134,100080034,900,142279
100080034,100081216,1182,133447
100081216,100081954,738,101799
100081954,100082919,965,160187
100082919,100083894,975,80192
100083894,100084629,735,130093
100084629,100085756,1127,64738
100085756,100087065,1309,1532
100087065,100088371,1306,135892
100088371,100089572,1201,131226
100089572,100090830,1258,120277
100090830,100092005,1175,103126
100092005,100092491,486,9915
100092491,100092742,251,86026
100092742,100093924,1182,294551
100093924,100095134,1210,73961
100095134,100096351,1217,137739
100096351,100097553,1202,135892
100097553,100097805,252,117382
100097805,100098998,1193,124526
100098998,100100233,1235,120583
100100233,100101277,1044,124999
100101277,100102445,1168,132485
100102445,100103102,657,700
100103102,100104107,1005,4687
100104107,100105263,1156,40556
100105263,100106491,1228,230928
100106491,100107203,712,58845
100107203,100108360,1157,145138
100108360,100109578,1218,89880
100109578,100110396,818,150715
100110396,100111423,1027,163402
100111423,100112658,1235,134728
100112658,100113677,1019,87508
100113677,100114738,1061,75362
100114738,100115808,1070,44582
100115808,100116663,855,126945
100116663,100117958,1295,39967
100117958,100119275,1317,126220
100119275,100120400,1125,216563
100120400,100121282,882,77778
100121282,100122498,1216,68188
100122498,100123508,1010,131732
100123508,100124060,552,121024
100124060,100125261,1201,12707
100125261,100126519,1258,128344
100126519,100127481,962,147110
100127481,100128667,1186,143271
100128667,100129835,1168,170453
100129835,100130313,478,106611
100130313,100131080,767,141721
100131080,100132126,1046,127731
100132126,100132709,583,104890
100132709,100133112,403,1562
100133112,100134078,966,284445
100134078,100135396,1318,131256
100135396,100136465,1069,138074
100136465,100137568,1103,107627
100137568,100138718,1150,86679
100138718,100139869,1151,65772
100139869,100140998,1129,176660
100140998,100142250,1252,291718
100142250,100143286,1036,109176
100143286,100144423,1137,14674
100144423,100145466,1043,103126
100145466,100146615,1149,139336
100146615,100147158,543,101283
100147158,100147559,401,24731
100147559,100148590,1031,216564
100148590,100149463,873,145138
100149463,100150186,723,168199
100150186,100151442,1256,39660
100151442,100152512,1070,109658
100152512,100153679,1167,133217
100153679,100155008,1329,176270
100155008,100156113,1105,132717
100156113,100157290,1177,145088
100157290,100157691,401,5909
100157691,100157922,231,157859
100157922,100159089,1167,147627
100159089,100159933,844,72212
100159933,100161186,1253,187466
100161186,100162391,1205,135762
100162391,100163324,933,124990
100163324,100164565,1241,258250
100164565,100165591,1026,134463
100165591,100166948,1357,76973
100166948,100168063,1115,177641
100168063,100169389,1326,124547
100169389,100170021,632,161100
100170021,100171268,1247,107247
100171268,100172482,1214,185126
100172482,100173625,1143,304534
100173625,100174796,1171,126965
100174796,100176017,1221,132705
100176017,100176326,309,104890
100176326,100177537,1211,134463
100177537,100177773,236,9920
100177773,100178600,827,73961
100178600,100179639,1039,288044
100179639,100180838,1199,123215
100180838,100181526,688,44576
100181526,100182832,1306,115047
100182832,100183261,429,147967
100183261,100184208,947,163519
100184208,100185289,1081,128991
100185289,100186360,1071,102612
100186360,100187488,1128,130876
100187488,100188160,672,135020
100188160,100188703,543,5791
100188703,100189160,457,135897
100189160,100190028,868,158074
100190028,100191294,1266,107247
100191294,100191484,190,153733
100191484,100192747,1263,139035
100192747,100193898,1151,6557
100193898,100194460,562,139753
100194460,100195497,1037,148521
100195497,100196742,1245,9174
100196742,100197730,988,61316
100197730,100199044,1314,127525
100199044,100200299,1255,88484
100200299,100201428,1129,216564
100201428,100202503,1075,275885
100202503,100203826,1323,10160
100203826,100204907,1081,133447
100204907,100206121,1214,133834
100206121,100207308,1187,7944
100207308,100208544,1236,224
100208544,100208999,455,8890
100208999,100210319,1320,166423
100210319,100210584,265,140651
100210584,100210982,398,171134
100210982,100212099,1117,134312
100212099,100213327,1228,39481
100213327,100214506,1179,5791
100214506,100215525,1019,112592
100215525,100216749,1224,75810
100216749,100217885,1136,56574
100217885,100219023,1138,155968
100219023,100220176,1153,66166
100220176,100220935,759,85685
100220935,100222074,1139,87791
100222074,100223307,1233,157236
100223307,100224490,1183,121902
100224490,100225761,1271,12538
100225761,100226925,1164,124368
100226925,100228090,1165,139404
100228090,100229366,1276,185466
100229366,100230530,1164,8592
100230530,100231788,1258,123285
100231788,100232989,1201,270777
100232989,100234251,1262,185488
100234251,100235302,1051,64974
100235302,100235929,627,98645
100235929,100236955,1026,279229
100236955,100237989,1034,14653
100237989,100239135,1146,123506
100239135,100240210,1075,145701
100240210,100241515,1305,6397
100241515,100242013,498,13250
100242013,100242693,680,164188
100242693,100243742,1049,181961
100243742,100244838,1096,296473
100244838,100245205,367,127703
100245205,100245641,436,258986
100245641,100246849,1208,176270
100246849,100247444,595,134717
100247444,100248665,1221,126286
100248665,100249012,347,121103
100249012,100250117,1105,62558
100250117,100251112,995,135894
100251112,100252138,1026,157636
100252138,100253296,1158,158781
100253296,100254460,1164,140725
100254460,100255537,1077,130588
100255537,100255882,345,12538
100255882,100256927,1045,131732
100256927,100258190,1263,156757
100258190,100259147,957,138548
100259147,100260352,1205,103126
100260352,100261595,1243,138888
100261595,100262844,1249,169291
100262844,100263358,514,168626
100263358,100264557,1199,7944
100264557,100265908,1351,132291
100265908,100266963,1055,128345
100266963,100268161,1198,4690
100268161,100269284,1123,137141
100269284,100269995,711,143307
100269995,100270668,673,100045
100270668,100271849,1181,28868
100271849,100272772,923,147627
100272772,100273741,969,72212
100273741,100274839,1098,160187
100274839,100275008,169,139009
100275008,100275693,685,39477
100275693,100276785,1092,24515
100276785,100277982,1197,130878
100277982,100278249,267,134463
100278249,100279325,1076,168062
100279325,100280405,1080,94522
100280405,100281688,1283,127595
100281688,100282744,1056,72311
100282744,100283029,285,178449
100283029,100284190,1161,132850
100284190,100285080,890,8927
100285080,100286292,1212,122801
100286292,100287608,1316,142279
100287608,100288808,1200,291107
100288808,100290015,1207,134708
100290015,100290902,887,258954
100290902,100292106,1204,95963
100292106,100293335,1229,91906
100293335,100294120,785,216570
100294120,100295108,988,163402
100295108,100296181,1073,137614
100296181,100297385,1204,119253
100297385,100298638,1253,142727
100298638,100299808,1170,12544
100299808,100300970,1162,137483
100300970,100302071,1101,92805
100302071,100303282,1211,294554
100303282,100304450,1168,46267
100304450,100305671,1221,114476
100305671,100306911,1240,121392
100306911,100308121,1210,8592
100308121,100309160,1039,135022
100309160,100310314,1154,244443
100310314,100311522,1208,67584
100311522,100312576,1054,132485
100312576,100313777,1201,117095
100313777,100314930,1153,160958
100314930,100315373,443,295197
100315373,100316551,1178,212
100316551,100317894,1343,121446
100317894,100319131,1237,130227
100319131,100320244,1113,130164
100320244,100321496,1252,130625
100321496,100322674,1178,208
100322674,100323657,983,166433
100323657,100324800,1143,130489
100324800,100325965,1165,47030
100325965,100327054,1089,291172
100327054,100328113,1059,88086
100328113,100329372,1259,284444
100329372,100330663,1291,114469
100330663,100331606,943,133263
100331606,100332837,1231,85684
100332837,100333536,699,109658
100333536,100334290,754,43322
100334290,100335415,1125,68888
100335415,100336610,1195,155151
100336610,100337750,1140,25765
100337750,100338979,1229,300234
100338979,100340174,1195,122625
100340174,100341268,1094,102240
100341268,100342464,1196,134636
100342464,100343729,1265,26982
100343729,100344994,1265,145138
100344994,100346269,1275,65772
100346269,100347546,1277,156963
100347546,100348769,1223,49750
100348769,100349964,1195,157242
100349964,100350801,837,128991
100350801,100352041,1240,276730
100352041,100352528,487,148993
100352528,100353740,1212,138631
100353740,100354848,1108,67233
100354848,100355858,1010,19373
100355858,100356941,1083,296467
100356941,100358026,1085,141248
100358026,100358867,841,258283
100358867,100360102,1235,58845
100360102,100361263,1161,161714
100361263,100362575,1312,139291
100362575,100363838,1263,150469
100363838,100365065,1227,135657
100365065,100366070,1005,54667
100366070,100367376,1306,2503
100367376,100368400,1024,54666
100368400,100369609,1209,19132
100369609,100370565,956,290350
100370565,100371795,1230,71404
100371795,100373014,1219,65534
100373014,100374039,1025,104606
100374039,100374954,915,290923
100374954,100375800,846,162239
100375800,100376036,236,128761
100376036,100377195,1159,133447
100377195,100378268,1073,123602
100378268,100378503,235,269254
100378503,100379087,584,148550
100379087,100380173,1086,53458
100380173,100381160,987,50778
100381160,100382268,1108,108621
100382268,100383180,912,142363
100383180,100384334,1154,4690
100384334,100385615,1281,170438
100385615,100386577,962,282926
100386577,100387254,677,304535
100387254,100387943,689,138032
100387943,100388318,375,153728
100388318,100388839,521,104888
100388839,100389359,520,129393
100389359,100390622,1263,231834
100390622,100391745,1123,132707
100391745,100392780,1035,83633
100392780,100393839,1059,10801
100393839,100395015,1176,132782
100395015,100395856,841,41919
100395856,100397146,1290,65554
100397146,100397605,459,98878
100397605,100397916,311,125123
100397916,100398968,1052,74798
100398968,100399426,458,134121
100399426,100400674,1248,291170
100400674,100401799,1125,76974
100401799,100402924,1125,5776
100402924,100404057,1133,141174
100404057,100405282,1225,158081
100405282,100406361,1079,141571
100406361,100406970,609,70843
100406970,100407997,1027,39967
100407997,100409091,1094,104890
100409091,100410418,1327,246893
100410418,100411631,1213,9210
100411631,100412657,1026,126796
100412657,100413798,1141,233382
100413798,100414947,1149,36956
100414947,100415916,969,109180
100415916,100417053,1137,130977
100417053,100418177,1124,107520
100418177,100419312,1135,60801
100419312,100420557,1245,143948
100420557,100421369,812,16003
100421369,100422622,1253,14976
100422622,100423619,997,23281
100423619,100424782,1163,129994
100424782,100426075,1293,122806
100426075,100427106,1031,287357
100427106,100428270,1164,54666
100428270,100429164,894,5764
100429164,100430381,1217,9210
100430381,100431439,1058,139200
100431439,100432269,830,124549
100432269,100433523,1254,130164
100433523,100434730,1207,131732
100434730,100436101,1371,283462
100436101,100437042,941,61742
100437042,100438114,1072,86588
100438114,100439373,1259,270778
100439373,100440584,1211,175448
100440584,100441849,1265,11547
100441849,100442318,469,12332
100442318,100443461,1143,302000
100443461,100444504,1043,129317
100444504,100445645,1141,78193
100445645,100445882,237,157242
100445882,100446966,1084,8592
100446966,100447993,1027,106974
100447993,100448415,422,138063
100448415,100448960,545,258960
100448960,100449163,203,161714
100449163,100449607,444,126408
100449607,100450445,838,133273
100450445,100451576,1131,77778
100451576,100452669,1093,110705
100452669,100453660,991,173230
100453660,100454700,1040,57156
100454700,100455955,1255,6525
100455955,100456926,971,137483
100456926,100457922,996,144496
100457922,100459092,1170,14526
100459092,100460216,1124,124368
100460216,100461347,1131,121080
100461347,100461720,373,126480
100461720,100462911,1191,166433
100462911,100464080,1169,52088
100464080,100465177,1097,109179
100465177,100465896,719,9210
100465896,100466889,993,92805
100466889,100467902,1013,126826
100467902,100469189,1287,134434
100469189,100470486,1297,159228
100470486,100471581,1095,85640
100471581,100472775,1194,122863
100472775,100473863,1088,28465
100473863,100474965,1102,176263
100474965,100476151,1186,124439
100476151,100477342,1191,63713
100477342,100478427,1085,27593
100478427,100478666,239,19376
100478666,100478887,221,46243
100478887,100479884,997,174953
100479884,100481174,1290,145088
100481174,100482099,925,12895
100482099,100483260,1161,14897
100483260,100484305,1045,170212
100484305,100485542,1237,145733
100485542,100486758,1216,231836
100486758,100488090,1332,34483
100488090,100489278,1188,24732
100489278,100489551,273,129393
100489551,100490187,636,10327
100490187,100491262,1075,282385
100491262,100492509,1247,151776
100492509,100492834,325,258262
100492834,100494033,1199,8675
100494033,100494530,497,133834
100494530,100495716,1186,132800
100495716,100496979,1263,123133
100496979,100498192,1213,1188
100498192,100499281,1089,5417
100499281,100499951,670,135897
100499951,100501140,1189,77361
100501140,100502084,944,137106
100502084,100503064,980,1133
100503064,100504057,993,62851
100504057,100505280,1223,133442
100505280,100506610,1330,15307
100506610,100507582,972,166423
100507582,100508557,975,105673
100508557,100509712,1155,139336
100509712,100510805,1093,296468
100510805,100512066,1261,279856
100512066,100513156,1090,139612
100513156,100513836,680,1189
100513836,100514288,452,91801
100514288,100514640,352,164188
100514640,100515698,1058,170212
100515698,100516999,1301,245687
100516999,100518255,1256,37092
100518255,100518717,462,169619
100518717,100519972,1255,156977
100519972,100520228,256,46889
100520228,100521357,1129,39477
100521357,100522381,1024,73712
100522381,100522710,329,286306
100522710,100523853,1143,133424
100523853,100524817,964,293531
100524817,100526003,1186,69550
100526003,100527204,1201,128345
100527204,100528413,1209,109179
100528413,100529190,777,122810
100529190,100530262,1072,19214
100530262,100531573,1311,122828
100531573,100532623,1050,12538
100532623,100533628,1005,10674
100533628,100534801,1173,4275
100534801,100535056,255,156224
100535056,100536301,1245,163505
100536301,100537413,1112,9010
100537413,100538515,1102,66622
100538515,100539631,1116,137770
100539631,100540836,1205,161100
100540836,100541800,964,43306
100541800,100542778,978,126929
100542778,100544013,1235,14958
100544013,100544960,947,56777
100544960,100546205,1245,163381
100546205,100547462,1257,147968
100547462,100547803,341,137739
100547803,100548288,485,54006
100548288,100549158,870,133396
100549158,100549529,371,232057
100549529,100550184,655,6525
100550184,100551438,1254,161975
100551438,100552687,1249,66347
100552687,100553518,831,128990
100553518,100554672,1154,121415
100554672,100555766,1094,159228
100555766,100556946,1180,123172
100556946,100558133,1187,160187
100558133,100559304,1171,10822
100559304,100560533,1229,99156
100560533,100561510,977,134785
100561510,100561670,160,104491
100561670,100562488,818,87508
100562488,100563599,1111,139387
100563599,100564828,1229,6525
100564828,100565029,201,101883
100565029,100566020,991,258978
100566020,100567282,1262,258986
100567282,100568417,1135,130225
100568417,100569683,1266,139742
100569683,100570941,1258,13056
100570941,100572192,1251,258986
100572192,100573431,1239,87280
100573431,100574456,1025,157858
100574456,100575211,755,129623
100575211,100576186,975,121068
100576186,100577406,1220,134636
100577406,100578497,1091,174960
100578497,100579649,1152,93277
100579649,100580856,1207,13056
100580856,100581861,1005,176853
100581861,100583226,1365,169293
100583226,100584285,1059,63713
100584285,100585511,1226,122810
100585511,100586649,1138,76043
100586649,100587891,1242,19361
100587891,100589165,1274,171138
100589165,100590427,1262,159228
100590427,100591659,1232,8890
100591659,100592909,1250,281471
100592909,100594154,1245,121766
100594154,100595121,967,28465
100595121,100595505,384,24515
100595505,100596792,1287,132821
100596792,100597935,1143,45218
100597935,100599198,1263,294554
100599198,100600309,1111,159230
100600309,100601509,1200,101278
100601509,100602788,1279,132484
100602788,100603837,1049,126539
100603837,100604976,1139,176854
100604976,100606178,1202,138113
100606178,100607408,1230,132299
100607408,100608531,1123,304541
100608531,100609842,1311,104886
100609842,100610473,631,126600
100610473,100611094,621,13247
100611094,100612222,1128,64075
100612222,100613446,1224,54613
100613446,100614603,1157,125123
100614603,100615487,884,130125
100615487,100616708,1221,126859
100616708,100617823,1115,142824
100617823,100618940,1117,10172
100618940,100620149,1209,294523
100620149,100621316,1167,132069
100621316,100622497,1181,101289
100622497,100623157,660,125127
100623157,100623699,542,39481
100623699,100624134,435,3586
100624134,100625207,1073,20410
100625207,100626435,1228,63095
100626435,100627225,790,185485
100627225,100628511,1286,132485
100628511,100629612,1101,87508
100629612,100630678,1066,11077
100630678,100631751,1073,130529
100631751,100632008,257,41610
100632008,100633234,1226,293531
100633234,100634515,1281,169656
100634515,100635598,1083,58778
100635598,100636764,1166,59268
100636764,100637953,1189,108066
100637953,100639223,1270,176680
100639223,100640316,1093,126233
100640316,100641536,1220,156757
100641536,100642164,628,142727
100642164,100643370,1206,145088
100643370,100644661,1291,131259
100644661,100645799,1138,159227
100645799,100646263,464,57179
100646263,100647327,1064,224
100647327,100648526,1199,128344
100648526,100649863,1337,48830
100649863,100650997,1134,145145
100650997,100652020,1023,88086
100652020,100653172,1152,137770
100653172,100654396,1224,12332
100654396,100655652,1256,148529
100655652,100656924,1272,155968
100656924,100657565,641,44585
100657565,100658677,1112,130492
100658677,100659650,973,9919
100659650,100660889,1239,132484
100660889,100662162,1273,127704
100662162,100663213,1051,5758
100663213,100664406,1193,133471
100664406,100665671,1265,152262
100665671,100666392,721,296465
100666392,100667147,755,121413
100667147,100668336,1189,141148
100668336,100669330,994,127597
100669330,100670443,1113,131276
100670443,100670624,181,137627
100670624,100671973,1349,287358
100671973,100672719,746,68192
100672719,100673850,1131,14358
100673850,100674737,887,290349
100674737,100675983,1246,140931
100675983,100677050,1067,723
100677050,100677472,422,234100
100677472,100678679,1207,279363
100678679,100679648,969,139710
100679648,100680865,1217,278228
100680865,100682101,1236,127936
100682101,100683283,1182,156230
100683283,100684469,1186,149890
100684469,100685642,1173,231834
100685642,100686107,465,117382
100686107,100687386,1279,138617
100687386,100688685,1299,92427
100688685,100689906,1221,47239
100689906,100690948,1042,65772
100690948,100692050,1102,5416
100692050,100693213,1163,29120
100693213,100694363,1150,281187
100694363,100695270,907,288043
100695270,100696493,1223,12707
100696493,100697749,1256,138043
100697749,100698825,1076,10160
100698825,100699847,1022,94526
100699847,100700990,1143,39508
100700990,100702149,1159,122627
100702149,100703184,1035,126794
100703184,100704327,1143,160602
100704327,100705464,1137,11535
100705464,100706769,1305,293529
100706769,100707815,1046,185488
100707815,100709082,1267,86741
100709082,100710148,1066,60800
100710148,100711400,1252,6397
100711400,100712598,1198,136861
100712598,100713312,714,86765
100713312,100714329,1017,77782
100714329,100715606,1277,280250
100715606,100716738,1132,187005
100716738,100717743,1005,39967
100717743,100718976,1233,86679
100718976,100720139,1163,130504
100720139,100721410,1271,133279
100721410,100722457,1047,58025
100722457,100723456,999,10172
100723456,100724069,613,124439
100724069,100725124,1055,285135
100725124,100725930,806,121658
100725930,100727017,1087,114971
100727017,100728239,1222,7793
100728239,100729331,1092,292604
100729331,100730656,1325,133396
100730656,100731903,1247,291379
100731903,100733165,1262,85684
100733165,100734405,1240,41933
100734405,100735550,1145,137588
100735550,100735885,335,231837
100735885,100737159,1274,5417
100737159,100738409,1250,39913
100738409,100739500,1091,144485
100739500,100740779,1279,26520
100740779,100741759,980,122451
100741759,100742972,1213,121085
100742972,100744232,1260,10172
100744232,100745485,1253,133225
100745485,100746615,1130,47239
100746615,100746845,230,279852
100746845,100747781,936,3966
100747781,100748935,1154,113336
100748935,100749958,1023,161714
100749958,100751240,1282,163518
100751240,100752555,1315,126739
100752555,100753747,1192,113336
100753747,100755015,1268,28465
100755015,100756180,1165,135229
100756180,100756615,435,48579
100756615,100757501,886,123602
100757501,100758761,1260,15305
100758761,100760012,1251,23281
100760012,100761283,1271,135654
100761283,100762258,975,128990
100762258,100763456,1198,123133
100763456,100764661,1205,128145
100764661,100765915,1254,170212
100765915,100766301,386,59175
100766301,100767411,1110,150715
100767411,100767612,201,6524
100767612,100768886,1274,155972
100768886,100770111,1225,46890
100770111,100771258,1147,104717
100771258,100772469,1211,285135
100772469,100772827,358,136863
100772827,100773953,1126,129805
100773953,100774903,950,80665
100774903,100776114,1211,58763
100776114,100777197,1083,156724
100777197,100778261,1064,109185
100778261,100779423,1162,40556
100779423,100780255,832,44586
100780255,100781233,978,139361
100781233,100782498,1265,118112
100782498,100783357,859,84448
100783357,100784246,889,131704
100784246,100785526,1280,126794
100785526,100786687,1161,53638
100786687,100787538,851,99124
100787538,100787902,364,291101
100787902,100788231,329,139356
100788231,100788567,336,139307
100788567,100788848,281,107479
100788848,100789419,571,130625
100789419,100790680,1261,142363
100790680,100791802,1122,292604
100791802,100792998,1196,6506
100792998,100794180,1182,81870
100794180,100795136,956,170212
100795136,100795361,225,140718
100795361,100796486,1125,124999
100796486,100797505,1019,43322
100797505,100798258,753,47237
100798258,100799552,1294,122441
100799552,100800707,1155,187005
100800707,100801766,1059,5776
100801766,100802813,1047,110742
100802813,100803863,1050,143005
100803863,100804860,997,64717
100804860,100806097,1237,57836
100806097,100807244,1147,134786
100807244,100808410,1166,300225
100808410,100809519,1109,63713
100809519,100809692,173,131296
100809692,100810940,1248,121085
100810940,100812077,1137,151776
100812077,100813302,1225,276907
100813302,100814553,1251,11546
100814553,100815575,1022,92806
100815575,100816726,1151,232057
100816726,100817925,1199,82020
100817925,100819150,1225,54006
100819150,100819731,581,163607
100819731,100820036,305,124558
100820036,100821248,1212,121741
100821248,100822126,878,6541
100822126,100823390,1264,86708
100823390,100824590,1200,126794
100824590,100825451,861,168199
100825451,100826317,866,279849
100826317,100827059,742,153728
100827059,100828190,1131,112061
100828190,100829344,1154,19366
100829344,100830215,871,143484
100830215,100831414,1199,122626
100831414,100831881,467,130495
100831881,100833237,1356,54666
100833237,100834463,1226,157400
100834463,100835619,1156,124224
100835619,100836834,1215,121671
100836834,100837747,913,56574
100837747,100838933,1186,105405
100838933,100840111,1178,74797
100840111,100841371,1260,11535
100841371,100842189,818,40556
100842189,100843481,1292,91072
100843481,100844499,1018,135894
100844499,100845654,1155,105398
100845654,100846260,606,76044
100846260,100847450,1190,127694
100847450,100848651,1201,28247
100848651,100849740,1089,4731
100849740,100850941,1201,13364
100850941,100851341,400,47030
100851341,100852434,1093,39476
100852434,100853378,944,133396
100853378,100854025,647,121392
100854025,100855007,982,121543
100855007,100855936,929,64738
100855936,100857028,1092,9174
100857028,100858176,1148,139291
100858176,100858334,158,86710
100858334,100858526,192,128309
100858526,100859563,1037,291458
100859563,100859852,289,122443
100859852,100860909,1057,92420
100860909,100862066,1157,126312
100862066,100863023,957,110243
100863023,100864071,1048,135762
100864071,100864473,402,232057
100864473,100865579,1106,86679
100865579,100866720,1141,233366
100866720,100866919,199,61317
100866919,100868082,1163,88089
100868082,100869170,1088,123506
100869170,100869563,393,126794
100869563,100870640,1077,132882
100870640,100871774,1134,143005
100871774,100872932,1158,696
100872932,100873346,414,126480
100873346,100874343,997,169656
100874343,100874981,638,19366
100874981,100876214,1233,57837
100876214,100877105,891,681
100877105,100878085,980,278217
100878085,100878289,204,157242
100878289,100879556,1267,11077
100879556,100879912,356,162238
100879912,100880698,786,123192
100880698,100881267,569,157057
100881267,100882356,1089,156967
100882356,100883024,668,39616
100883024,100884254,1230,178149
100884254,100885250,996,140725
100885250,100886376,1126,176853
100886376,100887711,1335,139291
100887711,100888991,1280,142858
100888991,100890332,1341,132650
100890332,100891621,1289,123506
100891621,100892973,1352,131113
100892973,100894192,1219,81843
100894192,100895385,1193,122443
100895385,100896576,1191,132485
100896576,100896939,363,126959
100896939,100897892,953,39501
100897892,100899073,1181,28375
100899073,100900165,1092,291172
100900165,100900750,585,114476
100900750,100901663,913,136863
100901663,100902906,1243,168626
100902906,100903779,873,126945
100903779,100904812,1033,130505
100904812,100906043,1231,6397
100906043,100907137,1094,153958
100907137,100908098,961,59239
100908098,100908413,315,115968
100908413,100909541,1128,64713
100909541,100910207,666,140041
100910207,100911419,1212,139753
100911419,100911973,554,157066
100911973,100913068,1095,134160
100913068,100914055,987,132717
100914055,100915318,1263,130492
100915318,100916382,1064,138631
100916382,100917643,1261,164328
100917643,100918827,1184,681
100918827,100919092,265,134660
100919092,100920247,1155,172156
100920247,100920836,589,123215
100920836,100922006,1170,142320
100922006,100923017,1011,134170
100923017,100924064,1047,279363
100924064,100925331,1267,172156
100925331,100926417,1086,133395
100926417,100927604,1187,11546
100927604,100928837,1233,118112
100928837,100930010,1173,4136
100930010,100931318,1308,3582
100931318,100932606,1288,126861
100932606,100933236,630,160187
100933236,100934097,861,11244
100934097,100935264,1167,126932
100935264,100936136,872,130131
100936136,100937204,1068,178748
100937204,100938087,883,62516
100938087,100939326,1239,142744
100939326,100940382,1056,129066
100940382,100941502,1120,132300
100941502,100942027,525,127696
100942027,100943320,1293,126220
100943320,100944600,1280,10328
100944600,100945382,782,279153
100945382,100946079,697,130184
100946079,100947195,1116,80534
100947195,100948356,1161,44577
100948356,100949431,1075,12103
100949431,100949920,489,142744
100949920,100951030,1110,47030
100951030,100952086,1056,12971
100952086,100953322,1236,19366
100953322,100954534,1212,7622
100954534,100955639,1105,294554
100955639,100956323,684,157236
100956323,100957581,1258,131751
100957581,100958602,1021,26685
100958602,100958781,179,131040
100958781,100959794,1013,41166
100959794,100960764,970,274549
100960764,100961835,1071,140725
100961835,100962073,238,136863
100962073,100963183,1110,16020
100963183,100964294,1111,279775
100964294,100965332,1038,43322
100965332,100966620,1288,158074
100966620,100967563,943,128309
100967563,100968560,997,46588
100968560,100969680,1120,283138
100969680,100970731,1051,164327
100970731,100971878,1147,39971
100971878,100973082,1204,85685
100973082,100974137,1055,10347
100974137,100975166,1029,274549
100975166,100976428,1262,178748
100976428,100977617,1189,7574
100977617,100978847,1230,287139
100978847,100979399,552,10674
100979399,100980648,1249,39508
100980648,100981526,878,110238
100981526,100982790,1264,128636
100982790,100984135,1345,133424
100984135,100984715,580,61316
100984715,100985898,1183,13364
100985898,100987120,1222,149735
100987120,100987372,252,149739
100987372,100988465,1093,86039
100988465,100989438,973,89388
100989438,100990571,1133,293529
100990571,100991656,1085,141571
100991656,100992644,988,137141
100992644,100993112,468,140654
100993112,100993971,859,124439
100993971,100995149,1178,127732
100995149,100996184,1035,133227
100996184,100997223,1039,134728
100997223,100998037,814,66016
100998037,100998774,737,284428
100998774,100999429,655,279153
100999429,101000644,1215,133224
101000644,101001509,865,91801
101001509,101002738,1229,68361
101002738,101004031,1293,25765
101004031,101005318,1287,135657
101005318,101006578,1260,129066
101006578,101007788,1210,296078
101007788,101008861,1073,9342
101008861,101010148,1287,174992
101010148,101011388,1240,143307
101011388,101012503,1115,282934
101012503,101013367,864,122451
101013367,101013906,539,296465
101013906,101014890,984,168497
101014890,101016045,1155,40544
101016045,101016857,812,126292
101016857,101017288,431,134660
101017288,101018524,1236,158074
101018524,101019621,1097,6557
101019621,101020645,1024,160952
101020645,101021919,1274,67858
101021919,101022328,409,129597
101022328,101022707,379,27120
101022707,101023920,1213,110131
101023920,101024964,1044,142320
101024964,101026094,1130,292138
101026094,101027300,1206,270778
101027300,101027516,216,131113
101027516,101028557,1041,80656
101028557,101029756,1199,35926
101029756,101030687,931,176853
101030687,101031460,773,149236
101031460,101032588,1128,296473
101032588,101033683,1095,120318
101033683,101034806,1123,64713
101034806,101035911,1105,133212
101035911,101037089,1178,121799
101037089,101038252,1163,77782
101038252,101039215,963,31609
101039215,101040357,1142,170951
101040357,101041536,1179,169291
101041536,101042772,1236,155949
101042772,101043913,1141,104979
101043913,101045121,1208,13185
101045121,101046406,1285,112592
101046406,101047262,856,58193
101047262,101047727,465,111754
101047727,101048693,966,70837
101048693,101049916,1223,142824
101049916,101051129,1213,121446
101051129,101052063,934,176660
101052063,101053246,1183,129514
101053246,101054287,1041,12332
101054287,101055556,1269,73957
101055556,101056183,627,270778
101056183,101056994,811,164927
101056994,101058147,1153,62516
101058147,101059305,1158,124439
101059305,101059812,507,9919
101059812,101061037,1225,174953
101061037,101062037,1000,13364
101062037,101062994,957,169291
101062994,101064074,1080,58137
101064074,101065311,1237,132499
101065311,101066584,1273,109176
101066584,101067862,1278,87766
101067862,101068923,1061,114971
101068923,101070290,1367,178028
101070290,101070478,188,10344
101070478,101071680,1202,126319
101071680,101072978,1298,66622
101072978,101074112,1134,258960
101074112,101075366,1254,10988
101075366,101075691,325,157636
101075691,101076886,1195,156159
101076886,101077955,1069,91902
101077955,101079176,1221,135216
101079176,101080378,1202,109507
101080378,101081418,1040,73296
101081418,101082674,1256,185485
101082674,101083257,583,94522
101083257,101084534,1277,157236
101084534,101085745,1211,101580
101085745,101086525,780,26956
101086525,101087033,508,129587
101087033,101087673,640,39508
101087673,101087916,243,132532
101087916,101089190,1274,123500
101089190,101090471,1281,138074
101090471,101091573,1102,126796
101091573,101092832,1259,105179
101092832,101093818,986,55088
101093818,101095028,1210,126945
101095028,101095529,501,121722
101095529,101096633,1104,70919
101096633,101097822,1189,89735
101097822,101099107,1285,149033
101099107,101100340,1233,9174
101100340,101101531,1191,80197
101101531,101102725,1194,45218
101102725,101103992,1267,149738
101103992,101105293,1301,92812
101105293,101106303,1010,10702
101106303,101107547,1244,287357
101107547,101108608,1061,48362
101108608,101109696,1088,54016
101109696,101110824,1128,138042
101110824,101111897,1073,155972
101111897,101112974,1077,75362
101112974,101114144,1170,1070
101114144,101115191,1047,199
101115191,101116415,1224,130625
101116415,101117673,1258,220980
101117673,101118794,1121,8912
101118794,101119649,855,141209
101119649,101120907,1258,58845
101120907,101122211,1304,150715
101122211,101123415,1204,84010
101123415,101124548,1133,140718
101124548,101125731,1183,258263
101125731,101126836,1105,136280
101126836,101128008,1172,121907
101128008,101129274,1266,4136
101129274,101129817,543,164188
101129817,101131128,1311,295761
101131128,101132356,1228,124221
101132356,101133327,971,139009
101133327,101134357,1030,145701
101134357,101135572,1215,758
101135572,101136778,1206,126312
101136778,101137058,280,288044
101137058,101138307,1249,300343
101138307,101139583,1276,252341
101139583,101140838,1255,184448
101140838,101142095,1257,171137
101142095,101143363,1268,144965
101143363,101144559,1196,281131
101144559,101145806,1247,287139
101145806,101146705,899,142858
101146705,101147840,1135,124368
101147840,101148900,1060,61758
101148900,101150026,1126,11258
101150026,101150660,634,135894
101150660,101151816,1156,109663
101151816,101152888,1072,131295
101152888,101153885,997,110061
101153885,101154932,1047,56179
101154932,101155699,767,143005
101155699,101156930,1231,92202
101156930,101158048,1118,102238
101158048,101159018,970,121661
101159018,101160183,1165,61356
101160183,101161326,1143,133630
101161326,101161676,350,216567
101161676,101162928,1252,244431
101162928,101164032,1104,12926
101164032,101165136,1104,121671
101165136,101166122,986,9210
101166122,101167087,965,47030
101167087,101167894,807,152831
101167894,101168222,328,120281
101168222,101168317,95,182396
101168317,101169591,1274,135657
101169591,101170678,1087,129623
101170678,101171363,685,143895
101171363,101172144,781,294554
101172144,101173198,1054,142320
101173198,101173831,633,294113
101173831,101174842,1011,134728
101174842,101175861,1019,90852
101175861,101177055,1194,91801
101177055,101178289,1234,104886
101178289,101179454,1165,158781
101179454,101180718,1264,127694
101180718,101181969,1251,141644
101181969,101183217,1248,37090
101183217,101184418,1201,21305
101184418,101185577,1159,128309
101185577,101185966,389,61317
101185966,101187240,1274,282383
101187240,101188050,810,110128
101188050,101189238,1188,87547
101189238,101190224,986,271812
101190224,101191521,1297,75362
101191521,101192538,1017,117382
101192538,101193740,1202,156019
101193740,101194960,1220,231837
101194960,101196175,1215,141240
101196175,101196464,289,128669
101196464,101197676,1212,156154
101197676,101198948,1272,199
101198948,101200065,1117,234106
101200065,101201283,1218,4136
101201283,101202478,1195,138042
101202478,101203095,617,171139
101203095,101204301,1206,131228
101204301,101205487,1186,130544
101205487,101206640,1153,119295
101206640,101207021,381,111754
101207021,101207454,433,231862
101207454,101207849,395,131722
101207849,101209097,1248,122544
101209097,101210139,1042,137589
101210139,101211183,1044,124549
101211183,101212261,1078,258970
101212261,101213481,1220,2301
101213481,101214602,1121,11547
101214602,101215247,645,138042
101215247,101216362,1115,71401
101216362,101217274,912,291170
101217274,101218485,1211,184264
101218485,101219608,1123,142824
101219608,101220564,956,143361
101220564,101221658,1094,156967
101221658,101222899,1241,112187
101222899,101223061,162,135229
101223061,101224315,1254,25765
101224315,101225524,1209,176256
101225524,101226242,718,156720
101226242,101227440,1198,301694
101227440,101228559,1119,41919
101228559,101229697,1138,135229
101229697,101230402,705,39661
101230402,101231193,791,131748
101231193,101232438,1245,143307
101232438,101233604,1166,122944
101233604,101234847,1243,171107
101234847,101235374,527,129623
101235374,101235913,539,46890
101235913,101237120,1207,137483
101237120,101238124,1004,142318
101238124,101239417,1293,137628
101239417,101240635,1218,131732
101240635,101241715,1080,133273
101241715,101242760,1045,125140
101242760,101243013,253,134636
101243013,101244137,1124,134434
101244137,101245233,1096,156474
101245233,101246425,1192,143005
101246425,101247358,933,42637
101247358,101247797,439,285135
101247797,101248790,993,74798
101248790,101249702,912,169291
101249702,101250760,1058,131294
101250760,101251899,1139,292252
101251899,101253132,1233,32637
101253132,101254326,1194,44575
101254326,101255508,1182,7944
101255508,101256863,1355,132882
101256863,101258139,1276,182394
101258139,101259349,1210,46267
101259349,101260556,1207,143361
101260556,101261703,1147,110243
101261703,101262872,1169,126296
101262872,101263836,964,104394
101263836,101264342,506,6557
101264342,101265569,1227,166423
101265569,101266401,832,125882
101266401,101267572,1171,182396
101267572,101268705,1133,130545
101268705,101269936,1231,27593
101269936,101271062,1126,275212
101271062,101272255,1193,71420
101272255,101273575,1320,130492
101273575,101274620,1045,134149
101274620,101275795,1175,44577
101275795,101277125,1330,76973
101277125,101278288,1163,140651
101278288,101279436,1148,144987
101279436,101280716,1280,176278
101280716,101281385,669,157644
101281385,101282313,928,116804
101282313,101283144,831,16002
101283144,101284356,1212,46240
101284356,101285027,671,166420
101285027,101285347,320,3582
101285347,101286497,1150,95875
101286497,101287644,1147,3582
101287644,101288938,1294,124595
101288938,101290083,1145,147627
101290083,101290312,229,130093
101290312,101290675,363,105179
101290675,101291038,363,3586
101291038,101292283,1245,121024
101292283,101292730,447,142824
101292730,101293725,995,164461
101293725,101294962,1237,216563
101294962,101296045,1083,133220
101296045,101297257,1212,13185
101297257,101298452,1195,187466
101298452,101299527,1075,110742
101299527,101300696,1169,95441
101300696,101301976,1280,129443
101301976,101303092,1116,53458
101303092,101304036,944,181961
101304036,101305311,1275,139397
101305311,101306516,1205,156018
101306516,101307609,1093,184448
101307609,101308524,915,168062
101308524,101308989,465,48361
101308989,101310063,1074,134149
101310063,101311213,1150,19366
101311213,101312304,1091,121064
101312304,101313424,1120,131228
101313424,101314445,1021,160602
101314445,101314665,220,137618
101314665,101314837,172,141208
101314837,101315062,225,13250
101315062,101315613,551,82904
101315613,101316823,1210,126832
101316823,101317321,498,121741
101317321,101317700,379,126955
101317700,101318613,913,28384
101318613,101319206,593,129443
101319206,101319766,560,136054
101319766,101321005,1239,7622
101321005,101322179,1174,68888
101322179,101323510,1331,131735
101323510,101324541,1031,11533
101324541,101325228,687,54006
101325228,101326239,1011,30101
101326239,101327466,1227,32136
101327466,101328014,548,11079
101328014,101329288,1274,44937
101329288,101330025,737,278289
101330025,101330571,546,141208
101330571,101331729,1158,91801
101331729,101332455,726,28247
101332455,101333644,1189,110522
101333644,101334814,1170,12971
101334814,101336041,1227,258974
101336041,101336226,185,128344
101336226,101337113,887,150715
101337113,101338476,1363,42637
101338476,101339705,1229,270778
101339705,101340828,1123,292253
101340828,101341960,1132,129983
101341960,101343207,1247,110243
101343207,101344443,1236,175390
101344443,101345478,1035,94108
101345478,101346331,853,47030
101346331,101346671,340,123215
101346671,101347148,477,46890
101347148,101348176,1028,34478
101348176,101349404,1228,21393
101349404,101350451,1047,19214
101350451,101350768,317,13269
101350768,101351083,315,47237
101351083,101352394,1311,143477
101352394,101353356,962,95969
101353356,101354459,1103,170956
101354459,101355020,561,150915
101355020,101355311,291,129388
101355311,101356331,1020,143271
101356331,101357072,741,89880
101357072,101358349,1277,166436
101358349,101358725,376,34572
101358725,101359957,1232,149033
101359957,101361066,1109,35921
101361066,101362227,1161,294551
101362227,101363443,1216,156474
101363443,101364374,931,138042
101364374,101364700,326,60801
101364700,101365916,1216,19371
101365916,101366695,779,121080
101366695,101367667,972,87508
101367667,101368822,1155,58192
101368822,101369668,846,176698
101369668,101369968,300,137141
101369968,101370880,912,6541
101370880,101371652,772,12545
101371652,101372703,1051,159386
101372703,101373733,1030,31629
101373733,101374922,1189,132530
101374922,101375530,608,126929
101375530,101376716,1186,291609
101376716,101376999,283,134786
101376999,101378113,1114,123049
101378113,101379388,1275,171107
101379388,101379913,525,147967
101379913,101380936,1023,232057
101380936,101381593,657,58869
101381593,101382663,1070,137614
101382663,101383721,1058,149880
101383721,101383946,225,83696
101383946,101385131,1185,96498
101385131,101386261,1130,131004
101386261,101387420,1159,92915
101387420,101388697,1277,15304
101388697,101389830,1133,50777
101389830,101390986,1156,45218
101390986,101392077,1091,147963
101392077,101393242,1165,144999
101393242,101394314,1072,157830
101394314,101395260,946,244443
101395260,101396462,1202,67857
101396462,101397711,1249,126408
101397711,101398689,978,281132
101398689,101399839,1150,23311
101399839,101400268,429,13364
101400268,101401465,1197,133395
101401465,101402630,1165,125943
101402630,101403881,1251,287671
101403881,101404969,1088,95875
101404969,101405953,984,89894
101405953,101407243,1290,171139
101407243,101408443,1200,11243
101408443,101409802,1359,138045
101409802,101410032,230,22178
101410032,101411067,1035,125127
101411067,101412166,1099,171138
101412166,101413295,1129,131220
101413295,101414406,1111,156230
101414406,101415542,1136,113336
101415542,101416788,1246,110238
101416788,101418064,1276,5911
101418064,101419281,1217,123192
101419281,101420478,1197,56222
101420478,101421737,1259,115687
101421737,101422941,1204,26895
101422941,101424003,1062,126319
101424003,101425250,1247,126319
101425250,101426174,924,153728
101426174,101427377,1203,121727
101427377,101427967,590,102250
101427967,101429128,1161,158744
101429128,101430269,1141,279153
101430269,101431466,1197,84121
101431466,101432667,1201,113336
101432667,101433612,945,13256
101433612,101434469,857,140931
101434469,101435728,1259,160602
101435728,101436963,1235,149881
101436963,101438272,1309,278289
101438272,101439323,1051,29012
101439323,101440536,1213,64298
101440536,101441458,922,5776
101441458,101442342,884,362
101442342,101443555,1213,132291
101443555,101444676,1121,142362
101444676,101445910,1234,113273
101445910,101447084,1174,131228
101447084,101448339,1255,220980
101448339,101449628,1289,5083
101449628,101450553,925,12971
101450553,101451887,1334,130727
101451887,101452911,1024,101578
101452911,101454116,1205,18006
101454116,101455187,1071,6506
101455187,101456437,1250,138289
101456437,101457598,1161,136863
101457598,101458523,925,150127
101458523,101459492,969,1562
101459492,101460623,1131,86043
101460623,101461808,1185,133220
101461808,101462993,1185,130505
101462993,101464087,1094,139035
101464087,101465300,1213,64075
101465300,101465549,249,41933
101465549,101466774,1225,295446
101466774,101467413,639,153964
101467413,101468447,1034,296159
101468447,101469520,1073,96168
101469520,101470120,600,9174
101470120,101471271,1151,295761
101471271,101472518,1247,104491
101472518,101472691,173,44585
101472691,101473869,1178,58778
101473869,101474364,495,130229
101474364,101475593,1229,57831
101475593,101476561,968,81859
101476561,101477900,1339,129064
101477900,101478401,501,150715
101478401,101479542,1141,244443
101479542,101480664,1122,129659
101480664,101481652,988,130545
101481652,101482531,879,129752
101482531,101483754,1223,199
101483754,101484586,832,295759
101484586,101485741,1155,151817
101485741,101486917,1176,96672
101486917,101487956,1039,130728
101487956,101488277,321,1733
101488277,101489449,1172,156015
101489449,101490508,1059,252342
101490508,101491850,1342,94108
101491850,101492519,669,122451
101492519,101493655,1136,282934
101493655,101494842,1187,89940
101494842,101495954,1112,19208
101495954,101496673,719,132299
101496673,101497864,1191,138113
101497864,101499067,1203,111961
101499067,101500184,1117,41259
101500184,101501251,1067,34572
101501251,101502402,1151,69422
101502402,101503561,1159,143893
101503561,101504845,1284,231834
101504845,101505346,501,129440
101505346,101506209,863,32139
101506209,101506593,384,171108
101506593,101506865,272,129388
101506865,101507339,474,138045
101507339,101507706,367,76044
101507706,101508267,561,273050
101508267,101509180,913,142320
101509180,101509616,436,143321
101509616,101510860,1244,42637
101510860,101512107,1247,72311
101512107,101513257,1150,288043
101513257,101514397,1140,166423
101514397,101514758,361,5416
101514758,101515037,279,26853
101515037,101516173,1136,29090
101516173,101517412,1239,10988
101517412,101518432,1020,279856
101518432,101518672,240,32137
101518672,101519771,1099,132882
101519771,101520970,1199,107627
101520970,101522152,1182,143625
101522152,101523218,1066,149890
101523218,101523635,417,184264
101523635,101524862,1227,139035
101524862,101525909,1047,156224
101525909,101526860,951,86804
101526860,101527867,1007,147110
101527867,101528930,1063,126480
101528930,101530157,1227,124224
101530157,101531224,1067,142824
101531224,101532473,1249,92002
101532473,101533430,957,216563
101533430,101534617,1187,143893
101534617,101535318,701,62851
101535318,101536383,1065,159230
101536383,101537584,1201,92202
101537584,101538719,1135,112187
101538719,101539852,1133,63095
101539852,101540226,374,116797
101540226,101541282,1056,141148
101541282,101542404,1122,164328
101542404,101542840,436,231834
101542840,101543348,508,62516
101543348,101544601,1253,135826
101544601,101544860,259,19376
101544860,101546182,1322,283242
101546182,101547175,993,131203
101547175,101548011,836,10327
101548011,101548233,222,11077
101548233,101549363,1130,185436
101549363,101550387,1024,128990
101550387,101551696,1309,182389
101551696,101552841,1145,172165
101552841,101554036,1195,39476
101554036,101554992,956,44577
101554992,101556183,1191,61781
101556183,101557407,1224,145700
101557407,101558182,775,162238
101558182,101559115,933,154736
101559115,101559662,547,137627
101559662,101560865,1203,138074
101560865,101562127,1262,30106
101562127,101563381,1254,73958
101563381,101563582,201,139356
101563582,101564928,1346,139009
101564928,101566109,1181,9010
101566109,101567221,1112,138074
101567221,101568380,1159,133279
101568380,101569524,1144,102381
101569524,101570110,586,147193
101570110,101571097,987,75362
101571097,101571385,288,39501
101571385,101572632,1247,60480
101572632,101573633,1001,134148
101573633,101574883,1250,123190
101574883,101575632,749,156224
101575632,101575845,213,134991
101575845,101576944,1099,291170
101576944,101577684,740,121799
101577684,101578716,1032,290365
101578716,101579825,1109,70837
101579825,101580326,501,287139
101580326,101581483,1157,109174
101581483,101582610,1127,13056
101582610,101583619,1009,31089
101583619,101584600,981,39478
101584600,101585729,1129,12544
101585729,101586969,1240,123036
101586969,101588241,1272,135229
101588241,101589431,1190,142279
101589431,101590652,1221,169291
101590652,101591913,1261,173591
101591913,101593037,1124,101892
101593037,101593970,933,144986
101593970,101595175,1205,216570
101595175,101595591,416,25951
101595591,101596650,1059,142750
101596650,101597167,517,132272
101597167,101598306,1139,161101
101598306,101598572,266,699
101598572,101599657,1085,110056
101599657,101600857,1200,126947
101600857,101601872,1015,21498
101601872,101602923,1051,130164
101602923,101604019,1096,152842
101604019,101605198,1179,121382
101605198,101605987,789,262269
101605987,101607158,1171,31629
101607158,101607469,311,160188
101607469,101608672,1203,142311
101608672,101609892,1220,30105
101609892,101610292,400,39970
101610292,101611060,768,84357
101611060,101611582,522,105383
101611582,101612723,1141,1189
101612723,101613626,903,37999
101613626,101614789,1163,12085
101614789,101616001,1212,141135
101616001,101616961,960,155972
101616961,101618103,1142,156981
101618103,101619217,1114,135659
101619217,101620243,1026,136863
101620243,101620578,335,70843
101620578,101621723,1145,46267
101621723,101622939,1216,84122
101622939,101624110,1171,104978
101624110,101624410,300,114476
101624410,101625535,1125,130870
101625535,101626034,499,295761
101626034,101627160,1126,91801
101627160,101628054,894,245691
101628054,101628834,780,284433
101628834,101628946,112,292253
101628946,101630027,1081,124439
101630027,101630829,802,59175
101630829,101632045,1216,147159
101632045,101633156,1111,128660
101633156,101634323,1167,132645
