mel_spectro_start,mel_spectro_end,mel_spectro_length,sentence,speaker
0,219,219,SA1,MTRC0
219,434,215,SX68,FETB0
434,727,293,SA1,MEFG0
727,902,175,SI1694,MGAR0
902,1232,330,SX346,MDKS0
1232,1686,454,SI1447,MCAE0
1686,1923,237,SX68,FECD0
1923,2114,191,SX238,MHRM0
2114,2339,225,SI793,FCRZ0
2339,2614,275,SX88,MPFU0
2614,2867,253,SI1806,MGSH0
2867,3042,175,SX130,MPRT0
3042,3294,252,SA2,MTXS0
3294,3456,162,SX30,MCSS0
3456,3728,272,SI2167,FMMH0
3728,3977,249,SX377,MTKD0
3977,4182,205,SX157,MLSH0
4182,4467,285,SX341,MRML0
4467,4678,211,SI2069,MDHL0
4678,4860,182,SI1374,MEDR0
4860,5083,223,SX144,MMAB1
5083,5312,229,SI1772,MHXL0
5312,5572,260,SX330,MWEM0
5572,5779,207,SA2,FSMA0
5779,6008,229,SX169,FVKB0
6008,6281,273,SI1324,MLJH0
6281,6447,166,SX111,MJPG0
6447,6653,206,SI2235,MJFR0
6653,6809,156,SX90,MAEB0
6809,7080,271,SX54,MTLB0
7080,7388,308,SI1113,MRMS0
7388,7614,226,SX345,MTML0
7614,7830,216,SX264,MDLC2
7830,7960,130,SX177,MMDB0
7960,8266,306,SA1,MEWM0
8266,8746,480,SI1306,MDLB0
8746,9089,343,SI1712,FSSB0
9089,9434,345,SX333,MJWS0
9434,9599,165,SX177,MKLS0
9599,9780,181,SX237,FJEN0
9780,9984,204,SI1907,MSMC0
9984,10223,239,SX351,MDSS0
10223,10415,192,SI1922,MCDC0
10415,10591,176,SX35,FSDJ0
10591,10812,221,SX397,FKSR0
10812,11092,280,SX156,FSLS0
11092,11294,202,SI1931,FSRH0
11294,11540,246,SA2,FMEM0
11540,11734,194,SX112,MGAF0
11734,11986,252,SX423,MDPK0
11986,12307,321,SX367,MRKM0
12307,12584,277,SX122,FJHK0
12584,12919,335,SX336,MSJK0
12919,13128,209,SX325,MRXB0
13128,13309,181,SI1925,MDWH0
13309,13559,250,SI2060,MDMA0
13559,13764,205,SX358,FCLT0
13764,14045,281,SX122,FJKL0
14045,14204,159,SX27,MHJB0
14204,14454,250,SX326,MKAM0
14454,14760,306,SI2268,MRAV0
14760,14992,232,SI668,MRJM1
14992,15302,310,SI651,MBEF0
15302,15381,79,SI1658,MJMD0
15381,15588,207,SI877,MJXA0
15588,15998,410,SI637,MRKM0
15998,16367,369,SX166,MDKS0
16367,16571,204,SI1119,MHMR0
16571,16819,248,SX288,MJPM0
16819,17080,261,SI1875,FEAC0
17080,17330,250,SX401,MJDA0
17330,17524,194,SA2,MWGR0
17524,17762,238,SX52,FSDC0
17762,17973,211,SI487,FKSR0
17973,18348,375,SI805,FRLL0
18348,18593,245,SX248,FECD0
18593,18764,171,SX30,FKKH0
18764,18967,203,SX79,MRSP0
18967,19214,247,SI1831,MJKR0
19214,19393,179,SX441,MMWS1
19393,19581,188,SI1067,MPSW0
19581,19971,390,SI1271,FDAW0
19971,20311,340,SI2150,MMLM0
20311,20524,213,SX131,FJXM0
20524,20775,251,SX164,FRLL0
20775,20947,172,SI1238,MDMA0
20947,21125,178,SI1668,MMAM0
21125,21384,259,SI907,FMMH0
21384,21642,258,SX395,MPRB0
21642,21837,195,SX419,MSES0
21837,22030,193,SX186,FALK0
22030,22260,230,SA2,FHLM0
22260,22437,177,SX248,MJHI0
22437,22794,357,SX435,MJFR0
22794,22956,162,SX307,MJAC0
22956,23227,271,SX329,MSAH1
23227,23522,295,SX178,MADD0
23522,23763,241,SA2,MWAR0
23763,24026,263,SX178,FCLT0
24026,24229,203,SX302,FJKL0
24229,24446,217,SA2,FMKF0
24446,24647,201,SI1728,FSKP0
24647,25009,362,SX335,MRDM0
25009,25209,200,SI681,MMDM0
25209,25578,369,SX153,MMDM1
25578,25955,377,SX175,FHXS0
25955,26148,193,SX22,FLMC0
26148,26514,366,SX220,MJDE0
26514,26738,224,SA2,FTLG0
26738,27118,380,SI796,MWSH0
27118,27319,201,SX261,MPRD0
27319,27503,184,SX114,MPGH0
27503,27676,173,SX303,FNTB0
27676,28016,340,SI1255,MJMM0
28016,28202,186,SI2156,MSAT0
28202,28451,249,SX255,MJFR0
28451,28682,231,SA2,MSDS0
28682,28847,165,SX127,FCYL0
28847,29130,283,SI1778,FETB0
29130,29418,288,SX442,FBCG1
29418,29690,272,SX342,MESG0
29690,30100,410,SA1,MSFH0
30100,30286,186,SX78,MDBP0
30286,30585,299,SA1,MLEL0
30585,30778,193,SX399,MHMR0
30778,31020,242,SX60,MRVG0
31020,31258,238,SI515,FGMB0
31258,31427,169,SI652,MGAF0
31427,31663,236,SX362,MWCH0
31663,31921,258,SX18,FDNC0
31921,32144,223,SX448,MKAH0
32144,32356,212,SI1944,FSMM0
32356,32608,252,SX431,MMPM0
32608,32791,183,SX322,MJDG0
32791,33021,230,SA2,FEAR0
33021,33218,197,SX397,FCJF0
33218,33441,223,SI1042,MJDG0
33441,33646,205,SX159,FTAJ0
33646,33974,328,SI636,MDAS0
33974,34192,218,SX156,MAEO0
34192,34533,341,SI482,FEXM0
34533,34742,209,SX211,FCKE0
34742,34988,246,SX64,MLJH0
34988,35193,205,SI1769,MJJB0
35193,35452,259,SA2,MDCM0
35452,35742,290,SX435,MFRM0
35742,36085,343,SX331,MPMB0
36085,36303,218,SX234,MTLB0
36303,36487,184,SI1876,MLEL0
36487,36633,146,SX196,FNKL0
36633,36831,198,SX270,MSEM1
36831,37038,207,SA1,FDFB0
37038,37246,208,SA2,MJRH0
37246,37645,399,SI604,MDLM0
37645,37930,285,SI536,MZMB0
37930,38199,269,SA1,FSPM0
38199,38441,242,SX218,MRAB1
38441,38726,285,SX63,FSAG0
38726,38886,160,SX21,MJPG0
38886,39138,252,SI1505,FEME0
39138,39392,254,SA1,MGRP0
39392,39672,280,SX444,MJAE0
39672,39915,243,SX56,FDAW0
39915,40218,303,SI744,MEDR0
40218,40473,255,SA1,MCLM0
40473,40715,242,SA2,MMAA0
40715,41101,386,SI1428,MRCG0
41101,41440,339,SI945,MHBS0
41440,41798,358,SI682,MJAI0
41798,42156,358,SI2052,MRAI0
42156,42479,323,SX176,FPAD0
42479,42757,278,SI851,MGES0
42757,42981,224,SX300,FHLM0
42981,43252,271,SX222,MGAR0
43252,43457,205,SA2,MRWA0
43457,43733,276,SA1,FTBR0
43733,43973,240,SA2,MJEB1
43973,44231,258,SI806,MWDK0
44231,44432,201,SX111,FTBR0
44432,44593,161,SX42,MRPC1
44593,44852,259,SI1211,FJXM0
44852,45201,349,SI1342,MFXV0
45201,45482,281,SA2,FBAS0
45482,45782,300,SI1801,FSJS0
45782,45987,205,SI1955,FALR0
45987,46516,529,SI1432,FJRP1
46516,46699,183,SX300,MTAT0
46699,47017,318,SX58,FKLC1
47017,47212,195,SX340,MRLJ0
47212,47479,267,SX342,MRAI0
47479,47688,209,SI1862,MJBG0
47688,47920,232,SX24,FLAG0
47920,48085,165,SI2264,FMBG0
48085,48380,295,SX219,MHMR0
48380,48760,380,SI2021,MRJB1
48760,49078,318,SX181,MDAC0
49078,49277,199,SX238,MCAL0
49277,49536,259,SI699,FTAJ0
49536,49764,228,SA1,MEJL0
49764,49995,231,SX135,MHBS0
49995,50332,337,SA1,MEGJ0
50332,50509,177,SX31,MJKR0
50509,50729,220,SX443,MSMS0
50729,50949,220,SX376,MDWM0
50949,51222,273,SA1,MCRE0
51222,51360,138,SI2319,MKLR0
51360,51730,370,SX321,FDTD0
51730,52103,373,SA2,MPMB0
52103,52312,209,SI1575,MHBS0
52312,52634,322,SX431,MWAC0
52634,52853,219,SA1,MJPG0
52853,53080,227,SX45,MJRH0
53080,53199,119,SI557,MDWD0
53199,53386,187,SX31,MJWT0
53386,53668,282,SX256,MMAR0
53668,53908,240,SX260,MSDH0
53908,54121,213,SX85,MJWG0
54121,54270,149,SX27,FPAZ0
54270,54525,255,SI1320,MWEM0
54525,54859,334,SI2020,MTJU0
54859,55210,351,SX170,MTJG0
55210,55488,278,SA1,MGAW0
55488,55772,284,SX433,MRWA0
55772,56059,287,SA2,MDWH0
56059,56323,264,SX77,MEGJ0
56323,56442,119,SX231,MSRG0
56442,56588,146,SI1636,MDBB1
56588,56834,246,SX397,MKDD0
56834,57019,185,SX391,MJWT0
57019,57189,170,SX204,MBOM0
57189,57441,252,SX75,MTML0
57441,57807,366,SX349,FHLM0
57807,58107,300,SI1802,MGAW0
58107,58311,204,SA2,FLET0
58311,58601,290,SX424,MLJH0
58601,58840,239,SA1,FSDJ0
58840,59155,315,SI753,MTPG0
59155,59365,210,SX74,FRLL0
59365,59539,174,SX75,FJWB1
59539,59738,199,SX322,FSDC0
59738,60092,354,SI1756,MMAG0
60092,60338,246,SX340,MTXS0
60338,60478,140,SX187,FMJB0
60478,60728,250,SI2195,FDJH0
60728,61006,278,SX41,MKLW0
61006,61370,364,SI1692,MHMR0
61370,61591,221,SX35,MDWH0
61591,61854,263,SX17,MPRK0
61854,62117,263,SI990,MAEB0
62117,62332,215,SI1682,FJSK0
62332,62582,250,SX271,MTQC0
62582,62794,212,SI1774,MJRH1
62794,63105,311,SI609,MLBC0
63105,63315,210,SX296,MAKB0
63315,63431,116,SI2234,FSDC0
63431,63694,263,SI1442,MCEW0
63694,63955,261,SI1600,MTPR0
63955,64043,88,SX231,MKRG0
64043,64330,287,SA1,MBMA0
64330,64592,262,SA2,FDKN0
64592,64791,199,SA2,MCPM0
64791,64982,191,SA2,MDSS0
64982,65150,168,SX217,FCYL0
65150,65361,211,SX434,MTMN0
65361,65576,215,SI1893,FAJW0
65576,65816,240,SA1,MTMT0
65816,66124,308,SX430,MJRK0
66124,66364,240,SI1762,MFMC0
66364,66572,208,SI1874,FSAH0
66572,66918,346,SA1,FBMJ0
66918,67133,215,SX158,MDEM0
67133,67320,187,SA2,MDLM0
67320,67534,214,SA2,MDAC0
67534,67771,237,SA2,MJRH1
67771,68032,261,SX242,MJBG0
68032,68365,333,SI1326,MAEO0
68365,68560,195,SX204,MCPM0
68560,68790,230,SX418,FDFB0
68790,68953,163,SI1511,FDXW0
68953,69422,469,SI895,MJWG0
69422,69589,167,SI463,MJDE0
69589,69822,233,SX147,MTRT0
69822,70023,201,SA2,FPLS0
70023,70477,454,SI2131,MPMB0
70477,70871,394,SI1966,MMAR0
70871,71029,158,SI713,MMDS0
71029,71252,223,SX183,MILB0
71252,71627,375,SI1458,MRTC0
71627,71857,230,SA2,MRTC0
71857,72201,344,SI1433,MSMS0
72201,72392,191,SX182,MJXL0
72392,72579,187,SX344,MJAI0
72579,72825,246,SI1456,MCLM0
72825,73185,360,SX362,FSSB0
73185,73426,241,SI1974,FLHD0
73426,73635,209,SA2,MJJJ0
73635,73839,204,SI2321,MMPM0
73839,74120,281,SX212,FJKL0
74120,74352,232,SA2,MJDM0
74352,74547,195,SX33,MAPV0
74547,74858,311,SX437,MEGJ0
74858,75122,264,SX448,FGDP0
75122,75461,339,SX398,MSVS0
75461,75833,372,SI1455,MDJM0
75833,76015,182,SX296,FVMH0
76015,76244,229,SA1,MJDC0
76244,76440,196,SX390,MDTB0
76440,76547,107,SI2130,MREW1
76547,76831,284,SX451,FLAC0
76831,77053,222,SI750,MCSS0
77053,77296,243,SX376,MJLS0
77296,77463,167,SX33,MRLK0
77463,77573,110,SI1973,MMDS0
77573,77965,392,SX352,FEAR0
77965,78144,179,SI1171,FSJS0
78144,78270,126,SI1506,FJLG0
78270,78494,224,SA2,FKLH0
78494,78757,263,SI759,FMJU0
78757,78981,224,SX51,MMDM0
78981,79161,180,SX325,MWAR0
79161,79386,225,SX89,FJLG0
79386,79736,350,SA1,FSJS0
79736,80025,289,SA1,MDHL0
80025,80228,203,SX33,FTLG0
80228,80429,201,SA2,MJMD0
80429,80716,287,SI2037,MLNS0
80716,80871,155,SX177,MCHL0
80871,81214,343,SI861,MKRG0
81214,81452,238,SX262,MRGM0
81452,81828,376,SI661,FPAC0
81828,82092,264,SI687,MGRP0
82092,82235,143,SX257,FCJS0
82235,82493,258,SX179,FSKL0
82493,82684,191,SX303,MAPV0
82684,82931,247,SI751,MJWT0
82931,83257,326,SX333,MMDM1
83257,83525,268,SA1,MWDK0
83525,83877,352,SX432,MRAI0
83877,83994,117,SI1576,MPAR0
83994,84194,200,SX71,MMPM0
84194,84507,313,SX450,MSEM1
84507,84768,261,SX268,MPFU0
84768,85091,323,SI2187,FSGF0
85091,85348,257,SA1,FRJB0
85348,85517,169,SI914,MRJH0
85517,85778,261,SA2,MWAC0
85778,85974,196,SA2,MKRG0
85974,86249,275,SX414,FSMM0
86249,86504,255,SA2,FSJW0
86504,86727,223,SX222,MRPC1
86727,86948,221,SI1242,FCMG0
86948,87221,273,SI1873,FLMA0
87221,87522,301,SX439,MRSP0
87522,87890,368,SX362,MCEW0
87890,88140,250,SA2,FMJU0
88140,88389,249,SX265,MJWG0
88389,88900,511,SX438,FKFB0
88900,89123,223,SX79,FVKB0
89123,89310,187,SI2322,MWAD0
89310,89480,170,SA2,MMEA0
89480,89783,303,SA2,FLAG0
89783,90031,248,SI1027,FCJF0
90031,90242,211,SX337,MJXA0
90242,90512,270,SA1,FCJS0
90512,90706,194,SX252,FCMG0
90706,90930,224,SA1,FTAJ0
90930,91182,252,SA2,MTPP0
91182,91419,237,SX211,FDTD0
91419,91615,196,SX157,MJEE0
91615,91877,262,SA1,FLJD0
91877,92134,257,SA1,MJJJ0
92134,92306,172,SX266,MRFK0
92306,92593,287,SX301,MJWT0
92593,92946,353,SI1250,MKAM0
92946,93313,367,SI960,FPLS0
93313,93564,251,SI1740,MTAT0
93564,93767,203,SX187,MRKM0
93767,94162,395,SI575,MPRB0
94162,94403,241,SX84,MDLC2
94403,94641,238,SX417,MGRL0
94641,94837,196,SI1393,MWEM0
94837,95079,242,SX180,MDED0
95079,95363,284,SI1385,MTAS0
95363,95596,233,SX69,FMAH1
95596,95863,267,SX169,MRSP0
95863,96093,230,SX331,FLEH0
96093,96228,135,SX237,MBCG0
96228,96475,247,SX213,MAPV0
96475,96751,276,SX321,MRMB0
96751,97130,379,SX136,MGAK0
97130,97362,232,SI1509,FMAH1
97362,97588,226,SX112,MDSJ0
97588,97854,266,SX418,MRJT0
97854,98039,185,SI1277,MJJB0
98039,98240,201,SA2,FDXW0
98240,98440,200,SI2032,MRTJ0
98440,98646,206,SX198,FDNC0
98646,98851,205,SA1,MGRL0
98851,99028,177,SX277,FLET0
99028,99373,345,SI1854,MRAB0
99373,99602,229,SI1438,FCLT0
99602,99909,307,SI758,MMEA0
99909,100219,310,SI1485,MVRW0
100219,100592,373,SA1,MPRK0
100592,101007,415,SI2198,MSVS0
101007,101292,285,SA2,FKDE0
101292,101518,226,SA1,MRPC1
101518,101802,284,SI2007,FMEM0
101802,102040,238,SI599,MRBC0
102040,102209,169,SA2,MRPC1
102209,102441,232,SX392,FJHK0
102441,102623,182,SI1345,FTBW0
102623,102832,209,SX262,FBCG1
102832,103000,168,SI2094,FLAG0
103000,103198,198,SI597,MTRT0
103198,103393,195,SA2,MRMS0
103393,103633,240,SI2252,MWCH0
103633,103816,183,SX24,MEDR0
103816,104005,189,SX77,MKJO0
104005,104238,233,SX204,MMVP0
104238,104508,270,SX266,FSCN0
104508,104855,347,SI1951,MRAM0
104855,105055,200,SA2,MGAK0
105055,105299,244,SI626,FSCN0
105299,105523,224,SI1351,MCXM0
105523,105828,305,SX171,FLOD0
105828,106096,268,SI1605,MJFR0
106096,106327,231,SX421,MREM0
106327,106581,254,SA1,MHBS0
106581,106814,233,SX337,MLSH0
106814,107076,262,SI1797,MRDS0
107076,107267,191,SX248,FBLV0
107267,107495,228,SX315,FLMK0
107495,107826,331,SX178,MKAH0
107826,108131,305,SX310,MJDE0
108131,108307,176,SX157,MDSS1
108307,108497,190,SI1793,MJJJ0
108497,108758,261,SI1439,MDHL0
108758,109007,249,SX271,FDKN0
109007,109224,217,SA2,FTMG0
109224,109529,305,SX418,MCAL0
109529,109689,160,SX177,MRDS0
109689,109895,206,SX248,MTPP0
109895,110049,154,SI2227,MMAM0
110049,110539,490,SI871,MPMB0
110539,110820,281,SA2,MBAR0
110820,111053,233,SA1,FJWB1
111053,111212,159,SX177,FKLH0
111212,111421,209,SI1486,FGCS0
111421,111654,233,SI2289,MRSO0
111654,111890,236,SA1,MARC0
111890,112099,209,SX148,MCAL0
112099,112289,190,SX331,MGAG0
112289,112572,283,SX73,FAPB0
112572,112770,198,SA2,FSKP0
112770,113002,232,SI977,FCJS0
113002,113210,208,SA2,MSMC0
113210,113434,224,SX148,FKLC1
113434,113603,169,SI1987,MMEB0
113603,113959,356,SX327,MMEB0
113959,114246,287,SX449,MDHL0
114246,114406,160,SX241,MABC0
114406,114585,179,SI2331,MMWS1
114585,114891,306,SX174,FJSP0
114891,115165,274,SA1,MSMC0
115165,115352,187,SI1151,MMBS0
115352,115662,310,SX178,FGDP0
115662,115892,230,SI1684,FPAF0
115892,116153,261,SX60,MPEB0
116153,116338,185,SI588,MKDB0
116338,116692,354,SI1957,FCMM0
116692,116965,273,SA1,MJWT0
116965,117136,171,SI876,MMXS0
117136,117294,158,SX93,MILB0
117294,117502,208,SI1252,FEAR0
117502,117668,166,SX355,MGAW0
117668,117942,274,SX321,MTDB0
117942,118178,236,SA2,MJSR0
118178,118373,195,SI1565,FDJH0
118373,118558,185,SI2154,MJAE0
118558,118943,385,SI737,MADC0
118943,119165,222,SA2,MJRK0
119165,119340,175,SX255,FJWB1
119340,119456,116,SX17,MSDB0
119456,119706,250,SA2,FALK0
119706,119934,228,SI1671,MRLJ1
119934,120141,207,SX285,MHMG0
120141,120412,271,SX321,MRLJ1
120412,120612,200,SI717,MMRP0
120612,120900,288,SA1,MJRH1
120900,121144,244,SI1755,MJRH0
121144,121377,233,SA2,MGXP0
121377,121578,201,SA2,FSAK0
121578,121831,253,SA2,MPRD0
121831,122026,195,SX26,MRLR0
122026,122342,316,SI1507,MJXA0
122342,122744,402,SI864,MMAB1
122744,122932,188,SA1,MBSB0
122932,123240,308,SA1,FTMG0
123240,123567,327,SX120,MRJB1
123567,123755,188,SX86,FPAD0
123755,123996,241,SI1332,MESG0
123996,124217,221,SI762,FAEM0
124217,124396,179,SX86,MJLB0
124396,124573,177,SX405,MVRW0
124573,124823,250,SA1,MMLM0
124823,125066,243,SX163,FPMY0
125066,125321,255,SX41,MGES0
125321,125586,265,SI1246,MLEL0
125586,125803,217,SI1292,MCDC0
125803,126035,232,SA2,MDLB0
126035,126281,246,SA1,MBOM0
126281,126467,186,SI1074,MAJP0
126467,126875,408,SI1920,FKKH0
126875,127112,237,SX243,FPAZ0
127112,127320,208,SI1107,MJFH0
127320,127485,165,SX344,FSAH0
127485,127738,253,SA1,MRAB1
127738,128011,273,SX135,MJRP0
128011,128241,230,SX85,FHXS0
128241,128491,250,SX54,MRAB0
128491,128723,232,SI502,MFMC0
128723,128998,275,SA1,MJXL0
128998,129299,301,SX422,MKDB0
129299,129702,403,SI1339,FLAC0
129702,130073,371,SX449,MMWB0
130073,130349,276,SX277,MCAE0
130349,130521,172,SX157,MJXA0
130521,130821,300,SX167,FCJS0
130821,131076,255,SX331,FJLR0
131076,131242,166,SI1709,MMGG0
131242,131592,350,SX136,MDLB0
131592,131791,199,SI2182,FBJL0
131791,131921,130,SX207,MHJB0
131921,132137,216,SI2108,MRAB1
132137,132523,386,SX311,MJPM1
132523,132793,270,SI1471,FPAB1
132793,132999,206,SI1382,MDRD0
132999,133237,238,SX159,MDDC0
133237,133553,316,SI1050,MRDD0
133553,133890,337,SX324,MFXS0
133890,134017,127,SI1531,MBWP0
134017,134408,391,SI1328,MJHI0
134408,134715,307,SX288,FDNC0
134715,135009,294,SX76,MWSH0
135009,135325,316,SA1,FAJW0
135325,135579,254,SX272,MCEW0
135579,135889,310,SA1,MPRB0
135889,136045,156,SI1654,MEJL0
136045,136332,287,SX260,MDMA0
136332,136469,137,SI1861,FJLR0
136469,136683,214,SI899,FSKL0
136683,137170,487,SI523,FPMY0
137170,137458,288,SA1,FDNC0
137458,137732,274,SA1,FVMH0
137732,138264,532,SI1422,MLJH0
138264,138434,170,SI2092,MDSJ0
138434,138687,253,SA1,MMDM0
138687,138940,253,SA1,MBCG0
138940,139077,137,SX21,MRCW0
139077,139375,298,SI1998,MJPM0
139375,139515,140,SX31,MKRG0
139515,139775,260,SA2,MDLC0
139775,140016,241,SA2,MTKD0
140016,140219,203,SX116,FLKM0
140219,140481,262,SI1536,FMKF0
140481,140723,242,SX173,MMDS0
140723,141000,277,SX288,MRTC0
141000,141472,472,SI1163,MJJJ0
141472,141833,361,SX171,MPRD0
141833,142062,229,SX197,MSMC0
142062,142267,205,SA2,MDLR0
142267,142533,266,SI2046,FSKC0
142533,142681,148,SX197,MEAL0
142681,142957,276,SX107,MSMC0
142957,143260,303,SI1343,MMDS0
143260,143481,221,SX277,MGXP0
143481,143784,303,SX440,FMBG0
143784,143953,169,SX427,MDSS1
143953,144297,344,SI1051,FLEH0
144297,144538,241,SA1,MTPP0
144538,144749,211,SA1,MSAT0
144749,145047,298,SA1,MMWS0
145047,145323,276,SI605,MTPF0
145323,145477,154,SI1977,MCHL0
145477,145671,194,SX18,MJPM0
145671,145991,320,SI591,MSRG0
145991,146210,219,SI1122,FJXP0
146210,146454,244,SX56,FBCH0
146454,146701,247,SX114,FLAG0
146701,146967,266,SX426,MJRA0
146967,147184,217,SA1,MBEF0
147184,147493,309,SI1155,MFRM0
147493,147699,206,SX81,MPRD0
147699,147838,139,SX3,FAJW0
147838,148067,229,SX441,MPRD0
148067,148338,271,SX7,MRKM0
148338,148544,206,SX285,MDJM0
148544,148733,189,SA2,MKAG0
148733,148971,238,SX169,MKAG0
148971,149227,256,SX309,FCAJ0
149227,149407,180,SX86,MZMB0
149407,149580,173,SA2,FCJF0
149580,149782,202,SA2,MVRW0
149782,150073,291,SX350,FMBG0
150073,150271,198,SX386,MAKB0
150271,150466,195,SX148,MRJT0
150466,150672,206,SX91,MCXM0
150672,150875,203,SX308,MJMD0
150875,151044,169,SX445,MJMM0
151044,151373,329,SI589,MTRC0
151373,151604,231,SA2,FSJK1
151604,151937,333,SI1508,MTPP0
151937,152145,208,SX391,FDTD0
152145,152394,249,SX155,MBBR0
152394,152563,169,SX152,MMGK0
152563,152821,258,SA1,MTAT0
152821,153114,293,SI791,MRML0
153114,153370,256,SX222,MTAB0
153370,153706,336,SA1,FLKM0
153706,153919,213,SA2,MKES0
153919,154148,229,SI816,MNET0
154148,154375,227,SA2,FAEM0
154375,154606,231,SX129,FCAJ0
154606,154785,179,SI1837,MDAC0
154785,154957,172,SX64,MRLD0
154957,155323,366,SI1110,MTAT0
155323,155677,354,SI1134,MTLB0
155677,156008,331,SI790,MRLJ0
156008,156233,225,SX172,MTCS0
156233,156612,379,SI983,MHIT0
156612,156888,276,SA1,MMXS0
156888,157267,379,SI1519,MRJH0
157267,157481,214,SI1187,MTKD0
157481,157651,170,SX64,MDLM0
157651,157810,159,SX195,MDJM0
157810,158044,234,SA2,MRFL0
158044,158295,251,SX348,FCEG0
158295,158476,181,SA2,MWCH0
158476,158743,267,SX154,MLJH0
158743,159129,386,SI1816,FCDR1
159129,159287,158,SI1414,MKAJ0
159287,159573,286,SA1,FJSK0
159573,159779,206,SX69,FDML0
159779,159900,121,SI2244,MDLC2
159900,160128,228,SX302,MDMT0
160128,160336,208,SI2236,MWGR0
160336,160551,215,SX71,MJAC0
160551,160970,419,SI1152,FGRW0
160970,161189,219,SI1261,MDAC0
161189,161412,223,SX265,MGAW0
161412,161645,233,SX316,MSTF0
161645,161845,200,SX147,MLNS0
161845,162068,223,SX159,MLBC0
162068,162344,276,SX54,MFXS0
162344,162512,168,SX269,MDPS0
162512,162639,127,SX3,FPLS0
162639,162970,331,SI1419,MDDC0
162970,163216,246,SA1,MDLC2
163216,163383,167,SX287,MSDB0
163383,163666,283,SI1798,MADD0
163666,163939,273,SX292,FLMC0
163939,164098,159,SX157,MMAM0
164098,164318,220,SI512,MHXL0
164318,164523,205,SX270,MAEB0
164523,164796,273,SX241,MPMB0
164796,164993,197,SI1905,MRAM0
164993,165249,256,SX239,MJJB0
165249,165453,204,SA2,MSDH0
165453,165679,226,SI2071,MTQC0
165679,165922,243,SX67,MDSS1
165922,166134,212,SA2,MDPS0
166134,166295,161,SX116,FVMH0
166295,166506,211,SA2,FSMM0
166506,166717,211,SX444,MDLC2
166717,166871,154,SI2280,MJPM1
166871,167123,252,SX341,MJAC0
167123,167268,145,SI2306,FJLG0
167268,167472,204,SX213,FNTB0
167472,167729,257,SA1,MJRH0
167729,168044,315,SA1,MJAI0
168044,168545,501,SI1120,MJDE0
168545,168753,208,SX416,MTJM0
168753,169024,271,SX152,MHXL0
169024,169251,227,SI1676,FPJF0
169251,169452,201,SX147,MGRL0
169452,169735,283,SA1,MRJM0
169735,169997,262,SX337,MWRE0
169997,170236,239,SX402,FJXP0
170236,170464,228,SX416,MRGM0
170464,170654,190,SX63,MDPK0
170654,170891,237,SA2,MWRP0
170891,171062,171,SI815,FBMJ0
171062,171182,120,SI1641,FCAG0
171182,171376,194,SI480,MTQC0
171376,171643,267,SI1788,MDBP0
171643,171852,209,SX387,MJFH0
171852,172191,339,SI1313,MTLC0
172191,172422,231,SX211,FPAC0
172422,172730,308,SX422,MHXL0
172730,173058,328,SI1411,MAEB0
173058,173259,201,SX271,MCXM0
173259,173426,167,SI555,MJHI0
173426,173635,209,SA2,FLHD0
173635,173898,263,SA2,FCAJ0
173898,174113,215,SA1,MPSW0
174113,174306,193,SX399,MCTH0
174306,174493,187,SI1205,MPRB0
174493,174710,217,SX64,FSMS1
174710,175047,337,SI600,MPEB0
175047,175297,250,SA1,MESG0
175297,175500,203,SX222,FVFB0
175500,175762,262,SA1,MKAJ0
175762,176001,239,SA1,MJFH0
176001,176290,289,SX173,MHIT0
176290,176542,252,SX338,MJHI0
176542,176827,285,SX176,MJLB0
176827,177026,199,SI1871,FSPM0
177026,177254,228,SX7,FMMH0
177254,177535,281,SX438,FCEG0
177535,177798,263,SA1,MTJM0
177798,178172,374,SI959,FBCH0
178172,178414,242,SI2281,MRMH0
178414,178679,265,SX151,FJLR0
178679,178915,236,SX123,MTKP0
178915,179102,187,SI1790,FMBG0
179102,179303,201,SX26,MAKB0
179303,179585,282,SA1,MMDM1
179585,179810,225,SA2,MJFR0
179810,180039,229,SX382,FLMC0
180039,180248,209,SA2,FPJF0
180248,180488,240,SA2,FPAD0
180488,180789,301,SX286,MDBB1
180789,180956,167,SX415,FREH0
180956,181103,147,SX196,MJLS0
181103,181248,145,SI1794,FRJB0
181248,181416,168,SI2035,MMDG0
181416,181716,300,SX38,FKAA0
181716,181976,260,SX362,FTMG0
181976,182283,307,SI1226,MTJM0
182283,182579,296,SX327,MLNS0
182579,182744,165,SX59,MRBC0
182744,182970,226,SI1032,FVFB0
182970,183247,277,SX420,MPEB0
183247,183545,298,SA1,MDLB0
183545,183738,193,SA2,MGAW0
183738,183889,151,SI2314,FPAF0
183889,184031,142,SX207,MJFH0
184031,184247,216,SA2,MBMA0
184247,184446,199,SX402,MRPC1
184446,184842,396,SA1,MRML0
184842,185105,263,SI1366,MJRG0
185105,185326,221,SX201,MRCW0
185326,185704,378,SI834,FLAG0
185704,185928,224,SI2129,MPGR1
185928,186175,247,SI1297,FCYL0
186175,186552,377,SI1588,MMAA0
186552,186693,141,SX59,MSES0
186693,186906,213,SX147,FLET0
186906,187119,213,SI1737,MJFH0
187119,187368,249,SX450,MAEB0
187368,187598,230,SX356,MRFK0
187598,187982,384,SX335,FEME0
187982,188197,215,SX381,FEXM0
188197,188378,181,SI755,MTAS0
188378,188639,261,SA2,MSFV0
188639,188948,309,SX181,MCXM0
188948,189285,337,SI1752,FJXP0
189285,189587,302,SA2,MMRP0
189587,189841,254,SX442,FNKL0
189841,190054,213,SX197,MJJM0
190054,190387,333,SX336,MJRA0
190387,190682,295,SA1,MGJC0
190682,190948,266,SA2,FLJA0
190948,191288,340,SI1106,MMSM0
191288,191464,176,SX116,MRLR0
191464,191694,230,SX354,FMJF0
191694,191920,226,SX135,MVRW0
191920,192103,183,SX154,MRLD0
192103,192364,261,SX449,MDPS0
192364,192625,261,SI1325,FALR0
192625,192978,353,SI1076,MRFK0
192978,193372,394,SI658,FALK0
193372,193683,311,SX160,MEJS0
193683,193902,219,SX259,MFWK0
193902,194084,182,SA2,MSAH1
194084,194297,213,SX74,FSAH0
194297,194534,237,SI2219,MSES0
194534,194764,230,SI1914,MMVP0
194764,194984,220,SX393,MRLK0
194984,195197,213,SA2,MGSL0
195197,195405,208,SA2,MLBC0
195405,195684,279,SA1,FKDW0
195684,195960,276,SA2,MMDG0
195960,196150,190,SX405,MMGC0
196150,196375,225,SX326,MTJM0
196375,196611,236,SX106,MARW0
196611,196802,191,SA2,MFXV0
196802,197072,270,SX346,FLJD0
197072,197213,141,SI1607,FCJS0
197213,197562,349,SI516,FBMJ0
197562,197765,203,SI1976,FPAD0
197765,197866,101,SX237,MGRL0
197866,198128,262,SX264,MAJP0
198128,198355,227,SX302,MBTH0
198355,198599,244,SX38,MRAB1
198599,198813,214,SI1872,FCMG0
198813,199191,378,SI1889,FJLG0
199191,199479,288,SA2,FLMK0
199479,199716,237,SI585,MJRP0
199716,199941,225,SA1,FDXW0
199941,200052,111,SI1978,MEWM0
200052,200251,199,SX291,MDNS0
200251,200501,250,SA1,MDWD0
200501,200781,280,SX432,MTWH1
200781,201031,250,SA1,FJHK0
201031,201278,247,SA1,FLET0
201278,201482,204,SX387,MHJB0
201482,201644,162,SI2138,MTPP0
201644,201871,227,SX444,FLHD0
201871,202124,253,SX353,MJJJ0
202124,202405,281,SX248,MDEM0
202405,202603,198,SX339,MLBC0
202603,202877,274,SI558,MARC0
202877,203136,259,SA1,MREE0
203136,203355,219,SA1,MRVG0
203355,203615,260,SA2,FCYL0
203615,203929,314,SI1139,MJJB0
203929,204297,368,SX432,FCMG0
204297,204537,240,SX337,MVLO0
204537,204809,272,SX428,MKLN0
204809,204960,151,SX86,MSAT0
204960,205187,227,SX305,MMAA0
205187,205364,177,SX415,MJMA0
205364,205520,156,SI2062,FJRP1
205520,205728,208,SX436,MMAR0
205728,205906,178,SX106,MCLM0
205906,206193,287,SA1,FSBK0
206193,206337,144,SI1008,MRAV0
206337,206542,205,SX300,MRJB1
206542,206892,350,SI1098,FSKP0
206892,207156,264,SI1979,MDPS0
207156,207477,321,SA1,MSAS0
207477,207693,216,SA2,FTBW0
207693,207997,304,SX336,MAEO0
207997,208303,306,SX416,FBCH0
208303,208540,237,SX92,MJXL0
208540,208695,155,SI1533,MKLS0
208695,208912,217,SA2,MSJK0
208912,209149,237,SX235,MSMR0
209149,209539,390,SI2282,FJHK0
209539,209787,248,SA1,FMKC0
209787,210051,264,SA1,FLEH0
210051,210240,189,SX246,MMXS0
210240,210436,196,SA2,MAEO0
210436,210659,223,SA2,MKXL0
210659,210936,277,SX247,MDSS1
210936,211177,241,SX218,MRJM1
211177,211347,170,SX31,FPAC0
211347,211540,193,SX391,FPAC0
211540,211811,271,SA1,MGAK0
211811,211895,84,SX70,MMDG0
211895,212200,305,SI2151,MTDP0
212200,212400,200,SX285,MKLS1
212400,212657,257,SX76,MRFL0
212657,212968,311,SI1431,MPRD0
212968,213100,132,SX272,MAKR0
213100,213448,348,SX352,MJRG0
213448,213666,218,SI832,MDSJ0
213666,213905,239,SA1,MBBR0
213905,214047,142,SX70,MTXS0
214047,214270,223,SA2,MESG0
214270,214521,251,SX256,MWSH0
214521,214880,359,SI1075,FHXS0
214880,215080,200,SX245,FALR0
215080,215344,264,SX164,MJAI0
215344,215594,250,SA2,FKFB0
215594,215843,249,SX219,MCTH0
215843,216089,246,SI684,FSMM0
216089,216257,168,SX30,MRJB1
216257,216529,272,SX435,FJWB1
216529,216748,219,SX400,MDCM0
216748,217023,275,SX92,MSFV0
217023,217246,223,SA1,FVFB0
217246,217468,222,SI1655,MAEO0
217468,217708,240,SX338,MTPP0
217708,217954,246,SX419,MPGR1
217954,218161,207,SX448,MADD0
218161,218501,340,SI1616,MJLB0
218501,218650,149,SI1941,MMDM0
218650,218845,195,SX105,MRAM0
218845,219095,250,SI1025,FSJK1
219095,219322,227,SA2,FSJS0
219322,219640,318,SX439,MRJH0
219640,219864,224,SX424,MJRH1
219864,220171,307,SA1,MKLS1
220171,220420,249,SX232,FSDC0
220420,220641,221,SX411,MRLJ1
220641,220814,173,SX24,MCPM0
220814,221029,215,SA2,FJKL0
221029,221170,141,SI1274,MTDP0
221170,221405,235,SX164,FSAH0
221405,221595,190,SI1245,FEAC0
221595,221845,250,SX244,FSMS1
221845,222056,211,SI847,MTLC0
222056,222254,198,SX245,MDCD0
222254,222412,158,SI1881,MDSS0
222412,222656,244,SI1056,FSLS0
222656,222967,311,SX347,FRJB0
222967,223206,239,SI1982,MAKR0
223206,223518,312,SX58,MRJM0
223518,223828,310,SI655,MTJM0
223828,224017,189,SI1932,FJRB0
224017,224306,289,SA1,MMBS0
224306,224449,143,SI1827,FLHD0
224449,224839,390,SI2101,FPAB1
224839,225098,259,SX117,FMEM0
225098,225413,315,SX352,FMKC0
225413,225759,346,SI880,MJRK0
225759,225959,200,SA2,FJXP0
225959,226129,170,SA2,MSES0
226129,226336,207,SX69,MKLR0
226336,226601,265,SA1,MTKP0
226601,226783,182,SX71,FSPM0
226783,226986,203,SI1779,FDML0
226986,227152,166,SX150,FPLS0
227152,227495,343,SX435,MTML0
227495,227639,144,SI1158,MDBP0
227639,228051,412,SI1571,MKLW0
228051,228262,211,SX57,FLET0
228262,228474,212,SX240,MRVG0
228474,228633,159,SI2330,FLTM0
228633,228821,188,SI1865,MTPF0
228821,228967,146,SX93,MTRC0
228967,229157,190,SA2,MBSB0
229157,229442,285,SX165,MJFR0
229442,229678,236,SX355,FHXS0
229678,229909,231,SI1135,MCEF0
229909,230076,167,SX207,FLOD0
230076,230369,293,SA2,FBCG1
230369,230745,376,SI892,FNKL0
230745,231149,404,SX335,FGMB0
231149,231400,251,SX121,MJWT0
231400,231648,248,SA1,FBCG1
231648,231933,285,SX153,FPAZ0
231933,232130,197,SX263,MKES0
232130,232485,355,SI808,FCLT0
232485,232700,215,SX355,FKLC0
232700,232951,251,SX360,MDED0
232951,233134,183,SI1777,MVLO0
233134,233314,180,SX186,MNET0
233314,233666,352,SX251,MWAC0
233666,233945,279,SI789,MDDC0
233945,234143,198,SA2,MRAV0
234143,234470,327,SI1372,FLMC0
234470,234868,398,SI1429,MRSP0
234868,235075,207,SX334,FSMS1
235075,235220,145,SI2061,MPRD0
235220,235404,184,SI1262,MSFV0
235404,235630,226,SX272,MJXL0
235630,235872,242,SX219,FMJU0
235872,236139,267,SI1286,MJEB0
236139,236410,271,SA1,MESJ0
236410,236658,248,SI809,MDHL0
236658,236906,248,SA2,FDTD0
236906,237055,149,SX24,MPSW0
237055,237278,223,SX265,FHXS0
237278,237496,218,SA2,MRJT0
237496,237720,224,SX443,MHIT0
237720,237894,174,SX26,MJEB0
237894,238314,420,SI1395,MDLC0
238314,238490,176,SX132,MRPC1
238490,238851,361,SI663,MAPV0
238851,239218,367,SX251,MRML0
239218,239381,163,SX81,MMWS1
239381,239775,394,SI1202,FDKN0
239775,240011,236,SA2,MSAT1
240011,240223,212,SX168,MRCG0
240223,240437,214,SI2217,MBCG0
240437,240607,170,SI1689,MKLR0
240607,240735,128,SI2142,MTWH1
240735,241005,270,SX73,FSJW0
241005,241272,267,SA2,FBLV0
241272,241458,186,SX24,MREE0
241458,241682,224,SA2,MJKR0
241682,241902,220,SX62,MKDB0
241902,242228,326,SX382,MTJS0
242228,242489,261,SI1677,FJEN0
242489,242637,148,SI1167,MRDS0
242637,242854,217,SA2,MRMB0
242854,243135,281,SX250,MMDG0
243135,243528,393,SI1521,MTDP0
243528,243711,183,SI1028,MJMD0
243711,243940,229,SX182,MCEW0
243940,244185,245,SX222,FJRB0
244185,244405,220,SI1675,MWAR0
244405,244773,368,SI1908,FDNC0
244773,245069,296,SI2206,MPAR0
245069,245298,229,SX421,FKDE0
245298,245668,370,SX357,MSDS0
245668,245900,232,SI1691,MMPM0
245900,246156,256,SA1,MDKS0
246156,246373,217,SI898,MKAH0
246373,246582,209,SX144,FSMM0
246582,246820,238,SX235,MLJC0
246820,246989,169,SI757,MBTH0
246989,247371,382,SI524,MCDR0
247371,247600,229,SX219,MAFM0
247600,247962,362,SA1,MDWH0
247962,248194,232,SI2134,FSMS1
248194,248503,309,SI867,MGRL0
248503,248622,119,SI1470,FRJB0
248622,248806,184,SX163,FLMA0
248806,249063,257,SX141,MKRG0
249063,249300,237,SX221,FJXM0
249300,249570,270,SA1,MKAM0
249570,249796,226,SX40,MCLK0
249796,250067,271,SX245,MTPF0
250067,250336,269,SA1,MRSP0
250336,250552,216,SI1604,MJAI0
250552,250907,355,SI501,MSRR0
250907,251118,211,SX6,MDAS0
251118,251385,267,SI874,FSMS1
251385,251657,272,SI1964,FJDM2
251657,251857,200,SA2,MRCW0
251857,252053,196,SX405,MHBS0
252053,252276,223,SA1,MRLD0
252276,252524,248,SA2,MEWM0
252524,252804,280,SX54,FSMM0
252804,252996,192,SX273,MTBC0
252996,253253,257,SA2,FSLS0
253253,253503,250,SA1,MTJG0
253503,253868,365,SI771,MTDB0
253868,254099,231,SX240,MREW1
254099,254293,194,SI2146,FLJD0
254293,254456,163,SX225,MJRH0
254456,254737,281,SI807,MILB0
254737,254964,227,SX15,MEFG0
254964,255154,190,SI2135,FEME0
255154,255545,391,SI1145,FGMB0
255545,255732,187,SA2,MJPG0
255732,256021,289,SX212,FJHK0
256021,256213,192,SA2,MFRM0
256213,256459,246,SI1552,FBJL0
256459,256652,193,SI2296,MGAK0
256652,256923,271,SI2232,FMPG0
256923,257171,248,SX60,MPGR0
257171,257436,265,SX328,FKLC1
257436,257746,310,SI1377,FMEM0
257746,258019,273,SA1,MSJK0
258019,258238,219,SA1,MMWS1
258238,258530,292,SI1457,MJJM0
258530,258777,247,SX348,MMWS0
258777,258996,219,SA2,FSRH0
258996,259234,238,SX145,MLJC0
259234,259478,244,SX76,FLJD0
259478,259681,203,SX121,FCKE0
259681,259892,211,SA2,FSDJ0
259892,260141,249,SX351,MMWS1
260141,260416,275,SX338,FBLV0
260416,260674,258,SX250,MDLH0
260674,261029,355,SI1472,FBAS0
261029,261215,186,SI1017,MHJB0
261215,261489,274,SA1,MMAB1
261489,261707,218,SI1314,FSMM0
261707,261873,166,SX207,FMEM0
261873,262027,154,SX381,MBEF0
262027,262364,337,SI1466,FVMH0
262364,262569,205,SA2,MRJH0
262569,262756,187,SX386,MVJH0
262756,263027,271,SA1,MMEB0
263027,263409,382,SX181,MTQC0
263409,263667,258,SI708,MMCC0
263667,263933,266,SA1,MDLR0
263933,264181,248,SI1137,FLET0
264181,264308,127,SI1621,FSMA0
264308,264527,219,SI1563,MDEF0
264527,264677,150,SX3,FMBG0
264677,264868,191,SI1497,MGRL0
264868,265114,246,SX351,MJDC0
265114,265310,196,SX35,MMAA0
265310,265549,239,SI1023,MTKP0
265549,265749,200,SX64,MJRH1
265749,266051,302,SI541,FSJS0
266051,266289,238,SA2,MRXB0
266289,266521,232,SI1928,MRJM1
266521,266704,183,SX402,FVFB0
266704,267013,309,SI2056,MDBB1
267013,267392,379,SI1291,MJWT0
267392,267586,194,SA2,MTJM0
267586,267807,221,SX390,MTAT0
267807,268013,206,SI539,MBML0
268013,268218,205,SI621,MDSS0
268218,268456,238,SX52,MBMA0
268456,268619,163,SI1882,FEAR0
268619,269030,411,SI490,MJDE0
269030,269215,185,SX363,MBSB0
269215,269403,188,SI1661,MJDA0
269403,269642,239,SX39,MDLR1
269642,269917,275,SX398,MRJM1
269917,270162,245,SA1,FSDC0
270162,270365,203,SX46,MDLB0
270365,270584,219,SI971,MWAC0
270584,270783,199,SX131,FSRH0
270783,271176,393,SI792,MRAI0
271176,271330,154,SI1520,MTJG0
271330,271568,238,SA1,MBAR0
271568,271764,196,SI2155,MJWG0
271764,272034,270,SX417,MLNS0
272034,272174,140,SX257,MKJO0
272174,272454,280,SI849,FCAJ0
272454,272742,288,SI951,MRMB0
272742,273149,407,SI1464,FLAG0
273149,273450,301,SX448,MPFU0
273450,273618,168,SX16,MDBB1
273618,273876,258,SA1,MJDG0
273876,274209,333,SX120,FHLM0
274209,274467,258,SX15,MRAM0
274467,274696,229,SX285,MEFG0
274696,275076,380,SI879,FMAH1
275076,275412,336,SX160,MTXS0
275412,275669,257,SX167,MBJV0
275669,275888,219,SX61,MGAG0
275888,276071,183,SX377,MSDB0
276071,276292,221,SA1,FCEG0
276292,276584,292,SX117,FDMY0
276584,276824,240,SA2,MMDM1
276824,276905,81,SI2018,MMEA0
276905,277193,288,SX426,MAEO0
277193,277510,317,SX352,MTCS0
277510,277699,189,SX65,FALR0
277699,277976,277,SX437,MKJO0
277976,278305,329,SX116,MAKB0
278305,278636,331,SA2,MWRE0
278636,278837,201,SI1674,MFXS0
278837,279045,208,SI2158,MKAH0
279045,279323,278,SX423,FCAG0
279323,279677,354,SI1368,MJPM0
279677,279923,246,SX67,MMAM0
279923,280142,219,SX316,MSFH0
280142,280264,122,SI2144,MDLC1
280264,280544,280,SX153,MDLR0
280544,280791,247,SA2,FMAH1
280791,281052,261,SX340,MDLH0
281052,281382,330,SI1312,FSDC0
281382,281909,527,SI714,FDMY0
281909,282126,217,SX85,FKLC0
282126,282313,187,SA2,FCEG0
282313,282576,263,SI1638,MRAV0
282576,282865,289,SX122,MDRD0
282865,283168,303,SA1,FSGF0
283168,283567,399,SI837,MJEB1
283567,283828,261,SA1,MKAH0
283828,284067,239,SA1,MRFK0
284067,284233,166,SX81,MDSS0
284233,284565,332,SI955,MRXB0
284565,284886,321,SA1,MJSR0
284886,285051,165,SX381,MJPG0
285051,285190,139,SX307,MKDD0
285190,285332,142,SX72,MTWH1
285332,285611,279,SX164,MJSR0
285611,285886,275,SX341,MWAC0
285886,286297,411,SX349,MARW0
286297,286561,264,SI1235,MTPF0
286561,286826,265,SX212,MCDC0
286826,287061,235,SI893,MKDT0
287061,287229,168,SX300,MRMS0
287229,287423,194,SX271,MDAC0
287423,287709,286,SA2,FLKM0
287709,287869,160,SI1702,FMKC0
287869,288094,225,SX57,MTRT0
288094,288324,230,SA2,FHXS0
288324,288595,271,SX259,FVKB0
288595,288854,259,SX412,MRTJ0
288854,289169,315,SA2,FJEN0
289169,289333,164,SX393,MDEF0
289333,289675,342,SX166,MLEL0
289675,289837,162,SA2,MTPF0
289837,290090,253,SA2,FPMY0
290090,290404,314,SX309,MRSO0
290404,290668,264,SX122,FEEH0
290668,290838,170,SX127,MGSH0
290838,291092,254,SA1,MVJH0
291092,291214,122,SX59,MSAH1
291214,291462,248,SA1,MILB0
291462,291761,299,SX446,FSCN0
291761,292049,288,SX258,MRCG0
292049,292328,279,SX328,MRJM0
292328,292504,176,SX85,MGAW0
292504,292614,110,SI2141,FDXW0
292614,292765,151,SX225,MHBS0
292765,293009,244,SA2,MJWT0
293009,293263,254,SX375,MFXV0
293263,293421,158,SX125,MTAS0
293421,293495,74,SX70,MEJS0
293495,293718,223,SX238,MRJT0
293718,294092,374,SI1156,MRFL0
294092,294340,248,SA2,MADC0
294340,294510,170,SX445,MGAW0
294510,294761,251,SX226,MMAG0
294761,295088,327,SI988,FGDP0
295088,295337,249,SI1517,MKJO0
295337,295574,237,SI930,FHLM0
295574,295805,231,SX186,MRGS0
295805,296134,329,SI1410,MPGR0
296134,296314,180,SA2,MCDD0
296314,296652,338,SX251,MJAC0
296652,296820,168,SI1885,MJMM0
296820,297044,224,SI1799,MBML0
297044,297416,372,SI1300,FSAK0
297416,297565,149,SI2184,MMGC0
297565,297850,285,SX308,FKAA0
297850,297947,97,SI1949,MBAR0
297947,298231,284,SX343,FPMY0
298231,298441,210,SA2,MJRP0
298441,298616,175,SX225,FLMK0
298616,298868,252,SX443,MKDT0
298868,299150,282,SI2325,MTML0
299150,299550,400,SX327,FSAH0
299550,299715,165,SX237,MGRP0
299715,299906,191,SI1618,FGDP0
299906,300158,252,SA1,MDBB1
300158,300398,240,SX243,MMDM1
300398,300655,257,SA1,MJRA0
300655,300885,230,SX443,MSAT1
300885,301096,211,SX83,MKES0
301096,301247,151,SX182,MWCH0
301247,301429,182,SX42,MTAB0
301429,301609,180,SX86,MRFK0
301609,301959,350,SX327,MBCG0
301959,302073,114,SI1996,MJRG0
302073,302444,371,SI1079,MMGG0
302444,302641,197,SA2,MMCC0
302641,302894,253,SI711,MBGT0
302894,303255,361,SX67,MWRE0
303255,303477,222,SX240,MRDD0
303477,303643,166,SX384,MPGH0
303643,303866,223,SA2,FCJS0
303866,304024,158,SX17,MADC0
304024,304320,296,SI1082,FSSB0
304320,304522,202,SA2,MDCD0
304522,304777,255,SA2,MILB0
304777,304968,191,SX87,MCHL0
304968,305198,230,SA2,MTLB0
305198,305510,312,SA2,MRKM0
305510,305682,172,SX249,FTAJ0
305682,305878,196,SX308,MMEA0
305878,306081,203,SX158,MTPP0
306081,306236,155,SI2315,MBBR0
306236,306481,245,SX61,MREM0
306481,306758,277,SX220,MCLK0
306758,306975,217,SA2,FETB0
306975,307337,362,SI866,MDPB0
307337,307543,206,SI778,MMJB1
307543,307801,258,SX444,MAJP0
307801,308041,240,SA1,MREM0
308041,308247,206,SX361,FLAC0
308247,308500,253,SI885,MRHL0
308500,308741,241,SA1,FREH0
308741,308984,243,SI1408,MMJB1
308984,309247,263,SA1,FSAK0
309247,309634,387,SX167,MEGJ0
309634,309863,229,SX147,MBCG0
309863,309995,132,SX31,MRMH0
309995,310295,300,SA1,MPFU0
310295,310529,234,SA1,MSRG0
310529,310769,240,SA2,MRGS0
310769,311031,262,SA1,FSJK1
311031,311219,188,SX168,MNTW0
311219,311399,180,SX105,MDJM0
311399,311568,169,SX90,MDWD0
311568,311713,145,SX187,MMEB0
311713,311871,158,SI766,MSTF0
311871,312279,408,SI2230,MTPR0
312279,312569,290,SA1,MTXS0
312569,312786,217,SX395,FSJK1
312786,313112,326,SI509,MSMC0
313112,313266,154,SI645,MGAG0
313266,313545,279,SX234,MMRP0
313545,313810,265,SA1,FLMC0
313810,314072,262,SI2132,MKDB0
314072,314314,242,SX210,FHLM0
314314,314520,206,SX92,MWCH0
314520,314848,328,SA1,FMEM0
314848,315081,233,SX38,MJMD0
315081,315297,216,SA2,MHXL0
315297,315484,187,SI2100,MRMS0
315484,315705,221,SX235,MRXB0
315705,316000,295,SI1589,MSES0
316000,316200,200,SX117,MJEB1
316200,316462,262,SI1073,MSAT1
316462,316603,141,SX225,MVRW0
316603,316947,344,SI1380,MCSS0
316947,317315,368,SI598,MEFG0
317315,317483,168,SX17,MSMC0
317483,317734,251,SA1,MRDD0
317734,317929,195,SI2124,MMAB1
317929,318222,293,SA1,FBCH0
318222,318534,312,SX215,MDWH0
318534,318725,191,SX354,FLHD0
318725,318890,165,SI594,MRAB0
318890,319069,179,SX72,MRAI0
319069,319501,432,SI712,MTCS0
319501,319900,399,SI1516,FLJD0
319900,320111,211,SA2,FSAH0
320111,320368,257,SX402,MTAB0
320368,320564,196,SX182,FTMG0
320564,320765,201,SX416,FBMH0
320765,321058,293,SI1782,FGRW0
321058,321272,214,SI1693,FAPB0
321272,321450,178,SX254,MTMN0
321450,321634,184,SX421,MGAG0
321634,321952,318,SA1,MDLC0
321952,322194,242,SX144,MBMA1
322194,322407,213,SX40,MTJU0
322407,322691,284,SI1244,FSAH0
322691,323060,369,SX438,MRCG0
323060,323258,198,SI1748,MTMT0
323258,323517,259,SX392,MBTH0
323517,323719,202,SX245,MRDM0
323719,323957,238,SX129,MHMR0
323957,324185,228,SA1,MWGR0
324185,324351,166,SX225,MJRP0
324351,324557,206,SI2152,FNKL0
324557,324898,341,SA1,FGRW0
324898,325198,300,SI1287,FLOD0
325198,325519,321,SX350,MSDH0
325519,325776,257,SX376,FCDR1
325776,326023,247,SX111,FEXM0
326023,326313,290,SI1960,MDLH0
326313,326513,200,SA2,MJLG1
326513,326768,255,SX172,FEAR0
326768,326983,215,SX252,FGRW0
326983,327197,214,SI1995,MHMG0
327197,327310,113,SX202,MRWS0
327310,327545,235,SI956,FBCH0
327545,327663,118,SI1679,MSAH1
327663,327950,287,SI1388,MMEA0
327950,328150,200,SX146,MKAM0
328150,328408,258,SX129,FMJU0
328408,328601,193,SX412,FSDC0
328601,328758,157,SX266,MSAT0
328758,328891,133,SI552,MDPK0
328891,329134,243,SX433,MDWM0
329134,329365,231,SA2,MTAT1
329365,329640,275,SX428,FETB0
329640,329996,356,SX84,MJAE0
329996,330490,494,SI2066,FBAS0
330490,330779,289,SA1,MKDD0
330779,330987,208,SX395,FSDJ0
330987,331372,385,SI483,FTLG0
331372,331642,270,SI704,MRRE0
331642,331880,238,SX332,MEJL0
331880,332161,281,SX178,MPFU0
332161,332414,253,SX392,FEEH0
332414,332679,265,SA1,MDSS0
332679,332854,175,SX21,FTBR0
332854,333207,353,SA1,FJEN0
333207,333479,272,SX332,FJSK0
333479,333782,303,SX239,MTAT1
333782,333947,165,SI1513,MCDD0
333947,334172,225,SA1,MHJB0
334172,334424,252,SA1,MRAB0
334424,334678,254,SA1,MDAC0
334678,334943,265,SX142,MBMA0
334943,335175,232,SA2,MJAC0
335175,335410,235,SX91,FSJS0
335410,335742,332,SX244,MLJH0
335742,336086,344,SI1499,MPGR1
336086,336327,241,SA1,MMDS0
336327,336607,280,SX435,MRHL0
336607,336801,194,SA2,MPRT0
336801,337097,296,SA1,MHIT0
337097,337331,234,SI1613,MHIT0
337331,337643,312,SI984,MDLC2
337643,337865,222,SX378,MRAV0
337865,338020,155,SX196,MDBB1
338020,338213,193,SI1590,FPLS0
338213,338527,314,SA1,FCDR1
338527,338780,253,SA2,FLTM0
338780,339059,279,SX333,MDPK0
339059,339295,236,SA1,MTAS0
339295,339480,185,SA2,MJHI0
339480,339710,230,SI1557,FSGF0
339710,340028,318,SX232,FJDM2
340028,340150,122,SI2269,MTJU0
340150,340425,275,SX367,MGXP0
340425,340649,224,SA2,FMJB0
340649,340929,280,SA1,MJKR0
340929,341205,276,SA1,FKLH0
341205,341441,236,SX287,MSMC0
341441,341707,266,SX84,FLHD0
341707,342023,316,SI1892,MSFV0
342023,342253,230,SX213,FTLG0
342253,342501,248,SX142,FSDC0
342501,342803,302,SX439,FSBK0
342803,343078,275,SI1064,MTMN0
343078,343279,201,SX108,MJPM0
343279,343501,222,SX163,FCRZ0
343501,343842,341,SI1443,MWRP0
343842,344075,233,SX386,MMSM0
344075,344326,251,SX419,MRBC0
344326,344459,133,SI1699,FSBK0
344459,344656,197,SA2,MDEF0
344656,344999,343,SX449,MMGG0
344999,345258,259,SX358,FGDP0
345258,345528,270,SX60,MREW1
345528,345666,138,SI1475,MHRM0
345666,345872,206,SI1148,FETB0
345872,346106,234,SA2,MEGJ0
346106,346366,260,SA2,MAPV0
346366,346654,288,SA2,FGDP0
346654,346970,316,SX343,FAPB0
346970,347185,215,SX180,MDHS0
347185,347306,121,SI1706,MRFK0
347306,347595,289,SI533,MJJJ0
347595,347819,224,SX97,MRKM0
347819,348166,347,SI741,MRCW0
348166,348446,280,SX60,MWEM0
348446,348704,258,SI1253,MKES0
348704,348923,219,SA1,MDTB0
348923,349180,257,SA2,MRLR0
349180,349381,201,SX130,MCLK0
349381,349623,242,SX155,FALR0
349623,349906,283,SX88,FLJA0
349906,350267,361,SI710,MJAI0
350267,350422,155,SI1637,MSDB0
350422,350627,205,SX39,FCAJ0
350627,350910,283,SA1,MWRE0
350910,351090,180,SA2,MABC0
351090,351355,265,SA1,MTKD0
351355,351744,389,SX349,FVKB0
351744,351941,197,SI1879,MFWK0
351941,352227,286,SX343,FSJW0
352227,352341,114,SI1897,MJPM1
352341,352567,226,SI1642,MJLG1
352567,352778,211,SI1868,MDEM0
352778,353138,360,SI1402,FTBR0
353138,353309,171,SX22,MRWS0
353309,353524,215,SA2,FDAW0
353524,353769,245,SI1646,MAKB0
353769,353981,212,SX105,MKLS1
353981,354246,265,SX221,MCRE0
354246,354520,274,SX149,MRBC0
354520,354697,177,SA2,MAFM0
354697,354922,225,SX376,MJRG0
354922,355078,156,SX425,FALR0
355078,355246,168,SX252,MWAD0
355246,355435,189,SA2,MCLK0
355435,355700,265,SX417,MGRP0
355700,355876,176,SI721,MCXM0
355876,356103,227,SX52,MJDG0
356103,356317,214,SI1859,MRBC0
356317,356690,373,SA1,FMPG0
356690,357098,408,SA1,FSJG0
357098,357311,213,SI2012,MDRD0
357311,357484,173,SI2226,MSJK0
357484,357911,427,SI1068,MNTW0
357911,358106,195,SI1203,FNTB0
358106,358376,270,SI613,FLMA0
358376,358682,306,SX440,MTJG0
358682,358890,208,SA2,MWDK0
358890,359098,208,SX322,MFMC0
359098,359391,293,SX286,MDWM0
359391,359566,175,SX344,MTMN0
359566,359777,211,SI2335,FHXS0
359777,359995,218,SX419,MSAH1
359995,360213,218,SX37,FBAS0
360213,360480,267,SX439,FVKB0
360480,360621,141,SI786,FSKC0
360621,360830,209,SA2,MDNS0
360830,361208,378,SX350,FLTM0
361208,361423,215,SA2,FJSP0
361423,361646,223,SA2,FCMM0
361646,361912,266,SX338,FECD0
361912,362157,245,SA2,FECD0
362157,362374,217,SI468,FSKP0
362374,362635,261,SX449,FSKL0
362635,362856,221,SI2127,MGRL0
362856,363037,181,SX434,MJAI0
363037,363240,203,SA1,MAKR0
363240,363441,201,SX358,MPFU0
363441,363664,223,SX18,MTRR0
363664,363890,226,SX288,MRAV0
363890,364071,181,SX93,MTBC0
364071,364339,268,SX359,FSKL0
364339,364543,204,SX144,MRAB0
364543,364820,277,SA1,MGAR0
364820,365001,181,SX158,FBLV0
365001,365205,204,SX162,MTWH1
365205,365518,313,SX324,MRAB0
365518,365644,126,SX307,FBAS0
365644,365884,240,SX395,MMAA0
365884,366141,257,SA2,MSEM1
366141,366384,243,SX141,MRLJ1
366384,366628,244,SX81,MTDP0
366628,366964,336,SI1044,MRDM0
366964,367256,292,SI1071,MMWS1
367256,367457,201,SX254,MRRE0
367457,367704,247,SX267,MRDS0
367704,367904,200,SX393,MTPG0
367904,368170,266,SX211,FPAB1
368170,368392,222,SX151,MGAG0
368392,368601,209,SX46,MSTF0
368601,368804,203,SX429,MKLR0
368804,369050,246,SI1775,FGMB0
369050,369281,231,SX260,MTJG0
369281,369641,360,SA1,MJDE0
369641,369868,227,SX273,FAJW0
369868,370087,219,SA1,MMDB0
370087,370280,193,SX377,MEAL0
370280,370589,309,SA1,FGMB0
370589,370830,241,SX90,MSEM1
370830,371176,346,SI900,MDHS0
371176,371338,162,SX291,MJPG0
371338,371580,242,SX309,MAFM0
371580,371812,232,SX51,MSRR0
371812,371981,169,SX107,MSDB0
371981,372116,135,SI1660,MCLK0
372116,372345,229,SA2,MCSS0
372345,372779,434,SI1225,MLJC0
372779,373179,400,SX420,MWEM0
373179,373368,189,SI2317,MWRE0
373368,373845,477,SX421,MPMB0
373845,374148,303,SX332,MJBG0
374148,374359,211,SX15,MKXL0
374359,374631,272,SX220,MTJU0
374631,374911,280,SI1856,MTJM0
374911,375177,266,SI1767,FLET0
375177,375398,221,SX32,MCDC0
375398,375703,305,SA2,MRML0
375703,376094,391,SI1784,MCDR0
376094,376402,308,SA1,FDKN0
376402,376597,195,SI1514,FRLL0
376597,376776,179,SX242,MMGK0
376776,376988,212,SI887,MKJO0
376988,377260,272,SA2,MRTJ0
377260,377428,168,SI2221,FKDE0
377428,377697,269,SX88,MEWM0
377697,377872,175,SA2,MSAT0
377872,378084,212,SI1975,FTBW0
378084,378290,206,SX405,MJRP0
378290,378578,288,SI826,MCLM0
378578,378793,215,SI1727,MPRK0
378793,378984,191,SX235,MJMA0
378984,379170,186,SX325,MSMR0
379170,379443,273,SX259,MRJH0
379443,379758,315,SA1,MTAT1
379758,380046,288,SX348,MNTW0
380046,380330,284,SA2,MCEW0
380330,380764,434,SI1311,MMDM0
380764,380980,216,SA1,MVRW0
380980,381179,199,SI2163,MILB0
381179,381501,322,SX181,FSJS0
381501,381704,203,SX252,MRAI0
381704,382060,356,SI1815,MKXL0
382060,382241,181,SI765,MDLC0
382241,382529,288,SI1358,MMDB0
382529,382715,186,SA2,MKJO0
382715,382926,211,SX154,FSMS1
382926,383143,217,SX378,FSKP0
383143,383501,358,SI746,MSAS0
383501,383719,218,SX447,FKLH0
383719,383861,142,SI2015,MTAS0
383861,384204,343,SA1,MREH1
384204,384427,223,SI465,MEFG0
384427,384784,357,SI915,MKLS1
384784,385065,281,SX353,MKDT0
385065,385269,204,SX69,MDDC0
385269,385482,213,SX424,FPAF0
385482,385688,206,SA2,MTRC0
385688,386047,359,SX428,MDEM0
386047,386264,217,SX68,FBLV0
386264,386473,209,SA2,MTRT0
386473,386718,245,SA1,MDSJ0
386718,386979,261,SX129,MRSO0
386979,387153,174,SI474,FTAJ0
387153,387341,188,SA2,MBEF0
387341,387612,271,SA2,MCXM0
387612,387807,195,SI2202,MTAB0
387807,388064,257,SI1062,MWAD0
388064,388273,209,SI777,MLNS0
388273,388434,161,SA2,MAJP0
388434,388717,283,SA1,FSMS1
388717,388903,186,SX128,MRJM1
388903,389085,182,SX386,MJEB0
389085,389339,254,SX397,FCYL0
389339,389594,255,SA1,MRBC0
389594,389815,221,SI2143,MCDD0
389815,390000,185,SA2,MEDR0
390000,390327,327,SX142,FJDM2
390327,390561,234,SX97,MCAE0
390561,390851,290,SI1053,MDPK0
390851,391038,187,SI1766,FBMH0
391038,391222,184,SX427,MVLO0
391222,391503,281,SX258,MNTW0
391503,391813,310,SX441,MTDP0
391813,392130,317,SI572,MDMT0
392130,392512,382,SI1608,FKFB0
392512,392792,280,SX291,FEXM0
392792,393040,248,SA1,MKXL0
393040,393210,170,SA2,MGES0
393210,393410,200,SX226,MPAR0
393410,393662,252,SX449,MBML0
393662,393998,336,SI1776,FBMJ0
393998,394210,212,SX74,MCDR0
394210,394390,180,SA2,MRLJ1
394390,394577,187,SX51,MSRG0
394577,394794,217,SX239,MSES0
394794,395002,208,SI2137,MJXA0
395002,395275,273,SA2,MKLS0
395275,395466,191,SX51,MRLJ1
395466,395702,236,SA2,MTJG0
395702,395889,187,SA2,FEXM0
395889,396055,166,SI2243,MHIT0
396055,396296,241,SX339,MREH1
396296,396493,197,SX15,MFXV0
396493,396724,231,SX226,MSTF0
396724,396889,165,SX448,MEWM0
396889,397257,368,SI1048,FKLC1
397257,397462,205,SA2,FDML0
397462,397775,313,SI1298,MRJM1
397775,397976,201,SX310,MDCM0
397976,398292,316,SI2044,MKAJ0
398292,398512,220,SX431,FSPM0
398512,398840,328,SI1138,MCAL0
398840,399069,229,SA2,FSMS1
399069,399379,310,SI1751,MCRE0
399379,399568,189,SX305,FSDJ0
399568,399751,183,SX116,MMSM0
399751,400049,298,SX149,MBAR0
400049,400321,272,SI906,FMKF0
400321,400594,273,SA1,FCYL0
400594,400815,221,SA2,MHIT0
400815,401095,280,SX345,MGJC0
401095,401328,233,SX141,MSRG0
401328,401672,344,SI615,FEAC0
401672,401935,263,SX434,MJSR0
401935,402041,106,SI2068,FCLT0
402041,402315,274,SX423,FPAZ0
402315,402572,257,SX356,MZMB0
402572,402847,275,SX426,FSLS0
402847,403012,165,SX186,MWSB0
403012,403182,170,SX253,MRWA0
403182,403454,272,SA2,MGRP0
403454,403656,202,SX254,FRLL0
403656,403918,262,SX61,FLEH0
403918,404185,267,SX397,FBAS0
404185,404348,163,SX386,FVMH0
404348,404679,331,SX417,FJEN0
404679,404944,265,SA1,FCAJ0
404944,405131,187,SA2,FCAG0
405131,405395,264,SX433,FLMA0
405395,405736,341,SX438,MDSJ0
405736,405969,233,SI1409,MTAT1
405969,406167,198,SX376,MCLM0
406167,406375,208,SI1745,FSDJ0
406375,406562,187,SX255,MRHL0
406562,406830,268,SA1,MJHI0
406830,407041,211,SA2,MEJS0
407041,407253,212,SX197,MTKD0
407253,407383,130,SI1972,MTCS0
407383,407751,368,SI715,FTBW0
407751,407916,165,SA2,MPGH0
407916,408098,182,SX125,FSJK1
408098,408363,265,SA1,FMJF0
408363,408594,231,SI1284,MMVP0
408594,409052,458,SI650,MCLK0
409052,409258,206,SX180,MDWD0
409258,409553,295,SA2,MDKS0
409553,409758,205,SX57,MBCG0
409758,409960,202,SX35,FDJH0
409960,410343,383,SI938,MSVS0
410343,410491,148,SI1295,MADD0
410491,410766,275,SX439,MBWP0
410766,410951,185,SX90,MRMG0
410951,411230,279,SI1096,MJLS0
411230,411516,286,SX181,FSMA0
411516,411780,264,SA2,FJRP1
411780,411920,140,SI2328,MNTW0
411920,412412,492,SI1337,MEGJ0
412412,412772,360,SI980,MSDH0
412772,412948,176,SX116,MVJH0
412948,413275,327,SX181,FDKN0
413275,413506,231,SX7,MGXP0
413506,413727,221,SI2211,MRMB0
413727,413914,187,SA2,FREH0
413914,414133,219,SX66,FSLS0
414133,414310,177,SX305,MTAS0
414310,414584,274,SX122,MDMT0
414584,414847,263,SX243,FSAG0
414847,415094,247,SX434,MRRE0
415094,415260,166,SX26,FVMH0
415260,415526,266,SX171,MJDC0
415526,415745,219,SA2,MJJB0
415745,415964,219,SA2,FCRZ0
415964,416161,197,SX303,MTPG0
416161,416354,193,SA2,MMAM0
416354,416583,229,SX252,FMPG0
416583,416686,103,SI1878,FCEG0
416686,417101,415,SI1334,MRRE0
417101,417300,199,SX77,MPSW0
417300,417689,389,SX176,FSCN0
417689,417852,163,SX17,MJJM0
417852,418114,262,SX422,MPPC0
418114,418267,153,SX391,FCKE0
418267,418462,195,SX415,MSMR0
418462,418677,215,SX273,MWRP0
418677,418825,148,SI1764,MTLB0
418825,419168,343,SX174,MAJP0
419168,419335,167,SX65,MRDM0
419335,419617,282,SX450,MDED0
419617,419876,259,SX135,MDLC0
419876,420065,189,SX246,FSKC0
420065,420288,223,SX265,FTBW0
420288,420547,259,SX450,MDWD0
420547,420829,282,SX38,MSVS0
420829,421248,419,SI1278,FDNC0
421248,421431,183,SX24,MCRE0
421431,421720,289,SX359,FJLG0
421720,421956,236,SX22,FBJL0
421956,422226,270,SX418,MMJB1
422226,422439,213,SI1344,FLHD0
422439,422708,269,SX58,MHRM0
422708,422980,272,SX348,MMCC0
422980,423388,408,SI985,FKLC0
423388,423707,319,SX432,MESG0
423707,423939,232,SX330,FPLS0
423939,424199,260,SI2334,MAJP0
424199,424432,233,SX322,FJDM2
424432,424801,369,SX359,MMWB0
424801,425019,218,SX415,MLJC0
425019,425230,211,SX15,MHMG0
425230,425463,233,SA2,MJPM0
425463,425770,307,SX173,MKDT0
425770,426001,231,SI742,FLMC0
426001,426224,223,SX149,MSES0
426224,426394,170,SI896,MSAT0
426394,426668,274,SX340,MMDG0
426668,426981,313,SX164,MRRE0
426981,427250,269,SA1,MJEB0
427250,427480,230,SA2,MMAG0
427480,427802,322,SX312,FJRB0
427802,427971,169,SI1070,FLTM0
427971,428217,246,SX309,MHMR0
428217,428475,258,SA1,FJXP0
428475,428656,181,SX272,MWCH0
428656,428875,219,SX163,FSJW0
428875,429139,264,SA1,MJWS0
429139,429351,212,SI840,FTLG0
429351,429549,198,SI856,FGCS0
429549,429749,200,SA2,MKDT0
429749,429904,155,SX447,MMDB0
429904,430191,287,SA1,FBAS0
430191,430545,354,SA1,MMWB0
430545,430847,302,SX267,MKLS0
430847,431214,367,SX350,MDMA0
431214,431497,283,SX175,MGAW0
431497,431697,200,SX236,MKAM0
431697,431916,219,SX62,FJSK0
431916,432145,229,SA2,FRLL0
432145,432517,372,SI1381,MJWT0
432517,432840,323,SI954,MBMA1
432840,433126,286,SX301,MJKR0
433126,433342,216,SX297,FMEM0
433342,433563,221,SI1710,MRMG0
433563,433857,294,SX74,MJSR0
433857,434106,249,SX151,FKDE0
434106,434265,159,SX177,MMLM0
434265,434420,155,SX16,MCLM0
434420,434615,195,SX132,FJXP0
434615,434792,177,SX427,MJXA0
434792,434976,184,SX85,MJMM0
434976,435273,297,SX142,MFMC0
435273,435406,133,SI1492,MFER0
435406,435664,258,SX265,FKLC0
435664,435781,117,SI1983,MBSB0
435781,436055,274,SI1611,FLJG0
436055,436356,301,SI1383,MTPG0
436356,436558,202,SA2,FJLG0
436558,436771,213,SX145,MRXB0
436771,437050,279,SX82,FJRP1
437050,437325,275,SX367,FMJB0
437325,437450,125,SI2332,MRLJ1
437450,437747,297,SI581,FJXM0
437747,437958,211,SX387,FLOD0
437958,438320,362,SA1,MDEM0
438320,438530,210,SX361,FSJS0
438530,438732,202,SA2,MDLC2
438732,438969,237,SX266,FPAD0
438969,439095,126,SI2192,FJKL0
439095,439343,248,SA1,MKJO0
439343,439516,173,SI727,MMEB0
439516,439670,154,SI1615,FKLC0
439670,439835,165,SI1627,MTAT1
439835,439964,129,SI1948,FDFB0
439964,440145,181,SX334,MJRH1
440145,440313,168,SX125,FSDJ0
440313,440594,281,SX420,MRVG0
440594,440847,253,SX163,FAPB0
440847,441111,264,SX418,MRJM0
441111,441393,282,SX84,MGSL0
441393,441538,145,SX196,MRSP0
441538,441734,196,SI1697,MPSW0
441734,441953,219,SA2,MSTF0
441953,442194,241,SI1747,FKSR0
442194,442413,219,SA2,FSAG0
442413,442623,210,SX358,MADD0
442623,442894,271,SX359,MMGG0
442894,443251,357,SA2,MRCG0
443251,443488,237,SI2212,FJDM2
443488,443668,180,SX42,FAEM0
443668,443877,209,SA2,MCDR0
443877,444149,272,SX346,MLEL0
444149,444363,214,SX87,FKLH0
444363,444573,210,SI619,MFWK0
444573,444952,379,SI616,MLEL0
444952,445192,240,SX253,FAPB0
445192,445519,327,SI1404,MCHL0
445519,445894,375,SI614,FSAH0
445894,446083,189,SI1254,FMJF0
446083,446411,328,SX175,MJMM0
446411,446761,350,SX400,FSJG0
446761,447019,258,SX421,FLEH0
447019,447258,239,SX417,MTRT0
447258,447462,204,SX239,MSAH1
447462,447643,181,SA2,MJDC0
447643,448001,358,SI1741,FCKE0
448001,448303,302,SX286,MJRG0
448303,448708,405,SI1921,FPAC0
448708,448929,221,SX252,MTWH1
448929,449116,187,SA2,MJMM0
449116,449366,250,SA1,MRAV0
449366,449679,313,SA1,MRJB1
449679,449951,272,SX321,MDTB0
449951,450181,230,SX32,FEEH0
450181,450400,219,SX78,MNTW0
450400,450835,435,SI2077,MCAE0
450835,451012,177,SA2,MPAR0
451012,451180,168,SI1169,MBML0
451180,451539,359,SX6,MRGS0
451539,451851,312,SX437,FCJS0
451851,452120,269,SA1,MFXS0
452120,452324,204,SA1,MWAD0
452324,452603,279,SI2233,MRWA0
452603,452888,285,SX301,FPAB1
452888,453010,122,SI2342,FSSB0
453010,453234,224,SI1194,MCPM0
453234,453456,222,SX81,MBGT0
453456,453836,380,SI1840,MJRH0
453836,454144,308,SA1,MRAI0
454144,454330,186,SX73,FLMA0
454330,454570,240,SX330,MPEB0
454570,454758,188,SX210,MCSS0
454758,455116,358,SX324,MBMA1
455116,455330,214,SX266,MZMB0
455330,455605,275,SX258,FKFB0
455605,456005,400,SX333,FSAG0
456005,456252,247,SA2,FAPB0
456252,456620,368,SI785,MDCD0
456620,457000,380,SI2223,FPAZ0
457000,457144,144,SX307,MRJH0
457144,457391,247,SX267,MMLM0
457391,457654,263,SA1,MJRG0
457654,457884,230,SI456,FALK0
457884,458109,225,SI514,MJRH1
458109,458311,202,SX128,FKAA0
458311,458556,245,SX328,MHRM0
458556,458738,182,SX277,MRDD0
458738,459119,381,SI1467,MJEB1
459119,459515,396,SI1142,FCMG0
459515,459703,188,SX35,FSJK1
459703,460057,354,SX438,MDBP0
460057,460221,164,SX300,MDTB0
460221,460383,162,SI1884,FMJF0
460383,460638,255,SA1,MMCC0
460638,460898,260,SX162,MESG0
460898,461173,275,SX92,FSSB0
461173,461379,206,SX108,MRAV0
461379,461644,265,SA1,MAPV0
461644,462011,367,SI1104,MREE0
462011,462138,127,SI1652,FJHK0
462138,462316,178,SX276,MDAS0
462316,462584,268,SX232,MBMA0
462584,462776,192,SX241,MREM0
462776,463016,240,SI670,FSAK0
463016,463335,319,SA1,FMJB0
463335,463500,165,SX65,MDCD0
463500,463921,421,SX351,MTDP0
463921,464192,271,SX420,MREW1
464192,464383,191,SX401,MGES0
464383,464693,310,SA1,FHLM0
464693,464785,92,SX231,MRLJ1
464785,465036,251,SA1,FALR0
465036,465258,222,SX163,MRWA0
465258,465464,206,SX156,FSKC0
465464,465645,181,SI1687,MWRE0
465645,466114,469,SI531,MJDC0
466114,466327,213,SI2176,MDWM0
466327,466462,135,SX72,MESG0
466462,466702,240,SX123,FNTB0
466702,466859,157,SX257,MEGJ0
466859,467114,255,SX375,MRAM0
467114,467401,287,SI1570,FSJG0
467401,467611,210,SX144,MTLB0
467611,467936,325,SX311,FSRH0
467936,468192,256,SA2,FDJH0
468192,468548,356,SI2288,MJMD0
468548,468689,141,SX27,MJFH0
468689,468959,270,SA2,MLEL0
468959,469175,216,SA2,MCEF0
469175,469392,217,SI1546,MDWM0
469392,469691,299,SX206,MSAS0
469691,469916,225,SI580,MPRT0
469916,470166,250,SX399,MRSO0
470166,470509,343,SX161,MMBS0
470509,470766,257,SA1,MRJT0
470766,470928,162,SX57,MGRL0
470928,471115,187,SX66,MJRA0
471115,471351,236,SX77,FRJB0
471351,471563,212,SX400,MCLK0
471563,471772,209,SX213,MDEF0
471772,472197,425,SI582,MTMN0
472197,472465,268,SX201,FDAS1
472465,472679,214,SX198,MRTC0
472679,472840,161,SX195,MKXL0
472840,473040,200,SX273,FCMM0
473040,473245,205,SX197,MADC0
473245,473599,354,SX162,FGRW0
473599,473790,191,SX66,MMXS0
473790,473984,194,SX400,MPRT0
473984,474132,148,SI2002,FLMC0
474132,474349,217,SI2178,MTRR0
474349,474602,253,SX357,MMDB0
474602,474739,137,SI2040,MPGR0
474739,474915,176,SX316,MPAR0
474915,475162,247,SI1371,MRCW0
475162,475360,198,SI2063,MSMS0
475360,475586,226,SA2,FKKH0
475586,475872,286,SA1,MARW0
475872,476156,284,SA1,MTLB0
476156,476421,265,SX250,MTXS0
476421,476694,273,SX162,FCMG0
476694,476947,253,SX149,MSAH1
476947,477183,236,SX401,MJPM1
477183,477348,165,SX27,FSGF0
477348,477587,239,SA1,MRDS0
477587,477843,256,SA1,MGSL0
477843,477973,130,SX231,MMDM0
477973,478258,285,SI978,FKFB0
478258,478406,148,SI2165,MJDC0
478406,478605,199,SX305,FSJK1
478605,478880,275,SX430,MRLJ0
478880,479170,290,SI2006,MSAS0
479170,479426,256,SX411,MTDB0
479426,479673,247,SX316,MMAG0
479673,479878,205,SA2,MDJM0
479878,480109,231,SX411,MRMB0
480109,480326,217,SX243,MDPK0
480326,480517,191,SX39,MAFM0
480517,480772,255,SA1,FBMH0
480772,480968,196,SX236,FPJF0
480968,481196,228,SX56,MKAM0
481196,481417,221,SX328,FDFB0
481417,481703,286,SA1,FJSP0
481703,481934,231,SI1929,MDLR1
481934,482115,181,SX105,MFXV0
482115,482384,269,SA1,FKDE0
482384,482666,282,SI2307,FJEN0
482666,482868,202,SI1783,FPMY0
482868,483188,320,SI2065,MDLC1
483188,483376,188,SA2,MDLC1
483376,483586,210,SI662,MCDC0
483586,483787,201,SX211,MRMH0
483787,484094,307,SX164,MCDR0
484094,484356,262,SA2,MMVP0
484356,484666,310,SX440,MJDM0
484666,484906,240,SA1,MPGR0
484906,485114,208,SA2,MBCG0
485114,485323,209,SA2,FSPM0
485323,485504,181,SI2022,FAEM0
485504,485856,352,SI1401,MTDB0
485856,486135,279,SX41,MCRE0
486135,486343,208,SX89,MBML0
486343,486528,185,SX83,MMDS0
486528,486792,264,SX268,MADD0
486792,487063,271,SA1,MCDC0
487063,487274,211,SX213,MTKP0
487274,487518,244,SX179,MDHL0
487518,487711,193,SI1603,MRWA0
487711,487905,194,SI1191,MJPG0
487905,488202,297,SA1,FLTM0
488202,488407,205,SX255,MFRM0
488407,488580,173,SX447,MMLM0
488580,488824,244,SA2,MRJB1
488824,489070,246,SA2,MRRE0
489070,489324,254,SA2,FGMB0
489324,489542,218,SX148,MHRM0
489542,489795,253,SX337,MJEE0
489795,490133,338,SI467,MPRK0
490133,490331,198,SX78,FKFB0
490331,490454,123,SI1708,FLJA0
490454,490811,357,SX366,FEXM0
490811,491195,384,SX351,FLJG0
491195,491483,288,SA1,MDMA0
491483,491698,215,SX89,MDHL0
491698,491910,212,SX452,MAKR0
491910,492331,421,SI812,MCEW0
492331,492575,244,SA2,MBML0
492575,492840,265,SX130,MJDE0
492840,493023,183,SA2,FTAJ0
493023,493284,261,SA1,MSMS0
493284,493497,213,SX235,MCEF0
493497,493727,230,SX165,FJWB1
493727,493926,199,SI2309,MSAH1
493926,494153,227,SI1236,MJRA0
494153,494385,232,SX242,FJSK0
494385,494678,293,SI1336,MMAR0
494678,494867,189,SX425,FGMB0
494867,495170,303,SI1586,FBCH0
495170,495357,187,SA2,MDAS0
495357,495617,260,SX450,MCTM0
495617,495952,335,SI546,MGSH0
495952,496211,259,SA2,MJWG0
496211,496420,209,SX416,FDAW0
496420,496797,377,SI1356,MRGS0
496797,497028,231,SX40,FSAK0
497028,497349,321,SX395,MDWH0
497349,497621,272,SA1,FEEH0
497621,497792,171,SX322,MFER0
497792,497906,114,SI2049,MDDC0
497906,498081,175,SX198,MARC0
498081,498426,345,SX440,FLKM0
498426,498711,285,SX431,MMBS0
498711,498940,229,SX387,FSGF0
498940,499260,320,SI2277,MHJB0
499260,499397,137,SX257,MBJV0
499397,499797,400,SX41,FJXM0
499797,500221,424,SI969,MREH1
500221,500407,186,SX146,FPJF0
500407,500680,273,SI1598,MKLN0
500680,500857,177,SI2238,FKFB0
500857,501092,235,SA2,MJAE0
501092,501339,247,SX41,MJDA0
501339,501512,173,SX273,MILB0
501512,501714,202,SA2,MRFK0
501714,501946,232,SI693,FSAG0
501946,502283,337,SI1845,MJRP0
502283,502543,260,SI1524,MJAE0
502543,502814,271,SA1,FTBW0
502814,503225,411,SI2276,MAKB0
503225,503394,169,SX111,MBEF0
503394,503584,190,SX80,MJDM0
503584,503753,169,SX80,FMBG0
503753,504029,276,SX198,MJPM0
504029,504188,159,SX257,FRJB0
504188,504673,485,SI1016,MAKB0
504673,504907,234,SX179,MDPS0
504907,505130,223,SX129,MAFM0
505130,505325,195,SX257,MTER0
505325,505552,227,SA2,MDBP0
505552,505844,292,SX41,FSRH0
505844,505956,112,SX202,MGAF0
505956,506283,327,SX440,FLTM0
506283,506472,189,SI603,MDLR0
506472,506692,220,SI965,MRDM0
506692,507011,319,SX336,MMXS0
507011,507315,304,SI1007,MSDB0
507315,507582,267,SX121,MJKR0
507582,507873,291,SA1,MDRD0
507873,508060,187,SX87,MMLM0
508060,508298,238,SA1,FSKP0
508298,508508,210,SA2,MREM0
508508,508746,238,SX315,MJRH0
508746,508941,195,SX415,MWAR0
508941,509306,365,SX251,FSPM0
509306,509517,211,SX248,FETB0
509517,509815,298,SX149,MJJB0
509815,510082,267,SI2200,FSJG0
510082,510289,207,SX339,MKLR0
510289,510406,117,SI1719,FSRH0
510406,510697,291,SX390,MRJB1
510697,511099,402,SX175,FKLC0
511099,511281,182,SA2,MPSW0
511281,511380,99,SI1763,FJSP0
511380,511827,447,SI752,MDRD0
511827,512148,321,SX336,FLMC0
512148,512430,282,SX91,MTQC0
512430,512677,247,SI2001,MRCW0
512677,512864,187,SX128,MTMT0
512864,513302,438,SI2070,MSEM1
513302,513574,272,SX428,FBLV0
513574,513940,366,SI1087,MGXP0
513940,514112,172,SX46,MGAK0
514112,514321,209,SI1568,MSVS0
514321,514454,133,SI2148,MJAC0
514454,514664,210,SX344,MRRE0
514664,514931,267,SI1216,MSFH0
514931,515141,210,SA2,MKLN0
515141,515387,246,SA2,MWAD0
515387,515637,250,SA2,MJBG0
515637,515890,253,SI760,MTJU0
515890,516106,216,SA2,FVKB0
516106,516292,186,SX207,MJEB1
516292,516509,217,SA2,MRSP0
516509,516661,152,SX307,FKDW0
516661,516926,265,SA1,FSMM0
516926,517175,249,SI622,FEAR0
517175,517440,265,SX88,MADD0
517440,517704,264,SA1,MAKB0
517704,517940,236,SX152,MKDB0
517940,518200,260,SA1,MHMG0
518200,518540,340,SX349,MFWK0
518540,518776,236,SX376,MARW0
518776,518974,198,SA2,MJLB0
518974,519247,273,SX267,FKLH0
519247,519500,253,SA1,MDBP0
519500,519743,243,SI1622,MWCH0
519743,519981,238,SI657,FLOD0
519981,520209,228,SA2,FSGF0
520209,520447,238,SI1080,MRMG0
520447,520616,169,SI2087,MDSS0
520616,520819,203,SA2,FJWB1
520819,521050,231,SX186,MGSH0
521050,521319,269,SX206,MJEB0
521319,521569,250,SX390,FKKH0
521569,521835,266,SA2,FCMG0
521835,522063,228,SA2,MMEB0
522063,522279,216,SX146,MDPB0
522279,522570,291,SX120,MCSS0
522570,522775,205,SI802,FJRP1
522775,523139,364,SI694,MLJH0
523139,523327,188,SA2,MJMA0
523327,523615,288,SX247,MWRE0
523615,523877,262,SI566,MRLR0
523877,524153,276,SI865,MJMA0
524153,524371,218,SA2,MRJM1
524371,524678,307,SX167,MTER0
524678,524931,253,SX141,MMDM0
524931,525282,351,SI1196,MRLR0
525282,525481,199,SX381,FTBR0
525481,525653,172,SX291,MBEF0
525653,525860,207,SA2,MJDG0
525860,526103,243,SX414,MMAB1
526103,526390,287,SI578,FKAA0
526390,526581,191,SA2,MTAT0
526581,526913,332,SX420,FCMM0
526913,527223,310,SX54,MMRP0
527223,527417,194,SX381,FDAS1
527417,527714,297,SX41,MJPM1
527714,528010,296,SX301,FPAC0
528010,528232,222,SA2,MMSM0
528232,528649,417,SX442,MRGM0
528649,528848,199,SA2,MREW1
528848,529004,156,SI1200,MDTB0
529004,529159,155,SX325,FREH0
529159,529365,206,SX32,FJHK0
529365,529622,257,SI617,MBJV0
529622,529916,294,SX172,FJRP1
529916,530194,278,SX78,MRCG0
530194,530341,147,SI1066,MDKS0
530341,530702,361,SI1041,FMKC0
530702,530882,180,SI1705,MJDG0
530882,531164,282,SI547,FMJB0
531164,531358,194,SX72,FGRW0
531358,531579,221,SI719,MDPS0
531579,531887,308,SX347,MTBC0
531887,532142,255,SA1,FMBG0
532142,532365,223,SX276,MGSH0
532365,532612,247,SA1,MCXM0
532612,532935,323,SX312,MGAR0
532935,533121,186,SA2,MMDS0
533121,533354,233,SX226,FGCS0
533354,533578,224,SI738,MJPM0
533578,533797,219,SX97,MMEB0
533797,534026,229,SX82,FMKC0
534026,534285,259,SX316,MDLB0
534285,534519,234,SX363,FCMM0
534519,534678,159,SI2019,FMJU0
534678,534792,114,SI1173,MTBC0
534792,534997,205,SX83,MSMS0
534997,535264,267,SA1,MPPC0
535264,535609,345,SX349,MBWP0
535609,535983,374,SX153,FSAG0
535983,536196,213,SI1581,MRMB0
536196,536414,218,SX125,MDWH0
536414,536570,156,SX16,MJRG0
536570,536954,384,SX347,MMVP0
536954,537228,274,SA1,MKLN0
537228,537539,311,SA1,MMRP0
537539,537800,261,SA1,MJRP0
537800,538102,302,SI1349,MRMH0
538102,538270,168,SX6,MNET0
538270,538569,299,SA1,MTJS0
538569,538809,240,SX390,MCSS0
538809,538991,182,SX255,MTML0
538991,539253,262,SX122,MCDC0
539253,539487,234,SX81,FLJG0
539487,539846,359,SI991,FSMA0
539846,540133,287,SX328,MMJB1
540133,540316,183,SX168,MMWS0
540316,540473,157,SX17,MTER0
540473,540641,168,SX195,MEFG0
540641,540893,252,SX382,FBJL0
540893,541209,316,SI939,MAFM0
541209,541425,216,SX163,MCDD0
541425,541752,327,SI1239,MLBC0
541752,541989,237,SX398,MJMD0
541989,542243,254,SX309,MCTH0
542243,542492,249,SA1,FLHD0
542492,542774,282,SA1,MTMN0
542774,543156,382,SI1045,MWAR0
543156,543415,259,SX165,MRHL0
543415,543797,382,SI521,MMBS0
543797,544131,334,SA1,MLJH0
544131,544294,163,SX246,MAEO0
544294,544531,237,SX183,FAJW0
544531,544860,329,SI1958,MKXL0
544860,545072,212,SI1765,MCEF0
545072,545310,238,SI1495,MJMA0
545310,545622,312,SI1357,MMEB0
545622,545805,183,SX150,MREW1
545805,546057,252,SI586,MSFH0
546057,546248,191,SX196,FCDR1
546248,546515,267,SX366,MWSB0
546515,546902,387,SA1,MTQC0
546902,547132,230,SX256,MRFL0
547132,547485,353,SX162,FMPG0
547485,547846,361,SX435,MGJC0
547846,548030,184,SA2,MHRM0
548030,548128,98,SI1527,MMLM0
548128,548398,270,SA1,MFWK0
548398,548577,179,SX270,MDWD0
548577,548944,367,SA1,MCEW0
548944,549221,277,SX331,FKDE0
549221,549460,239,SA1,MFRM0
549460,549841,381,SI1392,FAEM0
549841,550121,280,SA1,MADC0
550121,550234,113,SI1620,MABC0
550234,550495,261,SX431,MJAC0
550495,550740,245,SX433,MCDD0
550740,550900,160,SX297,MJFH0
550900,551142,242,SX239,MBAR0
551142,551298,156,SI1683,MDPK0
551298,551424,126,SI1614,MDLC2
551424,551699,275,SA1,MNTW0
551699,551941,242,SI1299,MDLR1
551941,552174,233,SI1591,MREM0
552174,552457,283,SI696,FSJK1
552457,552669,212,SX340,MEJS0
552669,552853,184,SI1161,MJDC0
552853,553063,210,SX363,MILB0
553063,553387,324,SX52,MRTJ0
553387,553610,223,SX89,FSKL0
553610,553762,152,SX195,MFXV0
553762,554011,249,SX55,MRXB0
554011,554244,233,SI1117,FKSR0
554244,554532,288,SI1248,FCEG0
554532,554795,263,SA2,FCDR1
554795,555098,303,SX346,MRFL0
555098,555221,123,SI1844,MKLW0
555221,555411,190,SX235,FREH0
555411,555735,324,SI1945,FREH0
555735,556133,398,SI932,FJKL0
556133,556420,287,SA2,MDWM0
556420,556672,252,SI975,MJFR0
556672,556922,250,SA1,FLOD0
556922,557282,360,SX430,MTPR0
557282,557538,256,SA1,FEAC0
557538,557909,371,SX88,FGDP0
557909,558156,247,SX341,FSPM0
558156,558360,204,SX246,FBMJ0
558360,558513,153,SX46,MPAR0
558513,558709,196,SX445,FTBW0
558709,558906,197,SX250,MRLJ0
558906,559277,371,SI873,MDNS0
559277,559551,274,SX88,FCLT0
559551,559780,229,SI926,MVJH0
559780,559943,163,SX391,MRMH0
559943,560186,243,SX412,FJDM2
560186,560451,265,SA2,MSAS0
560451,560697,246,SX258,MMWS0
560697,560891,194,SX68,MTPP0
560891,561086,195,SX393,MTKP0
561086,561277,191,SX86,MWDK0
561277,561451,174,SX225,MMGC0
561451,561682,231,SX265,MJMM0
561682,561948,266,SA1,MCTM0
561948,562137,189,SA2,FVFB0
562137,562316,179,SA2,MHJB0
562316,562634,318,SX430,MMDG0
562634,562914,280,SX329,MBAR0
562914,563082,168,SA2,MMWS1
563082,563327,245,SA2,MRAI0
563327,563476,149,SX59,MPGR1
563476,563630,154,SI1644,MBOM0
563630,563760,130,SI2225,MFXS0
563760,564033,273,SX165,MTML0
564033,564261,228,SX129,MDLR1
564261,564493,232,SA1,FPJF0
564493,564876,383,SI889,MRJH0
564876,565132,256,SX390,FHLM0
565132,565417,285,SX226,MSFH0
565417,565733,316,SI761,MJPM1
565733,565909,176,SX78,MMCC0
565909,566107,198,SA2,FJRB0
566107,566303,196,SI1665,MRBC0
566303,566564,261,SX244,MJRH1
566564,566861,297,SA1,MJLS0
566861,567148,287,SX311,MBOM0
567148,567497,349,SI1704,MAJP0
567497,567679,182,SX198,MRAV0
567679,567954,275,SX67,MLSH0
567954,568161,207,SA2,FRJB0
568161,568413,252,SX106,FCDR1
568413,568596,183,SA2,MRWS0
568596,568836,240,SA2,FMJF0
568836,569110,274,SA2,MTER0
569110,569240,130,SX127,MTLC0
569240,569369,129,SI1768,MCAL0
569369,569564,195,SA2,MZMB0
569564,569816,252,SX167,MKJO0
569816,570101,285,SA1,MJRK0
570101,570400,299,SI561,MJPG0
570400,570603,203,SX111,FDAS1
570603,570824,221,SX35,MPRB0
570824,571128,304,SA1,MDED0
571128,571415,287,SX328,MRJT0
571415,571692,277,SA1,FKFB0
571692,571955,263,SA1,FCMM0
571955,572239,284,SI2340,MRMG0
572239,572451,212,SX341,FDXW0
572451,572915,464,SI1738,MSFH0
572915,573189,274,SA1,MMGG0
573189,573513,324,SX178,FLJA0
573513,573720,207,SX51,MRMB0
573720,574004,284,SI2186,MVJH0
574004,574308,304,SA1,MBTH0
574308,574666,358,SI2197,MKDD0
574666,574952,286,SA1,MWAR0
574952,575238,286,SX312,FJXP0
575238,575345,107,SI1937,MJDM0
575345,575676,331,SI918,MTRR0
575676,575898,222,SA1,MRLK0
575898,576308,410,SA1,FEXM0
576308,576582,274,SA1,FMAH1
576582,576951,369,SA1,FDMY0
576951,577217,266,SX135,MJRH0
577217,577551,334,SI623,MKES0
577551,577757,206,SA2,MKAH0
577757,578004,247,SX73,FPMY0
578004,578192,188,SX201,MBEF0
578192,578433,241,SX215,FSJK1
578433,578726,293,SX451,MCXM0
578726,578941,215,SX63,MJWS0
578941,579203,262,SI1482,MRPC1
579203,579397,194,SX271,FLAC0
579397,579581,184,SX22,MDSJ0
579581,579759,178,SX253,FSJW0
579759,579911,152,SI1789,FVKB0
579911,580184,273,SA1,MBML0
580184,580459,275,SX377,MPRK0
580459,580804,345,SI1317,MGRP0
580804,581037,233,SI1529,FSKL0
581037,581339,302,SX312,FAEM0
581339,581577,238,SA2,MMGC0
581577,581802,225,SX241,FJLR0
581802,582023,221,SX74,MTMN0
582023,582175,152,SI2229,MREH1
582175,582470,295,SI1695,MTML0
582470,582699,229,SX316,MGAK0
582699,582968,269,SI1742,FEEH0
582968,583303,335,SI1980,MCTM0
583303,583558,255,SI1561,FDTD0
583558,583788,230,SX288,MARC0
583788,583998,210,SA2,MRLJ0
583998,584202,204,SI2250,MAEB0
584202,584491,289,SA1,FCMG0
584491,584707,216,SA2,MMBS0
584707,585101,394,SI1461,FDAS1
585101,585230,129,SI1617,MMDB0
585230,585449,219,SX154,FPAF0
585449,585677,228,SI695,FALR0
585677,585866,189,SX263,MKDT0
585866,586074,208,SX272,FTMG0
586074,586291,217,SX405,FLMK0
586291,586533,242,SX64,FPAF0
586533,586720,187,SX217,FBAS0
586720,587025,305,SX366,FMKF0
587025,587294,269,SA1,MCTH0
587294,587601,307,SA1,FCKE0
587601,587830,229,SI1086,FALK0
587830,588040,210,SX210,MRJB1
588040,588314,274,SA2,MHMR0
588314,588576,262,SI1512,MTWH1
588576,588779,203,SX446,MRFK0
588779,588959,180,SI2256,MWSB0
588959,589139,180,SI1407,MLNS0
589139,589299,160,SX334,MKAJ0
589299,589446,147,SX22,MGAF0
589446,589788,342,SA1,MPMB0
589788,589936,148,SX217,FKDW0
589936,590102,166,SX183,FCMM0
590102,590395,293,SX247,MJEE0
590395,590663,268,SX141,MTDB0
590663,590893,230,SX425,FEME0
590893,591083,190,SA2,MDMT0
591083,591299,216,SA2,MKLW0
591299,591519,220,SI1886,FSCN0
591519,591771,252,SX292,MJLG1
591771,592326,555,SI1501,MPMB0
592326,592583,257,SA1,MJJM0
592583,592700,117,SI672,FJRB0
592700,592881,181,SX106,MDBB1
592881,593131,250,SI1101,FEXM0
593131,593281,150,SX384,MBOM0
593281,593592,311,SX423,MJWS0
593592,593945,353,SI517,MVLO0
593945,594283,338,SI2025,MDLC0
594283,594594,311,SI1672,MJDG0
594594,594756,162,SA2,MAKR0
594756,595019,263,SX121,FDTD0
595019,595408,389,SI1780,MMDG0
595408,595639,231,SX315,MDLC0
595639,595900,261,SX429,MREH1
595900,596301,401,SX171,FLJG0
596301,596573,272,SX309,MDLR1
596573,596937,364,SX346,MMAR0
596937,597191,254,SX144,MMRP0
597191,597376,185,SI1870,MEJS0
597376,597597,221,SX443,MJJJ0
597597,597838,241,SI1963,FSJW0
597838,597984,146,SI506,MTPR0
597984,598213,229,SA2,MGRL0
598213,598390,177,SX111,MRCW0
598390,598574,184,SI1503,FCAG0
598574,598806,232,SI610,MEJS0
598806,598996,190,SX443,MMDS0
598996,599297,301,SX423,MMDM1
599297,599651,354,SX170,FLTM0
599651,599870,219,SI784,MKAJ0
599870,600088,218,SA2,MTWH1
600088,600305,217,SX73,MCDD0
600305,600528,223,SX443,MKES0
600528,600642,114,SI1887,FKLH0
600642,600968,326,SX451,FSJS0
600968,601260,292,SX226,MDLB0
601260,601521,261,SI2291,MJDA0
601521,601616,95,SI1749,MWAD0
601616,601860,244,SX292,MGAF0
601860,602047,187,SX52,MFER0
602047,602461,414,SI2102,MBTH0
602461,602602,141,SI2292,FVFB0
602602,602763,161,SI559,MMWS0
602763,602980,217,SA2,MSDB0
602980,603225,245,SX344,MJSR0
603225,603525,300,SI1302,FJRB0
603525,603920,395,SI633,FAJW0
603920,604189,269,SA1,MCEF0
604189,604415,226,SX353,MSAT1
604415,604594,179,SI2224,MRLD0
604594,604801,207,SX256,FLJD0
604801,605035,234,SI2220,FPLS0
605035,605517,482,SI1097,MPRK0
605517,605757,240,SX357,MMLM0
605757,605979,222,SA2,MCTH0
605979,606222,243,SA1,MTPF0
606222,606621,399,SI1263,FAJW0
606621,606840,219,SX96,MNET0
606840,606996,156,SI1962,MESG0
606996,607170,174,SX207,FSGF0
607170,607583,413,SI788,FECD0
607583,607901,318,SI2316,FSLS0
607901,608114,213,SA2,FMBG0
608114,608341,227,SI2041,MABC0
608341,608713,372,SI1176,MGSH0
608713,609026,313,SX201,FEXM0
609026,609221,195,SX45,MHBS0
609221,609435,214,SX144,MFXS0
609435,609805,370,SX311,MKLW0
609805,610033,228,SA2,MCAL0
610033,610293,260,SA1,MMAA0
610293,610481,188,SI1911,MBEF0
610481,610780,299,SI2337,MSDS0
610780,611065,285,SA1,MMAM0
611065,611247,182,SI706,MMAR0
611247,611470,223,SX234,MBMA1
611470,611662,192,SX93,MWRP0
611662,611803,141,SX182,MAKR0
611803,612007,204,SI1500,MREW1
612007,612265,258,SX57,MGRP0
612265,612456,191,SX42,FJRB0
612456,612632,176,SX16,MDWM0
612632,612799,167,SX325,MJMA0
612799,613028,229,SX285,MRAM0
613028,613288,260,SX243,MJWS0
613288,613511,223,SA2,MRLK0
613511,613760,249,SA1,MDDC0
613760,614116,356,SI903,MILB0
614116,614426,310,SA1,FPAD0
614426,614636,210,SA2,MRLD0
614636,614934,298,SX84,MAJP0
614934,615078,144,SI1971,FJXM0
615078,615331,253,SX238,MMJB1
615331,615620,289,SA1,FJLR0
615620,615805,185,SI1770,MRVG0
615805,616067,262,SI1734,MREE0
616067,616313,246,SX250,MJRK0
616313,616537,224,SX258,MMCC0
616537,616779,242,SI1081,FDKN0
616779,617051,272,SA1,MKDB0
617051,617303,252,SX89,MMWB0
617303,617518,215,SI1582,FJDM2
617518,617713,195,SX358,MEWM0
617713,618028,315,SI1981,MCXM0
618028,618226,198,SX291,FTBR0
618226,618523,297,SX173,MKES0
618523,618822,299,SX367,MCAE0
618822,619071,249,SX107,MTKD0
619071,619361,290,SA1,MWSB0
619361,619624,263,SA1,MCAL0
619624,619850,226,SX431,FDXW0
619850,620081,231,SI1118,MTMT0
620081,620403,322,SA1,FJDM2
620403,620609,206,SA2,FLJD0
620609,620942,333,SA1,FPAB1
620942,621092,150,SX30,MKAG0
621092,621309,217,SX276,MRGS0
621309,621535,226,SX156,MMXS0
621535,621913,378,SI543,MTBC0
621913,622153,240,SX18,MRTC0
622153,622530,377,SI1435,MDLC1
622530,622805,275,SX347,MEAL0
622805,623009,204,SA2,MMXS0
623009,623242,233,SA2,MCRE0
623242,623533,291,SI997,MESJ0
623533,623694,161,SI574,MDLH0
623694,623899,205,SX399,FMJU0
623899,624254,355,SA1,MTDP0
624254,624495,241,SX297,FDMY0
624495,624795,300,SI1321,MGAG0
624795,624997,202,SI2153,MKDT0
624997,625381,384,SI2036,FDAW0
625381,625640,259,SX340,MTPR0
625640,625868,228,SA2,FDNC0
625868,626169,301,SX422,MJBG0
626169,626461,292,SI1551,MRTJ0
626461,626721,260,SX57,FJEN0
626721,626964,243,SI1927,FCYL0
626964,627159,195,SA2,MESJ0
627159,627287,128,SX31,FCKE0
627287,627633,346,SX433,FAPB0
627633,627883,250,SA2,FBCH0
627883,628233,350,SI1462,MDSJ0
628233,628439,206,SX345,MFRM0
628439,628693,254,SI1275,MRAM0
628693,629063,370,SI1052,FJSK0
629063,629371,308,SX350,MTJG0
629371,629574,203,SI878,MTPP0
629574,629807,233,SX167,MPSW0
629807,630025,218,SX238,FKLC1
630025,630351,326,SX136,MSFH0
630351,630530,179,SX72,FCMG0
630530,630733,203,SA2,MMDM0
630733,630945,212,SX39,MHMR0
630945,631268,323,SI957,MBCG0
631268,631497,229,SX268,MEWM0
631497,631762,265,SA1,MRJM1
631762,631938,176,SX236,FBMH0
631938,632111,173,SX254,MTRT0
632111,632514,403,SI902,FTMG0
632514,632776,262,SX52,MFMC0
632776,633030,254,SX179,FJLG0
633030,633229,199,SX130,MTJU0
633229,633444,215,SX360,MDWD0
633444,633723,279,SX452,MWCH0
633723,634018,295,SA1,MTRR0
634018,634264,246,SX378,MJPM0
634264,634483,219,SX86,FSCN0
634483,634860,377,SI979,MKAG0
634860,635119,259,SA1,FALK0
635119,635476,357,SI2125,MJMA0
635476,635788,312,SX79,FSBK0
635788,636100,312,SX312,MRPC1
636100,636359,259,SA1,FPAZ0
636359,636803,444,SI772,MRTJ0
636803,637114,311,SX179,MMWB0
637114,637346,232,SA1,MRMS0
637346,637537,191,SI466,MJLS0
637537,637754,217,SX182,MSFV0
637754,637913,159,SX80,MTJG0
637913,638141,228,SX397,FKDW0
638141,638447,306,SA2,MPRK0
638447,638681,234,SI1035,FLMK0
638681,638838,157,SX263,MMDS0
638838,639095,257,SX375,MKLS1
639095,639416,321,SA1,MMVP0
639416,639674,258,SX332,MKDB0
639674,639971,297,SI1792,MRGM0
639971,640164,193,SX291,MRCW0
640164,640401,237,SX26,MMSM0
640401,640561,160,SX427,MWRE0
640561,640829,268,SA1,MDAS0
640829,641012,183,SA2,MJXA0
641012,641467,455,SI1054,FPAF0
641467,641769,302,SX346,MWSH0
641769,641987,218,SI1773,MJWS0
641987,642276,289,SX76,MMAR0
642276,642602,326,SX452,MCEW0
642602,642849,247,SX419,MJJB0
642849,643225,376,SI1743,FTLG0
643225,643491,266,SA1,MADD0
643491,643759,268,SA1,MDWM0
643759,644071,312,SX398,FKAA0
644071,644222,151,SI2051,MRML0
644222,644475,253,SX341,MMPM0
644475,644628,153,SI2050,MRLJ0
644628,644841,213,SX96,MDAS0
644841,644979,138,SI486,MBCG0
644979,645284,305,SX174,MGSL0
645284,645589,305,SX234,FSMM0
645589,645910,321,SI2272,MJLG1
645910,646199,289,SI1020,MRJB1
646199,646628,429,SI1376,MSAS0
646628,646815,187,SA2,MGAF0
646815,647097,282,SX218,MSVS0
647097,647191,94,SX70,MJRK0
647191,647328,137,SX168,MMCC0
647328,647519,191,SI1049,MSAH1
647519,647758,239,SA2,MJWS0
647758,648068,310,SI1446,MNET0
648068,648277,209,SI612,MHXL0
648277,648701,424,SI927,FSGF0
648701,648919,218,SX83,MSAT1
648919,649088,169,SI1839,MCTH0
649088,649374,286,SA1,MRWA0
649374,649695,321,SX406,MSTF0
649695,649865,170,SI2266,MWSH0
649865,650199,334,SI921,FTBR0
650199,650478,279,SX305,MDWH0
650478,650645,167,SI2133,FCAG0
650645,650905,260,SX171,MDSS0
650905,651134,229,SX375,MHMG0
651134,651298,164,SX202,MNTW0
651298,651427,129,SX202,FBJL0
651427,651624,197,SX300,FKKH0
651624,651862,238,SA1,MMGC0
651862,652156,294,SI1014,MBOM0
652156,652424,268,SX398,MTMT0
652424,652774,350,SA1,FECD0
652774,652995,221,SX45,FLMK0
652995,653133,138,SI2026,MRPC1
653133,653400,267,SX288,MTRR0
653400,653564,164,SX294,MPGH0
653564,653933,369,SI1468,MRLK0
653933,654183,250,SA1,MJEE0
654183,654394,211,SA2,MRAB1
654394,654754,360,SI1556,MVJH0
654754,655185,431,SX166,MMAR0
655185,655338,153,SX254,MJAI0
655338,655627,289,SX147,FJEN0
655627,655765,138,SI1732,MRWS0
655765,655978,213,SX310,MTJU0
655978,656235,257,SX215,MMAA0
656235,656620,385,SI688,MCSS0
656620,656989,369,SI736,MJRG0
656989,657228,239,SI718,MEWM0
657228,657421,193,SI656,MJEB0
657421,657556,135,SI1852,MBMA0
657556,657864,308,SI1069,FSBK0
657864,658106,242,SI2110,MDCM0
658106,658383,277,SA1,FMJU0
658383,658534,151,SI2312,FJSK0
658534,658927,393,SI1251,MJJM0
658927,659149,222,SX180,MAEB0
659149,659468,319,SA1,MRCG0
659468,659738,270,SX426,MMXS0
659738,660045,307,SA1,MJBG0
660045,660282,237,SI1147,MVLO0
660282,660607,325,SX430,MDLH0
660607,660833,226,SX179,MBML0
660833,661018,185,SA2,MRHL0
661018,661205,187,SX261,MBGT0
661205,661583,378,SX327,MGRP0
661583,661772,189,SA2,MBOM0
661772,662109,337,SI1896,MDAS0
662109,662512,403,SI1347,MCHL0
662512,662743,231,SA2,MDRD0
662743,662979,236,SA2,FEEH0
662979,663227,248,SX221,MKLW0
663227,663454,227,SA2,FCLT0
663454,663670,216,SA2,FSCN0
663670,663888,218,SX112,FLMC0
663888,664086,198,SX424,MKAJ0
664086,664293,207,SA2,FSKL0
664293,664541,248,SX384,MMVP0
664541,664802,261,SA2,MMWB0
664802,664936,134,SI1662,MJRK0
664936,665153,217,SX294,MBOM0
665153,665348,195,SX326,FBMH0
665348,665548,200,SA2,MSRR0
665548,665783,235,SX154,MJRH1
665783,665925,142,SI1593,FPAZ0
665925,666159,234,SA1,MDHS0
666159,666341,182,SX381,MDNS0
666341,666581,240,SA1,MEAL0
666581,666791,210,SX287,MEAL0
666791,667058,267,SA1,MSRR0
667058,667277,219,SX91,FSMA0
667277,667424,147,SX30,MSRR0
667424,667664,240,SX201,FTBR0
667664,667957,293,SX132,MTAB0
667957,668199,242,SX343,MCDD0
668199,668480,281,SX411,MMDM0
668480,668731,251,SX377,MSMC0
668731,668922,191,SX249,FMAH1
668922,669197,275,SX247,MMAM0
669197,669513,316,SX155,FGMB0
669513,669802,289,SA1,MHXL0
669802,670017,215,SA1,MPGH0
670017,670270,253,SX211,MJWT0
670270,670439,169,SX64,MKAJ0
670439,670631,192,SX344,FRLL0
670631,670869,238,SX412,MBMA0
670869,671252,383,SI1222,MBMA0
671252,671541,289,SI2318,FBLV0
671541,671916,375,SI1477,MTLC0
671916,672101,185,SA2,MKLR0
672101,672378,277,SI1346,FPAD0
672378,672668,290,SX343,MRWA0
672668,673004,336,SI1959,MREE0
673004,673269,265,SA1,MRCW0
673269,673670,401,SI1891,FKDW0
673670,673858,188,SA2,FDFB0
673858,674176,318,SI1201,MJKR0
674176,674373,197,SI1606,MWGR0
674373,674570,197,SX445,MJWG0
674570,674761,191,SA2,MARC0
674761,674973,212,SX429,FMAH1
674973,675154,181,SX277,FMJB0
675154,675384,230,SX376,MDBB1
675384,675741,357,SI779,MTAT1
675741,676010,269,SX226,MGAK0
676010,676308,298,SI1597,MMAM0
676308,676655,347,SI1231,FJLR0
676655,676776,121,SI1954,MRAI0
676776,676893,117,SI974,MJDM0
676893,677116,223,SX264,FMJF0
677116,677462,346,SI624,FMJF0
677462,677623,161,SX294,MEDR0
677623,677834,211,SX249,MKLR0
677834,678071,237,SX62,MJBG0
678071,678375,304,SX312,FVFB0
678375,678556,181,SX277,MESJ0
678556,678757,201,SA2,FVMH0
678757,678930,173,SX204,MPGH0
678930,679106,176,SX31,FPAB1
679106,679316,210,SA2,MJRG0
679316,679539,223,SX40,MDCM0
679539,679764,225,SA1,MWCH0
679764,680001,237,SX354,MGSL0
680001,680327,326,SX58,MRJT0
680327,680556,229,SX183,MWRP0
680556,680843,287,SA1,FSMA0
680843,680982,139,SI1795,MJXL0
680982,681186,204,SX66,FSKC0
681186,681385,199,SX132,FJRB0
681385,681694,309,SX335,MTPF0
681694,681906,212,SA2,FDAS1
681906,682159,253,SX442,FMKC0
682159,682473,314,SX67,MJEE0
682473,682776,303,SI942,MTAB0
682776,683083,307,SX54,MBMA1
683083,683285,202,SI1595,MRDM0
683285,683555,270,SX76,MLEL0
683555,683782,227,SI1867,MJEE0
683782,683999,217,SX393,FTLG0
683999,684256,257,SX292,MRWS0
684256,684454,198,SX68,MJHI0
684454,684712,258,SI1800,MDED0
684712,684917,205,SX337,MMAM0
684917,685134,217,SA1,MDEF0
685134,685386,252,SA2,MBWP0
685386,685611,225,SI595,MLJC0
685611,686028,417,SX430,MTXS0
686028,686248,220,SA2,FNTB0
686248,686598,350,SI702,MESG0
686598,686803,205,SX411,MKRG0
686803,687012,209,SX221,MJDA0
687012,687216,204,SA2,FLMC0
687216,687374,158,SX78,FCEG0
687374,687649,275,SA1,MMJB1
687649,687879,230,SA1,MJPM0
687879,688147,268,SX212,FEEH0
688147,688334,187,SX105,MKXL0
688334,688659,325,SA2,FJDM2
688659,688933,274,SA1,MMPM0
688933,689155,222,SX97,MGXP0
689155,689571,416,SI1688,FBLV0
689571,689728,157,SX81,MJDC0
689728,690077,349,SX286,MARW0
690077,690329,252,SX58,FDFB0
690329,690495,166,SI1635,MFXV0
690495,690722,227,SX182,FSSB0
690722,691125,403,SI1698,MNTW0
691125,691334,209,SX367,MMEB0
691334,691537,203,SI2295,FLMK0
691537,691965,428,SI972,FMPG0
691965,692155,190,SX421,MABC0
692155,692447,292,SA2,MRSO0
692447,692710,263,SI843,MRLK0
692710,693072,362,SI1771,FKDE0
693072,693249,177,SI2241,FLJG0
693249,693714,465,SI1822,MTJS0
693714,694001,287,SI689,MBAR0
694001,694259,258,SX234,MFXS0
694259,694383,124,SX127,FCJF0
694383,694639,256,SI1594,MRLD0
694639,694925,286,SX251,MMPM0
694925,695245,320,SI982,FBCG1
695245,695532,287,SX260,FLKM0
695532,695750,218,SI1969,MBWP0
695750,695953,203,SX131,MCRE0
695953,696396,443,SI1206,MRSO0
696396,696553,157,SX3,MILB0
696553,696806,253,SA1,MEJS0
696806,697042,236,SI1838,FKAA0
697042,697459,417,SI1333,FSJW0
697459,697659,200,SI471,FEEH0
697659,697981,322,SX161,FKSR0
697981,698126,145,SX131,MJDA0
698126,698457,331,SX161,MMPM0
698457,698671,214,SX16,MARW0
698671,698911,240,SX75,MGJC0
698911,699130,219,SI1012,MJLG1
699130,699367,237,SX287,MJJM0
699367,699624,257,SX426,FBMJ0
699624,699841,217,SX222,FAEM0
699841,700049,208,SX68,MKLN0
700049,700184,135,SI1930,FSAK0
700184,700359,175,SX202,MTJS0
700359,700671,312,SX336,FSKC0
700671,700857,186,SA2,MBBR0
700857,701015,158,SX427,MMAM0
701015,701226,211,SX367,MESJ0
701226,701450,224,SI2047,MLSH0
701450,701606,156,SX3,MWRP0
701606,701930,324,SX335,FALR0
701930,702353,423,SI528,MDBP0
702353,702744,391,SI981,FLJG0
702744,702981,237,SX108,MRTC0
702981,703210,229,SI931,FDTD0
703210,703398,188,SA2,MRDS0
703398,703746,348,SX174,FMJF0
703746,703972,226,SA1,MGAG0
703972,704176,204,SA2,MDDC0
704176,704389,213,SA2,MPEB0
704389,704628,239,SX151,MREM0
704628,704837,209,SI1061,MMPM0
704837,704935,98,SI2115,MVRW0
704935,705288,353,SX170,MSDH0
705288,705554,266,SX159,FMAH1
705554,705916,362,SX402,FJRB0
705916,706147,231,SX169,MBWP0
706147,706376,229,SA2,FJHK0
706376,706608,232,SX132,FAEM0
706608,707077,469,SI1421,MRML0
707077,707311,234,SX62,MPPC0
707311,707450,139,SX217,FCJF0
707450,707762,312,SX219,MRSO0
707762,707979,217,SA1,MSES0
707979,708153,174,SI2246,MJLB0
708153,708543,390,SI1293,MAPV0
708543,708723,180,SI1585,MRXB0
708723,709009,286,SA1,MTAB0
709009,709313,304,SX362,MJXL0
709313,709558,245,SA2,MMJB1
709558,709723,165,SI485,FSDJ0
709723,709999,276,SA1,MFER0
709999,710216,217,SI606,MJRA0
710216,710450,234,SX411,MSRG0
710450,710747,297,SX348,FKFB0
710747,711152,405,SI2054,MJSR0
711152,711392,240,SI872,MKDB0
711392,711557,165,SX254,MCDR0
711557,711908,351,SI1115,FSDJ0
711908,712123,215,SI1405,MSMR0
712123,712355,232,SX436,MLEL0
712355,712541,186,SX74,MJAI0
712541,712764,223,SA2,MSMS0
712764,713070,306,SA1,MSFV0
713070,713303,233,SI1647,MHJB0
713303,713489,186,SX128,MJMD0
713489,713783,294,SX61,FKDE0
713783,714158,375,SI488,MTMT0
714158,714366,208,SX63,FCAG0
714366,714591,225,SA1,MRLJ1
714591,714811,220,SA2,MKDB0
714811,715106,295,SX247,MJXA0
715106,715254,148,SX168,FCEG0
715254,715561,307,SI1006,MDBB1
715561,715726,165,SX253,FCRZ0
715726,715958,232,SI1680,MRDD0
715958,716231,273,SI529,FVKB0
716231,716426,195,SA2,MREE0
716426,716746,320,SI1197,FDMY0
716746,716929,183,SX18,MRAV0
716929,717182,253,SX378,MRTC0
717182,717413,231,SA2,MWSB0
717413,717737,324,SA1,MTER0
717737,718042,305,SX301,FDTD0
718042,718266,224,SI1498,MRJT0
718266,718653,387,SI665,MDWH0
718653,718992,339,SX166,MRFL0
718992,719254,262,SA1,MREW1
719254,719537,283,SX149,MPGR1
719537,719796,259,SI2251,FSMA0
719796,720062,266,SA2,MRMG0
720062,720237,175,SX27,MJEB1
720237,720420,183,SA2,FLMA0
720420,720628,208,SX32,MDMT0
720628,720834,206,SX210,FKKH0
720834,720977,143,SX273,MBSB0
720977,721380,403,SX349,FSBK0
721380,721581,201,SI804,FJSP0
721581,721793,212,SX37,FCYL0
721793,721968,175,SA2,MTAS0
721968,722153,185,SI1999,MJAE0
722153,722369,216,SI795,FJWB1
722369,722655,286,SA1,MLBC0
722655,722853,198,SX73,MRWA0
722853,723106,253,SA1,MDMT0
723106,723339,233,SI1164,MGSL0
723339,723570,231,SX264,FJSP0
723570,723909,339,SX352,FPJF0
723909,724069,160,SI2245,FKLC0
724069,724246,177,SX339,MDDC0
724246,724474,228,SX55,MJMA0
724474,724746,272,SX212,MBTH0
724746,724946,200,SI1947,MGRP0
724946,725244,298,SI890,MTJG0
725244,725467,223,SA2,FEME0
725467,725698,231,SI1504,FSMS1
725698,725967,269,SX260,FLTM0
725967,726166,199,SX269,FJLG0
726166,726466,300,SX176,MWDK0
726466,726865,399,SI679,FNTB0
726865,727124,259,SX219,FCAJ0
727124,727297,173,SI1352,MAKR0
727297,727510,213,SX73,FCRZ0
727510,727725,215,SA2,FPAF0
727725,727848,123,SX237,MTRT0
727848,728256,408,SI1391,MRKM0
728256,728599,343,SI1240,MEJS0
728599,728809,210,SX378,MARC0
728809,729099,290,SI1149,FDML0
729099,729282,183,SA2,MDSS1
729282,729538,256,SX93,FAJW0
729538,729791,253,SX411,MSRR0
729791,729959,168,SX217,FKSR0
729959,730313,354,SX329,MTAT1
730313,730565,252,SA2,MPRB0
730565,730859,294,SX357,MKLS0
730859,731043,184,SX441,MJDC0
731043,731239,196,SI510,MRVG0
731239,731456,217,SA2,MFWK0
731456,731672,216,SX33,FNTB0
731672,731902,230,SX96,MRGS0
731902,732082,180,SX117,MJFH0
732082,732270,188,SX148,FDFB0
732270,732521,251,SX329,MSES0
732521,732825,304,SX263,MJJJ0
732825,733138,313,SX286,MJLS0
733138,733391,253,SI1518,MMWS0
733391,733681,290,SX347,MBJV0
733681,733919,238,SI2326,MDKS0
733919,734202,283,SX418,FKLC1
734202,734491,289,SX444,MGSL0
734491,734715,224,SX32,MBTH0
734715,734973,258,SA2,FJXM0
734973,735180,207,SA2,MTLC0
735180,735465,285,SX366,FALK0
735465,735681,216,SA2,FGRW0
735681,735902,221,SX241,FKDE0
735902,736170,268,SA2,MDED0
736170,736407,237,SX358,FLJA0
736407,736654,247,SA1,MHRM0
736654,736865,211,SX240,MPEB0
736865,737046,181,SX276,MNET0
737046,737338,292,SA1,FPAC0
737338,737653,315,SA1,MSVS0
737653,737934,281,SA1,MMDG0
737934,738311,377,SI716,FPAD0
738311,738585,274,SI1232,MJBG0
738585,738802,217,SX447,MKLS0
738802,738958,156,SX35,MTAS0
738958,739275,317,SX287,MTKD0
739275,739496,221,SA1,MBJV0
739496,739645,149,SI2207,MBMA1
739645,739885,240,SX401,MKLW0
739885,740215,330,SI848,MRAB1
740215,740524,309,SI1319,MBAR0
740524,740850,326,SI1821,MJPG0
740850,741063,213,SX211,MJKR0
741063,741284,221,SX245,FEME0
741284,741529,245,SX254,MJSR0
741529,741843,314,SI1817,MTKD0
741843,742046,203,SI1083,FCMM0
742046,742299,253,SA1,MTPG0
742299,742521,222,SI2136,MMXS0
742521,742771,250,SI883,MCDD0
742771,743092,321,SX406,MGAK0
743092,743361,269,SA2,MSVS0
743361,743584,223,SA2,MTRR0
743584,743830,246,SX39,FMJU0
743830,744170,340,SI1102,MRWS0
744170,744388,218,SA2,MMAR0
744388,744601,213,SX429,MDDC0
744601,744828,227,SX206,MAKB0
744828,745068,240,SX206,FVMH0
745068,745447,379,SI481,FCKE0
745447,745758,311,SI1491,MKRG0
745758,745961,203,SX152,MPPC0
745961,746234,273,SA1,MGSH0
746234,746530,296,SX58,MMJB1
746530,746849,319,SX347,FSMS1
746849,747044,195,SA1,MSDB0
747044,747342,298,SX123,MAPV0
747342,747599,257,SX308,MRAB1
747599,747825,226,SA2,MREH1
747825,748155,330,SI1282,MGAF0
748155,748355,200,SX96,MWSB0
748355,748704,349,SA1,FDTD0
748704,748881,177,SA2,MBJV0
748881,749010,129,SX261,MDSS0
749010,749298,288,SX362,MSFV0
749298,749546,248,SA1,MTWH1
749546,749767,221,SX345,FJWB1
749767,750056,289,SX147,MGRP0
750056,750594,538,SI654,MMVP0
750594,750748,154,SX24,MPGH0
750748,750954,206,SX131,MKLW0
750954,751265,311,SX76,MDKS0
751265,751488,223,SA2,MTPR0
751488,751603,115,SX72,MWAD0
751603,751749,146,SI2031,MTDB0
751749,751959,210,SX447,MSDS0
751959,752225,266,SX452,FTMG0
752225,752518,293,SA1,MTBC0
752518,752713,195,SA2,MGAG0
752713,752931,218,SX62,MEJL0
752931,753236,305,SI968,MKLN0
753236,753608,372,SX451,FDKN0
753608,753873,265,SX363,MWRP0
753873,754088,215,SX382,MGAF0
754088,754285,197,SX89,MDPS0
754285,754559,274,SA1,MSAT1
754559,754824,265,SA1,MDPS0
754824,755041,217,SA2,MMPM0
755041,755243,202,SX46,MMAG0
755243,755391,148,SX425,MRDM0
755391,755680,289,SX363,MTBC0
755680,755973,293,SX439,MKAG0
755973,756170,197,SX446,MJLB0
756170,756287,117,SX231,MSRR0
756287,756591,304,SX174,MJAE0
756591,756810,219,SX235,MWAR0
756810,756997,187,SX198,FSKP0
756997,757210,213,SI1826,MRLR0
757210,757336,126,SI2265,MTCS0
757336,757565,229,SI1228,MRJM0
757565,757791,226,SX165,MFRM0
757791,757976,185,SX157,MVLO0
757976,758276,300,SX452,FSSB0
758276,758507,231,SA1,MDPK0
758507,758649,142,SI508,MCAL0
758649,758842,193,SX33,MTPG0
758842,759212,370,SX324,MMRP0
759212,759417,205,SX363,MTRC0
759417,759714,297,SI723,MBSB0
759714,759933,219,SX399,MDLR1
759933,760367,434,SI705,FSCN0
760367,760482,115,SI1188,MARC0
760482,760728,246,SX334,MLJH0
760728,760981,253,SX402,FAEM0
760981,761334,353,SX142,MRTJ0
761334,761685,351,SI1434,FJSP0
761685,761905,220,SA2,MDHS0
761905,762224,319,SI1318,FDFB0
762224,762574,350,SX247,MLSH0
762574,762854,280,SX244,FPAF0
762854,763106,252,SX342,FCMG0
763106,763436,330,SI526,MRFL0
763436,763821,385,SX451,FSMA0
763821,764138,317,SX136,FGCS0
764138,764451,313,SI2140,MRLK0
764451,764725,274,SI989,MMWB0
764725,765060,335,SX333,MDLR0
765060,765501,441,SI1241,FSPM0
765501,765779,278,SX277,MRKM0
765779,766008,229,SX271,FSJS0
766008,766209,201,SX272,FSSB0
766209,766437,228,SX135,MMGC0
766437,766821,384,SI1426,MWSH0
766821,767023,202,SX337,MDSS1
767023,767265,242,SA1,MRLJ0
767265,767556,291,SX348,MDBP0
767556,767827,271,SI1430,MDMA0
767827,768004,177,SX150,MRVG0
768004,768175,171,SI2011,FPAC0
768175,768566,391,SI841,FPAB1
768566,768738,172,SX107,MJJM0
768738,769027,289,SX136,MSTF0
769027,769229,202,SA2,MPPC0
769229,769479,250,SX245,FGMB0
769479,769707,228,SA1,MMEA0
769707,769892,185,SX361,MCXM0
769892,770172,280,SA1,FJLG0
770172,770441,269,SX112,MTJS0
770441,770687,246,SX120,MRMS0
770687,771022,335,SI1761,MSRR0
771022,771214,192,SX114,MBOM0
771214,771565,351,SX406,MDLB0
771565,771794,229,SI2116,FGCS0
771794,772091,297,SX420,MPGR0
772091,772281,190,SX16,MJLS0
772281,772469,188,SX168,FKFB0
772469,772599,130,SX187,MESJ0
772599,772865,266,SA1,MDPB0
772865,773042,177,SX381,MRCW0
773042,773171,129,SX237,MLNS0
773171,773400,229,SX148,MRJM0
773400,773812,412,SX333,FMEM0
773812,774206,394,SX170,MDMA0
774206,774441,235,SX82,FEAR0
774441,774645,204,SI1522,FNKL0
774645,774755,110,SI1479,FCAJ0
774755,774897,142,SI2216,MSES0
774897,775071,174,SX42,FJXP0
775071,775257,186,SI1348,MEWM0
775257,775474,217,SX395,MTAS0
775474,775660,186,SX266,MJLB0
775660,775896,236,SX240,FPLS0
775896,776082,186,SX7,MMEB0
776082,776410,328,SI811,MTAT0
776410,776747,337,SI2072,MCEW0
776747,776938,191,SA2,MJJM0
776938,777203,265,SA1,MDJM0
777203,777461,258,SX172,FBCG1
777461,777697,236,SX45,MDLC0
777697,777882,185,SA2,MTDB0
777882,778042,160,SX195,MRAM0
778042,778209,167,SX436,MWGR0
778209,778409,200,SX61,MABC0
778409,778773,364,SI2320,MTXS0
778773,779060,287,SI647,MSMC0
779060,779288,228,SI1657,FCJF0
779288,779566,278,SX378,MTRR0
779566,779725,159,SX127,FKDW0
779725,780008,283,SX121,FPAB1
780008,780239,231,SX444,FJSP0
780239,780463,224,SX386,MSAS0
780463,780707,244,SA1,MTDB0
780707,781018,311,SI2073,MWRP0
781018,781128,110,SI2157,MTJG0
781128,781414,286,SI697,MDSS1
781414,781672,258,SA1,FETB0
781672,781910,238,SA2,MBGT0
781910,782132,222,SX345,FEAC0
782132,782373,241,SX63,FPAZ0
782373,782739,366,SI1036,MGAK0
782739,782946,207,SI1140,MRVG0
782946,783156,210,SI1942,FSDC0
783156,783431,275,SX346,MWGR0
783431,783769,338,SA2,MTJS0
783769,784018,249,SX392,FJKL0
784018,784204,186,SX108,MARC0
784204,784505,301,SA1,MRXB0
784505,784722,217,SA2,MKLS1
784722,784927,205,SX345,MRHL0
784927,785161,234,SA1,MDLM0
785161,785580,419,SI800,MDEM0
785580,785779,199,SX266,MWDK0
785779,786132,353,SX311,MGES0
786132,786347,215,SA2,MTJU0
786347,786486,139,SX261,MJDC0
786486,786571,85,SI1953,FSAG0
786571,786733,162,SX276,MWSB0
786733,786951,218,SX441,MDSS0
786951,787140,189,SX187,MGXP0
787140,787363,223,SX65,FGMB0
787363,787548,185,SX45,MVRW0
787548,787809,261,SI2126,MDPB0
787809,788005,196,SI1701,MMWS1
788005,788319,314,SA1,MTPR0
788319,788560,241,SI527,MTER0
788560,788861,301,SX165,MGJC0
788861,789148,287,SI1387,FBAS0
789148,789482,334,SX166,MWSH0
789482,789795,313,SA1,MFMC0
789795,790093,298,SX178,MEWM0
790093,790231,138,SI1690,MTXS0
790231,790455,224,SI1785,MFRM0
790455,790631,176,SA2,MPGR0
790631,790792,161,SI2271,MDNS0
790792,791004,212,SX355,MJWG0
791004,791264,260,SX357,MRDS0
791264,791437,173,SX22,MJLG1
791437,791703,266,SX123,FTLG0
791703,791931,228,SX301,MRMH0
791931,792354,423,SI1160,FMBG0
792354,792638,284,SI579,MCTH0
792638,792772,134,SX27,MMWS1
792772,793025,253,SX27,FDMY0
793025,793145,120,SI1560,FHLM0
793145,793406,261,SA1,MCLK0
793406,793569,163,SI1329,FTAJ0
793569,793815,246,SA1,MCDD0
793815,794073,258,SX206,MMSM0
794073,794279,206,SI1530,MDHS0
794279,794542,263,SA1,FSJW0
794542,794898,356,SX406,MSFH0
794898,795100,202,SA2,MNET0
795100,795297,197,SX236,FBCH0
795297,795612,315,SI1210,MPRT0
795612,795838,226,SA2,FSKC0
795838,796092,254,SI1997,MADC0
796092,796330,238,SA1,MRMG0
796330,796559,229,SX33,MDEF0
796559,796699,140,SI495,MPRT0
796699,796880,181,SX204,MEDR0
796880,797155,275,SX294,FLAG0
797155,797514,359,SI1055,MBBR0
797514,797686,172,SX186,MDAS0
797686,798052,366,SI1267,MRKM0
798052,798175,123,SI1494,MMAB1
798175,798392,217,SA2,FKSR0
798392,798633,241,SA2,FKAA0
798633,798888,255,SA2,MWSH0
798888,799176,288,SI1132,MFMC0
799176,799411,235,SA1,MDCD0
799411,799697,286,SX423,MDLR0
799697,799873,176,SX78,MMWS0
799873,800126,253,SA2,FJLR0
800126,800283,157,SI692,MMGK0
800283,800386,103,SI1832,MDMT0
800386,800565,179,SX145,FREH0
800565,800759,194,SX393,FNTB0
800759,800934,175,SX93,FCMM0
800934,801207,273,SI803,MSMS0
801207,801366,159,SX217,MTLC0
801366,801581,215,SX301,FCKE0
801581,801873,292,SI537,MRDS0
801873,802138,265,SX55,MWAR0
802138,802391,253,SI1420,MRLJ0
802391,802494,103,SI1895,MWCH0
802494,802821,327,SX172,MRGM0
802821,802959,138,SX202,MJLG1
802959,803102,143,SX197,MSDB0
803102,803303,201,SX236,FDAW0
803303,803506,203,SA2,MCLM0
803506,803695,189,SX97,FMJB0
803695,804102,407,SI1465,MKAM0
804102,804303,201,SX412,MFER0
804303,804468,165,SX6,MWSB0
804468,804678,210,SX262,FNKL0
804678,804955,277,SX330,MREW1
804955,805163,208,SX361,MDAC0
805163,805364,201,SX256,MWGR0
805364,805550,186,SI2045,MDCD0
805550,805872,322,SI1609,MKAG0
805872,806245,373,SA1,FHXS0
806245,806460,215,SA2,MRAM0
806460,806752,292,SA1,MLSH0
806752,807041,289,SX356,FPAD0
807041,807311,270,SX156,MSJK0
807311,807598,287,SX176,MRFK0
807598,807788,190,SI2162,FTMG0
807788,808099,311,SA2,MDEM0
808099,808263,164,SX46,FGCS0
808263,808421,158,SX202,FSLS0
808421,808628,207,SX66,MSJK0
808628,808837,209,SA2,MCHL0
808837,808962,125,SX307,MTLC0
808962,809112,150,SI2287,FDNC0
809112,809256,144,SI492,FJXP0
809256,809465,209,SI2048,FECD0
809465,809629,164,SX71,FDXW0
809629,809837,208,SX339,FMAH1
809837,810023,186,SX117,FLOD0
810023,810183,160,SX339,FTAJ0
810183,810321,138,SX93,MBSB0
810321,810553,232,SI828,MRTC0
810553,810785,232,SA1,FJRB0
810785,811116,331,SX84,FMJF0
811116,811484,368,SI2215,MRXB0
811484,811696,212,SA2,MTKP0
811696,811890,194,SI646,MARW0
811890,812185,295,SI1121,MCRE0
812185,812504,319,SI1858,MRJM0
812504,812919,415,SI1215,MPRB0
812919,813133,214,SA2,FBJL0
813133,813437,304,SI1807,FMJB0
813437,813716,279,SI1686,FSLS0
813716,813997,281,SX359,MBML0
813997,814218,221,SI577,FKDW0
814218,814399,181,SX297,FSGF0
814399,814680,281,SI1209,MCTH0
814680,814878,198,SA2,MDWD0
814878,815110,232,SA1,MJMM0
815110,815355,245,SX221,MJPM1
815355,815597,242,SX39,MCTH0
815597,815932,335,SA1,MRTJ0
815932,816185,253,SI1170,MDED0
816185,816413,228,SX215,FDJH0
816413,816616,203,SI2053,FCRZ0
816616,816919,303,SI1912,MGAF0
816919,817174,255,SA1,MJMD0
817174,817468,294,SX54,MMAB1
817468,817626,158,SX297,FLOD0
817626,817863,237,SA1,MDCM0
817863,818144,281,SI774,MMRP0
818144,818458,314,SA1,FKLC0
818458,818682,224,SI513,MJWS0
818682,818941,259,SX259,MKAG0
818941,819147,206,SX434,MCDR0
819147,819370,223,SI966,MSJK0
819370,819613,243,SI799,MRSP0
819613,819833,220,SI2086,MCLM0
819833,820042,209,SA2,FMKC0
820042,820182,140,SX334,MDLM0
820182,820410,228,SI1256,MGJC0
820410,820690,280,SA1,FBJL0
820690,820936,246,SI2214,MBMA1
820936,821123,187,SX263,MSMS0
821123,821327,204,SX252,MESG0
821327,821530,203,SX436,MWSH0
821530,821787,257,SX52,FJDM2
821787,822006,219,SA2,FKDW0
822006,822224,218,SX37,MKDD0
822224,822423,199,SA2,MRVG0
822423,822753,330,SA1,MJFR0
822753,823000,247,SX255,MGJC0
823000,823220,220,SX215,MTAS0
823220,823428,208,SX183,MTBC0
823428,823598,170,SA2,MJDA0
823598,824010,412,SX432,FMPG0
824010,824208,198,SA2,FLAC0
824208,824660,452,SI1186,FCDR1
824660,825099,439,SX327,MGRL0
825099,825362,263,SX161,FDXW0
825362,825754,392,SI630,MTKD0
825754,825913,159,SI676,MDLB0
825913,826142,229,SA2,MTMT0
826142,826483,341,SI2067,MKLS0
826483,826635,152,SX303,MDEF0
826635,826908,273,SA2,MTAB0
826908,827137,229,SX302,FEEH0
827137,827398,261,SA1,MJAE0
827398,827499,101,SI1952,MMGK0
827499,827696,197,SX105,MEFG0
827696,827913,217,SA2,FKLC1
827913,828102,189,SX225,MDLC0
828102,828392,290,SA1,MWAC0
828392,828628,236,SA2,MMGG0
828628,828908,280,SX69,MREH1
828908,829138,230,SX107,MADC0
829138,829559,421,SI2283,MTKP0
829559,829767,208,SA2,MHMG0
829767,829956,189,SX145,MJMA0
829956,830151,195,SX6,FMKF0
830151,830393,242,SX260,MJDM0
830393,830587,194,SX18,FSKP0
830587,830854,267,SI1935,MMGC0
830854,831036,182,SX245,MBBR0
831036,831328,292,SA1,FVKB0
831328,831488,160,SX87,MMDB0
831488,831756,268,SX305,MPRB0
831756,832005,249,SI958,MHRM0
832005,832223,218,SA1,MABC0
832223,832413,190,SA2,MKAJ0
832413,832661,248,SX450,MDHS0
832661,832924,263,SX392,MDRD0
832924,833161,237,SX332,MPPC0
833161,833438,277,SA2,MBMA1
833438,833656,218,SA2,FPAZ0
833656,833952,296,SA1,FAPB0
833952,834165,213,SI2058,MRCG0
834165,834374,209,SX56,FPJF0
834374,834679,305,SA1,MNET0
834679,834861,182,SX150,MPEB0
834861,835051,190,SX51,MKRG0
835051,835241,190,SX316,FGCS0
835241,835543,302,SA1,FTLG0
835543,835925,382,SX336,FBMJ0
835925,836155,230,SX326,FDAW0
836155,836378,223,SA1,MGES0
836378,836584,206,SX158,FECD0
836584,836949,365,SI491,MEFG0
836949,837156,207,SX342,MTWH1
837156,837443,287,SX250,MTPR0
837443,837747,304,SX437,FRJB0
837747,837955,208,SX123,MTPG0
837955,838174,219,SX417,MBCG0
838174,838419,245,SA2,MDLH0
838419,838636,217,SX246,MSJK0
838636,838838,202,SI504,MTLB0
838838,839170,332,SI817,MCAE0
839170,839541,371,SX169,MRJH0
839541,839913,372,SI507,FLET0
839913,840181,268,SA1,FDAW0
840181,840404,223,SA2,FKLC0
840404,840636,232,SX294,MMVP0
840636,840961,325,SA1,MRRE0
840961,841147,186,SI2339,MMGG0
841147,841350,203,SX114,MEDR0
841350,841509,159,SI1855,MLJC0
841509,841684,175,SX168,MDBP0
841684,841938,254,SA1,MJPM1
841938,842167,229,SI1247,MBJV0
842167,842418,251,SX142,MJDG0
842418,842685,267,SA1,MJAC0
842685,842909,224,SX421,FJLR0
842909,843124,215,SX114,MCPM0
843124,843386,262,SA1,FNTB0
843386,843599,213,SA2,MDTB0
843599,843773,174,SX87,MRDS0
843773,844016,243,SX392,MDMT0
844016,844193,177,SX131,MJPM1
844193,844437,244,SX406,MPAR0
844437,844679,242,SX7,FMJB0
844679,844907,228,SA2,MARW0
844907,845128,221,SI2096,FVMH0
845128,845457,329,SI1436,MWDK0
845457,845800,343,SI987,MMDB0
845800,846073,273,SX259,FSBK0
846073,846374,301,SX292,MTJS0
846374,846562,188,SI1547,MEAL0
846562,846861,299,SX428,MJHI0
846861,847225,364,SI1290,FKKH0
847225,847505,280,SX256,MLEL0
847505,847820,315,SX170,MTRC0
847820,848044,224,SA2,MAEB0
848044,848349,305,SX359,MDHL0
848349,848574,225,SX66,FBMJ0
848574,848803,229,SI542,MJXL0
848803,849049,246,SX151,MABC0
849049,849347,298,SI976,MWGR0
849347,849562,215,SX412,MJDG0
849562,849787,225,SA2,MMWS0
849787,849979,192,SX69,FTAJ0
849979,850139,160,SX249,FDML0
850139,850450,311,SA1,FLAG0
850450,850624,174,SX210,MTAT0
850624,850914,290,SA1,FEME0
850914,851102,188,SX263,MHIT0
851102,851362,260,SX326,FBCH0
851362,851649,287,SX247,MVLO0
851649,851944,295,SI1890,MDWD0
851944,852046,102,SI2113,MSDH0
852046,852263,217,SX405,MJRH0
852263,852559,296,SX351,MPRD0
852559,852675,116,SX307,FCJF0
852675,852940,265,SI1126,MMAG0
852940,853093,153,SI2201,MKLW0
853093,853340,247,SX258,MDBP0
853340,853662,322,SI2324,MTMN0
853662,853908,246,SX244,MKAJ0
853908,854206,298,SX361,MTQC0
854206,854481,275,SX172,FMKC0
854481,854724,243,SX267,MMDB0
854724,855150,426,SI940,FSJG0
855150,855418,268,SX155,MRDM0
855418,855670,252,SX398,MRAB1
855670,855928,258,SX268,FCLT0
855928,856141,213,SA2,MJEE0
856141,856519,378,SI632,MSFV0
856519,856733,214,SX239,MPGR1
856733,857173,440,SX352,FJRP1
857173,857428,255,SX338,FETB0
857428,857651,223,SA1,MMGK0
857651,857851,200,SA2,MRMH0
857851,858146,295,SA1,MBMA1
858146,858328,182,SA2,MSRG0
858328,858550,222,SI660,FKKH0
858550,858809,259,SI2059,MRSP0
858809,858976,167,SX177,MSDS0
858976,859289,313,SX438,MMCC0
859289,859611,322,SI2159,FSKL0
859611,859805,194,SX447,MCHL0
859805,860020,215,SX302,MCDC0
860020,860274,254,SI1335,MGJC0
860274,860588,314,SI1537,FMMH0
860588,860928,340,SX387,FDMY0
860928,861229,301,SX160,MJRK0
861229,861507,278,SA1,MKAG0
861507,861716,209,SX270,MDED0
861716,861977,261,SA1,MVLO0
861977,862261,284,SA1,MBWP0
862261,862534,273,SX321,MSRG0
862534,862754,220,SI1923,MAPV0
862754,862977,223,SA1,MAFM0
862977,863198,221,SX296,MSAS0
863198,863506,308,SX174,FLHD0
863506,863702,196,SI1249,MFWK0
863702,863888,186,SX59,MTAT1
863888,864060,172,SX238,FDFB0
864060,864418,358,SI1018,FMKF0
864418,864763,345,SI1063,FAPB0
864763,865076,313,SI1221,MSRG0
865076,865254,178,SI1526,MSAT0
865254,865428,174,SI1696,MDKS0
865428,865627,199,SX244,MDLM0
865627,865809,182,SX436,MRFL0
865809,866047,238,SX429,MLBC0
866047,866368,321,SX160,MMDG0
866368,866538,170,SX158,MKLN0
866538,866720,182,SI1877,MBJV0
866720,866914,194,SX342,MWAD0
866914,867082,168,SI607,MJEE0
867082,867295,213,SI1703,MSAT1
867295,867497,202,SX152,MEJL0
867497,867840,343,SX349,FCYL0
867840,868082,242,SX179,MMGG0
868082,868433,351,SX324,MMAB1
868433,868643,210,SX45,MMGC0
868643,868747,104,SI1835,MJRP0
868747,868930,183,SX62,MMGK0
868930,869364,434,SI1340,MJDM0
869364,869658,294,SI629,MMXS0
869658,869939,281,SX155,FEME0
869939,870191,252,SX162,MRAI0
870191,870456,265,SI1857,MTRT0
870456,870736,280,SA2,FGCS0
870736,870956,220,SX145,MWAR0
870956,871176,220,SA2,FBMJ0
871176,871423,247,SX360,MSEM1
871423,871717,294,SX428,FECD0
871717,871992,275,SI1707,MSDS0
871992,872212,220,SA1,MGAF0
872212,872455,243,SA2,MJLS0
872455,872718,263,SX96,FMKF0
872718,873070,352,SI454,MTKP0
873070,873278,208,SI573,FNTB0
873278,873477,199,SX213,MTPG0
873477,873674,197,SI2181,FTBR0
873674,873927,253,SA1,MRLR0
873927,874149,222,SX63,MMDM1
874149,874354,205,SX415,MCEF0
874354,874580,226,SX76,MWGR0
874580,874833,253,SX330,MRDD0
874833,875076,243,SX120,MDTB0
875076,875310,234,SI1666,MGAK0
875310,875573,263,SI2248,FGDP0
875573,875745,172,SI2112,MRPC1
875745,875937,192,SX42,MGAR0
875937,876294,357,SI814,MKDT0
876294,876546,252,SI2085,MDJM0
876546,876724,178,SX354,MDLC2
876724,876937,213,SX114,MREE0
876937,877181,244,SA1,MCPM0
877181,877513,332,SI937,MKDD0
877513,877755,242,SI1803,MTBC0
877755,878037,282,SX61,FJLR0
878037,878338,301,SA1,MKLS0
878338,878638,300,SX141,MSRR0
878638,878874,236,SX87,MSDS0
878874,879203,329,SX437,MTER0
879203,879455,252,SX243,MDLR0
879455,879771,316,SX215,MPRB0
879771,880321,550,SI810,MSEM1
880321,880601,280,SA2,MJDE0
880601,880984,383,SI1389,FMJU0
880984,881268,284,SX401,FJXM0
881268,881501,233,SX256,MDKS0
881501,881698,197,SI2105,MMAA0
881698,881930,232,SI1316,MKAM0
881930,882155,225,SX150,MWEM0
882155,882413,258,SA1,MJLG1
882413,882583,170,SX269,MMGG0
882583,882827,244,SX287,MADC0
882827,883067,240,SX176,MSAT0
883067,883236,169,SI1711,FDKN0
883236,883632,396,SI1123,MDEF0
883632,883849,217,SX92,FTMG0
883849,884092,243,SX354,MAJP0
884092,884229,137,SX150,MPGR0
884229,884636,407,SI556,FCDR1
884636,884857,221,SX253,FPMY0
884857,885061,204,SA2,MEJL0
885061,885295,234,SX375,MKXL0
885295,885550,255,SA2,FEAC0
885550,885710,160,SI2013,MTPG0
885710,885932,222,SX56,FBMH0
885932,886158,226,SX15,MDJM0
886158,886382,224,SX356,MJLB0
886382,886526,144,SI1651,MDPS0
886526,886789,263,SX152,MJBG0
886789,886989,200,SI2177,MEAL0
886989,887221,232,SX145,MSMR0
887221,887525,304,SX387,FMEM0
887525,887824,299,SA1,MPRD0
887824,888084,260,SA1,FMMH0
888084,888305,221,SA2,MADD0
888305,888397,92,SI1111,FCKE0
888397,888705,308,SX7,MCAE0
888705,889062,357,SI922,FBJL0
889062,889247,185,SX186,FMKF0
889247,889416,169,SX334,MRLD0
889416,889831,415,SI1257,FKLH0
889831,890117,286,SX165,FEAC0
890117,890302,185,SX221,MGES0
890302,890514,212,SX325,MLJC0
890514,890688,174,SX261,MTDP0
890688,890931,243,SI747,FMEM0
890931,891138,207,SA2,MRDD0
891138,891370,232,SI505,MBTH0
891370,891606,236,SA2,MFER0
891606,891878,272,SI870,MREW1
891878,891978,100,SX231,MTDB0
891978,892183,205,SX339,FDML0
892183,892436,253,SI855,MVRW0
892436,892730,294,SX212,MDRD0
892730,892923,193,SI2193,MDEF0
892923,893029,106,SI1481,MGES0
893029,893246,217,SA2,MJAI0
893246,893455,209,SI671,FSRH0
893455,893684,229,SA1,MPEB0
893684,894023,339,SI1305,MMGC0
894023,894265,242,SI782,MPPC0
894265,894489,224,SX398,MMEA0
894489,894678,189,SX106,MJRG0
894678,895101,423,SX220,FSJG0
895101,895294,193,SX72,FMPG0
895294,895535,241,SX155,MDCD0
895535,895893,358,SA2,FSJG0
895893,896268,375,SX161,MRML0
896268,896532,264,SX240,MWEM0
896532,896654,122,SI2341,MDMT0
896654,896898,244,SX426,FSKC0
896898,897078,180,SX270,MDHS0
897078,897300,222,SA2,MDLR1
897300,897495,195,SI2239,MKAG0
897495,897760,265,SA1,MDNS0
897760,898094,334,SX136,MMAG0
898094,898373,279,SA2,MSFH0
898373,898555,182,SX17,MTKD0
898555,898801,246,SI1619,MMWB0
898801,899021,220,SX354,FJSP0
899021,899234,213,SX112,MRWS0
899234,899422,188,SX75,MFRM0
899422,899667,245,SA1,MDSS1
899667,900060,393,SI1258,MPFU0
900060,900362,302,SI700,MDLH0
900362,900589,227,SA2,MCDC0
900589,900731,142,SX30,MTAT0
900731,901058,327,SI1259,FPJF0
901058,901360,302,SX268,FLJA0
901360,901585,225,SI2218,MHRM0
901585,901794,209,SX305,FDJH0
901794,901992,198,SX246,FSLS0
901992,902112,120,SI1612,FBCG1
902112,902315,203,SX344,MCDR0
902315,902558,243,SA1,MKRG0
902558,902832,274,SX375,MEFG0
902832,903129,297,SA1,FPMY0
903129,903361,232,SX180,MRMG0
903361,903562,201,SI1592,MEJL0
903562,903722,160,SI2285,FSJK1
903722,903961,239,SI457,MGXP0
903961,904126,165,SX158,MJHI0
904126,904416,290,SI648,FCJF0
904416,904619,203,SX37,MTLC0
904619,904914,295,SX161,FSPM0
904914,905169,255,SA1,MTLC0
905169,905488,319,SI2145,MRHL0
905488,905722,234,SX82,MRGM0
905722,905861,139,SI1269,MPGR1
905861,906040,179,SX66,MAEO0
906040,906310,270,SA1,MCSS0
906310,906444,134,SI1860,MPEB0
906444,906628,184,SI1990,FGRW0
906628,906873,245,SX360,MRMG0
906873,907134,261,SI1440,MSEM1
907134,907278,144,SX436,FLJD0
907278,907507,229,SX264,MGSL0
907507,907888,381,SI1841,MBGT0
907888,908094,206,SX82,FBCG1
908094,908343,249,SX353,MHIT0
908343,908568,225,SX55,FREH0
908568,908751,183,SI2017,MWDK0
908751,909020,269,SA1,FSLS0
909020,909293,273,SX426,MSJK0
909293,909555,262,SI1281,MBEF0
909555,909929,374,SX232,MRTJ0
909929,910161,232,SI1276,MARW0
910161,910559,398,SI952,MRRE0
910559,910698,139,SX195,MHMG0
910698,910879,181,SX270,MCTM0
910879,911214,335,SI842,MCEF0
911214,911378,164,SA2,MEAL0
911378,911583,205,SX353,MMDS0
911583,912012,429,SI620,FLKM0
912012,912284,272,SI1234,MDLM0
912284,912514,230,SA2,MTMN0
912514,912762,248,SX128,MSVS0
912762,912965,203,SA2,MDPB0
912965,913229,264,SA2,MFMC0
913229,913404,175,SX315,MVRW0
913404,913662,258,SI520,MMDG0
913662,913881,219,SX79,MFWK0
913881,914098,217,SX69,MLBC0
914098,914293,195,SX85,FTBW0
914293,914673,380,SI1207,FKDW0
914673,914921,248,SX152,FJSK0
914921,915096,175,SX210,MDTB0
915096,915359,263,SA1,MCHL0
915359,915586,227,SA2,MKAM0
915586,915938,352,SI1260,MDWD0
915938,916195,257,SI1602,FMPG0
916195,916349,154,SI1796,MZMB0
916349,916745,396,SI1412,MPPC0
916745,917160,415,SI794,MJSR0
917160,917429,269,SA1,FLAC0
917429,917645,216,SX270,MRMG0
917645,917952,307,SI1883,MKES0
917952,918194,242,SX79,MKAG0
918194,918448,254,SX82,FNKL0
918448,918680,232,SX360,MAEB0
918680,918905,225,SA1,MLNS0
918905,919081,176,SX85,MDLC1
919081,919261,180,SX447,MRDS0
919261,919465,204,SI1125,MJRH0
919465,919600,135,SX30,MRMS0
919600,919825,225,SA2,MBTH0
919825,920035,210,SX38,MMEA0
920035,920362,327,SX348,MRCG0
920362,920599,237,SA1,MJLB0
920599,920722,123,SI1888,MPFU0
920722,920866,144,SI1804,FCAJ0
920866,921151,285,SI1731,FEXM0
921151,921312,161,SX127,FBAS0
921312,921582,270,SA1,FAEM0
921582,921825,243,SX401,MCRE0
921825,922045,220,SX241,FLEH0
922045,922302,257,SI827,MJJM0
922302,922672,370,SI525,MGXP0
922672,922973,301,SA1,FDJH0
922973,923275,302,SI798,MRCG0
923275,923488,213,SX83,MHIT0
923488,923736,248,SX206,MVJH0
923736,923938,202,SI2274,MBOM0
923938,924182,244,SX302,MDRD0
924182,924565,383,SX311,FJXM0
924565,924801,236,SI1936,MDLB0
924801,925072,271,SX218,FKAA0
925072,925276,204,SX416,MDPB0
925276,925510,234,SX62,MHXL0
925510,925810,300,SA1,MSMR0
925810,926024,214,SX87,MKLS0
926024,926273,249,SA1,MJWG0
926273,926534,261,SI1965,MGJC0
926534,926670,136,SI686,FLKM0
926670,926935,265,SX130,FSJG0
926935,927217,282,SX220,MDCM0
927217,927531,314,SA1,MAJP0
927531,927652,121,SI1713,MDSS1
927652,927853,201,SI1842,MGAR0
927853,928067,214,SA2,MRJM0
928067,928191,124,SI1851,MSRG0
928191,928426,235,SX259,MRSP0
928426,928730,304,SA1,FMKF0
928730,928927,197,SI1956,MAEO0
928927,929227,300,SX166,MWGR0
929227,929451,224,SA2,MTBC0
929451,929694,243,SX107,MPRK0
929694,929922,228,SA2,MNTW0
929922,930255,333,SA1,FKAA0
930255,930444,189,SX434,FRLL0
930444,930786,342,SX149,MTAT1
930786,931030,244,SX242,MHXL0
931030,931234,204,SX128,MRAB1
931234,931468,234,SA1,FCJF0
931468,931671,203,SX448,FCLT0
931671,931838,167,SI2242,FBCG1
931838,932026,188,SX355,MJMM0
932026,932251,225,SX401,FSRH0
932251,932538,287,SX338,MDEM0
932538,932729,191,SX303,MTKP0
932729,933118,389,SI852,MSTF0
933118,933290,172,SX386,MRLR0
933290,933532,242,SA1,MRHL0
933532,933708,176,SA2,FSDC0
933708,933921,213,SX56,MDPB0
933921,934097,176,SI2043,MMDM1
934097,934347,250,SX181,FLAC0
934347,934624,277,SA1,MSTF0
934624,934908,284,SX442,MTCS0
934908,935080,172,SX59,MJJB0
935080,935509,429,SA2,MAKB0
935509,935801,292,SX431,MRML0
935801,936153,352,SI868,MRJT0
936153,936364,211,SI1416,FSKC0
936364,936573,209,SX296,MJEB0
936573,936824,251,SA1,FCRZ0
936824,937033,209,SX322,MBMA0
937033,937297,264,SX442,FEAR0
937297,937622,325,SX262,FJRP1
937622,937839,217,SI1427,FRJB0
937839,938079,240,SX422,MMGK0
938079,938214,135,SX425,MTPF0
938214,938380,166,SX80,FLTM0
938380,938484,104,SX3,MBSB0
938484,938681,197,SX302,FJHK0
938681,938864,183,SX326,FPJF0
938864,939018,154,SX42,FVFB0
939018,939253,235,SX419,MBAR0
939253,939453,200,SI1917,FLOD0
939453,939769,316,SX175,MDLC1
939769,939989,220,SX285,MFXV0
939989,940165,176,SX128,MMEA0
940165,940330,165,SI722,MAKR0
940330,940516,186,SX57,MLNS0
940516,940660,144,SX21,MDAS0
940660,941059,399,SI1227,MTRT0
941059,941227,168,SX26,MVJH0
941227,941434,207,SA2,MDBB1
941434,941667,233,SX353,MSMS0
941667,941913,246,SX402,MGAR0
941913,942247,334,SA1,FSCN0
942247,942442,195,SA2,MRDM0
942442,942738,296,SI781,MABC0
942738,943043,305,SA1,MCAE0
943043,943216,173,SX384,MREE0
943216,943425,209,SX326,MDPB0
943425,943599,174,SX303,MRLK0
943599,943726,127,SI1864,MDLM0
943726,943935,209,SX51,MTDB0
943935,944157,222,SX129,MCTH0
944157,944245,88,SX70,MDLH0
944245,944470,225,SX250,MEJS0
944470,945094,624,SI1441,MTQC0
945094,945358,264,SI1058,FBLV0
945358,945666,308,SX173,MSAT1
945666,945948,282,SI2097,MJEB1
945948,946106,158,SX384,MCPM0
946106,946336,230,SX375,MDJM0
946336,946608,272,SX232,MJDG0
946608,946797,189,SI1548,MTRR0
946797,947006,209,SX157,MWRE0
947006,947125,119,SI592,MBMA0
947125,947365,240,SA1,MAEO0
947365,947659,294,SA1,MRFL0
947659,947891,232,SX55,MCEF0
947891,948179,288,SI698,MJHI0
948179,948553,374,SI1153,FPMY0
948553,948652,99,SI1031,MJDA0
948652,948957,305,SX451,MDAC0
948957,949261,304,SX450,MRMG0
949261,949485,224,SX271,FSMA0
949485,949665,180,SX399,MAFM0
949665,949857,192,SX125,FDJH0
949857,950125,268,SA1,MKES0
950125,950280,155,SI2010,FDFB0
950280,950485,205,SX399,FCAJ0
950485,950693,208,SX37,FKDW0
950693,950947,254,SX433,FCRZ0
950947,951206,259,SI1545,MKLS1
951206,951414,208,SI703,FSJW0
951414,951737,323,SA1,MMAG0
951737,951980,243,SX377,MJJM0
951980,952152,172,SI720,MCTM0
952152,952490,338,SX350,MJDM0
952490,952687,197,SI618,FCEG0
952687,952865,178,SX436,MDKS0
952865,953101,236,SX108,FDNC0
953101,953306,205,SX296,MMSM0
953306,953668,362,SI1177,FMJB0
953668,953925,257,SI2191,FDTD0
953925,954271,346,SX335,MBBR0
954271,954552,281,SX359,MDPS0
954552,954740,188,SX429,FTAJ0
954740,954934,194,SI2160,MDHS0
954934,955206,272,SX232,MFER0
955206,955406,200,SA2,MCTM0
955406,955634,228,SX46,MSFH0
955634,956033,399,SI667,FCYL0
956033,956384,351,SI916,MDWM0
956384,956641,257,SA1,MTRT0
956641,956809,168,SI1869,MLBC0
956809,957054,245,SX112,FBJL0
957054,957290,236,SX400,MTJU0
957290,957641,351,SI1480,MDCM0
957641,957993,352,SI797,MGSL0
957993,958283,290,SA1,FLJG0
958283,958865,582,SI2302,FHXS0
958865,959052,187,SI1863,MDLR0
959052,959303,251,SA1,FSKL0
959303,959499,196,SI986,MJLB0
959499,959699,200,SX132,FVFB0
959699,959889,190,SI611,FSPM0
959889,960194,305,SX430,MEJS0
960194,960549,355,SI701,MJAC0
960549,960777,228,SX180,MCTM0
960777,961089,312,SI1913,FCRZ0
961089,961226,137,SI2338,FLJA0
961226,961441,215,SA2,MLNS0
961441,961654,213,SI1700,FLTM0
961654,962022,368,SA1,FLMK0
962022,962278,256,SI1880,FLKM0
962278,962583,305,SX329,MJJB0
962583,962779,196,SX6,FALK0
962779,962887,108,SI2122,MFER0
962887,963182,295,SI2121,MKRG0
963182,963456,274,SX366,MNET0
963456,963712,256,SX377,MADC0
963712,964027,315,SA1,FSAG0
964027,964418,391,SI562,MTJS0
964418,964618,200,SX244,MRLD0
964618,964974,356,SX432,FGRW0
964974,965286,312,SI862,MFER0
965286,965593,307,SA1,FKKH0
965593,965891,298,SA1,FDAS1
965891,966067,176,SI1950,MWEM0
966067,966334,267,SX60,MRDD0
966334,966598,264,SA1,FBLV0
966598,966841,243,SA1,MJMA0
