raw_start,raw_end,raw_length,Speaker
0,43623,43623,SA1
43623,86529,42906,SX68
86529,145000,58471,SA1
145000,179816,34816,SI1694
179816,245762,65946,SX346
245762,336489,90727,SI1447
336489,383696,47207,SX68
383696,421892,38196,SX238
421892,466744,44852,SI793
466744,521733,54989,SX88
521733,572217,50484,SI1806
572217,607033,34816,SX130
607033,657312,50279,SA2
657312,689671,32359,SX30
689671,743943,54272,SI2167
743943,793607,49664,SX377
793607,834465,40858,SX157
834465,891400,56935,SX341
891400,933487,42087,SI2069
933487,969737,36250,SI1374
969737,1014179,44442,SX144
1014179,1059850,45671,SI1772
1059850,1111767,51917,SX330
1111767,1153137,41370,SA2
1153137,1198808,45671,SX169
1198808,1253388,54580,SI1324
1253388,1286566,33178,SX111
1286566,1327629,41063,SI2235
1327629,1358759,31130,SX90
1358759,1412929,54170,SX54
1412929,1474369,61440,SI1113
1474369,1519528,45159,SX345
1519528,1562639,43111,SX264
1562639,1588547,25908,SX177
1588547,1649680,61133,SA1
1649680,1745527,95847,SI1306
1745527,1813931,68404,SI1712
1813931,1882847,68916,SX333
1882847,1915718,32871,SX177
1915718,1951866,36148,SX237
1951866,1992519,40653,SI1907
1992519,2040135,47616,SX351
2040135,2078433,38298,SI1922
2078433,2113454,35021,SX35
2113454,2157486,44032,SX397
2157486,2213294,55808,SX156
2213294,2253538,40244,SI1931
2253538,2302588,49050,SA2
2302588,2341193,38605,SX112
2341193,2391472,50279,SX423
2391472,2455472,64000,SX367
2455472,2510871,55399,SX122
2510871,2577739,66868,SX336
2577739,2619416,41677,SX325
2619416,2655564,36148,SI1925
2655564,2705433,49869,SI2060
2705433,2746393,40960,SX358
2746393,2802509,56116,SX122
2802509,2834253,31744,SX27
2834253,2884122,49869,SX326
2884122,2945255,61133,SI2268
2945255,2991540,46285,SI668
2991540,3053492,61952,SI651
3053492,3069262,15770,SI1658
3069262,3110632,41370,SI877
3110632,3192450,81818,SI637
3192450,3266076,73626,SX166
3266076,3306729,40653,SI1119
3306729,3356291,49562,SX288
3356291,3408413,52122,SI1875
3408413,3458282,49869,SX401
3458282,3496887,38605,SA2
3496887,3544299,47412,SX52
3544299,3586386,42087,SI487
3586386,3661343,74957,SI805
3661343,3710188,48845,SX248
3710188,3744288,34100,SX30
3744288,3784736,40448,SX79
3784736,3834093,49357,SI1831
3834093,3869831,35738,SX441
3869831,3907412,37581,SI1067
3907412,3985236,77824,SI1271
3985236,4053230,67994,SI2150
4053230,4095726,42496,SX131
4095726,4145800,50074,SX164
4145800,4180104,34304,SI1238
4180104,4215535,35431,SI1668
4215535,4267247,51712,SI907
4267247,4318755,51508,SX395
4318755,4357667,38912,SX419
4357667,4396170,38503,SX186
4396170,4442046,45876,SA2
4442046,4477374,35328,SX248
4477374,4548645,71271,SX435
4548645,4581004,32359,SX307
4581004,4635174,54170,SX329
4635174,4694054,58880,SX178
4694054,4742182,48128,SA2
4742182,4794714,52532,SX178
4794714,4835265,40551,SX302
4835265,4878581,43316,SA2
4878581,4918722,40141,SI1728
4918722,4991017,72295,SX335
4991017,5030953,39936,SI681
5030953,5104579,73626,SX153
5104579,5179946,75367,SX175
5179946,5218449,38503,SX22
5218449,5291461,73012,SX220
5291461,5336108,44647,SA2
5336108,5411987,75879,SI796
5411987,5452026,40039,SX261
5452026,5488788,36762,SX114
5488788,5523195,34407,SX303
5523195,5591087,67892,SI1255
5591087,5628156,37069,SI2156
5628156,5677923,49767,SX255
5677923,5724003,46080,SA2
5724003,5756976,32973,SX127
5756976,5813399,56423,SI1778
5813399,5870948,57549,SX442
5870948,5925220,54272,SX342
5925220,6007038,81818,SA1
6007038,6044210,37172,SX78
6044210,6103910,59700,SA1
6103910,6142310,38400,SX399
6142310,6190541,48231,SX60
6190541,6238055,47514,SI515
6238055,6271745,33690,SI652
6271745,6318747,47002,SX362
6318747,6370152,51405,SX18
6370152,6414696,44544,SX448
6414696,6456988,42292,SI1944
6456988,6507267,50279,SX431
6507267,6543722,36455,SX322
6543722,6589700,45978,SA2
6589700,6628920,39220,SX397
6628920,6673464,44544,SI1042
6673464,6714322,40858,SX159
6714322,6779756,65434,SI636
6779756,6823276,43520,SX156
6823276,6891372,68096,SI482
6891372,6933152,41780,SX211
6933152,6982304,49152,SX64
6982304,7023162,40858,SI1769
7023162,7074772,51610,SA2
7074772,7132731,57959,SX435
7132731,7201237,68506,SX331
7201237,7244757,43520,SX234
7244757,7281519,36762,SI1876
7281519,7310601,29082,SX196
7310601,7350025,39424,SX270
7350025,7391395,41370,SA1
7391395,7432867,41472,SA2
7432867,7512637,79770,SI604
7512637,7569572,56935,SI536
7569572,7623332,53760,SA1
7623332,7671665,48333,SX218
7671665,7728600,56935,SX63
7728600,7760447,31847,SX21
7760447,7810828,50381,SI1505
7810828,7861516,50688,SA1
7861516,7917427,55911,SX444
7917427,7965863,48436,SX56
7965863,8026279,60416,SI744
8026279,8077172,50893,SA1
8077172,8125505,48333,SA2
8125505,8202613,77108,SI1428
8202613,8270402,67789,SI945
8270402,8341980,71578,SI682
8341980,8413558,71578,SI2052
8413558,8478070,64512,SX176
8478070,8533571,55501,SI851
8533571,8578218,44647,SX300
8578218,8632286,54068,SX222
8632286,8673246,40960,SA2
8673246,8728338,55092,SA1
8728338,8776159,47821,SA2
8776159,8827667,51508,SI806
8827667,8867706,40039,SX111
8867706,8899860,32154,SX42
8899860,8951572,51712,SI1211
8951572,9021204,69632,SI1342
9021204,9077217,56013,SA2
9077217,9137121,59904,SI1801
9137121,9178081,40960,SI1955
9178081,9283758,105677,SI1432
9283758,9320213,36455,SX300
9320213,9383804,63591,SX58
9383804,9422614,38810,SX340
9422614,9475965,53351,SX342
9475965,9517745,41780,SI1862
9517745,9564030,46285,SX24
9564030,9597003,32973,SI2264
9597003,9655986,58983,SX219
9655986,9731865,75879,SI2021
9731865,9795456,63591,SX181
9795456,9835085,39629,SX238
9835085,9886797,51712,SI699
9886797,9932365,45568,SA1
9932365,9978445,46080,SX135
9978445,10045722,67277,SA1
10045722,10080948,35226,SX31
10080948,10124878,43930,SX443
10124878,10168808,43930,SX376
10168808,10223388,54580,SA1
10223388,10250934,27546,SI2319
10250934,10324867,73933,SX321
10324867,10399312,74445,SA2
10399312,10441092,41780,SI1575
10441092,10505400,64308,SX431
10505400,10549125,43725,SA1
10549125,10594386,45261,SX45
10594386,10618041,23655,SI557
10618041,10655417,37376,SX31
10655417,10711737,56320,SX256
10711737,10759558,47821,SX260
10759558,10802157,42599,SX85
10802157,10831956,29799,SX27
10831956,10882952,50996,SI1320
10882952,10949615,66663,SI2020
10949615,11019657,70042,SX170
11019657,11075158,55501,SA1
11075158,11131786,56628,SX433
11131786,11189130,57344,SA2
11189130,11241764,52634,SX77
11241764,11265521,23757,SX231
11265521,11294705,29184,SI1636
11294705,11343755,49050,SX397
11343755,11380722,36967,SX391
11380722,11414719,33997,SX204
11414719,11464998,50279,SX75
11464998,11538010,73012,SX349
11538010,11597914,59904,SI1802
11597914,11638670,40756,SA2
11638670,11696526,57856,SX424
11696526,11744245,47719,SA1
11744245,11807119,62874,SI753
11807119,11849103,41984,SX74
11849103,11883817,34714,SX75
11883817,11923549,39732,SX322
11923549,11994308,70759,SI1756
11994308,12043460,49152,SX340
12043460,12071416,27956,SX187
12071416,12121388,49972,SI2195
12121388,12176889,55501,SX41
12176889,12249593,72704,SI1692
12249593,12293728,44135,SX35
12293728,12346157,52429,SX17
12346157,12398689,52532,SI990
12398689,12441595,42906,SI1682
12441595,12491567,49972,SX271
12491567,12533961,42394,SI1774
12533961,12596016,62055,SI609
12596016,12638000,41984,SX296
12638000,12661143,23143,SI2234
12661143,12713572,52429,SI1442
12713572,12765694,52122,SI1600
12765694,12783102,17408,SX231
12783102,12840446,57344,SA1
12840446,12892670,52224,SA2
12892670,12932402,39732,SA2
12932402,12970598,38196,SA2
12970598,13004083,33485,SX217
13004083,13046272,42189,SX434
13046272,13089076,42804,SI1893
13089076,13137000,47924,SA1
13137000,13198543,61543,SX430
13198543,13246364,47821,SI1762
13246364,13287836,41472,SI1874
13287836,13356854,69018,SA1
13356854,13399658,42804,SX158
13399658,13437034,37376,SA2
13437034,13479735,42701,SA2
13479735,13526942,47207,SA2
13526942,13578962,52020,SX242
13578962,13645522,66560,SI1326
13645522,13684332,38810,SX204
13684332,13730310,45978,SX418
13730310,13762874,32564,SI1511
13762874,13856673,93799,SI895
13856673,13890056,33383,SI463
13890056,13936648,46592,SX147
13936648,13976789,40141,SA2
13976789,14067516,90727,SI2131
14067516,14146160,78644,SI1966
14146160,14177700,31540,SI713
14177700,14222244,44544,SX183
14222244,14297201,74957,SI1458
14297201,14343077,45876,SA2
14343077,14411685,68608,SI1433
14411685,14449778,38093,SX182
14449778,14487052,37274,SX344
14487052,14536102,49050,SI1456
14536102,14607987,71885,SX362
14607987,14656115,48128,SI1974
14656115,14697792,41677,SA2
14697792,14738445,40653,SI2321
14738445,14794561,56116,SX212
14794561,14840949,46388,SA2
14840949,14879861,38912,SX33
14879861,14941916,62055,SX437
14941916,14994550,52634,SX448
14994550,15062237,67687,SX398
15062237,15136477,74240,SI1455
15136477,15172727,36250,SX296
15172727,15218500,45773,SA1
15218500,15257515,39015,SX390
15257515,15278815,21300,SI2130
15278815,15335545,56730,SX451
15335545,15379782,44237,SI750
15379782,15428218,48436,SX376
15428218,15461601,33383,SX33
15461601,15483515,21914,SI1973
15483515,15561851,78336,SX352
15561851,15597487,35636,SI1171
15597487,15622678,25191,SI1506
15622678,15667427,44749,SA2
15667427,15719856,52429,SI759
15719856,15764605,44749,SX51
15764605,15800548,35943,SX325
15800548,15845502,44954,SX89
15845502,15915339,69837,SA1
15915339,15973093,57754,SA1
15973093,16013644,40551,SX33
16013644,16053683,40039,SA2
16053683,16111027,57344,SI2037
16111027,16141952,30925,SX177
16141952,16210356,68404,SI861
16210356,16257870,47514,SX262
16257870,16333032,75162,SI661
16333032,16385768,52736,SI687
16385768,16414236,28468,SX257
16414236,16465641,51405,SX179
16465641,16503837,38196,SX303
16503837,16553092,49255,SI751
16553092,16618219,65127,SX333
16618219,16671775,53556,SA1
16671775,16742022,70247,SX432
16742022,16765267,23245,SI1576
16765267,16805101,39834,SX71
16805101,16867668,62567,SX450
16867668,16919790,52122,SX268
16919790,16984200,64410,SI2187
16984200,17035400,51200,SA1
17035400,17069192,33792,SI914
17069192,17121212,52020,SA2
17121212,17160329,39117,SA2
17160329,17215216,54887,SX414
17215216,17266212,50996,SA2
17266212,17310756,44544,SX222
17310756,17354788,44032,SI1242
17354788,17409265,54477,SI1873
17409265,17469374,60109,SX439
17469374,17542898,73524,SX362
17542898,17592767,49869,SA2
17592767,17642534,49767,SX265
17642534,17744627,102093,SX438
17744627,17789171,44544,SX79
17789171,17826445,37274,SI2322
17826445,17860442,33997,SA2
17860442,17920858,60416,SA2
17920858,17970318,49460,SI1027
17970318,18012405,42087,SX337
18012405,18066268,53863,SA1
18066268,18104976,38708,SX252
18104976,18149623,44647,SA1
18149623,18200004,50381,SA2
18200004,18247211,47207,SX211
18247211,18286226,39015,SX157
18286226,18338553,52327,SA1
18338553,18389753,51200,SA1
18389753,18424057,34304,SX266
18424057,18481401,57344,SX301
18481401,18551955,70554,SI1250
18551955,18625274,73319,SI960
18625274,18675450,50176,SI1740
18675450,18715898,40448,SX187
18715898,18794746,78848,SI575
18794746,18842772,48026,SX84
18842772,18890184,47412,SX417
18890184,18929199,39015,SI1393
18929199,18977430,48231,SX180
18977430,19034160,56730,SI1385
19034160,19080650,46490,SX69
19080650,19134001,53351,SX169
19134001,19179877,45876,SX331
19179877,19206706,26829,SX237
19206706,19256063,49357,SX213
19256063,19311257,55194,SX321
19311257,19386931,75674,SX136
19386931,19433216,46285,SI1509
19433216,19478272,45056,SX112
19478272,19531418,53146,SX418
19531418,19568282,36864,SI1277
19568282,19608423,40141,SA2
19608423,19648257,39834,SI2032
19648257,19689320,41063,SX198
19689320,19730280,40960,SA1
19730280,19765506,35226,SX277
19765506,19834319,68813,SI1854
19834319,19879990,45671,SI1438
19879990,19941226,61236,SI758
19941226,20003076,61850,SI1485
20003076,20077521,74445,SA1
20077521,20160363,82842,SI2198
20160363,20217195,56832,SA2
20217195,20262354,45159,SA1
20262354,20319084,56730,SI2007
20319084,20366598,47514,SI599
20366598,20400390,33792,SA2
20400390,20446675,46285,SX392
20446675,20482925,36250,SI1345
20482925,20524602,41677,SX262
20524602,20558190,33588,SI2094
20558190,20597717,39527,SI597
20597717,20636527,38810,SA2
20636527,20684451,47924,SI2252
20684451,20721008,36557,SX24
20721008,20758794,37786,SX77
20758794,20805284,46490,SX204
20805284,20859249,53965,SX266
20859249,20928472,69223,SI1951
20928472,20968306,39834,SA2
20968306,21017049,48743,SI626
21017049,21061696,44647,SI1351
21061696,21122624,60928,SX171
21122624,21176180,53556,SI1605
21176180,21222260,46080,SX421
21222260,21273051,50791,SA1
21273051,21319643,46592,SX337
21319643,21371970,52327,SI1797
21371970,21410063,38093,SX248
21410063,21455631,45568,SX315
21455631,21521782,66151,SX178
21521782,21582710,60928,SX310
21582710,21617834,35124,SX157
21617834,21655722,37888,SI1793
21655722,21707742,52020,SI1439
21707742,21757509,49767,SX271
21757509,21800722,43213,SA2
21800722,21861548,60826,SX418
21861548,21893497,31949,SX177
21893497,21934560,41063,SX248
21934560,21965280,30720,SI2227
21965280,22063175,97895,SI871
22063175,22119188,56013,SA2
22119188,22165678,46490,SA1
22165678,22197320,31642,SX177
22197320,22238997,41677,SI1486
22238997,22285487,46490,SI2289
22285487,22332591,47104,SA1
22332591,22374268,41677,SX148
22374268,22412156,37888,SX331
22412156,22468579,56423,SX73
22468579,22508003,39424,SA2
22508003,22554288,46285,SI977
22554288,22595863,41575,SA2
22595863,22640510,44647,SX148
22640510,22674302,33792,SI1987
22674302,22745368,71066,SX327
22745368,22802610,57242,SX449
22802610,22834559,31949,SX241
22834559,22870195,35636,SI2331
22870195,22931328,61133,SX174
22931328,22986010,54682,SA1
22986010,23023284,37274,SI1151
23023284,23085134,61850,SX178
23085134,23131010,45876,SI1684
23131010,23183030,52020,SX60
23183030,23219894,36864,SI588
23219894,23290550,70656,SI1957
23290550,23345130,54580,SA1
23345130,23379230,34100,SI876
23379230,23410667,31437,SX93
23410667,23452242,41575,SI1252
23452242,23485420,33178,SX355
23485420,23540204,54784,SX321
23540204,23587308,47104,SA2
23587308,23626220,38912,SI1565
23626220,23663187,36967,SI2154
23663187,23739987,76800,SI737
23739987,23784327,44340,SA2
23784327,23819246,34919,SX255
23819246,23842286,23040,SX17
23842286,23892155,49869,SA2
23892155,23937723,45568,SI1671
23937723,23979093,41370,SX285
23979093,24033161,54068,SX321
24033161,24072995,39834,SI717
24072995,24130544,57549,SA1
24130544,24179287,48743,SI1755
24179287,24225879,46592,SA2
24225879,24265918,40039,SA2
24265918,24316402,50484,SA2
24316402,24355212,38810,SX26
24355212,24418393,63181,SI1507
24418393,24498777,80384,SI864
24498777,24536358,37581,SA1
24536358,24597901,61543,SA1
24597901,24663130,65229,SX120
24663130,24700711,37581,SX86
24700711,24748737,48026,SI1332
24748737,24792872,44135,SI762
24792872,24828610,35738,SX86
24828610,24863938,35328,SX405
24863938,24913910,49972,SA1
24913910,24962448,48538,SX163
24962448,25013341,50893,SX41
25013341,25066282,52941,SI1246
25066282,25109495,43213,SI1292
25109495,25155780,46285,SA2
25155780,25204932,49152,SA1
25204932,25242001,37069,SI1074
25242001,25323409,81408,SI1920
25323409,25370718,47309,SX243
25370718,25412190,41472,SI1107
25412190,25445061,32871,SX344
25445061,25495647,50586,SA1
25495647,25550124,54477,SX135
25550124,25596000,45876,SX85
25596000,25645972,49972,SX54
25645972,25692360,46388,SI502
25692360,25747349,54989,SA1
25747349,25807356,60007,SX422
25807356,25887843,80487,SI1339
25887843,25961981,74138,SX449
25961981,26017073,55092,SX277
26017073,26051377,34304,SX157
26051377,26111179,59802,SX167
26111179,26162175,50996,SX331
26162175,26195353,33178,SI1709
26195353,26265293,69940,SX136
26265293,26304922,39629,SI2182
26304922,26330727,25805,SX207
26330727,26373838,43111,SI2108
26373838,26450843,77005,SX311
26450843,26504808,53965,SI1471
26504808,26545973,41165,SI1382
26545973,26593385,47412,SX159
26593385,26656566,63181,SI1050
26656566,26723946,67380,SX324
26723946,26749239,25293,SI1531
26749239,26827268,78029,SI1328
26827268,26888504,61236,SX288
26888504,26947180,58676,SX76
26947180,27010361,63181,SA1
27010361,27061152,50791,SX272
27061152,27123104,61952,SA1
27123104,27154132,31028,SI1654
27154132,27211476,57344,SX260
27211476,27238817,27341,SI1861
27238817,27281518,42701,SI899
27281518,27378901,97383,SI523
27378901,27436348,57447,SA1
27436348,27491030,54682,SA1
27491030,27597424,106394,SI1422
27597424,27631319,33895,SI2092
27631319,27681905,50586,SA1
27681905,27732491,50586,SA1
27732491,27759832,27341,SX21
27759832,27819429,59597,SI1998
27819429,27847282,27853,SX31
27847282,27899097,51815,SA2
27899097,27947225,48128,SA2
27947225,27987776,40551,SX116
27987776,28040103,52327,SI1536
28040103,28088334,48231,SX173
28088334,28143733,55399,SX288
28143733,28237941,94208,SI1163
28237941,28310031,72090,SX171
28310031,28355804,45773,SX197
28355804,28396662,40858,SA2
28396662,28449808,53146,SI2046
28449808,28479402,29594,SX197
28479402,28534596,55194,SX107
28534596,28595115,60519,SI1343
28595115,28639250,44135,SX277
28639250,28699666,60416,SX440
28699666,28733458,33792,SX427
28733458,28802169,68711,SI1051
28802169,28850297,48128,SA1
28850297,28892384,42087,SA1
28892384,28951879,59495,SA1
28951879,29007073,55194,SI605
29007073,29037691,30618,SI1977
29037691,29076399,38708,SX18
29076399,29140297,63898,SI591
29140297,29183920,43623,SI1122
29183920,29232560,48640,SX56
29232560,29281815,49255,SX114
29281815,29334859,53044,SX426
29334859,29378072,43213,SA1
29378072,29439820,61748,SI1155
29439820,29480883,41063,SX81
29480883,29508634,27751,SX3
29508634,29554407,45773,SX441
29554407,29608475,54068,SX7
29608475,29649640,41165,SX285
29649640,29687324,37684,SA2
29687324,29734736,47412,SX169
29734736,29785834,51098,SX309
29785834,29821674,35840,SX86
29821674,29856183,34509,SA2
29856183,29896427,40244,SA2
29896427,29954591,58164,SX350
29954591,29994118,39527,SX386
29994118,30033030,38912,SX148
30033030,30074195,41165,SX91
30074195,30114643,40448,SX308
30114643,30148333,33690,SX445
30148333,30213972,65639,SI589
30213972,30260155,46183,SA2
30260155,30326715,66560,SI1508
30326715,30368187,41472,SX391
30368187,30417954,49767,SX155
30417954,30451644,33690,SX152
30451644,30503049,51405,SA1
30503049,30561520,58471,SI791
30561520,30612618,51098,SX222
30612618,30679690,67072,SA1
30679690,30722186,42496,SA2
30722186,30767959,45773,SI816
30767959,30813220,45261,SA2
30813220,30859403,46183,SX129
30859403,30895039,35636,SI1837
30895039,30929343,34304,SX64
30929343,31002457,73114,SI1110
31002457,31073113,70656,SI1134
31073113,31139161,66048,SI790
31139161,31184115,44954,SX172
31184115,31259789,75674,SI983
31259789,31314983,55194,SA1
31314983,31390759,75776,SI1519
31390759,31433460,42701,SI1187
31433460,31467355,33895,SX64
31467355,31498997,31642,SX195
31498997,31545692,46695,SA2
31545692,31595766,50074,SX348
31595766,31631811,36045,SA2
31631811,31685059,53248,SX154
31685059,31762167,77108,SI1816
31762167,31793604,31437,SI1414
31793604,31850744,57140,SA1
31850744,31891807,41063,SX69
31891807,31915871,24064,SI2244
31915871,31961439,45568,SX302
31961439,32003014,41575,SI2236
32003014,32045920,42906,SX71
32045920,32129684,83764,SI1152
32129684,32173409,43725,SI1261
32173409,32217851,44442,SX265
32217851,32264341,46490,SX316
32264341,32304277,39936,SX147
32304277,32348719,44442,SX159
32348719,32403913,55194,SX54
32403913,32437398,33485,SX269
32437398,32462691,25293,SX3
32462691,32528739,66048,SI1419
32528739,32577789,49050,SA1
32577789,32611172,33383,SX287
32611172,32667595,56423,SI1798
32667595,32722072,54477,SX292
32722072,32753714,31642,SX157
32753714,32797542,43828,SI512
32797542,32838502,40960,SX270
32838502,32892979,54477,SX241
32892979,32932199,39220,SI1905
32932199,32983297,51098,SX239
32983297,33024053,40756,SA2
33024053,33069109,45056,SI2071
33069109,33117647,48538,SX67
33117647,33159939,42292,SA2
33159939,33192093,32154,SX116
33192093,33234180,42087,SA2
33234180,33276267,42087,SX444
33276267,33306885,30618,SI2280
33306885,33357164,50279,SX341
33357164,33386144,28980,SI2306
33386144,33426900,40756,SX213
33426900,33478100,51200,SA1
33478100,33540974,62874,SA1
33540974,33641019,100045,SI1120
33641019,33682491,41472,SX416
33682491,33736661,54170,SX152
33736661,33782025,45364,SI1676
33782025,33822166,40141,SX147
33822166,33878691,56525,SA1
33878691,33931018,52327,SX337
33931018,33978634,47616,SX402
33978634,34024100,45466,SX416
34024100,34062091,37991,SX63
34062091,34109298,47207,SA2
34109298,34143398,34100,SI815
34143398,34167258,23860,SI1641
34167258,34205966,38708,SI480
34205966,34259214,53248,SI1788
34259214,34300891,41677,SX387
34300891,34368578,67687,SI1313
34368578,34414761,46183,SX211
34414761,34476304,61543,SX422
34476304,34541840,65536,SI1411
34541840,34581879,40039,SX271
34581879,34615262,33383,SI555
34615262,34656939,41677,SA2
34656939,34709471,52532,SA2
34709471,34752275,42804,SA1
34752275,34790778,38503,SX399
34790778,34828052,37274,SI1205
34828052,34871368,43316,SX64
34871368,34938645,67277,SI600
34938645,34988617,49972,SA1
34988617,35029168,40551,SX222
35029168,35081495,52327,SA1
35081495,35129111,47616,SA1
35129111,35186763,57652,SX173
35186763,35237144,50381,SX338
35237144,35294079,56935,SX176
35294079,35333811,39732,SI1871
35333811,35379277,45466,SX7
35379277,35435290,56013,SX438
35435290,35487822,52532,SA1
35487822,35562574,74752,SI959
35562574,35610907,48333,SI2281
35610907,35663848,52941,SX151
35663848,35710952,47104,SX123
35710952,35748226,37274,SI1790
35748226,35788367,40141,SX26
35788367,35844687,56320,SA1
35844687,35889539,44852,SA2
35889539,35935312,45773,SX382
35935312,35976989,41677,SA2
35976989,36024810,47821,SA2
36024810,36084817,60007,SX286
36084817,36118097,33280,SX415
36118097,36147486,29389,SX196
36147486,36176363,28877,SI1794
36176363,36209848,33485,SI2035
36209848,36269752,59904,SX38
36269752,36321567,51815,SX362
36321567,36382905,61338,SI1226
36382905,36442093,59188,SX327
36442093,36475066,32973,SX59
36475066,36520225,45159,SI1032
36520225,36575624,55399,SX420
36575624,36635221,59597,SA1
36635221,36673724,38503,SA2
36673724,36703830,30106,SI2314
36703830,36732195,28365,SX207
36732195,36775203,43008,SA2
36775203,36814935,39732,SX402
36814935,36893988,79053,SA1
36893988,36946520,52532,SI1366
36946520,36990655,44135,SX201
36990655,37066227,75572,SI834
37066227,37110874,44647,SI2129
37110874,37160231,49357,SI1297
37160231,37235598,75367,SI1588
37235598,37263656,28058,SX59
37263656,37306152,42496,SX147
37306152,37348751,42599,SI1737
37348751,37398415,49664,SX450
37398415,37444393,45978,SX356
37444393,37521091,76698,SX335
37521091,37563895,42804,SX381
37563895,37600043,36148,SI755
37600043,37652063,52020,SA2
37652063,37713811,61748,SX181
37713811,37781088,67277,SI1752
37781088,37841402,60314,SA2
37841402,37892090,50688,SX442
37892090,37934689,42599,SX197
37934689,38001147,66458,SX336
38001147,38060027,58880,SA1
38060027,38113071,53044,SA2
38113071,38181065,67994,SI1106
38181065,38216086,35021,SX116
38216086,38261962,45876,SX354
38261962,38307121,45159,SX135
38307121,38343576,36455,SX154
38343576,38395698,52122,SX449
38395698,38447820,52122,SI1325
38447820,38518272,70452,SI1076
38518272,38596916,78644,SI658
38596916,38658971,62055,SX160
38658971,38702594,43623,SX259
38702594,38738946,36352,SA2
38738946,38781442,42496,SX74
38781442,38828751,47309,SI2219
38828751,38874729,45978,SI1914
38874729,38918557,43828,SX393
38918557,38961156,42599,SA2
38961156,39002628,41472,SA2
39002628,39058232,55604,SA1
39058232,39113426,55194,SA2
39113426,39151314,37888,SX405
39151314,39196166,44852,SX326
39196166,39243168,47002,SX106
39243168,39281261,38093,SA2
39281261,39335124,53863,SX346
39335124,39363284,28160,SI1607
39363284,39433019,69735,SI516
39433019,39473467,40448,SI1976
39473467,39493640,20173,SX237
39493640,39545967,52327,SX264
39545967,39591331,45364,SX302
39591331,39640074,48743,SX38
39640074,39682775,42701,SI1872
39682775,39758347,75572,SI1889
39758347,39815794,57447,SA2
39815794,39863001,47207,SI585
39863001,39907955,44954,SA1
39907955,39929971,22016,SI1978
39929971,39969703,39732,SX291
39969703,40019572,49869,SA1
40019572,40075483,55911,SX432
40075483,40125352,49869,SA1
40125352,40174607,49255,SA1
40174607,40215260,40653,SX387
40215260,40247619,32359,SI2138
40247619,40292880,45261,SX444
40292880,40343364,50484,SX353
40343364,40399480,56116,SX248
40399480,40439007,39527,SX339
40439007,40493689,54682,SI558
40493689,40545401,51712,SA1
40545401,40589126,43725,SA1
40589126,40641043,51917,SA2
40641043,40703815,62772,SI1139
40703815,40777339,73524,SX432
40777339,40825160,47821,SX337
40825160,40879535,54375,SX428
40879535,40909539,30004,SX86
40909539,40954800,45261,SX305
40954800,40990128,35328,SX415
40990128,41021258,31130,SI2062
41021258,41062833,41575,SX436
41062833,41098264,35431,SX106
41098264,41155506,57242,SA1
41155506,41184281,28775,SI1008
41184281,41225241,40960,SX300
41225241,41295181,69940,SI1098
41295181,41347815,52634,SI1979
41347815,41411815,64000,SA1
41411815,41454926,43111,SA2
41454926,41515650,60724,SX336
41515650,41576783,61133,SX416
41576783,41624092,47309,SX92
41624092,41655017,30925,SI1533
41655017,41698333,43316,SA2
41698333,41745642,47309,SX235
41745642,41823569,77927,SI2282
41823569,41873029,49460,SA1
41873029,41925663,52634,SA1
41925663,41963449,37786,SX246
41963449,42002566,39117,SA2
42002566,42047110,44544,SA2
42047110,42102509,55399,SX247
42102509,42150637,48128,SX218
42150637,42184634,33997,SX31
42184634,42223034,38400,SX391
42223034,42277204,54170,SA1
42277204,42293998,16794,SX70
42293998,42354824,60826,SI2151
42354824,42394658,39834,SX285
42394658,42445961,51303,SX76
42445961,42508118,62157,SI1431
42508118,42534333,26215,SX272
42534333,42603863,69530,SX352
42603863,42647383,43520,SI832
42647383,42695102,47719,SA1
42695102,42723365,28263,SX70
42723365,42767807,44442,SA2
42767807,42817983,50176,SX256
42817983,42889663,71680,SI1075
42889663,42929599,39936,SX245
42929599,42982233,52634,SX164
42982233,43032102,49869,SA2
43032102,43081766,49664,SX219
43081766,43130816,49050,SI684
43130816,43164301,33485,SX30
43164301,43218676,54375,SX435
43218676,43262299,43623,SX400
43262299,43317186,54887,SX92
43317186,43361628,44442,SA1
43361628,43405865,44237,SI1655
43405865,43453789,47924,SX338
43453789,43502839,49050,SX419
43502839,43544209,41370,SX448
43544209,43612203,67994,SI1616
43612203,43642002,29799,SI1941
43642002,43680914,38912,SX105
43680914,43730886,49972,SI1025
43730886,43776147,45261,SA2
43776147,43839738,63591,SX439
43839738,43884385,44647,SX424
43884385,43945621,61236,SA1
43945621,43995285,49664,SX232
43995285,44039317,44032,SX411
44039317,44073826,34509,SX24
44073826,44116732,42906,SA2
44116732,44144790,28058,SI1274
44144790,44191690,46900,SX164
44191690,44229578,37888,SI1245
44229578,44279447,49869,SX244
44279447,44321636,42189,SI847
44321636,44361163,39527,SX245
44361163,44392600,31437,SI1881
44392600,44441343,48743,SI1056
44441343,44503500,62157,SX347
44503500,44551219,47719,SI1982
44551219,44613581,62362,SX58
44613581,44675533,61952,SI655
44675533,44713217,37684,SI1932
44713217,44770869,57652,SA1
44770869,44799439,28570,SI1827
44799439,44877263,77824,SI2101
44877263,44928975,51712,SX117
44928975,44991951,62976,SX352
44991951,45061071,69120,SI880
45061071,45100905,39834,SA2
45100905,45134902,33997,SA2
45134902,45176272,41370,SX69
45176272,45229111,52839,SA1
45229111,45265463,36352,SX71
45265463,45306014,40551,SI1779
45306014,45339192,33178,SX150
45339192,45407596,68404,SX435
45407596,45436371,28775,SI1158
45436371,45518701,82330,SI1571
45518701,45560890,42189,SX57
45560890,45603182,42292,SX240
45603182,45634824,31642,SI2330
45634824,45672303,37479,SI1865
45672303,45701487,29184,SX93
45701487,45739478,37991,SA2
45739478,45796310,56832,SX165
45796310,45843414,47104,SX355
45843414,45889494,46080,SI1135
45889494,45922877,33383,SX207
45922877,45981348,58471,SA2
45981348,46056408,75060,SI892
46056408,46137202,80794,SX335
46137202,46187276,50074,SX121
46187276,46236736,49460,SA1
46236736,46293568,56832,SX153
46293568,46332890,39322,SX263
46332890,46403751,70861,SI808
46403751,46446657,42906,SX355
46446657,46496731,50074,SX360
46496731,46533288,36557,SI1777
46533288,46569128,35840,SX186
46569128,46639375,70247,SX251
46639375,46695081,55706,SI789
46695081,46734608,39527,SA2
46734608,46799940,65332,SI1372
46799940,46879505,79565,SI1429
46879505,46920773,41268,SX334
46920773,46949650,28877,SI2061
46949650,46986310,36660,SI1262
46986310,47031469,45159,SX272
47031469,47079802,48333,SX219
47079802,47133153,53351,SI1286
47133153,47187221,54068,SA1
47187221,47236783,49562,SI809
47236783,47286345,49562,SA2
47286345,47316144,29799,SX24
47316144,47360688,44544,SX265
47360688,47404106,43418,SA2
47404106,47448753,44647,SX443
47448753,47483467,34714,SX26
47483467,47567333,83866,SI1395
47567333,47602457,35124,SX132
47602457,47674547,72090,SI663
47674547,47747866,73319,SX251
47747866,47780430,32564,SX81
47780430,47859176,78746,SI1202
47859176,47906178,47002,SA2
47906178,47948470,42292,SX168
47948470,47991171,42701,SI2217
47991171,48025066,33895,SI1689
48025066,48050564,25498,SI2142
48050564,48104529,53965,SX73
48104529,48157777,53248,SA2
48157777,48194846,37069,SX24
48194846,48239595,44749,SA2
48239595,48283525,43930,SX62
48283525,48348549,65024,SX382
48348549,48400569,52020,SI1677
48400569,48430061,29492,SI1167
48430061,48473274,43213,SA2
48473274,48529287,56013,SX250
48529287,48607828,78541,SI1521
48607828,48644385,36557,SI1028
48644385,48690158,45773,SX182
48690158,48739003,48845,SX222
48739003,48782933,43930,SI1675
48782933,48856457,73524,SI1908
48856457,48915645,59188,SI2206
48915645,48961316,45671,SX421
48961316,49035147,73831,SX357
49035147,49081432,46285,SI1691
49081432,49132530,51098,SA1
49132530,49175846,43316,SI898
49175846,49217626,41780,SX144
49217626,49265140,47514,SX235
49265140,49298830,33690,SI757
49298830,49375221,76391,SI524
49375221,49420994,45773,SX219
49420994,49493391,72397,SA1
49493391,49539779,46388,SI2134
49539779,49601424,61645,SI867
49601424,49625079,23655,SI1470
49625079,49661739,36660,SX163
49661739,49712939,51200,SX141
49712939,49760146,47207,SX221
49760146,49814111,53965,SA1
49814111,49859167,45056,SX40
49859167,49913337,54170,SX245
49913337,49966995,53658,SA1
49966995,50010106,43111,SI1604
50010106,50081070,70964,SI501
50081070,50123157,42087,SX6
50123157,50176508,53351,SI874
50176508,50230780,54272,SI1964
50230780,50270716,39936,SA2
50270716,50309731,39015,SX405
50309731,50354275,44544,SA1
50354275,50403837,49562,SA2
50403837,50459645,55808,SX54
50459645,50497943,38298,SX273
50497943,50549246,51303,SA2
50549246,50599115,49869,SA1
50599115,50672024,72909,SI771
50672024,50718207,46183,SX240
50718207,50756915,38708,SI2146
50756915,50789479,32564,SX225
50789479,50845492,56013,SI807
50845492,50890753,45261,SX15
50890753,50928641,37888,SI2135
50928641,51006670,78029,SI1145
51006670,51043944,37274,SA2
51043944,51101698,57754,SX212
51101698,51139996,38298,SA2
51139996,51189046,49050,SI1552
51189046,51227549,38503,SI2296
51227549,51281719,54170,SI2232
51281719,51331281,49562,SX60
51331281,51384120,52839,SX328
51384120,51445970,61850,SI1377
51445970,51500447,54477,SA1
51500447,51544172,43725,SA1
51544172,51602540,58368,SI1457
51602540,51651897,49357,SX348
51651897,51695622,43725,SA2
51695622,51743034,47412,SX145
51743034,51791674,48640,SX76
51791674,51832122,40448,SX121
51832122,51874209,42087,SA2
51874209,51923976,49767,SX351
51923976,51978965,54989,SX338
51978965,52030473,51508,SX250
52030473,52101437,70964,SI1472
52101437,52138609,37172,SI1017
52138609,52193291,54682,SA1
52193291,52236709,43418,SI1314
52236709,52269785,33076,SX207
52269785,52300403,30618,SX381
52300403,52367783,67380,SI1466
52367783,52408641,40858,SA2
52408641,52445915,37274,SX386
52445915,52500085,54170,SA1
52500085,52576373,76288,SX181
52576373,52627778,51405,SI708
52627778,52680822,53044,SA1
52680822,52730384,49562,SI1137
52730384,52755677,25293,SI1621
52755677,52799402,43725,SI1563
52799402,52829303,29901,SX3
52829303,52867499,38196,SI1497
52867499,52916651,49152,SX351
52916651,52955768,39117,SX35
52955768,53003487,47719,SI1023
53003487,53043321,39834,SX64
53043321,53103533,60212,SI541
53103533,53151047,47514,SA2
53151047,53197435,46388,SI1928
53197435,53233992,36557,SX402
53233992,53295637,61645,SI2056
53295637,53371311,75674,SI1291
53371311,53410019,38708,SA2
53410019,53454051,44032,SX390
53454051,53495114,41063,SI539
53495114,53536074,40960,SI621
53536074,53583588,47514,SX52
53583588,53616152,32564,SI1882
53616152,53698175,82023,SI490
53698175,53735142,36967,SX363
53735142,53772723,37581,SI1661
53772723,53820442,47719,SX39
53820442,53875431,54989,SX398
53875431,53924379,48948,SA1
53924379,53964827,40448,SX46
53964827,54008450,43623,SI971
54008450,54048182,39732,SX131
54048182,54126621,78439,SI792
54126621,54157341,30720,SI1520
54157341,54204855,47514,SA1
54204855,54243870,39015,SI2155
54243870,54297835,53965,SX417
54297835,54325688,27853,SX257
54325688,54381599,55911,SI849
54381599,54439148,57549,SI951
54439148,54520454,81306,SI1464
54520454,54580461,60007,SX448
54580461,54614049,33588,SX16
54614049,54665454,51405,SA1
54665454,54731912,66458,SX120
54731912,54783420,51508,SX15
54783420,54829091,45671,SX285
54829091,54904970,75879,SI879
54904970,54972145,67175,SX160
54972145,55023345,51200,SX167
55023345,55067070,43725,SX61
55067070,55103627,36557,SX377
55103627,55147659,44032,SA1
55147659,55205925,58266,SX117
55205925,55253746,47821,SA2
55253746,55269926,16180,SI2018
55269926,55327373,57447,SX426
55327373,55390657,63284,SX352
55390657,55428341,37684,SX65
55428341,55483637,55296,SX437
55483637,55549276,65639,SX116
55549276,55615324,66048,SA2
55615324,55655363,40039,SI1674
55655363,55696938,41575,SI2158
55696938,55752439,55501,SX423
55752439,55823198,70759,SI1368
55823198,55872350,49152,SX67
55872350,55916075,43725,SX316
55916075,55940344,24269,SI2144
55940344,55996255,55911,SX153
55996255,56045510,49255,SA2
56045510,56097530,52020,SX340
56097530,56163374,65844,SI1312
56163374,56268744,105370,SI714
56268744,56312060,43316,SX85
56312060,56349436,37376,SA2
56349436,56401968,52532,SI1638
56401968,56459722,57754,SX122
56459722,56520138,60416,SA1
56520138,56599806,79668,SI837
56599806,56651928,52122,SA1
56651928,56699647,47719,SA1
56699647,56732723,33076,SX81
56732723,56798976,66253,SI955
56798976,56862976,64000,SA1
56862976,56895949,32973,SX381
56895949,56923700,27751,SX307
56923700,56951963,28263,SX72
56951963,57007567,55604,SX164
57007567,57062454,54887,SX341
57062454,57144579,82125,SX349
57144579,57197213,52634,SI1235
57197213,57250052,52839,SX212
57250052,57296952,46900,SI893
57296952,57330540,33588,SX300
57330540,57369248,38708,SX271
57369248,57426388,57140,SA2
57426388,57458235,31847,SI1702
57458235,57503087,44852,SX57
57503087,57548963,45876,SA2
57548963,57603031,54068,SX259
57603031,57654743,51712,SX412
57654743,57717719,62976,SA2
57717719,57750385,32666,SX393
57750385,57818686,68301,SX166
57818686,57851045,32359,SA2
57851045,57901631,50586,SA2
57901631,57964403,62772,SX309
57964403,58017037,52634,SX122
58017037,58051034,33997,SX127
58051034,58101722,50688,SA1
58101722,58126094,24372,SX59
58126094,58175554,49460,SA1
58175554,58235254,59700,SX446
58235254,58292701,57447,SX258
58292701,58348407,55706,SX328
58348407,58383428,35021,SX85
58383428,58405342,21914,SI2141
58405342,58435448,30106,SX225
58435448,58484088,48640,SA2
58484088,58534879,50791,SX375
58534879,58566316,31437,SX125
58566316,58580960,14644,SX70
58580960,58625402,44442,SX238
58625402,58700154,74752,SI1156
58700154,58749716,49562,SA2
58749716,58783713,33997,SX445
58783713,58833889,50176,SX226
58833889,58899221,65332,SI988
58899221,58948885,49664,SI1517
58948885,58996194,47309,SI930
58996194,59042274,46080,SX186
59042274,59107913,65639,SI1410
59107913,59143753,35840,SA2
59143753,59211337,67584,SX251
59211337,59244822,33485,SI1885
59244822,59289469,44647,SI1799
59289469,59363709,74240,SI1300
59363709,59393405,29696,SI2184
59393405,59450237,56832,SX308
59450237,59469489,19252,SI1949
59469489,59526117,56628,SX343
59526117,59567999,41882,SA2
59567999,59602815,34816,SX225
59602815,59653094,50279,SX443
59653094,59709414,56320,SI2325
59709414,59789389,79975,SX327
59789389,59822260,32871,SX237
59822260,59860456,38196,SI1618
59860456,59910837,50381,SA1
59910837,59958761,47924,SX243
59958761,60010064,51303,SA1
60010064,60056042,45978,SX443
60056042,60098129,42087,SX83
60098129,60128235,30106,SX182
60128235,60164587,36352,SX42
60164587,60200427,35840,SX86
60200427,60270367,69940,SX327
60270367,60293100,22733,SI1996
60293100,60367238,74138,SI1079
60367238,60406458,39220,SA2
60406458,60457044,50586,SI711
60457044,60529236,72192,SX67
60529236,60573576,44340,SX240
60573576,60606652,33076,SX384
60606652,60651196,44544,SA2
60651196,60682633,31437,SX17
60682633,60741821,59188,SI1082
60741821,60782167,40346,SA2
60782167,60833060,50893,SA2
60833060,60871153,38093,SX87
60871153,60917131,45978,SA2
60917131,60979391,62260,SA2
60979391,61013695,34304,SX249
61013695,61052710,39015,SX308
61052710,61093261,40551,SX158
61093261,61124084,30823,SI2315
61124084,61172929,48845,SX61
61172929,61228225,55296,SX220
61228225,61271541,43316,SA2
61271541,61343938,72397,SI866
61343938,61385103,41165,SI778
61385103,61436611,51508,SX444
61436611,61484535,47924,SA1
61484535,61525598,41063,SX361
61525598,61576082,50484,SI885
61576082,61624210,48128,SA1
61624210,61672748,48538,SI1408
61672748,61725280,52532,SA1
61725280,61802490,77210,SX167
61802490,61848161,45671,SX147
61848161,61874376,26215,SX31
61874376,61934280,59904,SA1
61934280,61981077,46797,SA1
61981077,62029001,47924,SA2
62029001,62081225,52224,SA1
62081225,62118806,37581,SX168
62118806,62154646,35840,SX105
62154646,62188438,33792,SX90
62188438,62217315,28877,SX187
62217315,62248752,31437,SI766
62248752,62330263,81511,SI2230
62330263,62388222,57959,SA1
62388222,62431435,43213,SX395
62431435,62496562,65127,SI509
62496562,62527180,30618,SI645
62527180,62582886,55706,SX234
62582886,62635725,52839,SA1
62635725,62688052,52327,SI2132
62688052,62736283,48231,SX210
62736283,62777448,41165,SX92
62777448,62842882,65434,SA1
62842882,62889474,46592,SX38
62889474,62932585,43111,SA2
62932585,62969961,37376,SI2100
62969961,63013993,44032,SX235
63013993,63072873,58880,SI1589
63072873,63112809,39936,SX117
63112809,63165033,52224,SI1073
63165033,63193091,28058,SX225
63193091,63261699,68608,SI1380
63261699,63335120,73421,SI598
63335120,63368605,33485,SX17
63368605,63418781,50176,SA1
63418781,63457693,38912,SI2124
63457693,63516164,58471,SA1
63516164,63578424,62260,SX215
63578424,63616517,38093,SX354
63616517,63649388,32871,SI594
63649388,63685126,35738,SX72
63685126,63771450,86324,SI712
63771450,63851220,79770,SI1516
63851220,63893409,42189,SA2
63893409,63944712,51303,SX402
63944712,63983829,39117,SX182
63983829,64023970,40141,SX416
64023970,64082543,58573,SI1782
64082543,64125244,42701,SI1693
64125244,64160777,35533,SX254
64160777,64197437,36660,SX421
64197437,64260925,63488,SA1
64260925,64309258,48333,SX144
64309258,64351857,42599,SX40
64351857,64408485,56628,SI1244
64408485,64482111,73626,SX438
64482111,64521535,39424,SI1748
64521535,64573247,51712,SX392
64573247,64613593,40346,SX245
64613593,64661107,47514,SX129
64661107,64706675,45568,SA1
64706675,64739853,33178,SX225
64739853,64780916,41063,SI2152
64780916,64849115,68199,SA1
64849115,64908917,59802,SI1287
64908917,64972917,64000,SX350
64972917,65024220,51303,SX376
65024220,65073475,49255,SX111
65073475,65131331,57856,SI1960
65131331,65171267,39936,SA2
65171267,65222263,50996,SX172
65222263,65265169,42906,SX252
65265169,65307870,42701,SI1995
65307870,65330398,22528,SX202
65330398,65377298,46900,SI956
65377298,65400748,23450,SI1679
65400748,65457990,57242,SI1388
65457990,65497926,39936,SX146
65497926,65549434,51508,SX129
65549434,65587834,38400,SX412
65587834,65619066,31232,SX266
65619066,65645588,26522,SI552
65645588,65694024,48436,SX433
65694024,65740207,46183,SA2
65740207,65795094,54887,SX428
65795094,65866160,71066,SX84
65866160,65964772,98612,SI2066
65964772,66022526,57754,SA1
66022526,66064101,41575,SX395
66064101,66141004,76903,SI483
66141004,66194867,53863,SI704
66194867,66242381,47514,SX332
66242381,66298394,56013,SX178
66298394,66348878,50484,SX392
66348878,66401819,52941,SA1
66401819,66436635,34816,SX21
66436635,66507189,70554,SA1
66507189,66561461,54272,SX332
66561461,66621877,60416,SX239
66621877,66654850,32973,SI1513
66654850,66699804,44954,SA1
66699804,66750185,50381,SA1
66750185,66800976,50791,SA1
66800976,66853917,52941,SX142
66853917,66900202,46285,SA2
66900202,66947102,46900,SX91
66947102,67013458,66356,SX244
67013458,67082066,68608,SI1499
67082066,67130194,48128,SA1
67130194,67186002,55808,SX435
67186002,67224607,38605,SA2
67224607,67283692,59085,SA1
67283692,67330489,46797,SI1613
67330489,67392749,62260,SI984
67392749,67436986,44237,SX378
67436986,67467911,30925,SX196
67467911,67506311,38400,SI1590
67506311,67568980,62669,SA1
67568980,67619566,50586,SA2
67619566,67675272,55706,SX333
67675272,67722376,47104,SA1
67722376,67759240,36864,SA2
67759240,67805218,45978,SI1557
67805218,67868706,63488,SX232
67868706,67892975,24269,SI2269
67892975,67947964,54989,SX367
67947964,67992611,44647,SA2
67992611,68048522,55911,SA1
68048522,68103716,55194,SA1
68103716,68150820,47104,SX287
68150820,68203864,53044,SX84
68203864,68266943,63079,SI1892
68266943,68312921,45978,SX213
68312921,68362381,49460,SX142
68362381,68422695,60314,SX439
68422695,68477582,54887,SI1064
68477582,68517621,40039,SX108
68517621,68561858,44237,SX163
68561858,68630057,68199,SI1443
68630057,68676547,46490,SX386
68676547,68726723,50176,SX419
68726723,68753143,26420,SI1699
68753143,68792363,39220,SA2
68792363,68860767,68404,SX449
68860767,68912377,51610,SX358
68912377,68966342,53965,SX60
68966342,68993888,27546,SI1475
68993888,69034951,41063,SI1148
69034951,69081646,46695,SA2
69081646,69133563,51917,SA2
69133563,69191112,57549,SA2
69191112,69254191,63079,SX343
69254191,69297097,42906,SX180
69297097,69321264,24167,SI1706
69321264,69378916,57652,SI533
69378916,69423563,44647,SX97
69423563,69492786,69223,SI741
69492786,69548594,55808,SX60
69548594,69600102,51508,SI1253
69600102,69643725,43623,SA1
69643725,69694925,51200,SA2
69694925,69734964,40039,SX130
69734964,69783297,48333,SX155
69783297,69839720,56423,SX88
69839720,69911810,72090,SI710
69911810,69942633,30823,SI1637
69942633,69983593,40960,SX39
69983593,70040016,56423,SA1
70040016,70075856,35840,SA2
70075856,70128695,52839,SA1
70128695,70206417,77722,SX349
70206417,70245739,39322,SI1879
70245739,70302879,57140,SX343
70302879,70325612,22733,SI1897
70325612,70370771,45159,SI1642
70370771,70412858,42087,SI1868
70412858,70484846,71988,SI1402
70484846,70518946,34100,SX22
70518946,70561750,42804,SA2
70561750,70610595,48845,SI1646
70610595,70652887,42292,SX105
70652887,70705828,52941,SX221
70705828,70760612,54784,SX149
70760612,70795838,35226,SA2
70795838,70840792,44954,SX376
70840792,70871922,31130,SX425
70871922,70905407,33485,SX252
70905407,70943193,37786,SA2
70943193,70996134,52941,SX417
70996134,71031155,35021,SI721
71031155,71076416,45261,SX52
71076416,71119117,42701,SI1859
71119117,71193562,74445,SA1
71193562,71275073,81511,SA1
71275073,71317672,42599,SI2012
71317672,71352079,34407,SI2226
71352079,71437379,85300,SI1068
71437379,71476291,38912,SI1203
71476291,71530154,53863,SI613
71530154,71591287,61133,SX440
71591287,71632759,41472,SA2
71632759,71674334,41575,SX322
71674334,71732805,58471,SX286
71732805,71767621,34816,SX344
71767621,71809810,42189,SI2335
71809810,71853330,43520,SX419
71853330,71896850,43520,SX37
71896850,71950201,53351,SX439
71950201,71978259,28058,SI786
71978259,72020039,41780,SA2
72020039,72095508,75469,SX350
72095508,72138414,42906,SA2
72138414,72182856,44442,SA2
72182856,72236002,53146,SX338
72236002,72284847,48845,SA2
72284847,72328060,43213,SI468
72328060,72380080,52020,SX449
72380080,72424215,44135,SI2127
72424215,72460260,36045,SX434
72460260,72500708,40448,SA1
72500708,72540849,40141,SX358
72540849,72585291,44442,SX18
72585291,72630347,45056,SX288
72630347,72666495,36148,SX93
72666495,72720051,53556,SX359
72720051,72760704,40653,SX144
72760704,72816103,55399,SA1
72816103,72852251,36148,SX158
72852251,72893007,40756,SX162
72893007,72955471,62464,SX324
72955471,72980662,25191,SX307
72980662,73028483,47821,SX395
73028483,73079683,51200,SA2
73079683,73128119,48436,SX141
73128119,73176759,48640,SX81
73176759,73243934,67175,SI1044
73243934,73302302,58368,SI1071
73302302,73342341,40039,SX254
73342341,73391596,49255,SX267
73391596,73431430,39834,SX393
73431430,73484576,53146,SX211
73484576,73528916,44340,SX151
73528916,73570593,41677,SX46
73570593,73611041,40448,SX429
73611041,73660091,49050,SI1775
73660091,73706171,46080,SX260
73706171,73778056,71885,SA1
73778056,73823317,45261,SX273
73823317,73867042,43725,SA1
73867042,73905442,38400,SX377
73905442,73967087,61645,SA1
73967087,74015215,48128,SX90
74015215,74084335,69120,SI900
74084335,74116694,32359,SX291
74116694,74165027,48333,SX309
74165027,74211415,46388,SX51
74211415,74245105,33690,SX107
74245105,74271934,26829,SI1660
74271934,74317707,45773,SA2
74317707,74404440,86733,SI1225
74404440,74484415,79975,SX420
74484415,74522201,37786,SI2317
74522201,74617433,95232,SX421
74617433,74677849,60416,SX332
74677849,74720038,42189,SX15
74720038,74774310,54272,SX220
74774310,74830221,55911,SI1856
74830221,74883265,53044,SI1767
74883265,74927297,44032,SX32
74927297,74988123,60826,SA2
74988123,75066255,78132,SI1784
75066255,75127695,61440,SA1
75127695,75166607,38912,SI1514
75166607,75202345,35738,SX242
75202345,75244739,42394,SI887
75244739,75299011,54272,SA2
75299011,75332496,33485,SI2221
75332496,75386154,53658,SX88
75386154,75420970,34816,SA2
75420970,75463262,42292,SI1975
75463262,75504325,41063,SX405
75504325,75561874,57549,SI826
75561874,75604780,42906,SI1727
75604780,75642873,38093,SX235
75642873,75679942,37069,SX325
75679942,75734419,54477,SX259
75734419,75797293,62874,SA1
75797293,75854842,57549,SX348
75854842,75911572,56730,SA2
75911572,75998203,86631,SI1311
75998203,76041211,43008,SA1
76041211,76080840,39629,SI2163
76080840,76145148,64308,SX181
76145148,76185699,40551,SX252
76185699,76256765,71066,SI1815
76256765,76292913,36148,SI765
76292913,76350360,57447,SI1358
76350360,76387429,37069,SA2
76387429,76429618,42189,SX154
76429618,76472831,43213,SX378
76472831,76544307,71476,SI746
76544307,76587827,43520,SX447
76587827,76616192,28365,SI2015
76616192,76684698,68506,SA1
76684698,76729140,44442,SI465
76729140,76800411,71271,SI915
76800411,76856424,56013,SX353
76856424,76897180,40756,SX69
76897180,76939676,42496,SX424
76939676,76980841,41165,SA2
76980841,77052624,71783,SX428
77052624,77095940,43316,SX68
77095940,77137720,41780,SA2
77137720,77186668,48948,SA1
77186668,77238790,52122,SX129
77238790,77273402,34612,SI474
77273402,77310983,37581,SA2
77310983,77365051,54068,SA2
77365051,77403963,38912,SI2202
77403963,77455163,51200,SI1062
77455163,77496840,41677,SI777
77496840,77528994,32154,SA2
77528994,77585417,56423,SA1
77585417,77622589,37172,SX128
77622589,77658839,36250,SX386
77658839,77709527,50688,SX397
77709527,77760523,50996,SA1
77760523,77804555,44032,SI2143
77804555,77841419,36864,SA2
77841419,77906751,65332,SX142
77906751,77953446,46695,SX97
77953446,78011302,57856,SI1053
78011302,78048576,37274,SI1766
78048576,78085338,36762,SX427
78085338,78141351,56013,SX258
78141351,78203201,61850,SX441
78203201,78266587,63386,SI572
78266587,78342978,76391,SI1608
78342978,78398786,55808,SX291
78398786,78448348,49562,SA1
78448348,78482243,33895,SA2
78482243,78522077,39834,SX226
78522077,78572356,50279,SX449
78572356,78639428,67072,SI1776
78639428,78681720,42292,SX74
78681720,78717663,35943,SA2
78717663,78754937,37274,SX51
78754937,78798150,43213,SX239
78798150,78839725,41575,SI2137
78839725,78894202,54477,SA2
78894202,78932398,38196,SX51
78932398,78979400,47002,SA2
78979400,79016776,37376,SA2
79016776,79049852,33076,SI2243
79049852,79097980,48128,SX339
79097980,79137200,39220,SX15
79137200,79183280,46080,SX226
79183280,79216151,32871,SX448
79216151,79289675,73524,SI1048
79289675,79330635,40960,SA2
79330635,79393202,62567,SI1298
79393202,79433241,40039,SX310
79433241,79496320,63079,SI2044
79496320,79540250,43930,SX431
79540250,79605786,65536,SI1138
79605786,79651559,45773,SA2
79651559,79713511,61952,SI1751
79713511,79751195,37684,SX305
79751195,79787752,36557,SX116
79787752,79847349,59597,SX149
79847349,79901724,54375,SI906
79901724,79956304,54580,SA1
79956304,80000439,44135,SA2
80000439,80056247,55808,SX345
80056247,80102839,46592,SX141
80102839,80171447,68608,SI615
80171447,80223876,52429,SX434
80223876,80244971,21095,SI2068
80244971,80299755,54784,SX423
80299755,80351058,51303,SX356
80351058,80405945,54887,SX426
80405945,80438816,32871,SX186
80438816,80472711,33895,SX253
80472711,80526983,54272,SA2
80526983,80567227,40244,SX254
80567227,80619554,52327,SX61
80619554,80672802,53248,SX397
80672802,80705366,32564,SX386
80705366,80771414,66048,SX417
80771414,80824355,52941,SA1
80824355,80861731,37376,SA2
80861731,80914467,52736,SX433
80914467,80982666,68199,SX438
80982666,81029156,46490,SI1409
81029156,81068580,39424,SX376
81068580,81110155,41575,SI1745
81110155,81147429,37274,SX255
81147429,81200882,53453,SA1
81200882,81242969,42087,SA2
81242969,81285363,42394,SX197
81285363,81311168,25805,SI1972
81311168,81384589,73421,SI715
81384589,81417460,32871,SA2
81417460,81453710,36250,SX125
81453710,81506651,52941,SA1
81506651,81552834,46183,SI1284
81552834,81644380,91546,SI650
81644380,81685443,41063,SX180
81685443,81744426,58983,SA2
81744426,81785284,40858,SX57
81785284,81825630,40346,SX35
81825630,81902226,76596,SI938
81902226,81931820,29594,SI1295
81931820,81986809,54989,SX439
81986809,82023673,36864,SX90
82023673,82079379,55706,SI1096
82079379,82136519,57140,SX181
82136519,82189153,52634,SA2
82189153,82217109,27956,SI2328
82217109,82315413,98304,SI1337
82315413,82387401,71988,SI980
82387401,82422525,35124,SX116
82422525,82487857,65332,SX181
82487857,82534040,46183,SX7
82534040,82578175,44135,SI2211
82578175,82615449,37274,SA2
82615449,82659174,43725,SX66
82659174,82694502,35328,SX305
82694502,82749184,54682,SX122
82749184,82801716,52532,SX243
82801716,82850971,49255,SX434
82850971,82884047,33076,SX26
82884047,82937193,53146,SX171
82937193,82980816,43623,SA2
82980816,83024541,43725,SA2
83024541,83063761,39220,SX303
83063761,83102161,38400,SA2
83102161,83147832,45671,SX252
83147832,83168312,20480,SI1878
83168312,83251154,82842,SI1334
83251154,83290783,39629,SX77
83290783,83368505,77722,SX176
83368505,83400966,32461,SX17
83400966,83453190,52224,SX422
83453190,83483706,30516,SX391
83483706,83522516,38810,SX415
83522516,83565320,42804,SX273
83565320,83594812,29492,SI1764
83594812,83663216,68404,SX174
83663216,83696496,33280,SX65
83696496,83752714,56218,SX450
83752714,83804426,51712,SX135
83804426,83842110,37684,SX246
83842110,83886552,44442,SX265
83886552,83938162,51610,SX450
83938162,83994482,56320,SX38
83994482,84078143,83661,SI1278
84078143,84114700,36557,SX24
84114700,84172454,57754,SX359
84172454,84219558,47104,SX22
84219558,84273523,53965,SX418
84273523,84316019,42496,SI1344
84316019,84369779,53760,SX58
84369779,84424051,54272,SX348
84424051,84505562,81511,SI985
84505562,84569358,63796,SX432
84569358,84615643,46285,SX330
84615643,84667458,51815,SI2334
84667458,84713948,46490,SX322
84713948,84787676,73728,SX359
84787676,84831196,43520,SX415
84831196,84873385,42189,SX15
84873385,84919875,46490,SA2
84919875,84981213,61338,SX173
84981213,85027293,46080,SI742
85027293,85071735,44442,SX149
85071735,85105630,33895,SI896
85105630,85160312,54682,SX340
85160312,85222776,62464,SX164
85222776,85276434,53658,SA1
85276434,85322310,45876,SA2
85322310,85386618,64308,SX312
85386618,85420308,33690,SI1070
85420308,85469358,49050,SX309
85469358,85520763,51405,SA1
85520763,85556911,36148,SX272
85556911,85600534,43623,SX163
85600534,85653270,52736,SA1
85653270,85695562,42292,SI840
85695562,85735089,39527,SI856
85735089,85774923,39834,SA2
85774923,85805746,30823,SX447
85805746,85863090,57344,SA1
85863090,85933849,70759,SA1
85933849,85994061,60212,SX267
85994061,86067277,73216,SX350
86067277,86123802,56525,SX175
86123802,86163738,39936,SX236
86163738,86207361,43623,SX62
86207361,86253032,45671,SA2
86253032,86327272,74240,SI1381
86327272,86391682,64410,SI954
86391682,86448719,57037,SX301
86448719,86491830,43111,SX297
86491830,86535862,44032,SI1710
86535862,86594538,58676,SX74
86594538,86644305,49767,SX151
86644305,86675947,31642,SX177
86675947,86706770,30823,SX16
86706770,86745580,38810,SX132
86745580,86780806,35226,SX427
86780806,86817466,36660,SX85
86817466,86876858,59392,SX142
86876858,86903278,26420,SI1492
86903278,86954786,51508,SX265
86954786,86978134,23348,SI1983
86978134,87032816,54682,SI1611
87032816,87092925,60109,SI1383
87092925,87133169,40244,SA2
87133169,87175768,42599,SX145
87175768,87231474,55706,SX82
87231474,87286463,54989,SX367
87286463,87311449,24986,SI2332
87311449,87370841,59392,SI581
87370841,87412928,42087,SX387
87412928,87485325,72397,SA1
87485325,87527309,41984,SX361
87527309,87567655,40346,SA2
87567655,87614964,47309,SX266
87614964,87640155,25191,SI2192
87640155,87689615,49460,SA1
87689615,87724022,34407,SI727
87724022,87754640,30618,SI1615
87754640,87787511,32871,SI1627
87787511,87813111,25600,SI1948
87813111,87849156,36045,SX334
87849156,87882641,33485,SX125
87882641,87938654,56013,SX420
87938654,87989240,50586,SX163
87989240,88041874,52634,SX418
88041874,88098194,56320,SX84
88098194,88127071,28877,SX196
88127071,88166086,39015,SI1697
88166086,88209709,43623,SA2
88209709,88257735,48026,SI1747
88257735,88301358,43623,SA2
88301358,88343342,41984,SX358
88343342,88397512,54170,SX359
88397512,88468885,71373,SA2
88468885,88516092,47207,SI2212
88516092,88552035,35943,SX42
88552035,88593815,41780,SA2
88593815,88648190,54375,SX346
88648190,88690891,42701,SX87
88690891,88732875,41984,SI619
88732875,88808549,75674,SI616
88808549,88856370,47821,SX253
88856370,88921599,65229,SI1404
88921599,88996556,74957,SI614
88996556,89034342,37786,SI1254
89034342,89099878,65536,SX175
89099878,89169715,69837,SX400
89169715,89221120,51405,SX421
89221120,89268736,47616,SX417
89268736,89309492,40756,SX239
89309492,89345537,36045,SA2
89345537,89417013,71476,SI1741
89417013,89477225,60212,SX286
89477225,89558121,80896,SI1921
89558121,89602256,44135,SX252
89602256,89639530,37274,SA2
89639530,89689502,49972,SA1
89689502,89751966,62464,SA1
89751966,89806238,54272,SX321
89806238,89852216,45978,SX32
89852216,89895941,43725,SX78
89895941,89982879,86938,SI2077
89982879,90018207,35328,SA2
90018207,90051795,33588,SI1169
90051795,90123475,71680,SX6
90123475,90185735,62260,SX437
90185735,90239495,53760,SA1
90239495,90280148,40653,SA1
90280148,90335854,55706,SI2233
90335854,90392789,56935,SX301
90392789,90417058,24269,SI2342
90417058,90461807,44749,SI1194
90461807,90506147,44340,SX81
90506147,90582128,75981,SI1840
90582128,90643568,61440,SA1
90643568,90680637,37069,SX73
90680637,90728458,47821,SX330
90728458,90765937,37479,SX210
90765937,90837515,71578,SX324
90837515,90880216,42701,SX266
90880216,90935103,54887,SX258
90935103,91015078,79975,SX333
91015078,91064435,49357,SA2
91064435,91137959,73524,SI785
91137959,91213838,75879,SI2223
91213838,91242510,28672,SX307
91242510,91291867,49357,SX267
91291867,91344296,52429,SA1
91344296,91390172,45876,SI456
91390172,91435024,44852,SI514
91435024,91475370,40346,SX128
91475370,91524318,48948,SX328
91524318,91560568,36250,SX277
91560568,91636652,76084,SI1467
91636652,91715808,79156,SI1142
91715808,91753287,37479,SX35
91753287,91823943,70656,SX438
91823943,91856711,32768,SX300
91856711,91889070,32359,SI1884
91889070,91939963,50893,SA1
91939963,91991778,51815,SX162
91991778,92046767,54989,SX92
92046767,92087830,41063,SX108
92087830,92140669,52839,SA1
92140669,92213885,73216,SI1104
92213885,92239281,25396,SI1652
92239281,92274814,35533,SX276
92274814,92328267,53453,SX232
92328267,92366565,38298,SX241
92366565,92414386,47821,SI670
92414386,92478079,63693,SA1
92478079,92511052,32973,SX65
92511052,92595225,84173,SX351
92595225,92649395,54170,SX420
92649395,92687488,38093,SX401
92687488,92749440,61952,SA1
92749440,92767770,18330,SX231
92767770,92817844,50074,SA1
92817844,92862184,44340,SX163
92862184,92903349,41165,SX156
92903349,92939497,36148,SI1687
92939497,93033193,93696,SI531
93033193,93075689,42496,SI2176
93075689,93102518,26829,SX72
93102518,93150339,47821,SX123
93150339,93181571,31232,SX257
93181571,93232464,50893,SX375
93232464,93289808,57344,SI1570
93289808,93331792,41984,SX144
93331792,93396714,64922,SX311
93396714,93447812,51098,SA2
93447812,93518980,71168,SI2288
93518980,93547140,28160,SX27
93547140,93601105,53965,SA2
93601105,93644216,43111,SA2
93644216,93687429,43213,SI1546
93687429,93747129,59700,SX206
93747129,93791981,44852,SI580
93791981,93841953,49972,SX399
93841953,93910459,68506,SX161
93910459,93961762,51303,SA1
93961762,93994018,32256,SX57
93994018,94031292,37274,SX66
94031292,94078294,47002,SX77
94078294,94120688,42394,SX400
94120688,94162468,41780,SX213
94162468,94247358,84890,SI582
94247358,94300914,53556,SX201
94300914,94343615,42701,SX198
94343615,94375667,32052,SX195
94375667,94415501,39834,SX273
94415501,94456359,40858,SX197
94456359,94527118,70759,SX162
94527118,94565314,38196,SX66
94565314,94603919,38605,SX400
94603919,94633411,29492,SI2002
94633411,94676727,43316,SI2178
94676727,94727313,50586,SX357
94727313,94754654,27341,SI2040
94754654,94789778,35124,SX316
94789778,94839033,49255,SI1371
94839033,94878457,39424,SI2063
94878457,94923513,45056,SA2
94923513,94980653,57140,SA1
94980653,95037383,56730,SA1
95037383,95090222,52839,SX250
95090222,95144699,54477,SX162
95144699,95195183,50484,SX149
95195183,95242185,47002,SX401
95242185,95275158,32973,SX27
95275158,95322774,47616,SA1
95322774,95373872,51098,SA1
95373872,95399780,25908,SX231
95399780,95456715,56935,SI978
95456715,95486207,29492,SI2165
95486207,95525836,39629,SX305
95525836,95580825,54989,SX430
95580825,95638784,57959,SI2006
95638784,95689882,51098,SX411
95689882,95739137,49255,SX316
95739137,95779995,40858,SA2
95779995,95826178,46183,SX411
95826178,95869391,43213,SX243
95869391,95907587,38196,SX39
95907587,95958583,50996,SA1
95958583,95997598,39015,SX236
95997598,96043166,45568,SX56
96043166,96087301,44135,SX328
96087301,96144441,57140,SA1
96144441,96190624,46183,SI1929
96190624,96226772,36148,SX105
96226772,96280532,53760,SA1
96280532,96336852,56320,SI2307
96336852,96377198,40346,SI1783
96377198,96441096,63898,SI2065
96441096,96478575,37479,SA2
96478575,96520457,41882,SI662
96520457,96560598,40141,SX211
96560598,96621936,61338,SX164
96621936,96674263,52327,SA2
96674263,96736215,61952,SX440
96736215,96784139,47924,SA1
96784139,96825714,41575,SA2
96825714,96867391,41677,SA2
96867391,96903436,36045,SI2022
96903436,96973785,70349,SI1401
96973785,97029491,55706,SX41
97029491,97070963,41472,SX89
97070963,97107930,36967,SX83
97107930,97160564,52634,SX268
97160564,97214734,54170,SA1
97214734,97256821,42087,SX213
97256821,97305461,48640,SX179
97305461,97343861,38400,SI1603
97343861,97382466,38605,SI1191
97382466,97441858,59392,SA1
97441858,97482716,40858,SX255
97482716,97517225,34509,SX447
97517225,97565865,48640,SA2
97565865,97614915,49050,SA2
97614915,97665706,50791,SA2
97665706,97709226,43520,SX148
97709226,97759812,50586,SX337
97759812,97827396,67584,SI467
97827396,97866923,39527,SX78
97866923,97891397,24474,SI1708
97891397,97962770,71373,SX366
97962770,98039468,76698,SX351
98039468,98096915,57447,SA1
98096915,98139821,42906,SX89
98139821,98182113,42292,SX452
98182113,98266286,84173,SI812
98266286,98315029,48743,SA2
98315029,98367970,52941,SX130
98367970,98404527,36557,SA2
98404527,98456547,52020,SA1
98456547,98499146,42599,SX235
98499146,98545022,45876,SX165
98545022,98584754,39732,SI2309
98584754,98630015,45261,SI1236
98630015,98676403,46388,SX242
98676403,98734874,58471,SI1336
98734874,98772558,37684,SX425
98772558,98832974,60416,SI1586
98832974,98870248,37274,SA2
98870248,98922063,51815,SX450
98922063,98989033,66970,SI546
98989033,99040643,51610,SA2
99040643,99082423,41780,SX416
99082423,99157790,75367,SI1356
99157790,99203870,46080,SX40
99203870,99267973,64103,SX395
99267973,99322348,54375,SA1
99322348,99356448,34100,SX322
99356448,99379079,22631,SI2049
99379079,99413895,34816,SX198
99413895,99482811,68916,SX440
99482811,99539643,56832,SX431
99539643,99585416,45773,SX387
99585416,99649314,63898,SI2277
99649314,99676553,27239,SX257
99676553,99756528,79975,SX41
99756528,99841213,84685,SI969
99841213,99878282,37069,SX146
99878282,99932862,54580,SI1598
99932862,99968088,35226,SI2238
99968088,100014988,46900,SA2
100014988,100064243,49255,SX41
100064243,100098650,34407,SX273
100098650,100138894,40244,SA2
100138894,100185282,46388,SI693
100185282,100252662,67380,SI1845
100252662,100304579,51917,SI1524
100304579,100358749,54170,SA1
100358749,100440772,82023,SI2276
100440772,100474564,33792,SX111
100474564,100512452,37888,SX80
100512452,100546244,33792,SX80
100546244,100601438,55194,SX198
100601438,100633080,31642,SX257
100633080,100729951,96871,SI1016
100729951,100776646,46695,SX179
100776646,100821088,44442,SX129
100821088,100860000,38912,SX257
100860000,100905364,45364,SA2
100905364,100963630,58266,SX41
100963630,100985851,22221,SX202
100985851,101051080,65229,SX440
101051080,101088866,37786,SI603
101088866,101132796,43930,SI965
101132796,101196592,63796,SX336
101196592,101257213,60621,SI1007
101257213,101310461,53248,SX121
101310461,101368625,58164,SA1
101368625,101406001,37376,SX87
101406001,101453413,47412,SA1
101453413,101495295,41882,SA2
101495295,101542809,47514,SX315
101542809,101581619,38810,SX415
101581619,101654426,72807,SX251
101654426,101696615,42189,SX248
101696615,101756110,59495,SX149
101756110,101809461,53351,SI2200
101809461,101850831,41370,SX339
101850831,101874076,23245,SI1719
101874076,101932137,58061,SX390
101932137,102012419,80282,SX175
102012419,102048771,36352,SA2
102048771,102068535,19764,SI1763
102068535,102157828,89293,SI752
102157828,102221828,64000,SX336
102221828,102278148,56320,SX91
102278148,102327505,49357,SI2001
102327505,102364881,37376,SX128
102364881,102452331,87450,SI2070
102452331,102506706,54375,SX428
102506706,102579718,73012,SI1087
102579718,102613920,34202,SX46
102613920,102655597,41677,SI1568
102655597,102682119,26522,SI2148
102682119,102724103,41984,SX344
102724103,102777454,53351,SI1216
102777454,102819336,41882,SA2
102819336,102868386,49050,SA2
102868386,102918358,49972,SA2
102918358,102968944,50586,SI760
102968944,103011952,43008,SA2
103011952,103049021,37069,SX207
103049021,103092234,43213,SA2
103092234,103122442,30208,SX307
103122442,103175281,52839,SA1
103175281,103224945,49664,SI622
103224945,103277784,52839,SX88
103277784,103330520,52736,SA1
103330520,103377522,47002,SX152
103377522,103429439,51917,SA1
103429439,103497331,67892,SX349
103497331,103544333,47002,SX376
103544333,103583757,39424,SA2
103583757,103638234,54477,SX267
103638234,103688718,50484,SA1
103688718,103737154,48436,SI1622
103737154,103784566,47412,SI657
103784566,103830032,45466,SA2
103830032,103877546,47514,SI1080
103877546,103911236,33690,SI2087
103911236,103951684,40448,SA2
103951684,103997764,46080,SX186
103997764,104051524,53760,SX206
104051524,104101393,49869,SX390
104101393,104154539,53146,SA2
104154539,104200107,45568,SA2
104200107,104243115,43008,SX146
104243115,104301279,58164,SX120
104301279,104342239,40960,SI802
104342239,104414841,72602,SI694
104414841,104452320,37479,SA2
104452320,104509869,57549,SX247
104509869,104562196,52327,SI566
104562196,104617288,55092,SI865
104617288,104660808,43520,SA2
104660808,104722146,61338,SX167
104722146,104772732,50586,SX141
104772732,104842876,70144,SI1196
104842876,104882608,39732,SX381
104882608,104916912,34304,SX291
104916912,104958180,41268,SA2
104958180,105006718,48538,SX414
105006718,105063960,57242,SI578
105063960,105102053,38093,SA2
105102053,105168409,66356,SX420
105168409,105230361,61952,SX54
105230361,105268966,38605,SX381
105268966,105328256,59290,SX41
105328256,105387444,59188,SX301
105387444,105431784,44340,SA2
105431784,105515138,83354,SX442
105515138,105554767,39629,SA2
105554767,105585897,31130,SI1200
105585897,105616720,30823,SX325
105616720,105657783,41063,SX32
105657783,105709086,51303,SI617
105709086,105767864,58778,SX172
105767864,105823365,55501,SX78
105823365,105852754,29389,SI1066
105852754,105924946,72192,SI1041
105924946,105960786,35840,SI1705
105960786,106017004,56218,SI547
106017004,106055712,38708,SX72
106055712,106099744,44032,SI719
106099744,106161184,61440,SX347
106161184,106212077,50893,SA1
106212077,106256621,44544,SX276
106256621,106305876,49255,SA1
106305876,106370388,64512,SX312
106370388,106407457,37069,SA2
106407457,106453947,46490,SX226
106453947,106498594,44647,SI738
106498594,106542319,43725,SX97
106542319,106587990,45671,SX82
106587990,106639702,51712,SX316
106639702,106686499,46797,SX363
106686499,106718141,31642,SI2019
106718141,106740874,22733,SI1173
106740874,106781834,40960,SX83
106781834,106835185,53351,SA1
106835185,106903998,68813,SX349
106903998,106978648,74650,SX153
106978648,107021247,42599,SI1581
107021247,107064665,43418,SX125
107064665,107095693,31028,SX16
107095693,107172391,76698,SX347
107172391,107227073,54682,SA1
107227073,107289128,62055,SA1
107289128,107341250,52122,SA1
107341250,107401462,60212,SI1349
107401462,107434947,33485,SX6
107434947,107494647,59700,SA1
107494647,107542571,47924,SX390
107542571,107578821,36250,SX255
107578821,107631148,52327,SX122
107631148,107677945,46797,SX81
107677945,107749728,71783,SI991
107749728,107806970,57242,SX328
107806970,107843527,36557,SX168
107843527,107874862,31335,SX17
107874862,107908450,33588,SX195
107908450,107958831,50381,SX382
107958831,108022012,63181,SI939
108022012,108065123,43111,SX163
108065123,108130455,65332,SI1239
108130455,108177662,47207,SX398
108177662,108228453,50791,SX309
108228453,108278220,49767,SA1
108278220,108334438,56218,SA1
108334438,108410726,76288,SI1045
108410726,108462438,51712,SX165
108462438,108538829,76391,SI521
108538829,108605492,66663,SA1
108605492,108637953,32461,SX246
108637953,108685262,47309,SX183
108685262,108750901,65639,SI1958
108750901,108793295,42394,SI1765
108793295,108840707,47412,SI1495
108840707,108902967,62260,SI1357
108902967,108939524,36557,SX150
108939524,108989803,50279,SI586
108989803,109027999,38196,SX196
109027999,109081247,53248,SX366
109081247,109158559,77312,SA1
109158559,109204537,45978,SX256
109204537,109275091,70554,SX162
109275091,109347181,72090,SX435
109347181,109383943,36762,SA2
109383943,109403502,19559,SI1527
109403502,109457365,53863,SA1
109457365,109493001,35636,SX270
109493001,109566217,73216,SA1
109566217,109621513,55296,SX331
109621513,109669129,47616,SA1
109669129,109745315,76186,SI1392
109745315,109801226,55911,SA1
109801226,109823652,22426,SI1620
109823652,109875774,52122,SX431
109875774,109924619,48845,SX433
109924619,109956466,31847,SX297
109956466,110004799,48333,SX239
110004799,110035827,31028,SI1683
110035827,110060915,25088,SI1614
110060915,110115904,54989,SA1
110115904,110164237,48333,SI1299
110164237,110210727,46490,SI1591
110210727,110267252,56525,SI696
110267252,110309646,42394,SX340
110309646,110346306,36660,SI1161
110346306,110388290,41984,SX363
110388290,110452905,64615,SX52
110452905,110497449,44544,SX89
110497449,110527657,30208,SX195
110527657,110577321,49664,SX55
110577321,110623913,46592,SI1117
110623913,110681360,57447,SI1248
110681360,110733892,52532,SA2
110733892,110794411,60519,SX346
110794411,110818987,24576,SI1844
110818987,110856875,37888,SX235
110856875,110921592,64717,SI1945
110921592,111001157,79565,SI932
111001157,111058501,57344,SA2
111058501,111108882,50381,SI975
111108882,111158751,49869,SA1
111158751,111230739,71988,SX430
111230739,111281837,51098,SA1
111281837,111355873,74036,SX88
111355873,111405230,49357,SX341
111405230,111445986,40756,SX246
111445986,111476399,30413,SX46
111476399,111515414,39015,SX445
111515414,111554736,39322,SX250
111554736,111628772,74036,SI873
111628772,111683454,54682,SX88
111683454,111729125,45671,SI926
111729125,111761586,32461,SX391
111761586,111810124,48538,SX412
111810124,111863065,52941,SA2
111863065,111912217,49152,SX258
111912217,111950925,38708,SX68
111950925,111989837,38912,SX393
111989837,112027930,38093,SX86
112027930,112062542,34612,SX225
112062542,112108622,46080,SX265
112108622,112161666,53044,SA1
112161666,112199350,37684,SA2
112199350,112234986,35636,SA2
112234986,112298577,63591,SX430
112298577,112354488,55911,SX329
112354488,112387973,33485,SA2
112387973,112436921,48948,SA2
112436921,112466720,29799,SX59
112466720,112497440,30720,SI1644
112497440,112523348,25908,SI2225
112523348,112577928,54580,SX165
112577928,112623496,45568,SX129
112623496,112669884,46388,SA1
112669884,112746480,76596,SI889
112746480,112797578,51098,SX390
112797578,112854513,56935,SX226
112854513,112917694,63181,SI761
112917694,112952818,35124,SX78
112952818,112992242,39424,SA2
112992242,113031359,39117,SI1665
113031359,113083481,52122,SX244
113083481,113142873,59392,SA1
113142873,113200115,57242,SX311
113200115,113269747,69632,SI1704
113269747,113305997,36250,SX198
113305997,113360884,54887,SX67
113360884,113402152,41268,SA2
113402152,113452533,50381,SX106
113452533,113489090,36557,SA2
113489090,113536911,47821,SA2
113536911,113591695,54784,SA2
113591695,113617500,25805,SX127
113617500,113643100,25600,SI1768
113643100,113682012,38912,SA2
113682012,113732291,50279,SX167
113732291,113789226,56935,SA1
113789226,113848926,59700,SI561
113848926,113889477,40551,SX111
113889477,113933509,44032,SX35
113933509,113994130,60621,SA1
113994130,114051372,57242,SX328
114051372,114106771,55399,SA1
114106771,114159303,52532,SA1
114159303,114216033,56730,SI2340
114216033,114258427,42394,SX341
114258427,114351099,92672,SI1738
114351099,114405781,54682,SA1
114405781,114470396,64615,SX178
114470396,114511766,41370,SX51
114511766,114568394,56628,SI2186
114568394,114629118,60724,SA1
114629118,114700696,71578,SI2197
114700696,114757836,57140,SA1
114757836,114814873,57037,SX312
114814873,114836173,21300,SI1937
114836173,114902221,66048,SI918
114902221,114946561,44340,SA1
114946561,115028481,81920,SA1
115028481,115083163,54682,SA1
115083163,115156891,73728,SA1
115156891,115210037,53146,SX135
115210037,115276802,66765,SI623
115276802,115317967,41165,SA2
115317967,115367324,49357,SX73
115367324,115404803,37479,SX201
115404803,115452829,48026,SX215
115452829,115511402,58573,SX451
115511402,115554308,42906,SX63
115554308,115606635,52327,SI1482
115606635,115645343,38708,SX271
115645343,115682003,36660,SX22
115682003,115717536,35533,SX253
115717536,115747744,30208,SI1789
115747744,115802324,54580,SA1
115802324,115857313,54989,SX377
115857313,115926229,68916,SI1317
115926229,115972719,46490,SI1529
115972719,116033033,60314,SX312
116033033,116080547,47514,SA2
116080547,116125399,44852,SX241
116125399,116169431,44032,SX74
116169431,116199742,30311,SI2229
116199742,116258725,58983,SI1695
116258725,116304498,45773,SX316
116304498,116358258,53760,SI1742
116358258,116425228,66970,SI1980
116425228,116476121,50893,SI1561
116476121,116522099,45978,SX288
116522099,116564083,41984,SA2
116564083,116604839,40756,SI2250
116604839,116662593,57754,SA1
116662593,116705601,43008,SA2
116705601,116784347,78746,SI1461
116784347,116809947,25600,SI1617
116809947,116853672,43725,SX154
116853672,116899240,45568,SI695
116899240,116937026,37786,SX263
116937026,116978601,41575,SX272
116978601,117021917,43316,SX405
117021917,117070148,48231,SX64
117070148,117107524,37376,SX217
117107524,117168452,60928,SX366
117168452,117222212,53760,SA1
117222212,117283550,61338,SA1
117283550,117329221,45671,SI1086
117329221,117371205,41984,SX210
117371205,117425887,54682,SA2
117425887,117478111,52224,SI1512
117478111,117518662,40551,SX446
117518662,117554605,35943,SI2256
117554605,117590548,35943,SI1407
117590548,117622497,31949,SX334
117622497,117651784,29287,SX22
117651784,117720085,68301,SA1
117720085,117749679,29594,SX217
117749679,117782857,33178,SX183
117782857,117841430,58573,SX247
117841430,117894883,53453,SX141
117894883,117940759,45876,SX425
117940759,117978647,37888,SA2
117978647,118021758,43111,SA2
118021758,118065688,43930,SI1886
118065688,118115967,50279,SX292
118115967,118226867,110900,SI1501
118226867,118278170,51303,SA1
118278170,118301415,23245,SI672
118301415,118337460,36045,SX106
118337460,118387432,49972,SI1101
118387432,118417333,29901,SX384
118417333,118479388,62055,SX423
118479388,118549942,70554,SI517
118549942,118617424,67482,SI2025
118617424,118679479,62055,SI1672
118679479,118711735,32256,SA2
118711735,118764267,52532,SX121
118764267,118841989,77722,SI1780
118841989,118888069,46080,SX315
118888069,118940089,52020,SX429
118940089,119020269,80180,SX171
119020269,119074644,54375,SX309
119074644,119147348,72704,SX346
119147348,119198036,50688,SX144
119198036,119235003,36967,SI1870
119235003,119279138,44135,SX443
119279138,119327266,48128,SI1963
119327266,119356450,29184,SI506
119356450,119402223,45773,SA2
119402223,119437551,35328,SX111
119437551,119474211,36660,SI1503
119474211,119520599,46388,SI610
119520599,119558590,37991,SX443
119558590,119618699,60109,SX423
119618699,119689355,70656,SX170
119689355,119733080,43725,SI784
119733080,119776600,43520,SA2
119776600,119819916,43316,SX73
119819916,119864460,44544,SX443
119864460,119887193,22733,SI1887
119887193,119952320,65127,SX451
119952320,120010586,58266,SX226
120010586,120062606,52020,SI2291
120062606,120081448,18842,SI1749
120081448,120130191,48743,SX292
120130191,120167465,37274,SX52
120167465,120250205,82740,SI2102
120250205,120278263,28058,SI2292
120278263,120310417,32154,SI559
120310417,120353630,43213,SA2
120353630,120402475,48845,SX344
120402475,120462277,59802,SI1302
120462277,120541125,78848,SI633
120541125,120594885,53760,SA1
120594885,120639941,45056,SX353
120639941,120675577,35636,SI2224
120675577,120716845,41268,SX256
120716845,120763642,46797,SI2220
120763642,120860001,96359,SI1097
120860001,120907822,47821,SX357
120907822,120952059,44237,SA2
120952059,121000495,48436,SA1
121000495,121080265,79770,SI1263
121080265,121123888,43623,SX96
121123888,121155018,31130,SI1962
121155018,121189630,34612,SX207
121189630,121272165,82535,SI788
121272165,121335756,63591,SI2316
121335756,121378252,42496,SA2
121378252,121423616,45364,SI2041
121423616,121497959,74343,SI1176
121497959,121560526,62567,SX201
121560526,121599336,38810,SX45
121599336,121642037,42701,SX144
121642037,121715970,73933,SX311
121715970,121761436,45466,SA2
121761436,121813251,51815,SA1
121813251,121850832,37581,SI1911
121850832,121910532,59700,SI2337
121910532,121967364,56832,SA1
121967364,122003614,36250,SI706
122003614,122048158,44544,SX234
122048158,122086456,38298,SX93
122086456,122114616,28160,SX182
122114616,122155269,40653,SI1500
122155269,122206674,51405,SX57
122206674,122244767,38093,SX42
122244767,122279788,35021,SX16
122279788,122313171,33383,SX325
122313171,122358944,45773,SX285
122358944,122410759,51815,SX243
122410759,122455303,44544,SA2
122455303,122505070,49767,SA1
122505070,122576136,71066,SI903
122576136,122638088,61952,SA1
122638088,122679970,41882,SA2
122679970,122739465,59495,SX84
122739465,122768240,28775,SI1971
122768240,122818826,50586,SX238
122818826,122876580,57754,SA1
122876580,122913547,36967,SI1770
122913547,122965771,52224,SI1734
122965771,123014923,49152,SX250
123014923,123059570,44647,SX258
123059570,123107801,48231,SI1081
123107801,123162176,54375,SA1
123162176,123212557,50381,SX89
123212557,123255361,42804,SI1582
123255361,123294171,38810,SX358
123294171,123357045,62874,SI1981
123357045,123396469,39424,SX291
123396469,123455759,59290,SX173
123455759,123515459,59700,SX367
123515459,123565123,49664,SX107
123565123,123622979,57856,SA1
123622979,123675408,52429,SA1
123675408,123720464,45056,SX431
123720464,123766647,46183,SI1118
123766647,123830955,64308,SA1
123830955,123872120,41165,SA2
123872120,123938680,66560,SA1
123938680,123968581,29901,SX30
123968581,124011897,43316,SX276
124011897,124056953,45056,SX156
124056953,124132422,75469,SI543
124132422,124180243,47821,SX18
124180243,124255610,75367,SI1435
124255610,124310497,54887,SX347
124310497,124351150,40653,SA2
124351150,124397742,46592,SA2
124397742,124455906,58164,SI997
124455906,124488060,32154,SI574
124488060,124529020,40960,SX399
124529020,124599881,70861,SA1
124599881,124648009,48128,SX297
124648009,124707913,59904,SI1321
124707913,124748157,40244,SI2153
124748157,124824855,76698,SI2036
124824855,124876465,51610,SX340
124876465,124921931,45466,SA2
124921931,124982040,60109,SX422
124982040,125040306,58266,SI1551
125040306,125092223,51917,SX57
125092223,125140659,48436,SI1927
125140659,125179469,38810,SA2
125179469,125204967,25498,SX31
125204967,125274087,69120,SX433
125274087,125324059,49972,SA2
125324059,125393999,69940,SI1462
125393999,125435062,41063,SX345
125435062,125485750,50688,SI1275
125485750,125559581,73831,SI1052
125559581,125621124,61543,SX350
125621124,125661675,40551,SI878
125661675,125708165,46490,SX167
125708165,125751685,43520,SX238
125751685,125816812,65127,SX136
125816812,125852550,35738,SX72
125852550,125892998,40448,SA2
125892998,125935290,42292,SX39
125935290,125999802,64512,SI957
125999802,126045473,45671,SX268
126045473,126098414,52941,SA1
126098414,126133538,35124,SX236
126133538,126168047,34509,SX254
126168047,126248534,80487,SI902
126248534,126300758,52224,SX52
126300758,126351446,50688,SX179
126351446,126391178,39732,SX130
126391178,126434084,42906,SX360
126434084,126489790,55706,SX452
126489790,126548670,58880,SA1
126548670,126597720,49050,SX378
126597720,126641445,43725,SX86
126641445,126716812,75367,SI979
126716812,126768422,51610,SA1
126768422,126839693,71271,SI2125
126839693,126902055,62362,SX79
126902055,126964315,62260,SX312
126964315,127015925,51610,SA1
127015925,127104604,88679,SI772
127104604,127166761,62157,SX179
127166761,127213149,46388,SA1
127213149,127251242,38093,SI466
127251242,127294558,43316,SX182
127294558,127326200,31642,SX80
127326200,127371768,45568,SX397
127371768,127432901,61133,SA2
127432901,127479596,46695,SI1035
127479596,127510931,31335,SX263
127510931,127562234,51303,SX375
127562234,127626234,64000,SA1
127626234,127677639,51405,SX332
127677639,127736929,59290,SI1792
127736929,127775329,38400,SX291
127775329,127822536,47207,SX26
127822536,127854383,31847,SX427
127854383,127907939,53556,SA1
127907939,127944496,36557,SA2
127944496,128035325,90829,SI1054
128035325,128095639,60314,SX346
128095639,128139159,43520,SI1773
128139159,128196811,57652,SX76
128196811,128261835,65024,SX452
128261835,128311090,49255,SX419
128311090,128386252,75162,SI1743
128386252,128439398,53146,SA1
128439398,128492954,53556,SA1
128492954,128555316,62362,SX398
128555316,128585422,30106,SI2051
128585422,128635906,50484,SX341
128635906,128666422,30516,SI2050
128666422,128709021,42599,SX96
128709021,128736465,27444,SI486
128736465,128797291,60826,SX174
128797291,128858219,60928,SX234
128858219,128922322,64103,SI2272
128922322,128980076,57754,SI1020
128980076,129065785,85709,SI1376
129065785,129103161,37376,SA2
129103161,129159379,56218,SX218
129159379,129178016,18637,SX70
129178016,129205357,27341,SX168
129205357,129243553,38196,SI1049
129243553,129291169,47616,SA2
129291169,129353019,61850,SI1446
129353019,129394799,41780,SI612
129394799,129479587,84788,SI927
129479587,129523107,43520,SX83
129523107,129556797,33690,SI1839
129556797,129613937,57140,SA1
129613937,129678040,64103,SX406
129678040,129712037,33997,SI2266
129712037,129778700,66663,SI921
129778700,129834304,55604,SX305
129834304,129867687,33383,SI2133
129867687,129919502,51815,SX171
129919502,129965173,45671,SX375
129965173,129997839,32666,SX202
129997839,130023542,25703,SX202
130023542,130062762,39220,SX300
130062762,130110174,47412,SA1
130110174,130168850,58676,SI1014
130168850,130222406,53556,SX398
130222406,130292243,69837,SA1
130292243,130336275,44032,SX45
130336275,130363719,27444,SI2026
130363719,130416967,53248,SX288
130416967,130449735,32768,SX294
130449735,130523463,73728,SI1468
130523463,130573332,49869,SA1
130573332,130615419,42087,SA2
130615419,130687407,71988,SI1556
130687407,130773526,86119,SX166
130773526,130803939,30413,SX254
130803939,130861591,57652,SX147
130861591,130889137,27546,SI1732
130889137,130931736,42599,SX310
130931736,130982936,51200,SX215
130982936,131059736,76800,SI688
131059736,131133362,73626,SI736
131133362,131180978,47616,SI718
131180978,131219481,38503,SI656
131219481,131246413,26932,SI1852
131246413,131307956,61543,SI1069
131307956,131356187,48231,SI2110
131356187,131411586,55399,SA1
131411586,131441692,30106,SI2312
131441692,131520233,78541,SI1251
131520233,131564470,44237,SX180
131564470,131628163,63693,SA1
131628163,131682128,53965,SX426
131682128,131743364,61236,SA1
131743364,131790571,47207,SI1147
131790571,131855391,64820,SX430
131855391,131900447,45056,SX179
131900447,131937311,36864,SA2
131937311,131974687,37376,SX261
131974687,132050156,75469,SX327
132050156,132087942,37786,SA2
132087942,132155219,67277,SI1896
132155219,132235706,80487,SI1347
132235706,132281889,46183,SA2
132281889,132328993,47104,SA2
132328993,132378453,49460,SX221
132378453,132423817,45364,SA2
132423817,132466928,43111,SA2
132466928,132510346,43418,SX112
132510346,132549873,39527,SX424
132549873,132591141,41268,SA2
132591141,132640601,49460,SX384
132640601,132692621,52020,SA2
132692621,132719348,26727,SI1662
132719348,132762561,43213,SX294
132762561,132801473,38912,SX326
132801473,132841409,39936,SA2
132841409,132888309,46900,SX154
132888309,132916572,28263,SI1593
132916572,132963267,46695,SA1
132963267,132999619,36352,SX381
132999619,133047440,47821,SA1
133047440,133089424,41984,SX287
133089424,133142672,53248,SA1
133142672,133186397,43725,SX91
133186397,133215684,29287,SX30
133215684,133263505,47821,SX201
133263505,133322078,58573,SX132
133322078,133370411,48333,SX343
133370411,133426527,56116,SX411
133426527,133476601,50074,SX377
133476601,133514694,38093,SX249
133514694,133569581,54887,SX247
133569581,133632762,63181,SX155
133632762,133690414,57652,SA1
133690414,133733218,42804,SA1
133733218,133783804,50586,SX211
133783804,133817596,33792,SX64
133817596,133855894,38298,SX344
133855894,133903306,47412,SX412
133903306,133979902,76596,SI1222
133979902,134037554,57652,SI2318
134037554,134112511,74957,SI1477
134112511,134149478,36967,SA2
134149478,134204774,55296,SI1346
134204774,134262630,57856,SX343
134262630,134329805,67175,SI1959
134329805,134382746,52941,SA1
134382746,134462926,80180,SI1891
134462926,134500507,37581,SA2
134500507,134563995,63488,SI1201
134563995,134603215,39220,SI1606
134603215,134642537,39322,SX445
134642537,134680733,38196,SA2
134680733,134723127,42394,SX429
134723127,134759275,36148,SX277
134759275,134805151,45876,SX376
134805151,134876422,71271,SI779
134876422,134930080,53658,SX226
134930080,134989677,59597,SI1597
134989677,135059002,69325,SI1231
135059002,135083066,24064,SI1954
135083066,135106414,23348,SI974
135106414,135150856,44442,SX264
135150856,135219874,69018,SI624
135219874,135251926,32052,SX294
135251926,135294115,42189,SX249
135294115,135341424,47309,SX62
135341424,135402148,60724,SX312
135402148,135438296,36148,SX277
135438296,135478437,40141,SA2
135478437,135512844,34407,SX204
135512844,135547968,35124,SX31
135547968,135589850,41882,SA2
135589850,135634394,44544,SX40
135634394,135679348,44954,SA1
135679348,135726555,47207,SX354
135726555,135791579,65024,SX58
135791579,135837250,45671,SX183
135837250,135894492,57242,SA1
135894492,135922140,27648,SI1795
135922140,135962896,40756,SX66
135962896,136002525,39629,SX132
136002525,136064273,61748,SX335
136064273,136106565,42292,SA2
136106565,136157049,50484,SX442
136157049,136219821,62772,SX67
136219821,136280340,60519,SI942
136280340,136341678,61338,SX54
136341678,136381922,40244,SI1595
136381922,136435785,53863,SX76
136435785,136481046,45261,SI1867
136481046,136524259,43213,SX393
136524259,136575459,51200,SX292
136575459,136614883,39424,SX68
136614883,136666288,51405,SI1800
136666288,136707248,40960,SX337
136707248,136750564,43316,SA1
136750564,136800945,50381,SA2
136800945,136845899,44954,SI595
136845899,136929253,83354,SX430
136929253,136973183,43930,SA2
136973183,137043123,69940,SI702
137043123,137084083,40960,SX411
137084083,137125760,41677,SX221
137125760,137166516,40756,SA2
137166516,137198056,31540,SX78
137198056,137253045,54989,SA1
137253045,137299023,45978,SA1
137299023,137352579,53556,SX212
137352579,137389853,37274,SX105
137389853,137454673,64820,SA2
137454673,137509355,54682,SA1
137509355,137553695,44340,SX97
137553695,137636844,83149,SI1688
137636844,137668179,31335,SX81
137668179,137737811,69632,SX286
137737811,137788192,50381,SX58
137788192,137821268,33076,SI1635
137821268,137866529,45261,SX182
137866529,137947016,80487,SI1698
137947016,137988796,41780,SX367
137988796,138029347,40551,SI2295
138029347,138114851,85504,SI972
138114851,138152739,37888,SX421
138152739,138211107,58368,SA2
138211107,138263639,52532,SI843
138263639,138336036,72397,SI1771
138336036,138371262,35226,SI2241
138371262,138464242,92980,SI1822
138464242,138521586,57344,SI689
138521586,138572991,51405,SX234
138572991,138597670,24679,SX127
138597670,138648768,51098,SI1594
138648768,138705908,57140,SX251
138705908,138769806,63898,SI982
138769806,138827150,57344,SX260
138827150,138870568,43418,SI1969
138870568,138911016,40448,SX131
138911016,138999592,88576,SI1206
138999592,139030824,31232,SX3
139030824,139081410,50586,SA1
139081410,139128412,47002,SI1838
139128412,139211664,83252,SI1333
139211664,139251600,39936,SI471
139251600,139315908,64308,SX161
139315908,139344888,28980,SX131
139344888,139411039,66151,SX161
139411039,139453740,42701,SX16
139453740,139501664,47924,SX75
139501664,139545389,43725,SI1012
139545389,139592596,47207,SX287
139592596,139643796,51200,SX426
139643796,139687009,43213,SX222
139687009,139728584,41575,SX68
139728584,139755413,26829,SI1930
139755413,139790332,34919,SX202
139790332,139852592,62260,SX336
139852592,139889661,37069,SA2
139889661,139921201,31540,SX427
139921201,139963288,42087,SX367
139963288,140007935,44647,SI2047
140007935,140038963,31028,SX3
140038963,140103680,64717,SX335
140103680,140188263,84583,SI528
140188263,140266292,78029,SI981
140266292,140313499,47207,SX108
140313499,140359272,45773,SI931
140359272,140396853,37581,SA2
140396853,140466383,69530,SX174
140466383,140511542,45159,SA1
140511542,140552195,40653,SA2
140552195,140594691,42496,SA2
140594691,140642410,47719,SX151
140642410,140684087,41677,SI1061
140684087,140703543,19456,SI2115
140703543,140773995,70452,SX170
140773995,140827039,53044,SX159
140827039,140899334,72295,SX402
140899334,140945517,46183,SX169
140945517,140991188,45671,SA2
140991188,141037473,46285,SX132
141037473,141131272,93799,SI1421
141131272,141178069,46797,SX62
141178069,141205820,27751,SX217
141205820,141268182,62362,SX219
141268182,141311395,43213,SA1
141311395,141346109,34714,SI2246
141346109,141424036,77927,SI1293
141424036,141459979,35943,SI1585
141459979,141517016,57037,SA1
141517016,141577740,60724,SX362
141577740,141626688,48948,SA2
141626688,141659559,32871,SI485
141659559,141714753,55194,SA1
141714753,141757966,43213,SI606
141757966,141804661,46695,SX411
141804661,141863951,59290,SX348
141863951,141944950,80999,SI2054
141944950,141992874,47924,SI872
141992874,142025847,32973,SX254
142025847,142095991,70144,SI1115
142095991,142138897,42906,SI1405
142138897,142185182,46285,SX436
142185182,142222251,37069,SX74
142222251,142266795,44544,SA2
142266795,142327928,61133,SA1
142327928,142374418,46490,SI1647
142374418,142411590,37172,SX128
142411590,142470266,58676,SX61
142470266,142545223,74957,SI488
142545223,142586695,41472,SX63
142586695,142631649,44954,SA1
142631649,142675477,43828,SA2
142675477,142734357,58880,SX247
142734357,142763849,29492,SX168
142763849,142825187,61338,SI1006
142825187,142858160,32973,SX253
142858160,142904548,46388,SI1680
142904548,142959128,54580,SI529
142959128,142998040,38912,SA2
142998040,143061938,63898,SI1197
143061938,143098393,36455,SX18
143098393,143148877,50484,SX378
143148877,143194957,46080,SA2
143194957,143259674,64717,SA1
143259674,143320602,60928,SX301
143320602,143365249,44647,SI1498
143365249,143442561,77312,SI665
143442561,143510248,67687,SX166
143510248,143562575,52327,SA1
143562575,143618998,56423,SX149
143618998,143670608,51610,SI2251
143670608,143723652,53044,SA2
143723652,143758468,34816,SX27
143758468,143794923,36455,SA2
143794923,143836395,41472,SX32
143836395,143877458,41063,SX210
143877458,143905926,28468,SX273
143905926,143986413,80487,SX349
143986413,144026452,40039,SI804
144026452,144068744,42292,SX37
144068744,144103663,34919,SA2
144103663,144140630,36967,SI1999
144140630,144183741,43111,SI795
144183741,144240881,57140,SA1
144240881,144280408,39527,SX73
144280408,144330892,50484,SA1
144330892,144377484,46592,SI1164
144377484,144423667,46183,SX264
144423667,144491456,67789,SX352
144491456,144523303,31847,SI2245
144523303,144558631,35328,SX339
144558631,144604199,45568,SX55
144604199,144658574,54375,SX212
144658574,144698510,39936,SI1947
144698510,144758107,59597,SI890
144758107,144802651,44544,SA2
144802651,144848731,46080,SI1504
144848731,144902389,53658,SX260
144902389,144942018,39629,SX269
144942018,145001820,59802,SX176
145001820,145081488,79668,SI679
145081488,145133098,51610,SX219
145133098,145167607,34509,SI1352
145167607,145210206,42599,SX73
145210206,145253112,42906,SA2
145253112,145277688,24576,SX237
145277688,145359199,81511,SI1391
145359199,145427603,68404,SI1240
145427603,145469485,41882,SX378
145469485,145527444,57959,SI1149
145527444,145564001,36557,SA2
145564001,145615099,51098,SX93
145615099,145665583,50484,SX411
145665583,145699171,33588,SX217
145699171,145769827,70656,SX329
145769827,145820208,50381,SA2
145820208,145878986,58778,SX357
145878986,145915748,36762,SX441
145915748,145954865,39117,SI510
145954865,145998078,43213,SA2
145998078,146041189,43111,SX33
146041189,146087167,45978,SX96
146087167,146123110,35943,SX117
146123110,146160589,37479,SX148
146160589,146210663,50074,SX329
146210663,146271284,60621,SX263
146271284,146333748,62464,SX286
146333748,146384334,50586,SI1518
146384334,146442190,57856,SX347
146442190,146489704,47514,SI2326
146489704,146546127,56423,SX418
146546127,146603881,57754,SX444
146603881,146648630,44749,SX32
146648630,146700138,51508,SA2
146700138,146741508,41370,SA2
146741508,146798443,56935,SX366
146798443,146841451,43008,SA2
146841451,146885586,44135,SX241
146885586,146939142,53556,SA2
146939142,146986451,47309,SX358
146986451,147035706,49255,SA1
147035706,147077895,42189,SX240
147077895,147114043,36148,SX276
147114043,147172309,58266,SA1
147172309,147235183,62874,SA1
147235183,147291196,56013,SA1
147291196,147366563,75367,SI716
147366563,147421245,54682,SI1232
147421245,147464561,43316,SX447
147464561,147495691,31130,SX35
147495691,147558975,63284,SX287
147558975,147603110,44135,SA1
147603110,147632909,29799,SI2207
147632909,147680730,47821,SX401
147680730,147746574,65844,SI848
147746574,147808219,61645,SI1319
147808219,147873346,65127,SI1821
147873346,147915842,42496,SX211
147915842,147959874,44032,SX245
147959874,148008719,48845,SX254
148008719,148071388,62669,SI1817
148071388,148111939,40551,SI1083
148111939,148162423,50484,SA1
148162423,148206660,44237,SI2136
148206660,148256529,49869,SI883
148256529,148320529,64000,SX406
148320529,148374289,53760,SA2
148374289,148418833,44544,SA2
148418833,148467985,49152,SX39
148467985,148535979,67994,SI1102
148535979,148579499,43520,SA2
148579499,148622098,42599,SX429
148622098,148667462,45364,SX206
148667462,148715386,47924,SX206
148715386,148791060,75674,SI481
148791060,148853217,62157,SI1491
148853217,148893665,40448,SX152
148893665,148948142,54477,SA1
148948142,149007330,59188,SX58
149007330,149071023,63693,SX347
149071023,149109833,38810,SA1
149109833,149169328,59495,SX123
149169328,149220528,51200,SX308
149220528,149265687,45159,SA2
149265687,149331531,65844,SI1282
149331531,149371467,39936,SX96
149371467,149441099,69632,SA1
149441099,149476427,35328,SA2
149476427,149502130,25703,SX261
149502130,149559679,57549,SX362
149559679,149609139,49460,SA1
149609139,149653171,44032,SX345
149653171,149710925,57754,SX147
149710925,149818343,107418,SI654
149818343,149849063,30720,SX24
149849063,149890126,41063,SX131
149890126,149952283,62157,SX76
149952283,149996725,44442,SA2
149996725,150019663,22938,SX72
150019663,150048745,29082,SI2031
150048745,150090627,41882,SX447
150090627,150143671,53044,SX452
150143671,150202244,58573,SA1
150202244,150241054,38810,SA2
150241054,150284472,43418,SX62
150284472,150345298,60826,SI968
150345298,150419641,74343,SX451
150419641,150472480,52839,SX363
150472480,150515284,42804,SX382
150515284,150554606,39322,SX89
150554606,150609288,54682,SA1
150609288,150662229,52941,SA1
150662229,150705545,43316,SA2
150705545,150745891,40346,SX46
150745891,150775485,29594,SX425
150775485,150833239,57754,SX363
150833239,150891710,58471,SX439
150891710,150931032,39322,SX446
150931032,150954277,23245,SX231
150954277,151014898,60621,SX174
151014898,151058623,43725,SX235
151058623,151095999,37376,SX198
151095999,151138495,42496,SI1826
151138495,151163583,25088,SI2265
151163583,151209254,45671,SI1228
151209254,151254310,45056,SX165
151254310,151291277,36967,SX157
151291277,151351181,59904,SX452
151351181,151397261,46080,SA1
151397261,151425524,28263,SI508
151425524,151464027,38503,SX33
151464027,151537960,73933,SX324
151537960,151578920,40960,SX363
151578920,151638312,59392,SI723
151638312,151681935,43623,SX399
151681935,151768566,86631,SI705
151768566,151791504,22938,SI1188
151791504,151840656,49152,SX334
151840656,151891242,50586,SX402
151891242,151961796,70554,SX142
151961796,152031940,70144,SI1434
152031940,152075768,43828,SA2
152075768,152139564,63796,SI1318
152139564,152209401,69837,SX247
152209401,152265209,55808,SX244
152265209,152315590,50381,SX342
152315590,152381536,65946,SI526
152381536,152458439,76903,SX451
152458439,152521825,63386,SX136
152521825,152584289,62464,SI2140
152584289,152638971,54682,SI989
152638971,152705839,66868,SX333
152705839,152793903,88064,SI1241
152793903,152849404,55501,SX277
152849404,152895177,45773,SX271
152895177,152935216,40039,SX272
152935216,152980682,45466,SX135
152980682,153057380,76698,SI1426
153057380,153097624,40244,SX337
153097624,153145855,48231,SA1
153145855,153203916,58061,SX348
153203916,153258086,54170,SI1430
153258086,153293312,35226,SX150
153293312,153327412,34100,SI2011
153327412,153405441,78029,SI841
153405441,153439643,34202,SX107
153439643,153497295,57652,SX136
153497295,153537641,40346,SA2
153537641,153587613,49972,SX245
153587613,153633181,45568,SA1
153633181,153670148,36967,SX361
153670148,153725956,55808,SA1
153725956,153779614,53658,SX112
153779614,153828766,49152,SX120
153828766,153895634,66868,SI1761
153895634,153933932,38298,SX114
153933932,154003974,70042,SX406
154003974,154049747,45773,SI2116
154049747,154109037,59290,SX420
154109037,154146925,37888,SX16
154146925,154184506,37581,SX168
154184506,154210414,25908,SX187
154210414,154263458,53044,SA1
154263458,154298786,35328,SX381
154298786,154324386,25600,SX237
154324386,154370057,45671,SX148
154370057,154452285,82228,SX333
154452285,154530929,78644,SX170
154530929,154577829,46900,SX82
154577829,154618585,40756,SI1522
154618585,154640499,21914,SI1479
154640499,154668864,28365,SI2216
154668864,154703578,34714,SX42
154703578,154740750,37172,SI1348
154740750,154783963,43213,SX395
154783963,154821135,37172,SX266
154821135,154868239,47104,SX240
154868239,154905411,37172,SX7
154905411,154970947,65536,SI811
154970947,155038224,67277,SI2072
155038224,155076317,38093,SA2
155076317,155129258,52941,SA1
155129258,155180663,51405,SX172
155180663,155227767,47104,SX45
155227767,155264631,36864,SA2
155264631,155296580,31949,SX195
155296580,155329860,33280,SX436
155329860,155369796,39936,SX61
155369796,155442500,72704,SI2320
155442500,155499742,57242,SI647
155499742,155545208,45466,SI1657
155545208,155600709,55501,SX378
155600709,155632351,31642,SX127
155632351,155688876,56525,SX121
155688876,155735059,46183,SX444
155735059,155779706,44647,SX386
155779706,155828449,48743,SA1
155828449,155890504,62055,SI2073
155890504,155912418,21914,SI2157
155912418,155969558,57140,SI697
155969558,156020963,51405,SA1
156020963,156068477,47514,SA2
156068477,156112714,44237,SX345
156112714,156160842,48128,SX63
156160842,156233854,73012,SI1036
156233854,156275122,41268,SI1140
156275122,156317004,41882,SI1942
156317004,156371993,54989,SX346
156371993,156439475,67482,SA2
156439475,156489139,49664,SX392
156489139,156526208,37069,SX108
156526208,156586215,60007,SA1
156586215,156629428,43213,SA2
156629428,156670388,40960,SX345
156670388,156717083,46695,SA1
156717083,156800847,83764,SI800
156800847,156840579,39732,SX266
156840579,156911031,70452,SX311
156911031,156953835,42804,SA2
156953835,156981586,27751,SX261
156981586,156998585,16999,SI1953
156998585,157030841,32256,SX276
157030841,157074361,43520,SX441
157074361,157112045,37684,SX187
157112045,157156487,44442,SX65
157156487,157193454,36967,SX45
157193454,157245576,52122,SI2126
157245576,157284693,39117,SI1701
157284693,157347362,62669,SA1
157347362,157395388,48026,SI527
157395388,157455497,60109,SX165
157455497,157512841,57344,SI1387
157512841,157579606,66765,SX166
157579606,157642173,62567,SA1
157642173,157701668,59495,SX178
157701668,157729214,27546,SI1690
157729214,157773861,44647,SI1785
157773861,157808985,35124,SA2
157808985,157841139,32154,SI2271
157841139,157883533,42394,SX355
157883533,157935450,51917,SX357
157935450,157969857,34407,SX22
157969857,158022901,53044,SX123
158022901,158068469,45568,SX301
158068469,158152949,84480,SI1160
158152949,158209577,56628,SI579
158209577,158236304,26727,SX27
158236304,158286890,50586,SX27
158286890,158310852,23962,SI1560
158310852,158362872,52020,SA1
158362872,158395333,32461,SI1329
158395333,158444485,49152,SA1
158444485,158495993,51508,SX206
158495993,158537056,41063,SI1530
158537056,158589485,52429,SA1
158589485,158660551,71066,SX406
158660551,158700795,40244,SA2
158700795,158740117,39322,SX236
158740117,158803093,62976,SI1210
158803093,158848252,45159,SA2
158848252,158899043,50791,SI1997
158899043,158946557,47514,SA1
158946557,158992330,45773,SX33
158992330,159020183,27853,SI495
159020183,159056331,36148,SX204
159056331,159111320,54989,SX294
159111320,159183000,71680,SI1055
159183000,159217304,34304,SX186
159217304,159290316,73012,SI1267
159290316,159314892,24576,SI1494
159314892,159358208,43316,SA2
159358208,159406336,48128,SA2
159406336,159457229,50893,SA2
159457229,159514778,57549,SI1132
159514778,159561678,46900,SA1
159561678,159618818,57140,SX423
159618818,159653942,35124,SX78
159653942,159704426,50484,SA2
159704426,159735658,31232,SI692
159735658,159756138,20480,SI1832
159756138,159791774,35636,SX145
159791774,159830482,38708,SX393
159830482,159865401,34919,SX93
159865401,159919878,54477,SI803
159919878,159951520,31642,SX217
159951520,159994324,42804,SX301
159994324,160052692,58368,SI537
160052692,160105633,52941,SX55
160105633,160156219,50586,SI1420
160156219,160176699,20480,SI1895
160176699,160241928,65229,SX172
160241928,160269372,27444,SX202
160269372,160297840,28468,SX197
160297840,160337981,40141,SX236
160337981,160378532,40551,SA2
160378532,160416318,37786,SX97
160416318,160497624,81306,SI1465
160497624,160537765,40141,SX412
160537765,160570738,32973,SX6
160570738,160612722,41984,SX262
160612722,160668018,55296,SX330
160668018,160709490,41472,SX361
160709490,160749529,40039,SX256
160749529,160786598,37069,SI2045
160786598,160850803,64205,SI1609
160850803,160925248,74445,SA1
160925248,160968154,42906,SA2
160968154,161026522,58368,SA1
161026522,161084276,57754,SX356
161084276,161138139,53863,SX156
161138139,161195483,57344,SX176
161195483,161233474,37991,SI2162
161233474,161295529,62055,SA2
161295529,161328195,32666,SX46
161328195,161359632,31437,SX202
161359632,161400900,41268,SX66
161400900,161442577,41677,SA2
161442577,161467461,24884,SX307
161467461,161497362,29901,SI2287
161497362,161526034,28672,SI492
161526034,161567711,41677,SI2048
161567711,161600479,32768,SX71
161600479,161642054,41575,SX339
161642054,161679226,37172,SX117
161679226,161711175,31949,SX339
161711175,161738619,27444,SX93
161738619,161785007,46388,SI828
161785007,161831292,46285,SA1
161831292,161897443,66151,SX84
161897443,161970967,73524,SI2215
161970967,162013259,42292,SA2
162013259,162051864,38605,SI646
162051864,162110744,58880,SI1121
162110744,162174437,63693,SI1858
162174437,162257279,82842,SI1215
162257279,162299980,42701,SA2
162299980,162360704,60724,SI1807
162360704,162416410,55706,SI1686
162416410,162472526,56116,SX359
162472526,162516558,44032,SI577
162516558,162552706,36148,SX297
162552706,162608822,56116,SI1209
162608822,162648349,39527,SA2
162648349,162694634,46285,SA1
162694634,162743582,48948,SX221
162743582,162791813,48231,SX39
162791813,162858681,66868,SA1
162858681,162909267,50586,SI1170
162909267,162954733,45466,SX215
162954733,162995284,40551,SI2053
162995284,163055700,60416,SI1912
163055700,163106593,50893,SA1
163106593,163165371,58778,SX54
163165371,163196911,31540,SX297
163196911,163244220,47309,SA1
163244220,163300336,56116,SI774
163300336,163363005,62669,SA1
163363005,163407754,44749,SI513
163407754,163459364,51610,SX259
163459364,163500427,41063,SX434
163500427,163544869,44442,SI966
163544869,163593305,48436,SI799
163593305,163637235,43930,SI2086
163637235,163679015,41780,SA2
163679015,163706971,27956,SX334
163706971,163752437,45466,SI1256
163752437,163808348,55911,SA1
163808348,163857500,49152,SI2214
163857500,163894876,37376,SX263
163894876,163935632,40756,SX252
163935632,163976183,40551,SX436
163976183,164027383,51200,SX52
164027383,164071006,43623,SA2
164071006,164114526,43520,SX37
164114526,164154258,39732,SA2
164154258,164220102,65844,SA1
164220102,164269459,49357,SX255
164269459,164313287,43828,SX215
164313287,164354862,41575,SX183
164354862,164388859,33997,SA2
164388859,164471087,82228,SX432
164471087,164510614,39527,SA2
164510614,164600829,90215,SI1186
164600829,164688586,87757,SX327
164688586,164741118,52532,SX161
164741118,164819454,78336,SI630
164819454,164851198,31744,SI676
164851198,164896971,45773,SA2
164896971,164965170,68199,SI2067
164965170,164995481,30311,SX303
164995481,165050061,54580,SA2
165050061,165095834,45773,SX302
165095834,165147854,52020,SA1
165147854,165167925,20071,SI1952
165167925,165207145,39220,SX105
165207145,165250461,43316,SA2
165250461,165288145,37684,SX225
165288145,165346001,57856,SA1
165346001,165393105,47104,SA2
165393105,165448913,55808,SX69
165448913,165494789,45876,SX107
165494789,165578860,84071,SI2283
165578860,165620435,41575,SA2
165620435,165658221,37786,SX145
165658221,165697133,38912,SX6
165697133,165745466,48333,SX260
165745466,165784174,38708,SX18
165784174,165837525,53351,SI1935
165837525,165873775,36250,SX245
165873775,165932143,58368,SA1
165932143,165964092,31949,SX87
165964092,166017545,53453,SX305
166017545,166067312,49767,SI958
166067312,166110730,43418,SA1
166110730,166148721,37991,SA2
166148721,166198283,49562,SX450
166198283,166250712,52429,SX392
166250712,166297919,47207,SX332
166297919,166353215,55296,SA2
166353215,166396735,43520,SA2
166396735,166455820,59085,SA1
166455820,166498419,42599,SI2058
166498419,166540096,41677,SX56
166540096,166601024,60928,SA1
166601024,166637376,36352,SX150
166637376,166675367,37991,SX51
166675367,166713358,37991,SX316
166713358,166773570,60212,SA1
166773570,166849858,76288,SX336
166849858,166895836,45978,SX326
166895836,166940278,44442,SA1
166940278,166981443,41165,SX158
166981443,167054250,72807,SI491
167054250,167095620,41370,SX342
167095620,167152964,57344,SX250
167152964,167213585,60621,SX437
167213585,167255057,41472,SX123
167255057,167298782,43725,SX417
167298782,167347730,48948,SA2
167347730,167390943,43213,SX246
167390943,167431187,40244,SI504
167431187,167497543,66356,SI817
167497543,167571681,74138,SX169
167571681,167645921,74240,SI507
167645921,167699477,53556,SA1
167699477,167744021,44544,SA2
167744021,167790306,46285,SX294
167790306,167855126,64820,SA1
167855126,167892195,37069,SI2339
167892195,167932643,40448,SX114
167932643,167964387,31744,SI1855
167964387,167999306,34919,SX168
167999306,168050097,50791,SA1
168050097,168095870,45773,SI1247
168095870,168146046,50176,SX142
168146046,168199397,53351,SA1
168199397,168244146,44749,SX421
168244146,168287052,42906,SX114
168287052,168339276,52224,SA1
168339276,168381875,42599,SA2
168381875,168416589,34714,SX87
168416589,168465127,48538,SX392
168465127,168500455,35328,SX131
168500455,168549198,48743,SX406
168549198,168597429,48231,SX7
168597429,168642895,45466,SA2
168642895,168686927,44032,SI2096
168686927,168752566,65639,SI1436
168752566,168820970,68404,SI987
168820970,168875550,54580,SX259
168875550,168935659,60109,SX292
168935659,168973138,37479,SI1547
168973138,169032838,59700,SX428
169032838,169105440,72602,SI1290
169105440,169161248,55808,SX256
169161248,169224122,62874,SX170
169224122,169268871,44749,SA2
169268871,169329799,60928,SX359
169329799,169374753,44954,SX66
169374753,169420526,45773,SI542
169420526,169469576,49050,SX151
169469576,169529071,59495,SI976
169529071,169571875,42804,SX412
169571875,169616727,44852,SA2
169616727,169655025,38298,SX69
169655025,169686974,31949,SX249
169686974,169749029,62055,SA1
169749029,169783743,34714,SX210
169783743,169841702,57959,SA1
169841702,169879283,37581,SX263
169879283,169931098,51815,SX326
169931098,169988442,57344,SX247
169988442,170047322,58880,SI1890
170047322,170067700,20378,SI2113
170067700,170111016,43316,SX405
170111016,170170101,59085,SX351
170170101,170193244,23143,SX307
170193244,170246083,52839,SI1126
170246083,170276496,30413,SI2201
170276496,170325751,49255,SX258
170325751,170390059,64308,SI2324
170390059,170439109,49050,SX244
170439109,170498706,59597,SX361
170498706,170553593,54887,SX172
170553593,170602029,48436,SX267
170602029,170687124,85095,SI940
170687124,170740577,53453,SX155
170740577,170790856,50279,SX398
170790856,170842261,51405,SX268
170842261,170884860,42599,SA2
170884860,170960432,75572,SI632
170960432,171003133,42701,SX239
171003133,171091095,87962,SX352
171091095,171142091,50996,SX338
171142091,171186635,44544,SA1
171186635,171226571,39936,SA2
171226571,171285554,58983,SA1
171285554,171321906,36352,SA2
171321906,171366143,44237,SI660
171366143,171417855,51712,SI2059
171417855,171451238,33383,SX177
171451238,171513805,62567,SX438
171513805,171578010,64205,SI2159
171578010,171616615,38605,SX447
171616615,171659419,42804,SX302
171659419,171710210,50791,SI1335
171710210,171772879,62669,SI1537
171772879,171840873,67994,SX387
171840873,171900982,60109,SX160
171900982,171956483,55501,SA1
171956483,171998160,41677,SX270
171998160,172050282,52122,SA1
172050282,172107012,56730,SA1
172107012,172161592,54580,SX321
172161592,172205420,43828,SI1923
172205420,172249964,44544,SA1
172249964,172294099,44135,SX296
172294099,172355539,61440,SX174
172355539,172394656,39117,SI1249
172394656,172431725,37069,SX59
172431725,172466029,34304,SX238
172466029,172537607,71578,SI1018
172537607,172606523,68916,SI1063
172606523,172668987,62464,SI1221
172668987,172704520,35533,SI1526
172704520,172739234,34714,SI1696
172739234,172778863,39629,SX244
172778863,172815215,36352,SX436
172815215,172862627,47412,SX429
172862627,172926730,64103,SX160
172926730,172960625,33895,SX158
172960625,172996875,36250,SI1877
172996875,173035583,38708,SX342
173035583,173069068,33485,SI607
173069068,173111667,42599,SI1703
173111667,173151911,40244,SX152
173151911,173220417,68506,SX349
173220417,173268750,48333,SX179
173268750,173338792,70042,SX324
173338792,173380674,41882,SX45
173380674,173401462,20788,SI1835
173401462,173438019,36557,SX62
173438019,173524752,86733,SI1340
173524752,173583530,58778,SI629
173583530,173639646,56116,SX155
173639646,173689925,50279,SX162
173689925,173742866,52941,SI1857
173742866,173798777,55911,SA2
173798777,173842707,43930,SX145
173842707,173886637,43930,SA2
173886637,173935994,49357,SX360
173935994,173994670,58676,SX428
173994670,174049557,54887,SI1707
174049557,174093385,43828,SA1
174093385,174141821,48436,SA2
174141821,174194250,52429,SX96
174194250,174264497,70247,SI454
174264497,174305969,41472,SI573
174305969,174345598,39629,SX213
174345598,174384920,39322,SI2181
174384920,174435506,50586,SA1
174435506,174479743,44237,SX63
174479743,174520601,40858,SX415
174520601,174565760,45159,SX76
174565760,174616244,50484,SX330
174616244,174664782,48538,SX120
174664782,174711579,46797,SI1666
174711579,174764008,52429,SI2248
174764008,174798312,34304,SI2112
174798312,174836610,38298,SX42
174836610,174907983,71373,SI814
174907983,174958364,50381,SI2085
174958364,174993795,35431,SX354
174993795,175036291,42496,SX114
175036291,175085034,48743,SA1
175085034,175151287,66253,SI937
175151287,175199620,48333,SI1803
175199620,175255940,56320,SX61
175255940,175316049,60109,SA1
175316049,175375851,59802,SX141
175375851,175422955,47104,SX87
175422955,175488594,65639,SX437
175488594,175538975,50381,SX243
175538975,175602156,63181,SX215
175602156,175712032,109876,SI810
175712032,175767840,55808,SA2
175767840,175844333,76493,SI1389
175844333,175901063,56730,SX401
175901063,175947553,46490,SX256
175947553,175986773,39220,SI2105
175986773,176033058,46285,SI1316
176033058,176077910,44852,SX150
176077910,176129315,51405,SA1
176129315,176163210,33895,SX269
176163210,176211953,48743,SX287
176211953,176259774,47821,SX176
176259774,176293464,33690,SI1711
176293464,176372517,79053,SI1123
176372517,176415730,43213,SX92
176415730,176464166,48436,SX354
176464166,176491507,27341,SX150
176491507,176572711,81204,SI556
176572711,176616846,44135,SX253
176616846,176657499,40653,SA2
176657499,176704296,46797,SX375
176704296,176755292,50996,SA2
176755292,176787139,31847,SI2013
176787139,176831479,44340,SX56
176831479,176876638,45159,SX15
176876638,176921387,44749,SX356
176921387,176950162,28775,SI1651
176950162,177002694,52532,SX152
177002694,177042528,39834,SI2177
177042528,177088916,46388,SX145
177088916,177149640,60724,SX387
177149640,177209340,59700,SA1
177209340,177261155,51815,SA1
177261155,177305290,44135,SA2
177305290,177323620,18330,SI1111
177323620,177385060,61440,SX7
177385060,177456331,71271,SI922
177456331,177493298,36967,SX186
177493298,177527090,33792,SX334
177527090,177610034,82944,SI1257
177610034,177667174,57140,SX165
177667174,177704141,36967,SX221
177704141,177746433,42292,SX325
177746433,177781147,34714,SX261
177781147,177829583,48436,SI747
177829583,177870953,41370,SA2
177870953,177917341,46388,SI505
177917341,177964343,47002,SA2
177964343,178018718,54375,SI870
178018718,178038584,19866,SX231
178038584,178079544,40960,SX339
178079544,178130028,50484,SI855
178130028,178188704,58676,SX212
178188704,178227104,38400,SI2193
178227104,178248301,21197,SI1481
178248301,178291617,43316,SA2
178291617,178333397,41780,SI671
178333397,178379170,45773,SA1
178379170,178446959,67789,SI1305
178446959,178495190,48231,SI782
178495190,178539837,44647,SX398
178539837,178577623,37786,SX106
178577623,178662206,84583,SX220
178662206,178700709,38503,SX72
178700709,178748735,48026,SX155
178748735,178820313,71578,SA2
178820313,178895270,74957,SX161
178895270,178947904,52634,SX240
178947904,178972276,24372,SI2341
178972276,179020916,48640,SX426
179020916,179056756,35840,SX270
179056756,179101096,44340,SA2
179101096,179139906,38810,SI2239
179139906,179192745,52839,SA1
179192745,179259510,66765,SX136
179259510,179315216,55706,SA2
179315216,179351568,36352,SX17
179351568,179400618,49050,SI1619
179400618,179444446,43828,SX354
179444446,179486942,42496,SX112
179486942,179524523,37581,SX75
179524523,179573368,48845,SA1
179573368,179651909,78541,SI1258
179651909,179712121,60212,SI700
179712121,179757382,45261,SA2
179757382,179785747,28365,SX30
179785747,179850976,65229,SI1259
179850976,179911290,60314,SX268
179911290,179956244,44954,SI2218
179956244,179997921,41677,SX305
179997921,180037448,39527,SX246
180037448,180061410,23962,SI1612
180061410,180101858,40448,SX344
180101858,180150294,48436,SA1
180150294,180204976,54682,SX375
180204976,180264266,59290,SA1
180264266,180310551,46285,SX180
180310551,180350590,40039,SI1592
180350590,180382437,31847,SI2285
180382437,180430053,47616,SI457
180430053,180463026,32973,SX158
180463026,180520882,57856,SI648
180520882,180561433,40551,SX37
180561433,180620313,58880,SX161
180620313,180671309,50996,SA1
180671309,180735002,63693,SI2145
180735002,180781697,46695,SX82
180781697,180809448,27751,SI1269
180809448,180845084,35636,SX66
180845084,180899049,53965,SA1
180899049,180925673,26624,SI1860
180925673,180962435,36762,SI1990
180962435,181011383,48948,SX360
181011383,181063505,52122,SI1440
181063505,181092177,28672,SX436
181092177,181137950,45773,SX264
181137950,181214136,76186,SI1841
181214136,181255301,41165,SX82
181255301,181304965,49664,SX353
181304965,181349817,44852,SX55
181349817,181386272,36455,SI2017
181386272,181439930,53658,SA1
181439930,181494510,54580,SX426
181494510,181546837,52327,SI1281
181546837,181621487,74650,SX232
181621487,181667772,46285,SI1276
181667772,181747337,79565,SI952
181747337,181775088,27751,SX195
181775088,181811236,36148,SX270
181811236,181878104,66868,SI842
181878104,181910770,32666,SA2
181910770,181951730,40960,SX353
181951730,182037337,85607,SI620
182037337,182091609,54272,SI1234
182091609,182137485,45876,SA2
182137485,182186945,49460,SX128
182186945,182227496,40551,SA2
182227496,182280130,52634,SA2
182280130,182315049,34919,SX315
182315049,182366557,51508,SI520
182366557,182410282,43725,SX79
182410282,182453495,43213,SX69
182453495,182492305,38810,SX85
182492305,182568286,75981,SI1207
182568286,182617746,49460,SX152
182617746,182652665,34919,SX210
182652665,182705094,52429,SA1
182705094,182750355,45261,SA2
182750355,182820704,70349,SI1260
182820704,182871904,51200,SI1602
182871904,182902522,30618,SI1796
182902522,182981575,79053,SI1412
182981575,183064519,82944,SI794
183064519,183118279,53760,SA1
183118279,183161287,43008,SX270
183161287,183222523,61236,SI1883
183222523,183270856,48333,SX79
183270856,183321647,50791,SX82
183321647,183368035,46388,SX360
183368035,183412989,44954,SA1
183412989,183448113,35124,SX85
183448113,183484056,35943,SX447
183484056,183524812,40756,SI1125
183524812,183551744,26932,SX30
183551744,183596596,44852,SA2
183596596,183638580,41984,SX38
183638580,183703809,65229,SX348
183703809,183751118,47309,SA1
183751118,183775694,24576,SI1888
183775694,183804469,28775,SI1804
183804469,183861301,56832,SI1731
183861301,183893353,32052,SX127
183893353,183947216,53863,SA1
183947216,183995754,48538,SX401
183995754,184039684,43930,SX241
184039684,184090987,51303,SI827
184090987,184164818,73831,SI525
184164818,184224825,60007,SA1
184224825,184285037,60212,SI798
184285037,184327533,42496,SX83
184327533,184376993,49460,SX206
184376993,184417237,40244,SI2274
184417237,184465980,48743,SX302
184465980,184542576,76596,SX311
184542576,184589680,47104,SI1936
184589680,184643748,54068,SX218
184643748,184684504,40756,SX416
184684504,184731199,46695,SX62
184731199,184791001,59802,SA1
184791001,184833702,42701,SX87
184833702,184883366,49664,SA1
184883366,184935488,52122,SI1965
184935488,184962624,27136,SI686
184962624,185015565,52941,SX130
185015565,185071885,56320,SX220
185071885,185134554,62669,SA1
185134554,185158721,24167,SI1713
185158721,185198862,40141,SI1842
185198862,185241563,42701,SA2
185241563,185266242,24679,SI1851
185266242,185313142,46900,SX259
185313142,185373866,60724,SA1
185373866,185413086,39220,SI1956
185413086,185472888,59802,SX166
185472888,185517535,44647,SA2
185517535,185566073,48538,SX107
185566073,185611641,45568,SA2
185611641,185678201,66560,SA1
185678201,185715987,37786,SX434
185715987,185784288,68301,SX149
185784288,185833031,48743,SX242
185833031,185873787,40756,SX128
185873787,185920584,46797,SA1
185920584,185961135,40551,SX448
185961135,185994415,33280,SI2242
185994415,186031996,37581,SX355
186031996,186076950,44954,SX401
186076950,186134294,57344,SX338
186134294,186172387,38093,SX303
186172387,186250007,77620,SI852
186250007,186284209,34202,SX386
186284209,186332542,48333,SA1
186332542,186367666,35124,SA2
186367666,186410265,42599,SX56
186410265,186445286,35021,SI2043
186445286,186495258,49972,SX181
186495258,186550554,55296,SA1
186550554,186607284,56730,SX442
186607284,186641486,34202,SX59
186641486,186727093,85607,SA2
186727093,186785359,58266,SX431
186785359,186855708,70349,SI868
186855708,186897897,42189,SI1416
186897897,186939677,41780,SX296
186939677,186989853,50176,SA1
186989853,187031530,41677,SX322
187031530,187084164,52634,SX442
187084164,187148984,64820,SX262
187148984,187192197,43213,SI1427
187192197,187240018,47821,SX422
187240018,187266847,26829,SX425
187266847,187299923,33076,SX80
187299923,187320608,20685,SX3
187320608,187359930,39322,SX302
187359930,187396487,36557,SX326
187396487,187427105,30618,SX42
187427105,187474005,46900,SX419
187474005,187513941,39936,SI1917
187513941,187577122,63181,SX175
187577122,187621052,43930,SX285
187621052,187656073,35021,SX128
187656073,187688944,32871,SI722
187688944,187726013,37069,SX57
187726013,187754788,28775,SX21
187754788,187834558,79770,SI1227
187834558,187868043,33485,SX26
187868043,187909413,41370,SA2
187909413,187956005,46592,SX353
187956005,188005055,49050,SX402
188005055,188071718,66663,SA1
188071718,188110630,38912,SA2
188110630,188169715,59085,SI781
188169715,188230541,60826,SA1
188230541,188265050,34509,SX384
188265050,188306727,41677,SX326
188306727,188341441,34714,SX303
188341441,188366837,25396,SI1864
188366837,188408514,41677,SX51
188408514,188452751,44237,SX129
188452751,188470159,17408,SX70
188470159,188515011,44852,SX250
188515011,188639632,124621,SI1441
188639632,188692368,52736,SI1058
188692368,188753808,61440,SX173
188753808,188810128,56320,SI2097
188810128,188841565,31437,SX384
188841565,188887441,45876,SX375
188887441,188941816,54375,SX232
188941816,188979500,37684,SI1548
188979500,189021177,41677,SX157
189021177,189044934,23757,SI592
189044934,189092755,47821,SA1
189092755,189151533,58778,SA1
189151533,189197818,46285,SX55
189197818,189255367,57549,SI698
189255367,189330017,74650,SI1153
189330017,189349781,19764,SI1031
189349781,189410709,60928,SX451
189410709,189471433,60724,SX450
189471433,189516182,44749,SX271
189516182,189552125,35943,SX399
189552125,189590423,38298,SX125
189590423,189643876,53453,SA1
189643876,189674699,30823,SI2010
189674699,189715557,40858,SX399
189715557,189757132,41575,SX37
189757132,189807923,50791,SX433
189807923,189859533,51610,SI1545
189859533,189901005,41472,SI703
189901005,189965517,64512,SA1
189965517,190013953,48436,SX377
190013953,190048155,34202,SI720
190048155,190115739,67584,SX350
190115739,190155061,39322,SI618
190155061,190190594,35533,SX436
190190594,190237596,47002,SX108
190237596,190278454,40858,SX296
190278454,190350749,72295,SI1177
190350749,190402052,51303,SI2191
190402052,190471070,69018,SX335
190471070,190527083,56013,SX359
190527083,190564562,37479,SX429
190564562,190603167,38605,SI2160
190603167,190657439,54272,SX232
190657439,190697273,39834,SA2
190697273,190742841,45568,SX46
190742841,190822611,79770,SI667
190822611,190892653,70042,SI916
190892653,190943956,51303,SA1
190943956,190977544,33588,SI1869
190977544,191026389,48845,SX112
191026389,191073391,47002,SX400
191073391,191143535,70144,SI1480
191143535,191213782,70247,SI797
191213782,191271638,57856,SA1
191271638,191387965,116327,SI2302
191387965,191425239,37274,SI1863
191425239,191475415,50176,SA1
191475415,191514532,39117,SI986
191514532,191554366,39834,SX132
191554366,191592254,37888,SI611
191592254,191653182,60928,SX430
191653182,191724146,70964,SI701
191724146,191769612,45466,SX180
191769612,191831974,62362,SI1913
191831974,191859315,27341,SI2338
191859315,191902119,42804,SA2
191902119,191944615,42496,SI1700
191944615,192018139,73524,SA1
192018139,192069237,51098,SI1880
192069237,192130165,60928,SX329
192130165,192169282,39117,SX6
192169282,192190684,21402,SI2122
192190684,192249667,58983,SI2121
192249667,192304451,54784,SX366
192304451,192355549,51098,SX377
192355549,192418423,62874,SA1
192418423,192496452,78029,SI562
192496452,192536286,39834,SX244
192536286,192607454,71168,SX432
192607454,192669816,62362,SI862
192669816,192731154,61338,SA1
192731154,192790649,59495,SA1
192790649,192825670,35021,SI1950
192825670,192878918,53248,SX60
192878918,192931552,52634,SA1
192931552,192980090,48538,SA1
