mel_spectro_start,mel_spectro_end,mel_spectro_length,Speaker
0,261,261,SX284
261,575,314,SA1
575,838,263,SX14
838,1063,225,SI1904
1063,1301,238,SA2
1301,1704,403,SI891
1704,1893,189,SX374
1893,2065,172,SX194
2065,2219,154,SX104
2219,2421,202,SI644
2421,2741,320,SA1
2741,3023,282,SI458
3023,3268,245,SA2
3268,3417,149,SX98
3417,3797,380,SX368
3797,3933,136,SI1718
3933,4242,309,SX278
4242,4487,245,SI1088
4487,4759,272,SX188
4759,4980,221,SX8
4980,5313,333,SA1
5313,5519,206,SI2099
5519,5941,422,SI1469
5941,6236,295,SX299
6236,6504,268,SA2
6504,6877,373,SI839
6877,7129,252,SX119
7129,7735,606,SX29
7735,8024,289,SX389
8024,8319,295,SX209
8319,8569,250,SA1
8569,8795,226,SX100
8795,8993,198,SX190
8993,9211,218,SX370
9211,9570,359,SI2260
9570,9789,219,SA2
9789,9929,140,SX280
9929,10129,200,SX10
10129,10351,222,SI1630
10351,10553,202,SI1000
10553,10778,225,SX408
10778,11099,321,SA1
11099,11302,203,SI2298
11302,11548,246,SA2
11548,11775,227,SI1038
11775,12192,417,SI967
12192,12473,281,SX138
12473,12705,232,SX318
12705,12887,182,SX228
12887,13178,291,SX48
13178,13455,277,SA1
13455,13776,321,SX101
13776,13962,186,SX11
13962,14188,226,SI911
14188,14433,245,SA2
14433,14665,232,SX191
14665,14936,271,SX281
14936,15228,292,SI1541
15228,15489,261,SX371
15489,15650,161,SI2171
15650,15924,274,SA1
15924,16311,387,SI729
16311,16521,210,SX189
16521,16729,208,SA2
16729,16883,154,SX9
16883,17108,225,SX99
17108,17307,199,SX369
17307,17576,269,SI1989
17576,17941,365,SI1359
17941,18274,333,SX279
18274,18556,282,SA1
18556,18742,186,SI1735
18742,18980,238,SX115
18980,19330,350,SX205
19330,19585,255,SA2
19585,19767,182,SX25
19767,20040,273,SX295
20040,20222,182,SX385
20222,20581,359,SI1105
20581,20736,155,SI475
20736,21024,288,SI1488
21024,21252,228,SX408
21252,21521,269,SA1
21521,21723,202,SA2
21723,21973,250,SX138
21973,22125,152,SI1026
22125,22351,226,SX318
22351,22509,158,SX228
22509,22874,365,SI858
22874,23107,233,SX48
23107,23436,329,SA1
23436,23640,204,SX34
23640,23835,195,SX124
23835,24080,245,SA2
24080,24304,224,SX304
24304,24761,457,SI1330
24761,25043,282,SI1834
25043,25292,249,SX214
25292,25713,421,SI1204
25713,25914,201,SX394
25914,26183,269,SA1
26183,26393,210,SX189
26393,26802,409,SI459
26802,27010,208,SA2
27010,27153,143,SX9
27153,27459,306,SI1301
27459,27713,254,SX99
27713,27911,198,SX369
27911,28087,176,SI1089
28087,28388,301,SX279
28388,28661,273,SX413
28661,28909,248,SA1
28909,29123,214,SX323
29123,29338,215,SX143
29338,29557,219,SI593
29557,29907,350,SI1853
29907,30109,202,SA2
30109,30270,161,SI1223
30270,30486,216,SX53
30486,30680,194,SX233
30680,30969,289,SA1
30969,31213,244,SX100
31213,31415,202,SX190
31415,31679,264,SX370
31679,31898,219,SA2
31898,32292,394,SI640
32292,32414,122,SI1270
32414,32792,378,SI1900
32792,32957,165,SX280
32957,33165,208,SX10
33165,33384,219,SA1
33384,33596,212,SX133
33596,33779,183,SI583
33779,33946,167,SA2
33946,34167,221,SX403
34167,34343,176,SX223
34343,34505,162,SX43
34505,34704,199,SI1213
34704,34964,260,SI1843
34964,35222,258,SX313
35222,35508,286,SA1
35508,35789,281,SX137
35789,36161,372,SA2
36161,36379,218,SI2279
36379,36822,443,SI1757
36822,37023,201,SX47
37023,37378,355,SI1127
37378,37641,263,SX407
37641,37828,187,SX227
37828,38123,295,SX317
38123,38275,152,SX13
38275,38519,244,SA1
38519,38700,181,SX193
38700,39055,355,SI553
39055,39298,243,SI1813
39298,39498,200,SA2
39498,39700,202,SX373
39700,39899,199,SX103
39899,40231,332,SI1183
40231,40459,228,SX283
40459,40858,399,SA1
40858,41000,142,SI2209
41000,41354,354,SX409
41354,41765,411,SI949
41765,42067,302,SX49
42067,42348,281,SA2
42348,42521,173,SX229
42521,42744,223,SI1579
42744,43051,307,SX139
43051,43408,357,SX319
43408,43658,250,SA1
43658,44006,348,SX364
44006,44336,330,SI1444
44336,44526,190,SX94
44526,44725,199,SA2
44725,44926,201,SI2074
44926,45105,179,SX184
45105,45196,91,SI1523
45196,45391,195,SX4
45391,45587,196,SX274
45587,45863,276,SA1
45863,46062,199,SX28
46062,46317,255,SI2098
46317,46566,249,SA2
46566,46778,212,SI838
46778,47033,255,SX298
47033,47151,118,SI1473
47151,47475,324,SX388
47475,47701,226,SX118
47701,47983,282,SX208
47983,48204,221,SA1
48204,48364,160,SX192
48364,48715,351,SI462
48715,48860,145,SX12
48860,48999,139,SI1092
48999,49293,294,SI1722
49293,49475,182,SA2
49475,49685,210,SX282
49685,49932,247,SX102
49932,50125,193,SX372
50125,50429,304,SA1
50429,50605,176,SX216
50605,51047,442,SI1386
51047,51383,336,SI756
51383,51621,238,SA2
51621,51854,233,SX126
51854,52136,282,SX36
52136,52442,306,SX396
52442,52642,200,SX306
52642,52915,273,SI2016
52915,53180,265,SA1
53180,53537,357,SI659
53537,53812,275,SX299
53812,54050,238,SA2
54050,54318,268,SI1919
54318,54538,220,SX119
54538,54687,149,SI1289
54687,54875,188,SX29
54875,55091,216,SX389
55091,55315,224,SX209
55315,55698,383,SI754
55698,55952,254,SA1
55952,56117,165,SX34
56117,56505,388,SI2014
56505,56741,236,SI1384
56741,56910,169,SX124
56910,57176,266,SA2
57176,57400,224,SX304
57400,57656,256,SX214
57656,57834,178,SX394
57834,58000,166,SI1910
58000,58231,231,SA1
58231,58491,260,SI1280
58491,58689,198,SX20
58689,58951,262,SX290
58951,59134,183,SA2
59134,59336,202,SX110
59336,59520,184,SX200
59520,59676,156,SX380
59676,59797,121,SI1030
59797,60034,237,SA1
60034,60275,241,SX50
60275,60475,200,SA2
60475,60700,225,SX140
60700,61001,301,SX230
61001,61246,245,SX320
61246,61462,216,SI1490
61462,61793,331,SI2120
61793,62143,350,SI860
62143,62341,198,SX410
62341,62571,230,SX408
62571,62832,261,SI2208
62832,63092,260,SA1
63092,63320,228,SI1578
63320,63531,211,SA2
63531,63765,234,SX138
63765,63979,214,SX318
63979,64316,337,SI948
64316,64513,197,SX228
64513,64750,237,SX48
64750,65044,294,SA1
65044,65233,189,SX34
65233,65589,356,SI1564
65589,65890,301,SX124
65890,66268,378,SI2194
66268,66502,234,SA2
66502,66781,279,SI934
66781,67005,224,SX304
67005,67248,243,SX214
67248,67437,189,SX394
67437,67725,288,SI1729
67725,68016,291,SA1
68016,68246,230,SI1099
68246,68501,255,SX109
68501,68732,231,SI469
68732,68975,243,SA2
68975,69187,212,SX379
69187,69467,280,SX19
69467,69724,257,SX289
69724,70035,311,SX199
70035,70321,286,SA1
70321,70556,235,SX404
70556,70801,245,SI1304
70801,71020,219,SX44
71020,71108,88,SI1934
71108,71368,260,SX134
71368,71599,231,SA2
71599,71968,369,SI674
71968,72226,258,SX314
72226,72356,130,SX224
72356,72533,177,SX13
72533,72840,307,SA1
72840,73363,523,SI1003
73363,73596,233,SX193
73596,73839,243,SA2
73839,74047,208,SX373
74047,74264,217,SX103
74264,74547,283,SI1633
74547,74826,279,SX283
74826,75002,176,SI2263
75002,75341,339,SA1
75341,75801,460,SI1084
75801,76308,507,SX364
76308,76443,135,SI1653
76443,76714,271,SX94
76714,76979,265,SI1714
76979,77259,280,SA2
77259,77553,294,SX184
77553,77819,266,SX4
77819,78090,271,SX274
78090,78315,225,SA1
78315,78538,223,SX404
78538,78718,180,SX44
78718,79027,309,SI2204
79027,79176,149,SI1272
79176,79412,236,SX134
79412,79601,189,SI944
79601,79790,189,SA2
79790,80026,236,SX314
80026,80156,130,SX224
80156,80432,276,SA1
80432,80752,320,SX137
80752,81151,399,SI857
81151,81443,292,SA2
81443,81701,258,SX47
81701,81994,293,SX407
81994,82204,210,SI1487
82204,82396,192,SX227
82396,82638,242,SX317
82638,82988,350,SI2117
82988,83230,242,SA1
83230,83421,191,SX115
83421,83714,293,SI822
83714,83960,246,SX205
83960,84140,180,SA2
84140,84293,153,SX25
84293,84580,287,SI2185
84580,84828,248,SX295
84828,84981,153,SX385
84981,85151,170,SI925
85151,85429,278,SA1
85429,85618,189,SI1833
85618,85996,378,SX409
85996,86346,350,SI1309
86346,86610,264,SX49
86610,86820,210,SA2
86820,86950,130,SX229
86950,87207,257,SI1939
87207,87445,238,SX139
87445,87661,216,SX319
87661,87938,277,SA1
87938,88243,305,SX101
88243,88414,171,SX11
88414,88643,229,SA2
88643,88893,250,SX191
88893,89159,266,SI461
89159,89545,386,SI1091
89545,89678,133,SI1721
89678,89961,283,SX281
89961,90265,304,SX371
90265,90513,248,SA1
90513,90797,284,SX20
90797,91086,289,SX290
91086,91279,193,SA2
91279,91510,231,SX110
91510,91713,203,SX200
91713,91844,131,SI1640
91844,92171,327,SX380
92171,92367,196,SI2270
92367,92740,373,SI1010
92740,93011,271,SX284
93011,93373,362,SI734
93373,93618,245,SA1
93618,93880,262,SI1364
93880,94097,217,SX14
94097,94273,176,SA2
94273,94404,131,SI1624
94404,94548,144,SX374
94548,94679,131,SX194
94679,94815,136,SX104
94815,95091,276,SA1
95091,95237,146,SI1279
95237,95481,244,SX109
95481,95850,369,SI649
95850,96061,211,SA2
96061,96276,215,SX379
96276,96494,218,SX19
96494,96718,224,SI1909
96718,96952,234,SX289
96952,97255,303,SX199
97255,97483,228,SA1
97483,97714,231,SX409
97714,97891,177,SX49
97891,98087,196,SA2
98087,98192,105,SX229
98192,98357,165,SI1669
98357,98565,208,SI2299
98565,98881,316,SI1039
98881,99070,189,SX139
99070,99266,196,SX319
99266,99556,290,SA1
99556,99821,265,SX28
99821,100145,324,SI1108
100145,100332,187,SI1846
100332,100582,250,SA2
100582,100845,263,SI478
100845,101125,280,SX298
101125,101438,313,SX388
101438,101670,232,SX118
101670,101953,283,SX208
101953,102258,305,SI1656
102258,102592,334,SA1
102592,102808,216,SX216
102808,103094,286,SA2
103094,103345,251,SI2286
103345,103766,421,SI2118
103766,103968,202,SX126
103968,104282,314,SX36
104282,104651,369,SX396
104651,104856,205,SX306
104856,105203,347,SA1
105203,105535,332,SI1355
105535,105856,321,SX95
105856,106077,221,SX5
106077,106375,298,SI1985
106375,106643,268,SA2
106643,106908,265,SX185
106908,107348,440,SX365
107348,107829,481,SI725
107829,108105,276,SX275
108105,108513,408,SI1390
108513,108828,315,SA1
108828,109045,217,SI1009
109045,109311,266,SX109
109311,109496,185,SI1639
109496,109793,297,SA2
109793,110016,223,SX379
110016,110255,239,SX19
110255,110502,247,SX289
110502,110825,323,SX199
110825,111085,260,SA1
111085,111451,366,SI680
111451,111749,298,SX50
111749,111958,209,SA2
111958,112223,265,SI1310
112223,112430,207,SI1940
112430,112690,260,SX140
112690,112970,280,SX230
112970,113221,251,SX320
113221,113454,233,SX410
113454,113704,250,SA1
113704,113888,184,SX192
113888,114137,249,SI2172
114137,114315,178,SX12
114315,114511,196,SA2
114511,114752,241,SX282
114752,115063,311,SX102
115063,115304,241,SI1542
115304,115525,221,SI912
115525,115751,226,SX372
115751,116027,276,SA1
116027,116223,196,SX100
116223,116402,179,SX190
116402,116630,228,SX370
116630,116749,119,SI1810
116749,116929,180,SA2
116929,117215,286,SI550
117215,117357,142,SX280
117357,117544,187,SX10
117544,117914,370,SI1180
117914,118153,239,SA1
118153,118336,183,SX192
118336,118489,153,SX12
118489,118741,252,SI1362
118741,119059,318,SI1992
119059,119283,224,SA2
119283,119519,236,SX282
119519,119799,280,SI732
119799,120063,264,SX102
120063,120280,217,SX372
120280,120571,291,SA1
120571,120721,150,SX34
120721,121029,308,SI2222
121029,121184,155,SX124
121184,121403,219,SI2284
121403,121629,226,SA2
121629,121834,205,SX304
121834,122076,242,SX214
122076,122283,207,SX394
122283,122617,334,SI1024
122617,122811,194,SI1398
122811,123080,269,SX408
123080,123408,328,SA1
123408,123611,203,SA2
123611,123871,260,SX138
123871,124081,210,SX318
124081,124235,154,SX228
124235,124640,405,SI2028
124640,124901,261,SX48
124901,125326,425,SI768
125326,125560,234,SA1
125560,125876,316,SI1146
125876,126112,236,SX95
126112,126226,114,SX5
126226,126409,183,SA2
126409,126585,176,SI1445
126585,126760,175,SX185
126760,127029,269,SX365
127029,127335,306,SI519
127335,127540,205,SX275
127540,127675,135,SI1898
127675,127955,280,SA1
127955,128157,202,SA2
128157,128329,172,SX98
128329,128604,275,SX368
128604,129015,411,SI1268
129015,129370,355,SX278
129370,129591,221,SX188
129591,129925,334,SI638
129925,130119,194,SX8
130119,130350,231,SA1
130350,130583,233,SX293
130583,130787,204,SX383
130787,130968,181,SI1193
130968,131146,178,SX203
131146,131343,197,SA2
131343,131598,255,SI563
131598,131812,214,SI1823
131812,131994,182,SX23
131994,132170,176,SX113
132170,132357,187,SX13
132357,132640,283,SA1
132640,132823,183,SX193
132823,133045,222,SA2
133045,133248,203,SI1723
133248,133461,213,SX373
133461,133690,229,SI1093
133690,133879,189,SX103
133879,134253,374,SI1750
134253,134507,254,SX283
134507,134897,390,SA1
134897,135142,245,SX34
135142,135436,294,SX124
135436,135683,247,SI1924
135683,135975,292,SA2
135975,136250,275,SX304
136250,136626,376,SX214
136626,137019,393,SI664
137019,137273,254,SX394
137273,137824,551,SI1294
137824,138139,315,SA1
138139,138411,272,SX109
138411,138577,166,SI1549
138577,138809,232,SA2
138809,139029,220,SX379
139029,139429,400,SI919
139429,139668,239,SX19
139668,139951,283,SX289
139951,140129,178,SI2179
140129,140462,333,SX199
140462,140709,247,SA1
140709,140936,227,SI1645
140936,141162,226,SX115
141162,141431,269,SI1015
141431,141710,279,SX205
141710,141952,242,SA2
141952,142115,163,SX25
142115,142299,184,SI2275
142299,142543,244,SX295
142543,142724,181,SX385
142724,143011,287,SA1
143011,143207,196,SX216
143207,143383,176,SI2174
143383,143664,281,SA2
143664,143874,210,SX126
143874,144163,289,SX36
144163,144482,319,SX396
144482,144690,208,SX306
144690,144974,284,SI936
144974,145331,357,SI2196
145331,145623,292,SX284
145623,145910,287,SA1
145910,146146,236,SX14
146146,146380,234,SA2
146380,146681,301,SI1094
146681,146993,312,SI464
146993,147174,181,SX374
147174,147330,156,SX194
147330,147489,159,SX104
147489,147801,312,SI602
147801,148051,250,SX413
148051,148316,265,SA1
148316,148526,210,SX323
148526,148793,267,SI2033
148793,149001,208,SX143
149001,149210,209,SA2
149210,149444,234,SI773
149444,149672,228,SX53
149672,150060,388,SI1403
150060,150265,205,SX233
150265,150570,305,SA1
150570,150866,296,SX101
150866,151024,158,SX11
151024,151243,219,SA2
151243,151533,290,SI1631
151533,151675,142,SI2261
151675,151904,229,SX191
151904,152063,159,SI1001
152063,152329,266,SX281
152329,152583,254,SX371
152583,152766,183,SX13
152766,153033,267,SA1
153033,153215,182,SX193
153215,153428,213,SI1903
153428,153643,215,SA2
153643,153874,231,SX373
153874,154242,368,SI1273
154242,154471,229,SX103
154471,154748,277,SX283
154748,154999,251,SI643
154999,155296,297,SA1
155296,155573,277,SX137
155573,155912,339,SI1667
155912,156145,233,SA2
156145,156352,207,SX47
156352,156606,254,SX407
156606,156955,349,SI1037
156955,157231,276,SI2297
157231,157397,166,SX227
157397,157604,207,SX317
157604,157857,253,SA1
157857,158165,308,SI1178
158165,158365,200,SA2
158365,158506,141,SX98
158506,158772,266,SX368
158772,158975,203,SI1808
158975,159257,282,SX278
159257,159458,201,SX188
159458,159700,242,SX8
159700,159852,152,SI548
159852,160071,219,SX13
160071,160361,290,SA1
160361,160641,280,SX193
160641,160898,257,SA2
160898,161123,225,SX373
161123,161522,399,SI1363
161522,161710,188,SX103
161710,162016,306,SX283
162016,162364,348,SI733
162364,162563,199,SI1993
162563,162810,247,SA1
162810,163082,272,SI1559
163082,163339,257,SX299
163339,163549,210,SA2
163549,163792,243,SX119
163792,164021,229,SI929
164021,164225,204,SX29
164225,164422,197,SX389
164422,164628,206,SX209
164628,164809,181,SI2189
164809,165089,280,SI2255
165089,165346,257,SA1
165346,165581,235,SX95
165581,165714,133,SX5
165714,165933,219,SA2
165933,166275,342,SI995
166275,166462,187,SX185
166462,166753,291,SX365
166753,166878,125,SI1625
166878,167095,217,SX275
167095,167296,201,SX408
167296,167529,233,SA1
167529,167844,315,SI1502
167844,168049,205,SA2
168049,168267,218,SI1848
168267,168506,239,SX138
168506,168707,201,SX318
168707,168906,199,SX228
168906,169116,210,SX48
169116,169322,206,SI1218
169322,169514,192,SI1663
169514,169767,253,SA1
169767,169915,148,SI1033
169915,170121,206,SX133
170121,170307,186,SA2
170307,170537,230,SX403
170537,170711,174,SX223
170711,171001,290,SI2293
171001,171161,160,SX43
171161,171374,213,SX313
171374,171659,285,SA1
171659,171908,249,SX50
171908,172289,381,SI770
172289,172480,191,SA2
172480,172667,187,SI2030
172667,172924,257,SX140
172924,173189,265,SX230
173189,173459,270,SX320
173459,173772,313,SI1400
173772,173989,217,SX410
173989,174189,200,SA1
174189,174304,115,SI1899
174304,174466,162,SI639
174466,174746,280,SI869
174746,174925,179,SX189
174925,175102,177,SA2
175102,175260,158,SX9
175260,175461,201,SX99
175461,175612,151,SX369
175612,175853,241,SX279
175853,176115,262,SX413
176115,176270,155,SI503
176270,176564,294,SA1
176564,176789,225,SX323
176789,177218,429,SI2064
177218,177464,246,SI1133
177464,177711,247,SX143
177711,177931,220,SA2
177931,178156,225,SX53
178156,178360,204,SX233
178360,178615,255,SX284
178615,178923,308,SA1
178923,179278,355,SI1184
179278,179548,270,SX14
179548,179758,210,SA2
179758,179915,157,SI1814
179915,180114,199,SX374
180114,180262,148,SX194
180262,180668,406,SI554
180668,180869,201,SX104
180869,181133,264,SA1
181133,181323,190,SA2
181323,181482,159,SI2168
181482,181630,148,SX98
181630,181878,248,SX368
181878,182129,251,SI1538
182129,182311,182,SI908
182311,182569,258,SX278
182569,182747,178,SX188
182747,182973,226,SX8
182973,183258,285,SA1
183258,183461,203,SX216
183461,183670,209,SI1836
183670,183821,151,SI1029
183821,184197,376,SI576
184197,184422,225,SA2
184422,184633,211,SX126
184633,184925,292,SX36
184925,185252,327,SX396
185252,185461,209,SX306
185461,185758,297,SA1
185758,185928,170,SI2079
185928,186166,238,SX189
186166,186409,243,SA2
186409,186609,200,SX9
186609,186862,253,SX99
186862,187093,231,SX369
187093,187457,364,SI819
187457,187745,288,SX279
187745,188092,347,SI1449
188092,188340,248,SA1
188340,188588,248,SX95
188588,188717,129,SX5
188717,188929,212,SA2
188929,189304,375,SI1791
189304,189474,170,SX185
189474,189662,188,SI1535
189662,189974,312,SX365
189974,190190,216,SI905
190190,190412,222,SX275
190412,190654,242,SA1
190654,190849,195,SX192
190849,190986,137,SX12
190986,191267,281,SI2262
191267,191487,220,SA2
191487,191740,253,SX282
191740,192028,288,SX102
192028,192389,361,SI1002
192389,192515,126,SI1632
192515,192755,240,SX372
192755,192995,240,SA1
192995,193262,267,SX137
193262,193443,181,SA2
193443,193775,332,SI1970
193775,193970,195,SI1307
193970,194259,289,SX47
194259,194436,177,SI677
194436,194714,278,SX407
194714,194862,148,SX227
194862,195058,196,SX317
195058,195403,345,SA1
195403,195793,390,SX20
195793,196232,439,SX290
196232,196507,275,SI1550
196507,196761,254,SA2
196761,197088,327,SX110
197088,197380,292,SI2180
197380,197658,278,SX200
197658,197881,223,SX380
197881,198292,411,SI920
198292,198552,260,SA1
198552,198786,234,SX115
198786,199131,345,SI835
199131,199406,275,SX205
199406,199637,231,SA2
199637,199793,156,SX25
199793,200073,280,SX295
200073,200254,181,SX385
200254,200463,209,SI1946
200463,200662,199,SI2095
200662,201016,354,SI1961
201016,201285,269,SA1
201285,201521,236,SX109
201521,201731,210,SA2
201731,201936,205,SI1189
201936,202138,202,SX379
202138,202367,229,SI1819
202367,202557,190,SX19
202557,202774,217,SX289
202774,203056,282,SX199
203056,203309,253,SA1
203309,203496,187,SX216
203496,203823,327,SI846
203823,204024,201,SA2
204024,204299,275,SI2106
204299,204426,127,SI1476
204426,204603,177,SX126
204603,204865,262,SX36
204865,205166,301,SX396
205166,205344,178,SX306
205344,205615,271,SA1
205615,205864,249,SX109
205864,206083,219,SI1459
206083,206338,255,SI829
206338,206562,224,SA2
206562,206768,206,SX379
206768,206982,214,SI2089
206982,207212,230,SX19
207212,207421,209,SX289
207421,207722,301,SX199
207722,207844,122,SI2084
207844,208102,258,SX284
208102,208388,286,SA1
208388,208629,241,SX14
208629,209016,387,SI824
209016,209251,235,SA2
209251,209662,411,SI1454
209662,209837,175,SX374
209837,209984,147,SX194
209984,210143,159,SX104
210143,210388,245,SI739
210388,210637,249,SA1
210637,210950,313,SI894
210950,211154,204,SX109
211154,211397,243,SA2
211397,211605,208,SI1369
211605,211805,200,SX379
211805,212011,206,SX19
212011,212263,252,SX289
212263,212537,274,SX199
212537,212833,296,SA1
212833,213002,169,SX34
213002,213470,468,SI1451
213470,213708,238,SI484
213708,213884,176,SX124
213884,214114,230,SA2
214114,214350,236,SX304
214350,214656,306,SX214
214656,214890,234,SX394
214890,215104,214,SI1744
215104,215392,288,SA1
215392,215682,290,SX293
215682,215834,152,SI2183
215834,216147,313,SX383
216147,216398,251,SX203
216398,216641,243,SA2
216641,216879,238,SI923
216879,217260,381,SI1553
217260,217514,254,SX23
217514,217781,267,SX113
217781,217942,161,SX13
217942,218195,253,SA1
218195,218384,189,SX193
218384,218649,265,SI2083
218649,218858,209,SI823
218858,219046,188,SA2
219046,219240,194,SX373
219240,219412,172,SX103
219412,219768,356,SI1453
219768,219988,220,SX283
219988,220329,341,SA1
220329,220514,185,SI2080
220514,220909,395,SX100
220909,221141,232,SX190
221141,221410,269,SX370
221410,221682,272,SA2
221682,222180,498,SI1450
222180,222670,490,SI820
222670,222829,159,SX280
222829,223071,242,SX10
223071,223457,386,SA1
223457,223721,264,SX189
223721,223971,250,SA2
223971,224253,282,SX9
224253,224675,422,SI2169
224675,225116,441,SI909
225116,225411,295,SX99
225411,225690,279,SX369
225690,225964,274,SI1539
225964,226331,367,SX279
226331,226560,229,SA1
226560,226770,210,SX404
226770,227141,371,SI1230
227141,227331,190,SX44
227331,227519,188,SI2294
227519,227766,247,SX134
227766,227990,224,SA2
227990,228146,156,SI1664
228146,228396,250,SX314
228396,228535,139,SX224
228535,228744,209,SX413
228744,228965,221,SA1
228965,229135,170,SX323
229135,229320,185,SX143
229320,229583,263,SI683
229583,229772,189,SA2
229772,229976,204,SX53
229976,230274,298,SI1943
230274,230434,160,SX233
230434,230598,164,SI2107
230598,230835,237,SA1
230835,231011,176,SX192
231011,231169,158,SX12
231169,231345,176,SI1555
231345,231696,351,SI1452
231696,231884,188,SA2
231884,232102,218,SX282
232102,232353,251,SX102
232353,232502,149,SI2082
232502,232714,212,SX372
232714,233014,300,SA1
233014,233250,236,SI1894
233250,233737,487,SI634
233737,234201,464,SX364
234201,234458,257,SX94
234458,234735,277,SA2
234735,235011,276,SI1264
235011,235245,234,SX184
235245,235487,242,SX4
235487,235801,314,SX274
235801,236062,261,SA1
236062,236299,237,SX293
236299,236522,223,SX383
236522,236781,259,SX203
236781,236974,193,SI1423
236974,237178,204,SA2
237178,237580,402,SI1283
237580,237820,240,SI653
237820,238059,239,SX23
238059,238385,326,SX113
238385,238620,235,SA1
238620,238814,194,SX404
238814,239041,227,SX44
239041,239266,225,SX134
239266,239486,220,SA2
239486,239709,223,SI1484
239709,239914,205,SI2114
239914,240171,257,SX314
240171,240320,149,SX224
240320,240525,205,SI854
240525,240782,257,SA1
240782,241040,258,SI1379
241040,241537,497,SI749
241537,241754,217,SX299
241754,241978,224,SA2
241978,242298,320,SI2009
242298,242497,199,SX119
242497,242746,249,SX29
242746,242944,198,SX389
242944,243150,206,SX209
243150,243429,279,SA1
243429,243793,364,SI1109
243793,243932,139,SI1739
243932,244174,242,SX299
244174,244396,222,SA2
244396,244746,350,SI479
244746,244942,196,SX119
244942,245148,206,SX29
245148,245377,229,SX389
245377,245608,231,SX209
245608,245789,181,SI494
245789,246078,289,SA1
246078,246345,267,SX404
246345,246557,212,SI1754
246557,246746,189,SX44
246746,246997,251,SX134
246997,247200,203,SA2
247200,247465,265,SX314
247465,247610,145,SX224
247610,247980,370,SI1124
247980,248248,268,SA1
248248,248563,315,SI500
248563,248817,254,SI1130
248817,249076,259,SX50
249076,249311,235,SA2
249311,249555,244,SX140
249555,249812,257,SX230
249812,250075,263,SX320
250075,250300,225,SI1496
250300,250527,227,SX410
250527,250801,274,SA1
250801,251074,273,SX293
251074,251277,203,SX383
251277,251450,173,SX203
251450,251757,307,SI2093
251757,252013,256,SA2
252013,252211,198,SI833
252211,252437,226,SI1463
252437,252639,202,SX23
252639,252819,180,SX113
252819,253049,230,SA1
253049,253172,123,SI998
253172,253349,177,SA2
253349,253487,138,SX98
253487,253749,262,SX368
253749,254011,262,SX278
254011,254186,175,SX188
254186,254420,234,SI1628
254420,254588,168,SX8
254588,254710,122,SI2258
254710,254996,286,SA1
254996,255145,149,SI2253
255145,255494,349,SI1219
255494,255774,280,SX409
255774,255984,210,SX49
255984,256221,237,SA2
256221,256340,119,SX229
256340,256549,209,SI1849
256549,256775,226,SX139
256775,257005,230,SX319
257005,257305,300,SA1
257305,257711,406,SI1460
257711,257987,276,SX20
257987,258324,337,SX290
258324,258548,224,SA2
258548,258760,212,SI2090
258760,259017,257,SX110
259017,259256,239,SX200
259256,259444,188,SX380
259444,259699,255,SI830
259699,259947,248,SA1
259947,260140,193,SX216
260140,260380,240,SA2
260380,260601,221,SI666
260601,260760,159,SX126
260760,261017,257,SX36
261017,261194,177,SI1926
261194,261498,304,SX396
261498,261819,321,SI1296
261819,261994,175,SX306
261994,262410,416,SI1217
262410,262725,315,SA1
262725,262993,268,SI587
262993,263301,308,SX137
263301,263503,202,SI1847
263503,263705,202,SA2
263705,263906,201,SX47
263906,264201,295,SX407
264201,264375,174,SX227
264375,264581,206,SX317
264581,264856,275,SA1
264856,265077,221,SX95
265077,265438,361,SI1715
265438,265565,127,SX5
265565,265743,178,SA2
265743,265921,178,SI455
265921,266090,169,SX185
266090,266362,272,SX365
266362,266555,193,SX275
266555,266824,269,SI1085
266824,267071,247,SA1
267071,267310,239,SX115
267310,267578,268,SX205
267578,267784,206,SA2
267784,267993,209,SI1285
267993,268156,163,SX25
268156,268431,275,SX295
268431,268615,184,SX385
268615,269016,401,SI1915
269016,269180,164,SI596
269180,269358,178,SX13
269358,269687,329,SA1
269687,269893,206,SX193
269893,270149,256,SA2
270149,270379,230,SX373
270379,270590,211,SX103
270590,270988,398,SI2173
270988,271274,286,SX283
271274,271641,367,SI913
271641,271820,179,SI1543
271820,272075,255,SA1
272075,272284,209,SX133
272284,272494,210,SA2
272494,272846,352,SI673
272846,273013,167,SI1933
273013,273253,240,SX403
273253,273451,198,SX223
273451,273637,186,SX43
273637,273981,344,SI1303
273981,274217,236,SX313
274217,274458,241,SA1
274458,274625,167,SX216
274625,274819,194,SI1746
274819,275212,393,SI1587
275212,275433,221,SA2
275433,275602,169,SX126
275602,275845,243,SX36
275845,276135,290,SX396
276135,276358,223,SX306
276358,276552,194,SI1116
276552,276850,298,SA1
276850,277234,384,SX137
277234,277451,217,SA2
277451,277727,276,SI2027
277727,278041,314,SI767
278041,278284,243,SI1397
278284,278508,224,SX47
278508,278770,262,SX407
278770,278952,182,SX227
278952,279170,218,SX317
279170,279451,281,SX413
279451,279703,252,SA1
279703,279952,249,SX323
279952,280187,235,SI2123
280187,280441,254,SX143
280441,280799,358,SI863
280799,281043,244,SA2
281043,281246,203,SI1493
281246,281468,222,SX53
281468,281644,176,SX233
281644,281877,233,SA1
281877,282068,191,SX133
282068,282272,204,SA2
282272,282499,227,SX403
282499,282671,172,SX223
282671,282842,171,SX43
282842,283117,275,SI1753
283117,283402,285,SI493
283402,283577,175,SI933
283577,283791,214,SX313
283791,284032,241,SA1
284032,284229,197,SI1174
284229,284597,368,SX364
284597,284793,196,SX94
284793,285009,216,SA2
285009,285190,181,SX184
285190,285425,235,SI544
285425,285747,322,SI2109
285747,285971,224,SX4
285971,286201,230,SX274
286201,286467,266,SA1
286467,286714,247,SX293
286714,286912,198,SI743
286912,287164,252,SX383
287164,287365,201,SX203
287365,287577,212,SA2
287577,287762,185,SI2003
287762,288096,334,SI1373
288096,288296,200,SX23
288296,288496,200,SX113
288496,288769,273,SX413
288769,289078,309,SA1
289078,289306,228,SX323
289306,289580,274,SI1043
289580,289853,273,SX143
289853,290106,253,SI1673
290106,290345,239,SA2
290345,290593,248,SX53
290593,290918,325,SI2303
290918,291120,202,SX233
291120,291363,243,SA1
291363,291606,243,SX293
291606,291808,202,SI1643
291808,292005,197,SX383
292005,292204,199,SX203
292204,292352,148,SI2273
292352,292573,221,SA2
292573,292944,371,SI1013
292944,293144,200,SX23
293144,293360,216,SX113
293360,293631,271,SA1
293631,293900,269,SX409
293900,294131,231,SI2029
294131,294363,232,SX49
294363,294599,236,SA2
294599,294738,139,SX229
294738,295120,382,SI1399
295120,295358,238,SX139
295358,295603,245,SX319
295603,295829,226,SI769
295829,296111,282,SX408
296111,296486,375,SA1
296486,296848,362,SI498
296848,297163,315,SI1128
297163,297417,254,SA2
297417,297721,304,SX138
297721,297987,266,SX318
297987,298166,179,SX228
298166,298461,295,SX48
298461,298948,487,SI1103
298948,299200,252,SA1
299200,299583,383,SI635
299583,299805,222,SX95
299805,300143,338,SI992
300143,300264,121,SX5
300264,300470,206,SA2
300470,300642,172,SX185
300642,300927,285,SX365
300927,301173,246,SI1265
301173,301377,204,SX275
301377,301626,249,SX408
301626,301935,309,SA1
301935,302398,463,SI1308
302398,302642,244,SA2
302642,302932,290,SX138
302932,303231,299,SX318
303231,303491,260,SI1938
303491,303675,184,SX228
303675,303956,281,SX48
303956,304120,164,SI678
304120,304363,243,SA1
304363,304541,178,SX28
304541,304760,219,SA2
304760,305092,332,SI1288
305092,305337,245,SI1918
305337,305555,218,SX298
305555,305685,130,SI1716
305685,305960,275,SX388
305960,306154,194,SX118
306154,306394,240,SX208
306394,306680,286,SA1
306680,306903,223,SX133
306903,307176,273,SI763
307176,307566,390,SI690
307566,307811,245,SA2
307811,308078,267,SX403
308078,308278,200,SX223
308278,308468,190,SX43
308468,308801,333,SI2023
308801,309031,230,SX313
309031,309282,251,SA1
309282,309496,214,SX100
309496,309719,223,SX190
309719,309943,224,SX370
309943,310223,280,SI2170
310223,310427,204,SA2
310427,310779,352,SI1540
310779,310975,196,SI910
310975,311124,149,SX280
311124,311332,208,SX10
311332,311599,267,SA1
311599,311852,253,SI1100
311852,312089,237,SX20
312089,312402,313,SX290
312402,312539,137,SI470
312539,312748,209,SA2
312748,312961,213,SX110
312961,313170,209,SX200
313170,313483,313,SI1730
313483,313650,167,SX380
313650,313794,144,SI745
313794,314055,261,SA1
314055,314257,202,SX115
314257,314501,244,SX205
314501,314689,188,SA2
314689,314864,175,SX25
314864,315263,399,SI2005
315263,315515,252,SX295
315515,315868,353,SI1375
315868,316017,149,SX385
316017,316440,423,SA1
316440,316763,323,SX34
316763,316982,219,SX124
316982,317315,333,SA2
317315,317652,337,SX304
317652,318247,595,SI844
318247,318616,369,SI2104
318616,318970,354,SI1474
318970,319325,355,SX214
319325,319633,308,SX394
319633,319906,273,SA1
319906,320305,399,SI728
320305,320506,201,SI1988
320506,320747,241,SA2
320747,320902,155,SX98
320902,321011,109,SI2247
321011,321280,269,SX368
321280,321573,293,SX278
321573,321775,202,SX188
321775,321974,199,SX8
321974,322288,314,SA1
322288,322475,187,SX192
322475,322661,186,SX12
322661,323044,383,SI1574
323044,323372,328,SI642
323372,323601,229,SA2
323601,323857,256,SX282
323857,324151,294,SX102
324151,324301,150,SI1902
324301,324550,249,SX372
324550,324814,264,SI551
324814,325105,291,SA1
325105,325467,362,SX101
325467,325644,177,SX11
325644,325882,238,SI1811
325882,326130,248,SA2
326130,326392,262,SX191
326392,326704,312,SX281
326704,327057,353,SI1181
327057,327347,290,SX371
327347,327627,280,SA1
327627,327869,242,SX28
327869,328168,299,SI568
328168,328416,248,SA2
328416,328631,215,SI1198
328631,329039,408,SI1828
329039,329285,246,SX298
329285,329601,316,SX388
329601,329791,190,SX118
329791,330040,249,SX208
330040,330307,267,SX284
330307,330555,248,SA1
330555,330792,237,SX14
330792,330993,201,SI1634
330993,331312,319,SI530
331312,331528,216,SA2
331528,331873,345,SI1004
331873,332037,164,SX374
332037,332180,143,SX194
332180,332342,162,SX104
332342,332602,260,SA1
332602,332895,293,SX101
332895,333024,129,SX11
333024,333205,181,SA2
333205,333400,195,SX191
333400,333819,419,SI641
333819,333961,142,SI776
333961,334238,277,SX281
334238,334486,248,SI1901
334486,334754,268,SX371
334754,334984,230,SA1
334984,335190,206,SI724
335190,335544,354,SX364
335544,335763,219,SX94
335763,335870,107,SI1984
335870,336256,386,SI1354
336256,336445,189,SA2
336445,336617,172,SX184
336617,336803,186,SX4
336803,337054,251,SX274
337054,337397,343,SA1
337397,337621,224,SX299
337621,337867,246,SA2
337867,338001,134,SI1649
338001,338223,222,SX119
338223,338421,198,SX29
338421,338679,258,SX389
338679,338906,227,SX209
338906,339164,258,SI1019
339164,339547,383,SI497
339547,339790,243,SA1
339790,340017,227,SX404
340017,340226,209,SI1214
340226,340566,340,SI941
340566,340756,190,SX44
340756,341024,268,SX134
341024,341248,224,SA2
341248,341459,211,SI584
341459,341717,258,SX314
341717,341857,140,SX224
341857,342096,239,SA1
342096,342339,243,SX409
342339,342544,205,SX49
342544,342728,184,SA2
342728,342845,117,SX229
342845,342997,152,SI1489
342997,343345,348,SI859
343345,343561,216,SX139
343561,343762,201,SX319
343762,343941,179,SI2119
343941,344141,200,SI2259
344141,344373,232,SA1
344373,344544,171,SI999
344544,344751,207,SX189
344751,344955,204,SA2
344955,345097,142,SX9
345097,345299,202,SX99
345299,345475,176,SX369
345475,345826,351,SI560
345826,346071,245,SX279
346071,346341,270,SX284
346341,346621,280,SA1
346621,346865,244,SX14
346865,347273,408,SI2149
347273,347480,207,SI1544
347480,347716,236,SA2
347716,348094,378,SI1566
348094,348275,181,SX374
348275,348455,180,SX194
348455,348608,153,SX104
348608,348838,230,SA1
348838,349161,323,SX364
349161,349356,195,SX94
349356,349537,181,SA2
349537,349720,183,SX184
349720,350018,298,SI904
350018,350124,106,SI2164
350124,350319,195,SX4
350319,350522,203,SX274
350522,350835,313,SI1534
350835,351119,284,SA1
351119,351389,270,SX95
351389,351535,146,SX5
351535,351758,223,SA2
351758,351934,176,SX185
351934,352281,347,SX365
352281,352599,318,SI1175
352599,352974,375,SI2128
352974,353136,162,SI545
353136,353373,237,SX275
353373,353547,174,SI2254
353547,353828,281,SA1
353828,354092,264,SI994
354092,354491,399,SX364
354491,354848,357,SI1994
354848,355060,212,SX94
355060,355286,226,SA2
355286,355499,213,SX184
355499,355731,232,SX4
355731,355988,257,SX274
355988,356239,251,SX413
356239,356539,300,SA1
356539,356761,222,SX323
356761,356993,232,SX143
356993,357365,372,SI953
357365,357562,197,SA2
357562,357806,244,SX53
357806,358013,207,SI1583
358013,358170,157,SI2213
358170,358360,190,SX233
358360,358727,367,SA1
358727,359020,293,SX100
359020,359326,306,SX190
359326,359599,273,SX370
359599,359864,265,SA2
359864,360112,248,SI1360
360112,360610,498,SI522
360610,360809,199,SX280
360809,361041,232,SX10
361041,361398,357,SI730
361398,361702,304,SA1
361702,361969,267,SX404
361969,362226,257,SI2024
362226,362441,215,SX44
362441,362762,321,SX134
362762,363025,263,SA2
363025,363517,492,SI764
363517,363764,247,SI1394
363764,364079,315,SX314
364079,364232,153,SX224
364232,364478,246,SA1
364478,364754,276,SX409
364754,365057,303,SX49
365057,365283,226,SA2
365283,365484,201,SI499
365484,365628,144,SX229
365628,365934,306,SI1129
365934,366160,226,SI1759
366160,366384,224,SX139
366384,366654,270,SX319
366654,366920,266,SA1
366920,367169,249,SX50
367169,367387,218,SA2
367387,367613,226,SI1220
367613,367866,253,SX140
367866,368123,257,SX230
368123,368372,249,SX320
368372,368697,325,SI590
368697,368909,212,SX410
368909,369052,143,SI1850
369052,369304,252,SA1
369304,369483,179,SX28
369483,369695,212,SI2188
369695,370023,328,SI928
370023,370212,189,SA2
370212,370436,224,SX298
370436,370685,249,SX388
370685,370868,183,SX118
370868,371010,142,SI1144
371010,371232,222,SX208
371232,371526,294,SA1
371526,371690,164,SI1179
371690,372134,444,SI818
372134,372396,262,SX189
372396,372639,243,SA2
372639,372819,180,SX9
372819,373080,261,SX99
373080,373307,227,SX369
373307,373720,413,SI549
373720,374030,310,SX279
374030,374310,280,SA1
374310,374546,236,SI2300
374546,374803,257,SX50
374803,375039,236,SI1670
375039,375251,212,SA2
375251,375540,289,SX140
375540,375837,297,SX230
375837,376091,254,SX320
376091,376365,274,SI1040
376365,376580,215,SX410
376580,376888,308,SA1
376888,377155,267,SX293
377155,377506,351,SI1733
377506,377746,240,SX383
377746,377963,217,SX203
377963,378226,263,SI473
378226,378466,240,SA2
378466,378632,166,SI1758
378632,378854,222,SX23
378854,379072,218,SX113
379072,379390,318,SA1
379390,379656,266,SX133
379656,380054,398,SI1573
380054,380345,291,SA2
380345,380627,282,SI2203
380627,380896,269,SX403
380896,381144,248,SX223
381144,381341,197,SX43
381341,381642,301,SI943
381642,381926,284,SX313
381926,382082,156,SI1809
382082,382398,316,SA1
382398,382817,419,SI1448
382817,383058,241,SA2
383058,383215,157,SX98
383215,383531,316,SX368
383531,383725,194,SI2078
383725,384037,312,SX278
384037,384266,229,SX188
384266,384466,200,SX8
384466,384772,306,SI460
384772,385027,255,SA1
385027,385227,200,SX100
385227,385444,217,SX190
385444,385668,224,SX370
385668,385889,221,SA2
385889,386075,186,SI1720
386075,386367,292,SI1090
386367,386502,135,SX280
386502,386731,229,SX10
386731,387014,283,SA1
387014,387240,226,SX192
387240,387412,172,SX12
387412,387663,251,SA2
387663,387931,268,SX282
387931,388225,294,SX102
388225,388671,446,SI2313
388671,388909,238,SI1812
388909,389160,251,SX372
389160,389380,220,SI1182
389380,389634,254,SA1
389634,389930,296,SX101
389930,390090,160,SX11
390090,390192,102,SI1114
390192,390488,296,SI821
390488,390676,188,SA2
390676,390895,219,SX191
390895,391150,255,SX281
391150,391384,234,SX371
391384,391713,329,SI2081
391713,392009,296,SA1
392009,392249,240,SI1580
392249,392521,272,SX50
392521,392684,163,SI2210
392684,392932,248,SA2
392932,393164,232,SX140
393164,393449,285,SX230
393449,393754,305,SX320
393754,394192,438,SI950
394192,394413,221,SX410
394413,394663,250,SA1
394663,394867,204,SI1361
394867,395182,315,SX101
395182,395317,135,SX11
395317,395640,323,SI1991
395640,395878,238,SA2
395878,396038,160,SI731
396038,396241,203,SX191
396241,396509,268,SX281
396509,396741,232,SX371
396741,396968,227,SA1
396968,397266,298,SX137
397266,397424,158,SI1577
397424,397728,304,SI1584
397728,397914,186,SA2
397914,398162,248,SI947
398162,398335,173,SX47
398335,398539,204,SX407
398539,398681,142,SX227
398681,398868,187,SX317
398868,399113,245,SA1
399113,399422,309,SI1190
399422,399570,148,SI1629
399570,399826,256,SX20
399826,400134,308,SX290
400134,400360,226,SA2
400360,400593,233,SX110
400593,400810,217,SX200
400810,401116,306,SI1820
401116,401280,164,SX380
401280,401537,257,SA1
401537,401763,226,SI2166
401763,401955,192,SX28
401955,402191,236,SA2
402191,402408,217,SI2278
402408,402680,272,SX298
402680,403062,382,SI1648
403062,403365,303,SX388
403365,403602,237,SX118
403602,403883,281,SX208
403883,404120,237,SA1
404120,404316,196,SX133
404316,404528,212,SI853
404528,404724,196,SA2
404724,404864,140,SI1483
404864,405088,224,SX403
405088,405437,349,SI1610
405437,405612,175,SX223
405612,405765,153,SX43
405765,405977,212,SX313
405977,406296,319,SA1
406296,406678,382,SI1825
406678,406940,262,SX115
406940,407191,251,SI1195
407191,407558,367,SI565
407558,407876,318,SX205
407876,408166,290,SA2
408166,408371,205,SX25
408371,408710,339,SX295
408710,408898,188,SX385
408898,409153,255,SA1
409153,409394,241,SX20
409394,409649,255,SX290
409649,409879,230,SI2000
409879,410111,232,SA2
410111,410439,328,SI1370
410439,410712,273,SX110
410712,410887,175,SI740
410887,411091,204,SX200
411091,411269,178,SX380
411269,411519,250,SA1
411519,411824,305,SI1378
411824,411951,127,SI2008
411951,412129,178,SX28
412129,412334,205,SA2
412334,412466,132,SI1425
412466,412693,227,SX298
412693,412933,240,SX388
412933,413127,194,SX118
413127,413357,230,SX208
413357,413643,286,SA1
413643,413806,163,SI1199
413806,414047,241,SX299
414047,414274,227,SA2
414274,414689,415,SI1829
414689,414908,219,SX119
414908,415109,201,SI569
415109,415308,199,SX29
415308,415536,228,SX389
415536,415769,233,SX209
