mel_spectro_start,mel_spectro_end,mel_spectro_length,sentence,speaker
0,261,261,SX284,FSLB1
261,575,314,SA1,FSLB1
575,838,263,SX14,FSLB1
838,1063,225,SI1904,FSLB1
1063,1301,238,SA2,FSLB1
1301,1704,403,SI891,FSLB1
1704,1893,189,SX374,FSLB1
1893,2065,172,SX194,FSLB1
2065,2219,154,SX104,FSLB1
2219,2421,202,SI644,FSLB1
2421,2741,320,SA1,FCRH0
2741,3023,282,SI458,FCRH0
3023,3268,245,SA2,FCRH0
3268,3417,149,SX98,FCRH0
3417,3797,380,SX368,FCRH0
3797,3933,136,SI1718,FCRH0
3933,4242,309,SX278,FCRH0
4242,4487,245,SI1088,FCRH0
4487,4759,272,SX188,FCRH0
4759,4980,221,SX8,FCRH0
4980,5313,333,SA1,MCCS0
5313,5519,206,SI2099,MCCS0
5519,5941,422,SI1469,MCCS0
5941,6236,295,SX299,MCCS0
6236,6504,268,SA2,MCCS0
6504,6877,373,SI839,MCCS0
6877,7129,252,SX119,MCCS0
7129,7735,606,SX29,MCCS0
7735,8024,289,SX389,MCCS0
8024,8319,295,SX209,MCCS0
8319,8569,250,SA1,FAWF0
8569,8795,226,SX100,FAWF0
8795,8993,198,SX190,FAWF0
8993,9211,218,SX370,FAWF0
9211,9570,359,SI2260,FAWF0
9570,9789,219,SA2,FAWF0
9789,9929,140,SX280,FAWF0
9929,10129,200,SX10,FAWF0
10129,10351,222,SI1630,FAWF0
10351,10553,202,SI1000,FAWF0
10553,10778,225,SX408,MDSC0
10778,11099,321,SA1,MDSC0
11099,11302,203,SI2298,MDSC0
11302,11548,246,SA2,MDSC0
11548,11775,227,SI1038,MDSC0
11775,12192,417,SI967,MDSC0
12192,12473,281,SX138,MDSC0
12473,12705,232,SX318,MDSC0
12705,12887,182,SX228,MDSC0
12887,13178,291,SX48,MDSC0
13178,13455,277,SA1,MRCZ0
13455,13776,321,SX101,MRCZ0
13776,13962,186,SX11,MRCZ0
13962,14188,226,SI911,MRCZ0
14188,14433,245,SA2,MRCZ0
14433,14665,232,SX191,MRCZ0
14665,14936,271,SX281,MRCZ0
14936,15228,292,SI1541,MRCZ0
15228,15489,261,SX371,MRCZ0
15489,15650,161,SI2171,MRCZ0
15650,15924,274,SA1,MPCS0
15924,16311,387,SI729,MPCS0
16311,16521,210,SX189,MPCS0
16521,16729,208,SA2,MPCS0
16729,16883,154,SX9,MPCS0
16883,17108,225,SX99,MPCS0
17108,17307,199,SX369,MPCS0
17307,17576,269,SI1989,MPCS0
17576,17941,365,SI1359,MPCS0
17941,18274,333,SX279,MPCS0
18274,18556,282,SA1,FCMR0
18556,18742,186,SI1735,FCMR0
18742,18980,238,SX115,FCMR0
18980,19330,350,SX205,FCMR0
19330,19585,255,SA2,FCMR0
19585,19767,182,SX25,FCMR0
19767,20040,273,SX295,FCMR0
20040,20222,182,SX385,FCMR0
20222,20581,359,SI1105,FCMR0
20581,20736,155,SI475,FCMR0
20736,21024,288,SI1488,FLAS0
21024,21252,228,SX408,FLAS0
21252,21521,269,SA1,FLAS0
21521,21723,202,SA2,FLAS0
21723,21973,250,SX138,FLAS0
21973,22125,152,SI1026,FLAS0
22125,22351,226,SX318,FLAS0
22351,22509,158,SX228,FLAS0
22509,22874,365,SI858,FLAS0
22874,23107,233,SX48,FLAS0
23107,23436,329,SA1,FUTB0
23436,23640,204,SX34,FUTB0
23640,23835,195,SX124,FUTB0
23835,24080,245,SA2,FUTB0
24080,24304,224,SX304,FUTB0
24304,24761,457,SI1330,FUTB0
24761,25043,282,SI1834,FUTB0
25043,25292,249,SX214,FUTB0
25292,25713,421,SI1204,FUTB0
25713,25914,201,SX394,FUTB0
25914,26183,269,SA1,MMWH0
26183,26393,210,SX189,MMWH0
26393,26802,409,SI459,MMWH0
26802,27010,208,SA2,MMWH0
27010,27153,143,SX9,MMWH0
27153,27459,306,SI1301,MMWH0
27459,27713,254,SX99,MMWH0
27713,27911,198,SX369,MMWH0
27911,28087,176,SI1089,MMWH0
28087,28388,301,SX279,MMWH0
28388,28661,273,SX413,MRCS0
28661,28909,248,SA1,MRCS0
28909,29123,214,SX323,MRCS0
29123,29338,215,SX143,MRCS0
29338,29557,219,SI593,MRCS0
29557,29907,350,SI1853,MRCS0
29907,30109,202,SA2,MRCS0
30109,30270,161,SI1223,MRCS0
30270,30486,216,SX53,MRCS0
30486,30680,194,SX233,MRCS0
30680,30969,289,SA1,MSFH1
30969,31213,244,SX100,MSFH1
31213,31415,202,SX190,MSFH1
31415,31679,264,SX370,MSFH1
31679,31898,219,SA2,MSFH1
31898,32292,394,SI640,MSFH1
32292,32414,122,SI1270,MSFH1
32414,32792,378,SI1900,MSFH1
32792,32957,165,SX280,MSFH1
32957,33165,208,SX10,MSFH1
33165,33384,219,SA1,MKLT0
33384,33596,212,SX133,MKLT0
33596,33779,183,SI583,MKLT0
33779,33946,167,SA2,MKLT0
33946,34167,221,SX403,MKLT0
34167,34343,176,SX223,MKLT0
34343,34505,162,SX43,MKLT0
34505,34704,199,SI1213,MKLT0
34704,34964,260,SI1843,MKLT0
34964,35222,258,SX313,MKLT0
35222,35508,286,SA1,MPWM0
35508,35789,281,SX137,MPWM0
35789,36161,372,SA2,MPWM0
36161,36379,218,SI2279,MPWM0
36379,36822,443,SI1757,MPWM0
36822,37023,201,SX47,MPWM0
37023,37378,355,SI1127,MPWM0
37378,37641,263,SX407,MPWM0
37641,37828,187,SX227,MPWM0
37828,38123,295,SX317,MPWM0
38123,38275,152,SX13,MLIH0
38275,38519,244,SA1,MLIH0
38519,38700,181,SX193,MLIH0
38700,39055,355,SI553,MLIH0
39055,39298,243,SI1813,MLIH0
39298,39498,200,SA2,MLIH0
39498,39700,202,SX373,MLIH0
39700,39899,199,SX103,MLIH0
39899,40231,332,SI1183,MLIH0
40231,40459,228,SX283,MLIH0
40459,40858,399,SA1,FISB0
40858,41000,142,SI2209,FISB0
41000,41354,354,SX409,FISB0
41354,41765,411,SI949,FISB0
41765,42067,302,SX49,FISB0
42067,42348,281,SA2,FISB0
42348,42521,173,SX229,FISB0
42521,42744,223,SI1579,FISB0
42744,43051,307,SX139,FISB0
43051,43408,357,SX319,FISB0
43408,43658,250,SA1,MRJS0
43658,44006,348,SX364,MRJS0
44006,44336,330,SI1444,MRJS0
44336,44526,190,SX94,MRJS0
44526,44725,199,SA2,MRJS0
44725,44926,201,SI2074,MRJS0
44926,45105,179,SX184,MRJS0
45105,45196,91,SI1523,MRJS0
45196,45391,195,SX4,MRJS0
45391,45587,196,SX274,MRJS0
45587,45863,276,SA1,MTAS1
45863,46062,199,SX28,MTAS1
46062,46317,255,SI2098,MTAS1
46317,46566,249,SA2,MTAS1
46566,46778,212,SI838,MTAS1
46778,47033,255,SX298,MTAS1
47033,47151,118,SI1473,MTAS1
47151,47475,324,SX388,MTAS1
47475,47701,226,SX118,MTAS1
47701,47983,282,SX208,MTAS1
47983,48204,221,SA1,MCRC0
48204,48364,160,SX192,MCRC0
48364,48715,351,SI462,MCRC0
48715,48860,145,SX12,MCRC0
48860,48999,139,SI1092,MCRC0
48999,49293,294,SI1722,MCRC0
49293,49475,182,SA2,MCRC0
49475,49685,210,SX282,MCRC0
49685,49932,247,SX102,MCRC0
49932,50125,193,SX372,MCRC0
50125,50429,304,SA1,FELC0
50429,50605,176,SX216,FELC0
50605,51047,442,SI1386,FELC0
51047,51383,336,SI756,FELC0
51383,51621,238,SA2,FELC0
51621,51854,233,SX126,FELC0
51854,52136,282,SX36,FELC0
52136,52442,306,SX396,FELC0
52442,52642,200,SX306,FELC0
52642,52915,273,SI2016,FELC0
52915,53180,265,SA1,FMAH0
53180,53537,357,SI659,FMAH0
53537,53812,275,SX299,FMAH0
53812,54050,238,SA2,FMAH0
54050,54318,268,SI1919,FMAH0
54318,54538,220,SX119,FMAH0
54538,54687,149,SI1289,FMAH0
54687,54875,188,SX29,FMAH0
54875,55091,216,SX389,FMAH0
55091,55315,224,SX209,FMAH0
55315,55698,383,SI754,MJES0
55698,55952,254,SA1,MJES0
55952,56117,165,SX34,MJES0
56117,56505,388,SI2014,MJES0
56505,56741,236,SI1384,MJES0
56741,56910,169,SX124,MJES0
56910,57176,266,SA2,MJES0
57176,57400,224,SX304,MJES0
57400,57656,256,SX214,MJES0
57656,57834,178,SX394,MJES0
57834,58000,166,SI1910,FREW0
58000,58231,231,SA1,FREW0
58231,58491,260,SI1280,FREW0
58491,58689,198,SX20,FREW0
58689,58951,262,SX290,FREW0
58951,59134,183,SA2,FREW0
59134,59336,202,SX110,FREW0
59336,59520,184,SX200,FREW0
59520,59676,156,SX380,FREW0
59676,59797,121,SI1030,FREW0
59797,60034,237,SA1,FKMS0
60034,60275,241,SX50,FKMS0
60275,60475,200,SA2,FKMS0
60475,60700,225,SX140,FKMS0
60700,61001,301,SX230,FKMS0
61001,61246,245,SX320,FKMS0
61246,61462,216,SI1490,FKMS0
61462,61793,331,SI2120,FKMS0
61793,62143,350,SI860,FKMS0
62143,62341,198,SX410,FKMS0
62341,62571,230,SX408,FGWR0
62571,62832,261,SI2208,FGWR0
62832,63092,260,SA1,FGWR0
63092,63320,228,SI1578,FGWR0
63320,63531,211,SA2,FGWR0
63531,63765,234,SX138,FGWR0
63765,63979,214,SX318,FGWR0
63979,64316,337,SI948,FGWR0
64316,64513,197,SX228,FGWR0
64513,64750,237,SX48,FGWR0
64750,65044,294,SA1,FMGD0
65044,65233,189,SX34,FMGD0
65233,65589,356,SI1564,FMGD0
65589,65890,301,SX124,FMGD0
65890,66268,378,SI2194,FMGD0
66268,66502,234,SA2,FMGD0
66502,66781,279,SI934,FMGD0
66781,67005,224,SX304,FMGD0
67005,67248,243,SX214,FMGD0
67248,67437,189,SX394,FMGD0
67437,67725,288,SI1729,MPGL0
67725,68016,291,SA1,MPGL0
68016,68246,230,SI1099,MPGL0
68246,68501,255,SX109,MPGL0
68501,68732,231,SI469,MPGL0
68732,68975,243,SA2,MPGL0
68975,69187,212,SX379,MPGL0
69187,69467,280,SX19,MPGL0
69467,69724,257,SX289,MPGL0
69724,70035,311,SX199,MPGL0
70035,70321,286,SA1,MBWM0
70321,70556,235,SX404,MBWM0
70556,70801,245,SI1304,MBWM0
70801,71020,219,SX44,MBWM0
71020,71108,88,SI1934,MBWM0
71108,71368,260,SX134,MBWM0
71368,71599,231,SA2,MBWM0
71599,71968,369,SI674,MBWM0
71968,72226,258,SX314,MBWM0
72226,72356,130,SX224,MBWM0
72356,72533,177,SX13,MJJG0
72533,72840,307,SA1,MJJG0
72840,73363,523,SI1003,MJJG0
73363,73596,233,SX193,MJJG0
73596,73839,243,SA2,MJJG0
73839,74047,208,SX373,MJJG0
74047,74264,217,SX103,MJJG0
74264,74547,283,SI1633,MJJG0
74547,74826,279,SX283,MJJG0
74826,75002,176,SI2263,MJJG0
75002,75341,339,SA1,FEDW0
75341,75801,460,SI1084,FEDW0
75801,76308,507,SX364,FEDW0
76308,76443,135,SI1653,FEDW0
76443,76714,271,SX94,FEDW0
76714,76979,265,SI1714,FEDW0
76979,77259,280,SA2,FEDW0
77259,77553,294,SX184,FEDW0
77553,77819,266,SX4,FEDW0
77819,78090,271,SX274,FEDW0
78090,78315,225,SA1,FPAS0
78315,78538,223,SX404,FPAS0
78538,78718,180,SX44,FPAS0
78718,79027,309,SI2204,FPAS0
79027,79176,149,SI1272,FPAS0
79176,79412,236,SX134,FPAS0
79412,79601,189,SI944,FPAS0
79601,79790,189,SA2,FPAS0
79790,80026,236,SX314,FPAS0
80026,80156,130,SX224,FPAS0
80156,80432,276,SA1,MRMS1
80432,80752,320,SX137,MRMS1
80752,81151,399,SI857,MRMS1
81151,81443,292,SA2,MRMS1
81443,81701,258,SX47,MRMS1
81701,81994,293,SX407,MRMS1
81994,82204,210,SI1487,MRMS1
82204,82396,192,SX227,MRMS1
82396,82638,242,SX317,MRMS1
82638,82988,350,SI2117,MRMS1
82988,83230,242,SA1,FMLD0
83230,83421,191,SX115,FMLD0
83421,83714,293,SI822,FMLD0
83714,83960,246,SX205,FMLD0
83960,84140,180,SA2,FMLD0
84140,84293,153,SX25,FMLD0
84293,84580,287,SI2185,FMLD0
84580,84828,248,SX295,FMLD0
84828,84981,153,SX385,FMLD0
84981,85151,170,SI925,FMLD0
85151,85429,278,SA1,FJCS0
85429,85618,189,SI1833,FJCS0
85618,85996,378,SX409,FJCS0
85996,86346,350,SI1309,FJCS0
86346,86610,264,SX49,FJCS0
86610,86820,210,SA2,FJCS0
86820,86950,130,SX229,FJCS0
86950,87207,257,SI1939,FJCS0
87207,87445,238,SX139,FJCS0
87445,87661,216,SX319,FJCS0
87661,87938,277,SA1,MKCL0
87938,88243,305,SX101,MKCL0
88243,88414,171,SX11,MKCL0
88414,88643,229,SA2,MKCL0
88643,88893,250,SX191,MKCL0
88893,89159,266,SI461,MKCL0
89159,89545,386,SI1091,MKCL0
89545,89678,133,SI1721,MKCL0
89678,89961,283,SX281,MKCL0
89961,90265,304,SX371,MKCL0
90265,90513,248,SA1,MJSW0
90513,90797,284,SX20,MJSW0
90797,91086,289,SX290,MJSW0
91086,91279,193,SA2,MJSW0
91279,91510,231,SX110,MJSW0
91510,91713,203,SX200,MJSW0
91713,91844,131,SI1640,MJSW0
91844,92171,327,SX380,MJSW0
92171,92367,196,SI2270,MJSW0
92367,92740,373,SI1010,MJSW0
92740,93011,271,SX284,MRJO0
93011,93373,362,SI734,MRJO0
93373,93618,245,SA1,MRJO0
93618,93880,262,SI1364,MRJO0
93880,94097,217,SX14,MRJO0
94097,94273,176,SA2,MRJO0
94273,94404,131,SI1624,MRJO0
94404,94548,144,SX374,MRJO0
94548,94679,131,SX194,MRJO0
94679,94815,136,SX104,MRJO0
94815,95091,276,SA1,FADG0
95091,95237,146,SI1279,FADG0
95237,95481,244,SX109,FADG0
95481,95850,369,SI649,FADG0
95850,96061,211,SA2,FADG0
96061,96276,215,SX379,FADG0
96276,96494,218,SX19,FADG0
96494,96718,224,SI1909,FADG0
96718,96952,234,SX289,FADG0
96952,97255,303,SX199,FADG0
97255,97483,228,SA1,MDAB0
97483,97714,231,SX409,MDAB0
97714,97891,177,SX49,MDAB0
97891,98087,196,SA2,MDAB0
98087,98192,105,SX229,MDAB0
98192,98357,165,SI1669,MDAB0
98357,98565,208,SI2299,MDAB0
98565,98881,316,SI1039,MDAB0
98881,99070,189,SX139,MDAB0
99070,99266,196,SX319,MDAB0
99266,99556,290,SA1,FSXA0
99556,99821,265,SX28,FSXA0
99821,100145,324,SI1108,FSXA0
100145,100332,187,SI1846,FSXA0
100332,100582,250,SA2,FSXA0
100582,100845,263,SI478,FSXA0
100845,101125,280,SX298,FSXA0
101125,101438,313,SX388,FSXA0
101438,101670,232,SX118,FSXA0
101670,101953,283,SX208,FSXA0
101953,102258,305,SI1656,MMDH0
102258,102592,334,SA1,MMDH0
102592,102808,216,SX216,MMDH0
102808,103094,286,SA2,MMDH0
103094,103345,251,SI2286,MMDH0
103345,103766,421,SI2118,MMDH0
103766,103968,202,SX126,MMDH0
103968,104282,314,SX36,MMDH0
104282,104651,369,SX396,MMDH0
104651,104856,205,SX306,MMDH0
104856,105203,347,SA1,FRNG0
105203,105535,332,SI1355,FRNG0
105535,105856,321,SX95,FRNG0
105856,106077,221,SX5,FRNG0
106077,106375,298,SI1985,FRNG0
106375,106643,268,SA2,FRNG0
106643,106908,265,SX185,FRNG0
106908,107348,440,SX365,FRNG0
107348,107829,481,SI725,FRNG0
107829,108105,276,SX275,FRNG0
108105,108513,408,SI1390,FTLH0
108513,108828,315,SA1,FTLH0
108828,109045,217,SI1009,FTLH0
109045,109311,266,SX109,FTLH0
109311,109496,185,SI1639,FTLH0
109496,109793,297,SA2,FTLH0
109793,110016,223,SX379,FTLH0
110016,110255,239,SX19,FTLH0
110255,110502,247,SX289,FTLH0
110502,110825,323,SX199,FTLH0
110825,111085,260,SA1,MLJB0
111085,111451,366,SI680,MLJB0
111451,111749,298,SX50,MLJB0
111749,111958,209,SA2,MLJB0
111958,112223,265,SI1310,MLJB0
112223,112430,207,SI1940,MLJB0
112430,112690,260,SX140,MLJB0
112690,112970,280,SX230,MLJB0
112970,113221,251,SX320,MLJB0
113221,113454,233,SX410,MLJB0
113454,113704,250,SA1,MPDF0
113704,113888,184,SX192,MPDF0
113888,114137,249,SI2172,MPDF0
114137,114315,178,SX12,MPDF0
114315,114511,196,SA2,MPDF0
114511,114752,241,SX282,MPDF0
114752,115063,311,SX102,MPDF0
115063,115304,241,SI1542,MPDF0
115304,115525,221,SI912,MPDF0
115525,115751,226,SX372,MPDF0
115751,116027,276,SA1,FMCM0
116027,116223,196,SX100,FMCM0
116223,116402,179,SX190,FMCM0
116402,116630,228,SX370,FMCM0
116630,116749,119,SI1810,FMCM0
116749,116929,180,SA2,FMCM0
116929,117215,286,SI550,FMCM0
117215,117357,142,SX280,FMCM0
117357,117544,187,SX10,FMCM0
117544,117914,370,SI1180,FMCM0
117914,118153,239,SA1,MMAB0
118153,118336,183,SX192,MMAB0
118336,118489,153,SX12,MMAB0
118489,118741,252,SI1362,MMAB0
118741,119059,318,SI1992,MMAB0
119059,119283,224,SA2,MMAB0
119283,119519,236,SX282,MMAB0
119519,119799,280,SI732,MMAB0
119799,120063,264,SX102,MMAB0
120063,120280,217,SX372,MMAB0
120280,120571,291,SA1,MSTK0
120571,120721,150,SX34,MSTK0
120721,121029,308,SI2222,MSTK0
121029,121184,155,SX124,MSTK0
121184,121403,219,SI2284,MSTK0
121403,121629,226,SA2,MSTK0
121629,121834,205,SX304,MSTK0
121834,122076,242,SX214,MSTK0
122076,122283,207,SX394,MSTK0
122283,122617,334,SI1024,MSTK0
122617,122811,194,SI1398,MCEM0
122811,123080,269,SX408,MCEM0
123080,123408,328,SA1,MCEM0
123408,123611,203,SA2,MCEM0
123611,123871,260,SX138,MCEM0
123871,124081,210,SX318,MCEM0
124081,124235,154,SX228,MCEM0
124235,124640,405,SI2028,MCEM0
124640,124901,261,SX48,MCEM0
124901,125326,425,SI768,MCEM0
125326,125560,234,SA1,MDWA0
125560,125876,316,SI1146,MDWA0
125876,126112,236,SX95,MDWA0
126112,126226,114,SX5,MDWA0
126226,126409,183,SA2,MDWA0
126409,126585,176,SI1445,MDWA0
126585,126760,175,SX185,MDWA0
126760,127029,269,SX365,MDWA0
127029,127335,306,SI519,MDWA0
127335,127540,205,SX275,MDWA0
127540,127675,135,SI1898,MCMB0
127675,127955,280,SA1,MCMB0
127955,128157,202,SA2,MCMB0
128157,128329,172,SX98,MCMB0
128329,128604,275,SX368,MCMB0
128604,129015,411,SI1268,MCMB0
129015,129370,355,SX278,MCMB0
129370,129591,221,SX188,MCMB0
129591,129925,334,SI638,MCMB0
129925,130119,194,SX8,MCMB0
130119,130350,231,SA1,MSLB0
130350,130583,233,SX293,MSLB0
130583,130787,204,SX383,MSLB0
130787,130968,181,SI1193,MSLB0
130968,131146,178,SX203,MSLB0
131146,131343,197,SA2,MSLB0
131343,131598,255,SI563,MSLB0
131598,131812,214,SI1823,MSLB0
131812,131994,182,SX23,MSLB0
131994,132170,176,SX113,MSLB0
132170,132357,187,SX13,MRTK0
132357,132640,283,SA1,MRTK0
132640,132823,183,SX193,MRTK0
132823,133045,222,SA2,MRTK0
133045,133248,203,SI1723,MRTK0
133248,133461,213,SX373,MRTK0
133461,133690,229,SI1093,MRTK0
133690,133879,189,SX103,MRTK0
133879,134253,374,SI1750,MRTK0
134253,134507,254,SX283,MRTK0
134507,134897,390,SA1,MAHH0
134897,135142,245,SX34,MAHH0
135142,135436,294,SX124,MAHH0
135436,135683,247,SI1924,MAHH0
135683,135975,292,SA2,MAHH0
135975,136250,275,SX304,MAHH0
136250,136626,376,SX214,MAHH0
136626,137019,393,SI664,MAHH0
137019,137273,254,SX394,MAHH0
137273,137824,551,SI1294,MAHH0
137824,138139,315,SA1,MCSH0
138139,138411,272,SX109,MCSH0
138411,138577,166,SI1549,MCSH0
138577,138809,232,SA2,MCSH0
138809,139029,220,SX379,MCSH0
139029,139429,400,SI919,MCSH0
139429,139668,239,SX19,MCSH0
139668,139951,283,SX289,MCSH0
139951,140129,178,SI2179,MCSH0
140129,140462,333,SX199,MCSH0
140462,140709,247,SA1,MTHC0
140709,140936,227,SI1645,MTHC0
140936,141162,226,SX115,MTHC0
141162,141431,269,SI1015,MTHC0
141431,141710,279,SX205,MTHC0
141710,141952,242,SA2,MTHC0
141952,142115,163,SX25,MTHC0
142115,142299,184,SI2275,MTHC0
142299,142543,244,SX295,MTHC0
142543,142724,181,SX385,MTHC0
142724,143011,287,SA1,MDVC0
143011,143207,196,SX216,MDVC0
143207,143383,176,SI2174,MDVC0
143383,143664,281,SA2,MDVC0
143664,143874,210,SX126,MDVC0
143874,144163,289,SX36,MDVC0
144163,144482,319,SX396,MDVC0
144482,144690,208,SX306,MDVC0
144690,144974,284,SI936,MDVC0
144974,145331,357,SI2196,MDVC0
145331,145623,292,SX284,MCMJ0
145623,145910,287,SA1,MCMJ0
145910,146146,236,SX14,MCMJ0
146146,146380,234,SA2,MCMJ0
146380,146681,301,SI1094,MCMJ0
146681,146993,312,SI464,MCMJ0
146993,147174,181,SX374,MCMJ0
147174,147330,156,SX194,MCMJ0
147330,147489,159,SX104,MCMJ0
147489,147801,312,SI602,MCMJ0
147801,148051,250,SX413,FCAL1
148051,148316,265,SA1,FCAL1
148316,148526,210,SX323,FCAL1
148526,148793,267,SI2033,FCAL1
148793,149001,208,SX143,FCAL1
149001,149210,209,SA2,FCAL1
149210,149444,234,SI773,FCAL1
149444,149672,228,SX53,FCAL1
149672,150060,388,SI1403,FCAL1
150060,150265,205,SX233,FCAL1
150265,150570,305,SA1,MJBR0
150570,150866,296,SX101,MJBR0
150866,151024,158,SX11,MJBR0
151024,151243,219,SA2,MJBR0
151243,151533,290,SI1631,MJBR0
151533,151675,142,SI2261,MJBR0
151675,151904,229,SX191,MJBR0
151904,152063,159,SI1001,MJBR0
152063,152329,266,SX281,MJBR0
152329,152583,254,SX371,MJBR0
152583,152766,183,SX13,MKDR0
152766,153033,267,SA1,MKDR0
153033,153215,182,SX193,MKDR0
153215,153428,213,SI1903,MKDR0
153428,153643,215,SA2,MKDR0
153643,153874,231,SX373,MKDR0
153874,154242,368,SI1273,MKDR0
154242,154471,229,SX103,MKDR0
154471,154748,277,SX283,MKDR0
154748,154999,251,SI643,MKDR0
154999,155296,297,SA1,FCAU0
155296,155573,277,SX137,FCAU0
155573,155912,339,SI1667,FCAU0
155912,156145,233,SA2,FCAU0
156145,156352,207,SX47,FCAU0
156352,156606,254,SX407,FCAU0
156606,156955,349,SI1037,FCAU0
156955,157231,276,SI2297,FCAU0
157231,157397,166,SX227,FCAU0
157397,157604,207,SX317,FCAU0
157604,157857,253,SA1,FCFT0
157857,158165,308,SI1178,FCFT0
158165,158365,200,SA2,FCFT0
158365,158506,141,SX98,FCFT0
158506,158772,266,SX368,FCFT0
158772,158975,203,SI1808,FCFT0
158975,159257,282,SX278,FCFT0
159257,159458,201,SX188,FCFT0
159458,159700,242,SX8,FCFT0
159700,159852,152,SI548,FCFT0
159852,160071,219,SX13,MLLL0
160071,160361,290,SA1,MLLL0
160361,160641,280,SX193,MLLL0
160641,160898,257,SA2,MLLL0
160898,161123,225,SX373,MLLL0
161123,161522,399,SI1363,MLLL0
161522,161710,188,SX103,MLLL0
161710,162016,306,SX283,MLLL0
162016,162364,348,SI733,MLLL0
162364,162563,199,SI1993,MLLL0
162563,162810,247,SA1,FDHC0
162810,163082,272,SI1559,FDHC0
163082,163339,257,SX299,FDHC0
163339,163549,210,SA2,FDHC0
163549,163792,243,SX119,FDHC0
163792,164021,229,SI929,FDHC0
164021,164225,204,SX29,FDHC0
164225,164422,197,SX389,FDHC0
164422,164628,206,SX209,FDHC0
164628,164809,181,SI2189,FDHC0
164809,165089,280,SI2255,MMDB1
165089,165346,257,SA1,MMDB1
165346,165581,235,SX95,MMDB1
165581,165714,133,SX5,MMDB1
165714,165933,219,SA2,MMDB1
165933,166275,342,SI995,MMDB1
166275,166462,187,SX185,MMDB1
166462,166753,291,SX365,MMDB1
166753,166878,125,SI1625,MMDB1
166878,167095,217,SX275,MMDB1
167095,167296,201,SX408,FDMS0
167296,167529,233,SA1,FDMS0
167529,167844,315,SI1502,FDMS0
167844,168049,205,SA2,FDMS0
168049,168267,218,SI1848,FDMS0
168267,168506,239,SX138,FDMS0
168506,168707,201,SX318,FDMS0
168707,168906,199,SX228,FDMS0
168906,169116,210,SX48,FDMS0
169116,169322,206,SI1218,FDMS0
169322,169514,192,SI1663,MJFC0
169514,169767,253,SA1,MJFC0
169767,169915,148,SI1033,MJFC0
169915,170121,206,SX133,MJFC0
170121,170307,186,SA2,MJFC0
170307,170537,230,SX403,MJFC0
170537,170711,174,SX223,MJFC0
170711,171001,290,SI2293,MJFC0
171001,171161,160,SX43,MJFC0
171161,171374,213,SX313,MJFC0
171374,171659,285,SA1,FJAS0
171659,171908,249,SX50,FJAS0
171908,172289,381,SI770,FJAS0
172289,172480,191,SA2,FJAS0
172480,172667,187,SI2030,FJAS0
172667,172924,257,SX140,FJAS0
172924,173189,265,SX230,FJAS0
173189,173459,270,SX320,FJAS0
173459,173772,313,SI1400,FJAS0
173772,173989,217,SX410,FJAS0
173989,174189,200,SA1,MSJS1
174189,174304,115,SI1899,MSJS1
174304,174466,162,SI639,MSJS1
174466,174746,280,SI869,MSJS1
174746,174925,179,SX189,MSJS1
174925,175102,177,SA2,MSJS1
175102,175260,158,SX9,MSJS1
175260,175461,201,SX99,MSJS1
175461,175612,151,SX369,MSJS1
175612,175853,241,SX279,MSJS1
175853,176115,262,SX413,MTEB0
176115,176270,155,SI503,MTEB0
176270,176564,294,SA1,MTEB0
176564,176789,225,SX323,MTEB0
176789,177218,429,SI2064,MTEB0
177218,177464,246,SI1133,MTEB0
177464,177711,247,SX143,MTEB0
177711,177931,220,SA2,MTEB0
177931,178156,225,SX53,MTEB0
178156,178360,204,SX233,MTEB0
178360,178615,255,SX284,MRPP0
178615,178923,308,SA1,MRPP0
178923,179278,355,SI1184,MRPP0
179278,179548,270,SX14,MRPP0
179548,179758,210,SA2,MRPP0
179758,179915,157,SI1814,MRPP0
179915,180114,199,SX374,MRPP0
180114,180262,148,SX194,MRPP0
180262,180668,406,SI554,MRPP0
180668,180869,201,SX104,MRPP0
180869,181133,264,SA1,FPKT0
181133,181323,190,SA2,FPKT0
181323,181482,159,SI2168,FPKT0
181482,181630,148,SX98,FPKT0
181630,181878,248,SX368,FPKT0
181878,182129,251,SI1538,FPKT0
182129,182311,182,SI908,FPKT0
182311,182569,258,SX278,FPKT0
182569,182747,178,SX188,FPKT0
182747,182973,226,SX8,FPKT0
182973,183258,285,SA1,MPAM1
183258,183461,203,SX216,MPAM1
183461,183670,209,SI1836,MPAM1
183670,183821,151,SI1029,MPAM1
183821,184197,376,SI576,MPAM1
184197,184422,225,SA2,MPAM1
184422,184633,211,SX126,MPAM1
184633,184925,292,SX36,MPAM1
184925,185252,327,SX396,MPAM1
185252,185461,209,SX306,MPAM1
185461,185758,297,SA1,MJLN0
185758,185928,170,SI2079,MJLN0
185928,186166,238,SX189,MJLN0
186166,186409,243,SA2,MJLN0
186409,186609,200,SX9,MJLN0
186609,186862,253,SX99,MJLN0
186862,187093,231,SX369,MJLN0
187093,187457,364,SI819,MJLN0
187457,187745,288,SX279,MJLN0
187745,188092,347,SI1449,MJLN0
188092,188340,248,SA1,MJMP0
188340,188588,248,SX95,MJMP0
188588,188717,129,SX5,MJMP0
188717,188929,212,SA2,MJMP0
188929,189304,375,SI1791,MJMP0
189304,189474,170,SX185,MJMP0
189474,189662,188,SI1535,MJMP0
189662,189974,312,SX365,MJMP0
189974,190190,216,SI905,MJMP0
190190,190412,222,SX275,MJMP0
190412,190654,242,SA1,MESD0
190654,190849,195,SX192,MESD0
190849,190986,137,SX12,MESD0
190986,191267,281,SI2262,MESD0
191267,191487,220,SA2,MESD0
191487,191740,253,SX282,MESD0
191740,192028,288,SX102,MESD0
192028,192389,361,SI1002,MESD0
192389,192515,126,SI1632,MESD0
192515,192755,240,SX372,MESD0
192755,192995,240,SA1,MROA0
192995,193262,267,SX137,MROA0
193262,193443,181,SA2,MROA0
193443,193775,332,SI1970,MROA0
193775,193970,195,SI1307,MROA0
193970,194259,289,SX47,MROA0
194259,194436,177,SI677,MROA0
194436,194714,278,SX407,MROA0
194714,194862,148,SX227,MROA0
194862,195058,196,SX317,MROA0
195058,195403,345,SA1,FASW0
195403,195793,390,SX20,FASW0
195793,196232,439,SX290,FASW0
196232,196507,275,SI1550,FASW0
196507,196761,254,SA2,FASW0
196761,197088,327,SX110,FASW0
197088,197380,292,SI2180,FASW0
197380,197658,278,SX200,FASW0
197658,197881,223,SX380,FASW0
197881,198292,411,SI920,FASW0
198292,198552,260,SA1,MAJC0
198552,198786,234,SX115,MAJC0
198786,199131,345,SI835,MAJC0
199131,199406,275,SX205,MAJC0
199406,199637,231,SA2,MAJC0
199637,199793,156,SX25,MAJC0
199793,200073,280,SX295,MAJC0
200073,200254,181,SX385,MAJC0
200254,200463,209,SI1946,MAJC0
200463,200662,199,SI2095,MAJC0
200662,201016,354,SI1961,MPAM0
201016,201285,269,SA1,MPAM0
201285,201521,236,SX109,MPAM0
201521,201731,210,SA2,MPAM0
201731,201936,205,SI1189,MPAM0
201936,202138,202,SX379,MPAM0
202138,202367,229,SI1819,MPAM0
202367,202557,190,SX19,MPAM0
202557,202774,217,SX289,MPAM0
202774,203056,282,SX199,MPAM0
203056,203309,253,SA1,MWVW0
203309,203496,187,SX216,MWVW0
203496,203823,327,SI846,MWVW0
203823,204024,201,SA2,MWVW0
204024,204299,275,SI2106,MWVW0
204299,204426,127,SI1476,MWVW0
204426,204603,177,SX126,MWVW0
204603,204865,262,SX36,MWVW0
204865,205166,301,SX396,MWVW0
205166,205344,178,SX306,MWVW0
205344,205615,271,SA1,FMAF0
205615,205864,249,SX109,FMAF0
205864,206083,219,SI1459,FMAF0
206083,206338,255,SI829,FMAF0
206338,206562,224,SA2,FMAF0
206562,206768,206,SX379,FMAF0
206768,206982,214,SI2089,FMAF0
206982,207212,230,SX19,FMAF0
207212,207421,209,SX289,FMAF0
207421,207722,301,SX199,FMAF0
207722,207844,122,SI2084,FCMH0
207844,208102,258,SX284,FCMH0
208102,208388,286,SA1,FCMH0
208388,208629,241,SX14,FCMH0
208629,209016,387,SI824,FCMH0
209016,209251,235,SA2,FCMH0
209251,209662,411,SI1454,FCMH0
209662,209837,175,SX374,FCMH0
209837,209984,147,SX194,FCMH0
209984,210143,159,SX104,FCMH0
210143,210388,245,SI739,FLKD0
210388,210637,249,SA1,FLKD0
210637,210950,313,SI894,FLKD0
210950,211154,204,SX109,FLKD0
211154,211397,243,SA2,FLKD0
211397,211605,208,SI1369,FLKD0
211605,211805,200,SX379,FLKD0
211805,212011,206,SX19,FLKD0
212011,212263,252,SX289,FLKD0
212263,212537,274,SX199,FLKD0
212537,212833,296,SA1,MFGK0
212833,213002,169,SX34,MFGK0
213002,213470,468,SI1451,MFGK0
213470,213708,238,SI484,MFGK0
213708,213884,176,SX124,MFGK0
213884,214114,230,SA2,MFGK0
214114,214350,236,SX304,MFGK0
214350,214656,306,SX214,MFGK0
214656,214890,234,SX394,MFGK0
214890,215104,214,SI1744,MFGK0
215104,215392,288,SA1,MWBT0
215392,215682,290,SX293,MWBT0
215682,215834,152,SI2183,MWBT0
215834,216147,313,SX383,MWBT0
216147,216398,251,SX203,MWBT0
216398,216641,243,SA2,MWBT0
216641,216879,238,SI923,MWBT0
216879,217260,381,SI1553,MWBT0
217260,217514,254,SX23,MWBT0
217514,217781,267,SX113,MWBT0
217781,217942,161,SX13,MDAW1
217942,218195,253,SA1,MDAW1
218195,218384,189,SX193,MDAW1
218384,218649,265,SI2083,MDAW1
218649,218858,209,SI823,MDAW1
218858,219046,188,SA2,MDAW1
219046,219240,194,SX373,MDAW1
219240,219412,172,SX103,MDAW1
219412,219768,356,SI1453,MDAW1
219768,219988,220,SX283,MDAW1
219988,220329,341,SA1,MGRT0
220329,220514,185,SI2080,MGRT0
220514,220909,395,SX100,MGRT0
220909,221141,232,SX190,MGRT0
221141,221410,269,SX370,MGRT0
221410,221682,272,SA2,MGRT0
221682,222180,498,SI1450,MGRT0
222180,222670,490,SI820,MGRT0
222670,222829,159,SX280,MGRT0
222829,223071,242,SX10,MGRT0
223071,223457,386,SA1,MGWT0
223457,223721,264,SX189,MGWT0
223721,223971,250,SA2,MGWT0
223971,224253,282,SX9,MGWT0
224253,224675,422,SI2169,MGWT0
224675,225116,441,SI909,MGWT0
225116,225411,295,SX99,MGWT0
225411,225690,279,SX369,MGWT0
225690,225964,274,SI1539,MGWT0
225964,226331,367,SX279,MGWT0
226331,226560,229,SA1,MABW0
226560,226770,210,SX404,MABW0
226770,227141,371,SI1230,MABW0
227141,227331,190,SX44,MABW0
227331,227519,188,SI2294,MABW0
227519,227766,247,SX134,MABW0
227766,227990,224,SA2,MABW0
227990,228146,156,SI1664,MABW0
228146,228396,250,SX314,MABW0
228396,228535,139,SX224,MABW0
228535,228744,209,SX413,FGMD0
228744,228965,221,SA1,FGMD0
228965,229135,170,SX323,FGMD0
229135,229320,185,SX143,FGMD0
229320,229583,263,SI683,FGMD0
229583,229772,189,SA2,FGMD0
229772,229976,204,SX53,FGMD0
229976,230274,298,SI1943,FGMD0
230274,230434,160,SX233,FGMD0
230434,230598,164,SI2107,FGMD0
230598,230835,237,SA1,MMDM2
230835,231011,176,SX192,MMDM2
231011,231169,158,SX12,MMDM2
231169,231345,176,SI1555,MMDM2
231345,231696,351,SI1452,MMDM2
231696,231884,188,SA2,MMDM2
231884,232102,218,SX282,MMDM2
232102,232353,251,SX102,MMDM2
232353,232502,149,SI2082,MMDM2
232502,232714,212,SX372,MMDM2
232714,233014,300,SA1,FJEM0
233014,233250,236,SI1894,FJEM0
233250,233737,487,SI634,FJEM0
233737,234201,464,SX364,FJEM0
234201,234458,257,SX94,FJEM0
234458,234735,277,SA2,FJEM0
234735,235011,276,SI1264,FJEM0
235011,235245,234,SX184,FJEM0
235245,235487,242,SX4,FJEM0
235487,235801,314,SX274,FJEM0
235801,236062,261,SA1,FDRW0
236062,236299,237,SX293,FDRW0
236299,236522,223,SX383,FDRW0
236522,236781,259,SX203,FDRW0
236781,236974,193,SI1423,FDRW0
236974,237178,204,SA2,FDRW0
237178,237580,402,SI1283,FDRW0
237580,237820,240,SI653,FDRW0
237820,238059,239,SX23,FDRW0
238059,238385,326,SX113,FDRW0
238385,238620,235,SA1,FJSJ0
238620,238814,194,SX404,FJSJ0
238814,239041,227,SX44,FJSJ0
239041,239266,225,SX134,FJSJ0
239266,239486,220,SA2,FJSJ0
239486,239709,223,SI1484,FJSJ0
239709,239914,205,SI2114,FJSJ0
239914,240171,257,SX314,FJSJ0
240171,240320,149,SX224,FJSJ0
240320,240525,205,SI854,FJSJ0
240525,240782,257,SA1,FJSA0
240782,241040,258,SI1379,FJSA0
241040,241537,497,SI749,FJSA0
241537,241754,217,SX299,FJSA0
241754,241978,224,SA2,FJSA0
241978,242298,320,SI2009,FJSA0
242298,242497,199,SX119,FJSA0
242497,242746,249,SX29,FJSA0
242746,242944,198,SX389,FJSA0
242944,243150,206,SX209,FJSA0
243150,243429,279,SA1,FHES0
243429,243793,364,SI1109,FHES0
243793,243932,139,SI1739,FHES0
243932,244174,242,SX299,FHES0
244174,244396,222,SA2,FHES0
244396,244746,350,SI479,FHES0
244746,244942,196,SX119,FHES0
244942,245148,206,SX29,FHES0
245148,245377,229,SX389,FHES0
245377,245608,231,SX209,FHES0
245608,245789,181,SI494,MWJG0
245789,246078,289,SA1,MWJG0
246078,246345,267,SX404,MWJG0
246345,246557,212,SI1754,MWJG0
246557,246746,189,SX44,MWJG0
246746,246997,251,SX134,MWJG0
246997,247200,203,SA2,MWJG0
247200,247465,265,SX314,MWJG0
247465,247610,145,SX224,MWJG0
247610,247980,370,SI1124,MWJG0
247980,248248,268,SA1,MRWS1
248248,248563,315,SI500,MRWS1
248563,248817,254,SI1130,MRWS1
248817,249076,259,SX50,MRWS1
249076,249311,235,SA2,MRWS1
249311,249555,244,SX140,MRWS1
249555,249812,257,SX230,MRWS1
249812,250075,263,SX320,MRWS1
250075,250300,225,SI1496,MRWS1
250300,250527,227,SX410,MRWS1
250527,250801,274,SA1,MBDG0
250801,251074,273,SX293,MBDG0
251074,251277,203,SX383,MBDG0
251277,251450,173,SX203,MBDG0
251450,251757,307,SI2093,MBDG0
251757,252013,256,SA2,MBDG0
252013,252211,198,SI833,MBDG0
252211,252437,226,SI1463,MBDG0
252437,252639,202,SX23,MBDG0
252639,252819,180,SX113,MBDG0
252819,253049,230,SA1,MDLS0
253049,253172,123,SI998,MDLS0
253172,253349,177,SA2,MDLS0
253349,253487,138,SX98,MDLS0
253487,253749,262,SX368,MDLS0
253749,254011,262,SX278,MDLS0
254011,254186,175,SX188,MDLS0
254186,254420,234,SI1628,MDLS0
254420,254588,168,SX8,MDLS0
254588,254710,122,SI2258,MDLS0
254710,254996,286,SA1,FLBW0
254996,255145,149,SI2253,FLBW0
255145,255494,349,SI1219,FLBW0
255494,255774,280,SX409,FLBW0
255774,255984,210,SX49,FLBW0
255984,256221,237,SA2,FLBW0
256221,256340,119,SX229,FLBW0
256340,256549,209,SI1849,FLBW0
256549,256775,226,SX139,FLBW0
256775,257005,230,SX319,FLBW0
257005,257305,300,SA1,MJTC0
257305,257711,406,SI1460,MJTC0
257711,257987,276,SX20,MJTC0
257987,258324,337,SX290,MJTC0
258324,258548,224,SA2,MJTC0
258548,258760,212,SI2090,MJTC0
258760,259017,257,SX110,MJTC0
259017,259256,239,SX200,MJTC0
259256,259444,188,SX380,MJTC0
259444,259699,255,SI830,MJTC0
259699,259947,248,SA1,MJTH0
259947,260140,193,SX216,MJTH0
260140,260380,240,SA2,MJTH0
260380,260601,221,SI666,MJTH0
260601,260760,159,SX126,MJTH0
260760,261017,257,SX36,MJTH0
261017,261194,177,SI1926,MJTH0
261194,261498,304,SX396,MJTH0
261498,261819,321,SI1296,MJTH0
261819,261994,175,SX306,MJTH0
261994,262410,416,SI1217,MRES0
262410,262725,315,SA1,MRES0
262725,262993,268,SI587,MRES0
262993,263301,308,SX137,MRES0
263301,263503,202,SI1847,MRES0
263503,263705,202,SA2,MRES0
263705,263906,201,SX47,MRES0
263906,264201,295,SX407,MRES0
264201,264375,174,SX227,MRES0
264375,264581,206,SX317,MRES0
264581,264856,275,SA1,MJDM1
264856,265077,221,SX95,MJDM1
265077,265438,361,SI1715,MJDM1
265438,265565,127,SX5,MJDM1
265565,265743,178,SA2,MJDM1
265743,265921,178,SI455,MJDM1
265921,266090,169,SX185,MJDM1
266090,266362,272,SX365,MJDM1
266362,266555,193,SX275,MJDM1
266555,266824,269,SI1085,MJDM1
266824,267071,247,SA1,MTAA0
267071,267310,239,SX115,MTAA0
267310,267578,268,SX205,MTAA0
267578,267784,206,SA2,MTAA0
267784,267993,209,SI1285,MTAA0
267993,268156,163,SX25,MTAA0
268156,268431,275,SX295,MTAA0
268431,268615,184,SX385,MTAA0
268615,269016,401,SI1915,MTAA0
269016,269180,164,SI596,MTAA0
269180,269358,178,SX13,MDLD0
269358,269687,329,SA1,MDLD0
269687,269893,206,SX193,MDLD0
269893,270149,256,SA2,MDLD0
270149,270379,230,SX373,MDLD0
270379,270590,211,SX103,MDLD0
270590,270988,398,SI2173,MDLD0
270988,271274,286,SX283,MDLD0
271274,271641,367,SI913,MDLD0
271641,271820,179,SI1543,MDLD0
271820,272075,255,SA1,MTMR0
272075,272284,209,SX133,MTMR0
272284,272494,210,SA2,MTMR0
272494,272846,352,SI673,MTMR0
272846,273013,167,SI1933,MTMR0
273013,273253,240,SX403,MTMR0
273253,273451,198,SX223,MTMR0
273451,273637,186,SX43,MTMR0
273637,273981,344,SI1303,MTMR0
273981,274217,236,SX313,MTMR0
274217,274458,241,SA1,FJRE0
274458,274625,167,SX216,FJRE0
274625,274819,194,SI1746,FJRE0
274819,275212,393,SI1587,FJRE0
275212,275433,221,SA2,FJRE0
275433,275602,169,SX126,FJRE0
275602,275845,243,SX36,FJRE0
275845,276135,290,SX396,FJRE0
276135,276358,223,SX306,FJRE0
276358,276552,194,SI1116,FJRE0
276552,276850,298,SA1,MRKO0
276850,277234,384,SX137,MRKO0
277234,277451,217,SA2,MRKO0
277451,277727,276,SI2027,MRKO0
277727,278041,314,SI767,MRKO0
278041,278284,243,SI1397,MRKO0
278284,278508,224,SX47,MRKO0
278508,278770,262,SX407,MRKO0
278770,278952,182,SX227,MRKO0
278952,279170,218,SX317,MRKO0
279170,279451,281,SX413,FCMH1
279451,279703,252,SA1,FCMH1
279703,279952,249,SX323,FCMH1
279952,280187,235,SI2123,FCMH1
280187,280441,254,SX143,FCMH1
280441,280799,358,SI863,FCMH1
280799,281043,244,SA2,FCMH1
281043,281246,203,SI1493,FCMH1
281246,281468,222,SX53,FCMH1
281468,281644,176,SX233,FCMH1
281644,281877,233,SA1,MRPC0
281877,282068,191,SX133,MRPC0
282068,282272,204,SA2,MRPC0
282272,282499,227,SX403,MRPC0
282499,282671,172,SX223,MRPC0
282671,282842,171,SX43,MRPC0
282842,283117,275,SI1753,MRPC0
283117,283402,285,SI493,MRPC0
283402,283577,175,SI933,MRPC0
283577,283791,214,SX313,MRPC0
283791,284032,241,SA1,MDRB0
284032,284229,197,SI1174,MDRB0
284229,284597,368,SX364,MDRB0
284597,284793,196,SX94,MDRB0
284793,285009,216,SA2,MDRB0
285009,285190,181,SX184,MDRB0
285190,285425,235,SI544,MDRB0
285425,285747,322,SI2109,MDRB0
285747,285971,224,SX4,MDRB0
285971,286201,230,SX274,MDRB0
286201,286467,266,SA1,MCTW0
286467,286714,247,SX293,MCTW0
286714,286912,198,SI743,MCTW0
286912,287164,252,SX383,MCTW0
287164,287365,201,SX203,MCTW0
287365,287577,212,SA2,MCTW0
287577,287762,185,SI2003,MCTW0
287762,288096,334,SI1373,MCTW0
288096,288296,200,SX23,MCTW0
288296,288496,200,SX113,MCTW0
288496,288769,273,SX413,FJLM0
288769,289078,309,SA1,FJLM0
289078,289306,228,SX323,FJLM0
289306,289580,274,SI1043,FJLM0
289580,289853,273,SX143,FJLM0
289853,290106,253,SI1673,FJLM0
290106,290345,239,SA2,FJLM0
290345,290593,248,SX53,FJLM0
290593,290918,325,SI2303,FJLM0
290918,291120,202,SX233,FJLM0
291120,291363,243,SA1,MDRM0
291363,291606,243,SX293,MDRM0
291606,291808,202,SI1643,MDRM0
291808,292005,197,SX383,MDRM0
292005,292204,199,SX203,MDRM0
292204,292352,148,SI2273,MDRM0
292352,292573,221,SA2,MDRM0
292573,292944,371,SI1013,MDRM0
292944,293144,200,SX23,MDRM0
293144,293360,216,SX113,MDRM0
293360,293631,271,SA1,FNMR0
293631,293900,269,SX409,FNMR0
293900,294131,231,SI2029,FNMR0
294131,294363,232,SX49,FNMR0
294363,294599,236,SA2,FNMR0
294599,294738,139,SX229,FNMR0
294738,295120,382,SI1399,FNMR0
295120,295358,238,SX139,FNMR0
295358,295603,245,SX319,FNMR0
295603,295829,226,SI769,FNMR0
295829,296111,282,SX408,MPAB0
296111,296486,375,SA1,MPAB0
296486,296848,362,SI498,MPAB0
296848,297163,315,SI1128,MPAB0
297163,297417,254,SA2,MPAB0
297417,297721,304,SX138,MPAB0
297721,297987,266,SX318,MPAB0
297987,298166,179,SX228,MPAB0
298166,298461,295,SX48,MPAB0
298461,298948,487,SI1103,MPAB0
298948,299200,252,SA1,FJWB0
299200,299583,383,SI635,FJWB0
299583,299805,222,SX95,FJWB0
299805,300143,338,SI992,FJWB0
300143,300264,121,SX5,FJWB0
300264,300470,206,SA2,FJWB0
300470,300642,172,SX185,FJWB0
300642,300927,285,SX365,FJWB0
300927,301173,246,SI1265,FJWB0
301173,301377,204,SX275,FJWB0
301377,301626,249,SX408,FNLP0
301626,301935,309,SA1,FNLP0
301935,302398,463,SI1308,FNLP0
302398,302642,244,SA2,FNLP0
302642,302932,290,SX138,FNLP0
302932,303231,299,SX318,FNLP0
303231,303491,260,SI1938,FNLP0
303491,303675,184,SX228,FNLP0
303675,303956,281,SX48,FNLP0
303956,304120,164,SI678,FNLP0
304120,304363,243,SA1,MRRK0
304363,304541,178,SX28,MRRK0
304541,304760,219,SA2,MRRK0
304760,305092,332,SI1288,MRRK0
305092,305337,245,SI1918,MRRK0
305337,305555,218,SX298,MRRK0
305555,305685,130,SI1716,MRRK0
305685,305960,275,SX388,MRRK0
305960,306154,194,SX118,MRRK0
306154,306394,240,SX208,MRRK0
306394,306680,286,SA1,FHEW0
306680,306903,223,SX133,FHEW0
306903,307176,273,SI763,FHEW0
307176,307566,390,SI690,FHEW0
307566,307811,245,SA2,FHEW0
307811,308078,267,SX403,FHEW0
308078,308278,200,SX223,FHEW0
308278,308468,190,SX43,FHEW0
308468,308801,333,SI2023,FHEW0
308801,309031,230,SX313,FHEW0
309031,309282,251,SA1,MDWK0
309282,309496,214,SX100,MDWK0
309496,309719,223,SX190,MDWK0
309719,309943,224,SX370,MDWK0
309943,310223,280,SI2170,MDWK0
310223,310427,204,SA2,MDWK0
310427,310779,352,SI1540,MDWK0
310779,310975,196,SI910,MDWK0
310975,311124,149,SX280,MDWK0
311124,311332,208,SX10,MDWK0
311332,311599,267,SA1,MKJL0
311599,311852,253,SI1100,MKJL0
311852,312089,237,SX20,MKJL0
312089,312402,313,SX290,MKJL0
312402,312539,137,SI470,MKJL0
312539,312748,209,SA2,MKJL0
312748,312961,213,SX110,MKJL0
312961,313170,209,SX200,MKJL0
313170,313483,313,SI1730,MKJL0
313483,313650,167,SX380,MKJL0
313650,313794,144,SI745,MREB0
313794,314055,261,SA1,MREB0
314055,314257,202,SX115,MREB0
314257,314501,244,SX205,MREB0
314501,314689,188,SA2,MREB0
314689,314864,175,SX25,MREB0
314864,315263,399,SI2005,MREB0
315263,315515,252,SX295,MREB0
315515,315868,353,SI1375,MREB0
315868,316017,149,SX385,MREB0
316017,316440,423,SA1,FDAC1
316440,316763,323,SX34,FDAC1
316763,316982,219,SX124,FDAC1
316982,317315,333,SA2,FDAC1
317315,317652,337,SX304,FDAC1
317652,318247,595,SI844,FDAC1
318247,318616,369,SI2104,FDAC1
318616,318970,354,SI1474,FDAC1
318970,319325,355,SX214,FDAC1
319325,319633,308,SX394,FDAC1
319633,319906,273,SA1,MJAR0
319906,320305,399,SI728,MJAR0
320305,320506,201,SI1988,MJAR0
320506,320747,241,SA2,MJAR0
320747,320902,155,SX98,MJAR0
320902,321011,109,SI2247,MJAR0
321011,321280,269,SX368,MJAR0
321280,321573,293,SX278,MJAR0
321573,321775,202,SX188,MJAR0
321775,321974,199,SX8,MJAR0
321974,322288,314,SA1,MLNT0
322288,322475,187,SX192,MLNT0
322475,322661,186,SX12,MLNT0
322661,323044,383,SI1574,MLNT0
323044,323372,328,SI642,MLNT0
323372,323601,229,SA2,MLNT0
323601,323857,256,SX282,MLNT0
323857,324151,294,SX102,MLNT0
324151,324301,150,SI1902,MLNT0
324301,324550,249,SX372,MLNT0
324550,324814,264,SI551,FJMG0
324814,325105,291,SA1,FJMG0
325105,325467,362,SX101,FJMG0
325467,325644,177,SX11,FJMG0
325644,325882,238,SI1811,FJMG0
325882,326130,248,SA2,FJMG0
326130,326392,262,SX191,FJMG0
326392,326704,312,SX281,FJMG0
326704,327057,353,SI1181,FJMG0
327057,327347,290,SX371,FJMG0
327347,327627,280,SA1,FSEM0
327627,327869,242,SX28,FSEM0
327869,328168,299,SI568,FSEM0
328168,328416,248,SA2,FSEM0
328416,328631,215,SI1198,FSEM0
328631,329039,408,SI1828,FSEM0
329039,329285,246,SX298,FSEM0
329285,329601,316,SX388,FSEM0
329601,329791,190,SX118,FSEM0
329791,330040,249,SX208,FSEM0
330040,330307,267,SX284,MCHH0
330307,330555,248,SA1,MCHH0
330555,330792,237,SX14,MCHH0
330792,330993,201,SI1634,MCHH0
330993,331312,319,SI530,MCHH0
331312,331528,216,SA2,MCHH0
331528,331873,345,SI1004,MCHH0
331873,332037,164,SX374,MCHH0
332037,332180,143,SX194,MCHH0
332180,332342,162,SX104,MCHH0
332342,332602,260,SA1,MGJF0
332602,332895,293,SX101,MGJF0
332895,333024,129,SX11,MGJF0
333024,333205,181,SA2,MGJF0
333205,333400,195,SX191,MGJF0
333400,333819,419,SI641,MGJF0
333819,333961,142,SI776,MGJF0
333961,334238,277,SX281,MGJF0
334238,334486,248,SI1901,MGJF0
334486,334754,268,SX371,MGJF0
334754,334984,230,SA1,MJDH0
334984,335190,206,SI724,MJDH0
335190,335544,354,SX364,MJDH0
335544,335763,219,SX94,MJDH0
335763,335870,107,SI1984,MJDH0
335870,336256,386,SI1354,MJDH0
336256,336445,189,SA2,MJDH0
336445,336617,172,SX184,MJDH0
336617,336803,186,SX4,MJDH0
336803,337054,251,SX274,MJDH0
337054,337397,343,SA1,MERS0
337397,337621,224,SX299,MERS0
337621,337867,246,SA2,MERS0
337867,338001,134,SI1649,MERS0
338001,338223,222,SX119,MERS0
338223,338421,198,SX29,MERS0
338421,338679,258,SX389,MERS0
338679,338906,227,SX209,MERS0
338906,339164,258,SI1019,MERS0
339164,339547,383,SI497,MERS0
339547,339790,243,SA1,FLNH0
339790,340017,227,SX404,FLNH0
340017,340226,209,SI1214,FLNH0
340226,340566,340,SI941,FLNH0
340566,340756,190,SX44,FLNH0
340756,341024,268,SX134,FLNH0
341024,341248,224,SA2,FLNH0
341248,341459,211,SI584,FLNH0
341459,341717,258,SX314,FLNH0
341717,341857,140,SX224,FLNH0
341857,342096,239,SA1,MRJM4
342096,342339,243,SX409,MRJM4
342339,342544,205,SX49,MRJM4
342544,342728,184,SA2,MRJM4
342728,342845,117,SX229,MRJM4
342845,342997,152,SI1489,MRJM4
342997,343345,348,SI859,MRJM4
343345,343561,216,SX139,MRJM4
343561,343762,201,SX319,MRJM4
343762,343941,179,SI2119,MRJM4
343941,344141,200,SI2259,MDAC2
344141,344373,232,SA1,MDAC2
344373,344544,171,SI999,MDAC2
344544,344751,207,SX189,MDAC2
344751,344955,204,SA2,MDAC2
344955,345097,142,SX9,MDAC2
345097,345299,202,SX99,MDAC2
345299,345475,176,SX369,MDAC2
345475,345826,351,SI560,MDAC2
345826,346071,245,SX279,MDAC2
346071,346341,270,SX284,FDRD1
346341,346621,280,SA1,FDRD1
346621,346865,244,SX14,FDRD1
346865,347273,408,SI2149,FDRD1
347273,347480,207,SI1544,FDRD1
347480,347716,236,SA2,FDRD1
347716,348094,378,SI1566,FDRD1
348094,348275,181,SX374,FDRD1
348275,348455,180,SX194,FDRD1
348455,348608,153,SX104,FDRD1
348608,348838,230,SA1,MGLB0
348838,349161,323,SX364,MGLB0
349161,349356,195,SX94,MGLB0
349356,349537,181,SA2,MGLB0
349537,349720,183,SX184,MGLB0
349720,350018,298,SI904,MGLB0
350018,350124,106,SI2164,MGLB0
350124,350319,195,SX4,MGLB0
350319,350522,203,SX274,MGLB0
350522,350835,313,SI1534,MGLB0
350835,351119,284,SA1,MBJK0
351119,351389,270,SX95,MBJK0
351389,351535,146,SX5,MBJK0
351535,351758,223,SA2,MBJK0
351758,351934,176,SX185,MBJK0
351934,352281,347,SX365,MBJK0
352281,352599,318,SI1175,MBJK0
352599,352974,375,SI2128,MBJK0
352974,353136,162,SI545,MBJK0
353136,353373,237,SX275,MBJK0
353373,353547,174,SI2254,MTDT0
353547,353828,281,SA1,MTDT0
353828,354092,264,SI994,MTDT0
354092,354491,399,SX364,MTDT0
354491,354848,357,SI1994,MTDT0
354848,355060,212,SX94,MTDT0
355060,355286,226,SA2,MTDT0
355286,355499,213,SX184,MTDT0
355499,355731,232,SX4,MTDT0
355731,355988,257,SX274,MTDT0
355988,356239,251,SX413,MDLF0
356239,356539,300,SA1,MDLF0
356539,356761,222,SX323,MDLF0
356761,356993,232,SX143,MDLF0
356993,357365,372,SI953,MDLF0
357365,357562,197,SA2,MDLF0
357562,357806,244,SX53,MDLF0
357806,358013,207,SI1583,MDLF0
358013,358170,157,SI2213,MDLF0
358170,358360,190,SX233,MDLF0
358360,358727,367,SA1,FRAM1
358727,359020,293,SX100,FRAM1
359020,359326,306,SX190,FRAM1
359326,359599,273,SX370,FRAM1
359599,359864,265,SA2,FRAM1
359864,360112,248,SI1360,FRAM1
360112,360610,498,SI522,FRAM1
360610,360809,199,SX280,FRAM1
360809,361041,232,SX10,FRAM1
361041,361398,357,SI730,FRAM1
361398,361702,304,SA1,MPLB0
361702,361969,267,SX404,MPLB0
361969,362226,257,SI2024,MPLB0
362226,362441,215,SX44,MPLB0
362441,362762,321,SX134,MPLB0
362762,363025,263,SA2,MPLB0
363025,363517,492,SI764,MPLB0
363517,363764,247,SI1394,MPLB0
363764,364079,315,SX314,MPLB0
364079,364232,153,SX224,MPLB0
364232,364478,246,SA1,MGMM0
364478,364754,276,SX409,MGMM0
364754,365057,303,SX49,MGMM0
365057,365283,226,SA2,MGMM0
365283,365484,201,SI499,MGMM0
365484,365628,144,SX229,MGMM0
365628,365934,306,SI1129,MGMM0
365934,366160,226,SI1759,MGMM0
366160,366384,224,SX139,MGMM0
366384,366654,270,SX319,MGMM0
366654,366920,266,SA1,MBNS0
366920,367169,249,SX50,MBNS0
367169,367387,218,SA2,MBNS0
367387,367613,226,SI1220,MBNS0
367613,367866,253,SX140,MBNS0
367866,368123,257,SX230,MBNS0
368123,368372,249,SX320,MBNS0
368372,368697,325,SI590,MBNS0
368697,368909,212,SX410,MBNS0
368909,369052,143,SI1850,MBNS0
369052,369304,252,SA1,MCTT0
369304,369483,179,SX28,MCTT0
369483,369695,212,SI2188,MCTT0
369695,370023,328,SI928,MCTT0
370023,370212,189,SA2,MCTT0
370212,370436,224,SX298,MCTT0
370436,370685,249,SX388,MCTT0
370685,370868,183,SX118,MCTT0
370868,371010,142,SI1144,MCTT0
371010,371232,222,SX208,MCTT0
371232,371526,294,SA1,FGJD0
371526,371690,164,SI1179,FGJD0
371690,372134,444,SI818,FGJD0
372134,372396,262,SX189,FGJD0
372396,372639,243,SA2,FGJD0
372639,372819,180,SX9,FGJD0
372819,373080,261,SX99,FGJD0
373080,373307,227,SX369,FGJD0
373307,373720,413,SI549,FGJD0
373720,374030,310,SX279,FGJD0
374030,374310,280,SA1,FMML0
374310,374546,236,SI2300,FMML0
374546,374803,257,SX50,FMML0
374803,375039,236,SI1670,FMML0
375039,375251,212,SA2,FMML0
375251,375540,289,SX140,FMML0
375540,375837,297,SX230,FMML0
375837,376091,254,SX320,FMML0
376091,376365,274,SI1040,FMML0
376365,376580,215,SX410,FMML0
376580,376888,308,SA1,MJVW0
376888,377155,267,SX293,MJVW0
377155,377506,351,SI1733,MJVW0
377506,377746,240,SX383,MJVW0
377746,377963,217,SX203,MJVW0
377963,378226,263,SI473,MJVW0
378226,378466,240,SA2,MJVW0
378466,378632,166,SI1758,MJVW0
378632,378854,222,SX23,MJVW0
378854,379072,218,SX113,MJVW0
379072,379390,318,SA1,FAKS0
379390,379656,266,SX133,FAKS0
379656,380054,398,SI1573,FAKS0
380054,380345,291,SA2,FAKS0
380345,380627,282,SI2203,FAKS0
380627,380896,269,SX403,FAKS0
380896,381144,248,SX223,FAKS0
381144,381341,197,SX43,FAKS0
381341,381642,301,SI943,FAKS0
381642,381926,284,SX313,FAKS0
381926,382082,156,SI1809,MRJM3
382082,382398,316,SA1,MRJM3
382398,382817,419,SI1448,MRJM3
382817,383058,241,SA2,MRJM3
383058,383215,157,SX98,MRJM3
383215,383531,316,SX368,MRJM3
383531,383725,194,SI2078,MRJM3
383725,384037,312,SX278,MRJM3
384037,384266,229,SX188,MRJM3
384266,384466,200,SX8,MRJM3
384466,384772,306,SI460,MHPG0
384772,385027,255,SA1,MHPG0
385027,385227,200,SX100,MHPG0
385227,385444,217,SX190,MHPG0
385444,385668,224,SX370,MHPG0
385668,385889,221,SA2,MHPG0
385889,386075,186,SI1720,MHPG0
386075,386367,292,SI1090,MHPG0
386367,386502,135,SX280,MHPG0
386502,386731,229,SX10,MHPG0
386731,387014,283,SA1,MRJR0
387014,387240,226,SX192,MRJR0
387240,387412,172,SX12,MRJR0
387412,387663,251,SA2,MRJR0
387663,387931,268,SX282,MRJR0
387931,388225,294,SX102,MRJR0
388225,388671,446,SI2313,MRJR0
388671,388909,238,SI1812,MRJR0
388909,389160,251,SX372,MRJR0
389160,389380,220,SI1182,MRJR0
389380,389634,254,SA1,MJRF0
389634,389930,296,SX101,MJRF0
389930,390090,160,SX11,MJRF0
390090,390192,102,SI1114,MJRF0
390192,390488,296,SI821,MJRF0
390488,390676,188,SA2,MJRF0
390676,390895,219,SX191,MJRF0
390895,391150,255,SX281,MJRF0
391150,391384,234,SX371,MJRF0
391384,391713,329,SI2081,MJRF0
391713,392009,296,SA1,MNJM0
392009,392249,240,SI1580,MNJM0
392249,392521,272,SX50,MNJM0
392521,392684,163,SI2210,MNJM0
392684,392932,248,SA2,MNJM0
392932,393164,232,SX140,MNJM0
393164,393449,285,SX230,MNJM0
393449,393754,305,SX320,MNJM0
393754,394192,438,SI950,MNJM0
394192,394413,221,SX410,MNJM0
394413,394663,250,SA1,MWEW0
394663,394867,204,SI1361,MWEW0
394867,395182,315,SX101,MWEW0
395182,395317,135,SX11,MWEW0
395317,395640,323,SI1991,MWEW0
395640,395878,238,SA2,MWEW0
395878,396038,160,SI731,MWEW0
396038,396241,203,SX191,MWEW0
396241,396509,268,SX281,MWEW0
396509,396741,232,SX371,MWEW0
396741,396968,227,SA1,MBPM0
396968,397266,298,SX137,MBPM0
397266,397424,158,SI1577,MBPM0
397424,397728,304,SI1584,MBPM0
397728,397914,186,SA2,MBPM0
397914,398162,248,SI947,MBPM0
398162,398335,173,SX47,MBPM0
398335,398539,204,SX407,MBPM0
398539,398681,142,SX227,MBPM0
398681,398868,187,SX317,MBPM0
398868,399113,245,SA1,MTWH0
399113,399422,309,SI1190,MTWH0
399422,399570,148,SI1629,MTWH0
399570,399826,256,SX20,MTWH0
399826,400134,308,SX290,MTWH0
400134,400360,226,SA2,MTWH0
400360,400593,233,SX110,MTWH0
400593,400810,217,SX200,MTWH0
400810,401116,306,SI1820,MTWH0
401116,401280,164,SX380,MTWH0
401280,401537,257,SA1,MMJR0
401537,401763,226,SI2166,MMJR0
401763,401955,192,SX28,MMJR0
401955,402191,236,SA2,MMJR0
402191,402408,217,SI2278,MMJR0
402408,402680,272,SX298,MMJR0
402680,403062,382,SI1648,MMJR0
403062,403365,303,SX388,MMJR0
403365,403602,237,SX118,MMJR0
403602,403883,281,SX208,MMJR0
403883,404120,237,SA1,MNLS0
404120,404316,196,SX133,MNLS0
404316,404528,212,SI853,MNLS0
404528,404724,196,SA2,MNLS0
404724,404864,140,SI1483,MNLS0
404864,405088,224,SX403,MNLS0
405088,405437,349,SI1610,MNLS0
405437,405612,175,SX223,MNLS0
405612,405765,153,SX43,MNLS0
405765,405977,212,SX313,MNLS0
405977,406296,319,SA1,MDBB0
406296,406678,382,SI1825,MDBB0
406678,406940,262,SX115,MDBB0
406940,407191,251,SI1195,MDBB0
407191,407558,367,SI565,MDBB0
407558,407876,318,SX205,MDBB0
407876,408166,290,SA2,MDBB0
408166,408371,205,SX25,MDBB0
408371,408710,339,SX295,MDBB0
408710,408898,188,SX385,MDBB0
408898,409153,255,SA1,MTLS0
409153,409394,241,SX20,MTLS0
409394,409649,255,SX290,MTLS0
409649,409879,230,SI2000,MTLS0
409879,410111,232,SA2,MTLS0
410111,410439,328,SI1370,MTLS0
410439,410712,273,SX110,MTLS0
410712,410887,175,SI740,MTLS0
410887,411091,204,SX200,MTLS0
411091,411269,178,SX380,MTLS0
411269,411519,250,SA1,MKCH0
411519,411824,305,SI1378,MKCH0
411824,411951,127,SI2008,MKCH0
411951,412129,178,SX28,MKCH0
412129,412334,205,SA2,MKCH0
412334,412466,132,SI1425,MKCH0
412466,412693,227,SX298,MKCH0
412693,412933,240,SX388,MKCH0
412933,413127,194,SX118,MKCH0
413127,413357,230,SX208,MKCH0
413357,413643,286,SA1,MRGG0
413643,413806,163,SI1199,MRGG0
413806,414047,241,SX299,MRGG0
414047,414274,227,SA2,MRGG0
414274,414689,415,SI1829,MRGG0
414689,414908,219,SX119,MRGG0
414908,415109,201,SI569,MRGG0
415109,415308,199,SX29,MRGG0
415308,415536,228,SX389,MRGG0
415536,415769,233,SX209,MRGG0
