MFCC_start,MFCC_end,MFCC_length,Speaker
0,379,379,id00017
379,866,487,id00017
866,1312,446,id00017
1312,1702,390,id00017
1702,2102,400,id00017
2102,2497,395,id00017
2497,2815,318,id00017
2815,3517,702,id00017
3517,4111,594,id00017
4111,4542,431,id00017
4542,4983,441,id00017
4983,5337,354,id00017
5337,5691,354,id00017
5691,6081,390,id00017
6081,6476,395,id00017
6476,6968,492,id00017
6968,7737,769,id00017
7737,8209,472,id00017
8209,8670,461,id00017
8670,9147,477,id00017
9147,9485,338,id00017
9485,9936,451,id00017
9936,10356,420,id00017
10356,10720,364,id00017
10720,11038,318,id00017
11038,11392,354,id00017
11392,11756,364,id00017
11756,12176,420,id00017
12176,12514,338,id00017
12514,12837,323,id00017
12837,13447,610,id00017
13447,13990,543,id00017
13990,14451,461,id00017
14451,14815,364,id00017
14815,15143,328,id00017
15143,15461,318,id00017
15461,15851,390,id00017
15851,16271,420,id00017
16271,16609,338,id00017
16609,17040,431,id00017
17040,17588,548,id00017
17588,17983,395,id00017
17983,18419,436,id00017
18419,18763,344,id00017
18763,19296,533,id00017
19296,19686,390,id00017
19686,20122,436,id00017
20122,20619,497,id00017
20619,21039,420,id00017
21039,22058,1019,id00017
22058,22422,364,id00017
22422,22776,354,id00017
22776,23309,533,id00017
23309,23750,441,id00017
23750,24155,405,id00017
24155,24534,379,id00017
24534,24934,400,id00017
24934,25252,318,id00017
25252,25580,328,id00017
25580,26011,431,id00017
26011,26329,318,id00017
26329,26693,364,id00017
26693,27211,518,id00017
27211,27744,533,id00017
27744,28108,364,id00017
28108,28564,456,id00017
28564,29046,482,id00017
29046,29512,466,id00017
29512,29907,395,id00017
29907,30353,446,id00017
30353,30953,600,id00017
30953,31394,441,id00017
31394,31773,379,id00017
31773,32362,589,id00017
32362,33218,856,id00017
33218,33736,518,id00017
33736,34069,333,id00017
34069,34397,328,id00017
34397,35022,625,id00017
35022,35939,917,id00017
35939,36416,477,id00017
36416,36939,523,id00017
36939,37313,374,id00017
37313,38153,840,id00017
38153,38686,533,id00017
38686,39408,722,id00017
39408,39854,446,id00017
39854,40254,400,id00017
40254,40751,497,id00017
40751,41146,395,id00017
41146,41515,369,id00017
41515,41910,395,id00017
41910,42269,359,id00017
42269,42587,318,id00017
42587,43519,932,id00017
43519,44887,1368,id00017
44887,45323,436,id00017
45323,46327,1004,id00017
46327,47797,1470,id00017
47797,48115,318,id00017
48115,48448,333,id00017
48448,48817,369,id00017
48817,49555,738,id00017
49555,49929,374,id00017
49929,50314,385,id00017
50314,51282,968,id00017
51282,51697,415,id00017
51697,52179,482,id00017
52179,53572,1393,id00017
53572,53931,359,id00017
53931,54341,410,id00017
54341,54726,385,id00017
54726,55064,338,id00017
55064,55459,395,id00017
55459,56519,1060,id00017
56519,57072,553,id00017
57072,57876,804,id00017
57876,58261,385,id00017
58261,60678,2417,id00017
60678,61319,641,id00017
61319,61934,615,id00017
61934,62278,344,id00017
62278,62622,344,id00017
62622,63140,518,id00017
63140,63658,518,id00017
63658,63996,338,id00017
63996,64360,364,id00017
64360,65088,728,id00017
65088,65575,487,id00017
65575,65919,344,id00017
65919,66375,456,id00017
66375,66744,369,id00017
66744,67574,830,id00017
67574,69029,1455,id00017
69029,69434,405,id00017
69434,69824,390,id00017
69824,71355,1531,id00017
71355,71801,446,id00017
71801,72180,379,id00017
72180,72652,472,id00017
72652,73011,359,id00017
73011,73401,390,id00017
73401,73765,364,id00017
73765,74155,390,id00017
74155,75139,984,id00017
75139,75739,600,id00017
75739,77501,1762,id00017
77501,77845,344,id00017
77845,78690,845,id00017
78690,79121,431,id00017
79121,79884,763,id00017
79884,80965,1081,id00017
80965,82563,1598,id00017
82563,83495,932,id00017
83495,84540,1045,id00017
84540,84976,436,id00017
84976,85581,605,id00017
85581,85899,318,id00017
85899,86719,820,id00017
86719,88030,1311,id00017
88030,88507,477,id00017
88507,89127,620,id00017
89127,90469,1342,id00017
90469,90910,441,id00017
90910,91545,635,id00017
91545,92119,574,id00017
92119,92667,548,id00017
92667,93036,369,id00017
93036,93390,354,id00017
93390,94281,891,id00017
94281,95377,1096,id00017
95377,95905,528,id00017
95905,96592,687,id00017
96592,97238,646,id00017
97238,97566,328,id00017
97566,97915,349,id00017
97915,98371,456,id00017
98371,99109,738,id00017
99109,99504,395,id00017
99504,99863,359,id00017
99863,100227,364,id00017
100227,100955,728,id00017
100955,101273,318,id00017
101273,101745,472,id00061
101745,102083,338,id00061
102083,102452,369,id00061
102452,102857,405,id00061
102857,103195,338,id00061
103195,103585,390,id00061
103585,104098,513,id00061
104098,104657,559,id00061
104657,105077,420,id00061
105077,107074,1997,id00061
107074,108150,1076,id00061
108150,108468,318,id00061
108468,109283,815,id00061
109283,110154,871,id00061
110154,110651,497,id00061
110651,111517,866,id00061
111517,112117,600,id00061
112117,112486,369,id00061
112486,113086,600,id00061
113086,113455,369,id00061
113455,114121,666,id00061
114121,114485,364,id00061
114485,115008,523,id00061
115008,115910,902,id00061
115910,117139,1229,id00061
117139,117708,569,id00061
117708,118231,523,id00061
118231,118779,548,id00061
118779,119143,364,id00061
119143,119727,584,id00061
119727,121013,1286,id00061
121013,121346,333,id00061
121346,122294,948,id00061
122294,122699,405,id00061
122699,124358,1659,id00061
124358,125229,871,id00061
125229,125875,646,id00061
125875,126469,594,id00061
126469,126854,385,id00061
126854,127244,390,id00061
127244,128289,1045,id00061
128289,128771,482,id00061
128771,129227,456,id00061
129227,129668,441,id00061
129668,130288,620,id00061
130288,130667,379,id00061
130667,131395,728,id00061
131395,131805,410,id00061
131805,132579,774,id00061
132579,132984,405,id00061
132984,133901,917,id00061
133901,134255,354,id00061
134255,134727,472,id00061
134727,135091,364,id00061
135091,135511,420,id00061
135511,136264,753,id00061
136264,136684,420,id00061
136684,137944,1260,id00061
137944,138267,323,id00061
138267,139553,1286,id00061
139553,139968,415,id00061
139968,140399,431,id00061
140399,142545,2146,id00061
142545,144599,2054,id00061
144599,146048,1449,id00061
146048,146514,466,id00061
146514,147149,635,id00061
147149,147974,825,id00061
147974,149147,1173,id00061
149147,149608,461,id00061
149608,150254,646,id00061
150254,151514,1260,id00061
151514,152395,881,id00061
152395,153148,753,id00061
153148,153947,799,id00061
153947,154337,390,id00061
154337,156375,2038,id00061
156375,159023,2648,id00061
159023,159377,354,id00061
159377,160688,1311,id00061
160688,161349,661,id00061
161349,161728,379,id00061
161728,162548,820,id00061
162548,163337,789,id00061
163337,165140,1803,id00061
165140,165786,646,id00061
165786,166652,866,id00061
166652,167636,984,id00061
167636,168799,1163,id00061
168799,169885,1086,id00061
169885,171073,1188,id00061
171073,171560,487,id00061
171560,172656,1096,id00061
172656,173435,779,id00061
173435,174239,804,id00061
174239,174880,641,id00061
174880,175341,461,id00061
175341,175920,579,id00061
175920,176479,559,id00061
176479,177227,748,id00061
177227,177704,477,id00061
177704,178094,390,id00061
178094,178504,410,id00061
178504,178919,415,id00061
178919,179237,318,id00061
179237,179606,369,id00061
179606,179960,354,id00061
179960,180278,318,id00061
180278,181006,728,id00061
181006,182425,1419,id00061
182425,183101,676,id00061
183101,183864,763,id00061
183864,184356,492,id00061
184356,185037,681,id00061
185037,185411,374,id00061
185411,186343,932,id00061
186343,187024,681,id00061
187024,187992,968,id00061
187992,189293,1301,id00061
189293,189928,635,id00061
189928,190794,866,id00061
190794,191445,651,id00061
191445,191958,513,id00061
191958,192404,446,id00061
192404,192911,507,id00061
192911,193429,518,id00061
193429,194039,610,id00061
194039,194941,902,id00061
194941,195571,630,id00061
195571,196002,431,id00061
196002,196837,835,id00061
196837,197186,349,id00061
197186,197555,369,id00061
197555,198257,702,id00061
198257,198652,395,id00061
198652,199441,789,id00061
199441,200947,1506,id00061
200947,201270,323,id00061
201270,201839,569,id00061
201839,202234,395,id00061
202234,202972,738,id00061
202972,203423,451,id00061
203423,204125,702,id00061
204125,205390,1265,id00061
205390,205713,323,id00061
205713,206154,441,id00061
206154,206672,518,id00061
206672,207036,364,id00061
207036,207569,533,id00061
207569,208419,850,id00061
208419,208788,369,id00061
208788,209173,385,id00061
209173,209911,738,id00061
209911,210229,318,id00061
210229,211146,917,id00061
211146,211955,809,id00061
211955,212396,441,id00061
212396,212729,333,id00061
212729,213206,477,id00061
213206,213867,661,id00061
213867,214246,379,id00061
214246,214574,328,id00061
214574,215215,641,id00061
215215,215907,692,id00061
215907,216496,589,id00061
216496,217157,661,id00061
217157,217905,748,id00061
217905,218325,420,id00061
218325,219078,753,id00061
219078,219498,420,id00061
219498,219877,379,id00061
219877,220221,344,id00061
220221,220693,472,id00061
220693,221902,1209,id00061
221902,223029,1127,id00061
223029,223874,845,id00061
223874,224586,712,id00061
224586,225293,707,id00061
225293,225739,446,id00061
225739,227025,1286,id00061
227025,227773,748,id00061
227773,228977,1204,id00061
228977,229356,379,id00061
229356,229981,625,id00061
229981,230826,845,id00061
230826,231205,379,id00061
231205,231584,379,id00061
231584,232271,687,id00061
232271,234156,1885,id00061
234156,235380,1224,id00061
235380,237889,2509,id00061
237889,238381,492,id00061
238381,238760,379,id00061
238760,239104,344,id00061
239104,240820,1716,id00061
240820,241292,472,id00061
241292,241743,451,id00061
241743,242071,328,id00061
242071,242655,584,id00061
242655,244232,1577,id00061
244232,244919,687,id00061
244919,245247,328,id00061
245247,246773,1526,id00061
246773,248028,1255,id00061
248028,248843,815,id00061
248843,249494,651,id00061
249494,251619,2125,id00061
251619,252316,697,id00061
252316,252859,543,id00061
252859,253331,472,id00061
253331,256214,2883,id00061
256214,256778,564,id00061
256778,257301,523,id00061
257301,257639,338,id00061
257639,257993,354,id00061
257993,258890,897,id00061
258890,259259,369,id00061
259259,259843,584,id00061
259843,260540,697,id00061
260540,261534,994,id00061
261534,262236,702,id00061
262236,264341,2105,id00061
264341,266000,1659,id00061
266000,266671,671,id00061
266671,267552,881,id00061
267552,268070,518,id00061
268070,268439,369,id00061
268439,269049,610,id00061
269049,271082,2033,id00061
271082,272270,1188,id00061
272270,272875,605,id00061
272875,273536,661,id00061
273536,274914,1378,id00061
274914,276691,1777,id00061
276691,279374,2683,id00061
279374,279974,600,id00061
279974,280394,420,id00061
280394,280758,364,id00061
280758,281301,543,id00061
281301,281824,523,id00061
281824,282219,395,id00061
282219,282839,620,id00061
282839,283326,487,id00061
283326,283690,364,id00061
283690,284136,446,id00061
284136,284659,523,id00061
284659,285100,441,id00061
285100,286017,917,id00061
286017,286366,349,id00061
286366,286689,323,id00061
286689,287027,338,id00061
287027,287560,533,id00061
287560,288810,1250,id00061
288810,289164,354,id00061
289164,289825,661,id00061
289825,290481,656,id00061
290481,290901,420,id00061
290901,291316,415,id00061
291316,292054,738,id00061
292054,292858,804,id00061
292858,293314,456,id00061
293314,293678,364,id00061
293678,294426,748,id00061
294426,294785,359,id00061
294785,295108,323,id00061
295108,295610,502,id00061
295610,295938,328,id00061
295938,296302,364,id00061
296302,296630,328,id00061
296630,297301,671,id00061
297301,297814,513,id00061
297814,298982,1168,id00061
298982,299807,825,id00061
299807,300253,446,id00061
300253,300981,728,id00061
300981,301760,779,id00061
301760,302447,687,id00061
302447,302775,328,id00061
302775,304056,1281,id00061
304056,304825,769,id00061
304825,305445,620,id00061
305445,305963,518,id00061
305963,306353,390,id00061
306353,307132,779,id00061
307132,307460,328,id00061
307460,307783,323,id00061
307783,308280,497,id00061
308280,309422,1142,id00061
309422,309766,344,id00081
309766,310171,405,id00081
310171,311242,1071,id00081
311242,311944,702,id00081
311944,312359,415,id00081
312359,312682,323,id00081
312682,313456,774,id00081
313456,313912,456,id00081
313912,314291,379,id00081
314291,314655,364,id00081
314655,315065,410,id00081
315065,315460,395,id00081
315460,315988,528,id00081
315988,316378,390,id00081
316378,316757,379,id00081
316757,317316,559,id00081
317316,317644,328,id00081
317644,318018,374,id00081
318018,318781,763,id00081
318781,319135,354,id00081
319135,320129,994,id00081
320129,320473,344,id00081
320473,320904,431,id00081
320904,321350,446,id00081
321350,321694,344,id00081
321694,322212,518,id00081
322212,322940,728,id00081
322940,324538,1598,id00081
324538,325189,651,id00081
325189,325533,344,id00081
325533,326322,789,id00081
326322,326650,328,id00081
326650,327270,620,id00081
327270,327870,600,id00081
327870,328454,584,id00081
328454,328792,338,id00081
328792,329479,687,id00081
329479,329925,446,id00081
329925,330540,615,id00081
330540,331037,497,id00081
331037,331509,472,id00081
331509,331888,379,id00081
331888,332267,379,id00081
332267,332739,472,id00081
332739,333190,451,id00081
333190,333605,415,id00081
333605,334235,630,id00081
334235,335372,1137,id00081
335372,335726,354,id00081
335726,336095,369,id00081
336095,336428,333,id00081
336428,336894,466,id00081
336894,337360,466,id00081
337360,337893,533,id00081
337893,338308,415,id00081
338308,339379,1071,id00081
339379,339902,523,id00081
339902,340220,318,id00081
340220,340538,318,id00081
340538,340928,390,id00081
340928,341942,1014,id00081
341942,342603,661,id00081
342603,343331,728,id00081
343331,344494,1163,id00081
344494,344904,410,id00081
344904,345498,594,id00081
345498,345842,344,id00081
345842,346232,390,id00081
346232,346581,349,id00081
346581,347073,492,id00081
347073,347514,441,id00081
347514,347904,390,id00081
347904,348309,405,id00081
348309,348791,482,id00081
348791,349314,523,id00081
349314,349632,318,id00081
349632,349965,333,id00081
349965,350396,431,id00081
350396,350827,431,id00081
350827,351191,364,id00081
351191,351919,728,id00081
351919,352350,431,id00081
352350,352735,385,id00081
352735,353099,364,id00081
353099,353509,410,id00081
353509,354032,523,id00081
354032,354350,318,id00081
354350,354883,533,id00081
354883,355273,390,id00081
355273,355739,466,id00081
355739,356118,379,id00081
356118,356733,615,id00081
356733,357230,497,id00081
357230,358009,779,id00081
358009,358491,482,id00081
358491,359137,646,id00081
359137,360510,1373,id00081
360510,361017,507,id00081
361017,361448,431,id00081
361448,362145,697,id00081
362145,362483,338,id00081
362483,363589,1106,id00081
363589,363999,410,id00081
363999,364701,702,id00081
364701,365142,441,id00081
365142,365818,676,id00081
365818,366310,492,id00081
366310,366894,584,id00081
366894,367391,497,id00081
367391,367765,374,id00081
367765,368109,344,id00081
368109,368499,390,id00081
368499,369083,584,id00081
369083,369524,441,id00081
369524,370042,518,id00081
370042,370437,395,id00081
370437,371339,902,id00081
371339,372015,676,id00081
372015,372538,523,id00081
372538,373199,661,id00081
373199,373778,579,id00081
373778,374280,502,id00081
374280,374762,482,id00081
374762,375121,359,id00081
375121,375526,405,id00081
375526,375870,344,id00081
375870,376188,318,id00081
376188,376619,431,id00081
376619,377039,420,id00081
377039,377490,451,id00081
377490,377813,323,id00081
377813,378157,344,id00081
378157,378536,379,id00081
378536,378946,410,id00081
378946,379290,344,id00081
379290,379787,497,id00081
379787,380284,497,id00081
380284,380802,518,id00081
380802,381146,344,id00081
381146,381664,518,id00081
381664,382018,354,id00081
382018,382443,425,id00081
382443,382817,374,id00081
382817,383324,507,id00081
383324,383965,641,id00081
383965,384544,579,id00081
384544,385138,594,id00081
385138,385748,610,id00081
385748,386086,338,id00081
386086,386865,779,id00081
386865,387326,461,id00081
387326,387705,379,id00081
387705,388136,431,id00081
388136,388618,482,id00081
388618,388946,328,id00081
388946,389397,451,id00081
389397,389889,492,id00081
389889,390437,548,id00081
390437,390801,364,id00081
390801,391226,425,id00081
391226,391621,395,id00081
391621,392159,538,id00081
392159,393250,1091,id00081
393250,393665,415,id00081
393665,394285,620,id00081
394285,394910,625,id00081
394910,395888,978,id00081
395888,397230,1342,id00081
397230,397599,369,id00081
397599,397922,323,id00081
397922,398266,344,id00081
398266,398620,354,id00081
398620,398984,364,id00081
398984,399450,466,id00081
399450,400229,779,id00081
400229,400660,431,id00081
400660,401173,513,id00081
401173,401491,318,id00081
401491,401809,318,id00081
401809,402240,431,id00081
402240,402630,390,id00081
402630,403045,415,id00081
403045,403860,815,id00081
403860,404245,385,id00081
404245,404624,379,id00081
404624,404988,364,id00081
404988,405352,364,id00081
405352,405813,461,id00081
405813,406167,354,id00081
406167,406598,431,id00081
406598,407054,456,id00081
407054,407833,779,id00081
407833,408177,344,id00081
408177,408771,594,id00081
408771,409801,1030,id00081
409801,410447,646,id00081
410447,411144,697,id00081
411144,411544,400,id00081
411544,411985,441,id00081
411985,412999,1014,id00081
412999,413491,492,id00081
413491,414019,528,id00081
414019,414347,328,id00081
414347,414819,472,id00081
414819,415178,359,id00081
415178,415552,374,id00081
415552,415962,410,id00081
415962,416562,600,id00081
416562,417136,574,id00081
417136,417459,323,id00081
417459,417777,318,id00081
417777,418243,466,id00081
418243,418638,395,id00081
418638,419130,492,id00081
419130,419448,318,id00081
419448,419971,523,id00081
419971,420289,318,id00081
420289,420858,569,id00081
420858,421202,344,id00081
421202,421837,635,id00081
421837,422216,379,id00081
422216,422764,548,id00081
422764,423512,748,id00081
423512,423866,354,id00081
423866,424947,1081,id00081
424947,425285,338,id00081
425285,425690,405,id00081
425690,426269,579,id00081
426269,426782,513,id00081
426782,427259,477,id00081
427259,427725,466,id00081
427725,428094,369,id00081
428094,428499,405,id00081
428499,428904,405,id00081
428904,429355,451,id00081
429355,429796,441,id00081
429796,430134,338,id00081
430134,430626,492,id00081
430626,430980,354,id00081
430980,431452,472,id00081
431452,431898,446,id00081
431898,432436,538,id00081
432436,432867,431,id00081
432867,433236,369,id00081
433236,433656,420,id00081
433656,433984,328,id00081
433984,434589,605,id00081
434589,435004,415,id00081
435004,435368,364,id00081
435368,435712,344,id00081
435712,436127,415,id00081
436127,436593,466,id00081
436593,436988,395,id00081
436988,437741,753,id00081
437741,438335,594,id00081
438335,438766,431,id00081
438766,439110,344,id00081
439110,439576,466,id00081
439576,439966,390,id00081
439966,440294,328,id00081
440294,440776,482,id00081
440776,441181,405,id00081
441181,441504,323,id00081
441504,442088,584,id00081
442088,442457,369,id00081
442457,443077,620,id00081
443077,444363,1286,id00081
444363,445229,866,id00081
445229,445711,482,id00081
445711,446177,466,id00081
446177,446771,594,id00081
446771,447534,763,id00081
447534,448297,763,id00081
448297,448891,594,id00081
448891,449255,364,id00081
449255,449650,395,id00081
449650,450255,605,id00081
450255,450599,344,id00081
450599,451030,431,id00081
451030,452034,1004,id00081
452034,452383,349,id00081
452383,452957,574,id00081
452957,453685,728,id00081
453685,454151,466,id00081
454151,454495,344,id00081
454495,454833,338,id00081
454833,455166,333,id00081
455166,455699,533,id00081
455699,456073,374,id00081
456073,456642,569,id00081
456642,457323,681,id00081
457323,457682,359,id00081
457682,458031,349,id00081
458031,458544,513,id00081
458544,459261,717,id00081
459261,460076,815,id00081
460076,460435,359,id00081
460435,460789,354,id00081
460789,461179,390,id00081
461179,461635,456,id00081
461635,461973,338,id00081
461973,462434,461,id00081
462434,462875,441,id00081
462875,463208,333,id00081
463208,463674,466,id00081
463674,464043,369,id00081
464043,464397,354,id00081
464397,464720,323,id00081
464720,465125,405,id00081
465125,465494,369,id00154
465494,465873,379,id00154
465873,466370,497,id00154
466370,466698,328,id00154
466698,467257,559,id00154
467257,467667,410,id00154
467667,467985,318,id00154
467985,468329,344,id00154
468329,468734,405,id00154
468734,469415,681,id00154
469415,469759,344,id00154
469759,470149,390,id00154
470149,470718,569,id00154
470718,471113,395,id00154
471113,471569,456,id00154
471569,471933,364,id00154
471933,472451,518,id00154
472451,472892,441,id00154
472892,473312,420,id00154
473312,473743,431,id00154
473743,474163,420,id00154
474163,474732,569,id00154
474732,475460,728,id00154
475460,476136,676,id00154
476136,476587,451,id00154
476587,476915,328,id00154
476915,477305,390,id00154
477305,477623,318,id00154
477623,477972,349,id00154
477972,478566,594,id00154
478566,478940,374,id00154
478940,479294,354,id00154
479294,480057,763,id00154
480057,480902,845,id00154
480902,481297,395,id00154
481297,481758,461,id00154
481758,482153,395,id00154
482153,482497,344,id00154
482497,482815,318,id00154
482815,483159,344,id00154
483159,483513,354,id00154
483513,483990,477,id00154
483990,484810,820,id00154
484810,485297,487,id00154
485297,485763,466,id00154
485763,486567,804,id00154
486567,487115,548,id00154
487115,487535,420,id00154
487535,487884,349,id00154
487884,488233,349,id00154
488233,488699,466,id00154
488699,489017,318,id00154
489017,489688,671,id00154
489688,490057,369,id00154
490057,490426,369,id00154
490426,491271,845,id00154
491271,492157,886,id00154
492157,492639,482,id00154
492639,493018,379,id00154
493018,493408,390,id00154
493408,494202,794,id00154
494202,494520,318,id00154
494520,494848,328,id00154
494848,495192,344,id00154
495192,495740,548,id00154
495740,496872,1132,id00154
496872,497297,425,id00154
497297,498537,1240,id00154
498537,499009,472,id00154
499009,499460,451,id00154
499460,499952,492,id00154
499952,500280,328,id00154
500280,500598,318,id00154
500598,501126,528,id00154
501126,501587,461,id00154
501587,501951,364,id00154
501951,502402,451,id00154
502402,502899,497,id00154
502899,503253,354,id00154
503253,503591,338,id00154
503591,504098,507,id00154
504098,504416,318,id00154
504416,504806,390,id00154
504806,505170,364,id00154
505170,505524,354,id00154
505524,505868,344,id00154
505868,506258,390,id00154
506258,506740,482,id00154
506740,507181,441,id00154
507181,507571,390,id00154
507571,508002,431,id00154
508002,508376,374,id00154
508376,508781,405,id00154
508781,509150,369,id00154
509150,509581,431,id00154
509581,509981,400,id00154
509981,510422,441,id00154
510422,511272,850,id00154
511272,511600,328,id00154
511600,511944,344,id00154
511944,512641,697,id00154
512641,512995,354,id00154
512995,513364,369,id00154
513364,513841,477,id00154
513841,514261,420,id00154
514261,514799,538,id00154
514799,515296,497,id00154
515296,515721,425,id00154
515721,516126,405,id00154
516126,516874,748,id00154
516874,517387,513,id00154
517387,517981,594,id00154
517981,518637,656,id00154
518637,519278,641,id00154
519278,519811,533,id00154
519811,520226,415,id00154
520226,520979,753,id00154
520979,521451,472,id00154
521451,522035,584,id00154
522035,522466,431,id00154
522466,522830,364,id00154
522830,523389,559,id00154
523389,523804,415,id00154
523804,524485,681,id00154
524485,524982,497,id00154
524982,525387,405,id00154
525387,525766,379,id00154
525766,526156,390,id00154
526156,526494,338,id00154
526494,527129,635,id00154
527129,527882,753,id00154
527882,528620,738,id00154
528620,528974,354,id00154
528974,529389,415,id00154
529389,530229,840,id00154
530229,530931,702,id00154
530931,531269,338,id00154
531269,531843,574,id00154
531843,532427,584,id00154
532427,532817,390,id00154
532817,533330,513,id00154
533330,533822,492,id00154
533822,534263,441,id00154
534263,534668,405,id00154
534668,535129,461,id00154
535129,535585,456,id00154
535585,536205,620,id00154
536205,536636,431,id00154
536636,537241,605,id00154
537241,537559,318,id00154
537559,538056,497,id00154
538056,538589,533,id00154
538589,538968,379,id00154
538968,539501,533,id00154
539501,540060,559,id00154
540060,540455,395,id00154
540455,540824,369,id00154
540824,541152,328,id00154
541152,541634,482,id00154
541634,542049,415,id00154
542049,542751,702,id00154
542751,543120,369,id00154
543120,543453,333,id00154
543453,543919,466,id00154
543919,544621,702,id00154
544621,545046,425,id00154
545046,545374,328,id00154
545374,545692,318,id00154
545692,546174,482,id00154
546174,546789,615,id00154
546789,547286,497,id00154
547286,547850,564,id00154
547850,548281,431,id00154
548281,548932,651,id00154
548932,549306,374,id00154
549306,549829,523,id00154
549829,550260,431,id00154
550260,550921,661,id00154
550921,551275,354,id00154
551275,551757,482,id00154
551757,552126,369,id00154
552126,552541,415,id00154
552541,552972,431,id00154
552972,553341,369,id00154
553341,553751,410,id00154
553751,554202,451,id00154
554202,554597,395,id00154
554597,554941,344,id00154
554941,555500,559,id00419
555500,556176,676,id00419
556176,557078,902,id00419
557078,557985,907,id00419
557985,558631,646,id00419
558631,559041,410,id00419
559041,560270,1229,id00419
560270,560706,436,id00419
560706,564142,3436,id00419
564142,564726,584,id00419
564726,565612,886,id00419
565612,566314,702,id00419
566314,567251,937,id00419
567251,567886,635,id00419
567886,569049,1163,id00419
569049,569807,758,id00419
569807,570376,569,id00419
570376,570960,584,id00419
570960,571304,344,id00419
571304,572211,907,id00419
572211,572923,712,id00419
572923,573369,446,id00419
573369,573851,482,id00419
573851,574614,763,id00419
574614,574952,338,id00419
574952,575362,410,id00419
575362,575859,497,id00419
575859,576177,318,id00419
576177,576966,789,id00419
576966,577284,318,id00419
577284,577679,395,id00419
577679,578391,712,id00419
578391,579344,953,id00419
579344,580056,712,id00419
580056,580860,804,id00419
580860,581209,349,id00419
581209,581527,318,id00419
581527,582040,513,id00419
582040,582537,497,id00419
582537,583137,600,id00419
583137,584054,917,id00419
584054,584951,897,id00419
584951,585576,625,id00419
585576,585904,328,id00419
585904,586606,702,id00419
586606,587180,574,id00419
587180,588097,917,id00419
588097,588528,431,id00419
588528,588887,359,id00419
588887,589215,328,id00419
589215,589687,472,id00419
589687,590056,369,id00419
590056,591060,1004,id00419
591060,591383,323,id00419
591383,591757,374,id00419
591757,592101,344,id00419
592101,592496,395,id00419
592496,593961,1465,id00419
593961,594289,328,id00419
594289,595257,968,id00419
595257,595688,431,id00419
595688,596579,891,id00419
596579,596943,364,id00419
596943,597276,333,id00419
597276,597860,584,id00419
597860,598239,379,id00419
598239,600451,2212,id00419
600451,601511,1060,id00419
601511,602715,1204,id00419
602715,603094,379,id00419
603094,603489,395,id00419
603489,604160,671,id00419
604160,605051,891,id00419
605051,605441,390,id00419
605441,605764,323,id00419
605764,606159,395,id00419
606159,606492,333,id00419
606492,607143,651,id00419
607143,607471,328,id00419
607471,608608,1137,id00419
608608,609156,548,id00419
609156,609494,338,id00419
609494,610923,1429,id00419
610923,611323,400,id00419
611323,612230,907,id00419
612230,612548,318,id00419
612548,613209,661,id00419
613209,613609,400,id00419
613609,613983,374,id00419
613983,614772,789,id00419
614772,616191,1419,id00419
616191,617180,989,id00419
617180,617605,425,id00419
617605,618046,441,id00419
618046,618948,902,id00419
618948,619353,405,id00419
619353,620674,1321,id00419
620674,621709,1035,id00419
621709,622083,374,id00419
622083,622596,513,id00419
622596,624143,1547,id00419
624143,624645,502,id00419
624645,625490,845,id00419
625490,625818,328,id00419
625818,626627,809,id00419
626627,627698,1071,id00419
627698,628589,891,id00419
628589,629117,528,id00419
629117,629578,461,id00419
629578,629922,344,id00419
629922,631044,1122,id00419
631044,631475,431,id00419
631475,631941,466,id00419
631941,632622,681,id00419
632622,633242,620,id00419
633242,633647,405,id00419
633647,633985,338,id00419
633985,634636,651,id00419
634636,635092,456,id00419
635092,635507,415,id00419
635507,636025,518,id00419
636025,636481,456,id00419
636481,637091,610,id00419
637091,637737,646,id00419
637737,638193,456,id00419
638193,639228,1035,id00419
639228,639950,722,id00419
639950,640329,379,id00419
640329,640698,369,id00419
640698,641318,620,id00419
641318,641953,635,id00419
641953,642409,456,id00419
642409,643034,625,id00419
643034,643511,477,id00419
643511,643839,328,id00419
643839,644193,354,id00419
644193,644531,338,id00419
644531,645038,507,id00419
645038,645520,482,id00419
645520,645997,477,id00419
645997,646397,400,id00419
646397,646838,441,id00419
646838,647243,405,id00419
647243,647622,379,id00419
647622,649174,1552,id00419
649174,649497,323,id00419
649497,650337,840,id00419
650337,650998,661,id00419
650998,651649,651,id00419
651649,652044,395,id00419
652044,653949,1905,id00419
653949,655158,1209,id00419
655158,656131,973,id00419
656131,656562,431,id00419
656562,657075,513,id00419
657075,657813,738,id00419
657813,658274,461,id00419
658274,658618,344,id00419
658618,659049,431,id00419
659049,659393,344,id00419
659393,659818,425,id00419
659818,660187,369,id00419
660187,661145,958,id00419
661145,661463,318,id00419
661463,661817,354,id00419
661817,662616,799,id00419
662616,664327,1711,id00419
664327,665331,1004,id00419
665331,665700,369,id00419
665700,666417,717,id00419
666417,667170,753,id00419
667170,668056,886,id00419
668056,669357,1301,id00419
669357,669701,344,id00419
669701,670357,656,id00419
670357,671136,779,id00419
671136,671505,369,id00419
671505,671849,344,id00419
671849,672792,943,id00419
672792,673433,641,id00419
673433,673782,349,id00419
673782,674325,543,id00419
674325,675554,1229,id00419
675554,677572,2018,id00419
677572,678755,1183,id00419
678755,679933,1178,id00419
679933,680287,354,id00419
680287,680810,523,id00419
680810,681307,497,id00419
681307,681661,354,id00419
681661,682097,436,id00419
682097,682630,533,id00419
682630,683311,681,id00419
683311,683680,369,id00419
683680,684034,354,id00419
684034,684721,687,id00419
684721,685894,1173,id00419
685894,686325,431,id00419
686325,686848,523,id00419
686848,687448,600,id00419
687448,687961,513,id00419
687961,688760,799,id00419
688760,689365,605,id00419
689365,689785,420,id00419
689785,690564,779,id00419
690564,691348,784,id00419
691348,691702,354,id00419
691702,692476,774,id00419
692476,694955,2479,id00419
694955,695334,379,id00419
695334,695713,379,id00419
695713,696057,344,id00419
696057,697169,1112,id00419
697169,697487,318,id00419
697487,697984,497,id00419
697984,698302,318,id00419
698302,698799,497,id00419
698799,699542,743,id00419
699542,700254,712,id00419
700254,700941,687,id00419
700941,701259,318,id00419
701259,702207,948,id00419
702207,703262,1055,id00419
703262,704020,758,id00419
704020,705152,1132,id00419
705152,705547,395,id00419
705547,706019,472,id00419
706019,706875,856,id00419
706875,707725,850,id00419
707725,708094,369,id00419
708094,708632,538,id00419
708632,708986,354,id00419
708986,709575,589,id00419
709575,710026,451,id00419
710026,710492,466,id00419
710492,711071,579,id00419
711071,712090,1019,id00419
712090,712510,420,id00419
712510,713289,779,id00419
713289,713848,559,id00419
713848,714217,369,id00419
714217,714673,456,id00419
714673,715180,507,id00419
715180,715759,579,id00419
715759,716087,328,id00419
716087,716937,850,id00419
716937,717511,574,id00419
717511,718469,958,id00419
718469,720420,1951,id00419
720420,720743,323,id00419
720743,721624,881,id00419
721624,722121,497,id00419
722121,722449,328,id00419
722449,722828,379,id00419
722828,724508,1680,id00419
724508,725927,1419,id00419
725927,726491,564,id00419
726491,726891,400,id00419
726891,727322,431,id00419
727322,727875,553,id00419
727875,728679,804,id00419
728679,729268,589,id00419
729268,729965,697,id00419
729965,730682,717,id00419
730682,731343,661,id00419
731343,731733,390,id00419
731733,732138,405,id00419
732138,732589,451,id00419
732589,732958,369,id00419
732958,733563,605,id00419
733563,733942,379,id00419
733942,734485,543,id00419
734485,735238,753,id00419
735238,736068,830,id00419
736068,736463,395,id00419
736463,736919,456,id00419
736919,737903,984,id00419
737903,738472,569,id00419
738472,739553,1081,id00419
739553,740091,538,id00419
740091,741325,1234,id00419
741325,741817,492,id00419
741817,742714,897,id00419
742714,743129,415,id00419
743129,743519,390,id00419
743519,743909,390,id00419
743909,744539,630,id00419
744539,744893,354,id00419
744893,745318,425,id00419
745318,746215,897,id00419
746215,747311,1096,id00419
747311,748243,932,id00419
748243,748648,405,id00419
748648,749058,410,id00419
749058,749453,395,id00419
749453,750774,1321,id00419
750774,751333,559,id00419
751333,752854,1521,id00419
752854,753459,605,id00419
753459,754192,733,id00419
754192,755734,1542,id00419
755734,756369,635,id00419
756369,756856,487,id00419
756856,757225,369,id00419
757225,757548,323,id00419
757548,757933,385,id00419
757933,758753,820,id00419
758753,759173,420,id00419
759173,759547,374,id00419
759547,760193,646,id00419
760193,760644,451,id00419
760644,761674,1030,id00419
761674,762530,856,id00419
762530,763017,487,id00419
763017,763637,620,id00419
763637,764022,385,id00419
764022,764412,390,id00419
764412,765078,666,id00419
765078,766522,1444,id00419
766522,767024,502,id00419
767024,767368,344,id00419
767368,767993,625,id00419
767993,768838,845,id00419
768838,769258,420,id00419
769258,769996,738,id00419
769996,770462,466,id00419
770462,770898,436,id00419
770898,771882,984,id00419
771882,772313,431,id00419
772313,772913,600,id00419
772913,774521,1608,id00419
774521,775960,1439,id00419
775960,776283,323,id00419
776283,776616,333,id00419
776616,777553,937,id00419
777553,777963,410,id00419
777963,778639,676,id00419
778639,779479,840,id00419
779479,779823,344,id00419
779823,780320,497,id00419
780320,780658,338,id00419
780658,781396,738,id00419
781396,781714,318,id00419
781714,782139,425,id00419
782139,782938,799,id00419
782938,783768,830,id00419
783768,784086,318,id00419
784086,784819,733,id00419
784819,785270,451,id00419
785270,785598,328,id00419
785598,786039,441,id00419
786039,786526,487,id00419
786526,787049,523,id00419
787049,787377,328,id00419
787377,787802,425,id00419
787802,788120,318,id00419
788120,788474,354,id00419
788474,789243,769,id00419
789243,790564,1321,id00419
790564,791466,902,id00419
791466,791979,513,id00419
791979,792492,513,id00419
792492,792815,323,id00419
792815,793153,338,id00419
793153,793476,323,id00419
793476,793948,472,id00419
793948,794481,533,id00419
794481,795019,538,id00419
795019,795388,369,id00419
795388,795947,559,id00419
795947,796470,523,id00419
796470,796788,318,id00419
796788,797388,600,id00419
797388,797803,415,id00419
797803,798141,338,id00419
798141,798459,318,id00419
798459,799898,1439,id00419
799898,801644,1746,id00419
801644,802873,1229,id00419
802873,803201,328,id00419
803201,803555,354,id00419
803555,803940,385,id00419
803940,804601,661,id00419
804601,805175,574,id00419
805175,805688,513,id00419
805688,806134,446,id00419
806134,806595,461,id00419
806595,807143,548,id00419
807143,807522,379,id00419
807522,807999,477,id00419
807999,808465,466,id00419
808465,809628,1163,id00419
809628,810253,625,id00419
810253,810771,518,id00419
810771,811406,635,id00419
811406,811755,349,id00419
811755,812083,328,id00419
812083,812437,354,id00419
812437,812796,359,id00419
812796,814599,1803,id00419
814599,814943,344,id00419
814943,815635,692,id00419
815635,815968,333,id00419
815968,816301,333,id00419
816301,816982,681,id00419
816982,817351,369,id00419
817351,818186,835,id00419
818186,818652,466,id00419
818652,819426,774,id00419
819426,820282,856,id00419
820282,820626,344,id00419
820626,821000,374,id00419
821000,821466,466,id00419
821466,822767,1301,id00419
822767,823254,487,id00419
823254,823797,543,id00419
823797,824535,738,id00419
824535,825083,548,id00419
825083,825401,318,id00419
825401,825734,333,id00419
825734,826805,1071,id00419
826805,827533,728,id00419
827533,828030,497,id00419
828030,828399,369,id00419
828399,828784,385,id00419
828784,829353,569,id00419
829353,830347,994,id00419
830347,830772,425,id00419
830772,831090,318,id00419
831090,831464,374,id00419
831464,831905,441,id00419
831905,832499,594,id00419
832499,832955,456,id00419
832955,833345,390,id00419
833345,833858,513,id00419
833858,834196,338,id00419
834196,834662,466,id00419
834662,835067,405,id00419
835067,835667,600,id00419
835667,836072,405,id00419
836072,836759,687,id00419
836759,837087,328,id00419
837087,837477,390,id00419
837477,838112,635,id00419
838112,838609,497,id00419
838609,840509,1900,id00419
840509,841057,548,id00419
841057,841703,646,id00419
841703,842159,456,id00419
842159,842846,687,id00419
842846,843686,840,id00419
843686,844378,692,id00419
844378,845065,687,id00419
845065,845414,349,id00419
845414,846090,676,id00419
846090,847795,1705,id00419
847795,848420,625,id00419
848420,848825,405,id00419
848825,849634,809,id00419
849634,850234,600,id00419
850234,850700,466,id00419
850700,852252,1552,id00419
852252,852913,661,id00419
852913,853533,620,id00419
853533,853989,456,id00419
853989,854440,451,id00419
854440,854789,349,id00419
854789,855399,610,id00419
855399,856546,1147,id00419
856546,857647,1101,id00419
857647,858001,354,id00419
858001,858949,948,id00419
858949,859508,559,id00419
859508,860031,523,id00419
860031,860359,328,id00419
860359,860866,507,id00419
860866,861235,369,id00419
861235,861717,482,id00419
861717,862301,584,id00419
862301,863203,902,id00419
863203,863833,630,id00419
863833,864893,1060,id00419
864893,865406,513,id00419
865406,866031,625,id00419
866031,866846,815,id00419
866846,867471,625,id00419
867471,867994,523,id00419
867994,868368,374,id00419
868368,868973,605,id00419
868973,869752,779,id00419
869752,870352,600,id00419
870352,870998,646,id00419
870998,871582,584,id00419
871582,871926,344,id00419
871926,872464,538,id00419
872464,872920,456,id00419
872920,873776,856,id00419
873776,874289,513,id00419
874289,874679,390,id00419
874679,875069,390,id00419
875069,875740,671,id00562
875740,876974,1234,id00562
876974,877876,902,id00562
877876,878588,712,id00562
878588,879234,646,id00562
879234,879659,425,id00562
879659,880038,379,id00562
880038,880376,338,id00562
880376,880832,456,id00562
880832,881176,344,id00562
881176,881514,338,id00562
881514,881842,328,id00562
881842,882196,354,id00562
882196,882637,441,id00562
882637,883052,415,id00562
883052,883508,456,id00562
883508,883969,461,id00562
883969,884323,354,id00562
884323,885455,1132,id00562
885455,886684,1229,id00562
886684,887069,385,id00562
887069,887494,425,id00562
887494,888232,738,id00562
888232,889159,927,id00562
889159,889518,359,id00562
889518,890425,907,id00562
890425,891839,1414,id00562
891839,892474,635,id00562
892474,893150,676,id00562
893150,893499,349,id00562
893499,894564,1065,id00562
894564,894928,364,id00562
894928,895323,395,id00562
895323,895892,569,id00562
895892,896282,390,id00562
896282,896610,328,id00562
896610,897220,610,id00562
897220,897599,379,id00562
897599,897963,364,id00562
897963,899986,2023,id00562
899986,900637,651,id00562
900637,902322,1685,id00562
902322,902794,472,id00562
902794,903214,420,id00562
903214,904013,799,id00562
904013,904392,379,id00562
904392,905299,907,id00562
905299,906119,820,id00562
906119,906498,379,id00562
906498,907610,1112,id00562
907610,908128,518,id00562
908128,909680,1552,id00562
909680,910013,333,id00562
910013,911836,1823,id00562
911836,912200,364,id00562
912200,912661,461,id00562
912661,913143,482,id00562
913143,913671,528,id00562
913671,914219,548,id00562
914219,914537,318,id00562
914537,914927,390,id00562
914927,916325,1398,id00562
916325,917262,937,id00562
917262,917708,446,id00562
917708,918410,702,id00562
918410,918943,533,id00562
918943,919312,369,id00562
919312,919814,502,id00562
919814,920152,338,id00562
920152,920726,574,id00562
920726,921341,615,id00562
921341,921685,344,id00562
921685,922151,466,id00562
922151,922674,523,id00562
922674,923028,354,id00562
923028,924078,1050,id00562
924078,924596,518,id00562
924596,925349,753,id00562
925349,925739,390,id00562
925739,926072,333,id00562
926072,926692,620,id00562
926692,927194,502,id00562
927194,927645,451,id00562
927645,928255,610,id00562
928255,928655,400,id00562
928655,928999,344,id00562
928999,929343,344,id00562
929343,929784,441,id00562
929784,930378,594,id00562
930378,930901,523,id00562
930901,931326,425,id00562
931326,931644,318,id00562
931644,932372,728,id00562
932372,932844,472,id00562
932844,933403,559,id00562
933403,933921,518,id00562
933921,934874,953,id00562
934874,935397,523,id00562
935397,935828,431,id00562
935828,936172,344,id00562
936172,936526,354,id00562
936526,937597,1071,id00562
937597,937966,369,id00562
937966,938965,999,id00562
938965,939447,482,id00562
939447,939929,482,id00562
939929,940339,410,id00562
940339,940749,410,id00562
940749,941164,415,id00562
941164,941574,410,id00562
941574,942133,559,id00562
942133,942625,492,id00562
942625,942963,338,id00562
942963,943445,482,id00562
943445,943942,497,id00562
943942,944629,687,id00562
944629,944952,323,id00562
944952,945331,379,id00562
945331,945751,420,id00562
945751,946136,385,id00562
946136,946679,543,id00562
946679,947048,369,id00562
947048,947463,415,id00562
947463,947868,405,id00562
947868,948196,328,id00562
948196,948575,379,id00562
948575,948919,344,id00562
948919,949283,364,id00562
949283,950005,722,id00562
950005,950589,584,id00562
950589,950907,318,id00562
950907,951251,344,id00562
951251,952183,932,id00562
952183,952547,364,id00562
952547,952906,359,id00562
952906,953260,354,id00562
953260,953685,425,id00562
953685,954039,354,id00562
954039,955212,1173,id00562
955212,955929,717,id00562
955929,956667,738,id00562
956667,957287,620,id00562
957287,959054,1767,id00562
959054,959853,799,id00562
959853,960417,564,id00562
960417,961216,799,id00562
961216,961816,600,id00562
961816,963240,1424,id00562
963240,963824,584,id00562
963824,964162,338,id00562
964162,964736,574,id00562
964736,965873,1137,id00562
965873,966211,338,id00562
966211,966964,753,id00562
966964,967282,318,id00562
967282,967615,333,id00562
967615,967953,338,id00562
967953,968322,369,id00562
968322,969434,1112,id00562
969434,969977,543,id00562
969977,970459,482,id00562
970459,971059,600,id00562
971059,971403,344,id00562
971403,971885,482,id00562
971885,972300,415,id00562
972300,972700,400,id00562
972700,973038,338,id00562
973038,973489,451,id00562
973489,973981,492,id00562
973981,974678,697,id00562
974678,975022,344,id00562
975022,975386,364,id00562
975386,975730,344,id00562
975730,976140,410,id00562
976140,977830,1690,id00562
977830,978558,728,id00562
978558,979024,466,id00562
979024,979378,354,id00562
979378,979696,318,id00562
979696,980014,318,id00562
980014,980388,374,id00562
980388,980747,359,id00562
980747,981490,743,id00562
981490,981834,344,id00562
981834,982352,518,id00562
982352,982905,553,id00562
982905,983653,748,id00562
983653,984032,379,id00562
984032,984437,405,id00562
984437,984837,400,id00562
984837,985216,379,id00562
985216,985585,369,id00562
985585,986103,518,id00562
986103,986994,891,id00562
986994,987409,415,id00562
987409,987753,344,id00562
987753,988168,415,id00562
988168,988737,569,id00562
988737,989265,528,id00562
989265,990018,753,id00562
990018,990341,323,id00562
990341,990756,415,id00562
990756,991550,794,id00562
991550,992385,835,id00562
992385,993404,1019,id00562
993404,995724,2320,id00562
995724,996052,328,id00562
996052,997097,1045,id00562
997097,997825,728,id00562
997825,998496,671,id00562
998496,999044,548,id00562
999044,999377,333,id00562
999377,1000862,1485,id00562
1000862,1001410,548,id00562
1001410,1002394,984,id00562
1002394,1002876,482,id00562
1002876,1003470,594,id00562
1003470,1004136,666,id00562
1004136,1004930,794,id00562
1004930,1005873,943,id00562
1005873,1006908,1035,id00562
1006908,1007246,338,id00562
1007246,1008373,1127,id00562
1008373,1008701,328,id00562
1008701,1010197,1496,id00562
1010197,1011232,1035,id00562
1011232,1012287,1055,id00562
1012287,1013061,774,id00562
1013061,1013865,804,id00562
1013865,1014275,410,id00562
1014275,1014798,523,id00562
1014798,1015147,349,id00562
1015147,1015511,364,id00562
1015511,1015957,446,id00562
1015957,1016715,758,id00562
1016715,1017171,456,id00562
1017171,1017525,354,id00562
1017525,1017879,354,id00562
1017879,1018745,866,id00562
1018745,1020082,1337,id00562
1020082,1020487,405,id00562
1020487,1020810,323,id00562
1020810,1021497,687,id00562
1021497,1022004,507,id00562
1022004,1022353,349,id00562
1022353,1022748,395,id00562
1022748,1025042,2294,id00562
1025042,1025411,369,id00562
1025411,1025760,349,id00812
1025760,1026651,891,id00812
1026651,1027256,605,id00812
1027256,1027753,497,id00812
1027753,1028481,728,id00812
1028481,1028845,364,id00812
1028845,1029788,943,id00812
1029788,1031258,1470,id00812
1031258,1031960,702,id00812
1031960,1033072,1112,id00812
1033072,1033610,538,id00812
1033610,1035362,1752,id00812
1035362,1036540,1178,id00812
1036540,1037001,461,id00812
1037001,1038026,1025,id00812
1038026,1039834,1808,id00812
1039834,1041447,1613,id00812
1041447,1042646,1199,id00812
1042646,1043486,840,id00812
1043486,1043814,328,id00812
1043814,1045079,1265,id00812
1045079,1045448,369,id00812
1045448,1046048,600,id00812
1046048,1046417,369,id00812
1046417,1046745,328,id00812
1046745,1047580,835,id00812
1047580,1047944,364,id00812
1047944,1048308,364,id00812
1048308,1048626,318,id00812
1048626,1049231,605,id00812
1049231,1050322,1091,id00812
1050322,1050824,502,id00812
1050824,1051229,405,id00812
1051229,1052044,815,id00812
1052044,1052372,328,id00812
1052372,1053437,1065,id00812
1053437,1053909,472,id00812
1053909,1054227,318,id00812
1054227,1055420,1193,id00812
1055420,1055979,559,id00812
1055979,1056650,671,id00812
1056650,1057060,410,id00812
1057060,1058243,1183,id00812
1058243,1058991,748,id00812
1058991,1059376,385,id00812
1059376,1059730,354,id00812
1059730,1060155,425,id00812
1060155,1060596,441,id00812
1060596,1060950,354,id00812
1060950,1061283,333,id00812
1061283,1061621,338,id00812
1061621,1062169,548,id00812
1062169,1062538,369,id00812
1062538,1062979,441,id00812
1062979,1064157,1178,id00812
1064157,1064757,600,id00812
1064757,1065341,584,id00812
1065341,1065710,369,id00812
1065710,1066161,451,id00812
1066161,1066832,671,id00812
1066832,1067339,507,id00812
1067339,1067811,472,id00812
1067811,1068190,379,id00812
1068190,1069686,1496,id00812
1069686,1070664,978,id00812
1070664,1071243,579,id00812
1071243,1071776,533,id00812
1071776,1072529,753,id00812
1072529,1074337,1808,id00812
1074337,1074716,379,id00812
1074716,1075080,364,id00812
1075080,1075987,907,id00812
1075987,1076494,507,id00812
1076494,1078266,1772,id00812
1078266,1080535,2269,id00812
1080535,1081877,1342,id00812
1081877,1083470,1593,id00812
1083470,1084413,943,id00812
1084413,1085816,1403,id00812
1085816,1086467,651,id00812
1086467,1086857,390,id00812
1086857,1087364,507,id00812
1087364,1087733,369,id00812
1087733,1089029,1296,id00812
1089029,1089900,871,id00812
1089900,1090653,753,id00812
1090653,1090997,344,id00812
1090997,1091346,349,id00812
1091346,1091669,323,id00812
1091669,1092023,354,id00812
1092023,1092699,676,id00812
1092699,1093247,548,id00812
1093247,1094123,876,id00812
1094123,1094533,410,id00812
1094533,1097298,2765,id00812
1097298,1097841,543,id00812
1097841,1100258,2417,id00812
1100258,1100673,415,id00812
1100673,1102107,1434,id00812
1102107,1102681,574,id00812
1102681,1103224,543,id00812
1103224,1104586,1362,id00812
1104586,1105052,466,id00812
1105052,1105431,379,id00812
1105431,1105785,354,id00812
1105785,1106149,364,id00812
1106149,1107312,1163,id00812
1107312,1107825,513,id00812
1107825,1108271,446,id00812
1108271,1109910,1639,id00812
1109910,1110417,507,id00812
1110417,1110991,574,id00812
1110991,1111498,507,id00812
1111498,1112389,891,id00812
1112389,1113342,953,id00812
1113342,1114694,1352,id00812
1114694,1116405,1711,id00812
1116405,1117926,1521,id00812
1117926,1119473,1547,id00812
1119473,1120006,533,id00812
1120006,1120411,405,id00812
1120411,1120836,425,id00812
1120836,1121318,482,id00812
1121318,1121831,513,id00812
1121831,1122344,513,id00812
1122344,1122672,328,id00812
1122672,1123195,523,id00812
1123195,1124071,876,id00812
1124071,1124456,385,id00812
1124456,1124969,513,id00812
1124969,1125348,379,id00812
1125348,1125994,646,id00812
1125994,1126553,559,id00812
1126553,1126922,369,id00812
1126922,1127609,687,id00812
1127609,1128250,641,id00812
1128250,1129075,825,id00812
1129075,1129454,379,id00812
1129454,1129823,369,id00812
1129823,1130387,564,id00812
1130387,1130731,344,id00812
1130731,1131095,364,id00812
1131095,1131782,687,id00812
1131782,1132428,646,id00812
1132428,1132874,446,id00812
1132874,1133305,431,id00812
1133305,1134811,1506,id00812
1134811,1135462,651,id00812
1135462,1135785,323,id00812
1135785,1136369,584,id00812
1136369,1137752,1383,id00812
1137752,1138925,1173,id00812
1138925,1139806,881,id00812
1139806,1142413,2607,id00812
1142413,1143176,763,id00812
1143176,1144160,984,id00812
1144160,1145410,1250,id00812
1145410,1146235,825,id00812
1146235,1146870,635,id00812
1146870,1147848,978,id00812
1147848,1148483,635,id00812
1148483,1151709,3226,id00812
1151709,1152626,917,id00812
1152626,1153021,395,id00812
1153021,1153964,943,id00812
1153964,1154482,518,id00812
1154482,1154928,446,id00812
1154928,1155441,513,id00812
1155441,1155959,518,id00812
1155959,1157618,1659,id00812
1157618,1157946,328,id00812
1157946,1158361,415,id00812
1158361,1158756,395,id00812
1158756,1159535,779,id00812
1159535,1159868,333,id00812
1159868,1160724,856,id00812
1160724,1161308,584,id00812
1161308,1161836,528,id00812
1161836,1162405,569,id00812
1162405,1162851,446,id00812
1162851,1163742,891,id00812
1163742,1164879,1137,id00812
1164879,1165223,344,id00812
1165223,1165828,605,id00812
1165828,1166576,748,id00812
1166576,1166981,405,id00812
1166981,1167386,405,id00812
1167386,1168451,1065,id00812
1168451,1169368,917,id00812
1169368,1170172,804,id00812
1170172,1170741,569,id00812
1170741,1171484,743,id00812
1171484,1172217,733,id00812
1172217,1172975,758,id00812
1172975,1173523,548,id00812
1173523,1174041,518,id00812
1174041,1174431,390,id00812
1174431,1175153,722,id00812
1175153,1176111,958,id00812
1176111,1176608,497,id00812
1176608,1177730,1122,id00812
1177730,1179589,1859,id00812
1179589,1181008,1419,id00812
1181008,1182847,1839,id00812
1182847,1184291,1444,id00812
1184291,1185438,1147,id00812
1185438,1186447,1009,id00812
1186447,1186837,390,id00812
1186837,1187580,743,id00812
1187580,1188277,697,id00812
1188277,1188662,385,id00812
1188662,1189021,359,id00812
1189021,1189370,349,id00812
1189370,1189785,415,id00812
1189785,1190763,978,id00812
1190763,1191296,533,id00812
1191296,1191716,420,id00812
1191716,1192070,354,id00812
1192070,1192393,323,id00812
1192393,1192967,574,id00812
1192967,1193771,804,id00812
1193771,1194161,390,id00812
1194161,1195329,1168,id00812
1195329,1196738,1409,id00812
1196738,1197368,630,id00812
1197368,1197891,523,id00812
1197891,1198209,318,id00812
1198209,1198599,390,id00812
1198599,1199040,441,id00812
1199040,1199506,466,id00812
1199506,1200305,799,id00812
1200305,1201493,1188,id00812
1201493,1201872,379,id00812
1201872,1202210,338,id00812
1202210,1202758,548,id00812
1202758,1204254,1496,id00812
1204254,1204633,379,id00812
1204633,1205908,1275,id00812
1205908,1206236,328,id00812
1206236,1206836,600,id00812
1206836,1207174,338,id00812
1207174,1208096,922,id00812
1208096,1208629,533,id00812
1208629,1210765,2136,id00812
1210765,1212184,1419,id00812
1212184,1213562,1378,id00812
1213562,1214776,1214,id00812
1214776,1217040,2264,id00812
1217040,1217675,635,id00812
1217675,1218602,927,id00812
1218602,1218971,369,id00812
1218971,1219309,338,id00812
1219309,1220165,856,id00812
1220165,1220509,344,id00812
1220509,1221011,502,id00812
1221011,1221396,385,id00812
1221396,1221883,487,id00812
1221883,1222416,533,id00812
1222416,1222913,497,id00812
1222913,1223461,548,id00812
1223461,1224414,953,id00812
1224414,1224870,456,id00812
1224870,1225551,681,id00812
1225551,1225971,420,id00812
1225971,1226668,697,id00812
1226668,1227303,635,id00812
1227303,1227621,318,id00812
1227621,1228323,702,id00812
1228323,1229260,937,id00812
1229260,1229588,328,id00812
1229588,1229978,390,id00812
1229978,1230598,620,id00812
1230598,1231039,441,id00812
1231039,1231552,513,id00812
1231552,1232402,850,id00812
1232402,1233012,610,id00812
1233012,1233632,620,id00812
1233632,1234626,994,id00812
1234626,1235169,543,id00812
1235169,1236547,1378,id00812
1236547,1236921,374,id00812
1236921,1237265,344,id00812
1237265,1237885,620,id00812
1237885,1238367,482,id00812
1238367,1239560,1193,id00812
1239560,1239929,369,id00812
1239929,1240257,328,id00812
1240257,1240601,344,id00812
1240601,1241672,1071,id00812
1241672,1242471,799,id00812
1242471,1242799,328,id00812
1242799,1243204,405,id00812
1243204,1243548,344,id00812
1243548,1245115,1567,id00812
1245115,1245433,318,id00812
1245433,1246913,1480,id00812
1246913,1248173,1260,id00812
1248173,1249955,1782,id00812
1249955,1251604,1649,id00812
1251604,1251973,369,id00812
1251973,1252317,344,id00812
1252317,1252696,379,id00812
1252696,1253152,456,id00812
1253152,1253526,374,id00812
1253526,1253926,400,id00812
1253926,1254249,323,id00812
1254249,1255140,891,id00812
1255140,1255478,338,id00812
1255478,1255970,492,id00812
1255970,1256856,886,id00812
1256856,1259135,2279,id00812
1259135,1259709,574,id00812
1259709,1260447,738,id00812
1260447,1261379,932,id00812
1261379,1263049,1670,id00812
1263049,1263439,390,id00812
1263439,1263854,415,id00812
1263854,1264648,794,id00812
1264648,1266205,1557,id00812
1266205,1266989,784,id00812
1266989,1267880,891,id00812
1267880,1268341,461,id00812
1268341,1269842,1501,id00812
1269842,1271117,1275,id00812
1271117,1271809,692,id00812
1271809,1273038,1229,id00812
1273038,1273392,354,id00812
1273392,1274140,748,id00812
1274140,1275062,922,id00812
1275062,1275697,635,id00812
1275697,1276082,385,id00812
1276082,1276502,420,id00812
1276502,1277189,687,id00812
1277189,1277707,518,id00812
1277707,1278051,344,id00812
1278051,1278430,379,id00812
1278430,1278917,487,id00812
1278917,1279250,333,id00812
1279250,1279696,446,id00812
1279696,1280183,487,id00812
1280183,1280742,559,id00812
1280742,1281331,589,id00812
1281331,1281659,328,id00812
1281659,1282084,425,id00812
1282084,1282607,523,id00812
1282607,1282925,318,id00812
1282925,1283683,758,id00812
1283683,1285266,1583,id00812
1285266,1285656,390,id00812
1285656,1286128,472,id00812
1286128,1286533,405,id00812
1286533,1286979,446,id00812
1286979,1287599,620,id00812
1287599,1288250,651,id00812
1288250,1288839,589,id00812
1288839,1289234,395,id00812
1289234,1289880,646,id00812
1289880,1290311,431,id00812
1290311,1290767,456,id00812
1290767,1291274,507,id00812
1291274,1291807,533,id00812
1291807,1292238,431,id00812
1292238,1292699,461,id00812
1292699,1293437,738,id00812
1293437,1293878,441,id00812
1293878,1294949,1071,id00812
1294949,1295415,466,id00812
1295415,1295820,405,id00812
1295820,1296164,344,id00812
1296164,1297757,1593,id00812
1297757,1298290,533,id00812
1298290,1298731,441,id00812
1298731,1299054,323,id00812
1299054,1301691,2637,id00812
1301691,1304267,2576,id00812
1304267,1305302,1035,id00812
1305302,1305733,431,id00812
1305733,1306092,359,id00812
1306092,1306594,502,id00812
1306594,1307854,1260,id00812
1307854,1308208,354,id00812
1308208,1309192,984,id00812
1309192,1309740,548,id00812
1309740,1310089,349,id00812
1310089,1310991,902,id00812
1310991,1311427,436,id00812
1311427,1312457,1030,id00812
1312457,1312913,456,id00812
1312913,1313692,779,id00812
1313692,1314087,395,id00812
1314087,1314707,620,id00812
1314707,1315778,1071,id00812
1315778,1316587,809,id00812
1316587,1317258,671,id00812
1317258,1318298,1040,id00812
1318298,1318688,390,id00812
1318688,1319006,318,id00812
1319006,1319334,328,id00812
1319334,1319852,518,id00812
1319852,1320216,364,id00812
1320216,1320601,385,id00812
1320601,1321457,856,id00812
1321457,1322522,1065,id00812
1322522,1323178,656,id00812
1323178,1323711,533,id00812
1323711,1324126,415,id00812
1324126,1324598,472,id00812
1324598,1324993,395,id00817
1324993,1325357,364,id00817
1325357,1326428,1071,id00817
1326428,1327335,907,id00817
1327335,1327694,359,id00817
1327694,1328063,369,id00817
1328063,1328422,359,id00817
1328422,1330020,1598,id00817
1330020,1330343,323,id00817
1330343,1330850,507,id00817
1330850,1331342,492,id00817
1331342,1331737,395,id00817
1331737,1332413,676,id00817
1332413,1333007,594,id00817
1333007,1333612,605,id00817
1333612,1333991,379,id00817
1333991,1334319,328,id00817
1334319,1334826,507,id00817
1334826,1335600,774,id00817
1335600,1336630,1030,id00817
1336630,1337102,472,id00817
1337102,1337599,497,id00817
1337599,1338142,543,id00817
1338142,1339100,958,id00817
1339100,1339730,630,id00817
1339730,1340171,441,id00817
1340171,1340858,687,id00817
1340858,1341509,651,id00817
1341509,1342334,825,id00817
1342334,1342662,328,id00817
1342662,1343251,589,id00817
1343251,1345269,2018,id00817
1345269,1345833,564,id00817
1345833,1346663,830,id00817
1346663,1347247,584,id00817
1347247,1348737,1490,id00817
1348737,1349388,651,id00817
1349388,1349829,441,id00817
1349829,1350290,461,id00817
1350290,1350961,671,id00817
1350961,1351581,620,id00817
1351581,1351925,344,id00817
1351925,1352432,507,id00817
1352432,1352796,364,id00817
1352796,1353237,441,id00817
1353237,1353755,518,id00817
1353755,1354083,328,id00817
1354083,1354642,559,id00817
1354642,1354980,338,id00817
1354980,1355462,482,id00817
1355462,1355918,456,id00817
1355918,1356466,548,id00817
1356466,1357014,548,id00817
1357014,1357890,876,id00817
1357890,1358208,318,id00817
1358208,1358879,671,id00817
1358879,1359591,712,id00817
1359591,1360298,707,id00817
1360298,1360877,579,id00817
1360877,1361236,359,id00817
1361236,1361559,323,id00817
1361559,1362112,553,id00817
1362112,1362845,733,id00817
1362845,1363276,431,id00817
1363276,1363819,543,id00817
1363819,1364567,748,id00817
1364567,1364900,333,id00817
1364900,1365238,338,id00817
1365238,1365576,338,id00817
1365576,1366165,589,id00817
1366165,1366954,789,id00817
1366954,1368357,1403,id00817
1368357,1368793,436,id00817
1368793,1369208,415,id00817
1369208,1369731,523,id00817
1369731,1370095,364,id00817
1370095,1371104,1009,id00817
1371104,1371535,431,id00817
1371535,1372247,712,id00817
1372247,1372816,569,id00817
1372816,1373257,441,id00817
1373257,1373595,338,id00817
1373595,1374118,523,id00817
1374118,1374656,538,id00817
1374656,1375051,395,id00817
1375051,1375389,338,id00817
1375389,1375712,323,id00817
1375712,1376342,630,id00817
1376342,1376793,451,id00817
1376793,1377567,774,id00817
1377567,1378126,559,id00817
1378126,1378480,354,id00817
1378480,1379151,671,id00817
1379151,1379489,338,id00817
1379489,1379817,328,id00817
1379817,1380514,697,id00817
1380514,1380945,431,id00817
1380945,1381360,415,id00817
1381360,1382139,779,id00817
1382139,1382513,374,id00817
1382513,1383517,1004,id00817
1383517,1383937,420,id00817
1383937,1384347,410,id00817
1384347,1384911,564,id00817
1384911,1385301,390,id00817
1385301,1385675,374,id00817
1385675,1386218,543,id00817
1386218,1386664,446,id00817
1386664,1387141,477,id00817
1387141,1387459,318,id00817
1387459,1388243,784,id00817
1388243,1388658,415,id00817
1388658,1389043,385,id00817
1389043,1390487,1444,id00817
1390487,1391087,600,id00817
1391087,1391441,354,id00817
1391441,1391826,385,id00817
1391826,1392170,344,id00817
1392170,1392514,344,id00817
1392514,1393088,574,id00817
1393088,1393718,630,id00817
1393718,1394727,1009,id00817
1394727,1395101,374,id00817
1395101,1395491,390,id00817
1395491,1395835,344,id00817
1395835,1396373,538,id00817
1396373,1396855,482,id00817
1396855,1397188,333,id00817
1397188,1398351,1163,id00817
1398351,1398997,646,id00817
1398997,1399719,722,id00817
1399719,1400206,487,id00817
1400206,1400621,415,id00817
1400621,1400954,333,id00817
1400954,1401333,379,id00817
1401333,1401656,323,id00817
1401656,1402537,881,id00817
1402537,1402860,323,id00817
1402860,1403301,441,id00817
1403301,1403629,328,id00817
1403629,1405867,2238,id00817
1405867,1406426,559,id00817
1406426,1406770,344,id00817
1406770,1407651,881,id00817
1407651,1408148,497,id00817
1408148,1408466,318,id00817
1408466,1408856,390,id00817
1408856,1409174,318,id00817
1409174,1409768,594,id00817
1409768,1410475,707,id00817
1410475,1410895,420,id00817
1410895,1411274,379,id00817
1411274,1412590,1316,id00817
1412590,1413835,1245,id00817
1413835,1414337,502,id00817
1414337,1414952,615,id00817
1414952,1415572,620,id00817
1415572,1416658,1086,id00817
1416658,1417124,466,id00817
1417124,1418082,958,id00817
1418082,1419117,1035,id00817
1419117,1419594,477,id00817
1419594,1420214,620,id00817
1420214,1421858,1644,id00817
1421858,1422821,963,id00817
1422821,1423262,441,id00817
1423262,1423667,405,id00817
1423667,1424195,528,id00817
1424195,1425179,984,id00817
1425179,1425564,385,id00817
1425564,1425954,390,id00817
1425954,1426420,466,id00817
1426420,1426748,328,id00817
1426748,1427783,1035,id00817
1427783,1428296,513,id00817
1428296,1428675,379,id00817
1428675,1429039,364,id00817
1429039,1429567,528,id00817
1429567,1430033,466,id00817
1430033,1430448,415,id00817
1430448,1430766,318,id00817
1430766,1431258,492,id00817
1431258,1432032,774,id00817
1432032,1432355,323,id00817
1432355,1432709,354,id00817
1432709,1433283,574,id00817
1433283,1433719,436,id00817
1433719,1434242,523,id00817
1434242,1434662,420,id00817
1434662,1435057,395,id00817
1435057,1436143,1086,id00817
1436143,1437162,1019,id00817
1437162,1437685,523,id00817
1437685,1438786,1101,id00817
1438786,1439345,559,id00817
1439345,1441475,2130,id00817
1441475,1442484,1009,id00817
1442484,1443309,825,id00817
1443309,1444267,958,id00817
1444267,1444595,328,id00817
1444595,1446592,1997,id00817
1446592,1446966,374,id00817
1446966,1447463,497,id00817
1447463,1447894,431,id00817
1447894,1448238,344,id00817
1448238,1448710,472,id00817
1448710,1449366,656,id00817
1449366,1449971,605,id00817
1449971,1450376,405,id00817
1450376,1450817,441,id00817
1450817,1451370,553,id00817
1451370,1451847,477,id00817
1451847,1452175,328,id00817
1452175,1452513,338,id00817
1452513,1452857,344,id00817
1452857,1453626,769,id00817
1453626,1454133,507,id00817
1454133,1454502,369,id00817
1454502,1454912,410,id00817
1454912,1455506,594,id00817
1455506,1455875,369,id00817
1455875,1456193,318,id00817
1456193,1457033,840,id00817
1457033,1458088,1055,id00817
1458088,1458508,420,id00817
1458508,1458826,318,id00817
1458826,1459497,671,id00817
1459497,1460066,569,id00817
1460066,1461014,948,id00817
1461014,1461726,712,id00817
1461726,1462172,446,id00817
1462172,1463406,1234,id00817
1463406,1464845,1439,id00817
1464845,1465951,1106,id00817
1465951,1466397,446,id00817
1466397,1467913,1516,id00817
1467913,1468410,497,id00817
1468410,1469168,758,id00817
1469168,1470203,1035,id00817
1470203,1470977,774,id00817
1470977,1472473,1496,id00817
1472473,1474281,1808,id00817
1474281,1474619,338,id00817
1474619,1475408,789,id00817
1475408,1478091,2683,id00817
1478091,1478537,446,id00817
1478537,1478911,374,id00817
1478911,1480217,1306,id00817
1480217,1480642,425,id00817
1480642,1481805,1163,id00817
1481805,1482138,333,id00817
1482138,1482502,364,id00817
1482502,1484382,1880,id00817
1484382,1484976,594,id00817
1484976,1485483,507,id00817
1485483,1485837,354,id00817
1485837,1486201,364,id00817
1486201,1486775,574,id00817
1486775,1487308,533,id00817
1487308,1488077,769,id00817
1488077,1488456,379,id00817
1488456,1490423,1967,id00817
1490423,1490874,451,id00817
1490874,1491294,420,id00817
1491294,1491868,574,id00817
1491868,1493440,1572,id00817
1493440,1494884,1444,id00817
1494884,1495366,482,id00817
1495366,1495720,354,id00817
1495720,1496576,856,id00817
1496576,1497048,472,id00817
1497048,1497576,528,id00817
1497576,1498524,948,id00817
1498524,1498888,364,id00817
1498888,1499252,364,id00817
1499252,1499770,518,id00817
1499770,1504558,4788,id00817
1504558,1505209,651,id00817
1505209,1506203,994,id00817
1506203,1506900,697,id00817
1506900,1507561,661,id00817
1507561,1507889,328,id00817
1507889,1508217,328,id00817
1508217,1508735,518,id00817
1508735,1510353,1618,id00817
1510353,1510717,364,id00817
1510717,1511224,507,id00817
1511224,1511696,472,id00817
1511696,1512162,466,id00817
1512162,1513181,1019,id00817
1513181,1513960,779,id00817
1513960,1515640,1680,id00817
1515640,1516019,379,id00817
1516019,1516434,415,id00817
1516434,1516839,405,id00817
1516839,1517321,482,id00817
1517321,1517823,502,id00817
1517823,1518341,518,id00817
1518341,1518925,584,id00817
1518925,1519381,456,id00817
1519381,1519806,425,id00817
1519806,1520216,410,id00817
1520216,1520626,410,id00817
1520626,1521092,466,id00817
1521092,1521625,533,id00817
1521625,1521979,354,id00817
1521979,1522410,431,id00817
1522410,1523266,856,id00817
1523266,1523656,390,id00817
1523656,1524051,395,id00817
1524051,1525296,1245,id00817
1525296,1525650,354,id00817
1525650,1526531,881,id00817
1526531,1527433,902,id00817
1527433,1527756,323,id00817
1527756,1528084,328,id00817
1528084,1528530,446,id00817
1528530,1528879,349,id00817
1528879,1529269,390,id00817
1529269,1530099,830,id00817
1530099,1530463,364,id00817
1530463,1530935,472,id00817
1530935,1531330,395,id00817
1531330,1531648,318,id00817
1531648,1532012,364,id00817
1532012,1532402,390,id00817
1532402,1532776,374,id00817
1532776,1533094,318,id00817
1533094,1533694,600,id00817
1533694,1534094,400,id00817
1534094,1534494,400,id00817
1534494,1534909,415,id00817
1534909,1535273,364,id00817
1535273,1535842,569,id00817
1535842,1536232,390,id00817
1536232,1536611,379,id00817
1536611,1537093,482,id00817
1537093,1537421,328,id00817
1537421,1538154,733,id00817
1538154,1538549,395,id00817
1538549,1538877,328,id00817
1538877,1539338,461,id00817
1539338,1540025,687,id00817
1540025,1540558,533,id00817
1540558,1541009,451,id00817
1541009,1541373,364,id00817
1541373,1542116,743,id00817
1542116,1542490,374,id00817
1542490,1543084,594,id00817
1543084,1543817,733,id00817
1543817,1544319,502,id00817
1544319,1544775,456,id00817
1544775,1545175,400,id00817
1545175,1546041,866,id00817
1546041,1546379,338,id00817
1546379,1546784,405,id00817
1546784,1547215,431,id00817
1547215,1547687,472,id00817
1547687,1548143,456,id00817
1548143,1548855,712,id00817
1548855,1549173,318,id00817
1549173,1549629,456,id00817
1549629,1550254,625,id00817
1550254,1550777,523,id00817
1550777,1552047,1270,id00817
1552047,1552467,420,id00817
1552467,1552877,410,id00817
1552877,1553221,344,id00817
1553221,1553590,369,id00817
1553590,1554374,784,id00817
1554374,1554728,354,id00817
1554728,1555046,318,id00817
1555046,1555784,738,id00817
1555784,1556225,441,id00817
1556225,1556686,461,id00817
1556686,1557306,620,id00817
1557306,1557624,318,id00817
1557624,1558285,661,id00817
1558285,1559074,789,id00817
1559074,1559494,420,id00817
1559494,1560012,518,id00817
1560012,1560366,354,id00817
1560366,1560756,390,id00817
1560756,1561074,318,id00817
1561074,1561494,420,id00817
1561494,1561914,420,id00817
1561914,1562283,369,id00817
1562283,1562678,395,id00817
1562678,1563216,538,id00817
1563216,1563841,625,id00817
1563841,1564190,349,id00817
1564190,1565261,1071,id00817
1565261,1565579,318,id00817
1565579,1565943,364,id00817
1565943,1566271,328,id00817
1566271,1566727,456,id00817
1566727,1567250,523,id00817
1567250,1567834,584,id00817
1567834,1568213,379,id00817
1568213,1568761,548,id00817
1568761,1569258,497,id00817
1569258,1569576,318,id00817
1569576,1570027,451,id00817
1570027,1570560,533,id00817
1570560,1570888,328,id00817
1570888,1571375,487,id00817
1571375,1571857,482,id00817
1571857,1572252,395,id00817
1572252,1572836,584,id00817
1572836,1573287,451,id00817
1573287,1573707,420,id00817
1573707,1574547,840,id00817
1574547,1575218,671,id00817
1575218,1575567,349,id00817
1575567,1575905,338,id00817
1575905,1576448,543,id00817
1576448,1576945,497,id00817
1576945,1577565,620,id00817
1577565,1578303,738,id00817
1578303,1579046,743,id00817
1579046,1579543,497,id00817
1579543,1579953,410,id00817
1579953,1580496,543,id00817
1580496,1581567,1071,id00817
1581567,1581921,354,id00817
1581921,1582531,610,id00817
1582531,1583484,953,id00817
1583484,1583828,344,id00817
1583828,1584653,825,id00817
1584653,1585130,477,id00817
1585130,1586585,1455,id00817
1586585,1587246,661,id00817
1587246,1587968,722,id00817
1587968,1588696,728,id00817
1588696,1589024,328,id00817
1589024,1589644,620,id00817
1589644,1590131,487,id00817
1590131,1590551,420,id00817
1590551,1590920,369,id00817
1590920,1593178,2258,id00817
1593178,1593757,579,id00817
1593757,1594556,799,id00817
1594556,1594971,415,id00817
1594971,1595745,774,id00817
1595745,1596160,415,id00817
1596160,1596637,477,id00817
1596637,1597042,405,id00817
1597042,1598072,1030,id00817
1598072,1598544,472,id00817
1598544,1600137,1593,id00817
1600137,1600639,502,id00817
1600639,1601080,441,id00817
1601080,1601582,502,id00817
1601582,1601951,369,id00866
1601951,1602341,390,id00866
1602341,1602941,600,id00866
1602941,1603336,395,id00866
1603336,1603669,333,id00866
1603669,1604417,748,id00866
1604417,1605191,774,id00866
1605191,1605842,651,id00866
1605842,1606257,415,id00866
1606257,1606729,472,id00866
1606729,1608184,1455,id00866
1608184,1608932,748,id00866
1608932,1609526,594,id00866
1609526,1609849,323,id00866
1609849,1610551,702,id00866
1610551,1611033,482,id00866
1611033,1611484,451,id00866
1611484,1612299,815,id00866
1612299,1612643,344,id00866
1612643,1612997,354,id00866
1612997,1613904,907,id00866
1613904,1615092,1188,id00866
1615092,1615430,338,id00866
1615430,1615784,354,id00866
1615784,1616358,574,id00866
1616358,1616942,584,id00866
1616942,1617291,349,id00866
1617291,1618602,1311,id00866
1618602,1619171,569,id00866
1619171,1619781,610,id00866
1619781,1622567,2786,id00866
1622567,1622905,338,id00866
1622905,1623366,461,id00866
1623366,1623889,523,id00866
1623889,1624233,344,id00866
1624233,1624843,610,id00866
1624843,1626687,1844,id00866
1626687,1627307,620,id00866
1627307,1627779,472,id00866
1627779,1628215,436,id00866
1628215,1628707,492,id00866
1628707,1629266,559,id00866
1629266,1629860,594,id00866
1629860,1630403,543,id00866
1630403,1631489,1086,id00866
1631489,1631914,425,id00866
1631914,1632483,569,id00866
1632483,1632837,354,id00866
1632837,1633339,502,id00866
1633339,1633713,374,id00866
1633713,1634179,466,id00866
1634179,1635367,1188,id00866
1635367,1636934,1567,id00866
1636934,1638133,1199,id00866
1638133,1639204,1071,id00866
1639204,1639527,323,id00866
1639527,1640050,523,id00866
1640050,1640491,441,id00866
1640491,1640947,456,id00866
1640947,1641326,379,id00866
1641326,1642115,789,id00866
1642115,1642469,354,id00866
1642469,1642807,338,id00866
1642807,1643151,344,id00866
1643151,1643479,328,id00866
1643479,1643838,359,id00866
1643838,1644873,1035,id00866
1644873,1645918,1045,id00866
1645918,1646477,559,id00866
1646477,1647051,574,id00866
1647051,1648132,1081,id00866
1648132,1648486,354,id00866
1648486,1649208,722,id00866
1649208,1649633,425,id00866
1649633,1650028,395,id00866
1650028,1650996,968,id00866
1650996,1654662,3666,id00866
1654662,1655016,354,id00866
1655016,1655687,671,id00866
1655687,1656225,538,id00866
1656225,1656625,400,id00866
1656625,1656958,333,id00866
1656958,1657368,410,id00866
1657368,1657712,344,id00866
1657712,1658066,354,id00866
1658066,1658763,697,id00866
1658763,1659265,502,id00866
1659265,1659737,472,id00866
1659737,1662584,2847,id00866
1662584,1663066,482,id00866
1663066,1663589,523,id00866
1663589,1664189,600,id00866
1664189,1665321,1132,id00866
1665321,1665772,451,id00866
1665772,1666469,697,id00866
1666469,1667120,651,id00866
1667120,1667489,369,id00866
1667489,1668636,1147,id00866
1668636,1669292,656,id00866
1669292,1669753,461,id00866
1669753,1670578,825,id00866
1670578,1671091,513,id00866
1671091,1671486,395,id00866
1671486,1671840,354,id00866
1671840,1672363,523,id00866
1672363,1672978,615,id00866
1672978,1673373,395,id00866
1673373,1673768,395,id00866
1673768,1674183,415,id00866
1674183,1675033,850,id00866
1675033,1675586,553,id00866
1675586,1675950,364,id00866
1675950,1676468,518,id00866
1676468,1676801,333,id00866
1676801,1677795,994,id00866
1677795,1678215,420,id00866
1678215,1678610,395,id00866
1678610,1678969,359,id00866
1678969,1679441,472,id00866
1679441,1680701,1260,id00866
1680701,1681096,395,id00866
1681096,1681588,492,id00866
1681588,1682249,661,id00866
1682249,1682613,364,id00866
1682613,1682972,359,id00866
1682972,1683408,436,id00866
1683408,1683895,487,id00866
1683895,1684617,722,id00866
1684617,1685160,543,id00866
1685160,1685509,349,id00866
1685509,1685837,328,id00866
1685837,1686375,538,id00866
1686375,1686934,559,id00866
1686934,1687298,364,id00866
1687298,1687723,425,id00866
1687723,1688461,738,id00866
1688461,1689311,850,id00866
1689311,1689772,461,id00866
1689772,1690121,349,id00866
1690121,1690623,502,id00866
1690623,1691013,390,id00866
1691013,1692759,1746,id00866
1692759,1695186,2427,id00866
1695186,1700455,5269,id00866
1700455,1701500,1045,id00866
1701500,1703103,1603,id00866
1703103,1703713,610,id00866
1703713,1704343,630,id00866
1704343,1704697,354,id00866
1704697,1706177,1480,id00866
1706177,1708082,1905,id00866
1708082,1711764,3682,id00866
1711764,1712957,1193,id00866
1712957,1713280,323,id00866
1713280,1713634,354,id00866
1713634,1714397,763,id00866
1714397,1715811,1414,id00866
1715811,1716651,840,id00866
1716651,1717271,620,id00866
1717271,1717676,405,id00866
1717676,1718450,774,id00866
1718450,1719659,1209,id00866
1719659,1720212,553,id00866
1720212,1721539,1327,id00866
1721539,1722016,477,id00866
1722016,1722441,425,id00866
1722441,1723169,728,id00866
1723169,1724301,1132,id00866
1724301,1724737,436,id00866
1724737,1726002,1265,id00866
1726002,1726422,420,id00866
1726422,1726981,559,id00866
1726981,1727427,446,id00866
1727427,1729199,1772,id00866
1729199,1729650,451,id00866
1729650,1730429,779,id00866
1730429,1731576,1147,id00866
1731576,1732099,523,id00866
1732099,1732975,876,id00866
1732975,1733877,902,id00866
1733877,1734308,431,id00866
1734308,1734698,390,id00866
1734698,1737177,2479,id00866
1737177,1737853,676,id00866
1737853,1738330,477,id00866
1738330,1738899,569,id00866
1738899,1739217,318,id00866
1739217,1739637,420,id00866
1739637,1740452,815,id00866
1740452,1741548,1096,id00866
1741548,1742066,518,id00866
1742066,1742814,748,id00866
1742814,1743362,548,id00866
1743362,1743828,466,id00866
1743828,1744182,354,id00866
1744182,1745079,897,id00866
1745079,1745929,850,id00866
1745929,1746273,344,id00866
1746273,1746729,456,id00866
1746729,1747262,533,id00866
1747262,1747662,400,id00866
1747662,1748052,390,id00866
1748052,1748457,405,id00866
1748457,1748939,482,id00866
1748939,1749334,395,id00866
1749334,1749785,451,id00866
1749785,1750282,497,id00866
1750282,1750825,543,id00866
1750825,1751583,758,id00866
1751583,1752259,676,id00866
1752259,1752664,405,id00866
1752664,1753054,390,id00866
1753054,1753546,492,id00866
1753546,1754478,932,id00866
1754478,1755805,1327,id00866
1755805,1756405,600,id00866
1756405,1756790,385,id00866
1756790,1757425,635,id00866
1757425,1757748,323,id00866
1757748,1758332,584,id00866
1758332,1759264,932,id00866
1759264,1759864,600,id00866
1759864,1760407,543,id00866
1760407,1760863,456,id00866
1760863,1761626,763,id00866
1761626,1763132,1506,id00866
1763132,1763675,543,id00866
1763675,1764008,333,id00866
1764008,1764326,318,id00866
1764326,1765074,748,id00866
1765074,1765418,344,id00866
1765418,1766883,1465,id00866
1766883,1767278,395,id00866
1767278,1767693,415,id00866
1767693,1768533,840,id00866
1768533,1770013,1480,id00866
1770013,1771708,1695,id00866
1771708,1772881,1173,id00866
1772881,1773245,364,id00866
1773245,1773742,497,id00866
1773742,1774505,763,id00866
1774505,1775304,799,id00866
1775304,1776006,702,id00866
1776006,1776355,349,id00866
1776355,1776760,405,id00866
1776760,1778624,1864,id00866
1778624,1779152,528,id00866
1779152,1780038,886,id00866
1780038,1780510,472,id00866
1780510,1782164,1654,id00866
1782164,1783224,1060,id00866
1783224,1783619,395,id00866
1783619,1784869,1250,id00866
1784869,1785561,692,id00866
1785561,1786324,763,id00866
1786324,1786975,651,id00866
1786975,1787493,518,id00866
1787493,1788149,656,id00866
1788149,1789040,891,id00866
1789040,1789471,431,id00866
1789471,1789866,395,id00866
1789866,1790322,456,id00866
1790322,1790707,385,id00866
1790707,1791230,523,id00866
1791230,1791615,385,id00866
1791615,1792061,446,id00866
1792061,1793731,1670,id00866
1793731,1794110,379,id00866
1794110,1795309,1199,id00866
1795309,1796881,1572,id00866
1796881,1797977,1096,id00866
1797977,1799170,1193,id00866
1799170,1799933,763,id00926
1799933,1800307,374,id00926
1800307,1800697,390,id00926
1800697,1801097,400,id00926
1801097,1801574,477,id00926
1801574,1801989,415,id00926
1801989,1802461,472,id00926
1802461,1802943,482,id00926
1802943,1803435,492,id00926
1803435,1803768,333,id00926
1803768,1804132,364,id00926
1804132,1805095,963,id00926
1805095,1805567,472,id00926
1805567,1806597,1030,id00926
1806597,1806920,323,id00926
1806920,1807381,461,id00926
1807381,1807714,333,id00926
1807714,1808355,641,id00926
1808355,1808796,441,id00926
1808796,1809288,492,id00926
1809288,1809785,497,id00926
1809785,1810702,917,id00926
1810702,1811163,461,id00926
1811163,1811558,395,id00926
1811558,1812101,543,id00926
1812101,1812475,374,id00926
1812475,1813121,646,id00926
1813121,1813541,420,id00926
1813541,1814043,502,id00926
1814043,1814771,728,id00926
1814771,1815668,897,id00926
1815668,1816175,507,id00926
1816175,1816759,584,id00926
1816759,1817123,364,id00926
1817123,1817651,528,id00926
1817651,1818041,390,id00926
1818041,1818492,451,id00926
1818492,1818948,456,id00926
1818948,1819445,497,id00926
1819445,1820833,1388,id00926
1820833,1821197,364,id00926
1821197,1821863,666,id00926
1821863,1822222,359,id00926
1822222,1822617,395,id00926
1822617,1823339,722,id00926
1823339,1823657,318,id00926
1823657,1824154,497,id00926
1824154,1824574,420,id00926
1824574,1825097,523,id00926
1825097,1825430,333,id00926
1825430,1826024,594,id00926
1826024,1826874,850,id00926
1826874,1827832,958,id00926
1827832,1828165,333,id00926
1828165,1828616,451,id00926
1828616,1829098,482,id00926
1829098,1829447,349,id00926
1829447,1829775,328,id00926
1829775,1830124,349,id00926
1830124,1830570,446,id00926
1830570,1831205,635,id00926
1831205,1831600,395,id00926
1831600,1831979,379,id00926
1831979,1832307,328,id00926
1832307,1832758,451,id00926
1832758,1833230,472,id00926
1833230,1833584,354,id00926
1833584,1833912,328,id00926
1833912,1835039,1127,id00926
1835039,1835439,400,id00926
1835439,1835757,318,id00926
1835757,1836085,328,id00926
1836085,1836736,651,id00926
1836736,1837325,589,id00926
1837325,1837960,635,id00926
1837960,1838314,354,id00926
1838314,1838699,385,id00926
1838699,1839693,994,id00926
1839693,1840492,799,id00926
1840492,1840964,472,id00926
1840964,1841958,994,id00926
1841958,1842634,676,id00926
1842634,1843085,451,id00926
1843085,1843403,318,id00926
1843403,1843859,456,id00926
1843859,1844397,538,id00926
1844397,1844997,600,id00926
1844997,1845371,374,id00926
1845371,1845868,497,id00926
1845868,1846509,641,id00926
1846509,1846827,318,id00926
1846827,1847171,344,id00926
1847171,1847566,395,id00926
1847566,1847930,364,id00926
1847930,1848350,420,id00926
1848350,1848842,492,id00926
1848842,1849390,548,id00926
1849390,1849841,451,id00926
1849841,1850584,743,id00926
1850584,1850907,323,id00926
1850907,1852029,1122,id00926
1852029,1852388,359,id00926
1852388,1853392,1004,id00926
1853392,1853940,548,id00926
1853940,1854734,794,id00926
1854734,1855267,533,id00926
1855267,1855749,482,id00926
1855749,1856410,661,id00926
1856410,1857788,1378,id00926
1857788,1858690,902,id00926
1858690,1859049,359,id00926
1859049,1859439,390,id00926
1859439,1859977,538,id00926
1859977,1860356,379,id00926
1860356,1860904,548,id00926
1860904,1861237,333,id00926
1861237,1861555,318,id00926
1861555,1861888,333,id00926
1861888,1862467,579,id00926
1862467,1863200,733,id00926
1863200,1863518,318,id00926
1863518,1864368,850,id00926
1864368,1864819,451,id00926
1864819,1865188,369,id00926
1865188,1865583,395,id00926
1865583,1865947,364,id00926
1865947,1866316,369,id00926
1866316,1866680,364,id00926
1866680,1867136,456,id00926
1867136,1867515,379,id00926
1867515,1867833,318,id00926
1867833,1868381,548,id00926
1868381,1868730,349,id00926
1868730,1869058,328,id00926
1869058,1869396,338,id00926
1869396,1869862,466,id00926
1869862,1870410,548,id00926
1870410,1870800,390,id00926
1870800,1871195,395,id00926
1871195,1871549,354,id00926
1871549,1872041,492,id00926
1872041,1872420,379,id00926
1872420,1872748,328,id00926
1872748,1873476,728,id00926
1873476,1874219,743,id00926
1874219,1874614,395,id00926
1874614,1874932,318,id00926
1874932,1875496,564,id00926
1875496,1875927,431,id00926
1875927,1876271,344,id00926
1876271,1876635,364,id00926
1876635,1877055,420,id00926
1877055,1877747,692,id00926
1877747,1878357,610,id00926
1878357,1878982,625,id00926
1878982,1879423,441,id00926
1879423,1880002,579,id00926
1880002,1880494,492,id00926
1880494,1880812,318,id00926
1880812,1881248,436,id00926
1881248,1881617,369,id00926
1881617,1882155,538,id00926
1882155,1883302,1147,id00926
1883302,1883794,492,id01000
1883794,1884112,318,id01000
1884112,1884450,338,id01000
1884450,1884870,420,id01000
1884870,1885265,395,id01000
1885265,1885839,574,id01000
1885839,1886449,610,id01000
1886449,1886828,379,id01000
1886828,1887279,451,id01000
1887279,1887694,415,id01000
1887694,1888140,446,id01000
1888140,1888893,753,id01000
1888893,1889334,441,id01000
1889334,1890041,707,id01000
1890041,1890866,825,id01000
1890866,1891384,518,id01000
1891384,1892071,687,id01000
1892071,1892507,436,id01000
1892507,1892958,451,id01000
1892958,1893348,390,id01000
1893348,1894065,717,id01000
1894065,1894537,472,id01000
1894537,1895224,687,id01000
1895224,1895573,349,id01000
1895573,1896091,518,id01000
1896091,1896890,799,id01000
1896890,1897505,615,id01000
1897505,1897946,441,id01000
1897946,1898505,559,id01000
1898505,1898843,338,id01000
1898843,1899258,415,id01000
1899258,1899801,543,id01000
1899801,1900252,451,id01000
1900252,1900872,620,id01000
1900872,1901251,379,id01000
1901251,1901989,738,id01000
1901989,1902737,748,id01000
1902737,1903408,671,id01000
1903408,1904438,1030,id01000
1904438,1905109,671,id01000
1905109,1905806,697,id01000
1905806,1906498,692,id01000
1906498,1906821,323,id01000
1906821,1907226,405,id01000
1907226,1907713,487,id01000
1907713,1908476,763,id01000
1908476,1908835,359,id01000
1908835,1909179,344,id01000
1909179,1909722,543,id01000
1909722,1910163,441,id01000
1910163,1910594,431,id01000
1910594,1910922,328,id01000
1910922,1911271,349,id01000
1911271,1911676,405,id01000
1911676,1912020,344,id01000
1912020,1912410,390,id01000
1912410,1912953,543,id01000
1912953,1913496,543,id01000
1913496,1913927,431,id01000
1913927,1914291,364,id01000
1914291,1914722,431,id01000
1914722,1915066,344,id01000
1915066,1915512,446,id01000
1915512,1916449,937,id01000
1916449,1916828,379,id01000
1916828,1917156,328,id01000
1917156,1918554,1398,id01000
1918554,1919010,456,id01000
1919010,1919425,415,id01000
1919425,1920572,1147,id01000
1920572,1921146,574,id01000
1921146,1921490,344,id01000
1921490,1921946,456,id01000
1921946,1922366,420,id01000
1922366,1923938,1572,id01000
1923938,1924932,994,id01000
1924932,1925624,692,id01000
1925624,1926940,1316,id01000
1926940,1927294,354,id01000
1927294,1928365,1071,id01000
1928365,1929134,769,id01000
1929134,1929580,446,id01000
1929580,1930308,728,id01000
1930308,1930836,528,id01000
1930836,1931241,405,id01000
1931241,1931728,487,id01000
1931728,1932507,779,id01000
1932507,1932851,344,id01000
1932851,1933338,487,id01000
1933338,1933687,349,id01000
1933687,1934020,333,id01000
1934020,1934553,533,id01000
1934553,1934891,338,id01000
1934891,1935951,1060,id01000
1935951,1936801,850,id01000
1936801,1937795,994,id01000
1937795,1938415,620,id01000
1938415,1939614,1199,id01000
1939614,1940623,1009,id01000
1940623,1941258,635,id01000
1941258,1941791,533,id01000
1941791,1942452,661,id01000
1942452,1942770,318,id01000
1942770,1943108,338,id01000
1943108,1943487,379,id01000
1943487,1944527,1040,id01000
1944527,1945352,825,id01000
1945352,1946325,973,id01000
1946325,1947114,789,id01000
1947114,1947637,523,id01000
1947637,1948590,953,id01000
1948590,1948944,354,id01000
1948944,1949272,328,id01000
1949272,1949590,318,id01000
1949590,1950174,584,id01000
1950174,1950594,420,id01000
1950594,1950994,400,id01000
1950994,1952228,1234,id01000
1952228,1953288,1060,id01000
1953288,1954282,994,id01000
1954282,1955086,804,id01000
1955086,1955414,328,id01000
1955414,1955860,446,id01000
1955860,1956219,359,id01000
1956219,1956701,482,id01000
1956701,1957582,881,id01000
1957582,1957900,318,id01000
1957900,1958264,364,id01000
1958264,1958613,349,id01000
1958613,1958931,318,id01000
1958931,1959551,620,id01000
1959551,1960053,502,id01000
1960053,1960391,338,id01000
1960391,1961195,804,id01000
1961195,1961641,446,id01000
1961641,1961995,354,id01000
1961995,1962543,548,id01000
1962543,1962892,349,id01000
1962892,1963210,318,id01000
1963210,1963697,487,id01000
1963697,1964082,385,id01000
1964082,1964441,359,id01000
1964441,1964861,420,id01000
1964861,1965471,610,id01000
1965471,1966024,553,id01000
1966024,1966613,589,id01000
1966613,1966946,333,id01000
1966946,1967310,364,id01000
1967310,1967776,466,id01000
1967776,1968150,374,id01000
1968150,1968657,507,id01000
1968657,1968995,338,id01000
1968995,1969461,466,id01000
1969461,1969994,533,id01000
1969994,1970701,707,id01041
1970701,1971167,466,id01041
1971167,1971905,738,id01041
1971905,1972310,405,id01041
1972310,1973058,748,id01041
1973058,1973402,344,id01041
1973402,1974063,661,id01041
1974063,1974821,758,id01041
1974821,1975149,328,id01041
1975149,1976844,1695,id01041
1976844,1977566,722,id01041
1977566,1978242,676,id01041
1978242,1978586,344,id01041
1978586,1978914,328,id01041
1978914,1979580,666,id01041
1979580,1979918,338,id01041
1979918,1980241,323,id01041
1980241,1980564,323,id01041
1980564,1980923,359,id01041
1980923,1981313,390,id01041
1981313,1981631,318,id01041
1981631,1983265,1634,id01041
1983265,1983665,400,id01041
1983665,1984239,574,id01041
1984239,1984618,379,id01041
1984618,1984936,318,id01041
1984936,1985321,385,id01041
1985321,1985680,359,id01041
1985680,1986008,328,id01041
1986008,1986346,338,id01041
1986346,1986766,420,id01041
1986766,1987104,338,id01041
1987104,1987448,344,id01041
1987448,1987920,472,id01041
1987920,1988294,374,id01041
1988294,1988684,390,id01041
1988684,1989048,364,id01041
1989048,1989453,405,id01041
1989453,1989873,420,id01041
1989873,1990283,410,id01041
1990283,1990708,425,id01041
1990708,1991041,333,id01041
1991041,1992593,1552,id01041
1992593,1993305,712,id01041
1993305,1993833,528,id01041
1993833,1994330,497,id01041
1994330,1995088,758,id01041
1995088,1995790,702,id01041
1995790,1996123,333,id01041
1996123,1996477,354,id01041
1996477,1996805,328,id01041
1996805,1997302,497,id01041
1997302,1997727,425,id01041
1997727,1998071,344,id01041
1998071,1998389,318,id01041
1998389,1998922,533,id01041
1998922,1999266,344,id01041
1999266,1999610,344,id01041
1999610,2000107,497,id01041
2000107,2000655,548,id01041
2000655,2001034,379,id01041
2001034,2001582,548,id01041
2001582,2002699,1117,id01041
2002699,2003319,620,id01041
2003319,2003765,446,id01041
2003765,2004093,328,id01041
2004093,2005583,1490,id01041
2005583,2006270,687,id01041
2006270,2006649,379,id01041
2006649,2007054,405,id01041
2007054,2007408,354,id01041
2007408,2008008,600,id01041
2008008,2008951,943,id01041
2008951,2009423,472,id01041
2009423,2009936,513,id01041
2009936,2010331,395,id01041
2010331,2010905,574,id01041
2010905,2012395,1490,id01041
2012395,2013681,1286,id01041
2013681,2014014,333,id01041
2014014,2014506,492,id01041
2014506,2015362,856,id01041
2015362,2016596,1234,id01041
2016596,2017452,856,id01041
2017452,2017903,451,id01041
2017903,2019777,1874,id01041
2019777,2020249,472,id01041
2020249,2021857,1608,id01041
2021857,2023040,1183,id01041
2023040,2023967,927,id01041
2023967,2024705,738,id01041
2024705,2025023,318,id01041
2025023,2025633,610,id01041
2025633,2026207,574,id01041
2026207,2027150,943,id01041
2027150,2027632,482,id01041
2027632,2029870,2238,id01041
2029870,2030541,671,id01041
2030541,2030905,364,id01041
2030905,2031674,769,id01041
2031674,2032320,646,id01041
2032320,2032679,359,id01041
2032679,2033202,523,id01041
2033202,2033802,600,id01041
2033802,2034146,344,id01041
2034146,2034833,687,id01041
2034833,2035427,594,id01041
2035427,2035776,349,id01041
2035776,2036217,441,id01041
2036217,2036658,441,id01041
2036658,2037247,589,id01041
2037247,2037565,318,id01041
2037565,2037919,354,id01041
2037919,2038314,395,id01041
2038314,2038693,379,id01041
2038693,2039031,338,id01041
2039031,2039426,395,id01041
2039426,2039969,543,id01041
2039969,2040302,333,id01041
2040302,2040630,328,id01041
2040630,2041081,451,id01041
2041081,2041522,441,id01041
2041522,2041978,456,id01041
2041978,2042316,338,id01041
2042316,2042859,543,id01041
2042859,2043254,395,id01041
2043254,2043848,594,id01041
2043848,2044192,344,id01041
2044192,2044858,666,id01041
2044858,2045319,461,id01041
2045319,2046169,850,id01041
2046169,2046589,420,id01041
2046589,2047235,646,id01041
2047235,2047589,354,id01041
2047589,2048020,431,id01041
2048020,2048722,702,id01041
2048722,2049229,507,id01041
2049229,2049634,405,id01041
2049634,2050039,405,id01041
2050039,2050572,533,id01041
2050572,2050910,338,id01041
2050910,2051530,620,id01041
2051530,2052795,1265,id01041
2052795,2053133,338,id01041
2053133,2053461,328,id01041
2053461,2054076,615,id01041
2054076,2054461,385,id01041
2054461,2055532,1071,id01041
2055532,2056818,1286,id01041
2056818,2057530,712,id01041
2057530,2057853,323,id01041
2057853,2058985,1132,id01041
2058985,2059774,789,id01041
2059774,2060215,441,id01041
2060215,2060768,553,id01041
2060768,2061542,774,id01041
2061542,2061860,318,id01041
2061860,2062603,743,id01041
2062603,2063187,584,id01041
2063187,2063700,513,id01041
2063700,2064141,441,id01041
2064141,2064546,405,id01041
2064546,2064890,344,id01041
2064890,2065945,1055,id01041
2065945,2067231,1286,id01041
2067231,2067969,738,id01041
2067969,2068389,420,id01041
2068389,2068896,507,id01041
2068896,2070335,1439,id01041
2070335,2070714,379,id01041
2070714,2071175,461,id01041
2071175,2072297,1122,id01041
2072297,2072963,666,id01041
2072963,2073706,743,id01041
2073706,2074137,431,id01041
2074137,2074655,518,id01041
2074655,2075152,497,id01041
2075152,2075634,482,id01041
2075634,2076070,436,id01041
2076070,2078293,2223,id01041
2078293,2078718,425,id01041
2078718,2079103,385,id01041
2079103,2079447,344,id01041
2079447,2079847,400,id01041
2079847,2080221,374,id01041
2080221,2080621,400,id01041
2080621,2081011,390,id01041
2081011,2081539,528,id01041
2081539,2082103,564,id01041
2082103,2082790,687,id01041
2082790,2083118,328,id01041
2083118,2083584,466,id01041
2083584,2084091,507,id01041
2084091,2084496,405,id01041
2084496,2084901,405,id01041
2084901,2085429,528,id01041
2085429,2085972,543,id01041
2085972,2086551,579,id01041
2086551,2087110,559,id01041
2087110,2087576,466,id01041
2087576,2087950,374,id01041
2087950,2088841,891,id01041
2088841,2089169,328,id01041
2089169,2089635,466,id01041
2089635,2090107,472,id01041
2090107,2090451,344,id01041
2090451,2090866,415,id01041
2090866,2091225,359,id01041
2091225,2091563,338,id01041
2091563,2091891,328,id01041
2091891,2092363,472,id01041
2092363,2092727,364,id01041
2092727,2093152,425,id01041
2093152,2093506,354,id01041
2093506,2093901,395,id01041
2093901,2094332,431,id01041
2094332,2094681,349,id01041
2094681,2095414,733,id01041
2095414,2095752,338,id01041
2095752,2096311,559,id01041
2096311,2096639,328,id01041
2096639,2097018,379,id01041
2097018,2097474,456,id01041
2097474,2097843,369,id01041
2097843,2098217,374,id01041
2098217,2098653,436,id01041
2098653,2099836,1183,id01041
2099836,2100809,973,id01041
2100809,2101531,722,id01041
2101531,2101916,385,id01041
2101916,2102301,385,id01041
2102301,2103254,953,id01041
2103254,2104017,763,id01041
2104017,2105001,984,id01041
2105001,2105841,840,id01041
2105841,2106164,323,id01041
2106164,2106743,579,id01041
2106743,2107276,533,id01041
2107276,2107599,323,id01041
2107599,2108045,446,id01041
2108045,2109064,1019,id01041
2109064,2109612,548,id01041
2109612,2110063,451,id01041
2110063,2110750,687,id01041
2110750,2111324,574,id01041
2111324,2111703,379,id01041
2111703,2112512,809,id01041
2112512,2112861,349,id01041
2112861,2113414,553,id01041
2113414,2113911,497,id01041
2113911,2114255,344,id01041
2114255,2114701,446,id01041
2114701,2115275,574,id01041
2115275,2115721,446,id01041
2115721,2116049,328,id01041
2116049,2116674,625,id01041
2116674,2117125,451,id01041
2117125,2117699,574,id01041
2117699,2118058,359,id01041
2118058,2118376,318,id01041
2118376,2118817,441,id01041
2118817,2119309,492,id01041
2119309,2120180,871,id01041
2120180,2120595,415,id01041
2120595,2120974,379,id01041
2120974,2122608,1634,id01041
2122608,2123105,497,id01041
2123105,2123479,374,id01041
2123479,2123879,400,id01041
2123879,2124392,513,id01041
2124392,2124751,359,id01041
2124751,2125397,646,id01041
2125397,2125746,349,id01041
2125746,2126136,390,id01041
2126136,2126474,338,id01041
2126474,2126869,395,id01041
2126869,2127243,374,id01041
2127243,2127689,446,id01041
2127689,2128068,379,id01041
2128068,2128432,364,id01041
2128432,2129052,620,id01041
2129052,2129979,927,id01041
2129979,2131577,1598,id01041
2131577,2132811,1234,id01041
2132811,2133134,323,id01041
2133134,2133554,420,id01041
2133554,2133944,390,id01041
2133944,2134313,369,id01041
2134313,2134662,349,id01041
2134662,2135006,344,id01041
2135006,2135754,748,id01041
2135754,2136190,436,id01041
2136190,2136636,446,id01041
2136636,2137000,364,id01041
2137000,2137410,410,id01041
2137410,2137748,338,id01041
2137748,2138317,569,id01041
2138317,2138753,436,id01041
2138753,2139138,385,id01041
2139138,2139809,671,id01041
2139809,2140951,1142,id01041
2140951,2141561,610,id01041
2141561,2142570,1009,id01041
2142570,2143016,446,id01041
2143016,2143385,369,id01041
2143385,2144389,1004,id01041
2144389,2144840,451,id01041
2144840,2145363,523,id01041
2145363,2146331,968,id01041
2146331,2147212,881,id01041
2147212,2148513,1301,id01041
2148513,2148985,472,id01041
2148985,2149375,390,id01041
2149375,2149765,390,id01041
2149765,2150293,528,id01041
2150293,2150821,528,id01041
2150821,2151774,953,id01041
2151774,2152225,451,id01041
2152225,2153311,1086,id01041
2153311,2153885,574,id01041
2153885,2154203,318,id01041
2154203,2154577,374,id01041
2154577,2155612,1035,id01041
2155612,2156084,472,id01041
2156084,2156448,364,id01041
2156448,2156991,543,id01041
2156991,2157898,907,id01041
2157898,2158329,431,id01041
2158329,2158749,420,id01041
2158749,2159093,344,id01041
2159093,2159437,344,id01041
2159437,2159939,502,id01041
2159939,2160359,420,id01041
2160359,2160713,354,id01041
2160713,2161190,477,id01041
2161190,2161626,436,id01041
2161626,2162041,415,id01041
2162041,2162410,369,id01041
2162410,2162728,318,id01041
2162728,2163363,635,id01041
2163363,2164060,697,id01041
2164060,2164654,594,id01041
2164654,2165786,1132,id01041
2165786,2166252,466,id01041
2166252,2166596,344,id01041
2166596,2167068,472,id01041
2167068,2167965,897,id01041
2167965,2169711,1746,id01041
2169711,2171360,1649,id01041
2171360,2171734,374,id01041
2171734,2172083,349,id01041
2172083,2172478,395,id01041
2172478,2172914,436,id01041
2172914,2173299,385,id01041
2173299,2173878,579,id01041
2173878,2174626,748,id01041
2174626,2174985,359,id01041
2174985,2176020,1035,id01041
2176020,2176405,385,id01041
2176405,2176769,364,id01041
2176769,2177143,374,id01041
2177143,2177558,415,id01041
2177558,2177927,369,id01041
2177927,2178276,349,id01041
2178276,2178860,584,id01041
2178860,2179214,354,id01041
2179214,2179655,441,id01041
2179655,2180075,420,id01041
2180075,2180419,344,id01041
2180419,2180983,564,id01041
2180983,2181306,323,id01041
2181306,2181824,518,id01041
2181824,2182756,932,id01041
2182756,2183422,666,id01041
2183422,2183837,415,id01041
2183837,2184314,477,id01041
2184314,2184760,446,id01041
2184760,2185252,492,id01041
2185252,2185744,492,id01041
2185744,2186415,671,id01041
2186415,2186881,466,id01041
2186881,2187245,364,id01041
2187245,2187614,369,id01041
2187614,2188019,405,id01041
2188019,2188444,425,id01041
2188444,2188992,548,id01041
2188992,2189464,472,id01041
2189464,2190105,641,id01041
2190105,2190843,738,id01041
2190843,2191228,385,id01041
2191228,2191577,349,id01041
2191577,2191951,374,id01041
2191951,2192330,379,id01041
2192330,2193436,1106,id01041
2193436,2194819,1383,id01041
2194819,2195260,441,id01041
2195260,2195598,338,id01041
2195598,2196356,758,id01041
2196356,2196689,333,id01041
2196689,2197079,390,id01041
2197079,2197653,574,id01041
2197653,2198401,748,id01041
2198401,2198796,395,id01041
2198796,2199472,676,id01041
2199472,2200031,559,id01041
2200031,2200574,543,id01066
2200574,2201174,600,id01066
2201174,2202050,876,id01066
2202050,2202424,374,id01066
2202424,2203008,584,id01066
2203008,2203341,333,id01066
2203341,2203900,559,id01066
2203900,2204305,405,id01066
2204305,2204787,482,id01066
2204787,2205151,364,id01066
2205151,2205699,548,id01066
2205699,2206222,523,id01066
2206222,2206775,553,id01066
2206775,2207344,569,id01066
2207344,2207933,589,id01066
2207933,2208333,400,id01066
2208333,2208651,318,id01066
2208651,2208989,338,id01066
2208989,2209343,354,id01066
2209343,2209932,589,id01066
2209932,2210383,451,id01066
2210383,2211095,712,id01066
2211095,2211587,492,id01066
2211587,2211910,323,id01066
2211910,2212581,671,id01066
2212581,2213134,553,id01066
2213134,2214097,963,id01066
2214097,2214425,328,id01066
2214425,2214912,487,id01066
2214912,2215624,712,id01066
2215624,2216029,405,id01066
2216029,2216844,815,id01066
2216844,2217285,441,id01066
2217285,2219042,1757,id01066
2219042,2219667,625,id01066
2219667,2220123,456,id01066
2220123,2220461,338,id01066
2220461,2220876,415,id01066
2220876,2221383,507,id01066
2221383,2222597,1214,id01066
2222597,2223171,574,id01066
2223171,2223525,354,id01066
2223525,2223925,400,id01066
2223925,2224371,446,id01066
2224371,2224761,390,id01066
2224761,2225222,461,id01066
2225222,2225909,687,id01066
2225909,2226432,523,id01066
2226432,2227103,671,id01066
2227103,2227447,344,id01066
2227447,2228287,840,id01066
2228287,2228897,610,id01066
2228897,2229353,456,id01066
2229353,2230075,722,id01066
2230075,2230669,594,id01066
2230669,2231289,620,id01066
2231289,2231709,420,id01066
2231709,2232421,712,id01066
2232421,2232995,574,id01066
2232995,2233339,344,id01066
2233339,2233933,594,id01066
2233933,2235116,1183,id01066
2235116,2236053,937,id01066
2236053,2236448,395,id01066
2236448,2236889,441,id01066
2236889,2237391,502,id01066
2237391,2237796,405,id01066
2237796,2238186,390,id01066
2238186,2238555,369,id01066
2238555,2239472,917,id01066
2239472,2239887,415,id01066
2239887,2240343,456,id01066
2240343,2240681,338,id01066
2240681,2241132,451,id01066
2241132,2241470,338,id01066
2241470,2241967,497,id01066
2241967,2242403,436,id01066
2242403,2242818,415,id01066
2242818,2243397,579,id01066
2243397,2243848,451,id01066
2243848,2244166,318,id01066
2244166,2244504,338,id01066
2244504,2244822,318,id01066
2244822,2245217,395,id01066
2245217,2245719,502,id01066
2245719,2246124,405,id01066
2246124,2246575,451,id01066
2246575,2246970,395,id01066
2246970,2247442,472,id01066
2247442,2247898,456,id01066
2247898,2248421,523,id01066
2248421,2248913,492,id01066
2248913,2249323,410,id01066
2249323,2249815,492,id01066
2249815,2250179,364,id01066
2250179,2250707,528,id01066
2250707,2251086,379,id01066
2251086,2251552,466,id01066
2251552,2251916,364,id01066
2251916,2252260,344,id01066
2252260,2252614,354,id01066
2252614,2252942,328,id01066
2252942,2253296,354,id01066
2253296,2253711,415,id01066
2253711,2254177,466,id01066
2254177,2254618,441,id01066
2254618,2254987,369,id01066
2254987,2255310,323,id01066
2255310,2255700,390,id01066
2255700,2256381,681,id01066
2256381,2256909,528,id01066
2256909,2257519,610,id01066
2257519,2257934,415,id01066
2257934,2258697,763,id01066
2258697,2259046,349,id01066
2259046,2259564,518,id01066
2259564,2259882,318,id01066
2259882,2260231,349,id01066
2260231,2260887,656,id01066
2260887,2261410,523,id01066
2261410,2261728,318,id01066
2261728,2262046,318,id01066
2262046,2262405,359,id01066
2262405,2262774,369,id01066
2262774,2263128,354,id01066
2263128,2263482,354,id01066
2263482,2263820,338,id01066
2263820,2264466,646,id01066
2264466,2264989,523,id01066
2264989,2265333,344,id01066
2265333,2265748,415,id01066
2265748,2266588,840,id01066
2266588,2267054,466,id01066
2267054,2267495,441,id01066
2267495,2268228,733,id01066
2268228,2268838,610,id01066
2268838,2269489,651,id01066
2269489,2269817,328,id01066
2269817,2270196,379,id01066
2270196,2270678,482,id01066
2270678,2271114,436,id01066
2271114,2271432,318,id01066
2271432,2272078,646,id01066
2272078,2272550,472,id01066
2272550,2272940,390,id01066
2272940,2273304,364,id01066
2273304,2273622,318,id01066
2273622,2273955,333,id01066
2273955,2274452,497,id01066
2274452,2274770,318,id01066
2274770,2275144,374,id01066
2275144,2275462,318,id01066
2275462,2275990,528,id01066
2275990,2276328,338,id01066
2276328,2277091,763,id01066
2277091,2277522,431,id01066
2277522,2277881,359,id01066
2277881,2278353,472,id01066
2278353,2278748,395,id01066
2278748,2279281,533,id01066
2279281,2279799,518,id01066
2279799,2280204,405,id01066
2280204,2280583,379,id01066
2280583,2281101,518,id01066
2281101,2281752,651,id01066
2281752,2282782,1030,id01066
2282782,2283264,482,id01066
2283264,2283654,390,id01066
2283654,2284100,446,id01066
2284100,2284428,328,id01066
2284428,2284843,415,id01066
2284843,2285187,344,id01066
2285187,2285551,364,id01066
2285551,2286386,835,id01066
2286386,2287267,881,id01066
2287267,2287764,497,id01066
2287764,2288236,472,id01066
2288236,2288554,318,id01066
2288554,2288923,369,id01066
2288923,2289251,328,id01066
2289251,2289804,553,id01066
2289804,2290347,543,id01066
2290347,2290931,584,id01066
2290931,2291525,594,id01066
2291525,2291879,354,id01066
2291879,2292202,323,id01066
2292202,2292561,359,id01066
2292561,2292971,410,id01066
2292971,2293315,344,id01066
2293315,2293781,466,id01066
2293781,2294130,349,id01066
2294130,2294781,651,id01066
2294781,2295355,574,id01066
2295355,2295688,333,id01066
2295688,2296119,431,id01066
2296119,2296831,712,id01066
2296831,2297236,405,id01066
2297236,2297621,385,id01066
2297621,2298011,390,id01066
2298011,2298667,656,id01066
2298667,2299005,338,id01066
2299005,2299420,415,id01066
2299420,2299738,318,id01066
2299738,2300225,487,id01066
2300225,2300569,344,id01066
2300569,2300933,364,id01066
2300933,2301323,390,id01066
2301323,2301656,333,id01066
2301656,2303464,1808,id01066
2303464,2304355,891,id01066
2304355,2304709,354,id01066
2304709,2305662,953,id01066
2305662,2306006,344,id01066
2306006,2306718,712,id01066
2306718,2307113,395,id01066
2307113,2307953,840,id01066
2307953,2308599,646,id01066
2308599,2309019,420,id01066
2309019,2309404,385,id01066
2309404,2309742,338,id01066
2309742,2310301,559,id01066
2310301,2310680,379,id01066
2310680,2311295,615,id01066
2311295,2311838,543,id01066
2311838,2312187,349,id01066
2312187,2312515,328,id01066
2312515,2312859,344,id01066
2312859,2313279,420,id01066
2313279,2313648,369,id01066
2313648,2314079,431,id01066
2314079,2315211,1132,id01066
2315211,2315908,697,id01066
2315908,2316385,477,id01066
2316385,2316729,344,id01066
2316729,2317057,328,id01066
2317057,2317682,625,id01066
2317682,2318087,405,id01066
2318087,2318472,385,id01066
2318472,2318985,513,id01066
2318985,2319318,333,id01066
2319318,2319759,441,id01066
2319759,2320174,415,id01066
2320174,2320528,354,id01066
2320528,2320913,385,id01066
2320913,2321620,707,id01066
2321620,2322035,415,id01066
2322035,2322373,338,id01066
2322373,2322845,472,id01066
2322845,2323414,569,id01066
2323414,2325063,1649,id01066
2325063,2325663,600,id01066
2325663,2326058,395,id01066
2326058,2327651,1593,id01066
2327651,2327989,338,id01066
2327989,2328496,507,id01066
2328496,2329259,763,id01066
2329259,2329894,635,id01066
2329894,2330289,395,id01066
2330289,2330991,702,id01066
2330991,2331585,594,id01066
2331585,2332205,620,id01066
2332205,2332825,620,id01066
2332825,2333143,318,id01066
2333143,2334173,1030,id01066
2334173,2334629,456,id01066
2334629,2335438,809,id01066
2335438,2336232,794,id01066
2336232,2336652,420,id01066
2336652,2337984,1332,id01066
2337984,2338435,451,id01066
2338435,2338825,390,id01066
2338825,2339445,620,id01066
2339445,2339824,379,id01066
2339824,2340219,395,id01066
2340219,2340767,548,id01066
2340767,2341346,579,id01066
2341346,2342094,748,id01066
2342094,2342422,328,id01066
2342422,2342914,492,id01066
2342914,2343252,338,id01066
2343252,2345751,2499,id01106
2345751,2346217,466,id01106
2346217,2350554,4337,id01106
2350554,2351000,446,id01106
2351000,2352163,1163,id01106
2352163,2352640,477,id01106
2352640,2353096,456,id01106
2353096,2353527,431,id01106
2353527,2354326,799,id01106
2354326,2354874,548,id01106
2354874,2355832,958,id01106
2355832,2356570,738,id01106
2356570,2357467,897,id01106
2357467,2357933,466,id01106
2357933,2358430,497,id01106
2358430,2358871,441,id01106
2358871,2361273,2402,id01106
2361273,2362190,917,id01106
2362190,2362656,466,id01106
2362656,2362984,328,id01106
2362984,2363686,702,id01106
2363686,2364280,594,id01106
2364280,2371500,7220,id01106
2371500,2372074,574,id01106
2372074,2373759,1685,id01106
2373759,2380410,6651,id01106
2380410,2381470,1060,id01106
2381470,2384855,3385,id01106
2384855,2385496,641,id01106
2385496,2386254,758,id01106
2386254,2386961,707,id01106
2386961,2387571,610,id01106
2387571,2387909,338,id01106
2387909,2388503,594,id01106
2388503,2388944,441,id01106
2388944,2389462,518,id01106
2389462,2389939,477,id01106
2389939,2390318,379,id01106
2390318,2390682,364,id01106
2390682,2391113,431,id01106
2391113,2391451,338,id01106
2391451,2392122,671,id01106
2392122,2392583,461,id01106
2392583,2392921,338,id01106
2392921,2393618,697,id01106
2393618,2394571,953,id01106
2394571,2395206,635,id01106
2395206,2395550,344,id01106
2395550,2396201,651,id01106
2396201,2396898,697,id01106
2396898,2397236,338,id01106
2397236,2397661,425,id01106
2397661,2398010,349,id01106
2398010,2398553,543,id01106
2398553,2398963,410,id01106
2398963,2399358,395,id01106
2399358,2399707,349,id01106
2399707,2400163,456,id01106
2400163,2400609,446,id01106
2400609,2401070,461,id01106
2401070,2401577,507,id01106
2401577,2401895,318,id01106
2401895,2402438,543,id01106
2402438,2403191,753,id01106
2403191,2403965,774,id01106
2403965,2405138,1173,id01106
2405138,2405789,651,id01106
2405789,2406460,671,id01106
2406460,2406901,441,id01106
2406901,2407680,779,id01106
2407680,2408259,579,id01106
2408259,2409248,989,id01106
2409248,2409807,559,id01106
2409807,2410442,635,id01106
2410442,2413284,2842,id01106
2413284,2414037,753,id01106
2414037,2414575,538,id01106
2414575,2415789,1214,id01106
2415789,2418821,3032,id01106
2418821,2420194,1373,id01106
2420194,2420563,369,id01106
2420563,2421598,1035,id01106
2421598,2422510,912,id01106
2422510,2422956,446,id01106
2422956,2424779,1823,id01106
2424779,2426280,1501,id01106
2426280,2426931,651,id01106
2426931,2427705,774,id01106
2427705,2428786,1081,id01106
2428786,2430737,1951,id01106
2430737,2431869,1132,id01106
2431869,2433682,1813,id01106
2433682,2434302,620,id01106
2434302,2435004,702,id01106
2435004,2435491,487,id01106
2435491,2435998,507,id01106
2435998,2436603,605,id01106
2436603,2438257,1654,id01106
2438257,2438938,681,id01106
2438938,2439809,871,id01106
2439809,2440480,671,id01106
2440480,2441064,584,id01106
2441064,2441408,344,id01106
2441408,2441803,395,id01106
2441803,2442546,743,id01106
2442546,2443396,850,id01106
2443396,2447083,3687,id01106
2447083,2448015,932,id01106
2448015,2448497,482,id01106
2448497,2449276,779,id01106
2449276,2455472,6196,id01106
2455472,2457720,2248,id01106
2457720,2461028,3308,id01106
2461028,2462037,1009,id01106
2462037,2462585,548,id01106
2462585,2463016,431,id01106
2463016,2463467,451,id01106
2463467,2464092,625,id01106
2464092,2473191,9099,id01106
2473191,2473657,466,id01106
2473657,2475250,1593,id01106
2475250,2475998,748,id01106
2475998,2476736,738,id01106
2476736,2477448,712,id01106
2477448,2478636,1188,id01106
2478636,2479164,528,id01106
2479164,2479912,748,id01106
2479912,2480593,681,id01106
2480593,2480972,379,id01106
2480972,2481869,897,id01106
2481869,2483119,1250,id01106
2483119,2483765,646,id01106
2483765,2484349,584,id01106
2484349,2484764,415,id01106
2484764,2486101,1337,id01106
2486101,2487182,1081,id01106
2487182,2487925,743,id01106
2487925,2488253,328,id01106
2488253,2489257,1004,id01106
2489257,2489979,722,id01106
2489979,2490369,390,id01106
2490369,2491004,635,id01106
2491004,2493099,2095,id01106
2493099,2493796,697,id01106
2493796,2494211,415,id01106
2494211,2494642,431,id01106
2494642,2495037,395,id01106
2495037,2498575,3538,id01106
2498575,2499303,728,id01106
2499303,2499816,513,id01106
2499816,2500354,538,id01106
2500354,2501046,692,id01106
2501046,2501518,472,id01106
2501518,2502036,518,id01106
2502036,2502886,850,id01106
2502886,2505344,2458,id01106
2505344,2505954,610,id01106
2505954,2506656,702,id01106
2506656,2507384,728,id01106
2507384,2508332,948,id01106
2508332,2508737,405,id01106
2508737,2509326,589,id01106
2509326,2509782,456,id01106
2509782,2510207,425,id01106
2510207,2510781,574,id01106
2510781,2511314,533,id01106
2511314,2511678,364,id01106
2511678,2512170,492,id01106
2512170,2514249,2079,id01106
2514249,2514690,441,id01106
2514690,2516104,1414,id01106
2516104,2518065,1961,id01106
2518065,2518383,318,id01106
2518383,2518747,364,id01106
2518747,2520463,1716,id01106
2520463,2521703,1240,id01106
2521703,2522031,328,id01106
2522031,2522554,523,id01106
2522554,2522985,431,id01106
2522985,2523631,646,id01106
2523631,2523980,349,id01106
2523980,2524882,902,id01106
2524882,2525215,333,id01106
2525215,2526951,1736,id01106
2526951,2527320,369,id01106
2527320,2527884,564,id01106
2527884,2528284,400,id01106
2528284,2528628,344,id01106
2528628,2529156,528,id01106
2529156,2529535,379,id01106
2529535,2529925,390,id01106
2529925,2531287,1362,id01106
2531287,2533320,2033,id01106
2533320,2533705,385,id01106
2533705,2534397,692,id01106
2534397,2534756,359,id01106
2534756,2536118,1362,id01106
2536118,2536779,661,id01106
2536779,2537414,635,id01106
2537414,2538910,1496,id01106
2538910,2540989,2079,id01106
2540989,2541998,1009,id01106
2541998,2542526,528,id01106
2542526,2542941,415,id01106
2542941,2543295,354,id01106
2543295,2544340,1045,id01106
2544340,2544960,620,id01106
2544960,2546322,1362,id01106
2546322,2547009,687,id01106
2547009,2548213,1204,id01106
2548213,2550825,2612,id01106
2550825,2551245,420,id01106
2551245,2551778,533,id01106
2551778,2553617,1839,id01106
2553617,2554027,410,id01106
2554027,2554734,707,id01106
2554734,2555436,702,id01106
2555436,2556158,722,id01106
2556158,2557065,907,id01106
2557065,2557460,395,id01106
2557460,2557865,405,id01106
2557865,2558362,497,id01106
2558362,2559115,753,id01106
2559115,2559663,548,id01106
2559663,2560170,507,id01106
2560170,2561200,1030,id01106
2561200,2563218,2018,id01106
2563218,2563802,584,id01106
2563802,2564325,523,id01106
2564325,2564730,405,id01106
2564730,2566287,1557,id01106
2566287,2567347,1060,id01106
2567347,2568085,738,id01106
2568085,2569217,1132,id01106
2569217,2576718,7501,id01106
2576718,2583692,6974,id01106
2583692,2585229,1537,id01106
2585229,2586136,907,id01106
2586136,2587493,1357,id01106
2587493,2588256,763,id01106
2588256,2588825,569,id01106
2588825,2589691,866,id01106
2589691,2590106,415,id01106
2590106,2590613,507,id01106
2590613,2591832,1219,id01106
2591832,2592570,738,id01106
2592570,2594209,1639,id01106
2594209,2595228,1019,id01106
2595228,2596877,1649,id01106
2596877,2597584,707,id01106
2597584,2597912,328,id01106
2597912,2598281,369,id01106
2598281,2599080,799,id01106
2599080,2599613,533,id01106
2599613,2600059,446,id01106
2600059,2600484,425,id01106
2600484,2601237,753,id01106
2601237,2601703,466,id01106
2601703,2603019,1316,id01106
2603019,2603526,507,id01106
2603526,2603926,400,id01106
2603926,2604725,799,id01106
2604725,2606231,1506,id01106
2606231,2606974,743,id01106
2606974,2607476,502,id01106
2607476,2607999,523,id01106
2607999,2608465,466,id01106
2608465,2609152,687,id01106
2609152,2609675,523,id01106
2609675,2610044,369,id01106
2610044,2610889,845,id01106
2610889,2611279,390,id01106
2611279,2611786,507,id01106
2611786,2612672,886,id01106
2612672,2613051,379,id01106
2613051,2613927,876,id01106
2613927,2614383,456,id01106
2614383,2615438,1055,id01106
2615438,2616616,1178,id01106
2616616,2617088,472,id01106
2617088,2617590,502,id01106
2617590,2619679,2089,id01106
2619679,2620033,354,id01106
2620033,2620617,584,id01106
2620617,2621339,722,id01106
2621339,2621852,513,id01106
2621852,2622206,354,id01106
2622206,2622765,559,id01106
2622765,2623534,769,id01106
2623534,2624384,850,id01106
2624384,2625618,1234,id01106
2625618,2626422,804,id01106
2626422,2627508,1086,id01106
2627508,2627903,395,id01106
2627903,2628410,507,id01106
2628410,2629122,712,id01106
2629122,2629517,395,id01106
2629517,2630070,553,id01106
2630070,2630408,338,id01106
2630408,2631571,1163,id01106
2631571,2632908,1337,id01106
2632908,2633262,354,id01106
2633262,2633708,446,id01106
2633708,2634031,323,id01106
2634031,2634462,431,id01106
2634462,2634923,461,id01106
2634923,2635384,461,id01106
2635384,2635784,400,id01106
2635784,2636215,431,id01106
2636215,2636610,395,id01106
2636610,2637199,589,id01106
2637199,2637901,702,id01106
2637901,2638680,779,id01106
2638680,2639423,743,id01106
2639423,2640263,840,id01106
2640263,2641267,1004,id01106
2641267,2641739,472,id01106
2641739,2643332,1593,id01106
2643332,2643865,533,id01106
2643865,2644490,625,id01106
2644490,2645259,769,id01106
2645259,2645900,641,id01106
2645900,2646418,518,id01106
2646418,2646843,425,id01106
2646843,2647268,425,id01106
2647268,2648298,1030,id01106
2648298,2648636,338,id01106
2648636,2648974,338,id01106
2648974,2650029,1055,id01106
2650029,2650367,338,id01106
2650367,2650772,405,id01106
2650772,2651648,876,id01106
2651648,2652048,400,id01106
2652048,2652622,574,id01106
2652622,2653155,533,id01106
2653155,2653693,538,id01106
2653693,2654523,830,id01106
2654523,2660181,5658,id01106
2660181,2665552,5371,id01106
2665552,2667170,1618,id01106
2667170,2667534,364,id01106
2667534,2667975,441,id01106
2667975,2668467,492,id01106
2668467,2668846,379,id01106
2668846,2669169,323,id01106
2669169,2669564,395,id01106
2669564,2670025,461,id01106
2670025,2670481,456,id01106
2670481,2670988,507,id01106
2670988,2671982,994,id01106
2671982,2672315,333,id01106
2672315,2672930,615,id01106
2672930,2673289,359,id01106
2673289,2673807,518,id01106
2673807,2674632,825,id01106
2674632,2675145,513,id01106
2675145,2675821,676,id01106
2675821,2677342,1521,id01106
2677342,2677762,420,id01106
2677762,2678080,318,id01106
2678080,2678628,548,id01106
2678628,2679381,753,id01106
2679381,2679847,466,id01224
2679847,2680252,405,id01224
2680252,2680580,328,id01224
2680580,2681804,1224,id01224
2681804,2682194,390,id01224
2682194,2683198,1004,id01224
2683198,2684755,1557,id01224
2684755,2685237,482,id01224
2685237,2686548,1311,id01224
2686548,2686917,369,id01224
2686917,2687261,344,id01224
2687261,2689371,2110,id01224
2689371,2689761,390,id01224
2689761,2692275,2514,id01224
2692275,2692921,646,id01224
2692921,2693562,641,id01224
2693562,2695073,1511,id01224
2695073,2695790,717,id01224
2695790,2696896,1106,id01224
2696896,2697465,569,id01224
2697465,2699467,2002,id01224
2699467,2700773,1306,id01224
2700773,2701204,431,id01224
2701204,2701583,379,id01224
2701583,2704860,3277,id01224
2704860,2705864,1004,id01224
2705864,2708250,2386,id01224
2708250,2709653,1403,id01224
2709653,2710094,441,id01224
2710094,2710443,349,id01224
2710443,2711053,610,id01224
2711053,2711473,420,id01224
2711473,2711852,379,id01224
2711852,2712513,661,id01224
2712513,2712841,328,id01224
2712841,2713169,328,id01224
2713169,2713518,349,id01224
2713518,2713933,415,id01224
2713933,2714497,564,id01224
2714497,2714897,400,id01224
2714897,2715394,497,id01224
2715394,2715963,569,id01224
2715963,2716399,436,id01224
2716399,2717142,743,id01224
2717142,2718504,1362,id01224
2718504,2719175,671,id01224
2719175,2720276,1101,id01224
2720276,2720645,369,id01224
2720645,2721040,395,id01224
2721040,2722454,1414,id01224
2722454,2722792,338,id01224
2722792,2723161,369,id01224
2723161,2723950,789,id01224
2723950,2724365,415,id01224
2724365,2724734,369,id01224
2724734,2725282,548,id01224
2725282,2726045,763,id01224
2726045,2726773,728,id01224
2726773,2727475,702,id01224
2727475,2728448,973,id01224
2728448,2728996,548,id01224
2728996,2730840,1844,id01224
2730840,2731429,589,id01224
2731429,2732029,600,id01224
2732029,2732475,446,id01224
2732475,2732854,379,id01224
2732854,2733551,697,id01224
2733551,2733997,446,id01224
2733997,2734346,349,id01224
2734346,2734925,579,id01224
2734925,2735263,338,id01224
2735263,2736446,1183,id01224
2736446,2736923,477,id01224
2736923,2737241,318,id01224
2737241,2737723,482,id01224
2737723,2738067,344,id01224
2738067,2738400,333,id01224
2738400,2738728,328,id01224
2738728,2739369,641,id01224
2739369,2739810,441,id01224
2739810,2740133,323,id01224
2740133,2740635,502,id01224
2740635,2741183,548,id01224
2741183,2741511,328,id01224
2741511,2741855,344,id01224
2741855,2742408,553,id01224
2742408,2742752,344,id01224
2742752,2743654,902,id01224
2743654,2744213,559,id01224
2744213,2744541,328,id01224
2744541,2744895,354,id01224
2744895,2745341,446,id01224
2745341,2747246,1905,id01224
2747246,2747600,354,id01224
2747600,2748532,932,id01224
2748532,2748881,349,id01224
2748881,2749813,932,id01224
2749813,2750617,804,id01224
2750617,2751063,446,id01224
2751063,2751458,395,id01224
2751458,2754766,3308,id01224
2754766,2755965,1199,id01224
2755965,2756344,379,id01224
2756344,2756841,497,id01224
2756841,2758137,1296,id01224
2758137,2758829,692,id01224
2758829,2759295,466,id01224
2759295,2759777,482,id01224
2759777,2760238,461,id01224
2760238,2760607,369,id01224
2760607,2760986,379,id01224
2760986,2761376,390,id01224
2761376,2762385,1009,id01224
2762385,2762718,333,id01224
2762718,2763174,456,id01224
2763174,2763784,610,id01224
2763784,2764312,528,id01224
2764312,2764881,569,id01224
2764881,2765634,753,id01224
2765634,2766428,794,id01224
2766428,2767632,1204,id01224
2767632,2768370,738,id01224
2768370,2769441,1071,id01224
2769441,2770076,635,id01224
2770076,2770916,840,id01224
2770916,2771336,420,id01224
2771336,2771751,415,id01224
2771751,2772376,625,id01224
2772376,2772709,333,id01224
2772709,2773053,344,id01224
2773053,2773407,354,id01224
2773407,2773889,482,id01224
2773889,2774350,461,id01224
2774350,2775021,671,id01224
2775021,2776788,1767,id01224
2776788,2779717,2929,id01224
2779717,2780619,902,id01224
2780619,2780973,354,id01224
2780973,2782407,1434,id01224
2782407,2783027,620,id01224
2783027,2785265,2238,id01224
2785265,2786115,850,id01224
2786115,2786679,564,id01224
2786679,2787309,630,id01224
2787309,2789061,1752,id01224
2789061,2789773,712,id01224
2789773,2790659,886,id01224
2790659,2790997,338,id01224
2790997,2793005,2008,id01224
2793005,2793589,584,id01224
2793589,2794614,1025,id01224
2794614,2795470,856,id01224
2795470,2796617,1147,id01224
2796617,2796955,338,id01224
2796955,2797642,687,id01224
2797642,2798508,866,id01224
2798508,2799051,543,id01224
2799051,2799482,431,id01224
2799482,2799897,415,id01224
2799897,2800333,436,id01224
2800333,2800677,344,id01224
2800677,2801015,338,id01224
2801015,2801353,338,id01224
2801353,2803760,2407,id01224
2803760,2808251,4491,id01224
2808251,2809194,943,id01224
2809194,2810050,856,id01224
2810050,2810829,779,id01224
2810829,2811244,415,id01224
2811244,2812335,1091,id01224
2812335,2813278,943,id01224
2813278,2814246,968,id01224
2814246,2814697,451,id01224
2814697,2815256,559,id01224
2815256,2815600,344,id01224
2815600,2816046,446,id01224
2816046,2816410,364,id01224
2816410,2816754,344,id01224
2816754,2817210,456,id01224
2817210,2817625,415,id01224
2817625,2817948,323,id01224
2817948,2819428,1480,id01224
2819428,2819792,364,id01224
2819792,2820770,978,id01224
2820770,2821098,328,id01224
2821098,2821580,482,id01224
2821580,2822410,830,id01224
2822410,2822764,354,id01224
2822764,2823374,610,id01224
2823374,2823718,344,id01224
2823718,2824190,472,id01224
2824190,2825112,922,id01224
2825112,2825609,497,id01224
2825609,2826224,615,id01224
2826224,2826649,425,id01224
2826649,2827315,666,id01224
2827315,2827812,497,id01224
2827812,2828299,487,id01224
2828299,2828648,349,id01224
2828648,2829140,492,id01224
2829140,2829458,318,id01224
2829458,2830124,666,id01224
2830124,2830606,482,id01224
2830606,2830996,390,id01224
2830996,2831493,497,id01224
2831493,2832103,610,id01224
2832103,2832616,513,id01224
2832616,2832934,318,id01224
2832934,2833339,405,id01224
2833339,2833713,374,id01224
2833713,2834374,661,id01224
2834374,2834759,385,id01224
2834759,2835077,318,id01224
2835077,2835938,861,id01224
2835938,2836522,584,id01224
2836522,2836881,359,id01224
2836881,2837419,538,id01224
2837419,2837747,328,id01224
2837747,2838080,333,id01224
2838080,2838418,338,id01224
2838418,2838977,559,id01224
2838977,2839699,722,id01224
2839699,2840698,999,id01224
2840698,2841134,436,id01224
2841134,2841472,338,id01224
2841472,2841964,492,id01224
2841964,2842302,338,id01224
2842302,2843767,1465,id01224
2843767,2844843,1076,id01224
2844843,2845212,369,id01224
2845212,2845735,523,id01224
2845735,2846242,507,id01224
2846242,2846652,410,id01224
2846652,2847144,492,id01224
2847144,2848681,1537,id01224
2848681,2849045,364,id01224
2849045,2849849,804,id01224
2849849,2850203,354,id01224
2850203,2850900,697,id01224
2850900,2851535,635,id01224
2851535,2851879,344,id01224
2851879,2852673,794,id01224
2852673,2853037,364,id01224
2853037,2853452,415,id01224
2853452,2854292,840,id01224
2854292,2854733,441,id01224
2854733,2855153,420,id01224
2855153,2855927,774,id01224
2855927,2856393,466,id01224
2856393,2857807,1414,id01224
2857807,2858135,328,id01224
2858135,2858560,425,id01224
2858560,2858883,323,id01224
2858883,2859355,472,id01224
2859355,2859683,328,id01224
2859683,2860057,374,id01224
2860057,2860416,359,id01224
2860416,2860760,344,id01224
2860760,2861150,390,id01224
2861150,2861570,420,id01224
2861570,2861985,415,id01224
2861985,2862518,533,id01224
2862518,2862908,390,id01224
2862908,2863610,702,id01224
2863610,2863928,318,id01224
2863928,2864246,318,id01224
2864246,2864584,338,id01224
2864584,2865296,712,id01224
2865296,2865778,482,id01224
2865778,2866096,318,id01224
2866096,2866568,472,id01224
2866568,2866932,364,id01224
2866932,2867296,364,id01224
2867296,2867665,369,id01224
2867665,2868003,338,id01224
2868003,2868577,574,id01224
2868577,2868895,318,id01224
2868895,2869469,574,id01224
2869469,2870883,1414,id01224
2870883,2871252,369,id01224
2871252,2871601,349,id01224
2871601,2871970,369,id01224
2871970,2873727,1757,id01224
2873727,2874337,610,id01224
2874337,2875039,702,id01224
2875039,2875813,774,id01224
2875813,2879101,3288,id01224
2879101,2879608,507,id01224
2879608,2879926,318,id01224
2879926,2882328,2402,id01224
2882328,2883056,728,id01224
2883056,2885750,2694,id01224
2885750,2886754,1004,id01224
2886754,2887379,625,id01224
2887379,2888235,856,id01224
2888235,2889434,1199,id01224
2889434,2890730,1296,id01224
2890730,2891166,436,id01224
2891166,2892836,1670,id01224
2892836,2893451,615,id01224
2893451,2893805,354,id01224
2893805,2894154,349,id01224
2894154,2894866,712,id01224
2894866,2895307,441,id01224
2895307,2896383,1076,id01224
2896383,2897274,891,id01224
2897274,2898473,1199,id01224
2898473,2899098,625,id01224
2899098,2899733,635,id01224
2899733,2900281,548,id01224
2900281,2900962,681,id01224
2900962,2902115,1153,id01224
2902115,2902786,671,id01224
2902786,2903232,446,id01224
2903232,2903775,543,id01224
2903775,2905184,1409,id01224
2905184,2905558,374,id01224
2905558,2905922,364,id01224
2905922,2906394,472,id01224
2906394,2906840,446,id01224
2906840,2907194,354,id01224
2907194,2907640,446,id01224
2907640,2908030,390,id01224
2908030,2908932,902,id01224
2908932,2909404,472,id01224
2909404,2910326,922,id01224
2910326,2910680,354,id01224
2910680,2911070,390,id01224
2911070,2911475,405,id01224
2911475,2912197,722,id01224
2912197,2912515,318,id01224
2912515,2912869,354,id01224
2912869,2913878,1009,id01224
2913878,2914344,466,id01224
2914344,2914662,318,id01224
2914662,2914980,318,id01224
2914980,2915503,523,id01224
2915503,2915826,323,id01224
2915826,2916303,477,id01224
2916303,2917220,917,id01224
2917220,2918250,1030,id01224
2918250,2918885,635,id01224
2918885,2919290,405,id01224
2919290,2920253,963,id01224
2920253,2921820,1567,id01224
2921820,2922205,385,id01224
2922205,2923209,1004,id01224
2923209,2923691,482,id01224
2923691,2924040,349,id01224
2924040,2924711,671,id01224
2924711,2925193,482,id01224
2925193,2926177,984,id01224
2926177,2926577,400,id01224
2926577,2926931,354,id01224
2926931,2927623,692,id01224
2927623,2928033,410,id01224
2928033,2928627,594,id01224
2928627,2928996,369,id01224
2928996,2929375,379,id01224
2929375,2930261,886,id01224
2930261,2930584,323,id01224
2930584,2931168,584,id01224
2931168,2931496,328,id01224
2931496,2931988,492,id01224
2931988,2932429,441,id01224
2932429,2932747,318,id01224
2932747,2933398,651,id01224
2933398,2933803,405,id01224
2933803,2934316,513,id01224
2934316,2934726,410,id01224
2934726,2936155,1429,id01224
2936155,2937016,861,id01224
2937016,2937421,405,id01224
2937421,2939874,2453,id01224
2939874,2941646,1772,id01224
2941646,2942543,897,id01224
2942543,2942948,405,id01224
2942948,2943855,907,id01224
2943855,2944685,830,id01224
2944685,2945039,354,id01224
2945039,2945377,338,id01224
2945377,2945787,410,id01224
2945787,2946417,630,id01224
2946417,2947032,615,id01224
2947032,2947370,338,id01224
2947370,2947698,328,id01224
2947698,2948221,523,id01224
2948221,2948575,354,id01224
2948575,2949047,472,id01224
2949047,2949641,594,id01224
2949641,2950056,415,id01224
2950056,2950569,513,id01224
2950569,2950979,410,id01224
2950979,2951886,907,id01224
2951886,2952214,328,id01224
2952214,2952568,354,id01224
2952568,2952922,354,id01224
2952922,2953317,395,id01224
2953317,2953758,441,id01224
2953758,2954112,354,id01224
2954112,2955177,1065,id01224
2955177,2956488,1311,id01224
2956488,2956980,492,id01224
2956980,2957841,861,id01224
2957841,2958830,989,id01224
2958830,2959281,451,id01224
2959281,2959635,354,id01224
2959635,2960613,978,id01224
2960613,2961213,600,id01224
2961213,2961828,615,id01224
2961828,2963272,1444,id01224
2963272,2963636,364,id01224
2963636,2964343,707,id01224
2964343,2964948,605,id01224
2964948,2966290,1342,id01224
2966290,2966925,635,id01224
2966925,2967366,441,id01224
2967366,2968667,1301,id01224
2968667,2969712,1045,id01224
2969712,2970419,707,id01224
2970419,2970824,405,id01224
2970824,2971352,528,id01224
2971352,2972074,722,id01224
2972074,2972546,472,id01224
2972546,2973402,856,id01224
2973402,2973771,369,id01224
2973771,2974294,523,id01224
2974294,2974894,600,id01224
2974894,2975632,738,id01224
2975632,2976180,548,id01224
2976180,2976508,328,id01224
2976508,2976852,344,id01224
2976852,2978102,1250,id01224
2978102,2978727,625,id01224
2978727,2979122,395,id01224
2979122,2979486,364,id01224
2979486,2979917,431,id01224
2979917,2980394,477,id01224
2980394,2981388,994,id01224
2981388,2981870,482,id01224
2981870,2982214,344,id01224
2982214,2982552,338,id01224
2982552,2983208,656,id01224
2983208,2984212,1004,id01224
2984212,2984602,390,id01224
2984602,2984971,369,id01224
2984971,2985632,661,id01224
2985632,2986052,420,id01224
2986052,2986452,400,id01224
2986452,2987482,1030,id01224
2987482,2989827,2345,id01224
2989827,2991681,1854,id01224
2991681,2992112,431,id01224
2992112,2992824,712,id01224
2992824,2993168,344,id01224
2993168,2993844,676,id01224
2993844,2994495,651,id01224
2994495,2995694,1199,id01224
2995694,2996294,600,id01224
2996294,2996878,584,id01224
2996878,2997728,850,id01224
2997728,2998143,415,id01224
2998143,2999746,1603,id01224
2999746,3000294,548,id01224
3000294,3001042,748,id01224
3001042,3001427,385,id01224
3001427,3001832,405,id01224
3001832,3002160,328,id01228
3002160,3002483,323,id01228
3002483,3002801,318,id01228
3002801,3003380,579,id01228
3003380,3003903,523,id01228
3003903,3004395,492,id01228
3004395,3004780,385,id01228
3004780,3005415,635,id01228
3005415,3005753,338,id01228
3005753,3006076,323,id01228
3006076,3006507,431,id01228
3006507,3006835,328,id01228
3006835,3007301,466,id01228
3007301,3007860,559,id01228
3007860,3008204,344,id01228
3008204,3009505,1301,id01228
3009505,3010140,635,id01228
3010140,3010468,328,id01228
3010468,3010893,425,id01228
3010893,3011774,881,id01228
3011774,3012445,671,id01228
3012445,3012911,466,id01228
3012911,3013321,410,id01228
3013321,3014018,697,id01228
3014018,3014551,533,id01228
3014551,3015366,815,id01228
3015366,3016094,728,id01228
3016094,3016499,405,id01228
3016499,3016817,318,id01228
3016817,3017376,559,id01228
3017376,3017817,441,id01228
3017817,3018611,794,id01228
3018611,3019057,446,id01228
3019057,3019682,625,id01228
3019682,3020195,513,id01228
3020195,3020682,487,id01228
3020682,3021261,579,id01228
3021261,3021861,600,id01228
3021861,3022312,451,id01228
3022312,3022666,354,id01228
3022666,3023122,456,id01228
3023122,3023542,420,id01228
3023542,3024085,543,id01228
3024085,3024418,333,id01228
3024418,3024874,456,id01228
3024874,3025724,850,id01228
3025724,3026052,328,id01228
3026052,3026626,574,id01228
3026626,3027092,466,id01228
3027092,3027753,661,id01228
3027753,3028245,492,id01228
3028245,3028845,600,id01228
3028845,3029317,472,id01228
3029317,3029763,446,id01228
3029763,3030629,866,id01228
3030629,3031428,799,id01228
3031428,3032432,1004,id01228
3032432,3033723,1291,id01228
3033723,3034087,364,id01228
3034087,3034477,390,id01228
3034477,3034902,425,id01228
3034902,3035502,600,id01228
3035502,3035820,318,id01228
3035820,3036230,410,id01228
3036230,3037045,815,id01228
3037045,3037639,594,id01228
3037639,3038454,815,id01228
3038454,3038910,456,id01228
3038910,3039586,676,id01228
3039586,3040068,482,id01228
3040068,3040488,420,id01228
3040488,3040842,354,id01228
3040842,3041247,405,id01228
3041247,3041821,574,id01228
3041821,3042236,415,id01228
3042236,3042605,369,id01228
3042605,3043215,610,id01228
3043215,3043615,400,id01228
3043615,3044061,446,id01228
3044061,3044594,533,id01228
3044594,3044973,379,id01228
3044973,3045317,344,id01228
3045317,3045661,344,id01228
3045661,3046281,620,id01228
3046281,3046722,441,id01228
3046722,3047107,385,id01228
3047107,3047829,722,id01228
3047829,3048331,502,id01228
3048331,3048772,441,id01228
3048772,3049090,318,id01228
3049090,3049413,323,id01228
3049413,3049818,405,id01228
3049818,3050469,651,id01228
3050469,3051012,543,id01228
3051012,3051484,472,id01228
3051484,3052242,758,id01228
3052242,3053108,866,id01228
3053108,3053912,804,id01228
3053912,3054250,338,id01228
3054250,3054783,533,id01228
3054783,3055173,390,id01228
3055173,3055988,815,id01228
3055988,3056536,548,id01228
3056536,3057412,876,id01228
3057412,3058155,743,id01228
3058155,3058883,728,id01228
3058883,3059201,318,id01228
3059201,3059734,533,id01228
3059734,3060124,390,id01228
3060124,3060442,318,id01228
3060442,3060837,395,id01228
3060837,3061283,446,id01228
3061283,3061611,328,id01228
3061611,3061996,385,id01228
3061996,3062462,466,id01228
3062462,3062811,349,id01228
3062811,3063226,415,id01228
3063226,3063544,318,id01228
3063544,3063908,364,id01228
3063908,3064272,364,id01228
3064272,3064754,482,id01228
3064754,3065113,359,id01228
3065113,3065687,574,id01228
3065687,3067147,1460,id01228
3067147,3067670,523,id01228
3067670,3068254,584,id01228
3068254,3068613,359,id01228
3068613,3068931,318,id01228
3068931,3069275,344,id01228
3069275,3069629,354,id01228
3069629,3069978,349,id01228
3069978,3070393,415,id01228
3070393,3070721,328,id01228
3070721,3071346,625,id01228
3071346,3072079,733,id01228
3072079,3072725,646,id01228
3072725,3073150,425,id01228
3073150,3073693,543,id01228
3073693,3074042,349,id01228
3074042,3074933,891,id01228
3074933,3075471,538,id01228
3075471,3075912,441,id01228
3075912,3076378,466,id01228
3076378,3077628,1250,id01228
3077628,3078253,625,id01228
3078253,3078694,441,id01228
3078694,3079038,344,id01228
3079038,3079356,318,id01228
3079356,3079792,436,id01228
3079792,3080136,344,id01228
3080136,3080618,482,id01228
3080618,3081028,410,id01228
3081028,3081423,395,id01228
3081423,3081813,390,id01228
3081813,3082233,420,id01228
3082233,3082571,338,id01228
3082571,3082986,415,id01228
3082986,3083401,415,id01228
3083401,3084036,635,id01228
3084036,3084738,702,id01228
3084738,3085092,354,id01228
3085092,3085436,344,id01228
3085436,3085841,405,id01228
3085841,3086374,533,id01228
3086374,3086692,318,id01228
3086692,3087036,344,id01228
3087036,3087364,328,id01228
3087364,3088127,763,id01228
3088127,3088855,728,id01228
3088855,3089301,446,id01228
3089301,3089619,318,id01228
3089619,3090024,405,id01228
3090024,3090506,482,id01228
3090506,3091039,533,id01228
3091039,3091690,651,id01228
3091690,3092013,323,id01228
3092013,3092362,349,id01228
3092362,3092690,328,id01228
3092690,3093535,845,id01228
3093535,3093899,364,id01228
3093899,3094268,369,id01228
3094268,3094658,390,id01228
3094658,3094986,328,id01228
3094986,3095422,436,id01228
3095422,3095858,436,id01228
3095858,3096662,804,id01228
3096662,3097057,395,id01228
3097057,3097529,472,id01228
3097529,3097924,395,id01228
3097924,3098314,390,id01228
3098314,3098658,344,id01228
3098658,3099411,753,id01228
3099411,3100031,620,id01228
3100031,3100359,328,id01228
3100359,3101307,948,id01228
3101307,3101779,472,id01228
3101779,3102527,748,id01228
3102527,3103040,513,id01228
3103040,3103517,477,id01228
3103517,3103891,374,id01228
3103891,3104235,344,id01228
3104235,3104620,385,id01228
3104620,3104999,379,id01228
3104999,3105353,354,id01228
3105353,3105784,431,id01228
3105784,3106199,415,id01228
3106199,3106640,441,id01228
3106640,3107173,533,id01228
3107173,3107496,323,id01228
3107496,3107834,338,id01228
3107834,3108152,318,id01228
3108152,3108864,712,id01228
3108864,3109202,338,id01228
3109202,3109674,472,id01228
3109674,3110524,850,id01228
3110524,3111103,579,id01228
3111103,3111549,446,id01228
3111549,3112620,1071,id01228
3112620,3113127,507,id01228
3113127,3113517,390,id01228
3113517,3113973,456,id01228
3113973,3114864,891,id01228
3114864,3115540,676,id01228
3115540,3116406,866,id01228
3116406,3117072,666,id01228
3117072,3117518,446,id01228
3117518,3117877,359,id01228
3117877,3118308,431,id01228
3118308,3118867,559,id01228
3118867,3119292,425,id01228
3119292,3119723,431,id01228
3119723,3120256,533,id01228
3120256,3120589,333,id01228
3120589,3121127,538,id01228
3121127,3121640,513,id01228
3121640,3122311,671,id01228
3122311,3122639,328,id01228
3122639,3123070,431,id01228
3123070,3123787,717,id01228
3123787,3124253,466,id01228
3124253,3125426,1173,id01228
3125426,3125841,415,id01228
3125841,3126896,1055,id01228
3126896,3128417,1521,id01228
3128417,3129682,1265,id01228
3129682,3130963,1281,id01228
3130963,3131522,559,id01228
3131522,3132654,1132,id01228
3132654,3133064,410,id01228
3133064,3133510,446,id01228
3133510,3135195,1685,id01228
3135195,3135513,318,id01228
3135513,3136276,763,id01228
3136276,3136814,538,id01228
3136814,3137444,630,id01228
3137444,3137854,410,id01228
3137854,3138192,338,id01228
3138192,3138566,374,id01228
3138566,3139601,1035,id01228
3139601,3140323,722,id01228
3140323,3140795,472,id01228
3140795,3141123,328,id01228
3141123,3142204,1081,id01228
3142204,3142875,671,id01228
3142875,3143193,318,id01228
3143193,3143695,502,id01228
3143695,3144059,364,id01228
3144059,3144408,349,id01228
3144408,3144726,318,id01228
3144726,3145064,338,id01228
3145064,3145587,523,id01228
3145587,3146960,1373,id01228
3146960,3147447,487,id01228
3147447,3148251,804,id01228
3148251,3148605,354,id01228
3148605,3148969,364,id01228
3148969,3149287,318,id01228
3149287,3149610,323,id01228
3149610,3150087,477,id01228
3150087,3151004,917,id01228
3151004,3151962,958,id01228
3151962,3152408,446,id01228
3152408,3152757,349,id01228
3152757,3153182,425,id01228
3153182,3153520,338,id01228
3153520,3153940,420,id01228
3153940,3154376,436,id01228
3154376,3154848,472,id01228
3154848,3155279,431,id01228
3155279,3155848,569,id01228
3155848,3156258,410,id01228
3156258,3157108,850,id01228
3157108,3157508,400,id01228
3157508,3157908,400,id01228
3157908,3158241,333,id01228
3158241,3158641,400,id01228
3158641,3159189,548,id01228
3159189,3159671,482,id01228
3159671,3160009,338,id01228
3160009,3160337,328,id01228
3160337,3160803,466,id01228
3160803,3161213,410,id01228
3161213,3161756,543,id01228
3161756,3162110,354,id01228
3162110,3162653,543,id01228
3162653,3163314,661,id01228
3163314,3163780,466,id01228
3163780,3164374,594,id01228
3164374,3164718,344,id01228
3164718,3166321,1603,id01228
3166321,3167033,712,id01228
3167033,3167704,671,id01228
3167704,3168058,354,id01228
3168058,3168606,548,id01228
3168606,3169467,861,id01228
3169467,3169949,482,id01228
3169949,3170287,338,id01228
3170287,3171424,1137,id01228
3171424,3172264,840,id01228
3172264,3174676,2412,id01228
3174676,3175578,902,id01228
3175578,3176137,559,id01228
3176137,3176532,395,id01228
3176532,3176906,374,id01228
3176906,3177296,390,id01228
3177296,3177855,559,id01228
3177855,3178316,461,id01228
3178316,3178747,431,id01228
3178747,3179091,344,id01228
3179091,3179501,410,id01228
3179501,3179906,405,id01228
3179906,3180378,472,id01228
3180378,3180706,328,id01228
3180706,3181131,425,id01228
3181131,3181459,328,id01228
3181459,3181828,369,id01228
3181828,3182161,333,id01228
3182161,3182479,318,id01228
3182479,3182797,318,id01228
3182797,3183279,482,id01228
3183279,3183786,507,id01228
3183786,3184124,338,id01228
3184124,3184539,415,id01228
3184539,3184949,410,id01228
3184949,3185415,466,id01228
3185415,3185738,323,id01228
3185738,3186153,415,id01228
3186153,3186727,574,id01228
3186727,3187506,779,id01228
3187506,3187850,344,id01228
3187850,3188491,641,id01228
3188491,3188906,415,id01228
3188906,3189275,369,id01228
3189275,3190028,753,id01228
3190028,3191262,1234,id01228
3191262,3191867,605,id01228
3191867,3192308,441,id01228
3192308,3195078,2770,id01228
3195078,3196789,1711,id01228
3196789,3197296,507,id01228
3197296,3197640,344,id01228
3197640,3198613,973,id01228
3198613,3199054,441,id01228
3199054,3199377,323,id01228
3199377,3199874,497,id01228
3199874,3200340,466,id01228
3200340,3200893,553,id01228
3200893,3201375,482,id01228
3201375,3201959,584,id01228
3201959,3202338,379,id01228
3202338,3202687,349,id01228
3202687,3203251,564,id01228
3203251,3203717,466,id01228
3203717,3204194,477,id01298
3204194,3204589,395,id01298
3204589,3205265,676,id01298
3205265,3205690,425,id01298
3205690,3206008,318,id01298
3206008,3206336,328,id01298
3206336,3206736,400,id01298
3206736,3207059,323,id01298
3207059,3207397,338,id01298
3207397,3207720,323,id01298
3207720,3208064,344,id01298
3208064,3208392,328,id01298
3208392,3208894,502,id01298
3208894,3209253,359,id01298
3209253,3209868,615,id01298
3209868,3210580,712,id01298
3210580,3211123,543,id01298
3211123,3211769,646,id01298
3211769,3212722,953,id01298
3212722,3213245,523,id01298
3213245,3213660,415,id01298
3213660,3213978,318,id01298
3213978,3214547,569,id01298
3214547,3215397,850,id01298
3215397,3215863,466,id01298
3215863,3216253,390,id01298
3216253,3216750,497,id01298
3216750,3217083,333,id01298
3217083,3217811,728,id01298
3217811,3219470,1659,id01298
3219470,3221303,1833,id01298
3221303,3221775,472,id01298
3221775,3222206,431,id01298
3222206,3222713,507,id01298
3222713,3223476,763,id01298
3223476,3223855,379,id01298
3223855,3224542,687,id01298
3224542,3224911,369,id01298
3224911,3225408,497,id01298
3225408,3225752,344,id01298
3225752,3226106,354,id01298
3226106,3226444,338,id01298
3226444,3226788,344,id01298
3226788,3227603,815,id01298
3227603,3228110,507,id01298
3228110,3228679,569,id01298
3228679,3229867,1188,id01298
3229867,3230298,431,id01298
3230298,3231020,722,id01298
3231020,3231727,707,id01298
3231727,3232055,328,id01298
3232055,3232496,441,id01298
3232496,3233055,559,id01298
3233055,3233409,354,id01298
3233409,3233804,395,id01298
3233804,3234194,390,id01298
3234194,3234522,328,id01298
3234522,3234973,451,id01298
3234973,3236428,1455,id01298
3236428,3236879,451,id01298
3236879,3237668,789,id01298
3237668,3238058,390,id01298
3238058,3238427,369,id01298
3238427,3239073,646,id01298
3239073,3239954,881,id01298
3239954,3240451,497,id01298
3240451,3241998,1547,id01298
3241998,3242598,600,id01298
3242598,3243853,1255,id01298
3243853,3244427,574,id01298
3244427,3245682,1255,id01298
3245682,3246758,1076,id01298
3246758,3247086,328,id01298
3247086,3248090,1004,id01298
3248090,3248592,502,id01298
3248592,3249883,1291,id01298
3249883,3250421,538,id01298
3250421,3251062,641,id01298
3251062,3251575,513,id01298
3251575,3252108,533,id01298
3252108,3252436,328,id01298
3252436,3253522,1086,id01298
3253522,3253896,374,id01298
3253896,3254316,420,id01298
3254316,3254900,584,id01298
3254900,3255341,441,id01298
3255341,3255787,446,id01298
3255787,3256284,497,id01298
3256284,3257032,748,id01298
3257032,3257529,497,id01298
3257529,3257857,328,id01298
3257857,3258672,815,id01298
3258672,3259343,671,id01298
3259343,3260608,1265,id01298
3260608,3261018,410,id01298
3261018,3261438,420,id01298
3261438,3262893,1455,id01298
3262893,3263365,472,id01298
3263365,3263760,395,id01298
3263760,3264226,466,id01298
3264226,3264851,625,id01298
3264851,3265476,625,id01298
3265476,3265835,359,id01298
3265835,3266255,420,id01298
3266255,3266573,318,id01298
3266573,3267254,681,id01298
3267254,3267639,385,id01298
3267639,3268136,497,id01298
3268136,3268505,369,id01298
3268505,3269233,728,id01298
3269233,3269571,338,id01298
3269571,3270232,661,id01298
3270232,3271205,973,id01298
3271205,3272470,1265,id01298
3272470,3273295,825,id01298
3273295,3273756,461,id01298
3273756,3275339,1583,id01298
3275339,3276000,661,id01298
3276000,3276548,548,id01298
3276548,3276989,441,id01298
3276989,3277527,538,id01298
3277527,3277891,364,id01298
3277891,3278357,466,id01298
3278357,3279356,999,id01298
3279356,3279781,425,id01298
3279781,3280201,420,id01298
3280201,3280760,559,id01298
3280760,3281155,395,id01298
3281155,3281627,472,id01298
3281627,3282201,574,id01298
3282201,3282754,553,id01298
3282754,3283415,661,id01298
3283415,3283856,441,id01298
3283856,3284394,538,id01298
3284394,3284732,338,id01298
3284732,3285076,344,id01298
3285076,3285476,400,id01298
3285476,3285917,441,id01298
3285917,3286568,651,id01298
3286568,3287091,523,id01298
3287091,3287870,779,id01298
3287870,3288208,338,id01298
3288208,3288541,333,id01298
3288541,3289422,881,id01298
3289422,3290078,656,id01298
3290078,3290457,379,id01298
3290457,3291287,830,id01298
3291287,3291702,415,id01298
3291702,3292051,349,id01298
3292051,3292446,395,id01298
3292446,3293276,830,id01298
3293276,3294091,815,id01298
3294091,3294465,374,id01298
3294465,3294870,405,id01298
3294870,3295521,651,id01298
3295521,3296023,502,id01298
3296023,3296628,605,id01298
3296628,3296961,333,id01298
3296961,3297571,610,id01298
3297571,3298329,758,id01298
3298329,3298724,395,id01298
3298724,3299820,1096,id01298
3299820,3300466,646,id01298
3300466,3300871,405,id01298
3300871,3301276,405,id01298
3301276,3301620,344,id01298
3301620,3302204,584,id01298
3302204,3302681,477,id01298
3302681,3303004,323,id01298
3303004,3303322,318,id01298
3303322,3303691,369,id01298
3303691,3304029,338,id01298
3304029,3304347,318,id01298
3304347,3304706,359,id01298
3304706,3305157,451,id01298
3305157,3306468,1311,id01298
3306468,3307149,681,id01298
3307149,3307871,722,id01298
3307871,3308547,676,id01298
3308547,3308967,420,id01298
3308967,3309587,620,id01298
3309587,3310325,738,id01298
3310325,3310807,482,id01298
3310807,3311161,354,id01298
3311161,3311679,518,id01298
3311679,3313390,1711,id01298
3313390,3313990,600,id01298
3313990,3314415,425,id01298
3314415,3314902,487,id01298
3314902,3315655,753,id01298
3315655,3315999,344,id01298
3315999,3316778,779,id01298
3316778,3317152,374,id01298
3317152,3317731,579,id01298
3317731,3318095,364,id01298
3318095,3318469,374,id01298
3318469,3318802,333,id01298
3318802,3319187,385,id01298
3319187,3319592,405,id01298
3319592,3319966,374,id01298
3319966,3320397,431,id01298
3320397,3321135,738,id01298
3321135,3322103,968,id01298
3322103,3322595,492,id01298
3322595,3322939,344,id01298
3322939,3323467,528,id01298
3323467,3324906,1439,id01298
3324906,3325475,569,id01298
3325475,3325957,482,id01298
3325957,3326439,482,id01298
3326439,3327008,569,id01298
3327008,3327823,815,id01298
3327823,3328612,789,id01298
3328612,3329283,671,id01298
3329283,3329790,507,id01298
3329790,3330262,472,id01298
3330262,3331061,799,id01298
3331061,3331696,635,id01298
3331696,3332444,748,id01298
3332444,3333090,646,id01298
3333090,3334104,1014,id01298
3334104,3335994,1890,id01298
3335994,3337090,1096,id01298
3337090,3337592,502,id01298
3337592,3338166,574,id01298
3338166,3339242,1076,id01298
3339242,3339580,338,id01298
3339580,3339908,328,id01298
3339908,3340738,830,id01298
3340738,3341158,420,id01298
3341158,3342264,1106,id01298
3342264,3343145,881,id01298
3343145,3343642,497,id01298
3343642,3344134,492,id01298
3344134,3344974,840,id01298
3344974,3345522,548,id01298
3345522,3345973,451,id01298
3345973,3346521,548,id01298
3346521,3346839,318,id01298
3346839,3347218,379,id01298
3347218,3348027,809,id01298
3348027,3348934,907,id01298
3348934,3349749,815,id01298
3349749,3350236,487,id01298
3350236,3350600,364,id01298
3350600,3352090,1490,id01298
3352090,3352434,344,id01298
3352434,3352798,364,id01298
3352798,3353136,338,id01298
3353136,3355005,1869,id01298
3355005,3355395,390,id01298
3355395,3355713,318,id01298
3355713,3356804,1091,id01298
3356804,3357148,344,id01298
3357148,3357655,507,id01298
3357655,3358895,1240,id01298
3358895,3359213,318,id01298
3359213,3359951,738,id01298
3359951,3360300,349,id01298
3360300,3360756,456,id01298
3360756,3362390,1634,id01298
3362390,3362718,328,id01298
3362718,3363056,338,id01298
3363056,3363487,431,id01298
3363487,3363877,390,id01298
3363877,3364231,354,id01298
3364231,3365015,784,id01298
3365015,3365753,738,id01298
3365753,3366184,431,id01298
3366184,3366671,487,id01298
3366671,3367240,569,id01298
3367240,3368321,1081,id01298
3368321,3368649,328,id01298
3368649,3369090,441,id01298
3369090,3369495,405,id01298
3369495,3370284,789,id01298
3370284,3371293,1009,id01298
3371293,3371964,671,id01298
3371964,3372384,420,id01298
3372384,3373055,671,id01298
3373055,3373399,344,id01298
3373399,3374367,968,id01298
3374367,3374828,461,id01298
3374828,3375248,420,id01298
3375248,3375970,722,id01298
3375970,3376472,502,id01298
3376472,3377374,902,id01298
3377374,3377881,507,id01298
3377881,3378301,420,id01298
3378301,3378757,456,id01298
3378757,3379910,1153,id01298
3379910,3380453,543,id01298
3380453,3381211,758,id01298
3381211,3382307,1096,id01298
3382307,3382686,379,id01298
3382686,3383920,1234,id01298
3383920,3384381,461,id01298
3384381,3384914,533,id01298
3384914,3385406,492,id01298
3385406,3386487,1081,id01298
3386487,3386918,431,id01298
3386918,3387349,431,id01298
3387349,3387902,553,id01298
3387902,3388266,364,id01298
3388266,3389198,932,id01298
3389198,3390084,886,id01298
3390084,3390463,379,id01298
3390463,3391370,907,id01298
3391370,3392482,1112,id01298
3392482,3393056,574,id01298
3393056,3395053,1997,id01298
3395053,3395622,569,id01298
3395622,3396088,466,id01298
3396088,3396493,405,id01298
3396493,3396811,318,id01298
3396811,3397216,405,id01298
3397216,3398297,1081,id01298
3398297,3399803,1506,id01298
3399803,3400628,825,id01298
3400628,3401340,712,id01298
3401340,3401955,615,id01298
3401955,3402380,425,id01298
3402380,3403179,799,id01298
3403179,3404337,1158,id01298
3404337,3404660,323,id01298
3404660,3406278,1618,id01298
3406278,3406647,369,id01298
3406647,3407180,533,id01298
3407180,3408123,943,id01298
3408123,3408753,630,id01298
3408753,3409578,825,id01298
3409578,3410889,1311,id01298
3410889,3411268,379,id01298
3411268,3411781,513,id01298
3411781,3412135,354,id01298
3412135,3412581,446,id01298
3412581,3413206,625,id01298
3413206,3414077,871,id01298
3414077,3414846,769,id01298
3414846,3415302,456,id01298
3415302,3415743,441,id01298
3415743,3416158,415,id01298
3416158,3416880,722,id01298
3416880,3417300,420,id01298
3417300,3417690,390,id01298
3417690,3418331,641,id01298
3418331,3418787,456,id01298
3418787,3419279,492,id01298
3419279,3419623,344,id01298
3419623,3419972,349,id01298
3419972,3420326,354,id01298
3420326,3420664,338,id01298
3420664,3420987,323,id01298
3420987,3421530,543,id01298
3421530,3421884,354,id01298
3421884,3422253,369,id01298
3422253,3422719,466,id01298
3422719,3423831,1112,id01298
3423831,3424456,625,id01298
3424456,3424794,338,id01298
3424794,3425240,446,id01298
3425240,3425660,420,id01298
3425660,3426285,625,id01298
3426285,3426664,379,id01298
3426664,3427233,569,id01298
3427233,3427827,594,id01298
3427827,3428360,533,id01298
3428360,3428704,344,id01298
3428704,3429124,420,id01298
3429124,3429606,482,id01298
3429606,3430984,1378,id01298
3430984,3431773,789,id01298
3431773,3433581,1808,id01298
3433581,3434001,420,id01298
3434001,3434672,671,id01298
3434672,3435615,943,id01298
3435615,3436506,891,id01298
3436506,3438058,1552,id01298
3438058,3439216,1158,id01298
3439216,3439636,420,id01298
3439636,3440031,395,id01298
3440031,3440477,446,id01298
3440477,3440984,507,id01298
3440984,3442111,1127,id01298
3442111,3442844,733,id01298
3442844,3443275,431,id01298
3443275,3443895,620,id01298
3443895,3444264,369,id01298
3444264,3445114,850,id01298
3445114,3445499,385,id01298
3445499,3445863,364,id01298
3445863,3446427,564,id01298
3446427,3446765,338,id01298
3446765,3447385,620,id01298
3447385,3447739,354,id01298
3447739,3448359,620,id01298
3448359,3448918,559,id01298
3448918,3449236,318,id01298
3449236,3449646,410,id01298
3449646,3450164,518,id01298
3450164,3450549,385,id01298
3450549,3453924,3375,id01298
3453924,3454360,436,id01298
3454360,3454811,451,id01298
3454811,3455702,891,id01298
3455702,3456737,1035,id01298
3456737,3457536,799,id01298
3457536,3457977,441,id01298
3457977,3458853,876,id01298
3458853,3459601,748,id01298
3459601,3460656,1055,id01298
3460656,3461655,999,id01298
3461655,3462178,523,id01298
3462178,3462609,431,id01298
3462609,3462932,323,id01298
3462932,3463250,318,id01298
3463250,3463793,543,id01298
3463793,3464761,968,id01298
3464761,3465826,1065,id01298
3465826,3466272,446,id01298
3466272,3467112,840,id01298
3467112,3467722,610,id01298
3467722,3468040,318,id01298
3468040,3468691,651,id01298
3468691,3469316,625,id01298
3469316,3469701,385,id01298
3469701,3470065,364,id01298
3470065,3470521,456,id01298
3470521,3470870,349,id01298
3470870,3471224,354,id01298
3471224,3471757,533,id01298
3471757,3472485,728,id01298
3472485,3472957,472,id01298
3472957,3474391,1434,id01298
3474391,3474729,338,id01298
3474729,3475528,799,id01298
3475528,3475984,456,id01298
3475984,3477300,1316,id01298
3477300,3477787,487,id01298
3477787,3479149,1362,id01298
3479149,3480025,876,id01298
3480025,3480404,379,id01298
3480404,3480778,374,id01298
3480778,3481506,728,id01298
3481506,3481850,344,id01298
3481850,3482368,518,id01298
3482368,3482783,415,id01298
3482783,3483470,687,id01298
3483470,3484187,717,id01298
3484187,3484853,666,id01298
3484853,3485181,328,id01298
3485181,3485627,446,id01298
3485627,3485965,338,id01298
3485965,3486365,400,id01298
3486365,3486744,379,id01298
3486744,3487082,338,id01298
3487082,3487513,431,id01298
3487513,3487979,466,id01298
3487979,3488297,318,id01298
3488297,3488794,497,id01298
3488794,3489378,584,id01298
3489378,3489752,374,id01298
3489752,3490346,594,id01298
3490346,3490818,472,id01298
3490818,3491351,533,id01298
3491351,3491674,323,id01298
3491674,3492002,328,id01298
3492002,3492509,507,id01298
3492509,3493062,553,id01298
3493062,3493554,492,id01298
3493554,3494092,538,id01298
3494092,3494589,497,id01298
3494589,3495270,681,id01298
3495270,3495757,487,id01298
3495757,3496239,482,id01298
3496239,3497822,1583,id01298
3497822,3498698,876,id01298
3498698,3499298,600,id01298
3499298,3499647,349,id01298
3499647,3500477,830,id01298
3500477,3501046,569,id01298
3501046,3501374,328,id01298
3501374,3501723,349,id01298
3501723,3502077,354,id01298
3502077,3503040,963,id01298
3503040,3503486,446,id01298
3503486,3504106,620,id01298
3504106,3504531,425,id01298
3504531,3504941,410,id01298
3504941,3505607,666,id01298
3505607,3506032,425,id01298
3506032,3506376,344,id01298
3506376,3507052,676,id01298
3507052,3507416,364,id01298
3507416,3507872,456,id01298
3507872,3508262,390,id01298
3508262,3508590,328,id01298
3508590,3508939,349,id01298
3508939,3509272,333,id01298
3509272,3509667,395,id01298
3509667,3510584,917,id01333
3510584,3511112,528,id01333
3511112,3511635,523,id01333
3511635,3511963,328,id01333
3511963,3512435,472,id01333
3512435,3513101,666,id01333
3513101,3513583,482,id01333
3513583,3514254,671,id01333
3514254,3515488,1234,id01333
3515488,3516006,518,id01333
3516006,3517102,1096,id01333
3517102,3517758,656,id01333
3517758,3518655,897,id01333
3518655,3520494,1839,id01333
3520494,3521401,907,id01333
3521401,3522794,1393,id01333
3522794,3523291,497,id01333
3523291,3523747,456,id01333
3523747,3524167,420,id01333
3524167,3524828,661,id01333
3524828,3525556,728,id01333
3525556,3525997,441,id01333
3525997,3527979,1982,id01333
3527979,3528374,395,id01333
3528374,3529296,922,id01333
3529296,3529865,569,id01333
3529865,3530372,507,id01333
3530372,3530782,410,id01333
3530782,3531382,600,id01333
3531382,3531802,420,id01333
3531802,3532253,451,id01333
3532253,3532863,610,id01333
3532863,3534410,1547,id01333
3534410,3535547,1137,id01333
3535547,3536280,733,id01333
3536280,3536644,364,id01333
3536644,3537392,748,id01333
3537392,3537730,338,id01333
3537730,3538852,1122,id01333
3538852,3539206,354,id01333
3539206,3539626,420,id01333
3539626,3539990,364,id01333
3539990,3541189,1199,id01333
3541189,3541609,420,id01333
3541609,3542055,446,id01333
3542055,3542859,804,id01333
3542859,3543607,748,id01333
3543607,3543945,338,id01333
3543945,3544437,492,id01333
3544437,3544811,374,id01333
3544811,3546563,1752,id01333
3546563,3548279,1716,id01333
3548279,3549780,1501,id01333
3549780,3550190,410,id01333
3550190,3550615,425,id01333
3550615,3551066,451,id01333
3551066,3551573,507,id01333
3551573,3553601,2028,id01333
3553601,3554830,1229,id01333
3554830,3556643,1813,id01333
3556643,3557642,999,id01333
3557642,3558144,502,id01333
3558144,3558559,415,id01333
3558559,3559020,461,id01333
3559020,3559348,328,id01333
3559348,3561043,1695,id01333
3561043,3561371,328,id01333
3561371,3562017,646,id01333
3562017,3563082,1065,id01333
3563082,3564025,943,id01333
3564025,3564881,856,id01333
3564881,3565353,472,id01333
3565353,3565697,344,id01333
3565697,3566757,1060,id01333
3566757,3567085,328,id01333
3567085,3568309,1224,id01333
3568309,3568975,666,id01333
3568975,3570209,1234,id01333
3570209,3570537,328,id01333
3570537,3571193,656,id01333
3571193,3571680,487,id01333
3571680,3572126,446,id01333
3572126,3573555,1429,id01333
3573555,3574738,1183,id01333
3574738,3575312,574,id01333
3575312,3576157,845,id01333
3576157,3576664,507,id01333
3576664,3577166,502,id01333
3577166,3578452,1286,id01333
3578452,3578883,431,id01333
3578883,3579375,492,id01333
3579375,3579739,364,id01333
3579739,3580072,333,id01333
3580072,3580508,436,id01333
3580508,3581154,646,id01333
3581154,3582071,917,id01333
3582071,3582532,461,id01333
3582532,3584417,1885,id01333
3584417,3584745,328,id01333
3584745,3587905,3160,id01333
3587905,3591443,3538,id01333
3591443,3592944,1501,id01333
3592944,3594911,1967,id01333
3594911,3596919,2008,id01333
3596919,3598568,1649,id01333
3598568,3598932,364,id01333
3598932,3599460,528,id01333
3599460,3599983,523,id01333
3599983,3601274,1291,id01333
3601274,3601592,318,id01333
3601592,3602120,528,id01333
3602120,3603831,1711,id01333
3603831,3604262,431,id01333
3604262,3604836,574,id01333
3604836,3605610,774,id01333
3605610,3606169,559,id01333
3606169,3606610,441,id01333
3606610,3607005,395,id01333
3607005,3607441,436,id01333
3607441,3607907,466,id01333
3607907,3608343,436,id01333
3608343,3608943,600,id01333
3608943,3609466,523,id01333
3609466,3611847,2381,id01333
3611847,3614515,2668,id01333
3614515,3615196,681,id01333
3615196,3615765,569,id01333
3615765,3616723,958,id01333
3616723,3617097,374,id01333
3617097,3618613,1516,id01333
3618613,3619105,492,id01333
3619105,3619423,318,id01333
3619423,3619741,318,id01333
3619741,3620105,364,id01333
3620105,3620909,804,id01333
3620909,3621278,369,id01333
3621278,3621709,431,id01333
3621709,3622073,364,id01333
3622073,3622391,318,id01333
3622391,3622745,354,id01333
3622745,3623754,1009,id01333
3623754,3624282,528,id01333
3624282,3624646,364,id01333
3624646,3625727,1081,id01333
3625727,3626675,948,id01333
3626675,3627019,344,id01333
3627019,3627839,820,id01333
3627839,3628218,379,id01333
3628218,3629417,1199,id01333
3629417,3630206,789,id01333
3630206,3630570,364,id01333
3630570,3631175,605,id01333
3631175,3631611,436,id01333
3631611,3632533,922,id01333
3632533,3633061,528,id01333
3633061,3633824,763,id01333
3633824,3634152,328,id01333
3634152,3634608,456,id01333
3634608,3636697,2089,id01333
3636697,3637993,1296,id01333
3637993,3638859,866,id01333
3638859,3639407,548,id01333
3639407,3639812,405,id01333
3639812,3640171,359,id01333
3640171,3640694,523,id01333
3640694,3641119,425,id01333
3641119,3641478,359,id01333
3641478,3641975,497,id01333
3641975,3642918,943,id01333
3642918,3643328,410,id01333
3643328,3643887,559,id01333
3643887,3644256,369,id01333
3644256,3644825,569,id01333
3644825,3645250,425,id01333
3645250,3645655,405,id01333
3645655,3645988,333,id01333
3645988,3647207,1219,id01333
3647207,3647545,338,id01333
3647545,3647914,369,id01333
3647914,3648360,446,id01333
3648360,3648893,533,id01333
3648893,3649564,671,id01333
3649564,3649959,395,id01333
3649959,3650492,533,id01333
3650492,3650810,318,id01333
3650810,3651522,712,id01333
3651522,3652019,497,id01333
3652019,3652603,584,id01333
3652603,3652988,385,id01333
3652988,3653321,333,id01333
3653321,3653716,395,id01333
3653716,3654720,1004,id01333
3654720,3655913,1193,id01333
3655913,3656390,477,id01333
3656390,3657102,712,id01333
3657102,3658065,963,id01333
3658065,3658562,497,id01333
3658562,3659197,635,id01333
3659197,3659535,338,id01333
3659535,3659981,446,id01333
3659981,3661154,1173,id01333
3661154,3661841,687,id01333
3661841,3662220,379,id01333
3662220,3662610,390,id01333
3662610,3663076,466,id01333
3663076,3663722,646,id01333
3663722,3665151,1429,id01333
3665151,3666114,963,id01333
3666114,3667057,943,id01333
3667057,3667380,323,id01333
3667380,3667969,589,id01333
3667969,3668773,804,id01333
3668773,3669117,344,id01333
3669117,3669599,482,id01333
3669599,3670091,492,id01333
3670091,3670424,333,id01333
3670424,3670809,385,id01333
3670809,3671403,594,id01333
3671403,3672151,748,id01333
3672151,3672607,456,id01333
3672607,3673258,651,id01333
3673258,3673581,323,id01333
3673581,3674099,518,id01333
3674099,3674545,446,id01333
3674545,3675022,477,id01333
3675022,3675478,456,id01333
3675478,3676231,753,id01333
3676231,3677122,891,id01333
3677122,3677783,661,id01333
3677783,3681219,3436,id01333
3681219,3683861,2642,id01333
3683861,3685111,1250,id01333
3685111,3685506,395,id01333
3685506,3686771,1265,id01333
3686771,3687345,574,id01333
3687345,3687883,538,id01333
3687883,3688221,338,id01333
3688221,3688559,338,id01333
3688559,3688990,431,id01333
3688990,3689805,815,id01333
3689805,3690415,610,id01333
3690415,3690866,451,id01333
3690866,3691573,707,id01333
3691573,3691958,385,id01333
3691958,3692445,487,id01333
3692445,3693167,722,id01333
3693167,3693715,548,id01333
3693715,3694499,784,id01333
3694499,3695247,748,id01333
3695247,3695770,523,id01333
3695770,3696492,722,id01333
3696492,3696964,472,id01333
3696964,3697630,666,id01333
3697630,3698844,1214,id01333
3698844,3699377,533,id01333
3699377,3700064,687,id01333
3700064,3701268,1204,id01333
3701268,3701740,472,id01333
3701740,3702217,477,id01333
3702217,3703436,1219,id01333
3703436,3704486,1050,id01333
3704486,3704865,379,id01333
3704865,3705255,390,id01333
3705255,3705640,385,id01333
3705640,3706429,789,id01333
3706429,3708923,2494,id01333
3708923,3709384,461,id01333
3709384,3710506,1122,id01333
3710506,3711310,804,id01333
3711310,3711633,323,id01333
3711633,3711961,328,id01333
3711961,3712340,379,id01333
3712340,3712719,379,id01333
3712719,3713139,420,id01333
3713139,3713503,364,id01333
3713503,3714051,548,id01333
3714051,3714579,528,id01333
3714579,3715020,441,id01333
3715020,3715614,594,id01333
3715614,3716019,405,id01333
3716019,3716695,676,id01333
3716695,3717141,446,id01333
3717141,3717853,712,id01333
3717853,3718309,456,id01333
3718309,3718709,400,id01333
3718709,3719268,559,id01333
3719268,3719688,420,id01333
3719688,3720313,625,id01333
3720313,3720631,318,id01333
3720631,3721144,513,id01333
3721144,3721897,753,id01333
3721897,3722363,466,id01333
3722363,3723316,953,id01333
3723316,3723972,656,id01333
3723972,3724991,1019,id01333
3724991,3725340,349,id01333
3725340,3726851,1511,id01333
3726851,3727174,323,id01333
3727174,3728613,1439,id01333
3728613,3728977,364,id01333
3728977,3729495,518,id01333
3729495,3729833,338,id01333
3729833,3730714,881,id01333
3730714,3732035,1321,id01333
3732035,3732911,876,id01333
3732911,3733567,656,id01333
3733567,3735139,1572,id01333
3735139,3736041,902,id01333
3736041,3736410,369,id01333
3736410,3736984,574,id01333
3736984,3737307,323,id01333
3737307,3738122,815,id01333
3738122,3739285,1163,id01333
3739285,3739731,446,id01333
3739731,3740208,477,id01333
3740208,3740808,600,id01333
3740808,3741336,528,id01333
3741336,3741818,482,id01333
3741818,3742146,328,id01333
3742146,3742653,507,id01333
3742653,3743007,354,id01333
3743007,3743530,523,id01333
3743530,3744017,487,id01333
3744017,3744949,932,id01333
3744949,3745385,436,id01333
3745385,3745749,364,id01333
3745749,3747060,1311,id01333
3747060,3747629,569,id01333
3747629,3748218,589,id01333
3748218,3748582,364,id01333
3748582,3748987,405,id01333
3748987,3750001,1014,id01333
3750001,3750524,523,id01333
3750524,3751287,763,id01333
3751287,3751871,584,id01333
3751871,3752235,364,id01333
3752235,3752579,344,id01333
3752579,3753173,594,id01333
3753173,3753522,349,id01333
3753522,3753917,395,id01333
3753917,3754250,333,id01333
3754250,3754675,425,id01333
3754675,3755095,420,id01333
3755095,3755439,344,id01333
3755439,3755946,507,id01333
3755946,3756848,902,id01333
3756848,3757330,482,id01333
3757330,3757904,574,id01333
3757904,3758555,651,id01333
3758555,3759001,446,id01333
3759001,3759519,518,id01333
3759519,3760538,1019,id01333
3760538,3761127,589,id01333
3761127,3761455,328,id01333
3761455,3762331,876,id01333
3762331,3762736,405,id01333
3762736,3763484,748,id01333
3763484,3763833,349,id01333
3763833,3764325,492,id01333
3764325,3764761,436,id01333
3764761,3765156,395,id01333
3765156,3765525,369,id01333
3765525,3765930,405,id01333
3765930,3766258,328,id01333
3766258,3766904,646,id01333
3766904,3767488,584,id01333
3767488,3768052,564,id01333
3768052,3768611,559,id01333
3768611,3769313,702,id01333
3769313,3769733,420,id01333
3769733,3770102,369,id01333
3770102,3771096,994,id01333
3771096,3771455,359,id01333
3771455,3771860,405,id01333
3771860,3773289,1429,id01333
3773289,3773638,349,id01333
3773638,3773956,318,id01333
3773956,3774320,364,id01333
3774320,3774648,328,id01333
3774648,3775053,405,id01333
3775053,3775448,395,id01333
3775448,3775996,548,id01333
3775996,3776606,610,id01333
3776606,3777078,472,id01333
3777078,3777642,564,id01333
3777642,3778098,456,id01333
3778098,3778713,615,id01333
3778713,3779169,456,id01333
3779169,3780045,876,id01333
3780045,3781443,1398,id01333
3781443,3782488,1045,id01333
3782488,3783487,999,id01333
3783487,3784332,845,id01333
3784332,3784722,390,id01333
3784722,3785537,815,id01333
3785537,3786474,937,id01333
3786474,3786879,405,id01333
3786879,3787484,605,id01333
3787484,3787807,323,id01333
3787807,3788719,912,id01333
3788719,3789508,789,id01333
3789508,3790179,671,id01333
3790179,3790635,456,id01333
3790635,3791004,369,id01333
3791004,3791363,359,id01333
3791363,3793002,1639,id01333
3793002,3793397,395,id01333
3793397,3794314,917,id01333
3794314,3795364,1050,id01333
3795364,3795682,318,id01333
3795682,3796010,328,id01333
3796010,3796584,574,id01333
3796584,3798392,1808,id01333
3798392,3799299,907,id01333
3799299,3800001,702,id01333
3800001,3800386,385,id01333
3800386,3801032,646,id01333
3801032,3801954,922,id01333
3801954,3802615,661,id01333
3802615,3803834,1219,id01333
3803834,3804162,328,id01333
3804162,3805745,1583,id01333
3805745,3806933,1188,id01333
3806933,3807282,349,id01333
3807282,3807713,431,id01333
3807713,3808420,707,id01333
3808420,3809117,697,id01333
3809117,3809814,697,id01333
3809814,3811192,1378,id01333
3811192,3811735,543,id01333
3811735,3812171,436,id01333
3812171,3813149,978,id01333
3813149,3814179,1030,id01333
3814179,3814589,410,id01333
3814589,3815224,635,id01333
3815224,3815573,349,id01333
3815573,3815963,390,id01333
3815963,3816496,533,id01333
3816496,3816840,344,id01333
3816840,3817609,769,id01333
3817609,3818782,1173,id01333
3818782,3819156,374,id01437
3819156,3819766,610,id01437
3819766,3820376,610,id01437
3820376,3820822,446,id01437
3820822,3821222,400,id01437
3821222,3821755,533,id01437
3821755,3822431,676,id01437
3822431,3822964,533,id01437
3822964,3823446,482,id01437
3823446,3823948,502,id01437
3823948,3824327,379,id01437
3824327,3824722,395,id01437
3824722,3825050,328,id01437
3825050,3825419,369,id01437
3825419,3825763,344,id01437
3825763,3826081,318,id01437
3826081,3826640,559,id01437
3826640,3827081,441,id01437
3827081,3827716,635,id01437
3827716,3828070,354,id01437
3828070,3828485,415,id01437
3828485,3828864,379,id01437
3828864,3829228,364,id01437
3829228,3829735,507,id01437
3829735,3830079,344,id01437
3830079,3830535,456,id01437
3830535,3831160,625,id01437
3831160,3831565,405,id01437
3831565,3832467,902,id01437
3832467,3832831,364,id01437
3832831,3833400,569,id01437
3833400,3833754,354,id01437
3833754,3834220,466,id01437
3834220,3834676,456,id01437
3834676,3835081,405,id01437
3835081,3835425,344,id01437
3835425,3835769,344,id01437
3835769,3836189,420,id01437
3836189,3836563,374,id01437
3836563,3837029,466,id01437
3837029,3837798,769,id01437
3837798,3838162,364,id01437
3838162,3838874,712,id01437
3838874,3839243,369,id01437
3839243,3839633,390,id01437
3839633,3840043,410,id01437
3840043,3840643,600,id01437
3840643,3841125,482,id01437
3841125,3841489,364,id01437
3841489,3841986,497,id01437
3841986,3842493,507,id01437
3842493,3843804,1311,id01437
3843804,3844803,999,id01437
3844803,3845776,973,id01437
3845776,3846232,456,id01437
3846232,3846560,328,id01437
3846560,3847108,548,id01437
3847108,3847810,702,id01437
3847810,3848527,717,id01437
3848527,3848855,328,id01437
3848855,3849250,395,id01437
3849250,3850070,820,id01437
3850070,3850787,717,id01437
3850787,3851474,687,id01437
3851474,3851884,410,id01437
3851884,3852233,349,id01437
3852233,3852807,574,id01437
3852807,3853320,513,id01437
3853320,3854083,763,id01437
3854083,3854744,661,id01437
3854744,3855123,379,id01437
3855123,3856316,1193,id01437
3856316,3857719,1403,id01437
3857719,3858057,338,id01437
3858057,3858580,523,id01437
3858580,3858918,338,id01437
3858918,3859482,564,id01437
3859482,3860629,1147,id01437
3860629,3861126,497,id01437
3861126,3861536,410,id01437
3861536,3861859,323,id01437
3861859,3862658,799,id01437
3862658,3863104,446,id01437
3863104,3863714,610,id01437
3863714,3864042,328,id01437
3864042,3864380,338,id01437
3864380,3864857,477,id01437
3864857,3865364,507,id01437
3865364,3865841,477,id01437
3865841,3866922,1081,id01437
3866922,3867532,610,id01437
3867532,3868116,584,id01437
3868116,3868434,318,id01437
3868434,3869146,712,id01437
3869146,3869546,400,id01437
3869546,3870038,492,id01437
3870038,3870402,364,id01437
3870402,3870996,594,id01437
3870996,3871457,461,id01437
3871457,3871801,344,id01437
3871801,3872191,390,id01437
3872191,3872545,354,id01437
3872545,3873124,579,id01437
3873124,3873698,574,id01437
3873698,3874129,431,id01437
3874129,3874539,410,id01437
3874539,3874995,456,id01437
3874995,3875446,451,id01437
3875446,3875779,333,id01437
3875779,3876112,333,id01437
3876112,3876655,543,id01437
3876655,3877137,482,id01437
3877137,3877470,333,id01437
3877470,3877921,451,id01437
3877921,3878480,559,id01437
3878480,3878813,333,id01437
3878813,3880621,1808,id01437
3880621,3881041,420,id01437
3881041,3881359,318,id01437
3881359,3881800,441,id01437
3881800,3883081,1281,id01437
3883081,3883486,405,id01437
3883486,3883927,441,id01437
3883927,3884312,385,id01437
3884312,3884814,502,id01437
3884814,3885178,364,id01437
3885178,3885516,338,id01437
3885516,3886023,507,id01437
3886023,3886541,518,id01437
3886541,3887013,472,id01437
3887013,3887741,728,id01437
3887741,3888177,436,id01437
3888177,3888623,446,id01437
3888623,3889043,420,id01437
3889043,3889433,390,id01437
3889433,3889925,492,id01437
3889925,3890530,605,id01437
3890530,3890868,338,id01437
3890868,3892092,1224,id01437
3892092,3895671,3579,id01437
3895671,3897448,1777,id01437
3897448,3897966,518,id01437
3897966,3898525,559,id01437
3898525,3900051,1526,id01437
3900051,3901669,1618,id01437
3901669,3902013,344,id01437
3902013,3902413,400,id01437
3902413,3902746,333,id01437
3902746,3903376,630,id01437
3903376,3903766,390,id01437
3903766,3904826,1060,id01437
3904826,3905216,390,id01437
3905216,3906886,1670,id01437
3906886,3908658,1772,id01437
3908658,3911633,2975,id01437
3911633,3912888,1255,id01437
3912888,3914025,1137,id01437
3914025,3914660,635,id01437
3914660,3915741,1081,id01437
3915741,3916786,1045,id01437
3916786,3917877,1091,id01437
3917877,3919444,1567,id01437
3919444,3920463,1019,id01437
3920463,3923295,2832,id01437
3923295,3923756,461,id01437
3923756,3924176,420,id01437
3924176,3924561,385,id01437
3924561,3924951,390,id01437
3924951,3925464,513,id01437
3925464,3925843,379,id01437
3925843,3926284,441,id01437
3926284,3927288,1004,id01437
3927288,3927760,472,id01437
3927760,3929486,1726,id01437
3929486,3929804,318,id01437
3929804,3930747,943,id01437
3930747,3931065,318,id01437
3931065,3931885,820,id01437
3931885,3932295,410,id01437
3932295,3932685,390,id01437
3932685,3933141,456,id01437
3933141,3933495,354,id01437
3933495,3934683,1188,id01437
3934683,3935231,548,id01437
3935231,3936020,789,id01437
3936020,3936343,323,id01437
3936343,3937045,702,id01437
3937045,3937435,390,id01437
3937435,3938209,774,id01437
3938209,3939433,1224,id01437
3939433,3940109,676,id01437
3940109,3940524,415,id01437
3940524,3940883,359,id01437
3940883,3941590,707,id01437
3941590,3942420,830,id01437
3942420,3942815,395,id01437
3942815,3943486,671,id01437
3943486,3943963,477,id01437
3943963,3944972,1009,id01437
3944972,3946135,1163,id01437
3946135,3946883,748,id01437
3946883,3947442,559,id01437
3947442,3947827,385,id01437
3947827,3948421,594,id01437
3948421,3948785,364,id01437
3948785,3949313,528,id01437
3949313,3949723,410,id01437
3949723,3950435,712,id01437
3950435,3951393,958,id01437
3951393,3952356,963,id01437
3952356,3952674,318,id01437
3952674,3953197,523,id01437
3953197,3953720,523,id01437
3953720,3954084,364,id01437
3954084,3954428,344,id01437
3954428,3955048,620,id01437
3955048,3955535,487,id01437
3955535,3956073,538,id01437
3956073,3956524,451,id01437
3956524,3956929,405,id01437
3956929,3957308,379,id01437
3957308,3958251,943,id01437
3958251,3958589,338,id01437
3958589,3959373,784,id01437
3959373,3960121,748,id01437
3960121,3960644,523,id01437
3960644,3961059,415,id01437
3961059,3961418,359,id01437
3961418,3961823,405,id01437
3961823,3962192,369,id01437
3962192,3962515,323,id01437
3962515,3962905,390,id01437
3962905,3963658,753,id01437
3963658,3964083,425,id01437
3964083,3964473,390,id01437
3964473,3964955,482,id01437
3964955,3965683,728,id01437
3965683,3966098,415,id01437
3966098,3966708,610,id01437
3966708,3967133,425,id01437
3967133,3967487,354,id01437
3967487,3968394,907,id01437
3968394,3968722,328,id01437
3968722,3969531,809,id01437
3969531,3969885,354,id01437
3969885,3970597,712,id01437
3970597,3970961,364,id01437
3970961,3971489,528,id01437
3971489,3971833,344,id01437
3971833,3972269,436,id01437
3972269,3972643,374,id01437
3972643,3973063,420,id01437
3973063,3973504,441,id01437
3973504,3973873,369,id01437
3973873,3974217,344,id01437
3974217,3974796,579,id01437
3974796,3975703,907,id01437
3975703,3976226,523,id01437
3976226,3976820,594,id01437
3976820,3977215,395,id01437
3977215,3977886,671,id01437
3977886,3978404,518,id01437
3978404,3978748,344,id01437
3978748,3979394,646,id01437
3979394,3979988,594,id01460
3979988,3980326,338,id01460
3980326,3981089,763,id01460
3981089,3981407,318,id01460
3981407,3982191,784,id01460
3982191,3982555,364,id01460
3982555,3983518,963,id01460
3983518,3984025,507,id01460
3984025,3985096,1071,id01460
3985096,3985875,779,id01460
3985875,3986807,932,id01460
3986807,3987238,431,id01460
3987238,3987597,359,id01460
3987597,3987971,374,id01460
3987971,3988658,687,id01460
3988658,3988986,328,id01460
3988986,3989314,328,id01460
3989314,3989683,369,id01460
3989683,3990011,328,id01460
3990011,3990585,574,id01460
3990585,3991328,743,id01460
3991328,3992143,815,id01460
3992143,3992476,333,id01460
3992476,3993398,922,id01460
3993398,3994469,1071,id01460
3994469,3995975,1506,id01460
3995975,3996421,446,id01460
3996421,3997041,620,id01460
3997041,3997446,405,id01460
3997446,3997851,405,id01460
3997851,3998814,963,id01460
3998814,3999408,594,id01460
3999408,4000796,1388,id01460
4000796,4001134,338,id01460
4001134,4002655,1521,id01460
4002655,4003659,1004,id01460
4003659,4004125,466,id01460
4004125,4004576,451,id01460
4004576,4005094,518,id01460
4005094,4005443,349,id01460
4005443,4005858,415,id01460
4005858,4006253,395,id01460
4006253,4006694,441,id01460
4006694,4007247,553,id01460
4007247,4007611,364,id01460
4007611,4008006,395,id01460
4008006,4008324,318,id01460
4008324,4008668,344,id01460
4008668,4009324,656,id01460
4009324,4009719,395,id01460
4009719,4010165,446,id01460
4010165,4010785,620,id01460
4010785,4011349,564,id01460
4011349,4012409,1060,id01460
4012409,4013101,692,id01460
4013101,4013455,354,id01460
4013455,4014249,794,id01460
4014249,4014664,415,id01460
4014664,4015059,395,id01460
4015059,4015423,364,id01460
4015423,4016084,661,id01460
4016084,4016806,722,id01460
4016806,4017324,518,id01460
4017324,4017642,318,id01460
4017642,4018236,594,id01460
4018236,4019214,978,id01460
4019214,4019558,344,id01460
4019558,4020147,589,id01460
4020147,4020485,338,id01460
4020485,4021008,523,id01460
4021008,4021628,620,id01460
4021628,4022315,687,id01460
4022315,4022694,379,id01460
4022694,4023063,369,id01460
4023063,4024000,937,id01460
4024000,4024354,354,id01460
4024354,4024872,518,id01460
4024872,4025651,779,id01460
4025651,4027065,1414,id01460
4027065,4028110,1045,id01460
4028110,4028612,502,id01460
4028612,4029227,615,id01460
4029227,4029545,318,id01460
4029545,4030129,584,id01460
4030129,4030447,318,id01460
4030447,4030970,523,id01460
4030970,4031339,369,id01460
4031339,4032123,784,id01460
4032123,4032492,369,id01460
4032492,4034049,1557,id01460
4034049,4034828,779,id01460
4034828,4035535,707,id01460
4035535,4035899,364,id01460
4035899,4036729,830,id01460
4036729,4037154,425,id01460
4037154,4037585,431,id01460
4037585,4038809,1224,id01460
4038809,4039931,1122,id01460
4039931,4040346,415,id01460
4040346,4040981,635,id01460
4040981,4041299,318,id01460
4041299,4042231,932,id01460
4042231,4042559,328,id01460
4042559,4042918,359,id01460
4042918,4043431,513,id01460
4043431,4043959,528,id01460
4043959,4044297,338,id01460
4044297,4045854,1557,id01460
4045854,4046269,415,id01460
4046269,4046715,446,id01460
4046715,4047509,794,id01460
4047509,4049767,2258,id01460
4049767,4050402,635,id01460
4050402,4051380,978,id01460
4051380,4052051,671,id01460
4052051,4052420,369,id01460
4052420,4053081,661,id01460
4053081,4053512,431,id01460
4053512,4054224,712,id01460
4054224,4055049,825,id01460
4055049,4055556,507,id01460
4055556,4055910,354,id01460
4055910,4056556,646,id01460
4056556,4056920,364,id01460
4056920,4057330,410,id01460
4057330,4057930,600,id01460
4057930,4058248,318,id01460
4058248,4058602,354,id01460
4058602,4059509,907,id01460
4059509,4059847,338,id01460
4059847,4060165,318,id01460
4060165,4060570,405,id01460
4060570,4060898,328,id01460
4060898,4061272,374,id01460
4061272,4061677,405,id01460
4061677,4062113,436,id01460
4062113,4062508,395,id01460
4062508,4063092,584,id01460
4063092,4063727,635,id01460
4063727,4064398,671,id01460
4064398,4064864,466,id01460
4064864,4065269,405,id01460
4065269,4065802,533,id01460
4065802,4066299,497,id01460
4066299,4067098,799,id01460
4067098,4067723,625,id01460
4067723,4068563,840,id01460
4068563,4069009,446,id01460
4069009,4069342,333,id01460
4069342,4069798,456,id01460
4069798,4070213,415,id01460
4070213,4070592,379,id01460
4070592,4071048,456,id01460
4071048,4071648,600,id01460
4071648,4072120,472,id01460
4072120,4072704,584,id01460
4072704,4073257,553,id01460
4073257,4074225,968,id01460
4074225,4074620,395,id01460
4074620,4075399,779,id01460
4075399,4075906,507,id01460
4075906,4076224,318,id01460
4076224,4077233,1009,id01460
4077233,4077705,472,id01460
4077705,4078079,374,id01460
4078079,4078643,564,id01460
4078643,4079166,523,id01460
4079166,4079694,528,id01460
4079694,4080319,625,id01460
4080319,4080668,349,id01460
4080668,4081390,722,id01460
4081390,4081841,451,id01460
4081841,4082359,518,id01460
4082359,4082953,594,id01460
4082953,4083701,748,id01460
4083701,4084382,681,id01460
4084382,4085939,1557,id01460
4085939,4089022,3083,id01460
4089022,4090226,1204,id01460
4090226,4091850,1624,id01460
4091850,4092475,625,id01460
4092475,4093981,1506,id01460
4093981,4094888,907,id01460
4094888,4095370,482,id01460
4095370,4096267,897,id01460
4096267,4096795,528,id01460
4096795,4097994,1199,id01460
4097994,4098537,543,id01460
4098537,4099162,625,id01460
4099162,4099490,328,id01460
4099490,4100238,748,id01460
4100238,4100566,328,id01460
4100566,4102814,2248,id01460
4102814,4103275,461,id01460
4103275,4104028,753,id01460
4104028,4104940,912,id01460
4104940,4105581,641,id01460
4105581,4106022,441,id01460
4106022,4106755,733,id01460
4106755,4108747,1992,id01460
4108747,4109152,405,id01460
4109152,4110171,1019,id01460
4110171,4112086,1915,id01460
4112086,4113198,1112,id01460
4113198,4113618,420,id01460
4113618,4115339,1721,id01460
4115339,4115780,441,id01460
4115780,4116497,717,id01460
4116497,4116912,415,id01460
4116912,4117665,753,id01460
4117665,4118239,574,id01460
4118239,4119023,784,id01460
4119023,4119387,364,id01460
4119387,4120217,830,id01460
4120217,4120627,410,id01460
4120627,4121360,733,id01460
4121360,4121688,328,id01460
4121688,4124668,2980,id01460
4124668,4125109,441,id01460
4125109,4126405,1296,id01460
4126405,4127174,769,id01460
4127174,4127712,538,id01460
4127712,4128132,420,id01460
4128132,4128906,774,id01460
4128906,4129649,743,id01460
4129649,4131907,2258,id01460
4131907,4132230,323,id01460
4132230,4132599,369,id01460
4132599,4133188,589,id01460
4133188,4134207,1019,id01460
4134207,4134981,774,id01460
4134981,4136610,1629,id01460
4136610,4136974,364,id01460
4136974,4137840,866,id01460
4137840,4138332,492,id01460
4138332,4138865,533,id01460
4138865,4139500,635,id01460
4139500,4141165,1665,id01460
4141165,4143444,2279,id01460
4143444,4143931,487,id01460
4143931,4144797,866,id01460
4144797,4145356,559,id01460
4145356,4146181,825,id01460
4146181,4147088,907,id01460
4147088,4148348,1260,id01460
4148348,4148773,425,id01460
4148773,4149239,466,id01460
4149239,4149557,318,id01460
4149557,4150213,656,id01460
4150213,4150941,728,id01460
4150941,4151914,973,id01460
4151914,4152365,451,id01460
4152365,4152924,559,id01460
4152924,4153570,646,id01460
4153570,4154697,1127,id01460
4154697,4155194,497,id01460
4155194,4156265,1071,id01460
4156265,4156629,364,id01460
4156629,4157249,620,id01460
4157249,4157567,318,id01460
4157567,4158039,472,id01460
4158039,4158393,354,id01460
4158393,4158808,415,id01460
4158808,4159162,354,id01460
4159162,4159890,728,id01460
4159890,4160669,779,id01460
4160669,4161084,415,id01460
4161084,4161950,866,id01460
4161950,4162314,364,id01460
4162314,4162724,410,id01460
4162724,4163185,461,id01460
4163185,4163595,410,id01460
4163595,4163995,400,id01460
4163995,4164333,338,id01460
4164333,4164671,338,id01460
4164671,4165178,507,id01460
4165178,4165967,789,id01460
4165967,4166423,456,id01460
4166423,4166792,369,id01460
4166792,4167274,482,id01460
4167274,4167715,441,id01460
4167715,4168258,543,id01460
4168258,4168868,610,id01460
4168868,4169227,359,id01460
4169227,4169775,548,id01460
4169775,4170113,338,id01460
4170113,4170457,344,id01460
4170457,4171338,881,id01460
4171338,4171666,328,id01460
4171666,4172061,395,id01460
4172061,4172819,758,id01460
4172819,4173342,523,id01460
4173342,4175181,1839,id01460
4175181,4175642,461,id01460
4175642,4175996,354,id01460
4175996,4176749,753,id01460
4176749,4177154,405,id01460
4177154,4178081,927,id01460
4178081,4178512,431,id01460
4178512,4179941,1429,id01460
4179941,4180346,405,id01460
4180346,4180679,333,id01460
4180679,4181094,415,id01460
4181094,4181985,891,id01460
4181985,4182554,569,id01460
4182554,4183000,446,id01460
4183000,4184260,1260,id01460
4184260,4184732,472,id01460
4184732,4185726,994,id01460
4185726,4186346,620,id01460
4186346,4186992,646,id01460
4186992,4187505,513,id01460
4187505,4187879,374,id01460
4187879,4188463,584,id01460
4188463,4188899,436,id01460
4188899,4189278,379,id01460
4189278,4189770,492,id01460
4189770,4190293,523,id01460
4190293,4190795,502,id01460
4190795,4191389,594,id01460
4191389,4192065,676,id01460
4192065,4192429,364,id01460
4192429,4192947,518,id01460
4192947,4193833,886,id01460
4193833,4194642,809,id01460
4194642,4195354,712,id01460
4195354,4195841,487,id01460
4195841,4196748,907,id01460
4196748,4197281,533,id01460
4197281,4198029,748,id01460
4198029,4198613,584,id01460
4198613,4199182,569,id01460
4199182,4200012,830,id01460
4200012,4200596,584,id01460
4200596,4201267,671,id01460
4201267,4201887,620,id01460
4201887,4202231,344,id01460
4202231,4202631,400,id01460
4202631,4203661,1030,id01460
4203661,4203979,318,id01460
4203979,4205316,1337,id01460
4205316,4205869,553,id01460
4205869,4206950,1081,id01460
4206950,4207457,507,id01460
4207457,4207826,369,id01460
4207826,4208641,815,id01460
4208641,4209773,1132,id01460
4209773,4210777,1004,id01460
4210777,4211146,369,id01460
4211146,4211490,344,id01460
4211490,4211828,338,id01460
4211828,4212197,369,id01460
4212197,4212602,405,id01460
4212602,4214328,1726,id01460
4214328,4214682,354,id01460
4214682,4215717,1035,id01460
4215717,4216107,390,id01460
4216107,4216471,364,id01460
4216471,4217736,1265,id01460
4217736,4218167,431,id01460
4218167,4218761,594,id01460
4218761,4219212,451,id01460
4219212,4219637,425,id01460
4219637,4220272,635,id01460
4220272,4220744,472,id01460
4220744,4221630,886,id01460
4221630,4222030,400,id01460
4222030,4222348,318,id01460
4222348,4222733,385,id01509
4222733,4223307,574,id01509
4223307,4224316,1009,id01509
4224316,4224951,635,id01509
4224951,4225551,600,id01509
4225551,4225884,333,id01509
4225884,4226253,369,id01509
4226253,4226597,344,id01509
4226597,4227043,446,id01509
4227043,4227417,374,id01509
4227417,4227735,318,id01509
4227735,4228135,400,id01509
4228135,4228801,666,id01509
4228801,4231356,2555,id01509
4231356,4232253,897,id01509
4232253,4232668,415,id01509
4232668,4233037,369,id01509
4233037,4233432,395,id01509
4233432,4234021,589,id01509
4234021,4234641,620,id01509
4234641,4235077,436,id01509
4235077,4235610,533,id01509
4235610,4236076,466,id01509
4236076,4236394,318,id01509
4236394,4236789,395,id01509
4236789,4237235,446,id01509
4237235,4237614,379,id01509
4237614,4238029,415,id01509
4238029,4238434,405,id01509
4238434,4240063,1629,id01509
4240063,4240816,753,id01509
4240816,4241574,758,id01509
4241574,4242184,610,id01509
4242184,4242886,702,id01509
4242886,4243388,502,id01509
4243388,4243721,333,id01509
4243721,4244162,441,id01509
4244162,4244623,461,id01509
4244623,4245381,758,id01509
4245381,4246016,635,id01509
4246016,4246626,610,id01509
4246626,4246985,359,id01509
4246985,4247585,600,id01509
4247585,4247980,395,id01509
4247980,4248370,390,id01509
4248370,4248729,359,id01509
4248729,4249211,482,id01509
4249211,4249575,364,id01509
4249575,4250057,482,id01509
4250057,4250467,410,id01509
4250467,4250995,528,id01509
4250995,4251595,600,id01509
4251595,4251933,338,id01509
4251933,4252297,364,id01509
4252297,4252625,328,id01509
4252625,4253219,594,id01509
4253219,4253747,528,id01509
4253747,4254428,681,id01509
4254428,4254935,507,id01509
4254935,4255376,441,id01509
4255376,4255791,415,id01509
4255791,4256979,1188,id01509
4256979,4257410,431,id01509
4257410,4258194,784,id01509
4258194,4259193,999,id01509
4259193,4259521,328,id01509
4259521,4259859,338,id01509
4259859,4260192,333,id01509
4260192,4260976,784,id01509
4260976,4261422,446,id01509
4261422,4261745,323,id01509
4261745,4262083,338,id01509
4262083,4262549,466,id01509
4262549,4263082,533,id01509
4263082,4263651,569,id01509
4263651,4264005,354,id01509
4264005,4264410,405,id01509
4264410,4265051,641,id01509
4265051,4265369,318,id01509
4265369,4266050,681,id01509
4266050,4266721,671,id01509
4266721,4267193,472,id01509
4267193,4267762,569,id01509
4267762,4268546,784,id01509
4268546,4268869,323,id01509
4268869,4269233,364,id01509
4269233,4269638,405,id01509
4269638,4270488,850,id01509
4270488,4270826,338,id01509
4270826,4271231,405,id01509
4271231,4271805,574,id01509
4271805,4272358,553,id01509
4272358,4272778,420,id01509
4272778,4273122,344,id01509
4273122,4273466,344,id01509
4273466,4273810,344,id01509
4273810,4275331,1521,id01509
4275331,4276299,968,id01509
4276299,4276975,676,id01509
4276975,4277329,354,id01509
4277329,4277898,569,id01509
4277898,4279450,1552,id01509
4279450,4280290,840,id01509
4280290,4281376,1086,id01509
4281376,4282549,1173,id01509
4282549,4282898,349,id01509
4282898,4283431,533,id01509
4283431,4284292,861,id01509
4284292,4284610,318,id01509
4284610,4285005,395,id01509
4285005,4285579,574,id01509
4285579,4285907,328,id01509
4285907,4286414,507,id01509
4286414,4287843,1429,id01509
4287843,4288284,441,id01509
4288284,4288986,702,id01509
4288986,4289355,369,id01509
4289355,4289811,456,id01509
4289811,4290252,441,id01509
4290252,4291881,1629,id01509
4291881,4293059,1178,id01509
4293059,4293746,687,id01509
4293746,4294192,446,id01509
4294192,4294843,651,id01509
4294843,4295335,492,id01509
4295335,4296718,1383,id01509
4296718,4298807,2089,id01509
4298807,4299545,738,id01509
4299545,4299991,446,id01509
4299991,4300386,395,id01509
4300386,4301416,1030,id01509
4301416,4302195,779,id01509
4302195,4302943,748,id01509
4302943,4303486,543,id01509
4303486,4303835,349,id01509
4303835,4304230,395,id01509
4304230,4304661,431,id01509
4304661,4305220,559,id01509
4305220,4305625,405,id01509
4305625,4305953,328,id01509
4305953,4306363,410,id01509
4306363,4306707,344,id01509
4306707,4307301,594,id01509
4307301,4307619,318,id01509
4307619,4308014,395,id01509
4308014,4308486,472,id01509
4308486,4308922,436,id01509
4308922,4309286,364,id01509
4309286,4309758,472,id01509
4309758,4310137,379,id01509
4310137,4310547,410,id01509
4310547,4310911,364,id01509
4310911,4311290,379,id01509
4311290,4311669,379,id01509
4311669,4312125,456,id01509
4312125,4312515,390,id01509
4312515,4313038,523,id01509
4313038,4313842,804,id01509
4313842,4314252,410,id01509
4314252,4314621,369,id01509
4314621,4315180,559,id01509
4315180,4315626,446,id01509
4315626,4315954,328,id01509
4315954,4316369,415,id01509
4316369,4317184,815,id01509
4317184,4317784,600,id01509
4317784,4318491,707,id01509
4318491,4318860,369,id01509
4318860,4319280,420,id01509
4319280,4319618,338,id01509
4319618,4320110,492,id01509
4320110,4320679,569,id01509
4320679,4321007,328,id01509
4321007,4321402,395,id01509
4321402,4321909,507,id01509
4321909,4322759,850,id01509
4322759,4323225,466,id01509
4323225,4323589,364,id01509
4323589,4323994,405,id01509
4323994,4324317,323,id01509
4324317,4324655,338,id01509
4324655,4325034,379,id01509
4325034,4325608,574,id01509
4325608,4325936,328,id01509
4325936,4326305,369,id01509
4326305,4326633,328,id01509
4326633,4327105,472,id01509
4327105,4327484,379,id01509
4327484,4327950,466,id01509
4327950,4328601,651,id01509
4328601,4329180,579,id01509
4329180,4329518,338,id01509
4329518,4330379,861,id01509
4330379,4331542,1163,id01509
4331542,4332223,681,id01509
4332223,4332567,344,id01509
4332567,4332890,323,id01509
4332890,4333403,513,id01509
4333403,4334028,625,id01509
4334028,4334766,738,id01509
4334766,4335314,548,id01509
4335314,4335883,569,id01509
4335883,4337251,1368,id01509
4337251,4337646,395,id01509
4337646,4338205,559,id01509
4338205,4338933,728,id01509
4338933,4339364,431,id01509
4339364,4339810,446,id01509
4339810,4340271,461,id01509
4340271,4340993,722,id01509
4340993,4341557,564,id01509
4341557,4342105,548,id01509
4342105,4342428,323,id01509
4342428,4343156,728,id01509
4343156,4343551,395,id01509
4343551,4344099,548,id01509
4344099,4344494,395,id01509
4344494,4345175,681,id01509
4345175,4345759,584,id01509
4345759,4346487,728,id01509
4346487,4346856,369,id01509
4346856,4347358,502,id01509
4347358,4347855,497,id01509
4347855,4348173,318,id01509
4348173,4348639,466,id01509
4348639,4348962,323,id01509
4348962,4349393,431,id01509
4349393,4349711,318,id01509
4349711,4350341,630,id01509
4350341,4350792,451,id01509
4350792,4351115,323,id01509
4351115,4351735,620,id01509
4351735,4352166,431,id01509
4352166,4352525,359,id01509
4352525,4352869,344,id01509
4352869,4353361,492,id01509
4353361,4354114,753,id01509
4354114,4354458,344,id01509
4354458,4354848,390,id01509
4354848,4355314,466,id01509
4355314,4355632,318,id01509
4355632,4356098,466,id01509
4356098,4356918,820,id01509
4356918,4357410,492,id01509
4357410,4357907,497,id01509
4357907,4358501,594,id01509
4358501,4358829,328,id01509
4358829,4359295,466,id01509
4359295,4359854,559,id01509
4359854,4360285,431,id01509
4360285,4360700,415,id01509
4360700,4361387,687,id01509
4361387,4361956,569,id01509
4361956,4362320,364,id01509
4362320,4362940,620,id01509
4362940,4363355,415,id01509
4363355,4363832,477,id01509
4363832,4364575,743,id01509
4364575,4365364,789,id01509
4365364,4365861,497,id01509
4365861,4366215,354,id01509
4366215,4366758,543,id01509
4366758,4367204,446,id01509
4367204,4367568,364,id01509
4367568,4368833,1265,id01509
4368833,4369330,497,id01509
4369330,4369914,584,id01509
4369914,4370585,671,id01509
4370585,4371400,815,id01509
4371400,4371795,395,id01509
4371795,4372302,507,id01509
4372302,4372743,441,id01509
4372743,4373179,436,id01509
4373179,4373599,420,id01509
4373599,4373927,328,id01509
4373927,4374532,605,id01509
4374532,4374870,338,id01509
4374870,4375285,415,id01509
4375285,4375854,569,id01509
4375854,4376192,338,id01509
4376192,4376996,804,id01509
4376996,4377575,579,id01509
4377575,4378093,518,id01509
4378093,4379286,1193,id01509
4379286,4379937,651,id01509
4379937,4380557,620,id01509
4380557,4381612,1055,id01509
4381612,4382053,441,id01509
4382053,4382499,446,id01509
4382499,4382919,420,id01509
4382919,4383309,390,id01509
4383309,4383837,528,id01509
4383837,4384165,328,id01509
4384165,4385502,1337,id01509
4385502,4385830,328,id01509
4385830,4386240,410,id01509
4386240,4386594,354,id01509
4386594,4387147,553,id01509
4387147,4387977,830,id01509
4387977,4388372,395,id01509
4388372,4389105,733,id01509
4389105,4389469,364,id01509
4389469,4389807,338,id01509
4389807,4390145,338,id01509
4390145,4390565,420,id01509
4390565,4391170,605,id01509
4391170,4391565,395,id01509
4391565,4391985,420,id01509
4391985,4392405,420,id01509
4392405,4392964,559,id01509
4392964,4393292,328,id01509
4393292,4393758,466,id01509
4393758,4394486,728,id01509
4394486,4395034,548,id01509
4395034,4395490,456,id01509
4395490,4395854,364,id01509
4395854,4396233,379,id01509
4396233,4396571,338,id01509
4396571,4397002,431,id01509
4397002,4397520,518,id01509
4397520,4398089,569,id01509
4398089,4398545,456,id01509
4398545,4398889,344,id01509
4398889,4399227,338,id01509
4399227,4399565,338,id01509
4399565,4399919,354,id01509
4399919,4400606,687,id01509
4400606,4401231,625,id01509
4401231,4401667,436,id01509
4401667,4402123,456,id01509
4402123,4402902,779,id01509
4402902,4403425,523,id01509
4403425,4404234,809,id01509
4404234,4405960,1726,id01509
4405960,4406657,697,id01509
4406657,4407379,722,id01509
4407379,4407702,323,id01509
4407702,4408199,497,id01509
4408199,4409218,1019,id01509
4409218,4409536,318,id01509
4409536,4409926,390,id01509
4409926,4410464,538,id01509
4410464,4410869,405,id01509
4410869,4411914,1045,id01509
4411914,4412416,502,id01509
4412416,4413906,1490,id01509
4413906,4414265,359,id01509
4414265,4414977,712,id01509
4414977,4415505,528,id01509
4415505,4416028,523,id01509
4416028,4416356,328,id01509
4416356,4416725,369,id01509
4416725,4417381,656,id01509
4417381,4417812,431,id01509
4417812,4418135,323,id01509
4418135,4418473,338,id01509
4418473,4419318,845,id01509
4419318,4420097,779,id01509
4420097,4420563,466,id01509
4420563,4420917,354,id01509
4420917,4421465,548,id01509
4421465,4422244,779,id01509
4422244,4423274,1030,id01509
4423274,4424452,1178,id01509
4424452,4425256,804,id01509
4425256,4425584,328,id01509
4425584,4426337,753,id01509
4426337,4426696,359,id01509
4426696,4427331,635,id01509
4427331,4427685,354,id01509
4427685,4428141,456,id01509
4428141,4428991,850,id01509
4428991,4429560,569,id01509
4429560,4430702,1142,id01509
4430702,4431225,523,id01509
4431225,4432178,953,id01509
4432178,4432696,518,id01509
4432696,4433367,671,id01509
4433367,4433695,328,id01509
4433695,4434044,349,id01509
4434044,4434894,850,id01509
4434894,4435212,318,id01509
4435212,4436718,1506,id01509
4436718,4437087,369,id01509
4437087,4437518,431,id01509
4437518,4437892,374,id01509
4437892,4438312,420,id01509
4438312,4438712,400,id01509
4438712,4439900,1188,id01509
4439900,4440244,344,id01509
4440244,4440966,722,id01509
4440966,4441432,466,id01509
4441432,4441750,318,id01509
4441750,4442626,876,id01509
4442626,4443021,395,id01509
4443021,4443349,328,id01509
4443349,4444123,774,id01509
4444123,4444897,774,id01509
4444897,4445225,328,id01509
4445225,4445886,661,id01509
4445886,4446460,574,id01509
4446460,4447500,1040,id01509
4447500,4447828,328,id01509
4447828,4448361,533,id01509
4448361,4448827,466,id01509
4448827,4449340,513,id01509
4449340,4449786,446,id01509
4449786,4450135,349,id01509
4450135,4450473,338,id01509
4450473,4450955,482,id01509
4450955,4451314,359,id01509
4451314,4451934,620,id01509
4451934,4452431,497,id01509
4452431,4453025,594,id01509
4453025,4453420,395,id01509
4453420,4453758,338,id01509
4453758,4454388,630,id01509
4454388,4454732,344,id01509
4454732,4455137,405,id01509
4455137,4455998,861,id01509
4455998,4456408,410,id01509
4456408,4456931,523,id01509
4456931,4457285,354,id01509
4457285,4458048,763,id01509
4458048,4458735,687,id01509
4458735,4459790,1055,id01509
4459790,4460333,543,id01509
4460333,4460748,415,id01509
4460748,4461127,379,id01509
4461127,4461880,753,id01509
4461880,4462485,605,id01509
4462485,4463172,687,id01509
4463172,4463618,446,id01509
4463618,4463982,364,id01509
4463982,4464413,431,id01509
4464413,4464946,533,id01509
4464946,4465325,379,id01509
4465325,4465827,502,id01509
4465827,4466391,564,id01509
4466391,4466909,518,id01509
4466909,4467278,369,id01541
4467278,4467837,559,id01541
4467837,4468191,354,id01541
4468191,4468519,328,id01541
4468519,4469129,610,id01541
4469129,4469780,651,id01541
4469780,4471762,1982,id01541
4471762,4472423,661,id01541
4472423,4472905,482,id01541
4472905,4473730,825,id01541
4473730,4474207,477,id01541
4474207,4474622,415,id01541
4474622,4475099,477,id01541
4475099,4475443,344,id01541
4475443,4475899,456,id01541
4475899,4477098,1199,id01541
4477098,4477416,318,id01541
4477416,4478041,625,id01541
4478041,4478364,323,id01541
4478364,4478692,328,id01541
4478692,4479123,431,id01541
4479123,4479451,328,id01541
4479451,4480112,661,id01541
4480112,4480722,610,id01541
4480722,4481076,354,id01541
4481076,4481425,349,id01541
4481425,4481922,497,id01541
4481922,4482337,415,id01541
4482337,4482957,620,id01541
4482957,4483280,323,id01541
4483280,4483762,482,id01541
4483762,4484080,318,id01541
4484080,4484562,482,id01541
4484562,4484921,359,id01541
4484921,4485434,513,id01541
4485434,4485911,477,id01541
4485911,4486290,379,id01541
4486290,4486710,420,id01541
4486710,4487038,328,id01541
4487038,4487586,548,id01541
4487586,4487904,318,id01541
4487904,4488386,482,id01541
4488386,4489108,722,id01541
4489108,4489446,338,id01541
4489446,4489912,466,id01541
4489912,4490235,323,id01541
4490235,4490758,523,id01541
4490758,4491086,328,id01541
4491086,4491450,364,id01541
4491450,4491804,354,id01541
4491804,4492127,323,id01541
4492127,4492727,600,id01541
4492727,4493168,441,id01541
4493168,4493491,323,id01541
4493491,4493916,425,id01541
4493916,4494260,344,id01541
4494260,4494685,425,id01541
4494685,4495029,344,id01541
4495029,4495767,738,id01541
4495767,4496310,543,id01541
4496310,4496787,477,id01541
4496787,4497161,374,id01541
4497161,4497551,390,id01541
4497551,4497982,431,id01541
4497982,4498597,615,id01541
4498597,4499156,559,id01541
4499156,4499602,446,id01541
4499602,4500565,963,id01541
4500565,4501016,451,id01541
4501016,4501513,497,id01541
4501513,4501949,436,id01541
4501949,4502303,354,id01541
4502303,4502657,354,id01541
4502657,4503047,390,id01541
4503047,4503365,318,id01541
4503365,4503949,584,id01541
4503949,4504646,697,id01541
4504646,4505271,625,id01541
4505271,4505599,328,id01541
4505599,4506045,446,id01541
4506045,4506501,456,id01541
4506501,4506860,359,id01541
4506860,4507224,364,id01541
4507224,4507813,589,id01541
4507813,4508254,441,id01541
4508254,4508690,436,id01541
4508690,4509377,687,id01541
4509377,4510002,625,id01541
4510002,4510392,390,id01541
4510392,4510823,431,id01541
4510823,4511351,528,id01541
4511351,4511879,528,id01541
4511879,4512264,385,id01541
4512264,4512618,354,id01541
4512618,4513038,420,id01541
4513038,4513504,466,id01541
4513504,4513909,405,id01541
4513909,4514263,354,id01541
4514263,4514653,390,id01541
4514653,4515084,431,id01541
4515084,4515765,681,id01541
4515765,4516124,359,id01541
4516124,4516442,318,id01541
4516442,4516786,344,id01541
4516786,4517140,354,id01541
4517140,4517540,400,id01541
4517540,4517899,359,id01541
4517899,4518299,400,id01541
4518299,4518663,364,id01541
4518663,4519227,564,id01541
4519227,4519576,349,id01541
4519576,4519904,328,id01541
4519904,4520222,318,id01541
4520222,4520581,359,id01541
4520581,4521288,707,id01541
4521288,4521678,390,id01541
4521678,4522001,323,id01541
4522001,4522329,328,id01541
4522329,4523185,856,id01541
4523185,4523570,385,id01541
4523570,4523985,415,id01541
4523985,4524585,600,id01541
4524585,4524954,369,id01541
4524954,4525303,349,id01541
4525303,4525657,354,id01541
4525657,4526042,385,id01541
4526042,4526498,456,id01541
4526498,4526959,461,id01541
4526959,4527287,328,id01541
4527287,4527631,344,id01541
4527631,4528784,1153,id01541
4528784,4529250,466,id01541
4529250,4529696,446,id01541
4529696,4530029,333,id01541
4530029,4530879,850,id01541
4530879,4531386,507,id01541
4531386,4531868,482,id01541
4531868,4532196,328,id01541
4532196,4532560,364,id01541
4532560,4532888,328,id01541
4532888,4533242,354,id01541
4533242,4533724,482,id01541
4533724,4534078,354,id01541
4534078,4534488,410,id01541
4534488,4534852,364,id01541
4534852,4535257,405,id01541
4535257,4535636,379,id01541
4535636,4535959,323,id01541
4535959,4536297,338,id01541
4536297,4536769,472,id01541
4536769,4537896,1127,id01541
4537896,4538562,666,id01541
4538562,4538900,338,id01541
4538900,4539822,922,id01541
4539822,4540560,738,id01541
4540560,4540929,369,id01541
4540929,4541247,318,id01541
4541247,4542528,1281,id01541
4542528,4542974,446,id01541
4542974,4543318,344,id01541
4543318,4544148,830,id01541
4544148,4544753,605,id01541
4544753,4545527,774,id01541
4545527,4545871,344,id01541
4545871,4546583,712,id01541
4546583,4547101,518,id01541
4547101,4547486,385,id01541
4547486,4547958,472,id01541
4547958,4548936,978,id01541
4548936,4549290,354,id01541
4549290,4549654,364,id01541
4549654,4550289,635,id01541
4550289,4551175,886,id01541
4551175,4551652,477,id01541
4551652,4552103,451,id01541
4552103,4552477,374,id01541
4552477,4553082,605,id01541
4553082,4553717,635,id01541
4553717,4554096,379,id01541
4554096,4554562,466,id01541
4554562,4555290,728,id01541
4555290,4555628,338,id01541
4555628,4556284,656,id01541
4556284,4556981,697,id01541
4556981,4557555,574,id01541
4557555,4557883,328,id01541
4557883,4558646,763,id01541
4558646,4558964,318,id01541
4558964,4559436,472,id01541
4559436,4560102,666,id01541
4560102,4560492,390,id01541
4560492,4560830,338,id01541
4560830,4561414,584,id01541
4561414,4561799,385,id01541
4561799,4562306,507,id01541
4562306,4562685,379,id01541
4562685,4563182,497,id01541
4563182,4563638,456,id01541
4563638,4564263,625,id01541
4564263,4564612,349,id01541
4564612,4565048,436,id01541
4565048,4565438,390,id01541
4565438,4566160,722,id01541
4566160,4566550,390,id01541
4566550,4566873,323,id01541
4566873,4567370,497,id01541
4567370,4567719,349,id01541
4567719,4568344,625,id01541
4568344,4568841,497,id01541
4568841,4569528,687,id01541
4569528,4570947,1419,id01541
4570947,4571511,564,id01541
4571511,4572254,743,id01541
4572254,4572664,410,id01541
4572664,4573504,840,id01541
4573504,4573832,328,id01541
4573832,4574165,333,id01541
4574165,4574590,425,id01541
4574590,4575287,697,id01541
4575287,4575989,702,id01541
4575989,4576701,712,id01541
4576701,4577080,379,id01541
4577080,4577731,651,id01541
4577731,4578223,492,id01541
4578223,4578572,349,id01541
4578572,4579320,748,id01541
4579320,4579868,548,id01541
4579868,4580186,318,id01541
4580186,4581369,1183,id01541
4581369,4582322,953,id01541
4582322,4582696,374,id01541
4582696,4583367,671,id01541
4583367,4584299,932,id01541
4584299,4584837,538,id01541
4584837,4585360,523,id01541
4585360,4585832,472,id01541
4585832,4586247,415,id01541
4586247,4586749,502,id01541
4586749,4587804,1055,id01541
4587804,4588506,702,id01541
4588506,4589116,610,id01541
4589116,4589475,359,id01541
4589475,4590817,1342,id01541
4590817,4591555,738,id01541
4591555,4592196,641,id01541
4592196,4592534,338,id01541
4592534,4593256,722,id01541
4593256,4593886,630,id01541
4593886,4594230,344,id01541
4594230,4594835,605,id01541
4594835,4595296,461,id01541
4595296,4595952,656,id01541
4595952,4596449,497,id01541
4596449,4597535,1086,id01541
4597535,4597853,318,id01541
4597853,4598314,461,id01541
4598314,4598765,451,id01541
4598765,4599293,528,id01541
4599293,4599626,333,id01541
4599626,4599975,349,id01541
4599975,4600308,333,id01541
4600308,4600631,323,id01541
4600631,4601266,635,id01541
4601266,4601615,349,id01541
4601615,4602122,507,id01541
4602122,4602885,763,id01541
4602885,4603316,431,id01541
4603316,4603680,364,id01541
4603680,4604070,390,id01541
4604070,4604895,825,id01541
4604895,4605336,441,id01541
4605336,4606079,743,id01541
4606079,4606663,584,id01541
4606663,4607196,533,id01541
4607196,4607550,354,id01541
4607550,4607970,420,id01541
4607970,4608467,497,id01541
4608467,4609164,697,id01541
4609164,4609789,625,id01541
4609789,4610117,328,id01541
4610117,4610481,364,id01541
4610481,4610799,318,id01541
4610799,4611178,379,id01541
4611178,4611532,354,id01541
4611532,4611870,338,id01541
4611870,4612229,359,id01541
4612229,4613376,1147,id01541
4613376,4614482,1106,id01541
4614482,4614861,379,id01541
4614861,4615619,758,id01541
4615619,4616582,963,id01541
4616582,4617212,630,id01541
4617212,4617632,420,id01541
4617632,4618006,374,id01541
4618006,4618334,328,id01541
4618334,4618806,472,id01541
4618806,4619390,584,id01541
4619390,4619872,482,id01541
4619872,4620297,425,id01541
4620297,4621229,932,id01541
4621229,4621757,528,id01541
4621757,4622152,395,id01541
4622152,4622501,349,id01541
4622501,4623710,1209,id01541
4623710,4624299,589,id01541
4624299,4624919,620,id01541
4624919,4625355,436,id01541
4625355,4625750,395,id01541
4625750,4626129,379,id01541
4626129,4626508,379,id01541
4626508,4626923,415,id01541
4626923,4627261,338,id01541
4627261,4627635,374,id01541
4627635,4628004,369,id01541
4628004,4628409,405,id01541
4628409,4628870,461,id01541
4628870,4629188,318,id01541
4629188,4630704,1516,id01541
4630704,4631442,738,id01541
4631442,4631857,415,id01541
4631857,4632385,528,id01541
4632385,4632933,548,id01541
4632933,4633942,1009,id01541
4633942,4634286,344,id01541
4634286,4634711,425,id01541
4634711,4635101,390,id01541
4635101,4635818,717,id01541
4635818,4636192,374,id01541
4636192,4636602,410,id01541
4636602,4636940,338,id01541
4636940,4637330,390,id01541
4637330,4637766,436,id01541
4637766,4638089,323,id01541
4638089,4638484,395,id01541
4638484,4638833,349,id01541
4638833,4639274,441,id01541
4639274,4639720,446,id01541
4639720,4640243,523,id01541
4640243,4640761,518,id01541
4640761,4641499,738,id01541
4641499,4642800,1301,id01541
4642800,4643241,441,id01541
4643241,4643748,507,id01541
4643748,4644383,635,id01541
4644383,4644773,390,id01541
4644773,4645972,1199,id01541
4645972,4646444,472,id01541
4646444,4647525,1081,id01541
4647525,4648201,676,id01541
4648201,4649277,1076,id01541
4649277,4649636,359,id01541
4649636,4650005,369,id01541
4650005,4650338,333,id01541
4650338,4651127,789,id01541
4651127,4651532,405,id01541
4651532,4651896,364,id01541
4651896,4652286,390,id01541
4652286,4652624,338,id01541
4652624,4652952,328,id01541
4652952,4653439,487,id01541
4653439,4653839,400,id01541
4653839,4654705,866,id01541
4654705,4655458,753,id01541
4655458,4656165,707,id01541
4656165,4656575,410,id01541
4656575,4657016,441,id01541
4657016,4658465,1449,id01541
4658465,4658839,374,id01541
4658839,4659459,620,id01541
4659459,4659890,431,id01541
4659890,4660341,451,id01541
4660341,4660761,420,id01541
4660761,4661089,328,id01541
4661089,4661458,369,id01541
4661458,4661802,344,id01541
4661802,4662524,722,id01541
4662524,4663118,594,id01541
4663118,4663846,728,id01541
4663846,4664645,799,id01541
4664645,4665516,871,id01541
4665516,4665952,436,id01541
4665952,4666352,400,id01541
4666352,4667592,1240,id01541
4667592,4668110,518,id01541
4668110,4668551,441,id01541
4668551,4668889,338,id01541
4668889,4669227,338,id01541
4669227,4669668,441,id01541
4669668,4670324,656,id01541
4670324,4670642,318,id01541
4670642,4670980,338,id01541
4670980,4671318,338,id01541
4671318,4671697,379,id01541
4671697,4672071,374,id01541
4672071,4672394,323,id01541
4672394,4672799,405,id01541
4672799,4673148,349,id01541
4673148,4673722,574,id01541
4673722,4674091,369,id01541
4674091,4674598,507,id01541
4674598,4674993,395,id01541
4674993,4675316,323,id01541
4675316,4675752,436,id01541
4675752,4676080,328,id01541
4676080,4676408,328,id01541
4676408,4676762,354,id01541
4676762,4677080,318,id01541
4677080,4677413,333,id01541
4677413,4677818,405,id01541
4677818,4678146,328,id01541
4678146,4678479,333,id01541
4678479,4678925,446,id01541
4678925,4679519,594,id01541
4679519,4680144,625,id01541
4680144,4680569,425,id01541
4680569,4680938,369,id01541
4680938,4681261,323,id01541
4681261,4681722,461,id01541
4681722,4682178,456,id01541
4682178,4683126,948,id01541
4683126,4683536,410,id01541
4683536,4684105,569,id01541
4684105,4684556,451,id01541
4684556,4684884,328,id01541
4684884,4685366,482,id01541
4685366,4685771,405,id01541
4685771,4686115,344,id01541
4686115,4686443,328,id01541
4686443,4686868,425,id01541
4686868,4687196,328,id01541
4687196,4687893,697,id01541
4687893,4688221,328,id01541
4688221,4688539,318,id01541
4688539,4689195,656,id01541
4689195,4689539,344,id01541
4689539,4689908,369,id01541
4689908,4690241,333,id01541
4690241,4690866,625,id01541
4690866,4691194,328,id01541
4691194,4691650,456,id01541
4691650,4692557,907,id01567
4692557,4693377,820,id01567
4693377,4693731,354,id01567
4693731,4694085,354,id01567
4694085,4694536,451,id01567
4694536,4695095,559,id01567
4695095,4695577,482,id01567
4695577,4696274,697,id01567
4696274,4696950,676,id01567
4696950,4697544,594,id01567
4697544,4697990,446,id01567
4697990,4698395,405,id01567
4698395,4698764,369,id01567
4698764,4699661,897,id01567
4699661,4701162,1501,id01567
4701162,4702980,1818,id01567
4702980,4703851,871,id01567
4703851,4704246,395,id01567
4704246,4704953,707,id01567
4704953,4705506,553,id01567
4705506,4706029,523,id01567
4706029,4706542,513,id01567
4706542,4706896,354,id01567
4706896,4707327,431,id01567
4707327,4707701,374,id01567
4707701,4708019,318,id01567
4708019,4708501,482,id01567
4708501,4709182,681,id01567
4709182,4709551,369,id01567
4709551,4710002,451,id01567
4710002,4710381,379,id01567
4710381,4710801,420,id01567
4710801,4711349,548,id01567
4711349,4711749,400,id01567
4711749,4712323,574,id01567
4712323,4712856,533,id01567
4712856,4713246,390,id01567
4713246,4713723,477,id01567
4713723,4714189,466,id01567
4714189,4714512,323,id01567
4714512,4714927,415,id01567
4714927,4715306,379,id01567
4715306,4715624,318,id01567
4715624,4716106,482,id01567
4716106,4716757,651,id01567
4716757,4717218,461,id01567
4717218,4717541,323,id01567
4717541,4717992,451,id01567
4717992,4718356,364,id01567
4718356,4718802,446,id01567
4718802,4719258,456,id01567
4719258,4719750,492,id01567
4719750,4720252,502,id01567
4720252,4720657,405,id01567
4720657,4721175,518,id01567
4721175,4721513,338,id01567
4721513,4721877,364,id01567
4721877,4722323,446,id01567
4722323,4723056,733,id01567
4723056,4723476,420,id01567
4723476,4723896,420,id01567
4723896,4724480,584,id01567
4724480,4724813,333,id01567
4724813,4725279,466,id01567
4725279,4725848,569,id01567
4725848,4726309,461,id01567
4726309,4726755,446,id01567
4726755,4727493,738,id01567
4727493,4727837,344,id01567
4727837,4728882,1045,id01567
4728882,4729333,451,id01567
4729333,4729984,651,id01567
4729984,4730906,922,id01567
4730906,4731239,333,id01567
4731239,4731593,354,id01567
4731593,4731947,354,id01567
4731947,4732434,487,id01567
4732434,4733515,1081,id01567
4733515,4733843,328,id01567
4733843,4734468,625,id01567
4734468,4734863,395,id01567
4734863,4735452,589,id01567
4735452,4736477,1025,id01567
4736477,4736841,364,id01567
4736841,4737169,328,id01567
4737169,4737548,379,id01567
4737548,4737912,364,id01567
4737912,4738332,420,id01567
4738332,4738947,615,id01567
4738947,4739316,369,id01567
4739316,4739829,513,id01567
4739829,4740208,379,id01567
4740208,4740808,600,id01567
4740808,4741167,359,id01567
4741167,4741654,487,id01567
4741654,4742172,518,id01567
4742172,4742510,338,id01567
4742510,4742843,333,id01567
4742843,4743294,451,id01567
4743294,4744032,738,id01567
4744032,4744601,569,id01567
4744601,4745011,410,id01567
4745011,4745503,492,id01567
4745503,4745877,374,id01567
4745877,4746241,364,id01567
4746241,4746707,466,id01567
4746707,4747429,722,id01567
4747429,4748361,932,id01567
4748361,4748705,344,id01567
4748705,4749274,569,id01567
4749274,4749648,374,id01567
4749648,4750002,354,id01567
4750002,4750591,589,id01567
4750591,4751124,533,id01567
4751124,4751672,548,id01567
4751672,4752133,461,id01567
4752133,4752502,369,id01567
4752502,4752984,482,id01567
4752984,4753660,676,id01567
4753660,4754091,431,id01567
4754091,4754931,840,id01567
4754931,4755254,323,id01567
4755254,4755915,661,id01567
4755915,4756504,589,id01567
4756504,4757011,507,id01567
4757011,4757744,733,id01567
4757744,4758118,374,id01567
4758118,4758871,753,id01567
4758871,4759476,605,id01567
4759476,4759814,338,id01567
4759814,4760480,666,id01567
4760480,4761028,548,id01567
4761028,4761392,364,id01567
4761392,4761843,451,id01567
4761843,4763211,1368,id01567
4763211,4763780,569,id01567
4763780,4764620,840,id01567
4764620,4765680,1060,id01567
4765680,4766341,661,id01567
4766341,4766900,559,id01567
4766900,4767459,559,id01567
4767459,4767905,446,id01567
4767905,4768243,338,id01567
4768243,4768566,323,id01567
4768566,4769232,666,id01567
4769232,4769627,395,id01567
4769627,4770324,697,id01567
4770324,4770816,492,id01567
4770816,4771165,349,id01567
4771165,4771555,390,id01567
4771555,4773035,1480,id01567
4773035,4773512,477,id01567
4773512,4774106,594,id01567
4774106,4774624,518,id01567
4774624,4775167,543,id01567
4775167,4775685,518,id01567
4775685,4776018,333,id01567
4776018,4776356,338,id01567
4776356,4776720,364,id01567
4776720,4777437,717,id01567
4777437,4777878,441,id01567
4777878,4778293,415,id01567
4778293,4779092,799,id01567
4779092,4779574,482,id01567
4779574,4780143,569,id01567
4780143,4780481,338,id01567
4780481,4780953,472,id01567
4780953,4781594,641,id01567
4781594,4781927,333,id01567
4781927,4782552,625,id01567
4782552,4783070,518,id01567
4783070,4783659,589,id01567
4783659,4784049,390,id01567
4784049,4784454,405,id01567
4784454,4784798,344,id01567
4784798,4785449,651,id01567
4785449,4785982,533,id01567
4785982,4786300,318,id01567
4786300,4786654,354,id01567
4786654,4787658,1004,id01567
4787658,4788022,364,id01567
4788022,4788524,502,id01567
4788524,4788944,420,id01567
4788944,4789431,487,id01567
4789431,4789841,410,id01567
4789841,4790179,338,id01567
4790179,4790533,354,id01567
4790533,4790923,390,id01567
4790923,4791533,610,id01567
4791533,4791918,385,id01567
4791918,4792528,610,id01567
4792528,4793465,937,id01567
4793465,4794111,646,id01567
4794111,4794480,369,id01567
4794480,4795023,543,id01567
4795023,4795443,420,id01567
4795443,4795822,379,id01567
4795822,4796340,518,id01567
4796340,4796996,656,id01567
4796996,4797406,410,id01567
4797406,4797847,441,id01567
4797847,4798319,472,id01567
4798319,4799195,876,id01567
4799195,4799549,354,id01567
4799549,4799944,395,id01567
4799944,4800262,318,id01567
4800262,4800595,333,id01567
4800595,4800949,354,id01567
4800949,4801528,579,id01567
4801528,4801928,400,id01567
4801928,4802272,344,id01567
4802272,4803102,830,id01567
4803102,4803819,717,id01567
4803819,4804173,354,id01567
4804173,4804527,354,id01567
4804527,4804881,354,id01567
4804881,4805680,799,id01567
4805680,4806024,344,id01567
4806024,4806531,507,id01567
4806531,4806977,446,id01567
4806977,4807449,472,id01567
4807449,4807787,338,id01567
4807787,4808177,390,id01567
4808177,4808674,497,id01567
4808674,4809002,328,id01567
4809002,4809320,318,id01567
4809320,4809720,400,id01567
4809720,4810355,635,id01567
4810355,4810893,538,id01567
4810893,4811211,318,id01567
4811211,4811611,400,id01567
4811611,4812190,579,id01567
4812190,4813097,907,id01567
4813097,4814024,927,id01567
4814024,4814419,395,id01567
4814419,4814880,461,id01567
4814880,4815439,559,id01567
4815439,4815998,559,id01567
4815998,4816495,497,id01567
4816495,4817079,584,id01567
4817079,4817397,318,id01567
4817397,4817730,333,id01567
4817730,4818186,456,id01567
4818186,4818755,569,id01567
4818755,4819129,374,id01567
4819129,4819447,318,id01567
4819447,4819878,431,id01567
4819878,4820759,881,id01567
4820759,4821159,400,id01567
4821159,4821902,743,id01567
4821902,4822384,482,id01567
4822384,4822876,492,id01567
4822876,4823230,354,id01567
4823230,4823574,344,id01567
4823574,4824542,968,id01567
4824542,4825024,482,id01567
4825024,4825665,641,id01567
4825665,4826131,466,id01567
4826131,4827028,897,id01567
4827028,4827520,492,id01567
4827520,4829026,1506,id01567
4829026,4829549,523,id01567
4829549,4829969,420,id01567
4829969,4830599,630,id01567
4830599,4831183,584,id01567
4831183,4831706,523,id01567
4831706,4832152,446,id01567
4832152,4832767,615,id01567
4832767,4833699,932,id01567
4833699,4834370,671,id01567
4834370,4835610,1240,id01567
4835610,4837566,1956,id01567
4837566,4837935,369,id01567
4837935,4838381,446,id01567
4838381,4838699,318,id01567
4838699,4839140,441,id01567
4839140,4839581,441,id01567
4839581,4840411,830,id01567
4840411,4841036,625,id01567
4841036,4841390,354,id01567
4841390,4841708,318,id01567
4841708,4842072,364,id01567
4842072,4842718,646,id01567
4842718,4843359,641,id01567
4843359,4844399,1040,id01567
4844399,4845930,1531,id01567
4845930,4846499,569,id01567
4846499,4847232,733,id01567
4847232,4847693,461,id01567
4847693,4848021,328,id01567
4848021,4848580,559,id01567
4848580,4849041,461,id01567
4849041,4849743,702,id01567
4849743,4850276,533,id01567
4850276,4850860,584,id01567
4850860,4851378,518,id01567
4851378,4851798,420,id01567
4851798,4852592,794,id01567
4852592,4853125,533,id01567
4853125,4853581,456,id01567
4853581,4854411,830,id01567
4854411,4854970,559,id01567
4854970,4855529,559,id01567
4855529,4855944,415,id01567
4855944,4856631,687,id01567
4856631,4857307,676,id01567
4857307,4857640,333,id01567
4857640,4858030,390,id01567
4858030,4858701,671,id01567
4858701,4859372,671,id01567
4859372,4860222,850,id01567
4860222,4860607,385,id01567
4860607,4861166,559,id01567
4861166,4861607,441,id01567
4861607,4862104,497,id01567
4862104,4862448,344,id01567
4862448,4863237,789,id01567
4863237,4863560,323,id01567
4863560,4864042,482,id01567
4864042,4864580,538,id01567
4864580,4864908,328,id01567
4864908,4865287,379,id01567
4865287,4865764,477,id01567
4865764,4866512,748,id01567
4866512,4867035,523,id01567
4867035,4867414,379,id01567
4867414,4867783,369,id01567
4867783,4868127,344,id01567
4868127,4868747,620,id01567
4868747,4869326,579,id01567
4869326,4869721,395,id01567
4869721,4870218,497,id01567
4870218,4870582,364,id01567
4870582,4871141,559,id01567
4871141,4871459,318,id01567
4871459,4872007,548,id01567
4872007,4872366,359,id01567
4872366,4872960,594,id01567
4872960,4873309,349,id01567
4873309,4873960,651,id01567
4873960,4874319,359,id01567
4874319,4874704,385,id01567
4874704,4875129,425,id01567
4875129,4875452,323,id01567
4875452,4876149,697,id01567
4876149,4876467,318,id01567
4876467,4877020,553,id01567
4877020,4877435,415,id01567
4877435,4877753,318,id01567
4877753,4878337,584,id01567
4878337,4878768,431,id01567
4878768,4879122,354,id01567
4879122,4879558,436,id01567
4879558,4879917,359,id01567
4879917,4880629,712,id01567
4880629,4880993,364,id01567
4880993,4881378,385,id01567
4881378,4881978,600,id01567
4881978,4882383,405,id01567
4882383,4882931,548,id01567
4882931,4883515,584,id01567
4883515,4883843,328,id01567
4883843,4884417,574,id01567
4884417,4884863,446,id01567
4884863,4885324,461,id01567
4885324,4885729,405,id01567
4885729,4886242,513,id01567
4886242,4886683,441,id01567
4886683,4887088,405,id01567
4887088,4887519,431,id01567
4887519,4888129,610,id01567
4888129,4888595,466,id01567
4888595,4889154,559,id01567
4889154,4889759,605,id01567
4889759,4890236,477,id01567
4890236,4890626,390,id01567
4890626,4891231,605,id01567
4891231,4891580,349,id01567
4891580,4891913,333,id01567
4891913,4892257,344,id01567
4892257,4892672,415,id01567
4892672,4893097,425,id01567
4893097,4893758,661,id01567
4893758,4894445,687,id01567
4894445,4895674,1229,id01567
4895674,4896064,390,id01567
4896064,4896433,369,id01567
4896433,4896889,456,id01567
4896889,4897320,431,id01567
4897320,4898170,850,id01567
4898170,4898575,405,id01567
4898575,4898954,379,id01567
4898954,4899431,477,id01567
4899431,4899785,354,id01567
4899785,4900164,379,id01567
4900164,4900651,487,id01567
4900651,4900969,318,id01567
4900969,4901333,364,id01567
4901333,4901723,390,id01567
4901723,4902174,451,id01567
4902174,4902815,641,id01567
4902815,4903194,379,id01567
4903194,4903891,697,id01567
4903891,4904235,344,id01567
4904235,4904727,492,id01567
4904727,4905142,415,id01567
4905142,4905608,466,id01567
4905608,4906197,589,id01567
4906197,4906515,318,id01567
4906515,4906853,338,id01567
4906853,4907345,492,id01567
4907345,4907791,446,id01567
4907791,4908160,369,id01567
4908160,4908637,477,id01567
4908637,4909318,681,id01567
4909318,4910020,702,id01567
4910020,4910727,707,id01567
4910727,4911398,671,id01567
4911398,4911777,379,id01567
4911777,4912197,420,id01567
4912197,4912602,405,id01567
4912602,4913222,620,id01567
4913222,4913576,354,id01567
4913576,4913899,323,id01567
4913899,4914591,692,id01567
4914591,4915134,543,id01567
4915134,4915452,318,id01567
4915452,4916021,569,id01567
4916021,4916390,369,id01567
4916390,4916739,349,id01567
4916739,4917241,502,id01567
4917241,4917774,533,id01567
4917774,4918128,354,id01567
4918128,4918574,446,id01567
4918574,4918964,390,id01567
4918964,4919405,441,id01567
4919405,4919749,344,id01567
4919749,4920180,431,id01567
4920180,4921097,917,id01567
4921097,4921461,364,id01567
4921461,4921851,390,id01567
4921851,4922184,333,id01567
4922184,4922917,733,id01567
4922917,4923332,415,id01567
4923332,4923814,482,id01567
4923814,4924286,472,id01567
4924286,4924630,344,id01567
4924630,4925194,564,id01567
4925194,4925840,646,id01567
4925840,4926552,712,id01567
4926552,4927254,702,id01567
4927254,4927674,420,id01567
4927674,4927997,323,id01567
4927997,4928356,359,id01567
4928356,4929212,856,id01567
4929212,4929530,318,id01567
4929530,4930048,518,id01567
4930048,4930443,395,id01567
4930443,4930899,456,id01567
4930899,4931253,354,id01567
4931253,4931607,354,id01567
4931607,4932227,620,id01567
4932227,4932765,538,id01567
4932765,4933365,600,id01567
4933365,4933703,338,id01567
4933703,4934154,451,id01567
4934154,4934585,431,id01567
4934585,4935041,456,id01567
4935041,4935487,446,id01567
4935487,4935825,338,id01567
4935825,4936460,635,id01567
4936460,4936829,369,id01567
4936829,4937347,518,id01567
4937347,4938315,968,id01567
4938315,4938950,635,id01567
4938950,4939340,390,id01567
4939340,4939796,456,id01567
4939796,4940227,431,id01567
4940227,4940878,651,id01567
4940878,4942343,1465,id01567
4942343,4943670,1327,id01567
4943670,4945288,1618,id01567
4945288,4945888,600,id01567
4945888,4946641,753,id01567
4946641,4947271,630,id01567
4947271,4948910,1639,id01567
4948910,4949504,594,id01567
4949504,4950232,728,id01567
4950232,4951313,1081,id01567
4951313,4951708,395,id01567
4951708,4952461,753,id01567
4952461,4953112,651,id01567
4953112,4953445,333,id01567
4953445,4954531,1086,id01567
4954531,4955422,891,id01567
4955422,4956713,1291,id01567
4956713,4958055,1342,id01567
4958055,4958460,405,id01567
4958460,4958804,344,id01567
4958804,4959209,405,id01567
4959209,4959537,328,id01593
4959537,4960485,948,id01593
4960485,4960864,379,id01593
4960864,4961238,374,id01593
4961238,4961587,349,id01593
4961587,4962402,815,id01593
4962402,4962817,415,id01593
4962817,4963427,610,id01593
4963427,4963852,425,id01593
4963852,4964267,415,id01593
4964267,4964754,487,id01593
4964754,4965103,349,id01593
4965103,4965559,456,id01593
4965559,4965897,338,id01593
4965897,4966497,600,id01593
4966497,4966866,369,id01593
4966866,4967194,328,id01593
4967194,4967963,769,id01593
4967963,4968317,354,id01593
4968317,4968727,410,id01593
4968727,4969065,338,id01593
4969065,4969613,548,id01593
4969613,4970663,1050,id01593
4970663,4971196,533,id01593
4971196,4972451,1255,id01593
4972451,4973491,1040,id01593
4973491,4974357,866,id01593
4974357,4974936,579,id01593
4974936,4977466,2530,id01593
4977466,4977897,431,id01593
4977897,4978696,799,id01593
4978696,4979152,456,id01593
4979152,4979496,344,id01593
4979496,4983756,4260,id01593
4983756,4984299,543,id01593
4984299,4985206,907,id01593
4985206,4985964,758,id01593
4985964,4988187,2223,id01593
4988187,4991664,3477,id01593
4991664,4992745,1081,id01593
4992745,4993826,1081,id01593
4993826,4995613,1787,id01593
4995613,4995941,328,id01593
4995941,4998066,2125,id01593
4998066,4998543,477,id01593
4998543,4998881,338,id01593
4998881,5000223,1342,id01593
5000223,5001934,1711,id01593
5001934,5005805,3871,id01593
5005805,5006164,359,id01593
5006164,5010342,4178,id01593
5010342,5012324,1982,id01593
5012324,5015837,3513,id01593
5015837,5016324,487,id01593
5016324,5017430,1106,id01593
5017430,5019796,2366,id01593
5019796,5021655,1859,id01593
5021655,5023919,2264,id01593
5023919,5025112,1193,id01593
5025112,5025916,804,id01593
5025916,5026331,415,id01593
5026331,5026977,646,id01593
5026977,5027725,748,id01593
5027725,5028417,692,id01593
5028417,5030634,2217,id01593
5030634,5031966,1332,id01593
5031966,5032653,687,id01593
5032653,5035618,2965,id01593
5035618,5036228,610,id01593
5036228,5036546,318,id01593
5036546,5037524,978,id01593
5037524,5037965,441,id01593
5037965,5038918,953,id01593
5038918,5039543,625,id01593
5039543,5040880,1337,id01593
5040880,5041505,625,id01593
5041505,5042192,687,id01593
5042192,5043442,1250,id01593
5043442,5044395,953,id01593
5044395,5045379,984,id01593
5045379,5045912,533,id01593
5045912,5047812,1900,id01593
5047812,5048499,687,id01593
5048499,5049590,1091,id01593
5049590,5050558,968,id01593
5050558,5050994,436,id01593
5050994,5051481,487,id01593
5051481,5051799,318,id01593
5051799,5052127,328,id01593
5052127,5054232,2105,id01593
5054232,5054596,364,id01593
5054596,5055667,1071,id01593
5055667,5056948,1281,id01593
5056948,5058198,1250,id01593
5058198,5058864,666,id01593
5058864,5059412,548,id01593
5059412,5060493,1081,id01593
5060493,5061016,523,id01593
5061016,5062256,1240,id01593
5062256,5062902,646,id01593
5062902,5063302,400,id01593
5063302,5063656,354,id01593
5063656,5064650,994,id01593
5064650,5065506,856,id01593
5065506,5067186,1680,id01593
5067186,5069025,1839,id01593
5069025,5069481,456,id01593
5069481,5070475,994,id01593
5070475,5071674,1199,id01593
5071674,5071992,318,id01593
5071992,5074158,2166,id01593
5074158,5074655,497,id01593
5074655,5075040,385,id01593
5075040,5075660,620,id01593
5075660,5076495,835,id01593
5076495,5076874,379,id01593
5076874,5077663,789,id01593
5077663,5078222,559,id01593
5078222,5080020,1798,id01593
5080020,5080568,548,id01593
5080568,5080983,415,id01593
5080983,5081444,461,id01593
5081444,5083467,2023,id01593
5083467,5084456,989,id01593
5084456,5086315,1859,id01593
5086315,5087642,1327,id01593
5087642,5089772,2130,id01593
5089772,5090720,948,id01593
5090720,5091089,369,id01593
5091089,5094453,3364,id01593
5094453,5098621,4168,id01593
5098621,5099226,605,id01593
5099226,5101664,2438,id01593
5101664,5102975,1311,id01593
5102975,5103580,605,id01593
5103580,5104881,1301,id01593
5104881,5105491,610,id01593
5105491,5106541,1050,id01593
5106541,5107704,1163,id01593
5107704,5108595,891,id01593
5108595,5109118,523,id01593
5109118,5109574,456,id01593
5109574,5109979,405,id01593
5109979,5110425,446,id01593
5110425,5110902,477,id01593
5110902,5111246,344,id01593
5111246,5112050,804,id01593
5112050,5112460,410,id01593
5112460,5112937,477,id01593
5112937,5113675,738,id01593
5113675,5114264,589,id01593
5114264,5114833,569,id01593
5114833,5115422,589,id01593
5115422,5119493,4071,id01593
5119493,5119934,441,id01593
5119934,5120662,728,id01593
5120662,5122649,1987,id01593
5122649,5122972,323,id01593
5122972,5124432,1460,id01593
5124432,5125170,738,id01593
5125170,5125585,415,id01593
5125585,5126896,1311,id01593
5126896,5127915,1019,id01593
5127915,5128509,594,id01593
5128509,5129303,794,id01593
5129303,5129626,323,id01593
5129626,5130569,943,id01593
5130569,5130959,390,id01593
5130959,5131354,395,id01593
5131354,5131672,318,id01593
5131672,5132548,876,id01593
5132548,5132927,379,id01593
5132927,5134054,1127,id01593
5134054,5134700,646,id01593
5134700,5135289,589,id01593
5135289,5136385,1096,id01593
5136385,5137026,641,id01593
5137026,5137349,323,id01593
5137349,5139136,1787,id01593
5139136,5140120,984,id01593
5140120,5140484,364,id01593
5140484,5141114,630,id01593
5141114,5141949,835,id01593
5141949,5143045,1096,id01593
5143045,5143583,538,id01593
5143583,5145882,2299,id01593
5145882,5148617,2735,id01593
5148617,5149421,804,id01593
5149421,5152683,3262,id01593
5152683,5153697,1014,id01593
5153697,5154087,390,id01593
5154087,5154405,318,id01593
5154405,5157380,2975,id01593
5157380,5157831,451,id01593
5157831,5159014,1183,id01593
5159014,5159532,518,id01593
5159532,5163997,4465,id01593
5163997,5164422,425,id01593
5164422,5164919,497,id01593
5164919,5165257,338,id01593
5165257,5165790,533,id01593
5165790,5166891,1101,id01593
5166891,5168653,1762,id01593
5168653,5169488,835,id01593
5169488,5170272,784,id01593
5170272,5170646,374,id01593
5170646,5171266,620,id01593
5171266,5171748,482,id01593
5171748,5173551,1803,id01593
5173551,5174611,1060,id01593
5174611,5175159,548,id01593
5175159,5175636,477,id01593
5175636,5176082,446,id01593
5176082,5177465,1383,id01593
5177465,5178100,635,id01593
5178100,5178822,722,id01593
5178822,5180369,1547,id01593
5180369,5180723,354,id01593
5180723,5181169,446,id01593
5181169,5181840,671,id01593
5181840,5183929,2089,id01593
5183929,5187201,3272,id01593
5187201,5188461,1260,id01593
5188461,5191144,2683,id01593
5191144,5193418,2274,id01593
5193418,5195769,2351,id01593
5195769,5197198,1429,id01593
5197198,5199590,2392,id01593
5199590,5200261,671,id01593
5200261,5200861,600,id01593
5200861,5201967,1106,id01593
5201967,5202418,451,id01593
5202418,5205086,2668,id01593
5205086,5207846,2760,id01593
5207846,5209746,1900,id01593
5209746,5210376,630,id01593
5210376,5213996,3620,id01593
5213996,5214775,779,id01593
5214775,5215231,456,id01593
5215231,5215651,420,id01593
5215651,5215989,338,id01593
5215989,5217326,1337,id01593
5217326,5217777,451,id01593
5217777,5218858,1081,id01593
5218858,5221695,2837,id01593
5221695,5222100,405,id01593
5222100,5225280,3180,id01593
5225280,5226130,850,id01593
5226130,5227667,1537,id01593
5227667,5229132,1465,id01593
5229132,5231442,2310,id01593
5231442,5232554,1112,id01593
5232554,5233026,472,id01593
5233026,5234762,1736,id01593
5234762,5235090,328,id01593
5235090,5235572,482,id01593
5235572,5238035,2463,id01593
5238035,5239013,978,id01593
5239013,5239654,641,id01593
5239654,5240008,354,id01593
5240008,5240541,533,id01593
5240541,5240946,405,id01593
5240946,5243783,2837,id01593
5243783,5244449,666,id01593
5244449,5247122,2673,id01593
5247122,5250046,2924,id01593
5250046,5252018,1972,id01593
5252018,5252684,666,id01593
5252684,5253826,1142,id01593
5253826,5254548,722,id01593
5254548,5256458,1910,id01593
5256458,5258005,1547,id01593
5258005,5259572,1567,id01593
5259572,5261754,2182,id01593
5261754,5262297,543,id01593
5262297,5262671,374,id01593
5262671,5263112,441,id01593
5263112,5263435,323,id01593
5263435,5264091,656,id01593
5264091,5264726,635,id01593
5264726,5265239,513,id01593
5265239,5265808,569,id01593
5265808,5266633,825,id01593
5266633,5267274,641,id01593
5267274,5267996,722,id01593
5267996,5268529,533,id01593
5268529,5268990,461,id01593
5268990,5270143,1153,id01593
5270143,5271111,968,id01593
5271111,5271839,728,id01593
5271839,5272561,722,id01593
5272561,5273626,1065,id01593
5273626,5274144,518,id01593
5274144,5274529,385,id01593
5274529,5274944,415,id01593
5274944,5275364,420,id01593
5275364,5276076,712,id01593
5276076,5278145,2069,id01593
5278145,5278550,405,id01593
5278550,5280046,1496,id01593
5280046,5280533,487,id01593
5280533,5281563,1030,id01593
5281563,5283555,1992,id01593
5283555,5284088,533,id01593
5284088,5285281,1193,id01593
5285281,5289598,4317,id01593
5289598,5291222,1624,id01593
5291222,5291832,610,id01593
5291832,5293235,1403,id01593
5293235,5293645,410,id01593
5293645,5294746,1101,id01593
5294746,5295945,1199,id01593
5295945,5296964,1019,id01593
5296964,5298224,1260,id01593
5298224,5298834,610,id01593
5298834,5299643,809,id01593
5299643,5300012,369,id01593
5300012,5301088,1076,id01593
5301088,5302343,1255,id01593
5302343,5303096,753,id01593
5303096,5303562,466,id01593
5303562,5305513,1951,id01593
5305513,5306773,1260,id01593
5306773,5309088,2315,id01593
5309088,5309621,533,id01593
5309621,5310046,425,id01593
5310046,5310948,902,id01593
5310948,5312531,1583,id01593
5312531,5314073,1542,id01593
5314073,5315159,1086,id01593
5315159,5317008,1849,id01593
5317008,5317725,717,id01593
5317725,5319584,1859,id01593
5319584,5320255,671,id01593
5320255,5320650,395,id01593
5320650,5322668,2018,id01593
5322668,5323928,1260,id01593
5323928,5324906,978,id01593
5324906,5325301,395,id01593
5325301,5327498,2197,id01593
5327498,5327964,466,id01593
5327964,5330048,2084,id01593
5330048,5330468,420,id01593
5330468,5330786,318,id01593
5330786,5331176,390,id01593
5331176,5331847,671,id01593
5331847,5332616,769,id01593
5332616,5332970,354,id01593
5332970,5333600,630,id01593
5333600,5334302,702,id01593
5334302,5334661,359,id01593
5334661,5335281,620,id01593
5335281,5337749,2468,id01593
5337749,5341651,3902,id01593
5341651,5344718,3067,id01593
5344718,5345277,559,id01593
5345277,5349676,4399,id01593
5349676,5349994,318,id01593
5349994,5351740,1746,id01593
5351740,5352268,528,id01593
5352268,5356595,4327,id01593
5356595,5357614,1019,id01593
5357614,5357999,385,id01593
5357999,5361015,3016,id01593
5361015,5362767,1752,id01593
5362767,5363950,1183,id01593
5363950,5369306,5356,id01593
5369306,5370331,1025,id01593
5370331,5372006,1675,id01593
5372006,5377265,5259,id01593
5377265,5378474,1209,id01593
5378474,5381055,2581,id01593
5381055,5381399,344,id01593
5381399,5382060,661,id01593
5382060,5382670,610,id01593
5382670,5384698,2028,id01593
5384698,5385441,743,id01593
5385441,5386276,835,id01593
5386276,5386891,615,id01593
5386891,5387286,395,id01593
5387286,5388392,1106,id01593
5388392,5389114,722,id01593
5389114,5389785,671,id01593
5389785,5390820,1035,id01593
5390820,5391440,620,id01593
5391440,5391794,354,id01593
5391794,5393274,1480,id01593
5393274,5393822,548,id01593
5393822,5394447,625,id01593
5394447,5394852,405,id01593
5394852,5395513,661,id01593
5395513,5396471,958,id01593
5396471,5397117,646,id01593
5397117,5397440,323,id01593
5397440,5397922,482,id01593
5397922,5398516,594,id01593
5398516,5398875,359,id01593
5398875,5399403,528,id01593
5399403,5399834,431,id01593
5399834,5400229,395,id01593
5400229,5404535,4306,id01593
5404535,5409804,5269,id01593
5409804,5412042,2238,id01593
5412042,5412483,441,id01593
5412483,5413108,625,id01593
5413108,5413446,338,id01593
5413446,5413856,410,id01593
5413856,5417026,3170,id01593
5417026,5420687,3661,id01593
5420687,5424144,3457,id01593
5424144,5424462,318,id01593
5424462,5425067,605,id01593
5425067,5425636,569,id01593
5425636,5426113,477,id01593
5426113,5426441,328,id01593
5426441,5430338,3897,id01593
5430338,5430922,584,id01593
5430922,5431378,456,id01593
5431378,5434445,3067,id01593
5434445,5439325,4880,id01593
5439325,5439689,364,id01593
5439689,5440196,507,id01593
5440196,5442378,2182,id01593
5442378,5445922,3544,id01593
5445922,5447622,1700,id01593
5447622,5449036,1414,id01593
5449036,5450276,1240,id01593
5450276,5451541,1265,id01593
5451541,5452345,804,id01593
5452345,5453902,1557,id01593
5453902,5454855,953,id01593
5454855,5456627,1772,id01593
5456627,5457483,856,id01593
5457483,5458195,712,id01593
5458195,5460126,1931,id01593
5460126,5461939,1813,id01593
5461939,5462513,574,id01593
5462513,5462867,354,id01593
5462867,5463774,907,id01593
5463774,5465536,1762,id01593
5465536,5466955,1419,id01593
5466955,5467299,344,id01593
5467299,5469373,2074,id01593
5469373,5470884,1511,id01593
5470884,5471965,1081,id01593
5471965,5472344,379,id01593
5472344,5472892,548,id01593
5472892,5473896,1004,id01593
5473896,5476339,2443,id01593
5476339,5477712,1373,id01593
5477712,5478824,1112,id01593
5478824,5479598,774,id01593
5479598,5482614,3016,id01593
5482614,5483060,446,id01593
5483060,5485580,2520,id01593
5485580,5486046,466,id01593
5486046,5487373,1327,id01593
5487373,5489253,1880,id01593
5489253,5490795,1542,id01593
5490795,5492557,1762,id01593
5492557,5494355,1798,id01593
5494355,5497904,3549,id01593
5497904,5499072,1168,id01593
5499072,5499431,359,id01593
5499431,5501055,1624,id01593
5501055,5501532,477,id01593
5501532,5506391,4859,id01593
5506391,5506975,584,id01593
5506975,5508015,1040,id01593
5508015,5509751,1736,id01593
5509751,5510924,1173,id01593
5510924,5512097,1173,id01593
5512097,5515180,3083,id01593
5515180,5518288,3108,id01593
5518288,5521637,3349,id01593
5521637,5522093,456,id01593
5522093,5522431,338,id01593
5522431,5522913,482,id01593
5522913,5524956,2043,id01593
5524956,5526605,1649,id01593
5526605,5529032,2427,id01593
5529032,5530599,1567,id01593
5530599,5531516,917,id01593
5531516,5533319,1803,id01593
5533319,5535490,2171,id01593
5535490,5536095,605,id01593
5536095,5539879,3784,id01593
5539879,5542521,2642,id01593
5542521,5545082,2561,id01593
5545082,5547694,2612,id01593
5547694,5550772,3078,id01593
5550772,5551725,953,id01593
5551725,5552340,615,id01593
5552340,5553457,1117,id01593
5553457,5554528,1071,id01593
5554528,5555353,825,id01593
5555353,5556065,712,id01593
5556065,5556470,405,id01593
5556470,5556865,395,id01593
5556865,5557372,507,id01593
5557372,5558494,1122,id01618
5558494,5558930,436,id01618
5558930,5559361,431,id01618
5559361,5559807,446,id01618
5559807,5562199,2392,id01618
5562199,5564688,2489,id01618
5564688,5565364,676,id01618
5565364,5565754,390,id01618
5565754,5566185,431,id01618
5566185,5566667,482,id01618
5566667,5567092,425,id01618
5567092,5567451,359,id01618
5567451,5568035,584,id01618
5568035,5568414,379,id01618
5568414,5568737,323,id01618
5568737,5569075,338,id01618
5569075,5569449,374,id01618
5569449,5569772,323,id01618
5569772,5570223,451,id01618
5570223,5570613,390,id01618
5570613,5571018,405,id01618
5571018,5571387,369,id01618
5571387,5571777,390,id01618
5571777,5572330,553,id01618
5572330,5572689,359,id01618
5572689,5573678,989,id01618
5573678,5574247,569,id01618
5574247,5574570,323,id01618
5574570,5575129,559,id01618
5575129,5575580,451,id01618
5575580,5576308,728,id01618
5576308,5576902,594,id01618
5576902,5577583,681,id01618
5577583,5577968,385,id01618
5577968,5578573,605,id01618
5578573,5578911,338,id01618
5578911,5579275,364,id01618
5579275,5579654,379,id01618
5579654,5580033,379,id01618
5580033,5580530,497,id01618
5580530,5580996,466,id01618
5580996,5581626,630,id01618
5581626,5582144,518,id01618
5582144,5582498,354,id01618
5582498,5583405,907,id01618
5583405,5584214,809,id01618
5584214,5585172,958,id01618
5585172,5586109,937,id01618
5586109,5586570,461,id01618
5586570,5587113,543,id01618
5587113,5587528,415,id01618
5587528,5587892,364,id01618
5587892,5588425,533,id01618
5588425,5589019,594,id01618
5589019,5589347,328,id01618
5589347,5589757,410,id01618
5589757,5590085,328,id01618
5590085,5590572,487,id01618
5590572,5590916,344,id01618
5590916,5591398,482,id01618
5591398,5591977,579,id01618
5591977,5592449,472,id01618
5592449,5593192,743,id01618
5593192,5593766,574,id01618
5593766,5594432,666,id01618
5594432,5596552,2120,id01618
5596552,5597336,784,id01618
5597336,5597884,548,id01618
5597884,5598294,410,id01618
5598294,5598612,318,id01618
5598612,5598940,328,id01618
5598940,5599309,369,id01618
5599309,5599781,472,id01618
5599781,5600186,405,id01618
5600186,5600576,390,id01618
5600576,5600904,328,id01618
5600904,5601222,318,id01618
5601222,5602047,825,id01618
5602047,5603107,1060,id01618
5603107,5603527,420,id01618
5603527,5604802,1275,id01618
5604802,5606001,1199,id01618
5606001,5606816,815,id01618
5606816,5607298,482,id01618
5607298,5607821,523,id01618
5607821,5608395,574,id01618
5608395,5608851,456,id01618
5608851,5609369,518,id01618
5609369,5610609,1240,id01618
5610609,5611009,400,id01618
5611009,5611731,722,id01618
5611731,5612162,431,id01618
5612162,5613350,1188,id01618
5613350,5613857,507,id01618
5613857,5614462,605,id01618
5614462,5615609,1147,id01618
5615609,5615947,338,id01618
5615947,5616332,385,id01618
5616332,5617787,1455,id01618
5617787,5618151,364,id01618
5618151,5618694,543,id01618
5618694,5619048,354,id01618
5619048,5619427,379,id01618
5619427,5620057,630,id01618
5620057,5620503,446,id01618
5620503,5621067,564,id01618
5621067,5621436,369,id01618
5621436,5622148,712,id01618
5622148,5623254,1106,id01618
5623254,5623679,425,id01618
5623679,5624069,390,id01618
5624069,5624894,825,id01618
5624894,5625309,415,id01618
5625309,5626523,1214,id01618
5626523,5626954,431,id01618
5626954,5627794,840,id01618
5627794,5628916,1122,id01618
5628916,5629285,369,id01618
5629285,5629936,651,id01618
5629936,5630315,379,id01618
5630315,5630807,492,id01618
5630807,5631289,482,id01618
5631289,5631684,395,id01618
5631684,5632048,364,id01618
5632048,5632642,594,id01618
5632642,5633395,753,id01618
5633395,5633902,507,id01618
5633902,5634292,390,id01618
5634292,5634636,344,id01618
5634636,5635041,405,id01618
5635041,5635533,492,id01618
5635533,5635887,354,id01618
5635887,5636210,323,id01618
5636210,5636574,364,id01618
5636574,5636999,425,id01618
5636999,5637327,328,id01618
5637327,5638367,1040,id01618
5638367,5638716,349,id01618
5638716,5639607,891,id01618
5639607,5640150,543,id01618
5640150,5640494,344,id01618
5640494,5640873,379,id01618
5640873,5641232,359,id01618
5641232,5641816,584,id01618
5641816,5642303,487,id01618
5642303,5642641,338,id01618
5642641,5643727,1086,id01618
5643727,5644255,528,id01618
5644255,5644614,359,id01618
5644614,5644993,379,id01618
5644993,5645465,472,id01618
5645465,5645788,323,id01618
5645788,5646126,338,id01618
5646126,5646495,369,id01618
5646495,5647412,917,id01618
5647412,5648114,702,id01618
5648114,5648493,379,id01618
5648493,5648837,344,id01618
5648837,5649160,323,id01618
5649160,5649524,364,id01618
5649524,5650072,548,id01618
5650072,5650518,446,id01618
5650518,5650841,323,id01618
5650841,5651205,364,id01618
5651205,5651538,333,id01618
5651538,5652112,574,id01618
5652112,5652532,420,id01618
5652532,5653792,1260,id01618
5653792,5654381,589,id01618
5654381,5654883,502,id01618
5654883,5655288,405,id01618
5655288,5655662,374,id01618
5655662,5656006,344,id01618
5656006,5656467,461,id01618
5656467,5656857,390,id01618
5656857,5657569,712,id01618
5657569,5657913,344,id01618
5657913,5658241,328,id01618
5658241,5658610,369,id01618
5658610,5659102,492,id01618
5659102,5659712,610,id01618
5659712,5660071,359,id01618
5660071,5660578,507,id01618
5660578,5661075,497,id01618
5661075,5661470,395,id01618
5661470,5661798,328,id01618
5661798,5662157,359,id01618
5662157,5662577,420,id01618
5662577,5663059,482,id01618
5663059,5663474,415,id01618
5663474,5663920,446,id01618
5663920,5664622,702,id01618
5664622,5665795,1173,id01618
5665795,5666364,569,id01618
5666364,5666718,354,id01618
5666718,5667097,379,id01618
5667097,5667845,748,id01618
5667845,5668398,553,id01618
5668398,5668931,533,id01618
5668931,5669259,328,id01618
5669259,5669900,641,id01618
5669900,5670494,594,id01618
5670494,5672630,2136,id01618
5672630,5672994,364,id01822
5672994,5673373,379,id01822
5673373,5673732,359,id01822
5673732,5674250,518,id01822
5674250,5674998,748,id01822
5674998,5675541,543,id01822
5675541,5675859,318,id01822
5675859,5676279,420,id01822
5676279,5676664,385,id01822
5676664,5677049,385,id01822
5677049,5677464,415,id01822
5677464,5677782,318,id01822
5677782,5678120,338,id01822
5678120,5678842,722,id01822
5678842,5679180,338,id01822
5679180,5679503,323,id01822
5679503,5679852,349,id01822
5679852,5680590,738,id01822
5680590,5681108,518,id01822
5681108,5681477,369,id01822
5681477,5681979,502,id01822
5681979,5682548,569,id01822
5682548,5683076,528,id01822
5683076,5683430,354,id01822
5683430,5684183,753,id01822
5684183,5684598,415,id01822
5684598,5684936,338,id01822
5684936,5685597,661,id01822
5685597,5686355,758,id01822
5686355,5686765,410,id01822
5686765,5687114,349,id01822
5687114,5687447,333,id01822
5687447,5688466,1019,id01822
5688466,5689296,830,id01822
5689296,5690346,1050,id01822
5690346,5690684,338,id01822
5690684,5691028,344,id01822
5691028,5691904,876,id01822
5691904,5692447,543,id01822
5692447,5692929,482,id01822
5692929,5693616,687,id01822
5693616,5694011,395,id01822
5694011,5694785,774,id01822
5694785,5695139,354,id01822
5695139,5695467,328,id01822
5695467,5695821,354,id01822
5695821,5696641,820,id01822
5696641,5696985,344,id01822
5696985,5697308,323,id01822
5697308,5697662,354,id01822
5697662,5698011,349,id01822
5698011,5698698,687,id01822
5698698,5699062,364,id01822
5699062,5699457,395,id01822
5699457,5699795,338,id01822
5699795,5700164,369,id01822
5700164,5700569,405,id01822
5700569,5701025,456,id01822
5701025,5701507,482,id01822
5701507,5702619,1112,id01822
5702619,5703188,569,id01822
5703188,5703752,564,id01822
5703752,5704172,420,id01822
5704172,5704551,379,id01822
5704551,5704930,379,id01822
5704930,5705361,431,id01822
5705361,5705868,507,id01822
5705868,5706273,405,id01822
5706273,5706678,405,id01822
5706678,5707119,441,id01822
5707119,5707488,369,id01822
5707488,5708149,661,id01822
5708149,5708518,369,id01822
5708518,5708887,369,id01822
5708887,5709328,441,id01822
5709328,5709697,369,id01822
5709697,5710117,420,id01822
5710117,5710476,359,id01822
5710476,5710932,456,id01822
5710932,5711465,533,id01822
5711465,5712029,564,id01822
5712029,5712639,610,id01822
5712639,5712983,344,id01822
5712983,5713762,779,id01822
5713762,5714285,523,id01822
5714285,5714716,431,id01822
5714716,5715136,420,id01822
5715136,5715505,369,id01822
5715505,5715874,369,id01822
5715874,5716238,364,id01822
5716238,5717273,1035,id01822
5717273,5717632,359,id01822
5717632,5718047,415,id01822
5718047,5718452,405,id01822
5718452,5718816,364,id01822
5718816,5720009,1193,id01822
5720009,5720353,344,id01822
5720353,5720671,318,id01822
5720671,5721086,415,id01822
5721086,5722054,968,id01822
5722054,5722597,543,id01822
5722597,5723063,466,id01822
5723063,5723381,318,id01822
5723381,5723878,497,id01822
5723878,5724242,364,id01822
5724242,5724749,507,id01822
5724749,5725077,328,id01822
5725077,5727115,2038,id01822
5727115,5727505,390,id01822
5727505,5728053,548,id01822
5728053,5728724,671,id01822
5728724,5729047,323,id01822
5729047,5729544,497,id01822
5729544,5730000,456,id01822
5730000,5730620,620,id01822
5730620,5731614,994,id01822
5731614,5731983,369,id01822
5731983,5732408,425,id01822
5732408,5732767,359,id01822
5732767,5733105,338,id01822
5733105,5733628,523,id01822
5733628,5734842,1214,id01822
5734842,5735308,466,id01822
5735308,5735677,369,id01822
5735677,5736707,1030,id01822
5736707,5737189,482,id01822
5737189,5737507,318,id01822
5737507,5738030,523,id01822
5738030,5738358,328,id01822
5738358,5739039,681,id01822
5739039,5739582,543,id01822
5739582,5740038,456,id01822
5740038,5740443,405,id01822
5740443,5740781,338,id01822
5740781,5741560,779,id01822
5741560,5742108,548,id01822
5742108,5742605,497,id01822
5742605,5743092,487,id01822
5743092,5743420,328,id01822
5743420,5743876,456,id01822
5743876,5744399,523,id01822
5744399,5744743,344,id01822
5744743,5745158,415,id01822
5745158,5745578,420,id01822
5745578,5745922,344,id01822
5745922,5746819,897,id01822
5746819,5747168,349,id01822
5747168,5748740,1572,id01822
5748740,5749119,379,id01822
5749119,5749601,482,id01822
5749601,5750329,728,id01822
5750329,5751072,743,id01822
5751072,5752271,1199,id01822
5752271,5752594,323,id01822
5752594,5752973,379,id01822
5752973,5753547,574,id01822
5753547,5754039,492,id01822
5754039,5754608,569,id01822
5754608,5755243,635,id01822
5755243,5755663,420,id01822
5755663,5756007,344,id01822
5756007,5756847,840,id01822
5756847,5757344,497,id01822
5757344,5758041,697,id01822
5758041,5759834,1793,id01822
5759834,5760879,1045,id01822
5760879,5761514,635,id01822
5761514,5761883,369,id01822
5761883,5762237,354,id01822
5762237,5762565,328,id01822
5762565,5762970,405,id01822
5762970,5763698,728,id01822
5763698,5764149,451,id01822
5764149,5764493,344,id01822
5764493,5764867,374,id01822
5764867,5765415,548,id01822
5765415,5766178,763,id01822
5766178,5766516,338,id01822
5766516,5766952,436,id01822
5766952,5767388,436,id01822
5767388,5767824,436,id01822
5767824,5768275,451,id01822
5768275,5768782,507,id01822
5768782,5769479,697,id01822
5769479,5769833,354,id01822
5769833,5770182,349,id01822
5770182,5770648,466,id01822
5770648,5770966,318,id01822
5770966,5771284,318,id01822
5771284,5771843,559,id01822
5771843,5772187,344,id01822
5772187,5772858,671,id01822
5772858,5773186,328,id01822
5773186,5773704,518,id01822
5773704,5774068,364,id01822
5774068,5774386,318,id01822
5774386,5774750,364,id01822
5774750,5775088,338,id01822
5775088,5775759,671,id01822
5775759,5776277,518,id01822
5776277,5776805,528,id01822
5776805,5777430,625,id01822
5777430,5778204,774,id01822
5778204,5779147,943,id01822
5779147,5779516,369,id01822
5779516,5780177,661,id01822
5780177,5780536,359,id01822
5780536,5781110,574,id01822
5781110,5782058,948,id01822
5782058,5782381,323,id01822
5782381,5782806,425,id01822
5782806,5783134,328,id01822
5783134,5783611,477,id01822
5783611,5783996,385,id01822
5783996,5784375,379,id01822
5784375,5784816,441,id01822
5784816,5785236,420,id01822
5785236,5785948,712,id01822
5785948,5786471,523,id01822
5786471,5786845,374,id01822
5786845,5787163,318,id01822
5787163,5787507,344,id01822
5787507,5787902,395,id01822
5787902,5788281,379,id01822
5788281,5788865,584,id01822
5788865,5789244,379,id01822
5789244,5789577,333,id01822
5789577,5790192,615,id01822
5790192,5790838,646,id01822
5790838,5791161,323,id01822
5791161,5791740,579,id01822
5791740,5792698,958,id01822
5792698,5793072,374,id01822
5793072,5793462,390,id01822
5793462,5793816,354,id01822
5793816,5794206,390,id01822
5794206,5794642,436,id01822
5794642,5795062,420,id01822
5795062,5795708,646,id01822
5795708,5796482,774,id01822
5796482,5796882,400,id01822
5796882,5797594,712,id01892
5797594,5797917,323,id01892
5797917,5799279,1362,id01892
5799279,5799674,395,id01892
5799674,5800033,359,id01892
5800033,5800453,420,id01892
5800453,5801078,625,id01892
5801078,5801427,349,id01892
5801427,5801934,507,id01892
5801934,5802733,799,id01892
5802733,5803686,953,id01892
5803686,5804332,646,id01892
5804332,5804757,425,id01892
5804757,5805587,830,id01892
5805587,5806023,436,id01892
5806023,5806566,543,id01892
5806566,5806961,395,id01892
5806961,5807474,513,id01892
5807474,5807818,344,id01892
5807818,5808264,446,id01892
5808264,5808613,349,id01892
5808613,5808951,338,id01892
5808951,5809740,789,id01892
5809740,5810078,338,id01892
5810078,5811108,1030,id01892
5811108,5811518,410,id01892
5811518,5811923,405,id01892
5811923,5812343,420,id01892
5812343,5812784,441,id01892
5812784,5813297,513,id01892
5813297,5813687,390,id01892
5813687,5814159,472,id01892
5814159,5814533,374,id01892
5814533,5814964,431,id01892
5814964,5815686,722,id01892
5815686,5816076,390,id01892
5816076,5816542,466,id01892
5816542,5817003,461,id01892
5817003,5817587,584,id01892
5817587,5818028,441,id01892
5818028,5818510,482,id01892
5818510,5818895,385,id01892
5818895,5819536,641,id01892
5819536,5819921,385,id01892
5819921,5820316,395,id01892
5820316,5820798,482,id01892
5820798,5821152,354,id01892
5821152,5821659,507,id01892
5821659,5821982,323,id01892
5821982,5822320,338,id01892
5822320,5822730,410,id01892
5822730,5823273,543,id01892
5823273,5824559,1286,id01892
5824559,5824928,369,id01892
5824928,5825497,569,id01892
5825497,5825861,364,id01892
5825861,5826379,518,id01892
5826379,5827158,779,id01892
5827158,5827711,553,id01892
5827711,5828029,318,id01892
5828029,5828434,405,id01892
5828434,5828834,400,id01892
5828834,5829172,338,id01892
5829172,5829541,369,id01892
5829541,5829987,446,id01892
5829987,5830356,369,id01892
5830356,5830838,482,id01892
5830838,5831361,523,id01892
5831361,5831843,482,id01892
5831843,5832263,420,id01892
5832263,5832601,338,id01892
5832601,5833170,569,id01892
5833170,5833939,769,id01892
5833939,5834600,661,id01892
5834600,5835200,600,id01892
5835200,5835851,651,id01892
5835851,5836348,497,id01892
5836348,5837352,1004,id01892
5837352,5838013,661,id01892
5838013,5838587,574,id01892
5838587,5838931,344,id01892
5838931,5839413,482,id01892
5839413,5839869,456,id01892
5839869,5840658,789,id01892
5840658,5841037,379,id01892
5841037,5841509,472,id01892
5841509,5842257,748,id01892
5842257,5842652,395,id01892
5842652,5843093,441,id01892
5843093,5843590,497,id01892
5843590,5843959,369,id01892
5843959,5844538,579,id01892
5844538,5844876,338,id01892
5844876,5845204,328,id01892
5845204,5845589,385,id01892
5845589,5845994,405,id01892
5845994,5846348,354,id01892
5846348,5846901,553,id01892
5846901,5847280,379,id01892
5847280,5847874,594,id01892
5847874,5848520,646,id01892
5848520,5849161,641,id01892
5849161,5849597,436,id01892
5849597,5850033,436,id01892
5850033,5851027,994,id01892
5851027,5851560,533,id01892
5851560,5852666,1106,id01892
5852666,5853368,702,id01892
5853368,5853824,456,id01892
5853824,5855156,1332,id01892
5855156,5855479,323,id01892
5855479,5856079,600,id01892
5856079,5856443,364,id01892
5856443,5857002,559,id01892
5857002,5857407,405,id01892
5857407,5858816,1409,id01892
5858816,5859257,441,id01892
5859257,5859754,497,id01892
5859754,5860164,410,id01892
5860164,5860892,728,id01892
5860892,5861466,574,id01892
5861466,5861830,364,id01892
5861830,5862302,472,id01892
5862302,5862861,559,id01892
5862861,5863276,415,id01892
5863276,5863707,431,id01892
5863707,5864173,466,id01892
5864173,5864511,338,id01892
5864511,5865587,1076,id01989
5865587,5866043,456,id01989
5866043,5866407,364,id01989
5866407,5866766,359,id01989
5866766,5867135,369,id01989
5867135,5867499,364,id01989
5867499,5867960,461,id01989
5867960,5868278,318,id01989
5868278,5868837,559,id01989
5868837,5869309,472,id01989
5869309,5869653,344,id01989
5869653,5870273,620,id01989
5870273,5870601,328,id01989
5870601,5871149,548,id01989
5871149,5871733,584,id01989
5871733,5872292,559,id01989
5872292,5873137,845,id01989
5873137,5873783,646,id01989
5873783,5874147,364,id01989
5874147,5874706,559,id01989
5874706,5875239,533,id01989
5875239,5875644,405,id01989
5875644,5875998,354,id01989
5875998,5876439,441,id01989
5876439,5876777,338,id01989
5876777,5877310,533,id01989
5877310,5877756,446,id01989
5877756,5878171,415,id01989
5878171,5878832,661,id01989
5878832,5879176,344,id01989
5879176,5879709,533,id01989
5879709,5880027,318,id01989
5880027,5880739,712,id01989
5880739,5881108,369,id01989
5881108,5881631,523,id01989
5881631,5881969,338,id01989
5881969,5882937,968,id01989
5882937,5883342,405,id01989
5883342,5883967,625,id01989
5883967,5884311,344,id01989
5884311,5884680,369,id01989
5884680,5885495,815,id01989
5885495,5885864,369,id01989
5885864,5886218,354,id01989
5886218,5886848,630,id01989
5886848,5887217,369,id01989
5887217,5887535,318,id01989
5887535,5887996,461,id01989
5887996,5888503,507,id01989
5888503,5888867,364,id01989
5888867,5889200,333,id01989
5889200,5889718,518,id01989
5889718,5890082,364,id01989
5890082,5890702,620,id01989
5890702,5891040,338,id01989
5891040,5891373,333,id01989
5891373,5891701,328,id01989
5891701,5892106,405,id01989
5892106,5892562,456,id01989
5892562,5892911,349,id01989
5892911,5893280,369,id01989
5893280,5893752,472,id01989
5893752,5894336,584,id01989
5894336,5894808,472,id01989
5894808,5895223,415,id01989
5895223,5895577,354,id01989
5895577,5896197,620,id01989
5896197,5896515,318,id01989
5896515,5897237,722,id01989
5897237,5897616,379,id01989
5897616,5898113,497,id01989
5898113,5898431,318,id01989
5898431,5899210,779,id01989
5899210,5900004,794,id01989
5900004,5900783,779,id01989
5900783,5901101,318,id01989
5901101,5901562,461,id01989
5901562,5902254,692,id01989
5902254,5903432,1178,id01989
5903432,5904026,594,id01989
5904026,5904375,349,id01989
5904375,5905010,635,id01989
5905010,5906203,1193,id01989
5906203,5906700,497,id01989
5906700,5907049,349,id01989
5907049,5907495,446,id01989
5907495,5908325,830,id01989
5908325,5908766,441,id01989
5908766,5909238,472,id01989
5909238,5909669,431,id01989
5909669,5910586,917,id01989
5910586,5911288,702,id01989
5911288,5911770,482,id01989
5911770,5912098,328,id01989
5912098,5912447,349,id01989
5912447,5912990,543,id01989
5912990,5913344,354,id01989
5913344,5913903,559,id01989
5913903,5914231,328,id01989
5914231,5915158,927,id01989
5915158,5915496,338,id01989
5915496,5915875,379,id01989
5915875,5916280,405,id01989
5916280,5916900,620,id01989
5916900,5917387,487,id01989
5917387,5917833,446,id01989
5917833,5918607,774,id01989
5918607,5919022,415,id01989
5919022,5919519,497,id01989
5919519,5920262,743,id01989
5920262,5920677,415,id01989
5920677,5921476,799,id01989
5921476,5922096,620,id01989
5922096,5922624,528,id01989
5922624,5923019,395,id01989
5923019,5923567,548,id01989
5923567,5924228,661,id01989
5924228,5925355,1127,id01989
5925355,5925873,518,id01989
5925873,5926524,651,id01989
5926524,5927211,687,id01989
5927211,5927534,323,id01989
5927534,5927903,369,id01989
5927903,5928375,472,id01989
5928375,5928765,390,id01989
5928765,5929221,456,id01989
5929221,5929744,523,id01989
5929744,5930088,344,id01989
5930088,5930606,518,id01989
5930606,5930996,390,id01989
5930996,5931601,605,id01989
5931601,5932226,625,id01989
5932226,5932554,328,id01989
5932554,5932933,379,id01989
5932933,5933312,379,id01989
5933312,5933650,338,id01989
5933650,5934132,482,id01989
5934132,5934998,866,id01989
5934998,5935449,451,id01989
5935449,5936504,1055,id01989
5936504,5938553,2049,id01989
5938553,5938917,364,id01989
5938917,5939281,364,id01989
5939281,5939650,369,id01989
5939650,5939968,318,id01989
5939968,5940327,359,id01989
5940327,5940655,328,id01989
5940655,5941198,543,id01989
5941198,5941736,538,id01989
5941736,5942458,722,id01989
5942458,5942960,502,id01989
5942960,5943365,405,id01989
5943365,5943918,553,id01989
5943918,5944743,825,id01989
5944743,5945133,390,id01989
5945133,5945502,369,id01989
5945502,5946086,584,id01989
5946086,5946552,466,id01989
5946552,5946921,369,id01989
5946921,5947254,333,id01989
5947254,5947649,395,id01989
5947649,5949032,1383,id01989
5949032,5949739,707,id01989
5949739,5950323,584,id01989
5950323,5950876,553,id01989
5950876,5951885,1009,id01989
5951885,5952285,400,id01989
5952285,5952634,349,id01989
5952634,5953469,835,id01989
5953469,5953951,482,id01989
5953951,5954551,600,id01989
5954551,5954936,385,id01989
5954936,5955571,635,id01989
5955571,5955950,379,id01989
5955950,5956268,318,id01989
5956268,5956693,425,id02019
5956693,5957042,349,id02019
5957042,5957473,431,id02019
5957473,5957883,410,id02019
5957883,5958283,400,id02019
5958283,5958627,344,id02019
5958627,5959088,461,id02019
5959088,5959498,410,id02019
5959498,5959903,405,id02019
5959903,5960282,379,id02019
5960282,5960636,354,id02019
5960636,5962029,1393,id02019
5962029,5963084,1055,id02019
5963084,5963489,405,id02019
5963489,5965911,2422,id02019
5965911,5967529,1618,id02019
5967529,5968354,825,id02019
5968354,5968672,318,id02019
5968672,5970424,1752,id02019
5970424,5971397,973,id02019
5971397,5971761,364,id02019
5971761,5972709,948,id02019
5972709,5973078,369,id02019
5973078,5973744,666,id02019
5973744,5974082,338,id02019
5974082,5975286,1204,id02019
5975286,5975604,318,id02019
5975604,5976255,651,id02019
5976255,5976691,436,id02019
5976691,5977024,333,id02019
5977024,5977378,354,id02019
5977378,5978484,1106,id02019
5978484,5978853,369,id02019
5978853,5979396,543,id02019
5979396,5979719,323,id02019
5979719,5980672,953,id02019
5980672,5981036,364,id02019
5981036,5981431,395,id02019
5981431,5982225,794,id02019
5982225,5982799,574,id02019
5982799,5983250,451,id02019
5983250,5983624,374,id02019
5983624,5984065,441,id02019
5984065,5984429,364,id02019
5984429,5984793,364,id02019
5984793,5985649,856,id02019
5985649,5986346,697,id02019
5986346,5986751,405,id02019
5986751,5987335,584,id02019
5987335,5987673,338,id02019
5987673,5988165,492,id02019
5988165,5989154,989,id02019
5989154,5989917,763,id02019
5989917,5991515,1598,id02019
5991515,5991925,410,id02019
5991925,5992248,323,id02019
5992248,5992807,559,id02019
5992807,5993192,385,id02019
5993192,5993571,379,id02019
5993571,5994099,528,id02019
5994099,5994745,646,id02019
5994745,5995293,548,id02019
5995293,5995626,333,id02019
5995626,5996077,451,id02019
5996077,5996774,697,id02019
5996774,5997399,625,id02019
5997399,5999765,2366,id02019
5999765,6002157,2392,id02019
6002157,6005224,3067,id02019
6005224,6005767,543,id02019
6005767,6007119,1352,id02019
6007119,6008164,1045,id02019
6008164,6009270,1106,id02019
6009270,6011272,2002,id02019
6011272,6012337,1065,id02019
6012337,6012803,466,id02019
6012803,6014099,1296,id02019
6014099,6015016,917,id02019
6015016,6016619,1603,id02019
6016619,6017050,431,id02019
6017050,6018054,1004,id02019
6018054,6018520,466,id02019
6018520,6018864,344,id02019
6018864,6019192,328,id02019
6019192,6020186,994,id02019
6020186,6020560,374,id02019
6020560,6020965,405,id02019
6020965,6021385,420,id02019
6021385,6021969,584,id02019
6021969,6022338,369,id02019
6022338,6022682,344,id02019
6022682,6023087,405,id02019
6023087,6023415,328,id02019
6023415,6025064,1649,id02019
6025064,6026877,1813,id02019
6026877,6027318,441,id02019
6027318,6028066,748,id02019
6028066,6028701,635,id02019
6028701,6029096,395,id02019
6029096,6029419,323,id02019
6029419,6029757,338,id02019
6029757,6030454,697,id02019
6030454,6030772,318,id02019
6030772,6031090,318,id02019
6031090,6032278,1188,id02019
6032278,6032632,354,id02019
6032632,6032955,323,id02019
6032955,6033575,620,id02019
6033575,6034067,492,id02019
6034067,6034856,789,id02019
6034856,6035404,548,id02019
6035404,6035732,328,id02019
6035732,6036070,338,id02019
6036070,6036388,318,id02019
6036388,6036747,359,id02019
6036747,6037137,390,id02019
6037137,6037506,369,id02019
6037506,6037916,410,id02019
6037916,6038347,431,id02019
6038347,6038788,441,id02019
6038788,6039152,364,id02019
6039152,6039470,318,id02019
6039470,6040039,569,id02019
6040039,6040680,641,id02019
6040680,6041034,354,id02019
6041034,6041680,646,id02019
6041680,6042059,379,id02019
6042059,6042536,477,id02019
6042536,6042992,456,id02019
6042992,6043750,758,id02019
6043750,6044068,318,id02019
6044068,6044534,466,id02019
6044534,6045016,482,id02019
6045016,6045482,466,id02019
6045482,6046035,553,id02019
6046035,6046804,769,id02019
6046804,6047373,569,id02019
6047373,6047696,323,id02019
6047696,6048490,794,id02019
6048490,6049735,1245,id02019
6049735,6050227,492,id02019
6050227,6050622,395,id02019
6050622,6051513,891,id02019
6051513,6051857,344,id02019
6051857,6052267,410,id02019
6052267,6052585,318,id02019
6052585,6052949,364,id02019
6052949,6053323,374,id02019
6053323,6054245,922,id02019
6054245,6054589,344,id02019
6054589,6055009,420,id02019
6055009,6055803,794,id02019
6055803,6056131,328,id02019
6056131,6056459,328,id02019
6056459,6057171,712,id02019
6057171,6057673,502,id02019
6057673,6058109,436,id02019
6058109,6058775,666,id02019
6058775,6059241,466,id02019
6059241,6059677,436,id02019
6059677,6060205,528,id02019
6060205,6061112,907,id02019
6061112,6061553,441,id02019
6061553,6061922,369,id02019
6061922,6062527,605,id02019
6062527,6062932,405,id02019
6062932,6063281,349,id02019
6063281,6063604,323,id02019
6063604,6063948,344,id02019
6063948,6064875,927,id02019
6064875,6065551,676,id02019
6065551,6066033,482,id02019
6066033,6066489,456,id02019
6066489,6066822,333,id02019
6066822,6067406,584,id02019
6067406,6067734,328,id02019
6067734,6068277,543,id02019
6068277,6068800,523,id02019
6068800,6069164,364,id02019
6069164,6069661,497,id02019
6069661,6070122,461,id02019
6070122,6070773,651,id02019
6070773,6071629,856,id02019
6071629,6072403,774,id02019
6072403,6072813,410,id02019
6072813,6073315,502,id02019
6073315,6073735,420,id02019
6073735,6074903,1168,id02019
6074903,6075984,1081,id02019
6075984,6076389,405,id02019
6076389,6077009,620,id02019
6077009,6077388,379,id02019
6077388,6078177,789,id02019
6078177,6078669,492,id02019
6078669,6079007,338,id02019
6079007,6079811,804,id02019
6079811,6080283,472,id02019
6080283,6080729,446,id02019
6080729,6081134,405,id02019
6081134,6081524,390,id02019
6081524,6081944,420,id02019
6081944,6082400,456,id02019
6082400,6082856,456,id02019
6082856,6083235,379,id02019
6083235,6083640,405,id02019
6083640,6083984,344,id02019
6083984,6084942,958,id02019
6084942,6085280,338,id02019
6085280,6085818,538,id02019
6085818,6086264,446,id02019
6086264,6086884,620,id02019
6086884,6087376,492,id02019
6087376,6087709,333,id02019
6087709,6088053,344,id02019
6088053,6088996,943,id02019
6088996,6089708,712,id02019
6089708,6090359,651,id02019
6090359,6091056,697,id02019
6091056,6091471,415,id02019
6091471,6092019,548,id02019
6092019,6092475,456,id02019
6092475,6093187,712,id02019
6093187,6093792,605,id02019
6093792,6094146,354,id02019
6094146,6094725,579,id02019
6094725,6095739,1014,id02019
6095739,6096164,425,id02019
6096164,6096779,615,id02019
6096779,6097522,743,id02019
6097522,6097840,318,id02019
6097840,6098194,354,id02019
6098194,6098676,482,id02019
6098676,6098999,323,id02019
6098999,6099343,344,id02019
6099343,6099861,518,id02019
6099861,6100522,661,id02019
6100522,6100840,318,id02019
6100840,6101271,431,id02019
6101271,6102034,763,id02019
6102034,6103622,1588,id02019
6103622,6104319,697,id02019
6104319,6105072,753,id02019
6105072,6106516,1444,id02019
6106516,6107054,538,id02019
6107054,6108283,1229,id02019
6108283,6110214,1931,id02019
6110214,6110737,523,id02019
6110737,6111695,958,id02019
6111695,6112064,369,id02019
6112064,6112479,415,id02019
6112479,6113401,922,id02019
6113401,6113883,482,id02019
6113883,6115066,1183,id02019
6115066,6115404,338,id02019
6115404,6115952,548,id02019
6115952,6116352,400,id02019
6116352,6116875,523,id02019
6116875,6117270,395,id02019
6117270,6117598,328,id02019
6117598,6118162,564,id02019
6118162,6118669,507,id02019
6118669,6119135,466,id02019
6119135,6119489,354,id02019
6119489,6119858,369,id02019
6119858,6120345,487,id02019
6120345,6120852,507,id02019
6120852,6121211,359,id02019
6121211,6121616,405,id02019
6121616,6123071,1455,id02019
6123071,6123645,574,id02019
6123645,6124716,1071,id02019
6124716,6125208,492,id02019
6125208,6127047,1839,id02019
6127047,6127483,436,id02019
6127483,6128523,1040,id02019
6128523,6128841,318,id02019
6128841,6129784,943,id02019
6129784,6131100,1316,id02019
6131100,6131858,758,id02019
6131858,6132944,1086,id02019
6132944,6134004,1060,id02019
6134004,6135663,1659,id02019
6135663,6136186,523,id02019
6136186,6137021,835,id02019
6137021,6138327,1306,id02019
6138327,6138901,574,id02019
6138901,6140883,1982,id02019
6140883,6141339,456,id02019
6141339,6141821,482,id02019
6141821,6142190,369,id02019
6142190,6143414,1224,id02019
6143414,6144218,804,id02019
6144218,6145775,1557,id02019
6145775,6146293,518,id02019
6146293,6146995,702,id02019
6146995,6147385,390,id02019
6147385,6147800,415,id02019
6147800,6148210,410,id02019
6148210,6148856,646,id02019
6148856,6149594,738,id02019
6149594,6150455,861,id02019
6150455,6151029,574,id02019
6151029,6151936,907,id02019
6151936,6152280,344,id02019
6152280,6152659,379,id02019
6152659,6153719,1060,id02019
6153719,6154139,420,id02057
6154139,6154902,763,id02057
6154902,6155307,405,id02057
6155307,6155640,333,id02057
6155640,6155958,318,id02057
6155958,6156353,395,id02057
6156353,6156789,436,id02057
6156789,6157307,518,id02057
6157307,6157891,584,id02057
6157891,6158875,984,id02057
6158875,6159341,466,id02057
6159341,6159720,379,id02057
6159720,6160135,415,id02057
6160135,6160617,482,id02057
6160617,6161058,441,id02057
6161058,6161545,487,id02057
6161545,6161919,374,id02057
6161919,6162247,328,id02057
6162247,6162585,338,id02057
6162585,6163226,641,id02057
6163226,6163641,415,id02057
6163641,6163959,318,id02057
6163959,6164374,415,id02057
6164374,6164805,431,id02057
6164805,6165364,559,id02057
6165364,6165728,364,id02057
6165728,6166338,610,id02057
6166338,6166728,390,id02057
6166728,6167476,748,id02057
6167476,6167912,436,id02057
6167912,6168537,625,id02057
6168537,6170033,1496,id02057
6170033,6170464,431,id02057
6170464,6171202,738,id02057
6171202,6171540,338,id02057
6171540,6171858,318,id02057
6171858,6172355,497,id02057
6172355,6173042,687,id02057
6173042,6173421,379,id02057
6173421,6173759,338,id02057
6173759,6174149,390,id02057
6174149,6174534,385,id02057
6174534,6174924,390,id02057
6174924,6175303,379,id02057
6175303,6175944,641,id02057
6175944,6176344,400,id02057
6176344,6176759,415,id02057
6176759,6177492,733,id02057
6177492,6179136,1644,id02057
6179136,6179500,364,id02057
6179500,6179920,420,id02057
6179920,6180601,681,id02057
6180601,6181436,835,id02057
6181436,6181805,369,id02057
6181805,6182143,338,id02057
6182143,6182563,420,id02057
6182563,6183122,559,id02057
6183122,6183568,446,id02057
6183568,6184244,676,id02057
6184244,6184736,492,id02057
6184736,6185658,922,id02057
6185658,6186078,420,id02057
6186078,6186918,840,id02057
6186918,6187318,400,id02057
6187318,6187882,564,id02057
6187882,6189291,1409,id02057
6189291,6190295,1004,id02057
6190295,6191135,840,id02057
6191135,6191776,641,id02057
6191776,6192207,431,id02057
6192207,6192760,553,id02057
6192760,6193406,646,id02057
6193406,6193821,415,id02057
6193821,6194165,344,id02057
6194165,6194585,420,id02057
6194585,6195016,431,id02057
6195016,6195339,323,id02057
6195339,6195729,390,id02057
6195729,6196067,338,id02057
6196067,6196487,420,id02057
6196487,6197163,676,id02057
6197163,6197788,625,id02057
6197788,6198167,379,id02057
6198167,6198787,620,id02057
6198787,6199945,1158,id02057
6199945,6200427,482,id02057
6200427,6200986,559,id02057
6200986,6201406,420,id02057
6201406,6201898,492,id02057
6201898,6202267,369,id02057
6202267,6203036,769,id02057
6203036,6203492,456,id02057
6203492,6204220,728,id02057
6204220,6205229,1009,id02057
6205229,6205665,436,id02057
6205665,6206121,456,id02057
6206121,6207340,1219,id02057
6207340,6208446,1106,id02057
6208446,6209547,1101,id02057
6209547,6210008,461,id02057
6210008,6210423,415,id02057
6210423,6210905,482,id02057
6210905,6211423,518,id02057
6211423,6212145,722,id02057
6212145,6212570,425,id02057
6212570,6212939,369,id02057
6212939,6213882,943,id02057
6213882,6215188,1306,id02057
6215188,6215506,318,id02057
6215506,6216208,702,id02057
6216208,6216608,400,id02057
6216608,6217008,400,id02057
6217008,6218273,1265,id02057
6218273,6218739,466,id02057
6218739,6219088,349,id02057
6219088,6219432,344,id02057
6219432,6219801,369,id02057
6219801,6220226,425,id02057
6220226,6221061,835,id02057
6221061,6221599,538,id02057
6221599,6221994,395,id02057
6221994,6222553,559,id02057
6222553,6223199,646,id02057
6223199,6223665,466,id02057
6223665,6224234,569,id02057
6224234,6224593,359,id02057
6224593,6225474,881,id02057
6225474,6226074,600,id02057
6226074,6226443,369,id02057
6226443,6226894,451,id02057
6226894,6227335,441,id02057
6227335,6227986,651,id02057
6227986,6228560,574,id02057
6228560,6228904,344,id02057
6228904,6229289,385,id02057
6229289,6229858,569,id02057
6229858,6230196,338,id02057
6230196,6230550,354,id02057
6230550,6230878,328,id02057
6230878,6231478,600,id02057
6231478,6231847,369,id02057
6231847,6232303,456,id02057
6232303,6232754,451,id02057
6232754,6233420,666,id02057
6233420,6233738,318,id02057
6233738,6234133,395,id02057
6234133,6234697,564,id02057
6234697,6235163,466,id02057
6235163,6235645,482,id02057
6235645,6236065,420,id02057
6236065,6236490,425,id02057
6236490,6236890,400,id02057
6236890,6237705,815,id02057
6237705,6238090,385,id02057
6238090,6238695,605,id02057
6238695,6239218,523,id02057
6239218,6239884,666,id02057
6239884,6240350,466,id02057
6240350,6240806,456,id02057
6240806,6242010,1204,id02057
6242010,6244284,2274,id02057
6244284,6244761,477,id02057
6244761,6246277,1516,id02057
6246277,6246667,390,id02057
6246667,6247379,712,id02057
6247379,6247748,369,id02057
6247748,6248481,733,id02057
6248481,6249444,963,id02057
6249444,6250182,738,id02057
6250182,6250592,410,id02057
6250592,6251125,533,id02057
6251125,6251453,328,id02057
6251453,6251853,400,id02057
6251853,6252222,369,id02057
6252222,6252755,533,id02057
6252755,6253088,333,id02057
6253088,6254179,1091,id02057
6254179,6254512,333,id02057
6254512,6255327,815,id02057
6255327,6255742,415,id02057
6255742,6256070,328,id02057
6256070,6256424,354,id02057
6256424,6256942,518,id02057
6256942,6257439,497,id02057
6257439,6258049,610,id02057
6258049,6258843,794,id02057
6258843,6259427,584,id02057
6259427,6260405,978,id02057
6260405,6260938,533,id02057
6260938,6261276,338,id02057
6261276,6261727,451,id02057
6261727,6262224,497,id02057
6262224,6263100,876,id02057
6263100,6263822,722,id02057
6263822,6264150,328,id02057
6264150,6264652,502,id02057
6264652,6265415,763,id02057
6265415,6265912,497,id02057
6265912,6266844,932,id02057
6266844,6267433,589,id02057
6267433,6268176,743,id02057
6268176,6268832,656,id02057
6268832,6269186,354,id02057
6269186,6269601,415,id02057
6269601,6269955,354,id02057
6269955,6270293,338,id02057
6270293,6270775,482,id02057
6270775,6271769,994,id02057
6271769,6272307,538,id02057
6272307,6272958,651,id02057
6272958,6273568,610,id02057
6273568,6274116,548,id02057
6274116,6274618,502,id02057
6274618,6275110,492,id02057
6275110,6275694,584,id02057
6275694,6276073,379,id02057
6276073,6277031,958,id02057
6277031,6277605,574,id02057
6277605,6278097,492,id02057
6278097,6278656,559,id02057
6278656,6279046,390,id02057
6279046,6279707,661,id02057
6279707,6280045,338,id02057
6280045,6280532,487,id02057
6280532,6281024,492,id02057
6281024,6281455,431,id02057
6281455,6281901,446,id02057
6281901,6282367,466,id02057
6282367,6282685,318,id02057
6282685,6283003,318,id02057
6283003,6284360,1357,id02057
6284360,6284842,482,id02057
6284842,6285549,707,id02057
6285549,6286143,594,id02057
6286143,6286533,390,id02057
6286533,6287220,687,id02057
6287220,6287589,369,id02057
6287589,6288578,989,id02057
6288578,6288952,374,id02057
6288952,6289367,415,id02057
6289367,6290422,1055,id02057
6290422,6290837,415,id02057
6290837,6291355,518,id02057
6291355,6291914,559,id02057
6291914,6292652,738,id02057
6292652,6292990,338,id02057
6292990,6293431,441,id02057
6293431,6293959,528,id02057
6293959,6294487,528,id02057
6294487,6294810,323,id02057
6294810,6295369,559,id02057
6295369,6295830,461,id02057
6295830,6296163,333,id02057
6296163,6296563,400,id02057
6296563,6297019,456,id02057
6297019,6297383,364,id02057
6297383,6298064,681,id02057
6298064,6298428,364,id02057
6298428,6298951,523,id02057
6298951,6299858,907,id02057
6299858,6300186,328,id02057
6300186,6300693,507,id02057
6300693,6301098,405,id02057
6301098,6301595,497,id02057
6301595,6302282,687,id02057
6302282,6302697,415,id02057
6302697,6303051,354,id02057
6303051,6303405,354,id02057
6303405,6304209,804,id02057
6304209,6304547,338,id02057
6304547,6304901,354,id02057
6304901,6305255,354,id02057
6305255,6305701,446,id02057
6305701,6306132,431,id02057
6306132,6306496,364,id02057
6306496,6306947,451,id02057
6306947,6307270,323,id02057
6307270,6307634,364,id02057
6307634,6308013,379,id02057
6308013,6308362,349,id02057
6308362,6308803,441,id02057
6308803,6309684,881,id02057
6309684,6310063,379,id02057
6310063,6310401,338,id02057
6310401,6310755,354,id02057
6310755,6311104,349,id02057
6311104,6312538,1434,id02057
6312538,6312902,364,id02057
6312902,6313276,374,id02057
6313276,6313594,318,id02057
6313594,6313932,338,id02057
6313932,6314378,446,id02057
6314378,6315362,984,id02057
6315362,6315818,456,id02057
6315818,6316167,349,id02057
6316167,6316562,395,id02057
6316562,6316957,395,id02057
6316957,6317352,395,id02057
6317352,6317772,420,id02057
6317772,6318100,328,id02057
6318100,6318628,528,id02057
6318628,6318987,359,id02057
6318987,6319443,456,id02057
6319443,6320063,620,id02057
6320063,6320401,338,id02057
6320401,6320780,379,id02057
6320780,6321180,400,id02057
6321180,6321534,354,id02057
6321534,6322390,856,id02057
6322390,6322785,395,id02057
6322785,6323625,840,id02057
6323625,6324004,379,id02057
6324004,6324486,482,id02057
6324486,6325116,630,id02057
6325116,6325598,482,id02057
6325598,6326167,569,id02057
6326167,6326598,431,id02057
6326598,6327157,559,id02057
6327157,6327531,374,id02057
6327531,6327982,451,id02057
6327982,6328326,344,id02057
6328326,6328654,328,id02057
6328654,6329039,385,id02057
6329039,6329383,344,id02057
6329383,6329747,364,id02057
6329747,6330321,574,id02057
6330321,6330726,405,id02057
6330726,6331136,410,id02057
6331136,6332063,927,id02057
6332063,6332473,410,id02057
6332473,6333108,635,id02057
6333108,6333477,369,id02057
6333477,6333821,344,id02057
6333821,6334400,579,id02057
6334400,6335041,641,id02057
6335041,6335605,564,id02057
6335605,6335933,328,id02057
6335933,6336251,318,id02057
6336251,6336569,318,id02057
6336569,6336907,338,id02057
6336907,6337271,364,id02057
6337271,6337615,344,id02057
6337615,6337984,369,id02057
6337984,6338353,369,id02057
6338353,6338707,354,id02057
6338707,6339051,344,id02057
6339051,6339471,420,id02057
6339471,6339861,390,id02057
6339861,6340758,897,id02057
6340758,6341107,349,id02057
6341107,6341553,446,id02057
6341553,6341999,446,id02057
6341999,6342793,794,id02057
6342793,6343643,850,id02057
6343643,6344074,431,id02057
6344074,6344412,338,id02057
6344412,6344786,374,id02057
6344786,6345288,502,id02057
6345288,6346195,907,id02057
6346195,6346615,420,id02057
6346615,6346943,328,id02057
6346943,6347374,431,id02057
6347374,6347712,338,id02057
6347712,6348117,405,id02057
6348117,6348440,323,id02057
6348440,6348871,431,id02057
6348871,6349373,502,id02057
6349373,6349850,477,id02057
6349850,6350168,318,id02057
6350168,6350829,661,id02057
6350829,6351183,354,id02057
6351183,6351516,333,id02057
6351516,6352336,820,id02057
6352336,6352808,472,id02057
6352808,6353193,385,id02057
6353193,6353639,446,id02057
6353639,6354018,379,id02057
6354018,6354341,323,id02057
6354341,6354669,328,id02057
6354669,6356108,1439,id02057
6356108,6356882,774,id02057
6356882,6357231,349,id02057
6357231,6357754,523,id02057
6357754,6358625,871,id02057
6358625,6359081,456,id02057
6359081,6359501,420,id02057
6359501,6360367,866,id02057
6360367,6360792,425,id02057
6360792,6361238,446,id02057
6361238,6361704,466,id02057
6361704,6362263,559,id02057
6362263,6362627,364,id02057
6362627,6362945,318,id02057
6362945,6363360,415,id02057
6363360,6363704,344,id02057
6363704,6364094,390,id02057
6364094,6364729,635,id02057
6364729,6365093,364,id02057
6365093,6365954,861,id02057
6365954,6366364,410,id02057
6366364,6367281,917,id02057
6367281,6367968,687,id02057
6367968,6368419,451,id02057
6368419,6368865,446,id02057
6368865,6369239,374,id02057
6369239,6369787,548,id02057
6369787,6370182,395,id02057
6370182,6370607,425,id02057
6370607,6370992,385,id02057
6370992,6371602,610,id02057
6371602,6372166,564,id02057
6372166,6372801,635,id02057
6372801,6373221,420,id02057
6373221,6373774,553,id02057
6373774,6374251,477,id02057
6374251,6374902,651,id02057
6374902,6376152,1250,id02057
6376152,6376885,733,id02057
6376885,6377520,635,id02057
6377520,6377874,354,id02057
6377874,6378238,364,id02057
6378238,6378556,318,id02057
6378556,6379278,722,id02057
6379278,6379954,676,id02057
6379954,6380538,584,id02057
6380538,6381071,533,id02057
6381071,6381476,405,id02057
6381476,6381866,390,id02057
6381866,6382338,472,id02057
6382338,6383209,871,id02057
6383209,6383563,354,id02057
6383563,6383958,395,id02057
6383958,6384665,707,id02057
6384665,6385055,390,id02057
6385055,6385521,466,id02057
6385521,6385859,338,id02057
6385859,6386238,379,id02057
6386238,6387088,850,id02057
6387088,6388005,917,id02057
6388005,6388384,379,id02057
6388384,6388728,344,id02057
6388728,6389486,758,id02057
6389486,6389804,318,id02057
6389804,6390204,400,id02057
6390204,6390650,446,id02057
6390650,6390994,344,id02086
6390994,6391317,323,id02086
6391317,6391742,425,id02086
6391742,6392388,646,id02086
6392388,6392788,400,id02086
6392788,6393219,431,id02086
6393219,6393737,518,id02086
6393737,6394060,323,id02086
6394060,6395207,1147,id02086
6395207,6395597,390,id02086
6395597,6396033,436,id02086
6396033,6396832,799,id02086
6396832,6397263,431,id02086
6397263,6397581,318,id02086
6397581,6397945,364,id02086
6397945,6398350,405,id02086
6398350,6398745,395,id02086
6398745,6399314,569,id02086
6399314,6399837,523,id02086
6399837,6400165,328,id02086
6400165,6400498,333,id02086
6400498,6401016,518,id02086
6401016,6401436,420,id02086
6401436,6401892,456,id02086
6401892,6402573,681,id02086
6402573,6404565,1992,id02086
6404565,6405216,651,id02086
6405216,6405841,625,id02086
6405841,6407449,1608,id02086
6407449,6407777,328,id02086
6407777,6409221,1444,id02086
6409221,6410051,830,id02086
6410051,6411767,1716,id02086
6411767,6412715,948,id02086
6412715,6413299,584,id02086
6413299,6413919,620,id02086
6413919,6414498,579,id02086
6414498,6415220,722,id02086
6415220,6415548,328,id02086
6415548,6415917,369,id02086
6415917,6416696,779,id02086
6416696,6417024,328,id02086
6417024,6417839,815,id02086
6417839,6418587,748,id02086
6418587,6419192,605,id02086
6419192,6419541,349,id02086
6419541,6419895,354,id02086
6419895,6420761,866,id02086
6420761,6421115,354,id02086
6421115,6421996,881,id02086
6421996,6422831,835,id02086
6422831,6423303,472,id02086
6423303,6424148,845,id02086
6424148,6424466,318,id02086
6424466,6424804,338,id02086
6424804,6425148,344,id02086
6425148,6425548,400,id02086
6425548,6425933,385,id02086
6425933,6426635,702,id02086
6426635,6427173,538,id02086
6427173,6427578,405,id02086
6427578,6428587,1009,id02086
6428587,6429166,579,id02086
6429166,6429504,338,id02086
6429504,6430406,902,id02086
6430406,6430990,584,id02086
6430990,6431805,815,id02086
6431805,6432159,354,id02086
6432159,6432615,456,id02086
6432615,6432948,333,id02086
6432948,6433635,687,id02086
6433635,6434869,1234,id02086
6434869,6435233,364,id02086
6435233,6436319,1086,id02086
6436319,6437466,1147,id02086
6437466,6437881,415,id02086
6437881,6438209,328,id02086
6438209,6438998,789,id02086
6438998,6439572,574,id02086
6439572,6439890,318,id02086
6439890,6440249,359,id02086
6440249,6440639,390,id02086
6440639,6440957,318,id02086
6440957,6441674,717,id02086
6441674,6442217,543,id02086
6442217,6442632,415,id02086
6442632,6443278,646,id02086
6443278,6444128,850,id02086
6444128,6444625,497,id02086
6444625,6445450,825,id02086
6445450,6446147,697,id02086
6446147,6446501,354,id02086
6446501,6446824,323,id02086
6446824,6447255,431,id02086
6447255,6447952,697,id02086
6447952,6448674,722,id02086
6448674,6449094,420,id02086
6449094,6449412,318,id02086
6449412,6449858,446,id02086
6449858,6450391,533,id02086
6450391,6450863,472,id02086
6450863,6451678,815,id02086
6451678,6452144,466,id02086
6452144,6452518,374,id02086
6452518,6452908,390,id02086
6452908,6453538,630,id02086
6453538,6453933,395,id02086
6453933,6454558,625,id02086
6454558,6454917,359,id02086
6454917,6455281,364,id02086
6455281,6455855,574,id02086
6455855,6456347,492,id02086
6456347,6457510,1163,id02086
6457510,6458156,646,id02086
6458156,6458945,789,id02086
6458945,6459309,364,id02086
6459309,6459801,492,id02086
6459801,6460349,548,id02086
6460349,6461445,1096,id02086
6461445,6461886,441,id02086
6461886,6462255,369,id02086
6462255,6462588,333,id02086
6462588,6462906,318,id02086
6462906,6463378,472,id02086
6463378,6464013,635,id02086
6464013,6464500,487,id02086
6464500,6464931,431,id02086
6464931,6465249,318,id02086
6465249,6465772,523,id02086
6465772,6466213,441,id02086
6466213,6466782,569,id02086
6466782,6467238,456,id02086
6467238,6467710,472,id02086
6467710,6468069,359,id02086
6468069,6468617,548,id02086
6468617,6468986,369,id02086
6468986,6469309,323,id02086
6469309,6469704,395,id02086
6469704,6470826,1122,id02086
6470826,6472465,1639,id02086
6472465,6474519,2054,id02086
6474519,6474975,456,id02086
6474975,6476107,1132,id02086
6476107,6477997,1890,id02086
6477997,6478648,651,id02086
6478648,6479283,635,id02086
6479283,6479601,318,id02086
6479601,6480190,589,id02086
6480190,6480656,466,id02086
6480656,6481071,415,id02086
6481071,6481512,441,id02086
6481512,6482004,492,id02086
6482004,6482337,333,id02086
6482337,6483259,922,id02086
6483259,6483889,630,id02086
6483889,6484396,507,id02086
6484396,6485287,891,id02086
6485287,6487090,1803,id02086
6487090,6487618,528,id02086
6487618,6488274,656,id02086
6488274,6488664,390,id02086
6488664,6488987,323,id02086
6488987,6489361,374,id02086
6489361,6489735,374,id02086
6489735,6490283,548,id02086
6490283,6490601,318,id02086
6490601,6491175,574,id02086
6491175,6491570,395,id02086
6491570,6492374,804,id02086
6492374,6492697,323,id02086
6492697,6493179,482,id02086
6493179,6493809,630,id02086
6493809,6494183,374,id02086
6494183,6494701,518,id02086
6494701,6496094,1393,id02086
6496094,6496438,344,id02086
6496438,6496945,507,id02086
6496945,6497360,415,id02086
6497360,6498006,646,id02086
6498006,6498334,328,id02086
6498334,6498928,594,id02086
6498928,6501181,2253,id02086
6501181,6503199,2018,id02086
6503199,6503727,528,id02086
6503727,6504480,753,id02086
6504480,6506170,1690,id02086
6506170,6507737,1567,id02086
6507737,6509463,1726,id02086
6509463,6509873,410,id02086
6509873,6510514,641,id02086
6510514,6511216,702,id02086
6511216,6513300,2084,id02086
6513300,6514002,702,id02086
6514002,6516112,2110,id02086
6516112,6516430,318,id02086
6516430,6517050,620,id02086
6517050,6517450,400,id02086
6517450,6517932,482,id02086
6517932,6518567,635,id02086
6518567,6519023,456,id02086
6519023,6519356,333,id02086
6519356,6519925,569,id02086
6519925,6520381,456,id02086
6520381,6520714,333,id02086
6520714,6521093,379,id02086
6521093,6521452,359,id02086
6521452,6521857,405,id02086
6521857,6522329,472,id02086
6522329,6522662,333,id02086
6522662,6523451,789,id02086
6523451,6523789,338,id02086
6523789,6524117,328,id02086
6524117,6524594,477,id02086
6524594,6524912,318,id02086
6524912,6525312,400,id02086
6525312,6525676,364,id02086
6525676,6526035,359,id02086
6526035,6526804,769,id02086
6526804,6528694,1890,id02086
6528694,6529140,446,id02086
6529140,6529494,354,id02086
6529494,6529899,405,id02086
6529899,6530243,344,id02086
6530243,6530786,543,id02086
6530786,6531114,328,id02086
6531114,6531493,379,id02086
6531493,6532062,569,id02086
6532062,6532390,328,id02086
6532390,6533957,1567,id02086
6533957,6534807,850,id02086
6534807,6535432,625,id02086
6535432,6536385,953,id02086
6536385,6536718,333,id02086
6536718,6537123,405,id02086
6537123,6538460,1337,id02086
6538460,6538957,497,id02086
6538957,6540043,1086,id02086
6540043,6540479,436,id02086
6540479,6541038,559,id02086
6541038,6541750,712,id02086
6541750,6542160,410,id02086
6542160,6543016,856,id02086
6543016,6543334,318,id02086
6543334,6545096,1762,id02086
6545096,6545414,318,id02086
6545414,6546121,707,id02086
6546121,6546823,702,id02086
6546823,6547259,436,id02086
6547259,6548063,804,id02086
6548063,6548893,830,id02086
6548893,6549441,548,id02086
6549441,6550675,1234,id02086
6550675,6551121,446,id02086
6551121,6551705,584,id02086
6551705,6552074,369,id02086
6552074,6552561,487,id02086
6552561,6553043,482,id02086
6553043,6553909,866,id02086
6553909,6554529,620,id02086
6554529,6555446,917,id02086
6555446,6555836,390,id02086
6555836,6556180,344,id02086
6556180,6556570,390,id02086
6556570,6556990,420,id02086
6556990,6557308,318,id02086
6557308,6558773,1465,id02086
6558773,6559163,390,id02086
6559163,6561468,2305,id02086
6561468,6561796,328,id02086
6561796,6562349,553,id02086
6562349,6563138,789,id02086
6563138,6563681,543,id02086
6563681,6564199,518,id02086
6564199,6564804,605,id02086
6564804,6565168,364,id02086
6565168,6565696,528,id02086
6565696,6566070,374,id02086
6566070,6566465,395,id02086
6566465,6567177,712,id02086
6567177,6567797,620,id02086
6567797,6568284,487,id02086
6568284,6568602,318,id02086
6568602,6569043,441,id02086
6569043,6569361,318,id02086
6569361,6570273,912,id02086
6570273,6570791,518,id02086
6570791,6571283,492,id02086
6571283,6571913,630,id02086
6571913,6572431,518,id02086
6572431,6572938,507,id02086
6572938,6573471,533,id02086
6573471,6573891,420,id02086
6573891,6574342,451,id02086
6574342,6574808,466,id02086
6574808,6575408,600,id02086
6575408,6575823,415,id02086
6575823,6576156,333,id02086
6576156,6577165,1009,id02086
6577165,6577637,472,id02086
6577637,6578042,405,id02086
6578042,6578508,466,id02086
6578508,6578939,431,id02086
6578939,6579600,661,id02086
6579600,6579969,369,id02086
6579969,6580389,420,id02086
6580389,6580814,425,id02086
6580814,6581147,333,id02086
6581147,6582090,943,id02086
6582090,6582664,574,id02086
6582664,6583305,641,id02086
6583305,6583838,533,id02086
6583838,6584427,589,id02086
6584427,6585165,738,id02086
6585165,6585928,763,id02086
6585928,6586487,559,id02086
6586487,6587404,917,id02086
6587404,6587804,400,id02086
6587804,6588337,533,id02086
6588337,6588742,405,id02086
6588742,6589500,758,id02086
6589500,6590381,881,id02086
6590381,6590975,594,id02086
6590975,6592788,1813,id02086
6592788,6593459,671,id02086
6593459,6594386,927,id02086
6594386,6594929,543,id02086
6594929,6595754,825,id02086
6595754,6596942,1188,id02086
6596942,6597337,395,id02086
6597337,6597972,635,id02086
6597972,6598623,651,id02086
6598623,6598967,344,id02086
6598967,6599848,881,id02086
6599848,6600524,676,id02086
6600524,6601124,600,id02086
6601124,6602031,907,id02086
6602031,6602416,385,id02086
6602416,6602975,559,id02086
6602975,6603528,553,id02086
6603528,6604307,779,id02086
6604307,6604743,436,id02086
6604743,6605199,456,id02086
6605199,6605875,676,id02086
6605875,6606444,569,id02086
6606444,6606864,420,id02086
6606864,6607602,738,id02086
6607602,6608166,564,id02086
6608166,6608863,697,id02086
6608863,6609232,369,id02086
6609232,6609837,605,id02086
6609837,6610339,502,id02086
6610339,6610918,579,id02086
6610918,6611482,564,id02086
6611482,6612291,809,id02086
6612291,6613321,1030,id02086
6613321,6614514,1193,id02086
6614514,6615078,564,id02086
6615078,6615964,886,id02086
6615964,6616635,671,id02086
6616635,6617245,610,id02086
6617245,6618029,784,id02086
6618029,6618680,651,id02086
6618680,6619018,338,id02086
6619018,6619362,344,id02086
6619362,6620049,687,id02086
6620049,6620521,472,id02086
6620521,6620849,328,id02086
6620849,6621500,651,id02086
6621500,6622135,635,id02086
6622135,6622560,425,id02086
6622560,6623149,589,id02086
6623149,6623508,359,id02086
6623508,6623898,390,id02086
6623898,6624293,395,id02086
6624293,6624672,379,id02086
6624672,6625062,390,id02086
6625062,6625605,543,id02086
6625605,6626148,543,id02086
6626148,6626794,646,id02086
6626794,6627501,707,id02086
6627501,6628198,697,id02086
6628198,6628664,466,id02086
6628664,6629018,354,id02086
6629018,6629582,564,id02086
6629582,6631226,1644,id02086
6631226,6631744,518,id02086
6631744,6632661,917,id02086
6632661,6633168,507,id02086
6633168,6633901,733,id02086
6633901,6634245,344,id02086
6634245,6634819,574,id02086
6634819,6635792,973,id02086
6635792,6636299,507,id02086
6636299,6636750,451,id02086
6636750,6640601,3851,id02086
6640601,6641462,861,id02086
6641462,6642072,610,id02086
6642072,6642922,850,id02086
6642922,6643255,333,id02086
6643255,6645769,2514,id02086
6645769,6646184,415,id02086
6646184,6646937,753,id02086
6646937,6647629,692,id02086
6647629,6648387,758,id02086
6648387,6650292,1905,id02086
6650292,6650902,610,id02086
6650902,6652188,1286,id02086
6652188,6652516,328,id02086
6652516,6652870,354,id02086
6652870,6653214,344,id02086
6653214,6654269,1055,id02086
6654269,6654648,379,id02086
6654648,6655350,702,id02086
6655350,6655678,328,id02086
6655678,6656016,338,id02086
6656016,6656334,318,id02086
6656334,6656826,492,id02086
6656826,6657257,431,id02086
6657257,6657621,364,id02086
6657621,6658692,1071,id02086
6658692,6659061,369,id02086
6659061,6659625,564,id02086
6659625,6659974,349,id02086
6659974,6660415,441,id02086
6660415,6660733,318,id02086
6660733,6661128,395,id02086
6661128,6662137,1009,id02086
6662137,6662491,354,id02086
6662491,6662835,344,id02086
6662835,6663168,333,id02086
6663168,6663506,338,id02086
6663506,6663957,451,id02086
6663957,6664352,395,id02086
6664352,6664685,333,id02086
6664685,6665070,385,id02086
6665070,6665583,513,id02086
6665583,6665952,369,id02086
6665952,6666270,318,id02086
6666270,6666665,395,id02086
6666665,6666998,333,id02086
6666998,6667336,338,id02086
6667336,6667680,344,id02086
6667680,6669048,1368,id02086
6669048,6669770,722,id02086
6669770,6670805,1035,id02086
6670805,6671195,390,id02086
6671195,6674088,2893,id02086
6674088,6674534,446,id02086
6674534,6675431,897,id02086
6675431,6676461,1030,id02086
6676461,6676902,441,id02086
6676902,6677240,338,id02086
6677240,6677845,605,id02086
6677845,6679576,1731,id02086
6679576,6679930,354,id02086
6679930,6680596,666,id02086
6680596,6681308,712,id02086
6681308,6681856,548,id02086
6681856,6683152,1296,id02086
6683152,6683752,600,id02086
6683752,6684085,333,id02086
6684085,6684490,405,id02086
6684490,6685059,569,id02086
6685059,6685459,400,id02086
6685459,6685777,318,id02086
6685777,6686330,553,id02086
6686330,6686740,410,id02086
6686740,6687283,543,id02086
6687283,6688113,830,id02086
6688113,6688559,446,id02086
6688559,6688877,318,id02086
6688877,6689799,922,id02086
6689799,6690219,420,id02086
6690219,6690547,328,id02086
6690547,6691013,466,id02086
6691013,6691433,420,id02086
6691433,6691818,385,id02086
6691818,6692228,410,id02086
6692228,6692556,328,id02086
6692556,6692966,410,id02086
6692966,6693294,328,id02086
6693294,6694057,763,id02086
6694057,6694457,400,id02086
6694457,6694990,533,id02086
6694990,6695574,584,id02086
6695574,6696148,574,id02086
6696148,6697039,891,id02086
6697039,6697710,671,id02086
6697710,6698356,646,id02086
6698356,6698930,574,id02086
6698930,6699514,584,id02086
6699514,6700047,533,id02086
6700047,6701118,1071,id02086
6701118,6701718,600,id02086
6701718,6702271,553,id02086
6702271,6702625,354,id02086
6702625,6703214,589,id02086
6703214,6703977,763,id02086
6703977,6704725,748,id02086
6704725,6705156,431,id02181
6705156,6705515,359,id02181
6705515,6705833,318,id02181
6705833,6706182,349,id02181
6706182,6706551,369,id02181
6706551,6707110,559,id02181
6707110,6707443,333,id02181
6707443,6707817,374,id02181
6707817,6708550,733,id02181
6708550,6708924,374,id02181
6708924,6709242,318,id02181
6709242,6709749,507,id02181
6709749,6710246,497,id02181
6710246,6711998,1752,id02181
6711998,6712854,856,id02181
6712854,6713326,472,id02181
6713326,6713680,354,id02181
6713680,6714336,656,id02181
6714336,6714833,497,id02181
6714833,6715207,374,id02181
6715207,6717670,2463,id02181
6717670,6718111,441,id02181
6718111,6718839,728,id02181
6718839,6719756,917,id02181
6719756,6720417,661,id02181
6720417,6721273,856,id02181
6721273,6721739,466,id02181
6721739,6722292,553,id02181
6722292,6722717,425,id02181
6722717,6723107,390,id02181
6723107,6723538,431,id02181
6723538,6724025,487,id02181
6724025,6724568,543,id02181
6724568,6725075,507,id02181
6725075,6725654,579,id02181
6725654,6726079,425,id02181
6726079,6726566,487,id02181
6726566,6727186,620,id02181
6727186,6727509,323,id02181
6727509,6727878,369,id02181
6727878,6728667,789,id02181
6728667,6729686,1019,id02181
6729686,6730690,1004,id02181
6730690,6731720,1030,id02181
6731720,6732263,543,id02181
6732263,6732735,472,id02181
6732735,6733130,395,id02181
6733130,6733571,441,id02181
6733571,6734094,523,id02181
6734094,6734509,415,id02181
6734509,6735293,784,id02181
6735293,6735621,328,id02181
6735621,6735990,369,id02181
6735990,6736421,431,id02181
6736421,6737486,1065,id02181
6737486,6737824,338,id02181
6737824,6738173,349,id02181
6738173,6738552,379,id02181
6738552,6738983,431,id02181
6738983,6739316,333,id02181
6739316,6739757,441,id02181
6739757,6740095,338,id02181
6740095,6740664,569,id02181
6740664,6740982,318,id02181
6740982,6741684,702,id02181
6741684,6742309,625,id02181
6742309,6742868,559,id02181
6742868,6743222,354,id02181
6743222,6743560,338,id02181
6743560,6744631,1071,id02181
6744631,6745584,953,id02181
6745584,6746327,743,id02181
6746327,6747039,712,id02181
6747039,6747388,349,id02181
6747388,6747844,456,id02181
6747844,6748310,466,id02181
6748310,6748735,425,id02181
6748735,6749166,431,id02181
6749166,6749556,390,id02181
6749556,6749879,323,id02181
6749879,6750509,630,id02181
6750509,6751150,641,id02181
6751150,6751780,630,id02181
6751780,6752277,497,id02181
6752277,6753204,927,id02181
6753204,6753522,318,id02181
6753522,6753860,338,id02181
6753860,6756917,3057,id02181
6756917,6757511,594,id02181
6757511,6758059,548,id02181
6758059,6759703,1644,id02181
6759703,6760190,487,id02181
6760190,6760697,507,id02181
6760697,6761082,385,id02181
6761082,6761810,728,id02181
6761810,6763055,1245,id02181
6763055,6763777,722,id02181
6763777,6764366,589,id02181
6764366,6765181,815,id02181
6765181,6765694,513,id02181
6765694,6766048,354,id02181
6766048,6766745,697,id02181
6766745,6767498,753,id02181
6767498,6768098,600,id02181
6768098,6768462,364,id02181
6768462,6769133,671,id02181
6769133,6769528,395,id02181
6769528,6770041,513,id02181
6770041,6770518,477,id02181
6770518,6771133,615,id02181
6771133,6771825,692,id02181
6771825,6772368,543,id02181
6772368,6773039,671,id02181
6773039,6773398,359,id02181
6773398,6773926,528,id02181
6773926,6774945,1019,id02181
6774945,6775350,405,id02181
6775350,6775975,625,id02181
6775975,6776544,569,id02181
6776544,6777051,507,id02181
6777051,6777886,835,id02181
6777886,6778240,354,id02181
6778240,6780396,2156,id02181
6780396,6780868,472,id02181
6780868,6781493,625,id02181
6781493,6782267,774,id02181
6782267,6782631,364,id02181
6782631,6783435,804,id02181
6783435,6784229,794,id02181
6784229,6784946,717,id02181
6784946,6785341,395,id02181
6785341,6785741,400,id02181
6785741,6786453,712,id02181
6786453,6789444,2991,id02181
6789444,6790259,815,id02181
6790259,6791278,1019,id02181
6791278,6792333,1055,id02181
6792333,6793137,804,id02181
6793137,6794100,963,id02181
6794100,6794648,548,id02181
6794648,6794971,323,id02181
6794971,6795530,559,id02181
6795530,6795884,354,id02181
6795884,6796248,364,id02181
6796248,6796602,354,id02181
6796602,6797468,866,id02181
6797468,6797822,354,id02181
6797822,6798683,861,id02181
6798683,6799047,364,id02181
6799047,6799529,482,id02286
6799529,6799960,431,id02286
6799960,6800391,431,id02286
6800391,6801195,804,id02286
6801195,6801559,364,id02286
6801559,6802169,610,id02286
6802169,6802646,477,id02286
6802646,6802979,333,id02286
6802979,6803302,323,id02286
6803302,6803630,328,id02286
6803630,6804035,405,id02286
6804035,6804691,656,id02286
6804691,6805055,364,id02286
6805055,6805547,492,id02286
6805547,6805865,318,id02286
6805865,6806321,456,id02286
6806321,6806793,472,id02286
6806793,6807121,328,id02286
6807121,6807762,641,id02286
6807762,6808100,338,id02286
6808100,6808715,615,id02286
6808715,6809033,318,id02286
6809033,6809443,410,id02286
6809443,6809761,318,id02286
6809761,6810146,385,id02286
6810146,6810684,538,id02286
6810684,6811273,589,id02286
6811273,6811673,400,id02286
6811673,6812196,523,id02286
6812196,6813400,1204,id02286
6813400,6813805,405,id02286
6813805,6814215,410,id02286
6814215,6814635,420,id02286
6814635,6814979,344,id02286
6814979,6815543,564,id02286
6815543,6816143,600,id02286
6816143,6816814,671,id02286
6816814,6817373,559,id02286
6817373,6818003,630,id02286
6818003,6818418,415,id02286
6818418,6818762,344,id02286
6818762,6819367,605,id02286
6819367,6819690,323,id02286
6819690,6820310,620,id02286
6820310,6820643,333,id02286
6820643,6821007,364,id02286
6821007,6821422,415,id02286
6821422,6821970,548,id02286
6821970,6822390,420,id02286
6822390,6822810,420,id02286
6822810,6823215,405,id02286
6823215,6824117,902,id02286
6824117,6824435,318,id02286
6824435,6824773,338,id02286
6824773,6825844,1071,id02286
6825844,6826177,333,id02286
6826177,6826618,441,id02286
6826618,6826946,328,id02286
6826946,6827730,784,id02286
6827730,6828176,446,id02286
6828176,6828601,425,id02286
6828601,6828996,395,id02286
6828996,6829478,482,id02286
6829478,6829914,436,id02286
6829914,6830304,390,id02286
6830304,6830745,441,id02286
6830745,6831089,344,id02286
6831089,6831468,379,id02286
6831468,6831883,415,id02286
6831883,6832293,410,id02286
6832293,6832729,436,id02286
6832729,6833370,641,id02286
6833370,6833816,446,id02286
6833816,6834544,728,id02286
6834544,6835128,584,id02286
6835128,6835584,456,id02286
6835584,6835963,379,id02286
6835963,6836301,338,id02286
6836301,6837873,1572,id02286
6837873,6838467,594,id02286
6838467,6839236,769,id02286
6839236,6839564,328,id02286
6839564,6839995,431,id02286
6839995,6840569,574,id02286
6840569,6842029,1460,id02286
6842029,6842511,482,id02286
6842511,6843152,641,id02286
6843152,6844683,1531,id02286
6844683,6845754,1071,id02286
6845754,6846246,492,id02286
6846246,6846692,446,id02286
6846692,6847066,374,id02286
6847066,6847829,763,id02286
6847829,6848193,364,id02286
6848193,6849376,1183,id02286
6849376,6850011,635,id02286
6850011,6850467,456,id02286
6850467,6851287,820,id02286
6851287,6851820,533,id02286
6851820,6852143,323,id02286
6852143,6852799,656,id02286
6852799,6853122,323,id02286
6853122,6853450,328,id02286
6853450,6854039,589,id02286
6854039,6855581,1542,id02286
6855581,6856078,497,id02286
6856078,6857876,1798,id02286
6857876,6858373,497,id02286
6858373,6858870,497,id02286
6858870,6859316,446,id02286
6859316,6860248,932,id02286
6860248,6860894,646,id02286
6860894,6862221,1327,id02286
6862221,6862549,328,id02286
6862549,6863072,523,id02286
6863072,6863421,349,id02286
6863421,6863857,436,id02286
6863857,6864830,973,id02286
6864830,6865435,605,id02286
6865435,6865978,543,id02286
6865978,6866491,513,id02286
6866491,6867859,1368,id02286
6867859,6868187,328,id02286
6868187,6868715,528,id02286
6868715,6869688,973,id02286
6869688,6870298,610,id02286
6870298,6870693,395,id02286
6870693,6871226,533,id02286
6871226,6871641,415,id02286
6871641,6872005,364,id02286
6872005,6872395,390,id02286
6872395,6872954,559,id02286
6872954,6873922,968,id02286
6873922,6874511,589,id02286
6874511,6874880,369,id02286
6874880,6875265,385,id02286
6875265,6875813,548,id02286
6875813,6876172,359,id02286
6876172,6876536,364,id02286
6876536,6876997,461,id02286
6876997,6877412,415,id02286
6877412,6877750,338,id02286
6877750,6878385,635,id02286
6878385,6879860,1475,id02286
6879860,6880808,948,id02286
6880808,6881162,354,id02286
6881162,6881987,825,id02286
6881987,6882479,492,id02286
6882479,6883345,866,id02286
6883345,6884288,943,id02286
6884288,6885087,799,id02286
6885087,6886465,1378,id02286
6886465,6887536,1071,id02286
6887536,6888079,543,id02286
6888079,6888551,472,id02286
6888551,6888992,441,id02286
6888992,6889310,318,id02286
6889310,6889920,610,id02286
6889920,6890438,518,id02286
6890438,6890991,553,id02286
6890991,6892246,1255,id02286
6892246,6892922,676,id02286
6892922,6894750,1828,id02286
6894750,6895114,364,id02286
6895114,6895565,451,id02286
6895565,6895893,328,id02286
6895893,6896221,328,id02286
6896221,6896682,461,id02286
6896682,6898085,1403,id02317
6898085,6900523,2438,id02317
6900523,6901184,661,id02317
6901184,6901640,456,id02317
6901640,6902234,594,id02317
6902234,6902552,318,id02317
6902552,6905788,3236,id02317
6905788,6906193,405,id02317
6906193,6909373,3180,id02317
6909373,6909824,451,id02317
6909824,6910408,584,id02317
6910408,6911161,753,id02317
6911161,6911566,405,id02317
6911566,6912242,676,id02317
6912242,6912831,589,id02317
6912831,6913692,861,id02317
6913692,6914020,328,id02317
6914020,6914492,472,id02317
6914492,6914907,415,id02317
6914907,6915307,400,id02317
6915307,6916122,815,id02317
6916122,6916573,451,id02317
6916573,6916932,359,id02317
6916932,6917301,369,id02317
6917301,6917619,318,id02317
6917619,6918751,1132,id02317
6918751,6919929,1178,id02317
6919929,6920283,354,id02317
6920283,6921277,994,id02317
6921277,6921759,482,id02317
6921759,6922481,722,id02317
6922481,6923014,533,id02317
6923014,6923798,784,id02317
6923798,6924157,359,id02317
6924157,6926559,2402,id02317
6926559,6927988,1429,id02317
6927988,6928362,374,id02317
6928362,6930713,2351,id02317
6930713,6931246,533,id02317
6931246,6933167,1921,id02317
6933167,6934622,1455,id02317
6934622,6935001,379,id02317
6935001,6935380,379,id02317
6935380,6936118,738,id02317
6936118,6936513,395,id02317
6936513,6936969,456,id02317
6936969,6937461,492,id02317
6937461,6937810,349,id02317
6937810,6938164,354,id02317
6938164,6938610,446,id02317
6938610,6939507,897,id02317
6939507,6940229,722,id02317
6940229,6940660,431,id02317
6940660,6941321,661,id02317
6941321,6943201,1880,id02317
6943201,6943560,359,id02317
6943560,6944042,482,id02317
6944042,6944467,425,id02317
6944467,6944964,497,id02317
6944964,6945436,472,id02317
6945436,6945795,359,id02317
6945795,6946174,379,id02317
6946174,6946676,502,id02317
6946676,6946999,323,id02317
6946999,6948044,1045,id02317
6948044,6948434,390,id02317
6948434,6949254,820,id02317
6949254,6949787,533,id02317
6949787,6950755,968,id02317
6950755,6951314,559,id02317
6951314,6952257,943,id02317
6952257,6952867,610,id02317
6952867,6953579,712,id02317
6953579,6954301,722,id02317
6954301,6954844,543,id02317
6954844,6956411,1567,id02317
6956411,6957236,825,id02317
6957236,6957554,318,id02317
6957554,6958113,559,id02317
6958113,6958441,328,id02317
6958441,6960756,2315,id02317
6960756,6961837,1081,id02317
6961837,6962155,318,id02317
6962155,6962601,446,id02317
6962601,6963190,589,id02317
6963190,6963554,364,id02317
6963554,6965280,1726,id02317
6965280,6965721,441,id02317
6965721,6966986,1265,id02317
6966986,6969173,2187,id02317
6969173,6970474,1301,id02317
6970474,6970818,344,id02317
6970818,6971520,702,id02317
6971520,6972022,502,id02317
6972022,6972903,881,id02317
6972903,6973503,600,id02317
6973503,6974179,676,id02317
6974179,6974630,451,id02317
6974630,6975521,891,id02317
6975521,6976935,1414,id02317
6976935,6977391,456,id02317
6977391,6978211,820,id02317
6978211,6978575,364,id02317
6978575,6979323,748,id02317
6979323,6980429,1106,id02317
6980429,6980870,441,id02317
6980870,6982842,1972,id02317
6982842,6984184,1342,id02317
6984184,6985628,1444,id02317
6985628,6986263,635,id02317
6986263,6987308,1045,id02317
6987308,6988983,1675,id02317
6988983,6990776,1793,id02317
6990776,6991744,968,id02317
6991744,6992292,548,id02317
6992292,6992886,594,id02317
6992886,6994366,1480,id02317
6994366,6995257,891,id02317
6995257,6997106,1849,id02317
6997106,6997854,748,id02317
6997854,6999631,1777,id02317
6999631,7000051,420,id02317
7000051,7000615,564,id02317
7000615,7001496,881,id02317
7001496,7002029,533,id02317
7002029,7002362,333,id02317
7002362,7002880,518,id02317
7002880,7003444,564,id02317
7003444,7004095,651,id02317
7004095,7004536,441,id02317
7004536,7006400,1864,id02317
7006400,7007609,1209,id02317
7007609,7008173,564,id02317
7008173,7008588,415,id02317
7008588,7009213,625,id02317
7009213,7009746,533,id02317
7009746,7010095,349,id02317
7010095,7011053,958,id02317
7011053,7012344,1291,id02317
7012344,7012816,472,id02317
7012816,7013170,354,id02317
7013170,7013611,441,id02317
7013611,7014323,712,id02317
7014323,7014866,543,id02317
7014866,7015747,881,id02317
7015747,7016152,405,id02317
7016152,7016475,323,id02317
7016475,7017146,671,id02317
7017146,7018037,891,id02317
7018037,7018887,850,id02317
7018887,7019231,344,id02317
7019231,7020107,876,id02317
7020107,7020430,323,id02317
7020430,7021470,1040,id02317
7021470,7021952,482,id02317
7021952,7022311,359,id02317
7022311,7022685,374,id02317
7022685,7023064,379,id02317
7023064,7023469,405,id02317
7023469,7023864,395,id02317
7023864,7024730,866,id02317
7024730,7025545,815,id02317
7025545,7026027,482,id02317
7026027,7026790,763,id02317
7026790,7028030,1240,id02317
7028030,7030729,2699,id02317
7030729,7031457,728,id02317
7031457,7032686,1229,id02317
7032686,7033127,441,id02317
7033127,7033455,328,id02317
7033455,7033804,349,id02317
7033804,7036631,2827,id02317
7036631,7037072,441,id02317
7037072,7037928,856,id02317
7037928,7038891,963,id02317
7038891,7039834,943,id02317
7039834,7040434,600,id02317
7040434,7040829,395,id02317
7040829,7041372,543,id02317
7041372,7042350,978,id02317
7042350,7044076,1726,id02317
7044076,7044420,344,id02317
7044420,7045690,1270,id02317
7045690,7046167,477,id02317
7046167,7046848,681,id02317
7046848,7047826,978,id02317
7047826,7048748,922,id02317
7048748,7049235,487,id02317
7049235,7050659,1424,id02317
7050659,7052759,2100,id02317
7052759,7053471,712,id02317
7053471,7055514,2043,id02317
7055514,7055980,466,id02317
7055980,7056856,876,id02317
7056856,7057942,1086,id02317
7057942,7059448,1506,id02317
7059448,7059766,318,id02317
7059766,7060125,359,id02317
7060125,7062117,1992,id02317
7062117,7062609,492,id02317
7062609,7063920,1311,id02317
7063920,7064392,472,id02317
7064392,7065345,953,id02317
7065345,7066211,866,id02317
7066211,7066744,533,id02317
7066744,7067134,390,id02317
7067134,7067990,856,id02317
7067990,7069921,1931,id02317
7069921,7070352,431,id02317
7070352,7070854,502,id02317
7070854,7071582,728,id02317
7071582,7074178,2596,id02317
7074178,7075464,1286,id02317
7075464,7076125,661,id02317
7076125,7077585,1460,id02317
7077585,7078748,1163,id02317
7078748,7079163,415,id02317
7079163,7080326,1163,id02317
7080326,7081274,948,id02317
7081274,7082068,794,id02317
7082068,7082473,405,id02317
7082473,7082965,492,id02317
7082965,7083600,635,id02317
7083600,7083959,359,id02317
7083959,7084656,697,id02317
7084656,7085035,379,id02317
7085035,7085696,661,id02317
7085696,7086229,533,id02317
7086229,7086649,420,id02317
7086649,7087223,574,id02317
7087223,7088012,789,id02317
7088012,7088391,379,id02317
7088391,7089759,1368,id02317
7089759,7090415,656,id02317
7090415,7090948,533,id02317
7090948,7092157,1209,id02317
7092157,7092680,523,id02317
7092680,7093802,1122,id02317
7093802,7094852,1050,id02317
7094852,7095395,543,id02317
7095395,7095733,338,id02317
7095733,7096061,328,id02317
7096061,7096543,482,id02317
7096543,7097358,815,id02317
7097358,7097891,533,id02317
7097891,7098209,318,id02317
7098209,7098839,630,id02317
7098839,7099884,1045,id02317
7099884,7100397,513,id02317
7100397,7100725,328,id02317
7100725,7101350,625,id02317
7101350,7101832,482,id02317
7101832,7102201,369,id02317
7102201,7102570,369,id02317
7102570,7103144,574,id02317
7103144,7104240,1096,id02317
7104240,7104793,553,id02317
7104793,7106191,1398,id02317
7106191,7107400,1209,id02317
7107400,7108010,610,id02317
7108010,7108686,676,id02317
7108686,7109014,328,id02317
7109014,7109680,666,id02317
7109680,7110024,344,id02317
7110024,7110373,349,id02317
7110373,7110983,610,id02317
7110983,7112089,1106,id02317
7112089,7112407,318,id02317
7112407,7114092,1685,id02317
7114092,7115757,1665,id02317
7115757,7116925,1168,id02317
7116925,7117832,907,id02317
7117832,7119399,1567,id02317
7119399,7119737,338,id02317
7119737,7120260,523,id02317
7120260,7120614,354,id02317
7120614,7120968,354,id02317
7120968,7121665,697,id02317
7121665,7122618,953,id02317
7122618,7123171,553,id02317
7123171,7123545,374,id02317
7123545,7124155,610,id02317
7124155,7124678,523,id02317
7124678,7125288,610,id02317
7125288,7125811,523,id02317
7125811,7127240,1429,id02317
7127240,7128131,891,id02317
7128131,7129084,953,id02317
7129084,7129899,815,id02317
7129899,7130243,344,id02317
7130243,7133991,3748,id02317
7133991,7134396,405,id02317
7134396,7135492,1096,id02317
7135492,7136880,1388,id02317
7136880,7137326,446,id02317
7137326,7138166,840,id02317
7138166,7139431,1265,id02317
7139431,7140092,661,id02317
7140092,7140512,420,id02317
7140512,7141931,1419,id02317
7141931,7142285,354,id02317
7142285,7142654,369,id02317
7142654,7143213,559,id02317
7143213,7143700,487,id02317
7143700,7144223,523,id02317
7144223,7144730,507,id02317
7144730,7145324,594,id02317
7145324,7145765,441,id02317
7145765,7146231,466,id02317
7146231,7146769,538,id02317
7146769,7147102,333,id02317
7147102,7147563,461,id02317
7147563,7147896,333,id02317
7147896,7148634,738,id02317
7148634,7149362,728,id02317
7149362,7149685,323,id02317
7149685,7150151,466,id02317
7150151,7150822,671,id02317
7150822,7151191,369,id02317
7151191,7151642,451,id02317
7151642,7154428,2786,id02317
7154428,7155145,717,id02317
7155145,7155806,661,id02317
7155806,7156324,518,id02317
7156324,7156729,405,id02317
7156729,7158158,1429,id02317
7158158,7159520,1362,id02317
7159520,7159940,420,id02317
7159940,7160458,518,id02317
7160458,7161308,850,id02317
7161308,7162251,943,id02317
7162251,7163987,1736,id02317
7163987,7165134,1147,id02317
7165134,7165580,446,id02317
7165580,7166123,543,id02317
7166123,7167598,1475,id02317
7167598,7167936,338,id02317
7167936,7168689,753,id02317
7168689,7169376,687,id02317
7169376,7170057,681,id02317
7170057,7170575,518,id02317
7170575,7171169,594,id02317
7171169,7172603,1434,id02317
7172603,7172936,333,id02317
7172936,7174201,1265,id02317
7174201,7175517,1316,id02317
7175517,7176086,569,id02317
7176086,7176660,574,id02317
7176660,7177193,533,id02317
7177193,7177608,415,id02317
7177608,7177977,369,id02317
7177977,7178372,395,id02317
7178372,7178803,431,id02317
7178803,7179121,318,id02317
7179121,7179541,420,id02317
7179541,7180038,497,id02317
7180038,7180520,482,id02317
7180520,7181079,559,id02317
7181079,7181494,415,id02317
7181494,7181858,364,id02317
7181858,7182483,625,id02317
7182483,7183369,886,id02317
7183369,7183748,379,id02317
7183748,7184588,840,id02317
7184588,7184993,405,id02317
7184993,7185787,794,id02317
7185787,7186504,717,id02317
7186504,7186827,323,id02317
7186827,7187616,789,id02317
7187616,7187934,318,id02317
7187934,7189629,1695,id02317
7189629,7193398,3769,id02317
7193398,7193772,374,id02317
7193772,7194413,641,id02317
7194413,7195340,927,id02317
7195340,7196411,1071,id02317
7196411,7196790,379,id02317
7196790,7197502,712,id02317
7197502,7198532,1030,id02317
7198532,7198917,385,id02317
7198917,7199240,323,id02317
7199240,7199712,472,id02317
7199712,7200102,390,id02317
7200102,7200599,497,id02317
7200599,7201081,482,id02317
7201081,7202418,1337,id02317
7202418,7204011,1593,id02317
7204011,7204672,661,id02317
7204672,7205528,856,id02317
7205528,7206266,738,id02317
7206266,7206615,349,id02317
7206615,7207179,564,id02317
7207179,7208029,850,id02317
7208029,7208495,466,id02317
7208495,7208936,441,id02317
7208936,7209254,318,id02317
7209254,7209746,492,id02317
7209746,7210069,323,id02317
7210069,7210745,676,id02317
7210745,7211237,492,id02317
7211237,7211755,518,id02317
7211755,7212278,523,id02317
7212278,7212632,354,id02317
7212632,7213098,466,id02317
7213098,7213523,425,id02317
7213523,7213877,354,id02317
7213877,7214318,441,id02317
7214318,7215122,804,id02317
7215122,7215655,533,id02317
7215655,7216449,794,id02317
7216449,7217325,876,id02317
7217325,7219194,1869,id02317
7219194,7219712,518,id02317
7219712,7220603,891,id02317
7220603,7221638,1035,id02317
7221638,7222934,1296,id02317
7222934,7223303,369,id02317
7223303,7224763,1460,id02317
7224763,7225235,472,id02317
7225235,7225676,441,id02317
7225676,7226219,543,id02317
7226219,7226619,400,id02317
7226619,7227536,917,id02317
7227536,7228043,507,id02317
7228043,7228668,625,id02317
7228668,7229001,333,id02317
7229001,7230113,1112,id02317
7230113,7230544,431,id02317
7230544,7231016,472,id02317
7231016,7231948,932,id02317
7231948,7232455,507,id02317
7232455,7232773,318,id02317
7232773,7233214,441,id02317
7233214,7233583,369,id02317
7233583,7233937,354,id02317
7233937,7234414,477,id02317
7234414,7235326,912,id02317
7235326,7235854,528,id02317
7235854,7236361,507,id02317
7236361,7236950,589,id02317
7236950,7237565,615,id02317
7237565,7238636,1071,id02317
7238636,7239005,369,id02317
7239005,7239589,584,id02317
7239589,7240255,666,id02317
7240255,7240696,441,id02317
7240696,7241137,441,id02317
7241137,7241522,385,id02317
7241522,7244262,2740,id02317
7244262,7244744,482,id02317
7244744,7245190,446,id02317
7245190,7245528,338,id02317
7245528,7246061,533,id02317
7246061,7246517,456,id02317
7246517,7246917,400,id02317
7246917,7247286,369,id02317
7247286,7247870,584,id02317
7247870,7248367,497,id02317
7248367,7249105,738,id02317
7249105,7249505,400,id02317
7249505,7250038,533,id02317
7250038,7250484,446,id02317
7250484,7250853,369,id02317
7250853,7251371,518,id02317
7251371,7252042,671,id02317
7252042,7252821,779,id02317
7252821,7253723,902,id02317
7253723,7254210,487,id02317
7254210,7254528,318,id02317
7254528,7255425,897,id02317
7255425,7256511,1086,id02317
7256511,7256901,390,id02317
7256901,7257286,385,id02317
7257286,7257896,610,id02317
7257896,7258644,748,id02317
7258644,7259535,891,id02317
7259535,7259889,354,id02317
7259889,7260304,415,id02317
7260304,7260791,487,id02317
7260791,7261334,543,id02317
7261334,7261729,395,id02317
7261729,7262062,333,id02317
7262062,7262656,594,id02317
7262656,7263076,420,id02317
7263076,7263394,318,id02317
7263394,7265437,2043,id02317
7265437,7266697,1260,id02317
7266697,7267860,1163,id02317
7267860,7268178,318,id02317
7268178,7269494,1316,id02317
7269494,7270493,999,id02317
7270493,7272142,1649,id02317
7272142,7273085,943,id02317
7273085,7273485,400,id02317
7273485,7274069,584,id02317
7274069,7275585,1516,id02317
7275585,7276000,415,id02317
7276000,7277547,1547,id02317
7277547,7279483,1936,id02317
7279483,7283124,3641,id02317
7283124,7283775,651,id02445
7283775,7284375,600,id02445
7284375,7284770,395,id02445
7284770,7286731,1961,id02445
7286731,7287218,487,id02445
7287218,7287587,369,id02445
7287587,7287936,349,id02445
7287936,7288321,385,id02445
7288321,7288813,492,id02445
7288813,7290017,1204,id02445
7290017,7290995,978,id02445
7290995,7291513,518,id02445
7291513,7292942,1429,id02445
7292942,7293547,605,id02445
7293547,7294346,799,id02445
7294346,7295043,697,id02445
7295043,7295361,318,id02445
7295361,7295705,344,id02445
7295705,7296146,441,id02445
7296146,7296976,830,id02445
7296976,7298236,1260,id02445
7298236,7299092,856,id02445
7299092,7299881,789,id02445
7299881,7300209,328,id02445
7300209,7300650,441,id02445
7300650,7300999,349,id02445
7300999,7301814,815,id02445
7301814,7302439,625,id02445
7302439,7303371,932,id02445
7303371,7303776,405,id02445
7303776,7304212,436,id02445
7304212,7305288,1076,id02445
7305288,7305908,620,id02445
7305908,7306252,344,id02445
7306252,7306570,318,id02445
7306570,7307180,610,id02445
7307180,7307621,441,id02445
7307621,7308113,492,id02445
7308113,7308569,456,id02445
7308569,7309020,451,id02445
7309020,7309476,456,id02445
7309476,7309850,374,id02445
7309850,7310214,364,id02445
7310214,7310547,333,id02445
7310547,7311469,922,id02445
7311469,7311859,390,id02445
7311859,7312279,420,id02445
7312279,7313017,738,id02445
7313017,7313489,472,id02445
7313489,7314012,523,id02445
7314012,7314376,364,id02445
7314376,7314873,497,id02445
7314873,7315380,507,id02445
7315380,7315887,507,id02445
7315887,7316241,354,id02445
7316241,7316764,523,id02445
7316764,7317179,415,id02445
7317179,7317932,753,id02445
7317932,7318332,400,id02445
7318332,7319725,1393,id02445
7319725,7320422,697,id02445
7320422,7320996,574,id02445
7320996,7321401,405,id02445
7321401,7321775,374,id02445
7321775,7322180,405,id02445
7322180,7323015,835,id02445
7323015,7324603,1588,id02445
7324603,7325203,600,id02445
7325203,7326366,1163,id02445
7326366,7326735,369,id02445
7326735,7328282,1547,id02445
7328282,7328754,472,id02445
7328754,7329108,354,id02445
7329108,7329856,748,id02445
7329856,7330712,856,id02445
7330712,7331260,548,id02445
7331260,7331972,712,id02445
7331972,7332705,733,id02445
7332705,7333218,513,id02445
7333218,7333562,344,id02445
7333562,7333895,333,id02445
7333895,7334822,927,id02445
7334822,7335432,610,id02445
7335432,7336810,1378,id02445
7336810,7337804,994,id02445
7337804,7338306,502,id02445
7338306,7338829,523,id02445
7338829,7339244,415,id02445
7339244,7339818,574,id02445
7339818,7340776,958,id02445
7340776,7341289,513,id02445
7341289,7341679,390,id02445
7341679,7342053,374,id02445
7342053,7342801,748,id02445
7342801,7343262,461,id02445
7343262,7344251,989,id02445
7344251,7344723,472,id02445
7344723,7346034,1311,id02445
7346034,7346372,338,id02445
7346372,7346690,318,id02445
7346690,7347151,461,id02445
7347151,7347930,779,id02445
7347930,7349129,1199,id02445
7349129,7350619,1490,id02445
7350619,7351510,891,id02445
7351510,7351838,328,id02445
7351838,7353287,1449,id02445
7353287,7354091,804,id02445
7354091,7354516,425,id02445
7354516,7355039,523,id02445
7355039,7355531,492,id02445
7355531,7355926,395,id02445
7355926,7356264,338,id02465
7356264,7357027,763,id02465
7357027,7357396,369,id02465
7357396,7358118,722,id02465
7358118,7358508,390,id02465
7358508,7359031,523,id02465
7359031,7359892,861,id02465
7359892,7360568,676,id02465
7360568,7361096,528,id02465
7361096,7361450,354,id02465
7361450,7361973,523,id02465
7361973,7362429,456,id02465
7362429,7363054,625,id02465
7363054,7363423,369,id02465
7363423,7365313,1890,id02465
7365313,7365708,395,id02465
7365708,7366062,354,id02465
7366062,7367511,1449,id02465
7367511,7367855,344,id02465
7367855,7368352,497,id02465
7368352,7368767,415,id02465
7368767,7369464,697,id02465
7369464,7370320,856,id02465
7370320,7370751,431,id02465
7370751,7371212,461,id02465
7371212,7373419,2207,id02465
7373419,7373942,523,id02465
7373942,7374260,318,id02465
7374260,7374650,390,id02465
7374650,7375014,364,id02465
7375014,7375660,646,id02465
7375660,7375978,318,id02465
7375978,7376531,553,id02465
7376531,7376962,431,id02465
7376962,7377311,349,id02465
7377311,7377870,559,id02465
7377870,7378306,436,id02465
7378306,7378685,379,id02465
7378685,7379080,395,id02465
7379080,7379674,594,id02465
7379674,7380468,794,id02465
7380468,7380786,318,id02465
7380786,7381304,518,id02465
7381304,7381893,589,id02465
7381893,7382626,733,id02465
7382626,7383441,815,id02465
7383441,7385018,1577,id02465
7385018,7385996,978,id02465
7385996,7386355,359,id02465
7386355,7387083,728,id02465
7387083,7388374,1291,id02465
7388374,7388692,318,id02465
7388692,7389302,610,id02465
7389302,7389733,431,id02465
7389733,7390220,487,id02465
7390220,7390968,748,id02465
7390968,7391649,681,id02465
7391649,7393052,1403,id02465
7393052,7393483,431,id02465
7393483,7394323,840,id02465
7394323,7394841,518,id02465
7394841,7395461,620,id02465
7395461,7396388,927,id02465
7396388,7399030,2642,id02465
7399030,7399358,328,id02465
7399358,7400050,692,id02465
7400050,7400650,600,id02465
7400650,7401050,400,id02465
7401050,7401440,390,id02465
7401440,7401809,369,id02465
7401809,7402132,323,id02465
7402132,7402522,390,id02465
7402522,7402886,364,id02465
7402886,7403219,333,id02465
7403219,7404663,1444,id02465
7404663,7405017,354,id02465
7405017,7405381,364,id02465
7405381,7406016,635,id02465
7406016,7406585,569,id02465
7406585,7406913,328,id02465
7406913,7407359,446,id02465
7407359,7407790,431,id02465
7407790,7408241,451,id02465
7408241,7408641,400,id02465
7408641,7410316,1675,id02465
7410316,7410695,379,id02465
7410695,7411023,328,id02465
7411023,7411530,507,id02465
7411530,7411909,379,id02465
7411909,7412637,728,id02465
7412637,7412955,318,id02465
7412955,7414732,1777,id02465
7414732,7415301,569,id02465
7415301,7415619,318,id02465
7415619,7416039,420,id02465
7416039,7416562,523,id02465
7416562,7418360,1798,id02465
7418360,7420726,2366,id02465
7420726,7422242,1516,id02465
7422242,7423840,1598,id02465
7423840,7424527,687,id02465
7424527,7426140,1613,id02465
7426140,7427252,1112,id02465
7427252,7427811,559,id02465
7427811,7428134,323,id02465
7428134,7430628,2494,id02465
7430628,7431345,717,id02465
7431345,7431730,385,id02465
7431730,7432463,733,id02465
7432463,7433160,697,id02465
7433160,7433693,533,id02465
7433693,7434031,338,id02465
7434031,7434574,543,id02465
7434574,7434959,385,id02465
7434959,7435303,344,id02465
7435303,7435621,318,id02465
7435621,7436215,594,id02465
7436215,7436559,344,id02465
7436559,7436892,333,id02465
7436892,7437241,349,id02465
7437241,7437641,400,id02465
7437641,7437995,354,id02465
7437995,7438339,344,id02465
7438339,7438959,620,id02465
7438959,7439390,431,id02465
7439390,7439785,395,id02465
7439785,7440200,415,id02465
7440200,7440574,374,id02465
7440574,7441087,513,id02465
7441087,7442547,1460,id02465
7442547,7442885,338,id02465
7442885,7443520,635,id02465
7443520,7444038,518,id02465
7444038,7444960,922,id02465
7444960,7445288,328,id02465
7445288,7446010,722,id02465
7446010,7446763,753,id02465
7446763,7447690,927,id02465
7447690,7448151,461,id02465
7448151,7449923,1772,id02465
7449923,7450308,385,id02465
7450308,7451348,1040,id02465
7451348,7453007,1659,id02465
7453007,7453781,774,id02465
7453781,7454242,461,id02465
7454242,7454596,354,id02465
7454596,7455027,431,id02465
7455027,7455396,369,id02465
7455396,7455893,497,id02465
7455893,7456359,466,id02465
7456359,7456713,354,id02465
7456713,7457082,369,id02465
7457082,7457441,359,id02465
7457441,7457907,466,id02465
7457907,7458348,441,id02465
7458348,7458733,385,id02465
7458733,7459292,559,id02465
7459292,7459656,364,id02465
7459656,7460066,410,id02465
7460066,7460389,323,id02465
7460389,7460738,349,id02465
7460738,7461071,333,id02465
7461071,7461415,344,id02465
7461415,7461764,349,id02465
7461764,7462133,369,id02465
7462133,7462482,349,id02465
7462482,7463988,1506,id02465
7463988,7464828,840,id02465
7464828,7465597,769,id02465
7465597,7465935,338,id02465
7465935,7466325,390,id02465
7466325,7468199,1874,id02465
7468199,7470140,1941,id02465
7470140,7470627,487,id02465
7470627,7470945,318,id02465
7470945,7472010,1065,id02465
7472010,7472476,466,id02465
7472476,7473096,620,id02465
7473096,7473895,799,id02465
7473895,7474761,866,id02465
7474761,7475576,815,id02465
7475576,7476611,1035,id02465
7476611,7476949,338,id02542
7476949,7477390,441,id02542
7477390,7477759,369,id02542
7477759,7478097,338,id02542
7478097,7478487,390,id02542
7478487,7478948,461,id02542
7478948,7479778,830,id02542
7479778,7480122,344,id02542
7480122,7480527,405,id02542
7480527,7480855,328,id02542
7480855,7481296,441,id02542
7481296,7481839,543,id02542
7481839,7482480,641,id02542
7482480,7482798,318,id02542
7482798,7483295,497,id02542
7483295,7483864,569,id02542
7483864,7484499,635,id02542
7484499,7484817,318,id02542
7484817,7485324,507,id02542
7485324,7485744,420,id02542
7485744,7486098,354,id02542
7486098,7486800,702,id02542
7486800,7487881,1081,id02542
7487881,7488655,774,id02542
7488655,7489736,1081,id02542
7489736,7490464,728,id02542
7490464,7490920,456,id02542
7490920,7493317,2397,id02542
7493317,7494372,1055,id02542
7494372,7496226,1854,id02542
7496226,7497348,1122,id02542
7497348,7497768,420,id02542
7497768,7499212,1444,id02542
7499212,7500964,1752,id02542
7500964,7501369,405,id02542
7501369,7501887,518,id02542
7501887,7502405,518,id02542
7502405,7503225,820,id02542
7503225,7504915,1690,id02542
7504915,7506231,1316,id02542
7506231,7507066,835,id02542
7507066,7507476,410,id02542
7507476,7508301,825,id02542
7508301,7508639,338,id02542
7508639,7509070,431,id02542
7509070,7510212,1142,id02542
7510212,7511283,1071,id02542
7511283,7511980,697,id02542
7511980,7512385,405,id02542
7512385,7514469,2084,id02542
7514469,7515447,978,id02542
7515447,7517460,2013,id02542
7517460,7518106,646,id02542
7518106,7518731,625,id02542
7518731,7519223,492,id02542
7519223,7519561,338,id02542
7519561,7521574,2013,id02542
7521574,7522168,594,id02542
7522168,7522532,364,id02542
7522532,7522968,436,id02542
7522968,7523788,820,id02542
7523788,7524341,553,id02542
7524341,7524664,323,id02542
7524664,7525433,769,id02542
7525433,7525956,523,id02542
7525956,7526305,349,id02542
7526305,7526705,400,id02542
7526705,7527038,333,id02542
7527038,7527556,518,id02542
7527556,7527874,318,id02542
7527874,7528340,466,id02542
7528340,7529032,692,id02542
7529032,7529437,405,id02542
7529437,7530108,671,id02542
7530108,7530503,395,id02542
7530503,7531138,635,id02542
7531138,7531528,390,id02542
7531528,7531877,349,id02542
7531877,7532231,354,id02542
7532231,7532564,333,id02542
7532564,7533353,789,id02542
7533353,7533743,390,id02542
7533743,7534373,630,id02542
7534373,7534829,456,id02542
7534829,7535480,651,id02542
7535480,7536525,1045,id02542
7536525,7536956,431,id02542
7536956,7537463,507,id02542
7537463,7537817,354,id02542
7537817,7538248,431,id02542
7538248,7538807,559,id02542
7538807,7539156,349,id02542
7539156,7539832,676,id02542
7539832,7540775,943,id02542
7540775,7541282,507,id02542
7541282,7541866,584,id02542
7541866,7542338,472,id02542
7542338,7542881,543,id02542
7542881,7543235,354,id02542
7543235,7543625,390,id02542
7543625,7544168,543,id02542
7544168,7545059,891,id02542
7545059,7546145,1086,id02542
7546145,7546801,656,id02542
7546801,7548005,1204,id02542
7548005,7549291,1286,id02542
7549291,7550300,1009,id02542
7550300,7550623,323,id02542
7550623,7551161,538,id02542
7551161,7552503,1342,id02542
7552503,7552913,410,id02542
7552913,7553548,635,id02542
7553548,7554061,513,id02542
7554061,7554502,441,id02542
7554502,7555132,630,id02542
7555132,7555972,840,id02542
7555972,7556720,748,id02542
7556720,7557048,328,id02542
7557048,7557463,415,id02542
7557463,7557909,446,id02542
7557909,7558227,318,id02542
7558227,7558642,415,id02542
7558642,7558996,354,id02542
7558996,7560968,1972,id02548
7560968,7562049,1081,id02548
7562049,7562480,431,id02548
7562480,7562834,354,id02548
7562834,7563833,999,id02548
7563833,7564427,594,id02548
7564427,7564745,318,id02548
7564745,7565242,497,id02548
7565242,7565903,661,id02548
7565903,7566625,722,id02548
7566625,7567301,676,id02548
7567301,7567634,333,id02548
7567634,7568065,431,id02548
7568065,7568588,523,id02548
7568588,7569111,523,id02548
7569111,7569593,482,id02548
7569593,7570408,815,id02548
7570408,7570900,492,id02548
7570900,7572257,1357,id02548
7572257,7572575,318,id02548
7572575,7573226,651,id02548
7573226,7574230,1004,id02548
7574230,7574712,482,id02548
7574712,7575885,1173,id02548
7575885,7576700,815,id02548
7576700,7578318,1618,id02548
7578318,7578636,318,id02548
7578636,7579174,538,id02548
7579174,7579978,804,id02548
7579978,7580455,477,id02548
7580455,7580793,338,id02548
7580793,7581137,344,id02548
7581137,7581527,390,id02548
7581527,7581963,436,id02548
7581963,7582501,538,id02548
7582501,7583014,513,id02548
7583014,7583419,405,id02548
7583419,7583804,385,id02548
7583804,7584260,456,id02548
7584260,7584890,630,id02548
7584890,7585546,656,id02548
7585546,7586530,984,id02548
7586530,7587693,1163,id02548
7587693,7588892,1199,id02548
7588892,7589256,364,id02548
7589256,7590485,1229,id02548
7590485,7591417,932,id02548
7591417,7592482,1065,id02548
7592482,7592938,456,id02548
7592938,7593901,963,id02548
7593901,7596492,2591,id02548
7596492,7597255,763,id02548
7597255,7599611,2356,id02548
7599611,7600200,589,id02548
7600200,7600605,405,id02548
7600605,7602956,2351,id02548
7602956,7604651,1695,id02548
7604651,7604974,323,id02548
7604974,7605696,722,id02548
7605696,7606224,528,id02548
7606224,7606665,441,id02548
7606665,7607147,482,id02548
7607147,7607516,369,id02548
7607516,7607895,379,id02548
7607895,7608223,328,id02548
7608223,7608700,477,id02548
7608700,7609284,584,id02548
7609284,7609745,461,id02548
7609745,7610595,850,id02548
7610595,7611630,1035,id02548
7611630,7611994,364,id02548
7611994,7612394,400,id02548
7612394,7612866,472,id02548
7612866,7613266,400,id02548
7613266,7613681,415,id02548
7613681,7614403,722,id02548
7614403,7615330,927,id02548
7615330,7615771,441,id02548
7615771,7617011,1240,id02548
7617011,7618030,1019,id02548
7618030,7618645,615,id02548
7618645,7619424,779,id02548
7619424,7619793,369,id02548
7619793,7620889,1096,id02548
7620889,7621268,379,id02548
7621268,7621699,431,id02548
7621699,7622145,446,id02548
7622145,7622642,497,id02548
7622642,7623006,364,id02548
7623006,7623570,564,id02548
7623570,7624016,446,id02548
7624016,7624477,461,id02548
7624477,7624805,328,id02548
7624805,7625783,978,id02548
7625783,7626152,369,id02548
7626152,7626705,553,id02548
7626705,7627571,866,id02548
7627571,7627925,354,id02548
7627925,7628463,538,id02548
7628463,7629749,1286,id02548
7629749,7630349,600,id02548
7630349,7631025,676,id02548
7631025,7631491,466,id02548
7631491,7631865,374,id02548
7631865,7632280,415,id02548
7632280,7633438,1158,id02548
7633438,7633771,333,id02548
7633771,7634109,338,id02548
7634109,7634831,722,id02548
7634831,7635456,625,id02548
7635456,7637100,1644,id02548
7637100,7637674,574,id02548
7637674,7638755,1081,id02548
7638755,7640128,1373,id02548
7640128,7640507,379,id02548
7640507,7641644,1137,id02548
7641644,7642167,523,id02548
7642167,7642495,328,id02548
7642495,7645204,2709,id02548
7645204,7647800,2596,id02548
7647800,7648620,820,id02548
7648620,7649358,738,id02548
7649358,7650157,799,id02548
7650157,7651381,1224,id02548
7651381,7652508,1127,id02548
7652508,7653282,774,id02548
7653282,7654516,1234,id02548
7654516,7655541,1025,id02548
7655541,7656422,881,id02548
7656422,7657109,687,id02548
7657109,7657468,359,id02548
7657468,7658283,815,id02548
7658283,7659200,917,id02548
7659200,7660900,1700,id02548
7660900,7661305,405,id02548
7661305,7661623,318,id02548
7661623,7662054,431,id02548
7662054,7662418,364,id02548
7662418,7662977,559,id02548
7662977,7664007,1030,id02548
7664007,7664822,815,id02548
7664822,7665411,589,id02548
7665411,7667101,1690,id02548
7667101,7668254,1153,id02548
7668254,7669611,1357,id02548
7669611,7670164,553,id02548
7670164,7670589,425,id02548
7670589,7670938,349,id02548
7670938,7671476,538,id02548
7671476,7672250,774,id02548
7672250,7672578,328,id02548
7672578,7673331,753,id02548
7673331,7674361,1030,id02548
7674361,7675186,825,id02548
7675186,7675545,359,id02548
7675545,7676078,533,id02548
7676078,7676678,600,id02548
7676678,7677011,333,id02548
7677011,7677672,661,id02548
7677672,7678185,513,id02548
7678185,7678779,594,id02548
7678779,7679348,569,id02548
7679348,7679717,369,id02548
7679717,7680204,487,id02548
7680204,7680752,548,id02548
7680752,7681828,1076,id02548
7681828,7682202,374,id02548
7682202,7682981,779,id02548
7682981,7683913,932,id02548
7683913,7684559,646,id02548
7684559,7686331,1772,id02548
7686331,7687069,738,id02548
7687069,7687827,758,id02548
7687827,7689364,1537,id02548
7689364,7689702,338,id02548
7689702,7690491,789,id02548
7690491,7691044,553,id02548
7691044,7691362,318,id02548
7691362,7693277,1915,id02548
7693277,7694460,1183,id02548
7694460,7695070,610,id02548
7695070,7696729,1659,id02548
7696729,7697615,886,id02548
7697615,7700007,2392,id02548
7700007,7700453,446,id02548
7700453,7701954,1501,id02548
7701954,7703741,1787,id02548
7703741,7704740,999,id02548
7704740,7705370,630,id02548
7705370,7705698,328,id02548
7705698,7706431,733,id02548
7706431,7707374,943,id02548
7707374,7708460,1086,id02548
7708460,7708804,344,id02548
7708804,7709864,1060,id02548
7709864,7710412,548,id02548
7710412,7710863,451,id02548
7710863,7711831,968,id02548
7711831,7712216,385,id02548
7712216,7712723,507,id02548
7712723,7713072,349,id02548
7713072,7713441,369,id02548
7713441,7715244,1803,id02548
7715244,7715762,518,id02548
7715762,7716121,359,id02548
7716121,7717586,1465,id02548
7717586,7719133,1547,id02548
7719133,7719451,318,id02548
7719451,7721151,1700,id02548
7721151,7722298,1147,id02548
7722298,7723087,789,id02548
7723087,7724101,1014,id02548
7724101,7724480,379,id02548
7724480,7725131,651,id02548
7725131,7725618,487,id02548
7725618,7726422,804,id02548
7726422,7726863,441,id02548
7726863,7728251,1388,id02548
7728251,7728697,446,id02548
7728697,7729025,328,id02548
7729025,7729471,446,id02548
7729471,7730946,1475,id02548
7730946,7731694,748,id02548
7731694,7732012,318,id02548
7732012,7732453,441,id02548
7732453,7734670,2217,id02548
7734670,7735561,891,id02548
7735561,7736027,466,id02548
7736027,7736698,671,id02548
7736698,7737093,395,id02548
7737093,7737728,635,id02548
7737728,7738082,354,id02548
7738082,7738692,610,id02548
7738692,7740351,1659,id02548
7740351,7741514,1163,id02548
7741514,7741945,431,id02548
7741945,7742350,405,id02548
7742350,7743364,1014,id02548
7743364,7743979,615,id02548
7743979,7744696,717,id02548
7744696,7745234,538,id02548
7745234,7745613,379,id02548
7745613,7746566,953,id02548
7746566,7746956,390,id02548
7746956,7747315,359,id02548
7747315,7747884,569,id02548
7747884,7748228,344,id02548
7748228,7748556,328,id02548
7748556,7748961,405,id02548
7748961,7749868,907,id02548
7749868,7750770,902,id02548
7750770,7751359,589,id02548
7751359,7752573,1214,id02548
7752573,7753270,697,id02548
7753270,7753721,451,id02548
7753721,7754868,1147,id02548
7754868,7755360,492,id02548
7755360,7756006,646,id02548
7756006,7757097,1091,id02548
7757097,7757732,635,id02548
7757732,7759023,1291,id02548
7759023,7759413,390,id02548
7759413,7759792,379,id02548
7759792,7760566,774,id02548
7760566,7761350,784,id02548
7761350,7761837,487,id02548
7761837,7762181,344,id02548
7762181,7762919,738,id02548
7762919,7763391,472,id02548
7763391,7764119,728,id02548
7764119,7764447,328,id02548
7764447,7764791,344,id02548
7764791,7765631,840,id02548
7765631,7765964,333,id02548
7765964,7766308,344,id02548
7766308,7766728,420,id02548
7766728,7767558,830,id02548
7767558,7768060,502,id02548
7768060,7768578,518,id02548
7768578,7769111,533,id02548
7769111,7769854,743,id02548
7769854,7771042,1188,id02548
7771042,7772031,989,id02548
7772031,7772349,318,id02548
7772349,7772821,472,id02548
7772821,7773287,466,id02548
7773287,7773851,564,id02548
7773851,7774317,466,id02548
7774317,7774696,379,id02548
7774696,7775106,410,id02548
7775106,7775444,338,id02548
7775444,7776207,763,id02548
7776207,7776791,584,id02548
7776791,7777124,333,id02548
7777124,7778082,958,id02548
7778082,7778856,774,id02548
7778856,7779235,379,id02548
7779235,7780341,1106,id02548
7780341,7780720,379,id02548
7780720,7781135,415,id02548
7781135,7782144,1009,id02548
7782144,7782785,641,id02548
7782785,7784045,1260,id02548
7784045,7784783,738,id02548
7784783,7785511,728,id02548
7785511,7786264,753,id02548
7786264,7786838,574,id02548
7786838,7787182,344,id02548
7787182,7787628,446,id02548
7787628,7788074,446,id02548
7788074,7788438,364,id02548
7788438,7789160,722,id02548
7789160,7790359,1199,id02548
7790359,7791235,876,id02548
7791235,7792239,1004,id02548
7792239,7792711,472,id02548
7792711,7793188,477,id02548
7793188,7794079,891,id02548
7794079,7794535,456,id02548
7794535,7794981,446,id02548
7794981,7795488,507,id02548
7795488,7797434,1946,id02548
7797434,7798105,671,id02548
7798105,7798674,569,id02548
7798674,7799478,804,id02548
7799478,7800334,856,id02548
7800334,7800831,497,id02548
7800831,7801676,845,id02548
7801676,7802404,728,id02548
7802404,7803157,753,id02548
7803157,7803941,784,id02548
7803941,7804720,779,id02548
7804720,7805186,466,id02548
7805186,7805770,584,id02548
7805770,7806457,687,id02548
7806457,7807103,646,id02548
7807103,7807431,328,id02548
7807431,7807897,466,id02548
7807897,7808307,410,id02548
7808307,7808732,425,id02548
7808732,7809188,456,id02548
7809188,7810033,845,id02548
7810033,7810658,625,id02548
7810658,7811063,405,id02548
7811063,7811586,523,id02548
7811586,7812493,907,id02548
7812493,7812883,390,id02548
7812883,7813646,763,id02548
7813646,7814184,538,id02548
7814184,7814640,456,id02548
7814640,7815700,1060,id02548
7815700,7816637,937,id02548
7816637,7817027,390,id02548
7817027,7817365,338,id02548
7817365,7818011,646,id02548
7818011,7818621,610,id02548
7818621,7819103,482,id02548
7819103,7819544,441,id02548
7819544,7819975,431,id02548
7819975,7820436,461,id02548
7820436,7820933,497,id02548
7820933,7821384,451,id02548
7821384,7821702,318,id02548
7821702,7822030,328,id02548
7822030,7822604,574,id02548
7822604,7823137,533,id02548
7823137,7823491,354,id02548
7823491,7823968,477,id02548
7823968,7824296,328,id02576
7824296,7824650,354,id02576
7824650,7825086,436,id02576
7825086,7826023,937,id02576
7826023,7826710,687,id02576
7826710,7827453,743,id02576
7827453,7827858,405,id02576
7827858,7828196,338,id02576
7828196,7828949,753,id02576
7828949,7829533,584,id02576
7829533,7829897,364,id02576
7829897,7830312,415,id02576
7830312,7830640,328,id02576
7830640,7831316,676,id02576
7831316,7831665,349,id02576
7831665,7832485,820,id02576
7832485,7832870,385,id02576
7832870,7833331,461,id02576
7833331,7833680,349,id02576
7833680,7834146,466,id02576
7834146,7834520,374,id02576
7834520,7835555,1035,id02576
7835555,7835873,318,id02576
7835873,7836421,548,id02576
7836421,7836749,328,id02576
7836749,7837190,441,id02576
7837190,7837708,518,id02576
7837708,7838215,507,id02576
7838215,7838553,338,id02576
7838553,7839168,615,id02576
7839168,7839609,441,id02576
7839609,7840316,707,id02576
7840316,7840885,569,id02576
7840885,7841254,369,id02576
7841254,7841751,497,id02576
7841751,7842176,425,id02576
7842176,7842975,799,id02576
7842975,7843303,328,id02576
7843303,7844066,763,id02576
7844066,7844507,441,id02576
7844507,7844851,344,id02576
7844851,7845271,420,id02576
7845271,7845661,390,id02576
7845661,7846148,487,id02576
7846148,7846517,369,id02576
7846517,7847014,497,id02576
7847014,7847849,835,id02576
7847849,7848290,441,id02576
7848290,7848956,666,id02576
7848956,7849305,349,id02576
7849305,7850053,748,id02576
7850053,7850397,344,id02576
7850397,7850725,328,id02576
7850725,7851079,354,id02576
7851079,7851622,543,id02576
7851622,7852457,835,id02576
7852457,7852893,436,id02576
7852893,7853267,374,id02576
7853267,7853785,518,id02576
7853785,7854226,441,id02576
7854226,7854595,369,id02576
7854595,7855010,415,id02576
7855010,7855374,364,id02576
7855374,7855789,415,id02576
7855789,7856307,518,id02576
7856307,7856901,594,id02576
7856901,7857444,543,id02576
7857444,7857900,456,id02576
7857900,7858807,907,id02576
7858807,7859535,728,id02576
7859535,7860001,466,id02576
7860001,7860355,354,id02576
7860355,7861518,1163,id02576
7861518,7861836,318,id02576
7861836,7862430,594,id02576
7862430,7862861,431,id02576
7862861,7863199,338,id02576
7863199,7863614,415,id02576
7863614,7864060,446,id02576
7864060,7864388,328,id02576
7864388,7864803,415,id02576
7864803,7865244,441,id02576
7865244,7865572,328,id02576
7865572,7865967,395,id02576
7865967,7866439,472,id02576
7866439,7867177,738,id02576
7867177,7867853,676,id02576
7867853,7868289,436,id02576
7868289,7869006,717,id02576
7869006,7869641,635,id02576
7869641,7870061,420,id02576
7870061,7870379,318,id02576
7870379,7871301,922,id02576
7871301,7871680,379,id02576
7871680,7871998,318,id02576
7871998,7872449,451,id02576
7872449,7872839,390,id02576
7872839,7873280,441,id02576
7873280,7873762,482,id02576
7873762,7874223,461,id02576
7874223,7874608,385,id02576
7874608,7874936,328,id02576
7874936,7875351,415,id02576
7875351,7875766,415,id02576
7875766,7876171,405,id02576
7876171,7876586,415,id02576
7876586,7876950,364,id02576
7876950,7877427,477,id02576
7877427,7877765,338,id02576
7877765,7878477,712,id02576
7878477,7879179,702,id02576
7879179,7879594,415,id02576
7879594,7879963,369,id02576
7879963,7880383,420,id02576
7880383,7880803,420,id02576
7880803,7881131,328,id02576
7881131,7881485,354,id02576
7881485,7882044,559,id02576
7882044,7882766,722,id02576
7882766,7883145,379,id02576
7883145,7883468,323,id02576
7883468,7883806,338,id02576
7883806,7884513,707,id02576
7884513,7884995,482,id02576
7884995,7885410,415,id02576
7885410,7885892,482,id02576
7885892,7886522,630,id02576
7886522,7886942,420,id02576
7886942,7887501,559,id02576
7887501,7887942,441,id02576
7887942,7888347,405,id02576
7888347,7888685,338,id02576
7888685,7889438,753,id02576
7889438,7890381,943,id02576
7890381,7891119,738,id02576
7891119,7891437,318,id02576
7891437,7891847,410,id02576
7891847,7892191,344,id02576
7892191,7892545,354,id02576
7892545,7893472,927,id02576
7893472,7893913,441,id02576
7893913,7894610,697,id02576
7894610,7894938,328,id02576
7894938,7895686,748,id02576
7895686,7896224,538,id02576
7896224,7896578,354,id02576
7896578,7897224,646,id02576
7897224,7897665,441,id02576
7897665,7898761,1096,id02576
7898761,7899258,497,id02576
7899258,7899781,523,id02576
7899781,7900160,379,id02576
7900160,7900888,728,id02576
7900888,7901313,425,id02576
7901313,7902215,902,id02577
7902215,7902574,359,id02577
7902574,7902979,405,id02577
7902979,7903573,594,id02577
7903573,7904295,722,id02577
7904295,7904854,559,id02577
7904854,7905177,323,id02577
7905177,7907947,2770,id02577
7907947,7908352,405,id02577
7908352,7910452,2100,id02577
7910452,7911789,1337,id02577
7911789,7912107,318,id02577
7912107,7913290,1183,id02577
7913290,7913823,533,id02577
7913823,7914300,477,id02577
7914300,7914628,328,id02577
7914628,7915289,661,id02577
7915289,7915653,364,id02577
7915653,7915991,338,id02577
7915991,7916324,333,id02577
7916324,7917021,697,id02577
7917021,7917370,349,id02577
7917370,7917770,400,id02577
7917770,7918165,395,id02577
7918165,7918903,738,id02577
7918903,7919267,364,id02577
7919267,7920338,1071,id02577
7920338,7920912,574,id02577
7920912,7921716,804,id02577
7921716,7922075,359,id02577
7922075,7922982,907,id02577
7922982,7923582,600,id02577
7923582,7924868,1286,id02577
7924868,7925442,574,id02577
7925442,7926774,1332,id02577
7926774,7927169,395,id02577
7927169,7927523,354,id02577
7927523,7927887,364,id02577
7927887,7928574,687,id02577
7928574,7930131,1557,id02577
7930131,7930449,318,id02577
7930449,7932482,2033,id02577
7932482,7934797,2315,id02577
7934797,7935228,431,id02577
7935228,7935797,569,id02577
7935797,7936141,344,id02577
7936141,7936561,420,id02577
7936561,7937591,1030,id02577
7937591,7938262,671,id02577
7938262,7939061,799,id02577
7939061,7940439,1378,id02577
7940439,7941146,707,id02577
7941146,7941705,559,id02577
7941705,7942095,390,id02577
7942095,7942807,712,id02577
7942807,7943586,779,id02577
7943586,7944457,871,id02577
7944457,7945031,574,id02577
7945031,7945518,487,id02577
7945518,7946317,799,id02577
7946317,7947285,968,id02577
7947285,7947670,385,id02577
7947670,7948730,1060,id02577
7948730,7949109,379,id02577
7949109,7949560,451,id02577
7949560,7950016,456,id02577
7950016,7950529,513,id02577
7950529,7951277,748,id02577
7951277,7952926,1649,id02577
7952926,7954647,1721,id02577
7954647,7954985,338,id02577
7954985,7955334,349,id02577
7955334,7955754,420,id02577
7955754,7956267,513,id02577
7956267,7957665,1398,id02577
7957665,7958357,692,id02577
7958357,7958685,328,id02577
7958685,7960652,1967,id02577
7960652,7961129,477,id02577
7961129,7962241,1112,id02577
7962241,7964397,2156,id02577
7964397,7964792,395,id02577
7964792,7965489,697,id02577
7965489,7968178,2689,id02577
7968178,7968829,651,id02577
7968829,7969188,359,id02577
7969188,7970428,1240,id02577
7970428,7971637,1209,id02577
7971637,7973517,1880,id02577
7973517,7973891,374,id02577
7973891,7975156,1265,id02577
7975156,7976493,1337,id02577
7976493,7977702,1209,id02577
7977702,7979044,1342,id02577
7979044,7979864,820,id02577
7979864,7981406,1542,id02577
7981406,7981724,318,id02577
7981724,7982400,676,id02577
7982400,7984239,1839,id02577
7984239,7985320,1081,id02577
7985320,7986068,748,id02577
7986068,7987779,1711,id02577
7987779,7988455,676,id02577
7988455,7989736,1281,id02577
7989736,7990668,932,id02577
7990668,7990991,323,id02577
7990991,7992051,1060,id02577
7992051,7992517,466,id02577
7992517,7993168,651,id02577
7993168,7994817,1649,id02577
7994817,7995145,328,id02577
7995145,7995683,538,id02577
7995683,7996114,431,id02577
7996114,7996519,405,id02577
7996519,7997072,553,id02577
7997072,7997851,779,id02577
7997851,7998215,364,id02577
7998215,7999081,866,id02577
7999081,7999466,385,id02577
7999466,8000342,876,id02577
8000342,8000875,533,id02577
8000875,8001254,379,id02577
8001254,8001961,707,id02577
8001961,8002315,354,id02577
8002315,8002669,354,id02577
8002669,8003110,441,id02577
8003110,8003469,359,id02577
8003469,8003874,405,id02577
8003874,8004228,354,id02577
8004228,8004925,697,id02577
8004925,8005581,656,id02577
8005581,8006959,1378,id02577
8006959,8010697,3738,id02577
8010697,8011409,712,id02577
8011409,8013939,2530,id02577
8013939,8014303,364,id02577
8014303,8017160,2857,id02577
8017160,8017785,625,id02577
8017785,8018292,507,id02577
8018292,8019404,1112,id02577
8019404,8019773,369,id02577
8019773,8020204,431,id02577
8020204,8021879,1675,id02577
8021879,8023492,1613,id02577
8023492,8023815,323,id02577
8023815,8024292,477,id02577
8024292,8025173,881,id02577
8025173,8028153,2980,id02577
8028153,8028932,779,id02685
8028932,8029281,349,id02685
8029281,8029625,344,id02685
8029625,8030158,533,id02685
8030158,8030496,338,id02685
8030496,8031567,1071,id02685
8031567,8031957,390,id02685
8031957,8032454,497,id02685
8032454,8032859,405,id02685
8032859,8033796,937,id02685
8033796,8034119,323,id02685
8034119,8034831,712,id02685
8034831,8035175,344,id02685
8035175,8036952,1777,id02685
8036952,8037337,385,id02685
8037337,8037768,431,id02685
8037768,8039064,1296,id02685
8039064,8039520,456,id02685
8039520,8039848,328,id02685
8039848,8041088,1240,id02685
8041088,8042153,1065,id02685
8042153,8042573,420,id02685
8042573,8043050,477,id02685
8043050,8043895,845,id02685
8043895,8045216,1321,id02685
8045216,8045913,697,id02685
8045913,8046697,784,id02685
8046697,8047025,328,id02685
8047025,8048121,1096,id02685
8048121,8048731,610,id02685
8048731,8049643,912,id02685
8049643,8049992,349,id02685
8049992,8050689,697,id02685
8050689,8051033,344,id02685
8051033,8051551,518,id02685
8051551,8051920,369,id02685
8051920,8052310,390,id02685
8052310,8052710,400,id02685
8052710,8053212,502,id02685
8053212,8053607,395,id02685
8053607,8054053,446,id02685
8054053,8054438,385,id02685
8054438,8054802,364,id02685
8054802,8055330,528,id02685
8055330,8055863,533,id02685
8055863,8056217,354,id02685
8056217,8056683,466,id02685
8056683,8057247,564,id02685
8057247,8057995,748,id02685
8057995,8058881,886,id02685
8058881,8059271,390,id02685
8059271,8060101,830,id02685
8060101,8060941,840,id02685
8060941,8061551,610,id02685
8061551,8064429,2878,id02685
8064429,8064834,405,id02685
8064834,8065638,804,id02685
8065638,8066898,1260,id02685
8066898,8068312,1414,id02685
8068312,8068707,395,id02685
8068707,8069127,420,id02685
8069127,8069675,548,id02685
8069675,8070208,533,id02685
8070208,8070680,472,id02685
8070680,8071034,354,id02685
8071034,8071367,333,id02685
8071367,8071736,369,id02685
8071736,8072218,482,id02685
8072218,8072613,395,id02685
8072613,8073166,553,id02685
8073166,8073945,779,id02685
8073945,8074411,466,id02685
8074411,8074831,420,id02685
8074831,8075973,1142,id02685
8075973,8076475,502,id02685
8076475,8077412,937,id02685
8077412,8078124,712,id02685
8078124,8078493,369,id02685
8078493,8079128,635,id02685
8079128,8080736,1608,id02685
8080736,8081607,871,id02685
8081607,8082155,548,id02685
8082155,8082499,344,id02685
8082499,8083165,666,id02685
8083165,8083765,600,id02685
8083765,8084257,492,id02685
8084257,8084652,395,id02685
8084652,8085021,369,id02685
8085021,8086133,1112,id02685
8086133,8086917,784,id02685
8086917,8088561,1644,id02685
8088561,8089079,518,id02685
8089079,8089469,390,id02685
8089469,8089833,364,id02685
8089833,8090182,349,id02685
8090182,8090572,390,id02685
8090572,8090916,344,id02685
8090916,8091290,374,id02685
8091290,8091649,359,id02685
8091649,8092162,513,id02685
8092162,8092808,646,id02685
8092808,8093280,472,id02685
8093280,8093634,354,id02685
8093634,8093972,338,id02685
8093972,8094710,738,id02685
8094710,8095299,589,id02685
8095299,8095893,594,id02685
8095893,8096544,651,id02685
8096544,8097205,661,id02685
8097205,8097861,656,id02685
8097861,8098466,605,id02685
8098466,8099511,1045,id02685
8099511,8099967,456,id02685
8099967,8100408,441,id02685
8100408,8100762,354,id02685
8100762,8101280,518,id02685
8101280,8101736,456,id02685
8101736,8102233,497,id02685
8102233,8102577,344,id02725
8102577,8102915,338,id02725
8102915,8103617,702,id02725
8103617,8104406,789,id02725
8104406,8104949,543,id02725
8104949,8105313,364,id02725
8105313,8105974,661,id02725
8105974,8106568,594,id02725
8106568,8107649,1081,id02725
8107649,8108151,502,id02725
8108151,8109232,1081,id02725
8109232,8110021,789,id02725
8110021,8110446,425,id02725
8110446,8110902,456,id02725
8110902,8111471,569,id02725
8111471,8111799,328,id02725
8111799,8112322,523,id02725
8112322,8112978,656,id02725
8112978,8113603,625,id02725
8113603,8114008,405,id02725
8114008,8114449,441,id02725
8114449,8114885,436,id02725
8114885,8115229,344,id02725
8115229,8115788,559,id02725
8115788,8116536,748,id02725
8116536,8116992,456,id02725
8116992,8119056,2064,id02725
8119056,8119400,344,id02725
8119400,8119866,466,id02725
8119866,8120604,738,id02725
8120604,8120932,328,id02725
8120932,8121301,369,id02725
8121301,8121629,328,id02725
8121629,8121957,328,id02725
8121957,8122521,564,id02725
8122521,8123013,492,id02725
8123013,8123382,369,id02725
8123382,8123746,364,id02745
8123746,8124125,379,id02745
8124125,8124591,466,id02745
8124591,8124976,385,id02745
8124976,8125463,487,id02745
8125463,8125842,379,id02745
8125842,8126232,390,id02745
8126232,8126637,405,id02745
8126637,8127185,548,id02745
8127185,8127718,533,id02745
8127718,8128051,333,id02745
8128051,8128487,436,id02745
8128487,8128872,385,id02745
8128872,8129318,446,id02745
8129318,8129651,333,id02745
8129651,8129974,323,id02745
8129974,8130507,533,id02745
8130507,8130973,466,id02745
8130973,8131547,574,id02745
8131547,8131972,425,id02745
8131972,8132336,364,id02745
8132336,8133043,707,id02745
8133043,8133771,728,id02745
8133771,8134156,385,id02745
8134156,8134561,405,id02745
8134561,8134920,359,id02745
8134920,8135289,369,id02745
8135289,8135796,507,id02745
8135796,8136211,415,id02745
8136211,8136601,390,id02745
8136601,8136980,379,id02745
8136980,8137605,625,id02745
8137605,8138240,635,id02745
8138240,8138640,400,id02745
8138640,8139163,523,id02745
8139163,8139486,323,id02745
8139486,8140055,569,id02745
8140055,8140399,344,id02745
8140399,8140855,456,id02745
8140855,8141255,400,id02745
8141255,8141634,379,id02745
8141634,8142152,518,id02745
8142152,8142521,369,id02745
8142521,8142890,369,id02745
8142890,8143315,425,id02745
8143315,8143653,338,id02745
8143653,8144304,651,id02745
8144304,8144658,354,id02745
8144658,8145206,548,id02745
8145206,8145534,328,id02745
8145534,8145929,395,id02745
8145929,8146298,369,id02745
8146298,8146713,415,id02745
8146713,8147051,338,id02745
8147051,8147620,569,id02745
8147620,8149279,1659,id02745
8149279,8150027,748,id02745
8150027,8150350,323,id02745
8150350,8151088,738,id02745
8151088,8151841,753,id02745
8151841,8152461,620,id02745
8152461,8153194,733,id02745
8153194,8153773,579,id02745
8153773,8154137,364,id02745
8154137,8155018,881,id02745
8155018,8155356,338,id02745
8155356,8155720,364,id02745
8155720,8156509,789,id02745
8156509,8157395,886,id02745
8157395,8157867,472,id02745
8157867,8158436,569,id02745
8158436,8159327,891,id02745
8159327,8159671,344,id02745
8159671,8160378,707,id02745
8160378,8160732,354,id02745
8160732,8161403,671,id02745
8161403,8161772,369,id02745
8161772,8162213,441,id02745
8162213,8162567,354,id02745
8162567,8163049,482,id02745
8163049,8163464,415,id02745
8163464,8163859,395,id02745
8163859,8164750,891,id02745
8164750,8165411,661,id02745
8165411,8165867,456,id02745
8165867,8166298,431,id02745
8166298,8166703,405,id02745
8166703,8167379,676,id02745
8167379,8167733,354,id02745
8167733,8168133,400,id02745
8168133,8168830,697,id02745
8168830,8169373,543,id02745
8169373,8169706,333,id02745
8169706,8170091,385,id02745
8170091,8170522,431,id02745
8170522,8170988,466,id02745
8170988,8171419,431,id02745
8171419,8172249,830,id02745
8172249,8172936,687,id02745
8172936,8173254,318,id02745
8173254,8173685,431,id02745
8173685,8174105,420,id02745
8174105,8174623,518,id02745
8174623,8174961,338,id02745
8174961,8175325,364,id02745
8175325,8175663,338,id02745
8175663,8176124,461,id02745
8176124,8176473,349,id02745
8176473,8176986,513,id02745
8176986,8177539,553,id02745
8177539,8178057,518,id02745
8178057,8178503,446,id02745
8178503,8178949,446,id02745
8178949,8179415,466,id02745
8179415,8180004,589,id02745
8180004,8180445,441,id02745
8180445,8181710,1265,id02745
8181710,8182642,932,id02745
8182642,8183021,379,id02745
8183021,8183385,364,id02745
8183385,8183708,323,id02745
8183708,8184405,697,id02745
8184405,8185127,722,id02745
8185127,8185476,349,id02745
8185476,8185804,328,id02745
8185804,8186281,477,id02745
8186281,8187577,1296,id03030
8187577,8188243,666,id03030
8188243,8188827,584,id03030
8188827,8189324,497,id03030
8189324,8190379,1055,id03030
8190379,8190825,446,id03030
8190825,8191399,574,id03030
8191399,8191773,374,id03030
8191773,8192306,533,id03030
8192306,8192711,405,id03030
8192711,8193152,441,id03030
8193152,8193562,410,id03030
8193562,8193911,349,id03030
8193911,8194229,318,id03030
8194229,8195187,958,id03030
8195187,8196232,1045,id03030
8196232,8196652,420,id03030
8196652,8197298,646,id03030
8197298,8197672,374,id03030
8197672,8198138,466,id03030
8198138,8198620,482,id03030
8198620,8199010,390,id03030
8199010,8199379,369,id03030
8199379,8199820,441,id03030
8199820,8200281,461,id03030
8200281,8200645,364,id03030
8200645,8201209,564,id03030
8201209,8201747,538,id03030
8201747,8202224,477,id03030
8202224,8202542,318,id03030
8202542,8203003,461,id03030
8203003,8203393,390,id03030
8203393,8203757,364,id03030
8203757,8204172,415,id03030
8204172,8204551,379,id03030
8204551,8205069,518,id03030
8205069,8205582,513,id03030
8205582,8205936,354,id03030
8205936,8206259,323,id03030
8206259,8206679,420,id03030
8206679,8207171,492,id03030
8207171,8207489,318,id03030
8207489,8207889,400,id03030
8207889,8208263,374,id03030
8208263,8208683,420,id03030
8208683,8209011,328,id03030
8209011,8209488,477,id03030
8209488,8209960,472,id03030
8209960,8210723,763,id03030
8210723,8211236,513,id03030
8211236,8212358,1122,id03030
8212358,8212942,584,id03030
8212942,8213455,513,id03030
8213455,8213978,523,id03030
8213978,8215248,1270,id03030
8215248,8215658,410,id03030
8215658,8216022,364,id03030
8216022,8216990,968,id03030
8216990,8217774,784,id03030
8217774,8218271,497,id03030
8218271,8219040,769,id03030
8219040,8220095,1055,id03030
8220095,8221145,1050,id03030
8221145,8221519,374,id03030
8221519,8222666,1147,id03030
8222666,8223173,507,id03030
8223173,8224689,1516,id03030
8224689,8225089,400,id03030
8225089,8226154,1065,id03030
8226154,8226830,676,id03030
8226830,8227501,671,id03030
8227501,8228008,507,id03030
8228008,8228981,973,id03030
8228981,8229376,395,id03030
8229376,8231721,2345,id03030
8231721,8233708,1987,id03030
8233708,8234205,497,id03030
8234205,8235112,907,id03030
8235112,8235568,456,id03030
8235568,8236331,763,id03030
8236331,8236828,497,id03030
8236828,8237955,1127,id03030
8237955,8238867,912,id03030
8238867,8239441,574,id03030
8239441,8240271,830,id03030
8240271,8240691,420,id03030
8240691,8241168,477,id03030
8241168,8241537,369,id03030
8241537,8241983,446,id03030
8241983,8242639,656,id03030
8242639,8243080,441,id03030
8243080,8243572,492,id03030
8243572,8243910,338,id03030
8243910,8244248,338,id03030
8244248,8244755,507,id03030
8244755,8245093,338,id03030
8245093,8245534,441,id03030
8245534,8245934,400,id03030
8245934,8246262,328,id03030
8246262,8246636,374,id03030
8246636,8247097,461,id03030
8247097,8247548,451,id03030
8247548,8247968,420,id03030
8247968,8248404,436,id03030
8248404,8248824,420,id03030
8248824,8249910,1086,id03030
8249910,8251042,1132,id03030
8251042,8251872,830,id03030
8251872,8252251,379,id03030
8252251,8252630,379,id03030
8252630,8254095,1465,id03030
8254095,8254541,446,id03030
8254541,8255033,492,id03030
8255033,8255402,369,id03030
8255402,8255735,333,id03030
8255735,8256125,390,id03030
8256125,8256658,533,id03030
8256658,8257130,472,id03030
8257130,8257571,441,id03030
8257571,8258432,861,id03030
8258432,8258760,328,id03030
8258760,8259109,349,id03030
8259109,8259550,441,id03030
8259550,8259894,344,id03030
8259894,8260529,635,id03030
8260529,8261395,866,id03030
8261395,8261948,553,id03030
8261948,8262368,420,id03030
8262368,8262834,466,id03030
8262834,8263239,405,id03030
8263239,8263818,579,id03030
8263818,8264515,697,id03030
8264515,8264930,415,id03030
8264930,8265340,410,id03030
8265340,8265668,328,id03030
8265668,8266493,825,id03030
8266493,8266888,395,id03030
8266888,8267319,431,id03030
8267319,8267862,543,id03030
8267862,8268226,364,id03030
8268226,8268692,466,id03030
8268692,8269189,497,id03030
8269189,8269533,344,id03030
8269533,8270143,610,id03030
8270143,8270676,533,id03030
8270676,8271450,774,id03030
8271450,8272019,569,id03030
8272019,8272419,400,id03030
8272419,8272855,436,id03030
8272855,8273219,364,id03030
8273219,8273573,354,id03030
8273573,8274219,646,id03030
8274219,8274650,431,id03030
8274650,8275070,420,id03030
8275070,8275439,369,id03030
8275439,8275808,369,id03030
8275808,8276146,338,id03030
8276146,8276484,338,id03030
8276484,8276848,364,id03030
8276848,8277171,323,id03030
8277171,8277535,364,id03030
8277535,8277873,338,id03030
8277873,8278206,333,id03030
8278206,8278570,364,id03030
8278570,8278929,359,id03030
8278929,8279559,630,id03030
8279559,8279954,395,id03030
8279954,8280292,338,id03030
8280292,8280656,364,id03030
8280656,8281005,349,id03030
8281005,8281328,323,id03030
8281328,8281963,635,id03030
8281963,8282399,436,id03030
8282399,8282753,354,id03030
8282753,8283107,354,id03030
8283107,8283717,610,id03030
8283717,8284137,420,id03030
8284137,8284629,492,id03030
8284629,8285280,651,id03030
8285280,8285798,518,id03030
8285798,8286275,477,id03030
8286275,8286716,441,id03030
8286716,8287080,364,id03030
8287080,8287577,497,id03030
8287577,8287956,379,id03030
8287956,8288346,390,id03030
8288346,8288684,338,id03030
8288684,8289063,379,id03030
8289063,8289586,523,id03030
8289586,8289940,354,id03030
8289940,8290611,671,id03030
8290611,8291042,431,id03030
8291042,8291560,518,id03030
8291560,8291919,359,id03030
8291919,8292529,610,id03030
8292529,8292939,410,id03030
8292939,8293339,400,id03030
8293339,8293693,354,id03030
8293693,8294037,344,id03030
8294037,8294427,390,id03030
8294427,8294827,400,id03030
8294827,8295165,338,id03030
8295165,8295498,333,id03030
8295498,8295852,354,id03030
8295852,8296677,825,id03030
8296677,8297000,323,id03030
8297000,8297364,364,id03030
8297364,8297728,364,id03030
8297728,8298087,359,id03030
8298087,8298661,574,id03030
8298661,8299005,344,id03030
8299005,8299420,415,id03030
8299420,8299835,415,id03030
8299835,8300199,364,id03030
8300199,8300599,400,id03030
8300599,8301004,405,id03030
8301004,8301578,574,id03030
8301578,8301896,318,id03030
8301896,8302675,779,id03030
8302675,8303039,364,id03030
8303039,8303393,354,id03030
8303393,8304090,697,id03030
8304090,8304439,349,id03030
8304439,8304803,364,id03030
8304803,8305213,410,id03030
8305213,8305546,333,id03030
8305546,8305977,431,id03030
8305977,8306331,354,id03030
8306331,8306833,502,id03030
8306833,8307151,318,id03030
8307151,8307474,323,id03030
8307474,8307818,344,id03030
8307818,8308243,425,id03030
8308243,8308612,369,id03030
8308612,8308945,333,id03030
8308945,8309386,441,id03030
8309386,8310252,866,id03030
8310252,8310775,523,id03030
8310775,8311554,779,id03030
8311554,8312333,779,id03030
8312333,8312810,477,id03030
8312810,8313410,600,id03030
8313410,8313841,431,id03030
8313841,8314876,1035,id03030
8314876,8315204,328,id03030
8315204,8316633,1429,id03030
8316633,8317596,963,id03030
8317596,8318590,994,id03030
8318590,8318944,354,id03030
8318944,8319497,553,id03030
8319497,8320010,513,id03030
8320010,8320738,728,id03030
8320738,8321117,379,id03030
8321117,8321865,748,id03030
8321865,8322644,779,id03030
8322644,8323443,799,id03030
8323443,8323761,318,id03030
8323761,8324361,600,id03030
8324361,8324853,492,id03030
8324853,8325785,932,id03030
8325785,8326154,369,id03030
8326154,8326564,410,id03030
8326564,8328290,1726,id03030
8328290,8328828,538,id03030
8328828,8329330,502,id03030
8329330,8329791,461,id03030
8329791,8330176,385,id03030
8330176,8330555,379,id03030
8330555,8330975,420,id03030
8330975,8331380,405,id03030
8331380,8332102,722,id03030
8332102,8333091,989,id03030
8333091,8333941,850,id03030
8333941,8334264,323,id03030
8334264,8335498,1234,id03030
8335498,8335872,374,id03030
8335872,8336297,425,id03030
8336297,8336748,451,id03030
8336748,8337312,564,id03030
8337312,8337676,364,id03030
8337676,8338255,579,id03030
8338255,8338593,338,id03030
8338593,8338952,359,id03030
8338952,8339454,502,id03030
8339454,8339844,390,id03030
8339844,8340208,364,id03030
8340208,8340721,513,id03030
8340721,8342329,1608,id03030
8342329,8343179,850,id03030
8343179,8344127,948,id03030
8344127,8345233,1106,id03030
8345233,8345612,379,id03030
8345612,8345950,338,id03030
8345950,8346422,472,id03030
8346422,8347441,1019,id03030
8347441,8347872,431,id03030
8347872,8348287,415,id03030
8348287,8348615,328,id03030
8348615,8349071,456,id03030
8349071,8349691,620,id03030
8349691,8350296,605,id03030
8350296,8350901,605,id03030
8350901,8351598,697,id03030
8351598,8351952,354,id03030
8351952,8352357,405,id03030
8352357,8352736,379,id03030
8352736,8353115,379,id03030
8353115,8353453,338,id03030
8353453,8354017,564,id03030
8354017,8354391,374,id03030
8354391,8354776,385,id03030
8354776,8355273,497,id03030
8355273,8355914,641,id03030
8355914,8356575,661,id03030
8356575,8357144,569,id03030
8357144,8357646,502,id03030
8357646,8358031,385,id03030
8358031,8358574,543,id03030
8358574,8358923,349,id03030
8358923,8359507,584,id03030
8359507,8359871,364,id03030
8359871,8360281,410,id03030
8360281,8360988,707,id03030
8360988,8361495,507,id03030
8361495,8361951,456,id03030
8361951,8362530,579,id03030
8362530,8363519,989,id03030
8363519,8364113,594,id03030
8364113,8365184,1071,id03030
8365184,8366121,937,id03030
8366121,8366838,717,id03030
8366838,8368124,1286,id03030
8368124,8368509,385,id03030
8368509,8369103,594,id03030
8369103,8369447,344,id03030
8369447,8370482,1035,id03030
8370482,8371051,569,id03030
8371051,8371784,733,id03030
8371784,8372696,912,id03030
8372696,8373168,472,id03030
8373168,8373803,635,id03030
8373803,8374940,1137,id03030
8374940,8375391,451,id03030
8375391,8376538,1147,id03030
8376538,8377143,605,id03030
8377143,8377732,589,id03030
8377732,8378844,1112,id03030
8378844,8379244,400,id03030
8379244,8380002,758,id03030
8380002,8380704,702,id03030
8380704,8381339,635,id03030
8381339,8381954,615,id03030
8381954,8382359,405,id03030
8382359,8382764,405,id03030
8382764,8383102,338,id03030
8383102,8383881,779,id03030
8383881,8384219,338,id03030
8384219,8385059,840,id03030
8385059,8385792,733,id03030
8385792,8386443,651,id03030
8386443,8386843,400,id03030
8386843,8387315,472,id03030
8387315,8388258,943,id03030
8388258,8388904,646,id03030
8388904,8389995,1091,id03030
8389995,8391030,1035,id03030
8391030,8391368,338,id03030
8391368,8392413,1045,id03030
8392413,8392731,318,id03030
8392731,8394887,2156,id03030
8394887,8396121,1234,id03030
8396121,8396511,390,id03030
8396511,8397008,497,id03030
8397008,8397643,635,id03030
8397643,8398959,1316,id03030
8398959,8399379,420,id03030
8399379,8401100,1721,id03030
8401100,8401710,610,id03030
8401710,8402637,927,id03030
8402637,8403088,451,id03030
8403088,8403452,364,id03030
8403452,8406115,2663,id03030
8406115,8406853,738,id03030
8406853,8410064,3211,id03030
8410064,8410745,681,id03030
8410745,8412384,1639,id03030
8412384,8413337,953,id03030
8413337,8414520,1183,id03030
8414520,8415222,702,id03030
8415222,8415622,400,id03030
8415622,8417066,1444,id03030
8417066,8420082,3016,id03030
8420082,8420958,876,id03030
8420958,8422126,1168,id03030
8422126,8422720,594,id03030
8422720,8424661,1941,id03030
8424661,8425383,722,id03030
8425383,8427529,2146,id03030
8427529,8428666,1137,id03030
8428666,8429414,748,id03030
8429414,8430346,932,id03030
8430346,8431207,861,id03030
8431207,8431730,523,id03030
8431730,8432401,671,id03030
8432401,8433067,666,id03030
8433067,8433462,395,id03030
8433462,8435644,2182,id03030
8435644,8436628,984,id03030
8436628,8437361,733,id03030
8437361,8438268,907,id03030
8438268,8438683,415,id03030
8438683,8439288,605,id03030
8439288,8439872,584,id03030
8439872,8440513,641,id03030
8440513,8441169,656,id03030
8441169,8441492,323,id03030
8441492,8442061,569,id03030
8442061,8442415,354,id03030
8442415,8443173,758,id03030
8443173,8443542,369,id03030
8443542,8444008,466,id03030
8444008,8444608,600,id03030
8444608,8445464,856,id03030
8445464,8446002,538,id03030
8446002,8446627,625,id03030
8446627,8446981,354,id03030
8446981,8447366,385,id03030
8447366,8447797,431,id03030
8447797,8448473,676,id03030
8448473,8448806,333,id03030
8448806,8449518,712,id03030
8449518,8450496,978,id03030
8450496,8450886,390,id03030
8450886,8452100,1214,id03030
8452100,8454927,2827,id03030
8454927,8455424,497,id03030
8455424,8456699,1275,id03030
8456699,8457043,344,id03030
8457043,8457535,492,id03041
8457535,8457991,456,id03041
8457991,8458596,605,id03041
8458596,8459400,804,id03041
8459400,8459728,328,id03041
8459728,8460056,328,id03041
8460056,8460425,369,id03041
8460425,8460943,518,id03041
8460943,8461261,318,id03041
8461261,8461630,369,id03041
8461630,8462281,651,id03041
8462281,8462686,405,id03041
8462686,8463132,446,id03041
8463132,8463547,415,id03041
8463547,8463875,328,id03041
8463875,8464219,344,id03041
8464219,8464803,584,id03041
8464803,8465316,513,id03041
8465316,8465854,538,id03041
8465854,8466300,446,id03041
8466300,8466772,472,id03041
8466772,8467167,395,id03041
8467167,8467895,728,id03041
8467895,8468689,794,id03041
8468689,8469033,344,id03041
8469033,8469361,328,id03041
8469361,8469756,395,id03041
8469756,8470192,436,id03041
8470192,8470617,425,id03041
8470617,8471447,830,id03041
8471447,8471893,446,id03041
8471893,8472636,743,id03041
8472636,8473005,369,id03041
8473005,8473354,349,id03041
8473354,8473820,466,id03041
8473820,8474266,446,id03041
8474266,8474994,728,id03041
8474994,8475553,559,id03041
8475553,8475912,359,id03041
8475912,8476240,328,id03041
8476240,8476655,415,id03041
8476655,8477377,722,id03041
8477377,8477705,328,id03041
8477705,8478033,328,id03041
8478033,8478377,344,id03041
8478377,8478741,364,id03041
8478741,8479397,656,id03041
8479397,8479853,456,id03041
8479853,8480217,364,id03041
8480217,8480596,379,id03041
8480596,8481047,451,id03041
8481047,8481426,379,id03041
8481426,8481939,513,id03041
8481939,8482385,446,id03041
8482385,8482862,477,id03041
8482862,8483467,605,id03127
8483467,8483985,518,id03127
8483985,8484451,466,id03127
8484451,8484805,354,id03127
8484805,8485312,507,id03127
8485312,8485763,451,id03127
8485763,8486235,472,id03127
8486235,8486553,318,id03127
8486553,8486922,369,id03127
8486922,8487573,651,id03127
8487573,8488075,502,id03127
8488075,8490267,2192,id03127
8490267,8490805,538,id03127
8490805,8491707,902,id03127
8491707,8492291,584,id03127
8492291,8493833,1542,id03127
8493833,8494340,507,id03127
8494340,8494827,487,id03127
8494827,8495273,446,id03127
8495273,8495745,472,id03127
8495745,8496647,902,id03127
8496647,8497016,369,id03127
8497016,8497529,513,id03127
8497529,8498103,574,id03127
8498103,8498790,687,id03127
8498790,8499405,615,id03127
8499405,8499907,502,id03127
8499907,8500481,574,id03127
8500481,8501116,635,id03127
8501116,8501659,543,id03127
8501659,8502125,466,id03127
8502125,8502515,390,id03127
8502515,8503309,794,id03127
8503309,8503960,651,id03127
8503960,8504964,1004,id03127
8504964,8505292,328,id03127
8505292,8505666,374,id03127
8505666,8506516,850,id03127
8506516,8507244,728,id03127
8507244,8507700,456,id03127
8507700,8508428,728,id03127
8508428,8509652,1224,id03127
8509652,8511199,1547,id03127
8511199,8511717,518,id03127
8511717,8512439,722,id03127
8512439,8512834,395,id03127
8512834,8513280,446,id03127
8513280,8514038,758,id03127
8514038,8514638,600,id03127
8514638,8515504,866,id03127
8515504,8515919,415,id03127
8515919,8516365,446,id03127
8516365,8516816,451,id03127
8516816,8517282,466,id03127
8517282,8517743,461,id03127
8517743,8518076,333,id03127
8518076,8519085,1009,id03127
8519085,8519920,835,id03127
8519920,8521241,1321,id03127
8521241,8521610,369,id03127
8521610,8521989,379,id03127
8521989,8522394,405,id03127
8522394,8523224,830,id03127
8523224,8523952,728,id03127
8523952,8524311,359,id03127
8524311,8524685,374,id03127
8524685,8525433,748,id03127
8525433,8526161,728,id03127
8526161,8526510,349,id03127
8526510,8527104,594,id03127
8527104,8527719,615,id03127
8527719,8528037,318,id03127
8528037,8528360,323,id03127
8528360,8529968,1608,id03127
8529968,8531054,1086,id03127
8531054,8531756,702,id03127
8531756,8532427,671,id03127
8532427,8532883,456,id03127
8532883,8533554,671,id03127
8533554,8534087,533,id03127
8534087,8534635,548,id03127
8534635,8535398,763,id03127
8535398,8537134,1736,id03127
8537134,8538051,917,id03127
8538051,8538420,369,id03127
8538420,8539388,968,id03127
8539388,8539839,451,id03127
8539839,8540203,364,id03127
8540203,8540956,753,id03127
8540956,8541310,354,id03127
8541310,8541725,415,id03127
8541725,8542115,390,id03127
8542115,8542587,472,id03127
8542587,8543033,446,id03127
8543033,8543530,497,id03127
8543530,8543884,354,id03127
8543884,8544417,533,id03127
8544417,8544796,379,id03127
8544796,8545887,1091,id03127
8545887,8546574,687,id03127
8546574,8547255,681,id03127
8547255,8547583,328,id03127
8547583,8548101,518,id03127
8548101,8548419,318,id03127
8548419,8548850,431,id03127
8548850,8549173,323,id03127
8549173,8549547,374,id03127
8549547,8550208,661,id03127
8550208,8550628,420,id03127
8550628,8551161,533,id03127
8551161,8551505,344,id03127
8551505,8551977,472,id03127
8551977,8552295,318,id03127
8552295,8552613,318,id03127
8552613,8552951,338,id03127
8552951,8553474,523,id03127
8553474,8554263,789,id03127
8554263,8555103,840,id03127
8555103,8555841,738,id03127
8555841,8556763,922,id03127
8556763,8557450,687,id03127
8557450,8557788,338,id03127
8557788,8558434,646,id03127
8558434,8558998,564,id03127
8558998,8559429,431,id03127
8559429,8560310,881,id03127
8560310,8561007,697,id03127
8561007,8562042,1035,id03127
8562042,8562534,492,id03127
8562534,8563789,1255,id03127
8563789,8564921,1132,id03127
8564921,8565439,518,id03127
8565439,8565788,349,id03127
8565788,8566802,1014,id03127
8566802,8568400,1598,id03127
8568400,8568933,533,id03127
8568933,8569338,405,id03127
8569338,8571484,2146,id03127
8571484,8572283,799,id03127
8572283,8573676,1393,id03127
8573676,8574076,400,id03127
8574076,8575034,958,id03127
8575034,8575429,395,id03127
8575429,8575783,354,id03127
8575783,8576331,548,id03127
8576331,8576736,405,id03127
8576736,8577064,328,id03127
8577064,8577464,400,id03127
8577464,8577879,415,id03127
8577879,8578233,354,id03127
8578233,8579206,973,id03127
8579206,8579621,415,id03127
8579621,8580016,395,id03127
8580016,8581035,1019,id03127
8581035,8581481,446,id03127
8581481,8582337,856,id03127
8582337,8582691,354,id03127
8582691,8583429,738,id03127
8583429,8583798,369,id03127
8583798,8584136,338,id03127
8584136,8584669,533,id03127
8584669,8585048,379,id03127
8585048,8585586,538,id03127
8585586,8586646,1060,id03127
8586646,8587645,999,id03127
8587645,8588593,948,id03127
8588593,8589029,436,id03127
8589029,8589910,881,id03127
8589910,8591569,1659,id03127
8591569,8591897,328,id03127
8591897,8592681,784,id03127
8592681,8594289,1608,id03127
8594289,8594868,579,id03127
8594868,8595196,328,id03127
8595196,8595534,338,id03127
8595534,8596175,641,id03127
8596175,8597768,1593,id03127
8597768,8598711,943,id03127
8598711,8599572,861,id03127
8599572,8599890,318,id03127
8599890,8600336,446,id03127
8600336,8601161,825,id03127
8601161,8602037,876,id03127
8602037,8602964,927,id03127
8602964,8603323,359,id03127
8603323,8603748,425,id03127
8603748,8604824,1076,id03127
8604824,8605613,789,id03127
8605613,8606463,850,id03127
8606463,8607421,958,id03127
8607421,8608046,625,id03127
8608046,8608656,610,id03127
8608656,8609798,1142,id03127
8609798,8611360,1562,id03127
8611360,8611842,482,id03127
8611842,8612416,574,id03127
8612416,8614577,2161,id03127
8614577,8615018,441,id03127
8615018,8615362,344,id03127
8615362,8615926,564,id03127
8615926,8617565,1639,id03127
8617565,8618149,584,id03127
8618149,8619399,1250,id03127
8619399,8620075,676,id03127
8620075,8621432,1357,id03127
8621432,8622544,1112,id03127
8622544,8623799,1255,id03127
8623799,8625213,1414,id03127
8625213,8625910,697,id03127
8625910,8626545,635,id03127
8626545,8627918,1373,id03127
8627918,8628338,420,id03127
8628338,8628794,456,id03127
8628794,8629895,1101,id03127
8629895,8630315,420,id03127
8630315,8630756,441,id03127
8630756,8632031,1275,id03127
8632031,8633291,1260,id03127
8633291,8633972,681,id03127
8633972,8634991,1019,id03127
8634991,8635693,702,id03127
8635693,8636323,630,id03127
8636323,8636846,523,id03127
8636846,8637333,487,id03127
8637333,8637769,436,id03127
8637769,8638875,1106,id03127
8638875,8639572,697,id03127
8639572,8639987,415,id03127
8639987,8640735,748,id03127
8640735,8641053,318,id03127
8641053,8641601,548,id03127
8641601,8642052,451,id03127
8642052,8644019,1967,id03127
8644019,8644639,620,id03127
8644639,8645597,958,id03127
8645597,8646238,641,id03127
8646238,8646576,338,id03127
8646576,8647094,518,id03127
8647094,8647709,615,id03127
8647709,8648350,641,id03127
8648350,8648694,344,id03127
8648694,8649591,897,id03127
8649591,8650047,456,id03127
8650047,8650867,820,id03127
8650867,8651518,651,id03127
8651518,8652609,1091,id03127
8652609,8653331,722,id03127
8653331,8653956,625,id03127
8653956,8654346,390,id03127
8654346,8655007,661,id03127
8655007,8655530,523,id03127
8655530,8656293,763,id03127
8656293,8656995,702,id03127
8656995,8657564,569,id03127
8657564,8658215,651,id03127
8658215,8658758,543,id03127
8658758,8660095,1337,id03127
8660095,8660515,420,id03127
8660515,8660992,477,id03127
8660992,8662206,1214,id03127
8662206,8662611,405,id03127
8662611,8663272,661,id03127
8663272,8663600,328,id03127
8663600,8664092,492,id03127
8664092,8665255,1163,id03127
8665255,8665660,405,id03127
8665660,8666234,574,id03127
8666234,8666787,553,id03127
8666787,8667433,646,id03127
8667433,8667848,415,id03127
8667848,8668396,548,id03127
8668396,8668770,374,id03127
8668770,8669211,441,id03127
8669211,8670082,871,id03127
8670082,8670477,395,id03127
8670477,8670805,328,id03127
8670805,8671200,395,id03127
8671200,8671554,354,id03127
8671554,8671944,390,id03127
8671944,8672620,676,id03127
8672620,8673250,630,id03127
8673250,8673742,492,id03127
8673742,8674336,594,id03127
8674336,8674659,323,id03127
8674659,8675300,641,id03127
8675300,8675951,651,id03127
8675951,8676300,349,id03127
8676300,8676797,497,id03127
8676797,8677381,584,id03127
8677381,8677735,354,id03127
8677735,8678360,625,id03127
8678360,8678760,400,id03127
8678760,8679447,687,id03127
8679447,8679980,533,id03127
8679980,8680298,318,id03127
8680298,8680718,420,id03127
8680718,8681097,379,id03127
8681097,8681435,338,id03127
8681435,8681779,344,id03127
8681779,8682292,513,id03127
8682292,8684085,1793,id03127
8684085,8684449,364,id03127
8684449,8685161,712,id03127
8685161,8686186,1025,id03127
8686186,8686709,523,id03127
8686709,8687165,456,id03127
8687165,8687954,789,id03127
8687954,8688446,492,id03127
8688446,8688815,369,id03127
8688815,8689210,395,id03127
8689210,8689707,497,id03127
8689707,8690056,349,id03127
8690056,8690855,799,id03127
8690855,8691301,446,id03127
8691301,8691655,354,id03127
8691655,8692086,431,id03127
8692086,8692614,528,id03127
8692614,8693162,548,id03127
8693162,8693649,487,id03127
8693649,8694397,748,id03127
8694397,8694966,569,id03127
8694966,8695330,364,id03127
8695330,8695648,318,id03127
8695648,8696063,415,id03127
8696063,8696576,513,id03127
8696576,8697345,769,id03127
8697345,8697965,620,id03127
8697965,8698749,784,id03127
8698749,8699241,492,id03127
8699241,8699917,676,id03127
8699917,8700337,420,id03127
8700337,8700681,344,id03127
8700681,8701480,799,id03127
8701480,8703764,2284,id03127
8703764,8704435,671,id03127
8704435,8704840,405,id03127
8704840,8706095,1255,id03127
8706095,8706423,328,id03127
8706423,8706930,507,id03127
8706930,8707448,518,id03127
8707448,8707991,543,id03127
8707991,8708765,774,id03127
8708765,8709344,579,id03127
8709344,8710097,753,id03127
8710097,8710953,856,id03127
8710953,8712571,1618,id03127
8712571,8714835,2264,id03127
8714835,8715926,1091,id03127
8715926,8717038,1112,id03127
8717038,8717433,395,id03127
8717433,8717797,364,id03127
8717797,8718960,1163,id03127
8718960,8719631,671,id03127
8719631,8720292,661,id03127
8720292,8720917,625,id03127
8720917,8721332,415,id03127
8721332,8721660,328,id03127
8721660,8722157,497,id03127
8722157,8722552,395,id03127
8722552,8722967,415,id03127
8722967,8723669,702,id03127
8723669,8724238,569,id03178
8724238,8724602,364,id03178
8724602,8725084,482,id03178
8725084,8725469,385,id03178
8725469,8726058,589,id03178
8726058,8726576,518,id03178
8726576,8727196,620,id03178
8727196,8727586,390,id03178
8727586,8728093,507,id03178
8728093,8728478,385,id03178
8728478,8728878,400,id03178
8728878,8729263,385,id03178
8729263,8729648,385,id03178
8729648,8730770,1122,id03178
8730770,8731155,385,id03178
8731155,8731493,338,id03178
8731493,8732251,758,id03178
8732251,8732620,369,id03178
8732620,8732999,379,id03178
8732999,8733414,415,id03178
8733414,8733752,338,id03178
8733752,8734142,390,id03178
8734142,8734639,497,id03178
8734639,8735121,482,id03178
8735121,8736381,1260,id03178
8736381,8737723,1342,id03178
8737723,8738143,420,id03178
8738143,8738748,605,id03178
8738748,8740761,2013,id03178
8740761,8741473,712,id03178
8741473,8741801,328,id03178
8741801,8742237,436,id03178
8742237,8742867,630,id03178
8742867,8743589,722,id03178
8743589,8744301,712,id03178
8744301,8744629,328,id03178
8744629,8744967,338,id03178
8744967,8745771,804,id03178
8745771,8746452,681,id03178
8746452,8746796,344,id03178
8746796,8748701,1905,id03178
8748701,8749173,472,id03178
8749173,8749716,543,id03178
8749716,8750546,830,id03178
8750546,8751704,1158,id03178
8751704,8752160,456,id03178
8752160,8752591,431,id03178
8752591,8754435,1844,id03178
8754435,8754927,492,id03178
8754927,8755593,666,id03178
8755593,8755988,395,id03178
8755988,8756731,743,id03178
8756731,8757213,482,id03178
8757213,8757761,548,id03178
8757761,8758658,897,id03178
8758658,8759729,1071,id03178
8759729,8760185,456,id03178
8760185,8761332,1147,id03178
8761332,8761737,405,id03178
8761737,8762383,646,id03178
8762383,8763146,763,id03178
8763146,8763915,769,id03178
8763915,8764515,600,id03178
8764515,8764879,364,id03178
8764879,8765627,748,id03178
8765627,8766099,472,id03178
8766099,8766919,820,id03178
8766919,8767529,610,id03178
8767529,8768021,492,id03178
8768021,8768349,328,id03178
8768349,8768836,487,id03178
8768836,8769154,318,id03178
8769154,8769713,559,id03178
8769713,8770620,907,id03178
8770620,8771296,676,id03178
8771296,8771701,405,id03178
8771701,8772065,364,id03178
8772065,8772460,395,id03178
8772460,8773444,984,id03178
8773444,8773839,395,id03178
8773839,8774162,323,id03178
8774162,8774577,415,id03178
8774577,8775253,676,id03178
8775253,8776027,774,id03178
8776027,8776458,431,id03178
8776458,8776863,405,id03178
8776863,8777601,738,id03178
8777601,8777945,344,id03178
8777945,8779389,1444,id03178
8779389,8779753,364,id03178
8779753,8780890,1137,id03178
8780890,8781551,661,id03178
8781551,8782094,543,id03178
8782094,8782704,610,id03178
8782704,8783068,364,id03178
8783068,8783601,533,id03178
8783601,8784354,753,id03178
8784354,8784749,395,id03178
8784749,8785067,318,id03178
8785067,8785574,507,id03178
8785574,8786261,687,id03178
8786261,8786589,328,id03178
8786589,8786999,410,id03178
8786999,8787926,927,id03178
8787926,8788526,600,id03178
8788526,8788905,379,id03178
8788905,8789402,497,id03178
8789402,8789797,395,id03178
8789797,8790320,523,id03178
8790320,8790745,425,id03178
8790745,8791130,385,id03178
8791130,8791499,369,id03178
8791499,8791894,395,id03178
8791894,8792248,354,id03178
8792248,8792607,359,id03178
8792607,8793079,472,id03178
8793079,8793474,395,id03178
8793474,8793812,338,id03178
8793812,8794232,420,id03178
8794232,8794596,364,id03178
8794596,8795114,518,id03178
8795114,8795539,425,id03178
8795539,8795857,318,id03178
8795857,8796277,420,id03178
8796277,8797117,840,id03178
8797117,8797471,354,id03178
8797471,8797932,461,id03178
8797932,8799090,1158,id03178
8799090,8799838,748,id03178
8799838,8800627,789,id03178
8800627,8801262,635,id03178
8801262,8802056,794,id03178
8802056,8802645,589,id03178
8802645,8803168,523,id03178
8803168,8803880,712,id03178
8803880,8804597,717,id03178
8804597,8805028,431,id03178
8805028,8805392,364,id03178
8805392,8806079,687,id03178
8806079,8806458,379,id03178
8806458,8807339,881,id03178
8807339,8808159,820,id03178
8808159,8809818,1659,id03178
8809818,8810182,364,id03178
8810182,8811406,1224,id03178
8811406,8814868,3462,id03178
8814868,8815626,758,id03178
8815626,8816241,615,id03178
8816241,8816779,538,id03178
8816779,8818525,1746,id03178
8818525,8818894,369,id03178
8818894,8819683,789,id03178
8819683,8820395,712,id03178
8820395,8820841,446,id03178
8820841,8821543,702,id03178
8821543,8822020,477,id03178
8822020,8823183,1163,id03178
8823183,8823588,405,id03178
8823588,8823926,338,id03178
8823926,8824264,338,id03178
8824264,8824623,359,id03178
8824623,8825105,482,id03178
8825105,8825449,344,id03178
8825449,8826248,799,id03178
8826248,8826720,472,id03178
8826720,8827606,886,id03178
8827606,8829076,1470,id03178
8829076,8830643,1567,id03178
8830643,8832430,1787,id03178
8832430,8832999,569,id03178
8832999,8833865,866,id03178
8833865,8835079,1214,id03178
8835079,8835566,487,id03178
8835566,8836754,1188,id03178
8836754,8837625,871,id03178
8837625,8839044,1419,id03178
8839044,8839454,410,id03178
8839454,8839818,364,id03178
8839818,8840197,379,id03178
8840197,8842020,1823,id03178
8842020,8842563,543,id03178
8842563,8842917,354,id03178
8842917,8843834,917,id03178
8843834,8844597,763,id03178
8844597,8845519,922,id03178
8845519,8846247,728,id03178
8846247,8846606,359,id03178
8846606,8847165,559,id03178
8847165,8847785,620,id03178
8847785,8848251,466,id03178
8848251,8848845,594,id03178
8848845,8849603,758,id03178
8849603,8850771,1168,id03178
8850771,8851447,676,id03178
8851447,8851990,543,id03178
8851990,8853122,1132,id03178
8853122,8854193,1071,id03178
8854193,8854936,743,id03178
8854936,8855274,338,id03178
8855274,8855817,543,id03178
8855817,8856565,748,id03178
8856565,8856898,333,id03178
8856898,8859008,2110,id03178
8859008,8859561,553,id03178
8859561,8860422,861,id03178
8860422,8860955,533,id03178
8860955,8861293,338,id03178
8861293,8862517,1224,id03178
8862517,8864135,1618,id03178
8864135,8864996,861,id03178
8864996,8865570,574,id03178
8865570,8865960,390,id03178
8865960,8867010,1050,id03178
8867010,8867374,364,id03178
8867374,8867825,451,id03178
8867825,8868245,420,id03178
8868245,8869807,1562,id03178
8869807,8870181,374,id03178
8870181,8870653,472,id03178
8870653,8871176,523,id03178
8871176,8871530,354,id03178
8871530,8871899,369,id03178
8871899,8872304,405,id03178
8872304,8872648,344,id03178
8872648,8873022,374,id03178
8873022,8873637,615,id03178
8873637,8873981,344,id03178
8873981,8874499,518,id03178
8874499,8874863,364,id03178
8874863,8875196,333,id03178
8875196,8875581,385,id03178
8875581,8875960,379,id03178
8875960,8876406,446,id03178
8876406,8876847,441,id03178
8876847,8878312,1465,id03178
8878312,8880422,2110,id03178
8880422,8882015,1593,id03178
8882015,8883741,1726,id03178
8883741,8886015,2274,id03178
8886015,8886476,461,id03178
8886476,8887029,553,id03178
8887029,8887690,661,id03178
8887690,8888802,1112,id03178
8888802,8889176,374,id03178
8889176,8890221,1045,id03178
8890221,8891624,1403,id03178
8891624,8892244,620,id03178
8892244,8892751,507,id03178
8892751,8893320,569,id03178
8893320,8893658,338,id03178
8893658,8894232,574,id03178
8894232,8895344,1112,id03178
8895344,8896148,804,id03178
8896148,8897065,917,id03178
8897065,8897429,364,id03178
8897429,8898285,856,id03178
8898285,8899064,779,id03178
8899064,8899766,702,id03178
8899766,8900120,354,id03178
8900120,8900505,385,id03178
8900505,8901099,594,id03178
8901099,8901632,533,id03178
8901632,8903368,1736,id03178
8903368,8904280,912,id03178
8904280,8906636,2356,id03178
8906636,8906985,349,id03178
8906985,8909428,2443,id03178
8909428,8910207,779,id03178
8910207,8912143,1936,id03178
8912143,8915123,2980,id03178
8915123,8915579,456,id03178
8915579,8915969,390,id03178
8915969,8916563,594,id03178
8916563,8916932,369,id03178
8916932,8917588,656,id03178
8917588,8918060,472,id03178
8918060,8918537,477,id03178
8918537,8919060,523,id03178
8919060,8919557,497,id03178
8919557,8919880,323,id03178
8919880,8920239,359,id03178
8920239,8920705,466,id03178
8920705,8921100,395,id03178
8921100,8921700,600,id03178
8921700,8922207,507,id03178
8922207,8923897,1690,id03178
8923897,8924317,420,id03178
8924317,8924686,369,id03178
8924686,8925137,451,id03178
8925137,8925972,835,id03178
8925972,8927273,1301,id03178
8927273,8927627,354,id03178
8927627,8928119,492,id03178
8928119,8929333,1214,id03178
8929333,8929651,318,id03178
8929651,8930148,497,id03178
8930148,8931408,1260,id03178
8931408,8931839,431,id03178
8931839,8932203,364,id03178
8932203,8932536,333,id03178
8932536,8932931,395,id03178
8932931,8933290,359,id03178
8933290,8933797,507,id03178
8933797,8934473,676,id03178
8934473,8934796,323,id03178
8934796,8935421,625,id03178
8935421,8936021,600,id03178
8936021,8936380,359,id03178
8936380,8936713,333,id03178
8936713,8937062,349,id03178
8937062,8937841,779,id03178
8937841,8938236,395,id03178
8938236,8938554,318,id03178
8938554,8938949,395,id03178
8938949,8939272,323,id03178
8939272,8939621,349,id03178
8939621,8941357,1736,id03178
8941357,8942576,1219,id03178
8942576,8943432,856,id03178
8943432,8943750,318,id03178
8943750,8945097,1347,id03178
8945097,8945553,456,id03178
8945553,8946700,1147,id03178
8946700,8947187,487,id03178
8947187,8948493,1306,id03178
8948493,8949784,1291,id03178
8949784,8950153,369,id03178
8950153,8950481,328,id03178
8950481,8950825,344,id03178
8950825,8951261,436,id03178
8951261,8951804,543,id03178
8951804,8952537,733,id03178
8952537,8953003,466,id03178
8953003,8953377,374,id03178
8953377,8954437,1060,id03178
8954437,8954862,425,id03178
8954862,8955462,600,id03347
8955462,8955800,338,id03347
8955800,8957536,1736,id03347
8957536,8958018,482,id03347
8958018,8958408,390,id03347
8958408,8958941,533,id03347
8958941,8959735,794,id03347
8959735,8960539,804,id03347
8960539,8961021,482,id03347
8961021,8962430,1409,id03347
8962430,8963050,620,id03347
8963050,8963440,390,id03347
8963440,8964040,600,id03347
8964040,8964547,507,id03347
8964547,8965259,712,id03347
8965259,8965690,431,id03347
8965690,8966095,405,id03347
8966095,8966556,461,id03347
8966556,8966941,385,id03347
8966941,8967914,973,id03347
8967914,8968447,533,id03347
8968447,8968785,338,id03347
8968785,8969303,518,id03347
8969303,8970220,917,id03347
8970220,8970789,569,id03347
8970789,8971255,466,id03347
8971255,8972367,1112,id03347
8972367,8973217,850,id03347
8973217,8973571,354,id03347
8973571,8973899,328,id03347
8973899,8974611,712,id03347
8974611,8975543,932,id03347
8975543,8976224,681,id03347
8976224,8978032,1808,id03347
8978032,8979410,1378,id03347
8979410,8980127,717,id03347
8980127,8980506,379,id03347
8980506,8981315,809,id03347
8981315,8982022,707,id03347
8982022,8983313,1291,id03347
8983313,8985776,2463,id03347
8985776,8987016,1240,id03347
8987016,8987790,774,id03347
8987790,8988594,804,id03347
8988594,8988989,395,id03347
8988989,8989548,559,id03347
8989548,8991044,1496,id03347
8991044,8991920,876,id03347
8991920,8993564,1644,id03347
8993564,8994312,748,id03347
8994312,8994671,359,id03347
8994671,8996044,1373,id03347
8996044,8996905,861,id03347
8996905,8997955,1050,id03347
8997955,8998698,743,id03347
8998698,8999241,543,id03347
8999241,8999912,671,id03347
8999912,9000394,482,id03347
9000394,9001132,738,id03347
9001132,9002602,1470,id03347
9002602,9003120,518,id03347
9003120,9003986,866,id03347
9003986,9005359,1373,id03347
9005359,9005994,635,id03347
9005994,9006317,323,id03347
9006317,9006783,466,id03347
9006783,9007214,431,id03347
9007214,9008244,1030,id03347
9008244,9008931,687,id03347
9008931,9009321,390,id03347
9009321,9009946,625,id03347
9009946,9010489,543,id03347
9010489,9011493,1004,id03347
9011493,9012144,651,id03347
9012144,9012959,815,id03347
9012959,9013472,513,id03347
9013472,9013821,349,id03347
9013821,9014267,446,id03347
9014267,9015297,1030,id03347
9015297,9015968,671,id03347
9015968,9016527,559,id03347
9016527,9016901,374,id03347
9016901,9017280,379,id03347
9017280,9017608,328,id03347
9017608,9018033,425,id03347
9018033,9018423,390,id03347
9018423,9018767,344,id03347
9018767,9019090,323,id03347
9019090,9019408,318,id03347
9019408,9019854,446,id03347
9019854,9020397,543,id03347
9020397,9020991,594,id03347
9020991,9021800,809,id03347
9021800,9022604,804,id03347
9022604,9023111,507,id03347
9023111,9023567,456,id03347
9023567,9024172,605,id03347
9024172,9024966,794,id03347
9024966,9025729,763,id03347
9025729,9026610,881,id03347
9026610,9027230,620,id03347
9027230,9027942,712,id03347
9027942,9028885,943,id03347
9028885,9029377,492,id03347
9029377,9029715,338,id03347
9029715,9030484,769,id03347
9030484,9032917,2433,id03347
9032917,9034464,1547,id03347
9034464,9034910,446,id03347
9034910,9035545,635,id03347
9035545,9036037,492,id03347
9036037,9037389,1352,id03347
9037389,9038173,784,id03347
9038173,9038491,318,id03347
9038491,9038809,318,id03347
9038809,9039137,328,id03347
9039137,9039624,487,id03347
9039624,9040531,907,id03347
9040531,9041781,1250,id03347
9041781,9042191,410,id03347
9042191,9042535,344,id03347
9042535,9043083,548,id03347
9043083,9043544,461,id03347
9043544,9044420,876,id03347
9044420,9045276,856,id03347
9045276,9045768,492,id03347
9045768,9046864,1096,id03347
9046864,9047208,344,id03347
9047208,9047654,446,id03347
9047654,9048136,482,id03347
9048136,9048915,779,id03347
9048915,9049289,374,id03347
9049289,9049720,431,id03347
9049720,9050151,431,id03347
9050151,9050566,415,id03347
9050566,9051125,559,id03347
9051125,9051448,323,id03347
9051448,9052176,728,id03347
9052176,9052622,446,id03347
9052622,9053037,415,id03347
9053037,9053442,405,id03347
9053442,9053786,344,id03347
9053786,9054457,671,id03347
9054457,9054847,390,id03347
9054847,9055441,594,id03347
9055441,9055779,338,id03347
9055779,9056788,1009,id03347
9056788,9057229,441,id03347
9057229,9057742,513,id03347
9057742,9058403,661,id03347
9058403,9059259,856,id03347
9059259,9059930,671,id03347
9059930,9060514,584,id03347
9060514,9060909,395,id03347
9060909,9062271,1362,id03347
9062271,9062743,472,id03347
9062743,9063558,815,id03347
9063558,9064286,728,id03347
9064286,9064619,333,id03347
9064619,9064957,338,id03347
9064957,9065301,344,id03347
9065301,9065619,318,id03347
9065619,9066178,559,id03347
9066178,9066824,646,id03347
9066824,9067490,666,id03347
9067490,9068013,523,id03347
9068013,9068418,405,id03347
9068418,9070190,1772,id03347
9070190,9071235,1045,id03347
9071235,9071788,553,id03347
9071788,9072464,676,id03347
9072464,9073698,1234,id03347
9073698,9074221,523,id03347
9074221,9075128,907,id03347
9075128,9076137,1009,id03347
9076137,9076598,461,id03347
9076598,9077336,738,id03347
9077336,9077761,425,id03347
9077761,9078371,610,id03347
9078371,9079288,917,id03347
9079288,9080026,738,id03347
9080026,9080564,538,id03347
9080564,9081583,1019,id03347
9081583,9081937,354,id03347
9081937,9082450,513,id03347
9082450,9082814,364,id03347
9082814,9083137,323,id03347
9083137,9083911,774,id03347
9083911,9084296,385,id03347
9084296,9084742,446,id03347
9084742,9085198,456,id03347
9085198,9085521,323,id03347
9085521,9085885,364,id03347
9085885,9086203,318,id03347
9086203,9086634,431,id03347
9086634,9087039,405,id03347
9087039,9087623,584,id03347
9087623,9088110,487,id03347
9088110,9088448,338,id03347
9088448,9089170,722,id03347
9089170,9089933,763,id03347
9089933,9090312,379,id03347
9090312,9090778,466,id03347
9090778,9091485,707,id03347
9091485,9092156,671,id03347
9092156,9092715,559,id03347
9092715,9093207,492,id03347
9093207,9093684,477,id03347
9093684,9094074,390,id03347
9094074,9094392,318,id03347
9094392,9095104,712,id03347
9095104,9096420,1316,id03347
9096420,9097291,871,id03347
9097291,9097727,436,id03347
9097727,9098670,943,id03347
9098670,9099341,671,id03347
9099341,9100145,804,id03347
9100145,9101088,943,id03347
9101088,9101698,610,id03347
9101698,9102804,1106,id03347
9102804,9103583,779,id03347
9103583,9103947,364,id03347
9103947,9104342,395,id03347
9104342,9105495,1153,id03347
9105495,9106530,1035,id03347
9106530,9107447,917,id03347
9107447,9108195,748,id03347
9108195,9109834,1639,id03347
9109834,9110838,1004,id03347
9110838,9111284,446,id03347
9111284,9112114,830,id03347
9112114,9112775,661,id03347
9112775,9113221,446,id03347
9113221,9113580,359,id03347
9113580,9114308,728,id03347
9114308,9115112,804,id03347
9115112,9115558,446,id03347
9115558,9115943,385,id03347
9115943,9116973,1030,id03347
9116973,9117777,804,id03347
9117777,9119385,1608,id03347
9119385,9119790,405,id03347
9119790,9120395,605,id03347
9120395,9120995,600,id03347
9120995,9121794,799,id03347
9121794,9122629,835,id03347
9122629,9123648,1019,id03347
9123648,9124857,1209,id03347
9124857,9125713,856,id03347
9125713,9128499,2786,id03347
9128499,9129252,753,id03347
9129252,9129985,733,id03347
9129985,9130339,354,id03347
9130339,9131108,769,id03347
9131108,9131513,405,id03347
9131513,9132184,671,id03347
9132184,9132825,641,id03347
9132825,9133291,466,id03347
9133291,9133962,671,id03347
9133962,9134408,446,id03347
9134408,9134905,497,id03347
9134905,9135428,523,id03347
9135428,9135782,354,id03347
9135782,9136202,420,id03347
9136202,9136581,379,id03347
9136581,9137094,513,id03347
9137094,9138078,984,id03347
9138078,9138463,385,id03347
9138463,9138919,456,id03347
9138919,9139600,681,id03347
9139600,9139954,354,id03347
9139954,9140815,861,id03347
9140815,9141927,1112,id03347
9141927,9142957,1030,id03347
9142957,9143516,559,id03347
9143516,9145006,1490,id03347
9145006,9145539,533,id03347
9145539,9146517,978,id03347
9146517,9147117,600,id03347
9147117,9147660,543,id03347
9147660,9148080,420,id03347
9148080,9149048,968,id03347
9149048,9149366,318,id03347
9149366,9149822,456,id03347
9149822,9150765,943,id03347
9150765,9151359,594,id03347
9151359,9152092,733,id03347
9152092,9152620,528,id03347
9152620,9153399,779,id03347
9153399,9154244,845,id03347
9154244,9156687,2443,id03347
9156687,9158224,1537,id03347
9158224,9159177,953,id03347
9159177,9160406,1229,id03347
9160406,9161134,728,id03347
9161134,9161713,579,id03347
9161713,9162354,641,id03347
9162354,9163210,856,id03347
9163210,9163851,641,id03347
9163851,9164609,758,id03347
9164609,9164947,338,id03347
9164947,9165378,431,id03347
9165378,9165788,410,id03347
9165788,9166418,630,id03347
9166418,9167171,753,id03347
9167171,9167540,369,id03347
9167540,9168534,994,id03347
9168534,9168913,379,id03347
9168913,9169477,564,id03347
9169477,9170742,1265,id03347
9170742,9171208,466,id03347
9171208,9172079,871,id03347
9172079,9172909,830,id03347
9172909,9173319,410,id03347
9173319,9173729,410,id03347
9173729,9174288,559,id03347
9174288,9175425,1137,id03347
9175425,9175753,328,id03347
9175753,9176455,702,id03347
9176455,9177024,569,id03347
9177024,9177736,712,id03347
9177736,9178069,333,id03347
9178069,9178597,528,id03347
9178597,9179140,543,id03347
9179140,9179699,559,id03347
9179699,9180084,385,id03347
9180084,9180489,405,id03347
9180489,9181058,569,id03347
9181058,9181427,369,id03347
9181427,9182206,779,id03347
9182206,9182765,559,id03347
9182765,9183114,349,id03347
9183114,9183499,385,id03347
9183499,9183981,482,id03347
9183981,9185103,1122,id03347
9185103,9186455,1352,id03347
9186455,9188130,1675,id03347
9188130,9188520,390,id03347
9188520,9190656,2136,id03347
9190656,9191896,1240,id03347
9191896,9194441,2545,id03347
9194441,9195501,1060,id03347
9195501,9196377,876,id03347
9196377,9197212,835,id03347
9197212,9198513,1301,id03347
9198513,9199676,1163,id03347
9199676,9200823,1147,id03347
9200823,9201469,646,id03347
9201469,9201946,477,id03347
9201946,9202735,789,id03347
9202735,9203642,907,id03347
9203642,9204748,1106,id03347
9204748,9205373,625,id03347
9205373,9206382,1009,id03347
9206382,9206726,344,id03347
9206726,9207080,354,id03347
9207080,9208002,922,id03347
9208002,9208735,733,id03347
9208735,9209222,487,id03347
9209222,9209653,431,id03347
9209653,9210038,385,id03347
9210038,9210428,390,id03347
9210428,9211345,917,id03347
9211345,9211673,328,id03347
9211673,9212728,1055,id03347
9212728,9213312,584,id03347
9213312,9213691,379,id03347
9213691,9214060,369,id03347
9214060,9216221,2161,id03347
9216221,9216831,610,id03347
9216831,9217292,461,id03347
9217292,9218393,1101,id03347
9218393,9219709,1316,id03347
9219709,9220324,615,id03347
9220324,9221180,856,id03347
9221180,9221616,436,id03347
9221616,9222088,472,id03347
9222088,9222928,840,id03347
9222928,9223353,425,id03347
9223353,9223722,369,id03347
9223722,9224388,666,id03347
9224388,9226298,1910,id03347
9226298,9227543,1245,id03347
9227543,9228450,907,id03347
9228450,9228804,354,id03347
9228804,9230038,1234,id03347
9230038,9230709,671,id03347
9230709,9231073,364,id03347
9231073,9231519,446,id03347
9231519,9231868,349,id03347
9231868,9232206,338,id03347
9232206,9232637,431,id03347
9232637,9233559,922,id03347
9233559,9234420,861,id03347
9234420,9235194,774,id03347
9235194,9235691,497,id03347
9235691,9236316,625,id03347
9236316,9237330,1014,id03347
9237330,9237853,523,id03347
9237853,9238796,943,id03347
9238796,9239211,415,id03347
9239211,9239974,763,id03347
9239974,9240789,815,id03347
9240789,9241527,738,id03347
9241527,9242255,728,id03347
9242255,9242593,338,id03347
9242593,9243879,1286,id03347
9243879,9244351,472,id03347
9244351,9245396,1045,id03347
9245396,9246083,687,id03347
9246083,9246421,338,id03347
9246421,9246831,410,id03347
9246831,9247646,815,id03347
9247646,9248087,441,id03347
9248087,9248748,661,id03347
9248748,9249291,543,id03347
9249291,9249681,390,id03347
9249681,9251658,1977,id03347
9251658,9252124,466,id03347
9252124,9252677,553,id03347
9252677,9253149,472,id03347
9253149,9253769,620,id03347
9253769,9254113,344,id03347
9254113,9254938,825,id03382
9254938,9255522,584,id03382
9255522,9256096,574,id03382
9256096,9256434,338,id03382
9256434,9257167,733,id03382
9257167,9258709,1542,id03382
9258709,9259769,1060,id03382
9259769,9260169,400,id03382
9260169,9260543,374,id03382
9260543,9260861,318,id03382
9260861,9261379,518,id03382
9261379,9261743,364,id03382
9261743,9262209,466,id03382
9262209,9262670,461,id03382
9262670,9263039,369,id03382
9263039,9263598,559,id03382
9263598,9264402,804,id03382
9264402,9264735,333,id03382
9264735,9265258,523,id03382
9265258,9265689,431,id03382
9265689,9266376,687,id03382
9266376,9267160,784,id03382
9267160,9267780,620,id03382
9267780,9268159,379,id03382
9268159,9268487,328,id03382
9268487,9269143,656,id03382
9269143,9270777,1634,id03382
9270777,9271223,446,id03382
9271223,9271577,354,id03382
9271577,9271997,420,id03382
9271997,9272463,466,id03382
9272463,9273406,943,id03382
9273406,9273760,354,id03382
9273760,9274288,528,id03382
9274288,9274836,548,id03382
9274836,9275164,328,id03382
9275164,9275533,369,id03382
9275533,9276742,1209,id03382
9276742,9277551,809,id03382
9277551,9278273,722,id03382
9278273,9279728,1455,id03382
9279728,9280532,804,id03382
9280532,9280963,431,id03382
9280963,9281291,328,id03382
9281291,9282106,815,id03382
9282106,9282772,666,id03382
9282772,9283249,477,id03382
9283249,9283598,349,id03382
9283598,9284059,461,id03382
9284059,9284423,364,id03382
9284423,9284869,446,id03382
9284869,9285192,323,id03382
9285192,9285638,446,id03382
9285638,9286238,600,id03382
9286238,9286791,553,id03382
9286791,9287283,492,id03382
9287283,9287755,472,id03382
9287755,9288088,333,id03382
9288088,9288990,902,id03382
9288990,9289712,722,id03382
9289712,9291049,1337,id03382
9291049,9292852,1803,id03382
9292852,9293216,364,id03382
9293216,9293672,456,id03382
9293672,9294159,487,id03382
9294159,9295900,1741,id03382
9295900,9296955,1055,id03382
9296955,9297350,395,id03382
9297350,9297868,518,id03382
9297868,9298258,390,id03382
9298258,9300107,1849,id03382
9300107,9300993,886,id03382
9300993,9303210,2217,id03382
9303210,9303779,569,id03382
9303779,9304409,630,id03382
9304409,9304783,374,id03382
9304783,9305280,497,id03382
9305280,9306504,1224,id03382
9306504,9307201,697,id03382
9307201,9308983,1782,id03382
9308983,9309352,369,id03382
9309352,9310110,758,id03382
9310110,9310535,425,id03382
9310535,9311370,835,id03382
9311370,9312482,1112,id03382
9312482,9312948,466,id03382
9312948,9313604,656,id03382
9313604,9314065,461,id03382
9314065,9314818,753,id03382
9314818,9316119,1301,id03382
9316119,9316898,779,id03382
9316898,9317216,318,id03382
9317216,9317775,559,id03382
9317775,9318195,420,id03382
9318195,9318620,425,id03382
9318620,9319445,825,id03382
9319445,9319768,323,id03382
9319768,9321043,1275,id03382
9321043,9322477,1434,id03382
9322477,9323599,1122,id03382
9323599,9323978,379,id03382
9323978,9324803,825,id03382
9324803,9325382,579,id03382
9325382,9325741,359,id03382
9325741,9326520,779,id03382
9326520,9327053,533,id03382
9327053,9327427,374,id03382
9327427,9327899,472,id03382
9327899,9328217,318,id03382
9328217,9328642,425,id03382
9328642,9329231,589,id03382
9329231,9330404,1173,id03382
9330404,9330794,390,id03382
9330794,9332233,1439,id03382
9332233,9333048,815,id03382
9333048,9333786,738,id03382
9333786,9334227,441,id03382
9334227,9335195,968,id03382
9335195,9336947,1752,id03382
9336947,9337639,692,id03382
9337639,9338694,1055,id03382
9338694,9339145,451,id03382
9339145,9340103,958,id03382
9340103,9340769,666,id03382
9340769,9341625,856,id03382
9341625,9341999,374,id03382
9341999,9342404,405,id03382
9342404,9342876,472,id03382
9342876,9343199,323,id03382
9343199,9343773,574,id03382
9343773,9345432,1659,id03382
9345432,9346523,1091,id03382
9346523,9346851,328,id03382
9346851,9347282,431,id03382
9347282,9347851,569,id03382
9347851,9348307,456,id03382
9348307,9349577,1270,id03382
9349577,9349956,379,id03382
9349956,9351160,1204,id03382
9351160,9351555,395,id03382
9351555,9351945,390,id03382
9351945,9352749,804,id03382
9352749,9353082,333,id03382
9353082,9353564,482,id03382
9353564,9354916,1352,id03382
9354916,9355301,385,id03382
9355301,9355634,333,id03382
9355634,9355983,349,id03382
9355983,9356475,492,id03382
9356475,9356865,390,id03382
9356865,9357193,328,id03382
9357193,9357557,364,id03382
9357557,9358013,456,id03382
9358013,9358418,405,id03382
9358418,9359437,1019,id03382
9359437,9359898,461,id03382
9359898,9360487,589,id03382
9360487,9360846,359,id03382
9360846,9361297,451,id03382
9361297,9361943,646,id03382
9361943,9362363,420,id03382
9362363,9363060,697,id03382
9363060,9363532,472,id03382
9363532,9363978,446,id03382
9363978,9365474,1496,id03382
9365474,9365869,395,id03382
9365869,9366274,405,id03382
9366274,9366659,385,id03382
9366659,9367125,466,id03382
9367125,9367853,728,id03382
9367853,9368386,533,id03382
9368386,9369190,804,id03382
9369190,9370383,1193,id03382
9370383,9370860,477,id03382
9370860,9371869,1009,id03382
9371869,9372248,379,id03382
9372248,9372822,574,id03382
9372822,9373212,390,id03382
9373212,9373566,354,id03382
9373566,9374201,635,id03524
9374201,9374744,543,id03524
9374744,9375241,497,id03524
9375241,9375585,344,id03524
9375585,9375985,400,id03524
9375985,9376308,323,id03524
9376308,9377548,1240,id03524
9377548,9378593,1045,id03524
9378593,9379065,472,id03524
9379065,9379654,589,id03524
9379654,9380197,543,id03524
9380197,9380694,497,id03524
9380694,9381657,963,id03524
9381657,9382031,374,id03524
9382031,9382472,441,id03524
9382472,9383148,676,id03524
9383148,9383476,328,id03524
9383476,9383804,328,id03524
9383804,9384286,482,id03524
9384286,9384701,415,id03524
9384701,9385116,415,id03524
9385116,9385516,400,id03524
9385516,9386162,646,id03524
9386162,9386567,405,id03524
9386567,9386931,364,id03524
9386931,9388514,1583,id03524
9388514,9389846,1332,id03524
9389846,9390522,676,id03524
9390522,9391675,1153,id03524
9391675,9392044,369,id03524
9392044,9393831,1787,id03524
9393831,9394169,338,id03524
9394169,9395700,1531,id03524
9395700,9396151,451,id03524
9396151,9396489,338,id03524
9396489,9397662,1173,id03524
9397662,9399199,1537,id03524
9399199,9399630,431,id03524
9399630,9400199,569,id03524
9400199,9401106,907,id03524
9401106,9401639,533,id03524
9401639,9402029,390,id03524
9402029,9402501,472,id03524
9402501,9403152,651,id03524
9403152,9404412,1260,id03524
9404412,9405175,763,id03524
9405175,9405508,333,id03524
9405508,9406195,687,id03524
9406195,9406646,451,id03524
9406646,9407005,359,id03524
9407005,9407333,328,id03524
9407333,9407810,477,id03524
9407810,9408809,999,id03524
9408809,9409731,922,id03524
9409731,9410576,845,id03524
9410576,9412025,1449,id03524
9412025,9412635,610,id03524
9412635,9413132,497,id03524
9413132,9413808,676,id03524
9413808,9414290,482,id03524
9414290,9415018,728,id03524
9415018,9416355,1337,id03524
9416355,9416852,497,id03524
9416852,9417190,338,id03524
9417190,9418404,1214,id03524
9418404,9419229,825,id03524
9419229,9419552,323,id03524
9419552,9419931,379,id03524
9419931,9420525,594,id03524
9420525,9420843,318,id03524
9420843,9421862,1019,id03524
9421862,9422257,395,id03524
9422257,9422718,461,id03524
9422718,9423113,395,id03524
9423113,9423462,349,id03524
9423462,9423800,338,id03524
9423800,9424307,507,id03524
9424307,9424855,548,id03524
9424855,9425270,415,id03524
9425270,9425808,538,id03524
9425808,9426126,318,id03524
9426126,9427207,1081,id03524
9427207,9427561,354,id03524
9427561,9427899,338,id03524
9427899,9428263,364,id03524
9428263,9428755,492,id03524
9428755,9429175,420,id03524
9429175,9430056,881,id03524
9430056,9430589,533,id03524
9430589,9431045,456,id03524
9431045,9431496,451,id03524
9431496,9431850,354,id03524
9431850,9432311,461,id03524
9432311,9432946,635,id03524
9432946,9433459,513,id03524
9433459,9434084,625,id03524
9434084,9434561,477,id03524
9434561,9435135,574,id03524
9435135,9435653,518,id03524
9435653,9436084,431,id03524
9436084,9436453,369,id03524
9436453,9437196,743,id03524
9437196,9437596,400,id03524
9437596,9437914,318,id03524
9437914,9438816,902,id03524
9438816,9439410,594,id03524
9439410,9439830,420,id03524
9439830,9440532,702,id03524
9440532,9440922,390,id03524
9440922,9441337,415,id03524
9441337,9441834,497,id03524
9441834,9442300,466,id03524
9442300,9442700,400,id03524
9442700,9443090,390,id03524
9443090,9443505,415,id03524
9443505,9444335,830,id03524
9444335,9444668,333,id03524
9444668,9445027,359,id03524
9445027,9445509,482,id03524
9445509,9445909,400,id03524
9445909,9446488,579,id03524
9446488,9446954,466,id03524
9446954,9447277,323,id03524
9447277,9447800,523,id03524
9447800,9448471,671,id03524
9448471,9448804,333,id03524
9448804,9449245,441,id03524
9449245,9449589,344,id03524
9449589,9449974,385,id03524
9449974,9450671,697,id03524
9450671,9451486,815,id03524
9451486,9452142,656,id03524
9452142,9453417,1275,id03524
9453417,9453761,344,id03524
9453761,9454268,507,id03524
9454268,9454857,589,id03524
9454857,9455216,359,id03524
9455216,9455913,697,id03524
9455913,9456313,400,id03524
9456313,9456662,349,id03524
9456662,9457205,543,id03524
9457205,9457625,420,id03524
9457625,9458491,866,id03524
9458491,9459106,615,id03524
9459106,9459808,702,id03524
9459808,9460162,354,id03524
9460162,9460485,323,id03524
9460485,9461197,712,id03524
9461197,9461750,553,id03524
9461750,9462800,1050,id03524
9462800,9463266,466,id03524
9463266,9463722,456,id03524
9463722,9464101,379,id03524
9464101,9464547,446,id03524
9464547,9465193,646,id03524
9465193,9465629,436,id03524
9465629,9465993,364,id03524
9465993,9466342,349,id03524
9466342,9467095,753,id03524
9467095,9467485,390,id03524
9467485,9467839,354,id03524
9467839,9468300,461,id03524
9468300,9468669,369,id03524
9468669,9469438,769,id03524
9469438,9469997,559,id03524
9469997,9470361,364,id03524
9470361,9470756,395,id03524
9470756,9471125,369,id03524
9471125,9471873,748,id03524
9471873,9472293,420,id03524
9472293,9472616,323,id03524
9472616,9473047,431,id03524
9473047,9473391,344,id03524
9473391,9473729,338,id03524
9473729,9474083,354,id03524
9474083,9474857,774,id03524
9474857,9475416,559,id03524
9475416,9476164,748,id03524
9476164,9476574,410,id03524
9476574,9477040,466,id03524
9477040,9477614,574,id03524
9477614,9478096,482,id03524
9478096,9478460,364,id03524
9478460,9478906,446,id03524
9478906,9479229,323,id03524
9479229,9479552,323,id03524
9479552,9479962,410,id03524
9479962,9480459,497,id03524
9480459,9480803,344,id03524
9480803,9481131,328,id03524
9481131,9481879,748,id03524
9481879,9482233,354,id03524
9482233,9482612,379,id03524
9482612,9483176,564,id03524
9483176,9484175,999,id03524
9484175,9484498,323,id03524
9484498,9485016,518,id03524
9485016,9485380,364,id03524
9485380,9486261,881,id03524
9486261,9486784,523,id03524
9486784,9487317,533,id03524
9487317,9487778,461,id03524
9487778,9488152,374,id03524
9488152,9488480,328,id03524
9488480,9488854,374,id03524
9488854,9489326,472,id03524
9489326,9489982,656,id03524
9489982,9490423,441,id03524
9490423,9491033,610,id03524
9491033,9491653,620,id03524
9491653,9491971,318,id03524
9491971,9492299,328,id03524
9492299,9492996,697,id03524
9492996,9494246,1250,id03524
9494246,9494579,333,id03524
9494579,9495097,518,id03524
9495097,9495492,395,id03524
9495492,9496399,907,id03524
9496399,9497536,1137,id03524
9497536,9498146,610,id03524
9498146,9498638,492,id03524
9498638,9499171,533,id03524
9499171,9499596,425,id03524
9499596,9500011,415,id03524
9500011,9500426,415,id03524
9500426,9500816,390,id03524
9500816,9501170,354,id03524
9501170,9501764,594,id03524
9501764,9502466,702,id03524
9502466,9502784,318,id03524
9502784,9503471,687,id03524
9503471,9504112,641,id03524
9504112,9504527,415,id03524
9504527,9504993,466,id03524
9504993,9505316,323,id03524
9505316,9505695,379,id03524
9505695,9506781,1086,id03524
9506781,9507340,559,id03524
9507340,9507771,431,id03524
9507771,9508135,364,id03524
9508135,9508453,318,id03524
9508453,9508935,482,id03524
9508935,9509289,354,id03524
9509289,9509822,533,id03524
9509822,9510207,385,id03524
9510207,9510571,364,id03524
9510571,9511201,630,id03524
9511201,9511591,390,id03524
9511591,9512185,594,id03524
9512185,9512651,466,id03524
9512651,9513123,472,id03524
9513123,9513943,820,id03524
9513943,9514389,446,id03524
9514389,9514794,405,id03524
9514794,9515230,436,id03524
9515230,9515650,420,id03524
9515650,9516101,451,id03524
9516101,9516660,559,id03524
9516660,9517039,379,id03524
9517039,9518033,994,id03524
9518033,9518412,379,id03524
9518412,9518827,415,id03524
9518827,9519283,456,id03524
9519283,9519647,364,id03524
9519647,9520078,431,id03524
9520078,9520703,625,id03524
9520703,9521062,359,id03524
9521062,9521544,482,id03524
9521544,9521872,328,id03524
9521872,9522205,333,id03524
9522205,9522671,466,id03524
9522671,9522989,318,id03524
9522989,9523363,374,id03524
9523363,9523794,431,id03524
9523794,9524542,748,id03524
9524542,9524901,359,id03524
9524901,9525332,431,id03524
9525332,9525717,385,id03524
9525717,9526388,671,id03524
9526388,9526711,323,id03524
9526711,9527101,390,id03524
9527101,9527890,789,id03524
9527890,9528459,569,id03524
9528459,9529018,559,id03524
9529018,9529474,456,id03524
9529474,9529961,487,id03524
9529961,9530279,318,id03524
9530279,9530735,456,id03524
9530735,9531529,794,id03524
9531529,9532042,513,id03524
9532042,9532508,466,id03524
9532508,9532846,338,id03524
9532846,9533640,794,id03524
9533640,9534035,395,id03524
9534035,9534578,543,id03524
9534578,9535428,850,id03524
9535428,9535823,395,id03524
9535823,9536254,431,id03524
9536254,9536649,395,id03524
9536649,9537003,354,id03524
9537003,9537480,477,id03524
9537480,9537808,328,id03524
9537808,9538187,379,id03524
9538187,9538546,359,id03524
9538546,9538874,328,id03524
9538874,9539381,507,id03524
9539381,9539796,415,id03524
9539796,9540380,584,id03524
9540380,9540795,415,id03524
9540795,9541732,937,id03524
9541732,9542198,466,id03524
9542198,9542603,405,id03524
9542603,9543023,420,id03524
9543023,9544135,1112,id03524
9544135,9545405,1270,id03524
9545405,9546194,789,id03524
9546194,9546666,472,id03524
9546666,9548243,1577,id03524
9548243,9548592,349,id03524
9548592,9548977,385,id03524
9548977,9549351,374,id03524
9549351,9550150,799,id03524
9550150,9550570,420,id03524
9550570,9550960,390,id03524
9550960,9551339,379,id03524
9551339,9551857,518,id03524
9551857,9552646,789,id03524
9552646,9553251,605,id03524
9553251,9553605,354,id03524
9553605,9554128,523,id03524
9554128,9554978,850,id03524
9554978,9555603,625,id03524
9555603,9556197,594,id03524
9556197,9557309,1112,id03524
9557309,9558052,743,id03524
9558052,9559123,1071,id03524
9559123,9559692,569,id03524
9559692,9560251,559,id03524
9560251,9560851,600,id03524
9560851,9562587,1736,id03524
9562587,9563217,630,id03524
9563217,9563724,507,id03524
9563724,9564375,651,id03524
9564375,9565574,1199,id03524
9565574,9566112,538,id03524
9566112,9566456,344,id03524
9566456,9566907,451,id03524
9566907,9567399,492,id03524
9567399,9567932,533,id03524
9567932,9568311,379,id03524
9568311,9568818,507,id03524
9568818,9569172,354,id03524
9569172,9569828,656,id03524
9569828,9570397,569,id03524
9570397,9570915,518,id03524
9570915,9571238,323,id03524
9571238,9572216,978,id03524
9572216,9572652,436,id03524
9572652,9572990,338,id03524
9572990,9573549,559,id03524
9573549,9573887,338,id03524
9573887,9574528,641,id03524
9574528,9574959,431,id03524
9574959,9575482,523,id03524
9575482,9576281,799,id03524
9576281,9576650,369,id03524
9576650,9577045,395,id03524
9577045,9577639,594,id03524
9577639,9578070,431,id03524
9578070,9578449,379,id03524
9578449,9578772,323,id03524
9578772,9579131,359,id03524
9579131,9579654,523,id03524
9579654,9579977,323,id03524
9579977,9580295,318,id03524
9580295,9580705,410,id03524
9580705,9581207,502,id03524
9581207,9581863,656,id03524
9581863,9582207,344,id03524
9582207,9582668,461,id03524
9582668,9583022,354,id03524
9583022,9583381,359,id03524
9583381,9583750,369,id03524
9583750,9584247,497,id03524
9584247,9584637,390,id03524
9584637,9585411,774,id03524
9585411,9586830,1419,id03524
9586830,9587184,354,id03524
9587184,9587753,569,id03524
9587753,9588081,328,id03524
9588081,9588471,390,id03524
9588471,9588927,456,id03524
9588927,9589306,379,id03524
9589306,9589650,344,id03524
9589650,9590065,415,id03524
9590065,9590434,369,id03524
9590434,9590772,338,id03524
9590772,9591459,687,id03524
9591459,9592381,922,id03524
9592381,9592776,395,id03524
9592776,9593120,344,id03524
9593120,9593576,456,id03524
9593576,9593914,338,id03524
9593914,9594258,344,id03524
9594258,9594755,497,id03524
9594755,9595165,410,id03524
9595165,9595560,395,id03524
9595560,9595996,436,id03524
9595996,9596596,600,id03524
9596596,9597068,472,id03524
9597068,9597534,466,id03524
9597534,9597857,323,id03524
9597857,9598226,369,id03524
9598226,9598616,390,id03524
9598616,9598970,354,id03524
9598970,9599452,482,id03524
9599452,9599908,456,id03524
9599908,9600267,359,id03524
9600267,9600590,323,id03524
9600590,9601179,589,id03524
9601179,9601548,369,id03524
9601548,9602066,518,id03524
9602066,9602394,328,id03524
9602394,9602927,533,id03524
9602927,9603265,338,id03524
9603265,9604008,743,id03524
9604008,9604720,712,id03524
9604720,9605586,866,id03524
9605586,9605965,379,id03524
9605965,9606488,523,id03524
9606488,9607277,789,id03524
9607277,9607749,472,id03524
9607749,9608256,507,id03524
9608256,9609316,1060,id03524
9609316,9609706,390,id03524
9609706,9610101,395,id03524
9610101,9610439,338,id03524
9610439,9611208,769,id03524
9611208,9611674,466,id03524
9611674,9612176,502,id03524
9612176,9612796,620,id03524
9612796,9613216,420,id03524
9613216,9613790,574,id03524
9613790,9614564,774,id03524
9614564,9615814,1250,id03524
9615814,9616311,497,id03524
9616311,9617197,886,id03524
9617197,9617622,425,id03524
9617622,9618001,379,id03524
9618001,9618739,738,id03524
9618739,9619067,328,id03524
9619067,9619754,687,id03524
9619754,9620108,354,id03524
9620108,9620426,318,id03524
9620426,9620770,344,id03524
9620770,9621175,405,id03524
9621175,9621974,799,id03524
9621974,9622661,687,id03524
9622661,9623163,502,id03524
9623163,9623522,359,id03524
9623522,9623855,333,id03524
9623855,9624280,425,id03524
9624280,9624880,600,id03524
9624880,9625674,794,id03524
9625674,9626197,523,id03524
9626197,9627181,984,id03524
9627181,9627852,671,id03524
9627852,9628503,651,id03524
9628503,9629103,600,id03524
9629103,9629436,333,id03524
9629436,9629774,338,id03524
9629774,9630138,364,id03524
9630138,9630466,328,id03524
9630466,9630963,497,id03524
9630963,9631317,354,id03524
9631317,9631814,497,id03524
9631814,9632132,318,id03524
9632132,9632947,815,id03524
9632947,9633316,369,id03524
9633316,9633654,338,id03524
9633654,9634023,369,id03524
9634023,9634402,379,id03524
9634402,9634981,579,id03524
9634981,9635319,338,id03524
9635319,9636175,856,id03524
9636175,9636713,538,id03524
9636713,9637118,405,id03524
9637118,9637671,553,id03524
9637671,9638112,441,id03524
9638112,9638502,390,id03524
9638502,9638917,415,id03524
9638917,9639808,891,id03524
9639808,9640141,333,id03524
9640141,9640469,328,id03524
9640469,9641304,835,id03524
9641304,9641888,584,id03524
9641888,9642242,354,id03524
9642242,9643113,871,id03524
9643113,9644127,1014,id03524
9644127,9644573,446,id03524
9644573,9644942,369,id03677
9644942,9645511,569,id03677
9645511,9646213,702,id03677
9646213,9646941,728,id03677
9646941,9647372,431,id03677
9647372,9647777,405,id03677
9647777,9649273,1496,id03677
9649273,9649611,338,id03677
9649611,9650328,717,id03677
9650328,9650887,559,id03677
9650887,9651415,528,id03677
9651415,9651835,420,id03677
9651835,9652158,323,id03677
9652158,9652573,415,id03677
9652573,9652963,390,id03677
9652963,9653470,507,id03677
9653470,9653998,528,id03677
9653998,9654418,420,id03677
9654418,9654746,328,id03677
9654746,9655346,600,id03677
9655346,9655910,564,id03677
9655910,9656356,446,id03677
9656356,9656715,359,id03677
9656715,9657299,584,id03677
9657299,9657694,395,id03677
9657694,9658022,328,id03677
9658022,9658596,574,id03677
9658596,9658924,328,id03677
9658924,9659447,523,id03677
9659447,9659944,497,id03677
9659944,9660462,518,id03677
9660462,9660882,420,id03677
9660882,9661200,318,id03677
9661200,9661733,533,id03677
9661733,9662158,425,id03677
9662158,9662758,600,id03677
9662758,9663122,364,id03677
9663122,9663742,620,id03677
9663742,9664608,866,id03677
9664608,9665126,518,id03677
9665126,9665464,338,id03677
9665464,9665895,431,id03677
9665895,9666710,815,id03677
9666710,9667146,436,id03677
9667146,9667771,625,id03677
9667771,9668176,405,id03677
9668176,9668857,681,id03677
9668857,9670102,1245,id03677
9670102,9671367,1265,id03677
9671367,9671946,579,id03677
9671946,9672290,344,id03677
9672290,9673325,1035,id03677
9673325,9673745,420,id03677
9673745,9674227,482,id03677
9674227,9675031,804,id03677
9675031,9675385,354,id03677
9675385,9676481,1096,id03677
9676481,9676901,420,id03677
9676901,9677260,359,id03677
9677260,9677685,425,id03677
9677685,9678126,441,id03677
9678126,9678526,400,id03677
9678526,9679008,482,id03677
9679008,9679459,451,id03677
9679459,9679874,415,id03677
9679874,9680376,502,id03677
9680376,9680889,513,id03677
9680889,9681381,492,id03677
9681381,9681812,431,id03677
9681812,9682616,804,id03677
9682616,9682939,323,id03677
9682939,9683498,559,id03677
9683498,9683954,456,id03677
9683954,9684298,344,id03677
9684298,9685072,774,id03677
9685072,9685554,482,id03677
9685554,9686456,902,id03677
9686456,9687808,1352,id03677
9687808,9688198,390,id03677
9688198,9688577,379,id03677
9688577,9689955,1378,id03677
9689955,9690386,431,id03677
9690386,9690873,487,id03677
9690873,9691314,441,id03677
9691314,9691637,323,id03677
9691637,9692544,907,id03677
9692544,9693947,1403,id03677
9693947,9694526,579,id03677
9694526,9695054,528,id03677
9695054,9695654,600,id03677
9695654,9696965,1311,id03677
9696965,9697309,344,id03677
9697309,9697647,338,id03677
9697647,9699009,1362,id03677
9699009,9699542,533,id03677
9699542,9699875,333,id03677
9699875,9700480,605,id03677
9700480,9700931,451,id03677
9700931,9701275,344,id03677
9701275,9701665,390,id03677
9701665,9702009,344,id03677
9702009,9702419,410,id03677
9702419,9702814,395,id03677
9702814,9703158,344,id03677
9703158,9703522,364,id03677
9703522,9703840,318,id03677
9703840,9706467,2627,id03677
9706467,9706816,349,id03677
9706816,9707247,431,id03677
9707247,9708625,1378,id03677
9708625,9709015,390,id03677
9709015,9709891,876,id03677
9709891,9710788,897,id03677
9710788,9711116,328,id03677
9711116,9711495,379,id03677
9711495,9711885,390,id03677
9711885,9712218,333,id03677
9712218,9712638,420,id03677
9712638,9713130,492,id03677
9713130,9713499,369,id03677
9713499,9714032,533,id03677
9714032,9714478,446,id03677
9714478,9714816,338,id03677
9714816,9715426,610,id03677
9715426,9715908,482,id03677
9715908,9716467,559,id03677
9716467,9716785,318,id03677
9716785,9717282,497,id03677
9717282,9717718,436,id03677
9717718,9718087,369,id03677
9718087,9718436,349,id03677
9718436,9718918,482,id03677
9718918,9719594,676,id03677
9719594,9719979,385,id03677
9719979,9720451,472,id03677
9720451,9720795,344,id03677
9720795,9721144,349,id03677
9721144,9721718,574,id03677
9721718,9722051,333,id03677
9722051,9722748,697,id03677
9722748,9723271,523,id03677
9723271,9724101,830,id03677
9724101,9724434,333,id03677
9724434,9725208,774,id03677
9725208,9725700,492,id03677
9725700,9726018,318,id03677
9726018,9726367,349,id03677
9726367,9726762,395,id03677
9726762,9727100,338,id03677
9727100,9727438,338,id03677
9727438,9728519,1081,id03677
9728519,9729134,615,id03677
9729134,9729903,769,id03677
9729903,9730979,1076,id03677
9730979,9732167,1188,id03677
9732167,9733125,958,id03677
9733125,9733730,605,id03677
9733730,9734345,615,id03677
9734345,9735866,1521,id03677
9735866,9736225,359,id03677
9736225,9737193,968,id03677
9737193,9737537,344,id03677
9737537,9738336,799,id03677
9738336,9738782,446,id03677
9738782,9742361,3579,id03677
9742361,9743083,722,id03677
9743083,9744005,922,id03677
9744005,9744359,354,id03677
9744359,9744984,625,id03677
9744984,9745456,472,id03677
9745456,9745774,318,id03677
9745774,9746312,538,id03677
9746312,9747321,1009,id03677
9747321,9747834,513,id03677
9747834,9748152,318,id03677
9748152,9748798,646,id03677
9748798,9749331,533,id03677
9749331,9749992,661,id03677
9749992,9750392,400,id03677
9750392,9750797,405,id03677
9750797,9751202,405,id03677
9751202,9751530,328,id03677
9751530,9752293,763,id03677
9752293,9753154,861,id03677
9753154,9753523,369,id03677
9753523,9753856,333,id03677
9753856,9754584,728,id03677
9754584,9755245,661,id03677
9755245,9756106,861,id03677
9756106,9756869,763,id03677
9756869,9757638,769,id03677
9757638,9758791,1153,id03677
9758791,9759298,507,id03677
9759298,9759821,523,id03677
9759821,9760339,518,id03677
9760339,9760862,523,id03677
9760862,9762096,1234,id03677
9762096,9762527,431,id03677
9762527,9763157,630,id03677
9763157,9763475,318,id03677
9763475,9763870,395,id03677
9763870,9764475,605,id03677
9764475,9765028,553,id03677
9765028,9765346,318,id03677
9765346,9765920,574,id03789
9765920,9766520,600,id03789
9766520,9767140,620,id03789
9767140,9767504,364,id03789
9767504,9767848,344,id03789
9767848,9768309,461,id03789
9768309,9768919,610,id03789
9768919,9769421,502,id03789
9769421,9771034,1613,id03789
9771034,9771357,323,id03789
9771357,9771803,446,id03789
9771803,9772147,344,id03789
9772147,9773202,1055,id03789
9773202,9775399,2197,id03789
9775399,9776111,712,id03789
9776111,9776808,697,id03789
9776808,9778007,1199,id03789
9778007,9779093,1086,id03789
9779093,9779841,748,id03789
9779841,9782980,3139,id03789
9782980,9783702,722,id03789
9783702,9784686,984,id03789
9784686,9786868,2182,id03789
9786868,9787877,1009,id03789
9787877,9788241,364,id03789
9788241,9788820,579,id03789
9788820,9789317,497,id03789
9789317,9789671,354,id03789
9789671,9790265,594,id03789
9790265,9791807,1542,id03789
9791807,9792186,379,id03789
9792186,9794091,1905,id03789
9794091,9794501,410,id03789
9794501,9794952,451,id03789
9794952,9795316,364,id03789
9795316,9795823,507,id03789
9795823,9796305,482,id03789
9796305,9796679,374,id03789
9796679,9797683,1004,id03789
9797683,9800699,3016,id03789
9800699,9801421,722,id03789
9801421,9801841,420,id03789
9801841,9802476,635,id03789
9802476,9803547,1071,id03789
9803547,9803875,328,id03789
9803875,9804280,405,id03789
9804280,9804700,420,id03789
9804700,9805520,820,id03789
9805520,9806248,728,id03789
9806248,9806714,466,id03789
9806714,9809054,2340,id03789
9809054,9810509,1455,id03789
9810509,9811093,584,id03789
9811093,9811805,712,id03789
9811805,9812446,641,id03789
9812446,9812836,390,id03789
9812836,9813302,466,id03789
9813302,9813886,584,id03789
9813886,9815033,1147,id03789
9815033,9816708,1675,id03789
9816708,9817492,784,id03789
9817492,9817810,318,id03789
9817810,9818343,533,id03789
9818343,9818743,400,id03789
9818743,9819225,482,id03789
9819225,9819635,410,id03789
9819635,9820117,482,id03789
9820117,9820537,420,id03789
9820537,9821157,620,id03789
9821157,9822386,1229,id03789
9822386,9822832,446,id03789
9822832,9823314,482,id03789
9823314,9823663,349,id03789
9823663,9824135,472,id03789
9824135,9824530,395,id03789
9824530,9825606,1076,id03789
9825606,9826385,779,id03789
9826385,9827087,702,id03789
9827087,9827538,451,id03789
9827538,9827907,369,id03789
9827907,9828338,431,id03789
9828338,9828938,600,id03789
9828938,9829676,738,id03789
9829676,9830127,451,id03789
9830127,9830547,420,id03789
9830547,9830921,374,id03789
9830921,9831331,410,id03789
9831331,9831864,533,id03789
9831864,9832192,328,id03789
9832192,9832914,722,id03789
9832914,9834845,1931,id03789
9834845,9835352,507,id03789
9835352,9836126,774,id03789
9836126,9836884,758,id03789
9836884,9838093,1209,id03789
9838093,9838979,886,id03789
9838979,9839445,466,id03789
9839445,9839968,523,id03789
9839968,9840716,748,id03789
9840716,9841310,594,id03789
9841310,9841689,379,id03789
9841689,9842498,809,id03789
9842498,9843543,1045,id03789
9843543,9844306,763,id03789
9844306,9845100,794,id03789
9845100,9845720,620,id03789
9845720,9846140,420,id03789
9846140,9846489,349,id03789
9846489,9846827,338,id03789
9846827,9847903,1076,id03789
9847903,9848579,676,id03789
9848579,9848912,333,id03789
9848912,9849245,333,id03789
9849245,9849660,415,id03789
9849660,9850587,927,id03789
9850587,9851837,1250,id03789
9851837,9853281,1444,id03789
9853281,9854587,1306,id03789
9854587,9855028,441,id03789
9855028,9855669,641,id03789
9855669,9856023,354,id03789
9856023,9856536,513,id03789
9856536,9856915,379,id03789
9856915,9857279,364,id03789
9857279,9857817,538,id03789
9857817,9858155,338,id03789
9858155,9858806,651,id03789
9858806,9859421,615,id03789
9859421,9861173,1752,id03789
9861173,9861716,543,id03789
9861716,9862213,497,id03789
9862213,9862669,456,id03789
9862669,9863084,415,id03789
9863084,9863428,344,id03789
9863428,9863766,338,id03789
9863766,9864161,395,id03789
9864161,9864817,656,id03789
9864817,9865283,466,id03789
9865283,9865790,507,id03789
9865790,9867086,1296,id03789
9867086,9867532,446,id03789
9867532,9868311,779,id03789
9868311,9868900,589,id03789
9868900,9869418,518,id03789
9869418,9869818,400,id03789
9869818,9870192,374,id03789
9870192,9871447,1255,id03789
9871447,9871867,420,id03789
9871867,9872671,804,id03789
9872671,9873583,912,id03789
9873583,9873911,328,id03789
9873911,9874900,989,id03789
9874900,9875459,559,id03789
9875459,9875838,379,id03789
9875838,9876182,344,id03789
9876182,9876561,379,id03789
9876561,9879229,2668,id03789
9879229,9879875,646,id03789
9879875,9880638,763,id03789
9880638,9881688,1050,id03789
9881688,9882928,1240,id03789
9882928,9883676,748,id03789
9883676,9884183,507,id03789
9884183,9884992,809,id03789
9884992,9885745,753,id03789
9885745,9886329,584,id03789
9886329,9886719,390,id03789
9886719,9888343,1624,id03789
9888343,9889060,717,id03789
9889060,9890013,953,id03789
9890013,9892364,2351,id03789
9892364,9892999,635,id03789
9892999,9893711,712,id03789
9893711,9894572,861,id03789
9894572,9895105,533,id03789
9895105,9895694,589,id03789
9895694,9897138,1444,id03789
9897138,9898419,1281,id03789
9898419,9899095,676,id03789
9899095,9899766,671,id03789
9899766,9900227,461,id03789
9900227,9900955,728,id03789
9900955,9901309,354,id03789
9901309,9902088,779,id03789
9902088,9902903,815,id03789
9902903,9903574,671,id03789
9903574,9904511,937,id03789
9904511,9905402,891,id03789
9905402,9906652,1250,id03789
9906652,9907395,743,id03789
9907395,9907739,344,id03789
9907739,9908144,405,id03789
9908144,9909148,1004,id03789
9909148,9911355,2207,id03789
9911355,9912876,1521,id03789
9912876,9913711,835,id03789
9913711,9914075,364,id03789
9914075,9914419,344,id03789
9914419,9915131,712,id03789
9915131,9915592,461,id03789
9915592,9916499,907,id03789
9916499,9916889,390,id03789
9916889,9917898,1009,id03789
9917898,9918871,973,id03789
9918871,9919235,364,id03789
9919235,9919589,354,id03789
9919589,9920470,881,id03789
9920470,9920875,405,id03789
9920875,9921265,390,id03789
9921265,9921583,318,id03789
9921583,9921988,405,id03789
9921988,9923934,1946,id03789
9923934,9924303,369,id03789
9924303,9924657,354,id03789
9924657,9925001,344,id03789
9925001,9925585,584,id03789
9925585,9926579,994,id03789
9926579,9926933,354,id03789
9926933,9927302,369,id03789
9927302,9927799,497,id03789
9927799,9928337,538,id03789
9928337,9929039,702,id03789
9929039,9929572,533,id03789
9929572,9930136,564,id03789
9930136,9930715,579,id03789
9930715,9931135,420,id03789
9931135,9932057,922,id03789
9932057,9934474,2417,id03789
9934474,9935949,1475,id03789
9935949,9936646,697,id03789
9936646,9937066,420,id03789
9937066,9937573,507,id03789
9937573,9938050,477,id03789
9938050,9938527,477,id03789
9938527,9938886,359,id03789
9938886,9939527,641,id03789
9939527,9940239,712,id03789
9940239,9941540,1301,id03789
9941540,9941955,415,id03789
9941955,9943492,1537,id03789
9943492,9944061,569,id03789
9944061,9944507,446,id03789
9944507,9945050,543,id03789
9945050,9945368,318,id03789
9945368,9945701,333,id03789
9945701,9946142,441,id03789
9946142,9946685,543,id03789
9946685,9947177,492,id03789
9947177,9947659,482,id03789
9947659,9948013,354,id03789
9948013,9948403,390,id03789
9948403,9948721,318,id03789
9948721,9949121,400,id03789
9949121,9949577,456,id03789
9949577,9949997,420,id03789
9949997,9950479,482,id03789
9950479,9950889,410,id03789
9950889,9951320,431,id03789
9951320,9951751,431,id03789
9951751,9952069,318,id03789
9952069,9952423,354,id03789
9952423,9952864,441,id03789
9952864,9953310,446,id03789
9953310,9953648,338,id03789
9953648,9956690,3042,id03789
9956690,9957192,502,id03789
9957192,9959005,1813,id03789
9959005,9961955,2950,id03789
9961955,9962483,528,id03789
9962483,9964552,2069,id03789
9964552,9965111,559,id03789
9965111,9965839,728,id03789
9965839,9966449,610,id03789
9966449,9967955,1506,id03789
9967955,9969323,1368,id03789
9969323,9969702,379,id03789
9969702,9970424,722,id03789
9970424,9971817,1393,id03789
9971817,9972202,385,id03789
9972202,9972720,518,id03789
9972720,9973115,395,id03789
9973115,9973494,379,id03789
9973494,9974191,697,id03789
9974191,9974714,523,id03789
9974714,9975078,364,id03789
9975078,9975647,569,id03789
9975647,9976359,712,id03789
9976359,9976723,364,id03789
9976723,9977276,553,id03789
9977276,9977707,431,id03789
9977707,9978030,323,id03789
9978030,9978379,349,id03789
9978379,9978748,369,id03789
9978748,9979076,328,id03789
9979076,9979501,425,id03789
9979501,9979845,344,id03789
9979845,9980455,610,id03789
9980455,9980845,390,id03789
9980845,9981235,390,id03789
9981235,9981783,548,id03789
9981783,9982142,359,id03789
9982142,9982793,651,id03789
9982793,9983515,722,id03789
9983515,9984017,502,id03789
9984017,9984376,359,id03789
9984376,9984991,615,id03789
9984991,9985652,661,id03789
9985652,9986067,415,id03789
9986067,9986498,431,id03789
9986498,9986893,395,id03789
9986893,9987252,359,id03789
9987252,9988220,968,id03789
9988220,9989035,815,id03789
9989035,9989363,328,id03789
9989363,9990603,1240,id03789
9990603,9990982,379,id03789
9990982,9991484,502,id03789
9991484,9992002,518,id03789
9992002,9992484,482,id03789
9992484,9992997,513,id03789
9992997,9993351,354,id03789
9993351,9993787,436,id03789
9993787,9994115,328,id03789
9994115,9994643,528,id03789
9994643,9995099,456,id03789
9995099,9995453,354,id03789
9995453,9995940,487,id03789
9995940,9996514,574,id03789
9996514,9997994,1480,id03789
9997994,9998435,441,id03789
9998435,9998860,425,id03789
9998860,9999265,405,id03789
9999265,9999854,589,id03789
9999854,10000326,472,id03789
10000326,10001530,1204,id03789
10001530,10002350,820,id03789
10002350,10002919,569,id03789
10002919,10003560,641,id03789
10003560,10004129,569,id03789
10004129,10004452,323,id03789
10004452,10005850,1398,id03789
10005850,10006224,374,id03789
10006224,10006644,420,id03789
10006644,10007315,671,id03789
10007315,10007833,518,id03789
10007833,10008591,758,id03789
10008591,10009037,446,id03789
10009037,10009550,513,id03789
10009550,10009873,323,id03789
10009873,10010319,446,id03789
10010319,10010791,472,id03789
10010791,10011227,436,id03789
10011227,10011734,507,id03789
10011734,10012221,487,id03789
10012221,10012611,390,id03789
10012611,10013118,507,id03789
10013118,10013497,379,id03789
10013497,10013851,354,id03789
10013851,10014200,349,id03789
10014200,10014590,390,id03789
10014590,10014959,369,id03789
10014959,10015390,431,id03789
10015390,10015990,600,id03789
10015990,10017035,1045,id03789
10017035,10020563,3528,id03789
10020563,10021029,466,id03789
10021029,10021475,446,id03789
10021475,10022151,676,id03789
10022151,10022556,405,id03789
10022556,10022946,390,id03789
10022946,10023955,1009,id03789
10023955,10024334,379,id03789
10024334,10024841,507,id03789
10024841,10025210,369,id03789
10025210,10025897,687,id03789
10025897,10026220,323,id03789
10026220,10026574,354,id03789
10026574,10029007,2433,id03789
10029007,10029898,891,id03789
10029898,10031665,1767,id03789
10031665,10036048,4383,id03789
10036048,10037820,1772,id03789
10037820,10038179,359,id03789
10038179,10038686,507,id03789
10038686,10039168,482,id03789
10039168,10040146,978,id03789
10040146,10040961,815,id03789
10040961,10041504,543,id03789
10041504,10042211,707,id03789
10042211,10043077,866,id03789
10043077,10044004,927,id03789
10044004,10044460,456,id03789
10044460,10045377,917,id03789
10045377,10046407,1030,id03789
10046407,10046945,538,id03789
10046945,10048215,1270,id03789
10048215,10050781,2566,id03789
10050781,10051166,385,id03789
10051166,10051750,584,id03789
10051750,10052657,907,id03789
10052657,10053323,666,id03789
10053323,10053667,344,id03789
10053667,10054057,390,id03789
10054057,10054390,333,id03789
10054390,10055614,1224,id03789
10055614,10055963,349,id03789
10055963,10056660,697,id03789
10056660,10057024,364,id03789
10057024,10057342,318,id03789
10057342,10058151,809,id03789
10058151,10058500,349,id03789
10058500,10059146,646,id03789
10059146,10059474,328,id03789
10059474,10060140,666,id03789
10060140,10060535,395,id03789
10060535,10061181,646,id03789
10061181,10061545,364,id03789
10061545,10061914,369,id03789
10061914,10062252,338,id03789
10062252,10062570,318,id03789
10062570,10062893,323,id03789
10062893,10063339,446,id03789
10063339,10063795,456,id03789
10063795,10064323,528,id03789
10064323,10064815,492,id03789
10064815,10065179,364,id03789
10065179,10065630,451,id03789
10065630,10066025,395,id03789
10066025,10066850,825,id03789
10066850,10067613,763,id03789
10067613,10067992,379,id03789
10067992,10068540,548,id03789
10068540,10069206,666,id03789
10069206,10070123,917,id03789
10070123,10070764,641,id03789
10070764,10071092,328,id03789
10071092,10071666,574,id03789
10071666,10072363,697,id03789
10072363,10072783,420,id03789
10072783,10073101,318,id03789
10073101,10073439,338,id03789
10073439,10073931,492,id03789
10073931,10074259,328,id03789
10074259,10074577,318,id03789
10074577,10075038,461,id03789
10075038,10075612,574,id03789
10075612,10076217,605,id03789
10076217,10076540,323,id03789
10076540,10076873,333,id03789
10076873,10077867,994,id03789
10077867,10078451,584,id03789
10078451,10079342,891,id03789
10079342,10079716,374,id03789
10079716,10080162,446,id03789
10080162,10080746,584,id03789
10080746,10081433,687,id03789
10081433,10081771,338,id03789
10081771,10082166,395,id03789
10082166,10082679,513,id03789
10082679,10083125,446,id03789
10083125,10083812,687,id03789
10083812,10084304,492,id03789
10084304,10084750,446,id03789
10084750,10085298,548,id03789
10085298,10086087,789,id03789
10086087,10087209,1122,id03789
10087209,10087855,646,id03789
10087855,10088280,425,id03789
10088280,10089130,850,id03789
10089130,10089719,589,id03789
10089719,10090057,338,id03789
10090057,10090754,697,id03789
10090754,10091860,1106,id03789
10091860,10092454,594,id03789
10092454,10092926,472,id03789
10092926,10093986,1060,id03789
10093986,10094929,943,id03789
10094929,10095334,405,id03789
10095334,10096405,1071,id03789
10096405,10096779,374,id03789
10096779,10097117,338,id03789
10097117,10097870,753,id03789
10097870,10098592,722,id03789
10098592,10099202,610,id03789
10099202,10099530,328,id03789
10099530,10099874,344,id03789
10099874,10101841,1967,id03789
10101841,10102205,364,id03789
10102205,10104520,2315,id03789
10104520,10105422,902,id03789
10105422,10107107,1685,id03789
10107107,10108188,1081,id03789
10108188,10110093,1905,id03789
10110093,10110990,897,id03789
10110990,10111451,461,id03789
10111451,10112086,635,id03789
10112086,10112870,784,id03789
10112870,10113301,431,id03789
10113301,10113870,569,id03789
10113870,10114311,441,id03789
10114311,10114716,405,id03839
10114716,10115075,359,id03839
10115075,10115454,379,id03839
10115454,10116054,600,id03839
10116054,10116418,364,id03839
10116418,10117120,702,id03839
10117120,10117940,820,id03839
10117940,10118319,379,id03839
10118319,10118683,364,id03839
10118683,10119103,420,id03839
10119103,10119534,431,id03839
10119534,10119898,364,id03839
10119898,10120344,446,id03839
10120344,10120713,369,id03839
10120713,10121159,446,id03839
10121159,10121569,410,id03839
10121569,10123525,1956,id03839
10123525,10123971,446,id03839
10123971,10125083,1112,id03839
10125083,10125939,856,id03839
10125939,10127004,1065,id03839
10127004,10127527,523,id03839
10127527,10128301,774,id03839
10128301,10128665,364,id03839
10128665,10129116,451,id03839
10129116,10130484,1368,id03839
10130484,10131058,574,id03839
10131058,10132333,1275,id03839
10132333,10133009,676,id03839
10133009,10133481,472,id03839
10133481,10133809,328,id03839
10133809,10134542,733,id03839
10134542,10134973,431,id03839
10134973,10135849,876,id03839
10135849,10136356,507,id03839
10136356,10136694,338,id03839
10136694,10137012,318,id03839
10137012,10137453,441,id03839
10137453,10137919,466,id03839
10137919,10138785,866,id03839
10138785,10139538,753,id03839
10139538,10140609,1071,id03839
10140609,10141040,431,id03839
10141040,10141573,533,id03839
10141573,10142014,441,id03839
10142014,10142685,671,id03839
10142685,10143459,774,id03839
10143459,10143787,328,id03839
10143787,10144817,1030,id03839
10144817,10145253,436,id03839
10145253,10148546,3293,id03839
10148546,10149596,1050,id03839
10149596,10150349,753,id03839
10150349,10150831,482,id03839
10150831,10152465,1634,id03839
10152465,10153833,1368,id03839
10153833,10154617,784,id03839
10154617,10155073,456,id03839
10155073,10155626,553,id03839
10155626,10157270,1644,id03839
10157270,10157690,420,id03839
10157690,10158080,390,id03839
10158080,10158577,497,id03839
10158577,10159002,425,id03839
10159002,10159489,487,id03839
10159489,10160094,605,id03839
10160094,10160422,328,id03839
10160422,10160791,369,id03839
10160791,10161263,472,id03839
10161263,10161729,466,id03839
10161729,10162185,456,id03839
10162185,10164290,2105,id03839
10164290,10164659,369,id03839
10164659,10165013,354,id03839
10165013,10165346,333,id03839
10165346,10165818,472,id03839
10165818,10166233,415,id03839
10166233,10166981,748,id03839
10166981,10167299,318,id03839
10167299,10167632,333,id03839
10167632,10168754,1122,id03839
10168754,10169092,338,id03839
10169092,10169410,318,id03839
10169410,10170189,779,id03839
10170189,10170625,436,id03839
10170625,10171312,687,id03839
10171312,10172091,779,id03839
10172091,10172460,369,id03839
10172460,10172983,523,id03839
10172983,10174248,1265,id03839
10174248,10175226,978,id03839
10175226,10176865,1639,id03839
10176865,10177337,472,id03839
10177337,10178290,953,id03839
10178290,10179402,1112,id03839
10179402,10180498,1096,id03839
10180498,10181953,1455,id03839
10181953,10182445,492,id03839
10182445,10184099,1654,id03839
10184099,10185374,1275,id03839
10185374,10185815,441,id03839
10185815,10186476,661,id03839
10186476,10186830,354,id03839
10186830,10187752,922,id03839
10187752,10188346,594,id03839
10188346,10190082,1736,id03839
10190082,10190876,794,id03839
10190876,10191706,830,id03839
10191706,10192613,907,id03839
10192613,10192931,318,id03839
10192931,10193781,850,id03839
10193781,10195584,1803,id03839
10195584,10195979,395,id03839
10195979,10196502,523,id03839
10196502,10197189,687,id03839
10197189,10197609,420,id03839
10197609,10198234,625,id03839
10198234,10198608,374,id03839
10198608,10199039,431,id03839
10199039,10201482,2443,id03839
10201482,10202035,553,id03839
10202035,10202583,548,id03839
10202583,10202998,415,id03839
10202998,10205016,2018,id03839
10205016,10205631,615,id03839
10205631,10206087,456,id03839
10206087,10206456,369,id03839
10206456,10207777,1321,id03839
10207777,10208320,543,id03839
10208320,10209237,917,id03839
10209237,10209601,364,id03839
10209601,10210421,820,id03839
10210421,10211435,1014,id03839
10211435,10212270,835,id03839
10212270,10212823,553,id03839
10212823,10213817,994,id03839
10213817,10214872,1055,id03839
10214872,10215354,482,id03839
10215354,10217397,2043,id03839
10217397,10218693,1296,id03839
10218693,10219042,349,id03839
10219042,10220072,1030,id03839
10220072,10220800,728,id03839
10220800,10221251,451,id03839
10221251,10222905,1654,id03839
10222905,10223684,779,id03839
10223684,10224371,687,id03839
10224371,10224889,518,id03839
10224889,10225755,866,id03839
10225755,10226145,390,id03839
10226145,10226750,605,id03839
10226750,10227206,456,id03839
10227206,10227739,533,id03839
10227739,10228241,502,id03839
10228241,10230121,1880,id03839
10230121,10230511,390,id03839
10230511,10231223,712,id03839
10231223,10232099,876,id03839
10232099,10232606,507,id03839
10232606,10233712,1106,id03839
10233712,10235115,1403,id03839
10235115,10235469,354,id03839
10235469,10235874,405,id03839
10235874,10236238,364,id03839
10236238,10237421,1183,id03839
10237421,10237800,379,id03839
10237800,10238594,794,id03839
10238594,10238973,379,id03839
10238973,10239363,390,id03839
10239363,10239870,507,id03839
10239870,10240521,651,id03839
10240521,10241556,1035,id03839
10241556,10241894,338,id03839
10241894,10243011,1117,id03839
10243011,10243861,850,id03839
10243861,10244179,318,id03839
10244179,10244891,712,id03839
10244891,10245240,349,id03839
10245240,10245712,472,id03839
10245712,10246383,671,id03839
10246383,10246701,318,id03839
10246701,10247029,328,id03839
10247029,10247593,564,id03839
10247593,10247957,364,id03839
10247957,10248577,620,id03839
10248577,10249202,625,id03839
10249202,10249674,472,id03839
10249674,10250217,543,id03839
10250217,10250714,497,id03839
10250714,10251109,395,id03839
10251109,10251483,374,id03839
10251483,10252272,789,id03839
10252272,10252943,671,id03839
10252943,10253363,420,id03839
10253363,10253742,379,id03839
10253742,10254301,559,id03839
10254301,10254655,354,id03839
10254655,10255040,385,id03839
10255040,10255450,410,id03839
10255450,10256531,1081,id03839
10256531,10256910,379,id03839
10256910,10257310,400,id03839
10257310,10257971,661,id03839
10257971,10258309,338,id03839
10258309,10259200,891,id03839
10259200,10259615,415,id03839
10259615,10260640,1025,id03839
10260640,10261516,876,id03839
10261516,10262387,871,id03839
10262387,10262787,400,id03839
10262787,10264175,1388,id03839
10264175,10264524,349,id03839
10264524,10264919,395,id03839
10264919,10265442,523,id03839
10265442,10265934,492,id03839
10265934,10266406,472,id03839
10266406,10267000,594,id03839
10267000,10267323,323,id03839
10267323,10267974,651,id03839
10267974,10268333,359,id03839
10268333,10269982,1649,id03839
10269982,10270479,497,id03839
10270479,10270812,333,id03839
10270812,10271749,937,id03839
10271749,10272072,323,id03839
10272072,10272503,431,id03839
10272503,10272918,415,id03839
10272918,10273620,702,id03839
10273620,10274977,1357,id03839
10274977,10275362,385,id03839
10275362,10275741,379,id03839
10275741,10276069,328,id03839
10276069,10276474,405,id03839
10276474,10277109,635,id03839
10277109,10277447,338,id03839
10277447,10277811,364,id03839
10277811,10278242,431,id03839
10278242,10278852,610,id03839
10278852,10279334,482,id03839
10279334,10279739,405,id03839
10279739,10280221,482,id03839
10280221,10280652,431,id03839
10280652,10281175,523,id03839
10281175,10281964,789,id03839
10281964,10282620,656,id03839
10282620,10283261,641,id03839
10283261,10283743,482,id03839
10283743,10284542,799,id03839
10284542,10284906,364,id03839
10284906,10285490,584,id03839
10285490,10286136,646,id03839
10286136,10286454,318,id03839
10286454,10286808,354,id03839
10286808,10287341,533,id03839
10287341,10287992,651,id03839
10287992,10288361,369,id03839
10288361,10288715,354,id03839
10288715,10289140,425,id03839
10289140,10289653,513,id03839
10289653,10290314,661,id03839
10290314,10290934,620,id03839
10290934,10291365,431,id03839
10291365,10292236,871,id03839
10292236,10293767,1531,id03839
10293767,10294095,328,id03839
10294095,10294577,482,id03839
10294577,10295479,902,id03839
10295479,10295797,318,id03839
10295797,10296182,385,id03839
10296182,10296705,523,id03839
10296705,10297381,676,id03839
10297381,10297714,333,id03839
10297714,10298452,738,id03839
10298452,10298934,482,id03839
10298934,10300962,2028,id03839
10300962,10302212,1250,id03839
10302212,10302888,676,id03839
10302888,10304240,1352,id03839
10304240,10304665,425,id03839
10304665,10306176,1511,id03839
10306176,10306801,625,id03839
10306801,10307216,415,id03839
10307216,10307580,364,id03839
10307580,10308164,584,id03839
10308164,10308549,385,id03839
10308549,10309067,518,id03839
10309067,10309452,385,id03839
10309452,10309949,497,id03839
10309949,10310272,323,id03839
10310272,10310616,344,id03839
10310616,10311405,789,id03839
10311405,10311933,528,id03839
10311933,10312568,635,id03839
10312568,10313306,738,id03839
10313306,10313757,451,id03839
10313757,10314188,431,id03839
10314188,10314910,722,id03839
10314910,10316022,1112,id03839
10316022,10316622,600,id03839
10316622,10318906,2284,id03839
10318906,10319705,799,id03839
10319705,10320151,446,id03839
10320151,10321508,1357,id03839
10321508,10322379,871,id03839
10322379,10323900,1521,id03839
10323900,10324218,318,id03839
10324218,10325959,1741,id03839
10325959,10326968,1009,id03839
10326968,10328110,1142,id03839
10328110,10328740,630,id03839
10328740,10329462,722,id03839
10329462,10330082,620,id03839
10330082,10330513,431,id03839
10330513,10331000,487,id03839
10331000,10331548,548,id03839
10331548,10332204,656,id03839
10332204,10332619,415,id03839
10332619,10332973,354,id03839
10332973,10333921,948,id03839
10333921,10334802,881,id03839
10334802,10335699,897,id03839
10335699,10336283,584,id03839
10336283,10336883,600,id03839
10336883,10337554,671,id03839
10337554,10338363,809,id03839
10338363,10339009,646,id03839
10339009,10339419,410,id03839
10339419,10339763,344,id03839
10339763,10340342,579,id03839
10340342,10340762,420,id03839
10340762,10341305,543,id03839
10341305,10341643,338,id03839
10341643,10342007,364,id03839
10342007,10342371,364,id03839
10342371,10343073,702,id03839
10343073,10343391,318,id03839
10343391,10343714,323,id03839
10343714,10344892,1178,id03839
10344892,10345492,600,id03839
10345492,10346163,671,id03839
10346163,10346624,461,id03839
10346624,10347121,497,id03839
10347121,10347772,651,id03839
10347772,10348218,446,id03839
10348218,10349068,850,id03839
10349068,10349458,390,id03839
10349458,10350493,1035,id03839
10350493,10351087,594,id03839
10351087,10351553,466,id03839
10351553,10352025,472,id03839
10352025,10352450,425,id03839
10352450,10353316,866,id03839
10353316,10354264,948,id03839
10354264,10354823,559,id03839
10354823,10356201,1378,id03839
10356201,10357476,1275,id03839
10357476,10357922,446,id03839
10357922,10358568,646,id03839
10358568,10359946,1378,id03839
10359946,10360960,1014,id03839
10360960,10361565,605,id03839
10361565,10362774,1209,id03839
10362774,10363630,856,id03839
10363630,10365095,1465,id03839
10365095,10365725,630,id03839
10365725,10366166,441,id03839
10366166,10367052,886,id03839
10367052,10368558,1506,id03839
10368558,10369178,620,id03839
10369178,10369506,328,id03839
10369506,10370177,671,id03839
10370177,10370771,594,id03839
10370771,10371237,466,id03839
10371237,10372077,840,id03839
10372077,10372723,646,id03839
10372723,10373056,333,id03839
10373056,10373615,559,id03839
10373615,10374235,620,id03839
10374235,10374604,369,id03839
10374604,10375024,420,id03839
10375024,10376345,1321,id03839
10376345,10376791,446,id03839
10376791,10377800,1009,id03839
10377800,10379347,1547,id03839
10379347,10380827,1480,id03839
10380827,10381647,820,id03839
10381647,10383342,1695,id03839
10383342,10383988,646,id03839
10383988,10384726,738,id03839
10384726,10385326,600,id03839
10385326,10386555,1229,id03839
10386555,10387820,1265,id03839
10387820,10388435,615,id03839
10388435,10389214,779,id03839
10389214,10389732,518,id03839
10389732,10390127,395,id03839
10390127,10390716,589,id03839
10390716,10393287,2571,id03839
10393287,10393835,548,id03839
10393835,10394481,646,id03839
10394481,10395475,994,id03839
10395475,10396612,1137,id03839
10396612,10397662,1050,id03839
10397662,10397980,318,id03839
10397980,10398324,344,id03839
10398324,10399287,963,id03839
10399287,10399917,630,id03839
10399917,10400911,994,id03839
10400911,10403441,2530,id03839
10403441,10403856,415,id03839
10403856,10404476,620,id03839
10404476,10405132,656,id03839
10405132,10405476,344,id03839
10405476,10406726,1250,id03839
10406726,10407105,379,id03839
10407105,10407633,528,id03839
10407633,10408268,635,id03839
10408268,10408740,472,id03839
10408740,10409094,354,id03839
10409094,10409694,600,id03839
10409694,10412260,2566,id03839
10412260,10413996,1736,id03839
10413996,10414345,349,id03839
10414345,10415016,671,id03839
10415016,10415457,441,id03839
10415457,10416251,794,id03839
10416251,10417091,840,id03839
10417091,10417762,671,id03839
10417762,10419288,1526,id03839
10419288,10419913,625,id03839
10419913,10420282,369,id03839
10420282,10420641,359,id03839
10420641,10421722,1081,id03839
10421722,10423084,1362,id03839
10423084,10423981,897,id03839
10423981,10425205,1224,id03839
10425205,10426091,886,id03839
10426091,10426854,763,id03839
10426854,10427525,671,id03839
10427525,10427884,359,id03839
10427884,10428330,446,id03839
10428330,10428771,441,id03839
10428771,10429319,548,id03839
10429319,10429760,441,id03839
10429760,10430288,528,id03839
10430288,10433345,3057,id03839
10433345,10434354,1009,id03839
10434354,10434851,497,id03839
10434851,10435200,349,id03839
10435200,10435876,676,id03839
10435876,10436204,328,id03839
10436204,10436727,523,id03839
10436727,10437705,978,id03839
10437705,10439759,2054,id03839
10439759,10440087,328,id03839
10440087,10440472,385,id03839
10440472,10441066,594,id03839
10441066,10441451,385,id03839
10441451,10442010,559,id03839
10442010,10442517,507,id03839
10442517,10443142,625,id03839
10443142,10443685,543,id03839
10443685,10444131,446,id03839
10444131,10445002,871,id03839
10445002,10446206,1204,id03839
10446206,10447737,1531,id03839
10447737,10448587,850,id03839
10448587,10449018,431,id03839
10449018,10449510,492,id03839
10449510,10449900,390,id03839
10449900,10450228,328,id03839
10450228,10450838,610,id03839
10450838,10451294,456,id03839
10451294,10451632,338,id03839
10451632,10451986,354,id03839
10451986,10452330,344,id03839
10452330,10453011,681,id03839
10453011,10453375,364,id03839
10453375,10453754,379,id03839
10453754,10454133,379,id03839
10454133,10454768,635,id03839
10454768,10455439,671,id03839
10455439,10456208,769,id03839
10456208,10456731,523,id03839
10456731,10457151,420,id03839
10457151,10457899,748,id03839
10457899,10458452,553,id03839
10458452,10459098,646,id03839
10459098,10459442,344,id03839
10459442,10460313,871,id03839
10460313,10461020,707,id03839
10461020,10461451,431,id03839
10461451,10461841,390,id03839
10461841,10462272,431,id03839
10462272,10462677,405,id03839
10462677,10463133,456,id03839
10463133,10463605,472,id03839
10463605,10464583,978,id03839
10464583,10464973,390,id03839
10464973,10465506,533,id03839
10465506,10466029,523,id03862
10466029,10466383,354,id03862
10466383,10467280,897,id03862
10467280,10468043,763,id03862
10468043,10470086,2043,id03862
10470086,10470639,553,id03862
10470639,10472616,1977,id03862
10472616,10474577,1961,id03862
10474577,10475658,1081,id03862
10475658,10476831,1173,id03862
10476831,10478260,1429,id03862
10478260,10478614,354,id03862
10478614,10478942,328,id03862
10478942,10481815,2873,id03862
10481815,10482271,456,id03862
10482271,10482609,338,id03862
10482609,10483280,671,id03862
10483280,10483782,502,id03862
10483782,10484469,687,id03862
10484469,10487060,2591,id03862
10487060,10489252,2192,id03862
10489252,10489836,584,id03862
10489836,10490497,661,id03862
10490497,10492786,2289,id03862
10492786,10493283,497,id03862
10493283,10494005,722,id03862
10494005,10494548,543,id03862
10494548,10496100,1552,id03862
10496100,10497862,1762,id03862
10497862,10498185,323,id03862
10498185,10498872,687,id03862
10498872,10499226,354,id03862
10499226,10499605,379,id03862
10499605,10500701,1096,id03862
10500701,10502186,1485,id03862
10502186,10502627,441,id03862
10502627,10503206,579,id03862
10503206,10504159,953,id03862
10504159,10504723,564,id03862
10504723,10505599,876,id03862
10505599,10506040,441,id03862
10506040,10506563,523,id03862
10506563,10507659,1096,id03862
10507659,10508499,840,id03862
10508499,10509134,635,id03862
10509134,10509836,702,id03862
10509836,10510686,850,id03862
10510686,10511004,318,id03862
10511004,10512556,1552,id03862
10512556,10515997,3441,id03862
10515997,10516361,364,id03862
10516361,10517979,1618,id03862
10517979,10519434,1455,id03862
10519434,10520668,1234,id03862
10520668,10521124,456,id03862
10521124,10521590,466,id03862
10521590,10522978,1388,id03862
10522978,10523895,917,id03862
10523895,10524658,763,id03862
10524658,10525892,1234,id03862
10525892,10527132,1240,id03862
10527132,10527808,676,id03862
10527808,10528300,492,id03862
10528300,10528833,533,id03862
10528833,10529274,441,id03862
10529274,10529699,425,id03862
10529699,10530667,968,id03862
10530667,10531482,815,id03862
10531482,10531877,395,id03862
10531877,10532574,697,id03862
10532574,10533583,1009,id03862
10533583,10535473,1890,id03862
10535473,10535980,507,id03862
10535980,10537716,1736,id03862
10537716,10538182,466,id03862
10538182,10540297,2115,id03862
10540297,10541178,881,id03862
10541178,10543339,2161,id03862
10543339,10543677,338,id03862
10543677,10546499,2822,id03862
10546499,10546991,492,id03862
10546991,10547949,958,id03862
10547949,10548400,451,id03862
10548400,10549409,1009,id03862
10549409,10549916,507,id03862
10549916,10550270,354,id03862
10550270,10550593,323,id03862
10550593,10551193,600,id03862
10551193,10552074,881,id03862
10552074,10552505,431,id03862
10552505,10552843,338,id03862
10552843,10555009,2166,id03862
10555009,10555378,369,id03862
10555378,10556423,1045,id03862
10556423,10557407,984,id03862
10557407,10557899,492,id03862
10557899,10558550,651,id03862
10558550,10559211,661,id03862
10559211,10559667,456,id03862
10559667,10559995,328,id03862
10559995,10562428,2433,id03862
10562428,10564026,1598,id03862
10564026,10565537,1511,id03862
10565537,10566178,641,id03862
10566178,10567341,1163,id03862
10567341,10568258,917,id03862
10568258,10568730,472,id03862
10568730,10569877,1147,id03862
10569877,10570430,553,id03862
10570430,10571188,758,id03862
10571188,10571506,318,id03862
10571506,10571885,379,id03862
10571885,10572976,1091,id03862
10572976,10573519,543,id03862
10573519,10575015,1496,id03862
10575015,10576019,1004,id03862
10576019,10576644,625,id03862
10576644,10576962,318,id03862
10576962,10577398,436,id03862
10577398,10578187,789,id03862
10578187,10579421,1234,id03862
10579421,10580625,1204,id03862
10580625,10581056,431,id03862
10581056,10581563,507,id03862
10581563,10581901,338,id03862
10581901,10582536,635,id03862
10582536,10582874,338,id03862
10582874,10583346,472,id03862
10583346,10584406,1060,id03862
10584406,10584888,482,id03862
10584888,10586076,1188,id03862
10586076,10587438,1362,id03862
10587438,10588447,1009,id03862
10588447,10588852,405,id03862
10588852,10589216,364,id03862
10589216,10589544,328,id03862
10589544,10589959,415,id03862
10589959,10590968,1009,id03862
10590968,10591552,584,id03862
10591552,10592233,681,id03862
10592233,10593380,1147,id03862
10593380,10594113,733,id03862
10594113,10594472,359,id03862
10594472,10595558,1086,id03862
10595558,10596383,825,id03862
10596383,10597080,697,id03862
10597080,10597782,702,id03862
10597782,10598648,866,id03862
10598648,10598981,333,id03862
10598981,10599386,405,id03862
10599386,10600180,794,id03862
10600180,10600534,354,id03862
10600534,10600852,318,id03862
10600852,10601493,641,id03862
10601493,10602523,1030,id03862
10602523,10602892,369,id03862
10602892,10603471,579,id03862
10603471,10603968,497,id03862
10603968,10604358,390,id03862
10604358,10604789,431,id03862
10604789,10605127,338,id03862
10605127,10605593,466,id03862
10605593,10606008,415,id03862
10606008,10606669,661,id03862
10606669,10607345,676,id03862
10607345,10608093,748,id03862
10608093,10608534,441,id03862
10608534,10610209,1675,id03862
10610209,10610962,753,id03862
10610962,10612842,1880,id03862
10612842,10614645,1803,id03862
10614645,10616079,1434,id03862
10616079,10618312,2233,id03862
10618312,10620268,1956,id03862
10620268,10621738,1470,id03862
10621738,10624903,3165,id03862
10624903,10625303,400,id03862
10625303,10627106,1803,id03862
10627106,10628315,1209,id03862
10628315,10629206,891,id03862
10629206,10631336,2130,id03862
10631336,10633390,2054,id03862
10633390,10634092,702,id03862
10634092,10635675,1583,id03862
10635675,10636556,881,id03862
10636556,10637028,472,id03862
10637028,10638544,1516,id03862
10638544,10639031,487,id03862
10639031,10639385,354,id03862
10639385,10640691,1306,id03862
10640691,10641168,477,id03862
10641168,10642070,902,id03862
10642070,10643397,1327,id03862
10643397,10645015,1618,id03862
10645015,10645589,574,id03862
10645589,10646311,722,id03862
10646311,10647177,866,id03862
10647177,10650193,3016,id03862
10650193,10651893,1700,id03862
10651893,10653158,1265,id03862
10653158,10656722,3564,id03862
10656722,10657332,610,id03862
10657332,10657727,395,id03862
10657727,10658122,395,id03862
10658122,10658809,687,id03862
10658809,10659542,733,id03862
10659542,10660792,1250,id03862
10660792,10662897,2105,id03862
10662897,10663681,784,id03862
10663681,10664890,1209,id03862
10664890,10665756,866,id03862
10665756,10667589,1833,id03862
10667589,10667907,318,id03862
10667907,10669065,1158,id03862
10669065,10669752,687,id03862
10669752,10670659,907,id03862
10670659,10671474,815,id03862
10671474,10672084,610,id03862
10672084,10673318,1234,id03862
10673318,10675295,1977,id03862
10675295,10675905,610,id03862
10675905,10676274,369,id03862
10676274,10676659,385,id03862
10676659,10677120,461,id03862
10677120,10677673,553,id03862
10677673,10678073,400,id03862
10678073,10678657,584,id03862
10678657,10679052,395,id03862
10679052,10679933,881,id03862
10679933,10680271,338,id03862
10680271,10680635,364,id03862
10680635,10681173,538,id03862
10681173,10682249,1076,id03862
10682249,10682828,579,id03862
10682828,10685537,2709,id03862
10685537,10687862,2325,id03862
10687862,10688206,344,id03862
10688206,10688626,420,id03862
10688626,10689379,753,id03862
10689379,10690619,1240,id03862
10690619,10690957,338,id03862
10690957,10691423,466,id03862
10691423,10691900,477,id03862
10691900,10692351,451,id03862
10692351,10693729,1378,id03862
10693729,10694088,359,id03862
10694088,10694503,415,id03862
10694503,10695487,984,id03862
10695487,10697059,1572,id03862
10697059,10697781,722,id03862
10697781,10698550,769,id03862
10698550,10699359,809,id03862
10699359,10703962,4603,id03862
10703962,10704946,984,id03862
10704946,10705510,564,id03862
10705510,10706023,513,id03862
10706023,10706735,712,id03862
10706735,10707140,405,id03862
10707140,10707745,605,id03862
10707745,10708339,594,id03862
10708339,10709174,835,id03862
10709174,10709866,692,id03862
10709866,10710742,876,id03862
10710742,10711173,431,id03862
10711173,10711511,338,id03862
10711511,10711875,364,id03862
10711875,10712326,451,id03862
10712326,10713479,1153,id03862
10713479,10714355,876,id03862
10714355,10715267,912,id03862
10715267,10716005,738,id03862
10716005,10716712,707,id03862
10716712,10717424,712,id03862
10717424,10718848,1424,id03862
10718848,10719192,344,id03862
10719192,10719592,400,id03862
10719592,10721477,1885,id03862
10721477,10721795,318,id03862
10721795,10722149,354,id03862
10722149,10722662,513,id03862
10722662,10723144,482,id03862
10723144,10723600,456,id03862
10723600,10724681,1081,id03862
10724681,10725035,354,id03862
10725035,10725404,369,id03862
10725404,10725722,318,id03862
10725722,10726690,968,id03862
10726690,10727156,466,id03862
10727156,10727612,456,id03862
10727612,10728309,697,id03862
10728309,10729165,856,id03862
10729165,10729565,400,id03862
10729565,10730021,456,id03862
10730021,10730534,513,id03862
10730534,10731615,1081,id03862
10731615,10733131,1516,id03862
10733131,10733505,374,id03862
10733505,10734396,891,id03862
10734396,10734893,497,id03862
10734893,10736174,1281,id03862
10736174,10736502,328,id03862
10736502,10737009,507,id03862
10737009,10737696,687,id03862
10737696,10738342,646,id03862
10738342,10738773,431,id03862
10738773,10741554,2781,id03862
10741554,10741892,338,id03862
10741892,10742748,856,id03862
10742748,10743593,845,id03862
10743593,10743988,395,id03862
10743988,10745074,1086,id03862
10745074,10746718,1644,id03862
10746718,10747446,728,id03862
10747446,10749151,1705,id03862
10749151,10753181,4030,id03862
10753181,10754103,922,id03862
10754103,10754585,482,id03862
10754585,10755041,456,id03862
10755041,10757320,2279,id03862
10757320,10758186,866,id03862
10758186,10760127,1941,id03862
10760127,10761085,958,id03862
10761085,10762012,927,id03862
10762012,10762939,927,id03862
10762939,10763600,661,id03862
10763600,10763974,374,id03862
10763974,10764743,769,id03862
10764743,10765747,1004,id03862
10765747,10766843,1096,id03862
10766843,10768523,1680,id03862
10768523,10769962,1439,id03862
10769962,10770398,436,id03862
10770398,10771264,866,id03862
10771264,10772002,738,id03862
10772002,10773083,1081,id03862
10773083,10774425,1342,id03862
10774425,10774825,400,id03862
10774825,10775271,446,id03862
10775271,10776121,850,id03862
10776121,10776628,507,id03862
10776628,10777279,651,id03862
10777279,10777812,533,id03862
10777812,10778949,1137,id03862
10778949,10780480,1531,id03862
10780480,10781484,1004,id03862
10781484,10782145,661,id03862
10782145,10782514,369,id03862
10782514,10782965,451,id03862
10782965,10783626,661,id03862
10783626,10783944,318,id03862
10783944,10785030,1086,id03862
10785030,10785435,405,id03862
10785435,10786163,728,id03862
10786163,10787812,1649,id03862
10787812,10788263,451,id03862
10788263,10792616,4353,id03862
10792616,10794890,2274,id03862
10794890,10796949,2059,id03862
10796949,10798045,1096,id03862
10798045,10800309,2264,id03862
10800309,10800781,472,id03862
10800781,10801176,395,id03862
10801176,10801648,472,id03862
10801648,10802063,415,id03862
10802063,10802391,328,id03862
10802391,10803400,1009,id03862
10803400,10804138,738,id03862
10804138,10804584,446,id03862
10804584,10806412,1828,id03862
10806412,10807032,620,id03862
10807032,10807754,722,id03862
10807754,10808108,354,id03862
10808108,10808713,605,id03862
10808713,10809323,610,id03862
10809323,10810368,1045,id03862
10810368,10811049,681,id03862
10811049,10811377,328,id03862
10811377,10813456,2079,id03862
10813456,10813846,390,id03862
10813846,10818127,4281,id03862
10818127,10818609,482,id03862
10818609,10819081,472,id03862
10819081,10819614,533,id03862
10819614,10819937,323,id03862
10819937,10820480,543,id03862
10820480,10821008,528,id03862
10821008,10821413,405,id03862
10821413,10822187,774,id03862
10822187,10822643,456,id03862
10822643,10823493,850,id03862
10823493,10824292,799,id03862
10824292,10826351,2059,id03862
10826351,10826945,594,id03862
10826945,10828210,1265,id03862
10828210,10828564,354,id03862
10828564,10829092,528,id03862
10829092,10829471,379,id03862
10829471,10830521,1050,id03862
10830521,10831515,994,id03862
10831515,10832063,548,id03862
10832063,10832893,830,id03862
10832893,10833278,385,id03862
10833278,10834896,1618,id03862
10834896,10837006,2110,id03862
10837006,10837503,497,id03862
10837503,10838077,574,id03862
10838077,10839194,1117,id03862
10839194,10839855,661,id03862
10839855,10840352,497,id03862
10840352,10840829,477,id03862
10840829,10841178,349,id03862
10841178,10842269,1091,id03862
10842269,10842628,359,id03862
10842628,10843755,1127,id03862
10843755,10845015,1260,id03862
10845015,10845830,815,id03862
10845830,10846537,707,id03862
10846537,10847019,482,id03862
10847019,10847444,425,id03862
10847444,10849139,1695,id03862
10849139,10849713,574,id03862
10849713,10853036,3323,id03862
10853036,10853369,333,id03862
10853369,10855325,1956,id03862
10855325,10856012,687,id03862
10856012,10856530,518,id03862
10856530,10858804,2274,id03862
10858804,10860074,1270,id03862
10860074,10861498,1424,id03862
10861498,10863014,1516,id03862
10863014,10863864,850,id03862
10863864,10864848,984,id03862
10864848,10865673,825,id03862
10865673,10866175,502,id03862
10866175,10866846,671,id03862
10866846,10867702,856,id03862
10867702,10868061,359,id03862
10868061,10868399,338,id03862
10868399,10869045,646,id03862
10869045,10869752,707,id03862
10869752,10871913,2161,id03862
10871913,10872953,1040,id03862
10872953,10875713,2760,id03862
10875713,10876087,374,id03862
10876087,10876518,431,id03862
10876518,10877015,497,id03862
10877015,10878152,1137,id03862
10878152,10878649,497,id03862
10878649,10879566,917,id03862
10879566,10880043,477,id03862
10880043,10880945,902,id03862
10880945,10882850,1905,id03862
10882850,10883316,466,id03862
10883316,10884028,712,id03862
10884028,10884382,354,id03862
10884382,10885038,656,id03862
10885038,10885458,420,id03862
10885458,10885914,456,id03862
10885914,10886805,891,id03862
10886805,10887809,1004,id03862
10887809,10888281,472,id03862
10888281,10888916,635,id03862
10888916,10889464,548,id03862
10889464,10890258,794,id03862
10890258,10890847,589,id03862
10890847,10891375,528,id03862
10891375,10891703,328,id03862
10891703,10892021,318,id03862
10892021,10892477,456,id03862
10892477,10892795,318,id03862
10892795,10893118,323,id03862
10893118,10893682,564,id03862
10893682,10894548,866,id03862
10894548,10895158,610,id03862
10895158,10896321,1163,id03862
10896321,10896972,651,id03862
10896972,10897454,482,id03862
10897454,10897967,513,id03862
10897967,10898408,441,id03862
10898408,10898741,333,id03862
10898741,10899929,1188,id03862
10899929,10901681,1752,id03862
10901681,10903750,2069,id03862
10903750,10905240,1490,id03862
10905240,10907222,1982,id03862
10907222,10910074,2852,id03862
10910074,10913315,3241,id03862
10913315,10914606,1291,id03862
10914606,10914955,349,id03862
10914955,10917731,2776,id03862
10917731,10919882,2151,id03862
10919882,10922258,2376,id03862
10922258,10923897,1639,id03862
10923897,10925331,1434,id03862
10925331,10926079,748,id03862
10926079,10926776,697,id03862
10926776,10927350,574,id03862
10927350,10927704,354,id03862
10927704,10928042,338,id03862
10928042,10928396,354,id03862
10928396,10928806,410,id03969
10928806,10929144,338,id03969
10929144,10930609,1465,id03969
10930609,10931275,666,id03969
10931275,10931926,651,id03969
10931926,10932264,338,id03969
10932264,10932618,354,id03969
10932618,10933033,415,id03969
10933033,10933351,318,id03969
10933351,10933679,328,id03969
10933679,10934017,338,id03969
10934017,10934683,666,id03969
10934683,10935431,748,id03969
10935431,10936046,615,id03969
10936046,10936492,446,id03969
10936492,10936974,482,id03969
10936974,10937722,748,id03969
10937722,10938045,323,id03969
10938045,10938486,441,id03969
10938486,10938968,482,id03969
10938968,10939373,405,id03969
10939373,10939778,405,id03969
10939778,10940096,318,id03969
10940096,10940434,338,id03969
10940434,10940788,354,id03969
10940788,10941106,318,id03969
10941106,10941603,497,id03969
10941603,10941926,323,id03969
10941926,10942285,359,id03969
10942285,10942639,354,id03969
10942639,10942977,338,id03969
10942977,10943561,584,id03969
10943561,10944452,891,id03969
10944452,10944954,502,id03969
10944954,10945344,390,id03969
10945344,10946046,702,id03969
10946046,10946446,400,id03969
10946446,10946969,523,id03969
10946969,10947374,405,id03969
10947374,10947743,369,id03969
10947743,10948517,774,id03969
10948517,10949173,656,id03969
10949173,10949726,553,id03969
10949726,10950269,543,id03969
10950269,10950638,369,id03969
10950638,10951335,697,id03969
10951335,10951725,390,id03969
10951725,10952268,543,id03969
10952268,10952596,328,id03969
10952596,10953221,625,id03969
10953221,10953728,507,id03969
10953728,10954369,641,id03969
10954369,10954733,364,id03969
10954733,10955389,656,id03969
10955389,10955891,502,id03969
10955891,10957013,1122,id03969
10957013,10957377,364,id03969
10957377,10957700,323,id03969
10957700,10958090,390,id03969
10958090,10958485,395,id03969
10958485,10958880,395,id03969
10958880,10959198,318,id03969
10959198,10959613,415,id03969
10959613,10960684,1071,id03969
10960684,10961488,804,id03969
10961488,10961970,482,id03969
10961970,10962426,456,id03969
10962426,10962841,415,id03969
10962841,10963410,569,id03969
10963410,10963851,441,id03969
10963851,10964236,385,id03969
10964236,10964661,425,id03969
10964661,10965102,441,id03969
10965102,10965543,441,id03969
10965543,10966025,482,id03969
10966025,10966399,374,id03969
10966399,10967009,610,id03969
10967009,10967834,825,id03969
10967834,10968833,999,id03969
10968833,10970590,1757,id03969
10970590,10970928,338,id03969
10970928,10971420,492,id03969
10971420,10971805,385,id03969
10971805,10972722,917,id03969
10972722,10973101,379,id03969
10973101,10973880,779,id03969
10973880,10974234,354,id03969
10974234,10974639,405,id03969
10974639,10974967,328,id03969
10974967,10975300,333,id03969
10975300,10976079,779,id03969
10976079,10976458,379,id03969
10976458,10976786,328,id03969
10976786,10977119,333,id03969
10977119,10977442,323,id03969
10977442,10978026,584,id03969
10978026,10978354,328,id03969
10978354,10978733,379,id03969
10978733,10979235,502,id03969
10979235,10979558,323,id03969
10979558,10979948,390,id03969
10979948,10980333,385,id03969
10980333,10982648,2315,id03969
10982648,10982992,344,id03969
10982992,10983505,513,id03969
10983505,10983987,482,id03969
10983987,10984443,456,id03969
10984443,10985012,569,id03969
10985012,10985386,374,id03969
10985386,10986318,932,id03969
10986318,10986948,630,id03969
10986948,10987860,912,id03969
10987860,10988301,441,id03969
10988301,10988619,318,id03969
10988619,10989167,548,id03969
10989167,10989490,323,id03969
10989490,10990023,533,id03969
10990023,10990459,436,id03969
10990459,10990803,344,id03969
10990803,10992237,1434,id03969
10992237,10992693,456,id03978
10992693,10993113,420,id03978
10993113,10993477,364,id03978
10993477,10994558,1081,id03978
10994558,10994978,420,id03978
10994978,10995675,697,id03978
10995675,10996029,354,id03978
10996029,10996460,431,id03978
10996460,10996993,533,id03978
10996993,10997367,374,id03978
10997367,10997844,477,id03978
10997844,10998479,635,id03978
10998479,10998828,349,id03978
10998828,10999166,338,id03978
10999166,10999494,328,id03978
10999494,10999966,472,id03978
10999966,11000340,374,id03978
11000340,11000694,354,id03978
11000694,11001022,328,id03978
11001022,11001360,338,id03978
11001360,11001724,364,id03978
11001724,11002170,446,id03978
11002170,11002698,528,id03978
11002698,11003016,318,id03978
11003016,11003349,333,id03978
11003349,11003836,487,id03978
11003836,11004154,318,id03978
11004154,11004933,779,id03978
11004933,11005389,456,id03978
11005389,11005820,431,id03978
11005820,11006230,410,id03978
11006230,11006584,354,id03978
11006584,11007214,630,id03978
11007214,11007901,687,id03978
11007901,11008659,758,id03978
11008659,11009663,1004,id03978
11009663,11010140,477,id03978
11010140,11010463,323,id03978
11010463,11010817,354,id03978
11010817,11011355,538,id03978
11011355,11012124,769,id03978
11012124,11012570,446,id03978
11012570,11013088,518,id03978
11013088,11013729,641,id03978
11013729,11014108,379,id03978
11014108,11015086,978,id03978
11015086,11015645,559,id03978
11015645,11016623,978,id03978
11016623,11017156,533,id03978
11017156,11017535,379,id03978
11017535,11017899,364,id03978
11017899,11018550,651,id03978
11018550,11019272,722,id03978
11019272,11019641,369,id03978
11019641,11020445,804,id03978
11020445,11020988,543,id03978
11020988,11021342,354,id03978
11021342,11021670,328,id03978
11021670,11022014,344,id03978
11022014,11022537,523,id03978
11022537,11022865,328,id03978
11022865,11023331,466,id03978
11023331,11023874,543,id03978
11023874,11024724,850,id03978
11024724,11025493,769,id03978
11025493,11025985,492,id03978
11025985,11026467,482,id03978
11026467,11027000,533,id03978
11027000,11027866,866,id03978
11027866,11028256,390,id03978
11028256,11028712,456,id03978
11028712,11029347,635,id03978
11029347,11029696,349,id03978
11029696,11031289,1593,id03978
11031289,11032124,835,id03978
11032124,11032503,379,id03978
11032503,11033277,774,id03978
11033277,11033969,692,id03978
11033969,11034599,630,id03978
11034599,11035414,815,id03978
11035414,11036259,845,id03978
11036259,11036597,338,id03978
11036597,11036966,369,id03978
11036966,11038610,1644,id03978
11038610,11039189,579,id03978
11039189,11039512,323,id03978
11039512,11040122,610,id03978
11040122,11040640,518,id03978
11040640,11040994,354,id03978
11040994,11041312,318,id03978
11041312,11041799,487,id03978
11041799,11042358,559,id03978
11042358,11043265,907,id03978
11043265,11043634,369,id03978
11043634,11044024,390,id03978
11044024,11044644,620,id03978
11044644,11045003,359,id03978
11045003,11045336,333,id03978
11045336,11046586,1250,id03978
11046586,11046981,395,id03978
11046981,11047340,359,id03978
11047340,11047694,354,id03978
11047694,11048022,328,id03980
11048022,11048581,559,id03980
11048581,11048971,390,id03980
11048971,11049402,431,id03980
11049402,11049971,569,id03980
11049971,11050786,815,id03980
11050786,11051104,318,id03980
11051104,11051499,395,id03980
11051499,11052288,789,id03980
11052288,11052944,656,id03980
11052944,11053313,369,id03980
11053313,11053708,395,id03980
11053708,11054226,518,id03980
11054226,11054713,487,id03980
11054713,11055256,543,id03980
11055256,11055676,420,id03980
11055676,11055994,318,id03980
11055994,11056527,533,id03980
11056527,11056871,344,id03980
11056871,11057793,922,id03980
11057793,11058336,543,id03980
11058336,11058782,446,id03980
11058782,11059325,543,id03980
11059325,11059663,338,id03980
11059663,11060037,374,id03980
11060037,11060365,328,id03980
11060365,11061195,830,id03980
11061195,11061846,651,id03980
11061846,11062359,513,id03980
11062359,11063215,856,id03980
11063215,11063543,328,id03980
11063543,11063881,338,id03980
11063881,11064291,410,id03980
11064291,11064757,466,id03980
11064757,11065295,538,id03980
11065295,11065767,472,id03980
11065767,11067017,1250,id03980
11067017,11067412,395,id03980
11067412,11068360,948,id03980
11068360,11068821,461,id03980
11068821,11070137,1316,id03980
11070137,11071279,1142,id03980
11071279,11071945,666,id03980
11071945,11072708,763,id03980
11072708,11073548,840,id03980
11073548,11073973,425,id03980
11073973,11074352,379,id03980
11074352,11074696,344,id03980
11074696,11075229,533,id03980
11075229,11076622,1393,id03980
11076622,11077350,728,id03980
11077350,11078308,958,id03980
11078308,11078739,431,id03980
11078739,11079159,420,id03980
11079159,11079584,425,id03980
11079584,11081540,1956,id03980
11081540,11081904,364,id03980
11081904,11082841,937,id03980
11082841,11083415,574,id03980
11083415,11083733,318,id03980
11083733,11084087,354,id03980
11084087,11084405,318,id03980
11084405,11085076,671,id03980
11085076,11085420,344,id03980
11085420,11086112,692,id03980
11086112,11086850,738,id03980
11086850,11087204,354,id03980
11087204,11088254,1050,id03980
11088254,11089376,1122,id03980
11089376,11089771,395,id03980
11089771,11090376,605,id03980
11090376,11090720,344,id03980
11090720,11091212,492,id03980
11091212,11091899,687,id03980
11091899,11092289,390,id03980
11092289,11092848,559,id03980
11092848,11093227,379,id03980
11093227,11093555,328,id03980
11093555,11094006,451,id03980
11094006,11094529,523,id03980
11094529,11094970,441,id03980
11094970,11095293,323,id03980
11095293,11095621,328,id03980
11095621,11095965,344,id03980
11095965,11096995,1030,id03980
11096995,11097984,989,id03980
11097984,11099157,1173,id03980
11099157,11099480,323,id03980
11099480,11099824,344,id03980
11099824,11100280,456,id03980
11100280,11100813,533,id03980
11100813,11101279,466,id03980
11101279,11101971,692,id03980
11101971,11102765,794,id03980
11102765,11103395,630,id03980
11103395,11103733,338,id03980
11103733,11104087,354,id03980
11104087,11106146,2059,id03980
11106146,11106904,758,id03980
11106904,11107611,707,id03980
11107611,11109311,1700,id03980
11109311,11110013,702,id03980
11110013,11110679,666,id03980
11110679,11111202,523,id03980
11111202,11111561,359,id03980
11111561,11111935,374,id03980
11111935,11112980,1045,id03980
11112980,11113605,625,id03980
11113605,11114179,574,id03980
11114179,11114528,349,id03980
11114528,11115076,548,id03980
11115076,11115645,569,id03980
11115645,11116050,405,id03980
11116050,11116440,390,id03980
11116440,11116835,395,id03980
11116835,11117629,794,id03980
11117629,11118101,472,id03980
11118101,11119028,927,id03980
11119028,11119387,359,id03980
11119387,11120017,630,id03980
11120017,11120437,420,id03980
11120437,11120975,538,id03980
11120975,11121549,574,id03980
11121549,11122399,850,id03980
11122399,11122753,354,id03980
11122753,11123107,354,id03980
11123107,11123676,569,id03980
11123676,11124608,932,id03980
11124608,11125807,1199,id03980
11125807,11126248,441,id03980
11126248,11127185,937,id03980
11127185,11128015,830,id03980
11128015,11129464,1449,id03980
11129464,11129905,441,id03980
11129905,11130551,646,id03981
11130551,11131089,538,id03981
11131089,11132405,1316,id03981
11132405,11132749,344,id03981
11132749,11133267,518,id03981
11133267,11133723,456,id03981
11133723,11134128,405,id03981
11134128,11134850,722,id03981
11134850,11135332,482,id03981
11135332,11135650,318,id03981
11135650,11136316,666,id03981
11136316,11137079,763,id03981
11137079,11137648,569,id03981
11137648,11138995,1347,id03981
11138995,11140798,1803,id03981
11140798,11141695,897,id03981
11141695,11142295,600,id03981
11142295,11142736,441,id03981
11142736,11143791,1055,id03981
11143791,11144529,738,id03981
11144529,11144873,344,id03981
11144873,11145227,354,id04006
11145227,11145565,338,id04006
11145565,11147854,2289,id04006
11147854,11148402,548,id04006
11148402,11148720,318,id04006
11148720,11149130,410,id04006
11149130,11149868,738,id04006
11149868,11150606,738,id04006
11150606,11150985,379,id04006
11150985,11151364,379,id04006
11151364,11152066,702,id04006
11152066,11152430,364,id04006
11152430,11154023,1593,id04006
11154023,11154981,958,id04006
11154981,11155908,927,id04006
11155908,11156262,354,id04006
11156262,11156769,507,id04006
11156769,11157123,354,id04006
11157123,11158572,1449,id04006
11158572,11158992,420,id04006
11158992,11159336,344,id04006
11159336,11160867,1531,id04006
11160867,11161973,1106,id04006
11161973,11162306,333,id04006
11162306,11163351,1045,id04006
11163351,11163720,369,id04006
11163720,11164186,466,id04006
11164186,11164524,338,id04006
11164524,11164878,354,id04006
11164878,11165391,513,id04006
11165391,11165919,528,id04006
11165919,11166744,825,id04006
11166744,11167277,533,id04006
11167277,11167790,513,id04006
11167790,11168282,492,id04006
11168282,11168610,328,id04006
11168610,11169547,937,id04006
11169547,11169916,369,id04006
11169916,11170434,518,id04006
11170434,11171069,635,id04006
11171069,11171571,502,id04006
11171571,11171909,338,id04006
11171909,11172253,344,id04006
11172253,11172571,318,id04006
11172571,11173068,497,id04006
11173068,11173473,405,id04006
11173473,11173811,338,id04006
11173811,11174196,385,id04006
11174196,11174540,344,id04006
11174540,11174884,344,id04006
11174884,11175253,369,id04006
11175253,11175597,344,id04006
11175597,11175976,379,id04006
11175976,11176524,548,id04006
11176524,11177287,763,id04006
11177287,11177805,518,id04006
11177805,11178768,963,id04006
11178768,11180161,1393,id04006
11180161,11180556,395,id04006
11180556,11180981,425,id04006
11180981,11182021,1040,id04006
11182021,11183184,1163,id04006
11183184,11184060,876,id04006
11184060,11184439,379,id04006
11184439,11186165,1726,id04006
11186165,11187056,891,id04006
11187056,11187420,364,id04006
11187420,11187892,472,id04006
11187892,11188261,369,id04006
11188261,11190647,2386,id04006
11190647,11191129,482,id04006
11191129,11191764,635,id04006
11191764,11192195,431,id04006
11192195,11192795,600,id04006
11192795,11193236,441,id04006
11193236,11194307,1071,id04006
11194307,11195091,784,id04006
11195091,11195685,594,id04006
11195685,11196781,1096,id04006
11196781,11197452,671,id04006
11197452,11197949,497,id04006
11197949,11199260,1311,id04006
11199260,11200699,1439,id04006
11200699,11201350,651,id04006
11201350,11202257,907,id04006
11202257,11203640,1383,id04006
11203640,11204803,1163,id04006
11204803,11205351,548,id04006
11205351,11206012,661,id04006
11206012,11206888,876,id04006
11206888,11207636,748,id04006
11207636,11208051,415,id04006
11208051,11209142,1091,id04006
11209142,11210970,1828,id04006
11210970,11211411,441,id04006
11211411,11211883,472,id04006
11211883,11212370,487,id04006
11212370,11213087,717,id04006
11213087,11213533,446,id04006
11213533,11213979,446,id04006
11213979,11214599,620,id04006
11214599,11215040,441,id04006
11215040,11215404,364,id04006
11215404,11215819,415,id04006
11215819,11216388,569,id04006
11216388,11216752,364,id04006
11216752,11217070,318,id04006
11217070,11217470,400,id04006
11217470,11218018,548,id04006
11218018,11218525,507,id04006
11218525,11219012,487,id04006
11219012,11219530,518,id04006
11219530,11219894,364,id04006
11219894,11220294,400,id04006
11220294,11220858,564,id04006
11220858,11221427,569,id04006
11221427,11221991,564,id04006
11221991,11222396,405,id04006
11222396,11223374,978,id04006
11223374,11223759,385,id04006
11223759,11224604,845,id04006
11224604,11224932,328,id04006
11224932,11225603,671,id04006
11225603,11226018,415,id04006
11226018,11226740,722,id04006
11226740,11227078,338,id04006
11227078,11227498,420,id04006
11227498,11227867,369,id04006
11227867,11228185,318,id04006
11228185,11228621,436,id04006
11228621,11229036,415,id04006
11229036,11229400,364,id04006
11229400,11230322,922,id04006
11230322,11231162,840,id04006
11231162,11231746,584,id04006
11231746,11232074,328,id04006
11232074,11232643,569,id04006
11232643,11233038,395,id04006
11233038,11234032,994,id04006
11234032,11234437,405,id04006
11234437,11234755,318,id04006
11234755,11235124,369,id04006
11235124,11235452,328,id04006
11235452,11235857,405,id04006
11235857,11236216,359,id04006
11236216,11236621,405,id04006
11236621,11236975,354,id04006
11236975,11237590,615,id04006
11237590,11239127,1537,id04006
11239127,11240694,1567,id04006
11240694,11241191,497,id04006
11241191,11241775,584,id04006
11241775,11242318,543,id04006
11242318,11243215,897,id04006
11243215,11243937,722,id04006
11243937,11244675,738,id04006
11244675,11245162,487,id04006
11245162,11245833,671,id04006
11245833,11246166,333,id04006
11246166,11246597,431,id04006
11246597,11247447,850,id04006
11247447,11248456,1009,id04006
11248456,11249168,712,id04006
11249168,11249803,635,id04006
11249803,11250218,415,id04006
11250218,11251109,891,id04006
11251109,11251540,431,id04006
11251540,11252165,625,id04006
11252165,11252734,569,id04006
11252734,11253195,461,id04006
11253195,11253513,318,id04006
11253513,11254947,1434,id04006
11254947,11255316,369,id04006
11255316,11255808,492,id04006
11255808,11256530,722,id04006
11256530,11258154,1624,id04006
11258154,11258928,774,id04006
11258928,11259625,697,id04006
11259625,11260327,702,id04006
11260327,11260824,497,id04006
11260824,11261239,415,id04006
11261239,11262146,907,id04006
11262146,11262976,830,id04006
11262976,11263919,943,id04006
11263919,11264524,605,id04006
11264524,11265124,600,id04006
11265124,11265846,722,id04006
11265846,11266594,748,id04006
11266594,11267153,559,id04006
11267153,11267809,656,id04006
11267809,11268270,461,id04006
11268270,11268854,584,id04006
11268854,11269397,543,id04006
11269397,11270068,671,id04006
11270068,11270437,369,id04006
11270437,11270811,374,id04006
11270811,11271211,400,id04006
11271211,11271949,738,id04006
11271949,11272436,487,id04006
11272436,11272815,379,id04006
11272815,11273189,374,id04006
11273189,11273604,415,id04006
11273604,11273937,333,id04006
11273937,11274357,420,id04006
11274357,11274875,518,id04006
11274875,11275889,1014,id04006
11275889,11276632,743,id04006
11276632,11277124,492,id04006
11277124,11277462,338,id04006
11277462,11277836,374,id04006
11277836,11278231,395,id04006
11278231,11278928,697,id04006
11278928,11279558,630,id04006
11279558,11280004,446,id04006
11280004,11280419,415,id04006
11280419,11280916,497,id04006
11280916,11281357,441,id04006
11281357,11281782,425,id04006
11281782,11282202,420,id04006
11282202,11282566,364,id04006
11282566,11282894,328,id04006
11282894,11283222,328,id04006
11283222,11283637,415,id04006
11283637,11284365,728,id04006
11284365,11284729,364,id04006
11284729,11285052,323,id04006
11285052,11285421,369,id04006
11285421,11286282,861,id04006
11286282,11286728,446,id04006
11286728,11287102,374,id04006
11287102,11287440,338,id04006
11287440,11288045,605,id04006
11288045,11288394,349,id04006
11288394,11288722,328,id04006
11288722,11289475,753,id04006
11289475,11289829,354,id04006
11289829,11290316,487,id04006
11290316,11290967,651,id04006
11290967,11291285,318,id04006
11291285,11291618,333,id04006
11291618,11291962,344,id04006
11291962,11292300,338,id04006
11292300,11292649,349,id04006
11292649,11293049,400,id04006
11293049,11293439,390,id04006
11293439,11293834,395,id04006
11293834,11294198,364,id04006
11294198,11294613,415,id04006
11294613,11295264,651,id04006
11295264,11295618,354,id04006
11295618,11296100,482,id04006
11296100,11296438,338,id04006
11296438,11296756,318,id04006
11296756,11297192,436,id04006
11297192,11297530,338,id04006
11297530,11298089,559,id04006
11298089,11298765,676,id04006
11298765,11299318,553,id04006
11299318,11299790,472,id04006
11299790,11300118,328,id04006
11300118,11300671,553,id04006
11300671,11301096,425,id04030
11301096,11301527,431,id04030
11301527,11301860,333,id04030
11301860,11302178,318,id04030
11302178,11302609,431,id04030
11302609,11303209,600,id04030
11303209,11303681,472,id04030
11303681,11304224,543,id04030
11304224,11304614,390,id04030
11304614,11305167,553,id04030
11305167,11305628,461,id04030
11305628,11306023,395,id04030
11306023,11306459,436,id04030
11306459,11306890,431,id04030
11306890,11307310,420,id04030
11307310,11308114,804,id04030
11308114,11308565,451,id04030
11308565,11309088,523,id04030
11309088,11310404,1316,id04030
11310404,11311475,1071,id04030
11311475,11313109,1634,id04030
11313109,11313575,466,id04030
11313575,11314804,1229,id04030
11314804,11315654,850,id04030
11315654,11316284,630,id04030
11316284,11316602,318,id04030
11316602,11316971,369,id04030
11316971,11317484,513,id04030
11317484,11317802,318,id04030
11317802,11318156,354,id04030
11318156,11318663,507,id04030
11318663,11319135,472,id04030
11319135,11319601,466,id04030
11319601,11319945,344,id04030
11319945,11320350,405,id04030
11320350,11321764,1414,id04030
11321764,11322108,344,id04030
11322108,11322441,333,id04030
11322441,11323230,789,id04030
11323230,11323896,666,id04030
11323896,11324393,497,id04030
11324393,11324829,436,id04030
11324829,11325884,1055,id04030
11325884,11326202,318,id04030
11326202,11326709,507,id04030
11326709,11327109,400,id04030
11327109,11327565,456,id04030
11327565,11327955,390,id04030
11327955,11328350,395,id04030
11328350,11328832,482,id04030
11328832,11329324,492,id04030
11329324,11329642,318,id04030
11329642,11330032,390,id04030
11330032,11330601,569,id04030
11330601,11330945,344,id04030
11330945,11331468,523,id04030
11331468,11331786,318,id04030
11331786,11332130,344,id04030
11332130,11332525,395,id04030
11332525,11332915,390,id04030
11332915,11333330,415,id04030
11333330,11333709,379,id04030
11333709,11334032,323,id04030
11334032,11334575,543,id04030
11334575,11334995,420,id04030
11334995,11335548,553,id04030
11335548,11336219,671,id04094
11336219,11336634,415,id04094
11336634,11337679,1045,id04094
11337679,11338151,472,id04094
11338151,11338541,390,id04094
11338541,11338987,446,id04094
11338987,11339735,748,id04094
11339735,11340698,963,id04094
11340698,11341149,451,id04094
11341149,11341518,369,id04094
11341518,11342870,1352,id04094
11342870,11343383,513,id04094
11343383,11344592,1209,id04094
11344592,11345248,656,id04094
11345248,11346134,886,id04094
11346134,11347077,943,id04094
11347077,11347574,497,id04094
11347574,11347918,344,id04094
11347918,11348717,799,id04094
11348717,11349137,420,id04094
11349137,11349496,359,id04094
11349496,11350346,850,id04094
11350346,11350874,528,id04094
11350874,11352119,1245,id04094
11352119,11353087,968,id04094
11353087,11353717,630,id04094
11353717,11354404,687,id04094
11354404,11356243,1839,id04094
11356243,11357073,830,id04094
11357073,11357545,472,id04094
11357545,11358042,497,id04094
11358042,11358672,630,id04094
11358672,11359133,461,id04094
11359133,11359681,548,id04094
11359681,11360224,543,id04094
11360224,11360665,441,id04094
11360665,11360998,333,id04094
11360998,11361495,497,id04094
11361495,11361823,328,id04094
11361823,11362264,441,id04094
11362264,11362812,548,id04094
11362812,11363227,415,id04094
11363227,11363581,354,id04094
11363581,11364216,635,id04094
11364216,11366065,1849,id04094
11366065,11366659,594,id04094
11366659,11367059,400,id04094
11367059,11367889,830,id04094
11367889,11368862,973,id04094
11368862,11370122,1260,id04094
11370122,11370926,804,id04094
11370926,11371761,835,id04094
11371761,11372944,1183,id04094
11372944,11373738,794,id04094
11373738,11374082,344,id04094
11374082,11375107,1025,id04094
11375107,11375425,318,id04094
11375425,11376096,671,id04094
11376096,11377361,1265,id04094
11377361,11377766,405,id04094
11377766,11378145,379,id04094
11378145,11378704,559,id04094
11378704,11379083,379,id04094
11379083,11379800,717,id04094
11379800,11380261,461,id04094
11380261,11380702,441,id04094
11380702,11381348,646,id04094
11381348,11381779,431,id04094
11381779,11382199,420,id04094
11382199,11382543,344,id04094
11382543,11382897,354,id04094
11382897,11383491,594,id04094
11383491,11386881,3390,id04094
11386881,11387245,364,id04094
11387245,11388182,937,id04094
11388182,11388587,405,id04094
11388587,11389125,538,id04094
11389125,11389545,420,id04094
11389545,11389986,441,id04094
11389986,11391435,1449,id04094
11391435,11391763,328,id04094
11391763,11392117,354,id04094
11392117,11392763,646,id04094
11392763,11393286,523,id04094
11393286,11394080,794,id04094
11394080,11394424,344,id04094
11394424,11395065,641,id04094
11395065,11396376,1311,id04094
11396376,11396817,441,id04094
11396817,11397365,548,id04094
11397365,11397729,364,id04094
11397729,11398154,425,id04094
11398154,11398600,446,id04094
11398600,11399558,958,id04094
11399558,11401013,1455,id04094
11401013,11401797,784,id04094
11401797,11402228,431,id04094
11402228,11403043,815,id04094
11403043,11403694,651,id04094
11403694,11404150,456,id04094
11404150,11404796,646,id04094
11404796,11405390,594,id04094
11405390,11405780,390,id04094
11405780,11406477,697,id04094
11406477,11406805,328,id04094
11406805,11407358,553,id04094
11407358,11407702,344,id04094
11407702,11408194,492,id04094
11408194,11409167,973,id04094
11409167,11409531,364,id04094
11409531,11411610,2079,id04094
11411610,11412117,507,id04094
11412117,11413694,1577,id04094
11413694,11414278,584,id04094
11414278,11414652,374,id04094
11414652,11414980,328,id04094
11414980,11415539,559,id04094
11415539,11416497,958,id04094
11416497,11416953,456,id04094
11416953,11417271,318,id04094
11417271,11417768,497,id04094
11417768,11418193,425,id04094
11418193,11418772,579,id04094
11418772,11419546,774,id04094
11419546,11420335,789,id04094
11420335,11420965,630,id04094
11420965,11421319,354,id04094
11421319,11421883,564,id04094
11421883,11422508,625,id04094
11422508,11424014,1506,id04094
11424014,11424347,333,id04094
11424347,11426728,2381,id04094
11426728,11427133,405,id04094
11427133,11427594,461,id04094
11427594,11427938,344,id04094
11427938,11428507,569,id04094
11428507,11429127,620,id04094
11429127,11429455,328,id04094
11429455,11429870,415,id04094
11429870,11430193,323,id04094
11430193,11430634,441,id04094
11430634,11430978,344,id04094
11430978,11431347,369,id04094
11431347,11431716,369,id04094
11431716,11432653,937,id04094
11432653,11433048,395,id04094
11433048,11433914,866,id04094
11433914,11434293,379,id04094
11434293,11435021,728,id04094
11435021,11435462,441,id04094
11435462,11435790,328,id04094
11435790,11436210,420,id04094
11436210,11436666,456,id04094
11436666,11437107,441,id04094
11437107,11437492,385,id04094
11437492,11438179,687,id04094
11438179,11439142,963,id04094
11439142,11440095,953,id04094
11440095,11440643,548,id04094
11440643,11441268,625,id04094
11441268,11441990,722,id04094
11441990,11442446,456,id04094
11442446,11442800,354,id04094
11442800,11443159,359,id04094
11443159,11444009,850,id04094
11444009,11444624,615,id04094
11444624,11445705,1081,id04094
11445705,11446361,656,id04094
11446361,11447908,1547,id04094
11447908,11448723,815,id04094
11448723,11449881,1158,id04094
11449881,11450747,866,id04094
11450747,11451372,625,id04094
11451372,11451787,415,id04094
11451787,11452387,600,id04094
11452387,11452905,518,id04094
11452905,11453315,410,id04094
11453315,11454872,1557,id04094
11454872,11455584,712,id04094
11455584,11456629,1045,id04094
11456629,11457024,395,id04094
11457024,11457501,477,id04094
11457501,11458725,1224,id04094
11458725,11459238,513,id04094
11459238,11459576,338,id04094
11459576,11460621,1045,id04094
11460621,11461123,502,id04094
11461123,11461492,369,id04094
11461492,11464406,2914,id04094
11464406,11465118,712,id04094
11465118,11466347,1229,id04094
11466347,11466993,646,id04094
11466993,11467337,344,id04094
11467337,11467875,538,id04094
11467875,11468603,728,id04094
11468603,11469658,1055,id04094
11469658,11470104,446,id04094
11470104,11470509,405,id04094
11470509,11470837,328,id04094
11470837,11471170,333,id04094
11471170,11471744,574,id04094
11471744,11472415,671,id04094
11472415,11472800,385,id04094
11472800,11473231,431,id04094
11473231,11474696,1465,id04094
11474696,11475019,323,id04094
11475019,11476479,1460,id04094
11476479,11476817,338,id04094
11476817,11477309,492,id04094
11477309,11477647,338,id04094
11477647,11478426,779,id04094
11478426,11478754,328,id04094
11478754,11479133,379,id04094
11479133,11479461,328,id04094
11479461,11479830,369,id04094
11479830,11480163,333,id04094
11480163,11480706,543,id04094
11480706,11481147,441,id04094
11481147,11481711,564,id04094
11481711,11482459,748,id04094
11482459,11483084,625,id04094
11483084,11483873,789,id04094
11483873,11484314,441,id04094
11484314,11485595,1281,id04094
11485595,11485974,379,id04094
11485974,11486384,410,id04094
11486384,11486769,385,id04094
11486769,11487174,405,id04094
11487174,11487717,543,id04094
11487717,11488086,369,id04094
11488086,11488583,497,id04094
11488583,11489055,472,id04094
11489055,11489399,344,id04094
11489399,11489768,369,id04094
11489768,11490260,492,id04094
11490260,11490737,477,id04094
11490737,11491142,405,id04094
11491142,11491583,441,id04094
11491583,11492183,600,id04094
11492183,11492742,559,id04094
11492742,11493229,487,id04094
11493229,11493721,492,id04094
11493721,11494234,513,id04094
11494234,11494572,338,id04094
11494572,11495120,548,id04094
11495120,11497215,2095,id04094
11497215,11497861,646,id04094
11497861,11499259,1398,id04094
11499259,11500191,932,id04094
11500191,11500591,400,id04094
11500591,11501831,1240,id04094
11501831,11502405,574,id04094
11502405,11502887,482,id04094
11502887,11505448,2561,id04094
11505448,11505817,369,id04094
11505817,11506222,405,id04094
11506222,11507098,876,id04094
11507098,11507657,559,id04094
11507657,11508722,1065,id04094
11508722,11509076,354,id04094
11509076,11509609,533,id04094
11509609,11510065,456,id04094
11510065,11510526,461,id04094
11510526,11510921,395,id04094
11510921,11511408,487,id04094
11511408,11511890,482,id04094
11511890,11513242,1352,id04094
11513242,11514169,927,id04094
11514169,11514513,344,id04094
11514513,11515138,625,id04094
11515138,11515471,333,id04094
11515471,11516076,605,id04094
11516076,11516717,641,id04094
11516717,11517173,456,id04094
11517173,11518402,1229,id04094
11518402,11519104,702,id04094
11519104,11519949,845,id04094
11519949,11520543,594,id04094
11520543,11520928,385,id04094
11520928,11521881,953,id04094
11521881,11522491,610,id04094
11522491,11523034,543,id04094
11523034,11524709,1675,id04094
11524709,11525216,507,id04094
11525216,11527198,1982,id04094
11527198,11528714,1516,id04094
11528714,11529544,830,id04094
11529544,11530026,482,id04094
11530026,11531813,1787,id04094
11531813,11533667,1854,id04094
11533667,11534620,953,id04094
11534620,11534958,338,id04094
11534958,11535604,646,id04094
11535604,11536485,881,id04094
11536485,11536895,410,id04094
11536895,11537643,748,id04094
11537643,11538196,553,id04094
11538196,11538883,687,id04094
11538883,11539380,497,id04094
11539380,11540307,927,id04094
11540307,11540635,328,id04094
11540635,11542643,2008,id04094
11542643,11543028,385,id04094
11543028,11543423,395,id04094
11543423,11543828,405,id04094
11543828,11544975,1147,id04094
11544975,11545329,354,id04094
11545329,11545724,395,id04094
11545724,11546247,523,id04094
11546247,11547077,830,id04094
11547077,11547543,466,id04094
11547543,11547881,338,id04094
11547881,11548255,374,id04094
11548255,11548634,379,id04094
11548634,11549049,415,id04094
11549049,11549495,446,id04094
11549495,11550115,620,id04094
11550115,11550464,349,id04094
11550464,11551074,610,id04094
11551074,11551761,687,id04094
11551761,11552427,666,id04094
11552427,11553211,784,id04094
11553211,11553688,477,id04094
11553688,11554390,702,id04094
11554390,11554810,420,id04094
11554810,11556326,1516,id04094
11556326,11557304,978,id04094
11557304,11557975,671,id04094
11557975,11558856,881,id04094
11558856,11559881,1025,id04094
11559881,11560568,687,id04094
11560568,11561034,466,id04094
11561034,11561854,820,id04094
11561854,11562889,1035,id04094
11562889,11564144,1255,id04094
11564144,11564559,415,id04094
11564559,11565573,1014,id04094
11565573,11565952,379,id04094
11565952,11566854,902,id04094
11566854,11567223,369,id04094
11567223,11567705,482,id04094
11567705,11568187,482,id04094
11568187,11568996,809,id04094
11568996,11569519,523,id04094
11569519,11569883,364,id04094
11569883,11570201,318,id04094
11570201,11570529,328,id04094
11570529,11570847,318,id04094
11570847,11571185,338,id04094
11571185,11571698,513,id04094
11571698,11572190,492,id04094
11572190,11572723,533,id04094
11572723,11573225,502,id04094
11573225,11575396,2171,id04094
11575396,11576431,1035,id04094
11576431,11577384,953,id04094
11577384,11580195,2811,id04094
11580195,11580830,635,id04094
11580830,11581168,338,id04094
11581168,11581860,692,id04094
11581860,11582198,338,id04094
11582198,11582844,646,id04094
11582844,11584304,1460,id04094
11584304,11584658,354,id04094
11584658,11585058,400,id04094
11585058,11586420,1362,id04094
11586420,11586810,390,id04094
11586810,11587527,717,id04094
11587527,11588239,712,id04094
11588239,11588629,390,id04094
11588629,11589095,466,id04094
11589095,11589623,528,id04094
11589623,11590028,405,id04094
11590028,11590699,671,id04094
11590699,11591109,410,id04094
11591109,11591529,420,id04094
11591529,11592308,779,id04094
11592308,11592882,574,id04094
11592882,11593604,722,id04094
11593604,11593937,333,id04094
11593937,11594869,932,id04094
11594869,11595233,364,id04094
11595233,11595981,748,id04094
11595981,11597067,1086,id04094
11597067,11598639,1572,id04094
11598639,11599111,472,id04094
11599111,11599634,523,id04094
11599634,11600121,487,id04094
11600121,11602047,1926,id04094
11602047,11602923,876,id04094
11602923,11603610,687,id04094
11603610,11604076,466,id04094
11604076,11604420,344,id04094
11604420,11604784,364,id04094
11604784,11605875,1091,id04094
11605875,11606224,349,id04094
11606224,11606568,344,id04094
11606568,11607808,1240,id04094
11607808,11608203,395,id04094
11608203,11608628,425,id04094
11608628,11609852,1224,id04094
11609852,11610795,943,id04094
11610795,11611543,748,id04094
11611543,11611871,328,id04094
11611871,11612286,415,id04094
11612286,11612747,461,id04094
11612747,11613603,856,id04094
11613603,11614223,620,id04094
11614223,11614899,676,id04094
11614899,11615217,318,id04094
11615217,11615555,338,id04094
11615555,11616037,482,id04094
11616037,11616550,513,id04094
11616550,11616878,328,id04094
11616878,11617196,318,id04094
11617196,11617555,359,id04094
11617555,11617986,431,id04094
11617986,11618355,369,id04094
11618355,11618775,420,id04094
11618775,11619216,441,id04094
11619216,11619749,533,id04094
11619749,11620743,994,id04094
11620743,11621465,722,id04094
11621465,11622218,753,id04094
11622218,11622582,364,id04094
11622582,11623043,461,id04094
11623043,11623484,441,id04094
11623484,11623966,482,id04094
11623966,11624310,344,id04094
11624310,11625370,1060,id04094
11625370,11625790,420,id04094
11625790,11627168,1378,id04094
11627168,11628377,1209,id04094
11628377,11628818,441,id04094
11628818,11629761,943,id04094
11629761,11630263,502,id04094
11630263,11630591,328,id04094
11630591,11631416,825,id04094
11631416,11631770,354,id04094
11631770,11632743,973,id04094
11632743,11633087,344,id04094
11633087,11633625,538,id04094
11633625,11633984,359,id04094
11633984,11635480,1496,id04094
11635480,11636018,538,id04094
11636018,11636413,395,id04094
11636413,11637263,850,id04094
11637263,11637704,441,id04094
11637704,11638314,610,id04094
11638314,11639180,866,id04094
11639180,11640957,1777,id04094
11640957,11641930,973,id04094
11641930,11642806,876,id04094
11642806,11643380,574,id04094
11643380,11644092,712,id04094
11644092,11644733,641,id04094
11644733,11645573,840,id04094
11645573,11646039,466,id04094
11646039,11646449,410,id04094
11646449,11647576,1127,id04094
11647576,11648339,763,id04094
11648339,11648770,431,id04094
11648770,11649124,354,id04094
11649124,11649488,364,id04094
11649488,11650001,513,id04094
11650001,11650739,738,id04094
11650739,11651185,446,id04094
11651185,11651605,420,id04094
11651605,11652077,472,id04094
11652077,11652769,692,id04094
11652769,11653338,569,id04094
11653338,11653902,564,id04094
11653902,11655894,1992,id04094
11655894,11656519,625,id04094
11656519,11657088,569,id04094
11657088,11657508,420,id04094
11657508,11657846,338,id04094
11657846,11659342,1496,id04094
11659342,11659890,548,id04094
11659890,11660950,1060,id04094
11660950,11661463,513,id04094
11661463,11661935,472,id04094
11661935,11662294,359,id04094
11662294,11663344,1050,id04094
11663344,11664082,738,id04094
11664082,11665434,1352,id04094
11665434,11666146,712,id04094
11666146,11666633,487,id04094
11666633,11667099,466,id04094
11667099,11667555,456,id04094
11667555,11668697,1142,id04094
11668697,11669056,359,id04094
11669056,11669563,507,id04094
11669563,11670142,579,id04094
11670142,11670864,722,id04094
11670864,11671412,548,id04094
11671412,11673061,1649,id04094
11673061,11673681,620,id04094
11673681,11674101,420,id04119
11674101,11674557,456,id04119
11674557,11675587,1030,id04119
11675587,11676012,425,id04119
11676012,11676427,415,id04119
11676427,11676847,420,id04119
11676847,11677334,487,id04119
11677334,11677780,446,id04119
11677780,11678349,569,id04119
11678349,11678713,364,id04119
11678713,11679154,441,id04119
11679154,11679544,390,id04119
11679544,11679934,390,id04119
11679934,11680262,328,id04119
11680262,11680580,318,id04119
11680580,11680908,328,id04119
11680908,11681241,333,id04119
11681241,11681677,436,id04119
11681677,11682092,415,id04119
11682092,11682410,318,id04119
11682410,11682774,364,id04119
11682774,11683138,364,id04119
11683138,11683553,415,id04119
11683553,11683978,425,id04119
11683978,11684357,379,id04119
11684357,11684762,405,id04119
11684762,11685131,369,id04119
11685131,11685480,349,id04119
11685480,11686023,543,id04119
11686023,11686812,789,id04119
11686812,11687171,359,id04119
11687171,11687883,712,id04119
11687883,11688237,354,id04119
11688237,11688775,538,id04119
11688775,11689139,364,id04119
11689139,11689524,385,id04119
11689524,11689914,390,id04119
11689914,11690252,338,id04119
11690252,11690606,354,id04119
11690606,11691016,410,id04119
11691016,11691380,364,id04119
11691380,11691698,318,id04119
11691698,11692052,354,id04119
11692052,11692396,344,id04119
11692396,11693149,753,id04119
11693149,11693544,395,id04119
11693544,11694133,589,id04119
11694133,11695040,907,id04119
11695040,11695409,369,id04119
11695409,11695891,482,id04119
11695891,11696281,390,id04119
11696281,11696671,390,id04119
11696671,11697107,436,id04119
11697107,11697440,333,id04119
11697440,11698311,871,id04119
11698311,11698762,451,id04119
11698762,11699085,323,id04119
11699085,11699403,318,id04119
11699403,11699854,451,id04119
11699854,11700182,328,id04119
11700182,11700500,318,id04119
11700500,11700961,461,id04119
11700961,11702073,1112,id04119
11702073,11702529,456,id04119
11702529,11702908,379,id04119
11702908,11703390,482,id04119
11703390,11703851,461,id04119
11703851,11704241,390,id04119
11704241,11704579,338,id04119
11704579,11705051,472,id04119
11705051,11705507,456,id04119
11705507,11705907,400,id04119
11705907,11706414,507,id04119
11706414,11707090,676,id04119
11707090,11707408,318,id04119
11707408,11708105,697,id04119
11708105,11708443,338,id04119
11708443,11708945,502,id04119
11708945,11709714,769,id04119
11709714,11710247,533,id04119
11710247,11710775,528,id04119
11710775,11711165,390,id04119
11711165,11711621,456,id04119
11711621,11711970,349,id04232
11711970,11712662,692,id04232
11712662,11713431,769,id04232
11713431,11713903,472,id04232
11713903,11714472,569,id04232
11714472,11714913,441,id04232
11714913,11715359,446,id04232
11715359,11715764,405,id04232
11715764,11716128,364,id04232
11716128,11716553,425,id04232
11716553,11716871,318,id04232
11716871,11717215,344,id04232
11717215,11717589,374,id04232
11717589,11717953,364,id04232
11717953,11718394,441,id04232
11718394,11718973,579,id04232
11718973,11719987,1014,id04232
11719987,11720336,349,id04232
11720336,11721186,850,id04232
11721186,11721540,354,id04232
11721540,11721930,390,id04232
11721930,11722309,379,id04232
11722309,11723165,856,id04232
11723165,11723529,364,id04232
11723529,11724123,594,id04232
11724123,11724508,385,id04232
11724508,11725553,1045,id04232
11725553,11725999,446,id04232
11725999,11727157,1158,id04232
11727157,11727577,420,id04232
11727577,11728028,451,id04232
11728028,11728372,344,id04232
11728372,11728716,344,id04232
11728716,11729177,461,id04232
11729177,11729567,390,id04232
11729567,11729998,431,id04232
11729998,11730459,461,id04232
11730459,11730787,328,id04232
11730787,11731131,344,id04232
11731131,11731469,338,id04232
11731469,11731925,456,id04232
11731925,11732299,374,id04232
11732299,11732817,518,id04232
11732817,11733273,456,id04232
11733273,11733796,523,id04232
11733796,11734119,323,id04232
11734119,11734498,379,id04232
11734498,11734964,466,id04232
11734964,11735405,441,id04232
11735405,11735784,379,id04232
11735784,11736215,431,id04232
11736215,11736651,436,id04232
11736651,11736979,328,id04232
11736979,11737338,359,id04232
11737338,11738055,717,id04232
11738055,11738399,344,id04232
11738399,11738824,425,id04232
11738824,11739209,385,id04232
11739209,11739681,472,id04232
11739681,11740122,441,id04232
11740122,11740496,374,id04232
11740496,11741055,559,id04232
11741055,11741562,507,id04232
11741562,11742054,492,id04232
11742054,11742495,441,id04232
11742495,11743161,666,id04232
11743161,11743668,507,id04232
11743668,11743986,318,id04232
11743986,11744350,364,id04232
11744350,11744765,415,id04232
11744765,11745257,492,id04232
11745257,11745703,446,id04232
11745703,11746256,553,id04232
11746256,11746635,379,id04232
11746635,11746999,364,id04232
11746999,11747471,472,id04232
11747471,11748081,610,id04232
11748081,11748445,364,id04232
11748445,11748763,318,id04232
11748763,11749316,553,id04232
11749316,11750064,748,id04232
11750064,11750505,441,id04232
11750505,11750859,354,id04232
11750859,11751331,472,id04232
11751331,11751879,548,id04232
11751879,11752310,431,id04232
11752310,11753171,861,id04232
11753171,11753806,635,id04232
11753806,11754252,446,id04232
11754252,11754596,344,id04232
11754596,11755144,548,id04232
11755144,11755564,420,id04232
11755564,11755984,420,id04232
11755984,11756322,338,id04232
11756322,11756701,379,id04232
11756701,11757249,548,id04232
11757249,11757746,497,id04232
11757746,11758402,656,id04232
11758402,11758766,364,id04232
11758766,11759335,569,id04232
11759335,11759679,344,id04232
11759679,11760084,405,id04232
11760084,11760422,338,id04232
11760422,11761032,610,id04232
11761032,11761422,390,id04232
11761422,11761827,405,id04232
11761827,11762427,600,id04232
11762427,11762765,338,id04232
11762765,11763175,410,id04232
11763175,11763652,477,id04232
11763652,11763980,328,id04232
11763980,11764682,702,id04232
11764682,11765159,477,id04232
11765159,11765482,323,id04232
11765482,11765856,374,id04232
11765856,11766235,379,id04232
11766235,11766901,666,id04232
11766901,11767326,425,id04232
11767326,11767654,328,id04232
11767654,11768504,850,id04232
11768504,11769365,861,id04232
11769365,11769703,338,id04232
11769703,11770164,461,id04232
11770164,11770615,451,id04232
11770615,11770979,364,id04232
11770979,11771333,354,id04232
11771333,11771769,436,id04232
11771769,11772184,415,id04232
11772184,11772625,441,id04232
11772625,11772953,328,id04232
11772953,11773384,431,id04232
11773384,11773748,364,id04232
11773748,11774066,318,id04232
11774066,11774461,395,id04232
11774461,11774979,518,id04232
11774979,11775440,461,id04232
11775440,11775906,466,id04232
11775906,11776424,518,id04232
11776424,11776762,338,id04232
11776762,11777162,400,id04232
11777162,11777480,318,id04232
11777480,11777818,338,id04232
11777818,11778249,431,id04232
11778249,11778680,431,id04232
11778680,11779085,405,id04232
11779085,11779449,364,id04232
11779449,11779844,395,id04232
11779844,11780162,318,id04232
11780162,11780695,533,id04232
11780695,11781074,379,id04232
11781074,11781397,323,id04232
11781397,11781956,559,id04232
11781956,11782760,804,id04232
11782760,11783247,487,id04232
11783247,11783575,328,id04232
11783575,11783975,400,id04232
11783975,11784447,472,id04232
11784447,11784832,385,id04232
11784832,11785186,354,id04232
11785186,11785652,466,id04232
11785652,11786006,354,id04232
11786006,11786519,513,id04232
11786519,11786955,436,id04232
11786955,11787391,436,id04232
11787391,11787857,466,id04232
11787857,11788472,615,id04232
11788472,11789369,897,id04232
11789369,11789718,349,id04232
11789718,11790215,497,id04232
11790215,11790553,338,id04232
11790553,11791086,533,id04232
11791086,11791430,344,id04232
11791430,11791861,431,id04232
11791861,11792491,630,id04232
11792491,11793213,722,id04232
11793213,11794053,840,id04232
11794053,11794601,548,id04232
11794601,11795477,876,id04232
11795477,11796251,774,id04232
11796251,11796584,333,id04232
11796584,11797455,871,id04232
11797455,11798756,1301,id04232
11798756,11799238,482,id04232
11799238,11799812,574,id04232
11799812,11800253,441,id04232
11800253,11800796,543,id04232
11800796,11801268,472,id04232
11801268,11801632,364,id04232
11801632,11802303,671,id04232
11802303,11803973,1670,id04232
11803973,11804629,656,id04232
11804629,11805254,625,id04232
11805254,11806965,1711,id04232
11806965,11808737,1772,id04232
11808737,11809285,548,id04232
11809285,11809895,610,id04232
11809895,11810290,395,id04232
11810290,11810838,548,id04232
11810838,11811770,932,id04232
11811770,11812226,456,id04232
11812226,11813138,912,id04232
11813138,11813671,533,id04232
11813671,11814445,774,id04232
11814445,11814799,354,id04232
11814799,11815291,492,id04232
11815291,11815706,415,id04232
11815706,11816290,584,id04232
11816290,11816869,579,id04232
11816869,11817689,820,id04232
11817689,11818155,466,id04232
11818155,11818770,615,id04232
11818770,11819498,728,id04232
11819498,11819847,349,id04232
11819847,11820170,323,id04232
11820170,11820688,518,id04232
11820688,11821226,538,id04232
11821226,11821554,328,id04232
11821554,11821949,395,id04232
11821949,11822472,523,id04232
11822472,11822862,390,id04232
11822862,11823287,425,id04232
11823287,11824250,963,id04232
11824250,11824619,369,id04232
11824619,11825024,405,id04232
11825024,11825362,338,id04232
11825362,11825726,364,id04232
11825726,11826500,774,id04232
11826500,11826854,354,id04232
11826854,11827689,835,id04232
11827689,11828227,538,id04232
11828227,11828734,507,id04232
11828734,11829195,461,id04232
11829195,11830465,1270,id04232
11830465,11831367,902,id04232
11831367,11831992,625,id04232
11831992,11832448,456,id04232
11832448,11832930,482,id04232
11832930,11833786,856,id04232
11833786,11834396,610,id04232
11834396,11834750,354,id04232
11834750,11835334,584,id04232
11835334,11836138,804,id04232
11836138,11837255,1117,id04232
11837255,11837798,543,id04232
11837798,11838377,579,id04232
11838377,11838802,425,id04232
11838802,11839146,344,id04232
11839146,11839561,415,id04232
11839561,11839925,364,id04232
11839925,11840371,446,id04232
11840371,11840715,344,id04232
11840715,11841105,390,id04232
11841105,11841443,338,id04232
11841443,11841833,390,id04232
11841833,11842253,420,id04232
11842253,11842638,385,id04232
11842638,11843017,379,id04232
11843017,11843791,774,id04232
11843791,11844170,379,id04232
11844170,11844851,681,id04232
11844851,11845512,661,id04232
11845512,11846096,584,id04232
11846096,11846777,681,id04232
11846777,11847202,425,id04232
11847202,11848017,815,id04232
11848017,11849354,1337,id04232
11849354,11849979,625,id04232
11849979,11850420,441,id04232
11850420,11850753,333,id04232
11850753,11851434,681,id04232
11851434,11851931,497,id04232
11851931,11852300,369,id04232
11852300,11852695,395,id04232
11852695,11853013,318,id04232
11853013,11853807,794,id04232
11853807,11854381,574,id04232
11854381,11854699,318,id04232
11854699,11855053,354,id04232
11855053,11855468,415,id04232
11855468,11855822,354,id04232
11855822,11856237,415,id04232
11856237,11856688,451,id04232
11856688,11857011,323,id04232
11857011,11857370,359,id04232
11857370,11857816,446,id04232
11857816,11858134,318,id04232
11858134,11858606,472,id04232
11858606,11858980,374,id04232
11858980,11859600,620,id04232
11859600,11860107,507,id04232
11860107,11860527,420,id04232
11860527,11861342,815,id04232
11861342,11862003,661,id04232
11862003,11862347,344,id04232
11862347,11862783,436,id04232
11862783,11863546,763,id04232
11863546,11863946,400,id04232
11863946,11864361,415,id04232
11864361,11864756,395,id04232
11864756,11865284,528,id04232
11865284,11865684,400,id04232
11865684,11866278,594,id04232
11866278,11866668,390,id04232
11866668,11867001,333,id04232
11867001,11867345,344,id04232
11867345,11867863,518,id04232
11867863,11868196,333,id04232
11868196,11868519,323,id04232
11868519,11868863,344,id04232
11868863,11869181,318,id04232
11869181,11869714,533,id04232
11869714,11870523,809,id04232
11870523,11870892,369,id04232
11870892,11871312,420,id04232
11871312,11871666,354,id04232
11871666,11872347,681,id04232
11872347,11872808,461,id04232
11872808,11873218,410,id04232
11873218,11873715,497,id04232
11873715,11874176,461,id04232
11874176,11874494,318,id04232
11874494,11875129,635,id04232
11875129,11875606,477,id04232
11875606,11876047,441,id04232
11876047,11876442,395,id04232
11876442,11877129,687,id04232
11877129,11877539,410,id04232
11877539,11878282,743,id04232
11878282,11878600,318,id04232
11878600,11878969,369,id04232
11878969,11879645,676,id04232
11879645,11880449,804,id04232
11880449,11881494,1045,id04232
11881494,11882990,1496,id04232
11882990,11883472,482,id04232
11883472,11885096,1624,id04232
11885096,11885644,548,id04232
11885644,11886013,369,id04232
11886013,11886346,333,id04232
11886346,11886802,456,id04232
11886802,11887304,502,id04232
11887304,11887658,354,id04232
11887658,11888432,774,id04232
11888432,11888822,390,id04232
11888822,11889826,1004,id04232
11889826,11890717,891,id04232
11890717,11891040,323,id04232
11891040,11891435,395,id04232
11891435,11891850,415,id04232
11891850,11892199,349,id04232
11892199,11893408,1209,id04232
11893408,11894207,799,id04232
11894207,11894612,405,id04232
11894612,11894930,318,id04232
11894930,11895402,472,id04232
11895402,11896083,681,id04232
11896083,11896642,559,id04232
11896642,11897155,513,id04232
11897155,11897483,328,id04232
11897483,11898333,850,id04232
11898333,11898830,497,id04232
11898830,11899168,338,id04232
11899168,11899926,758,id04232
11899926,11900469,543,id04232
11900469,11900961,492,id04232
11900961,11901586,625,id04232
11901586,11902657,1071,id04232
11902657,11903016,359,id04232
11903016,11903472,456,id04232
11903472,11906017,2545,id04232
11906017,11906611,594,id04232
11906611,11907282,671,id04232
11907282,11907605,323,id04232
11907605,11907974,369,id04232
11907974,11908446,472,id04232
11908446,11909138,692,id04232
11909138,11909543,405,id04232
11909543,11910127,584,id04232
11910127,11910768,641,id04232
11910768,11911214,446,id04232
11911214,11911532,318,id04232
11911532,11913028,1496,id04232
11913028,11913602,574,id04232
11913602,11913961,359,id04232
11913961,11914955,994,id04232
11914955,11915462,507,id04232
11915462,11916568,1106,id04232
11916568,11916947,379,id04232
11916947,11917296,349,id04232
11917296,11917675,379,id04232
11917675,11918126,451,id04232
11918126,11918444,318,id04232
11918444,11918844,400,id04232
11918844,11919162,318,id04232
11919162,11919874,712,id04232
11919874,11920305,431,id04232
11920305,11920659,354,id04232
11920659,11921105,446,id04232
11921105,11921459,354,id04232
11921459,11922187,728,id04232
11922187,11922930,743,id04232
11922930,11923432,502,id04232
11923432,11923929,497,id04232
11923929,11924846,917,id04232
11924846,11925292,446,id04232
11925292,11925636,344,id04232
11925636,11925969,333,id04232
11925969,11926579,610,id04232
11926579,11926984,405,id04232
11926984,11927399,415,id04232
11927399,11928173,774,id04232
11928173,11928885,712,id04232
11928885,11929408,523,id04232
11929408,11930079,671,id04232
11930079,11930433,354,id04232
11930433,11931048,615,id04232
11931048,11931673,625,id04232
11931673,11931991,318,id04232
11931991,11933195,1204,id04232
11933195,11933784,589,id04232
11933784,11934276,492,id04232
11934276,11934625,349,id04232
11934625,11935081,456,id04232
11935081,11935614,533,id04232
11935614,11936336,722,id04232
11936336,11937156,820,id04232
11937156,11937843,687,id04232
11937843,11938299,456,id04232
11938299,11938745,446,id04232
11938745,11939217,472,id04232
11939217,11939714,497,id04232
11939714,11940088,374,id04232
11940088,11940877,789,id04232
11940877,11941308,431,id04232
11941308,11941908,600,id04232
11941908,11942231,323,id04232
11942231,11942554,323,id04232
11942554,11942985,431,id04232
11942985,11943451,466,id04232
11943451,11944563,1112,id04232
11944563,11944942,379,id04232
11944942,11945705,763,id04232
11945705,11946330,625,id04232
11946330,11946745,415,id04232
11946745,11947370,625,id04232
11947370,11947903,533,id04232
11947903,11948267,364,id04232
11948267,11948595,328,id04232
11948595,11949102,507,id04232
11949102,11949430,328,id04232
11949430,11949963,533,id04232
11949963,11950378,415,id04232
11950378,11950793,415,id04232
11950793,11951818,1025,id04232
11951818,11952172,354,id04232
11952172,11952510,338,id04232
11952510,11953217,707,id04232
11953217,11953704,487,id04232
11953704,11954073,369,id04232
11954073,11954452,379,id04232
11954452,11954821,369,id04232
11954821,11955339,518,id04232
11955339,11955708,369,id04232
11955708,11956103,395,id04232
11956103,11957040,937,id04232
11957040,11957358,318,id04232
11957358,11957681,323,id04232
11957681,11958045,364,id04232
11958045,11958414,369,id04232
11958414,11959003,589,id04232
11959003,11959388,385,id04232
11959388,11960366,978,id04232
11960366,11960771,405,id04232
11960771,11961243,472,id04232
11961243,11961597,354,id04232
11961597,11961935,338,id04232
11961935,11962268,333,id04232
11962268,11962985,717,id04232
11962985,11963380,395,id04232
11963380,11963759,379,id04232
11963759,11964164,405,id04232
11964164,11964554,390,id04232
11964554,11964872,318,id04232
11964872,11965190,318,id04232
11965190,11965615,425,id04232
11965615,11965994,379,id04232
11965994,11966384,390,id04232
11966384,11966809,425,id04232
11966809,11967240,431,id04232
11967240,11967630,390,id04232
11967630,11968608,978,id04232
11968608,11969013,405,id04232
11969013,11969438,425,id04232
11969438,11969920,482,id04232
11969920,11970315,395,id04232
11970315,11970648,333,id04232
11970648,11971063,415,id04232
11971063,11971616,553,id04232
11971616,11972221,605,id04232
11972221,11972949,728,id04232
11972949,11973415,466,id04253
11973415,11973881,466,id04253
11973881,11974250,369,id04253
11974250,11974614,364,id04253
11974614,11975214,600,id04253
11975214,11975680,466,id04253
11975680,11976059,379,id04253
11976059,11976387,328,id04253
11976387,11976833,446,id04253
11976833,11977340,507,id04253
11977340,11978016,676,id04253
11978016,11978360,344,id04253
11978360,11978698,338,id04253
11978698,11979369,671,id04253
11979369,11979835,466,id04253
11979835,11980184,349,id04253
11980184,11980543,359,id04253
11980543,11980902,359,id04253
11980902,11981450,548,id04253
11981450,11981840,390,id04253
11981840,11982552,712,id04253
11982552,11983223,671,id04253
11983223,11983807,584,id04253
11983807,11984422,615,id04253
11984422,11985109,687,id04253
11985109,11985908,799,id04253
11985908,11986564,656,id04253
11986564,11987609,1045,id04253
11987609,11988004,395,id04253
11988004,11988368,364,id04253
11988368,11988819,451,id04253
11988819,11989547,728,id04253
11989547,11989993,446,id04253
11989993,11990398,405,id04253
11990398,11990757,359,id04253
11990757,11991203,446,id04253
11991203,11992002,799,id04253
11992002,11992381,379,id04253
11992381,11993037,656,id04253
11993037,11993703,666,id04253
11993703,11994113,410,id04253
11994113,11995004,891,id04253
11995004,11995368,364,id04253
11995368,11995773,405,id04253
11995773,11996101,328,id04253
11996101,11997100,999,id04253
11997100,11998826,1726,id04253
11998826,11999262,436,id04253
11999262,11999836,574,id04253
11999836,12000599,763,id04253
12000599,12001132,533,id04253
12001132,12001537,405,id04253
12001537,12002014,477,id04253
12002014,12002393,379,id04253
12002393,12002721,328,id04253
12002721,12003377,656,id04253
12003377,12004053,676,id04253
12004053,12005241,1188,id04253
12005241,12005585,344,id04253
12005585,12005954,369,id04253
12005954,12006344,390,id04253
12006344,12006718,374,id04253
12006718,12007077,359,id04253
12007077,12007564,487,id04253
12007564,12007897,333,id04253
12007897,12008225,328,id04253
12008225,12008830,605,id04253
12008830,12009204,374,id04253
12009204,12009624,420,id04253
12009624,12010065,441,id04253
12010065,12010409,344,id04253
12010409,12010737,328,id04253
12010737,12011106,369,id04253
12011106,12011511,405,id04253
12011511,12011901,390,id04253
12011901,12012495,594,id04253
12012495,12013054,559,id04253
12013054,12013444,390,id04253
12013444,12013941,497,id04253
12013941,12014418,477,id04253
12014418,12014787,369,id04253
12014787,12015458,671,id04253
12015458,12015930,472,id04253
12015930,12016719,789,id04253
12016719,12017191,472,id04253
12017191,12017939,748,id04253
12017939,12018349,410,id04253
12018349,12019066,717,id04253
12019066,12019491,425,id04253
12019491,12019881,390,id04253
12019881,12020296,415,id04253
12020296,12020762,466,id04253
12020762,12021254,492,id04253
12021254,12021751,497,id04253
12021751,12022182,431,id04253
12022182,12022961,779,id04253
12022961,12023484,523,id04253
12023484,12023981,497,id04253
12023981,12024550,569,id04253
12024550,12024996,446,id04253
12024996,12025421,425,id04253
12025421,12026389,968,id04253
12026389,12026896,507,id04253
12026896,12027224,328,id04253
12027224,12027578,354,id04253
12027578,12028024,446,id04253
12028024,12028465,441,id04253
12028465,12028829,364,id04253
12028829,12029152,323,id04253
12029152,12029624,472,id04253
12029624,12030019,395,id04253
12030019,12030552,533,id04253
12030552,12031239,687,id04253
12031239,12031685,446,id04253
12031685,12032182,497,id04253
12032182,12032567,385,id04253
12032567,12033039,472,id04253
12033039,12033997,958,id04253
12033997,12034510,513,id04253
12034510,12034843,333,id04253
12034843,12035350,507,id04253
12035350,12035668,318,id04253
12035668,12036672,1004,id04253
12036672,12037307,635,id04253
12037307,12037773,466,id04253
12037773,12038117,344,id04253
12038117,12038614,497,id04253
12038614,12039429,815,id04253
12039429,12039936,507,id04253
12039936,12040418,482,id04253
12040418,12040736,318,id04253
12040736,12041192,456,id04253
12041192,12042109,917,id04253
12042109,12042872,763,id04253
12042872,12043318,446,id04253
12043318,12043861,543,id04253
12043861,12044481,620,id04253
12044481,12045531,1050,id04253
12045531,12045880,349,id04253
12045880,12046633,753,id04253
12046633,12046961,328,id04253
12046961,12048426,1465,id04253
12048426,12049189,763,id04253
12049189,12049712,523,id04253
12049712,12050680,968,id04253
12050680,12051121,441,id04253
12051121,12051470,349,id04253
12051470,12052029,559,id04253
12052029,12052357,328,id04253
12052357,12052752,395,id04253
12052752,12053480,728,id04253
12053480,12054371,891,id04253
12054371,12054868,497,id04253
12054868,12055386,518,id04253
12055386,12055904,518,id04253
12055904,12056232,328,id04253
12056232,12056898,666,id04253
12056898,12057242,344,id04253
12057242,12057647,405,id04253
12057647,12057965,318,id04253
12057965,12058329,364,id04253
12058329,12058719,390,id04253
12058719,12059303,584,id04253
12059303,12060025,722,id04253
12060025,12060461,436,id04253
12060461,12060794,333,id04253
12060794,12061214,420,id04253
12061214,12061629,415,id04253
12061629,12062075,446,id04253
12062075,12062419,344,id04253
12062419,12062829,410,id04253
12062829,12063669,840,id04253
12063669,12064740,1071,id04253
12064740,12065478,738,id04253
12065478,12066062,584,id04253
12066062,12066416,354,id04253
12066416,12067860,1444,id04253
12067860,12068188,328,id04253
12068188,12069310,1122,id04253
12069310,12069853,543,id04253
12069853,12070499,646,id04253
12070499,12071083,584,id04253
12071083,12071534,451,id04253
12071534,12071878,344,id04253
12071878,12072421,543,id04253
12072421,12072749,328,id04253
12072749,12073251,502,id04253
12073251,12073615,364,id04253
12073615,12074578,963,id04253
12074578,12075070,492,id04253
12075070,12075516,446,id04253
12075516,12075875,359,id04253
12075875,12076193,318,id04253
12076193,12076588,395,id04253
12076588,12076932,344,id04253
12076932,12077276,344,id04253
12077276,12077645,369,id04253
12077645,12078362,717,id04253
12078362,12078839,477,id04253
12078839,12079515,676,id04253
12079515,12079894,379,id04253
12079894,12080258,364,id04253
12080258,12080622,364,id04253
12080622,12080940,318,id04253
12080940,12081693,753,id04253
12081693,12082328,635,id04253
12082328,12082974,646,id04253
12082974,12084060,1086,id04253
12084060,12084475,415,id04253
12084475,12085249,774,id04253
12085249,12085997,748,id04253
12085997,12086894,897,id04253
12086894,12087616,722,id04253
12087616,12087960,344,id04253
12087960,12088606,646,id04253
12088606,12089359,753,id04253
12089359,12089805,446,id04253
12089805,12090517,712,id04253
12090517,12090983,466,id04253
12090983,12091501,518,id04253
12091501,12092172,671,id04253
12092172,12092976,804,id04253
12092976,12094692,1716,id04253
12094692,12095036,344,id04253
12095036,12095426,390,id04253
12095426,12095744,318,id04253
12095744,12096226,482,id04253
12096226,12096626,400,id04253
12096626,12096964,338,id04253
12096964,12097369,405,id04253
12097369,12098250,881,id04253
12098250,12098640,390,id04253
12098640,12099060,420,id04253
12099060,12100361,1301,id04253
12100361,12100751,390,id04253
12100751,12101146,395,id04253
12101146,12101725,579,id04253
12101725,12102668,943,id04253
12102668,12103160,492,id04253
12103160,12104323,1163,id04253
12104323,12104984,661,id04253
12104984,12106710,1726,id04253
12106710,12107622,912,id04253
12107622,12108191,569,id04253
12108191,12108832,641,id04253
12108832,12109278,446,id04253
12109278,12109944,666,id04253
12109944,12110467,523,id04253
12110467,12111174,707,id04253
12111174,12111584,410,id04253
12111584,12112127,543,id04253
12112127,12112506,379,id04253
12112506,12112834,328,id04253
12112834,12113449,615,id04253
12113449,12113859,410,id04253
12113859,12114208,349,id04253
12114208,12114541,333,id04253
12114541,12114885,344,id04253
12114885,12115229,344,id04253
12115229,12115875,646,id04253
12115875,12116229,354,id04253
12116229,12116772,543,id04253
12116772,12117157,385,id04253
12117157,12118033,876,id04253
12118033,12118633,600,id04253
12118633,12119929,1296,id04253
12119929,12120785,856,id04253
12120785,12122117,1332,id04253
12122117,12123536,1419,id04253
12123536,12124069,533,id04253
12124069,12124443,374,id04253
12124443,12124781,338,id04253
12124781,12125150,369,id04253
12125150,12125570,420,id04253
12125570,12125924,354,id04253
12125924,12126411,487,id04253
12126411,12126770,359,id04253
12126770,12127088,318,id04253
12127088,12127406,318,id04253
12127406,12128041,635,id04253
12128041,12128436,395,id04253
12128436,12128800,364,id04253
12128800,12129118,318,id04253
12129118,12129482,364,id04253
12129482,12130225,743,id04253
12130225,12130615,390,id04253
12130615,12131030,415,id04253
12131030,12131409,379,id04253
12131409,12131794,385,id04253
12131794,12132281,487,id04253
12132281,12132619,338,id04253
12132619,12132988,369,id04253
12132988,12133332,344,id04253
12133332,12133650,318,id04253
12133650,12133968,318,id04253
12133968,12134337,369,id04253
12134337,12135024,687,id04253
12135024,12135557,533,id04253
12135557,12135875,318,id04253
12135875,12136224,349,id04253
12136224,12136578,354,id04253
12136578,12137213,635,id04253
12137213,12137582,369,id04253
12137582,12137997,415,id04253
12137997,12138540,543,id04253
12138540,12139186,646,id04253
12139186,12139709,523,id04253
12139709,12140058,349,id04253
12140058,12140770,712,id04253
12140770,12141293,523,id04253
12141293,12141831,538,id04253
12141831,12142221,390,id04253
12142221,12142585,364,id04253
12142585,12143558,973,id04253
12143558,12143917,359,id04253
12143917,12144440,523,id04253
12144440,12144784,344,id04253
12144784,12145148,364,id04253
12145148,12146091,943,id04253
12146091,12146470,379,id04253
12146470,12146824,354,id04253
12146824,12147408,584,id04253
12147408,12148023,615,id04253
12148023,12148541,518,id04253
12148541,12149033,492,id04253
12149033,12149469,436,id04253
12149469,12149813,344,id04253
12149813,12150269,456,id04253
12150269,12150679,410,id04253
12150679,12151007,328,id04253
12151007,12151397,390,id04253
12151397,12151766,369,id04253
12151766,12152202,436,id04253
12152202,12152643,441,id04253
12152643,12152997,354,id04253
12152997,12153417,420,id04253
12153417,12154037,620,id04253
12154037,12154544,507,id04253
12154544,12155179,635,id04253
12155179,12155625,446,id04253
12155625,12155989,364,id04253
12155989,12156358,369,id04253
12156358,12156824,466,id04253
12156824,12157270,446,id04253
12157270,12157762,492,id04253
12157762,12158490,728,id04253
12158490,12158982,492,id04253
12158982,12159402,420,id04253
12159402,12159781,379,id04253
12159781,12160314,533,id04276
12160314,12160821,507,id04276
12160821,12161252,431,id04276
12161252,12161964,712,id04276
12161964,12163004,1040,id04276
12163004,12163624,620,id04276
12163624,12164208,584,id04276
12164208,12165053,845,id04276
12165053,12165576,523,id04276
12165576,12166135,559,id04276
12166135,12167011,876,id04276
12167011,12168071,1060,id04276
12168071,12168466,395,id04276
12168466,12169086,620,id04276
12169086,12170766,1680,id04276
12170766,12171325,559,id04276
12171325,12171750,425,id04276
12171750,12172068,318,id04276
12172068,12173384,1316,id04276
12173384,12174065,681,id04276
12174065,12174946,881,id04276
12174946,12176032,1086,id04276
12176032,12176493,461,id04276
12176493,12177343,850,id04276
12177343,12178429,1086,id04276
12178429,12179366,937,id04276
12179366,12179986,620,id04276
12179986,12181937,1951,id04276
12181937,12182485,548,id04276
12182485,12182987,502,id04276
12182987,12183356,369,id04276
12183356,12184084,728,id04276
12184084,12185267,1183,id04276
12185267,12186107,840,id04276
12186107,12186876,769,id04276
12186876,12187266,390,id04276
12187266,12187999,733,id04276
12187999,12188348,349,id04276
12188348,12188840,492,id04276
12188840,12190054,1214,id04276
12190054,12190382,328,id04276
12190382,12190767,385,id04276
12190767,12191136,369,id04276
12191136,12191510,374,id04276
12191510,12193251,1741,id04276
12193251,12193723,472,id04276
12193723,12194563,840,id04276
12194563,12195065,502,id04276
12195065,12195501,436,id04276
12195501,12196730,1229,id04276
12196730,12197350,620,id04276
12197350,12197960,610,id04276
12197960,12198452,492,id04276
12198452,12198790,338,id04276
12198790,12200183,1393,id04276
12200183,12200608,425,id04276
12200608,12201039,431,id04276
12201039,12201429,390,id04276
12201429,12202459,1030,id04276
12202459,12203325,866,id04276
12203325,12204636,1311,id04276
12204636,12204954,318,id04276
12204954,12205815,861,id04276
12205815,12206712,897,id04276
12206712,12207276,564,id04276
12207276,12208382,1106,id04276
12208382,12209437,1055,id04276
12209437,12210129,692,id04276
12210129,12210995,866,id04276
12210995,12212066,1071,id04276
12212066,12212599,533,id04276
12212599,12213352,753,id04276
12213352,12213680,328,id04276
12213680,12214326,646,id04276
12214326,12215253,927,id04276
12215253,12215801,548,id04276
12215801,12216196,395,id04276
12216196,12216883,687,id04276
12216883,12217621,738,id04276
12217621,12218830,1209,id04276
12218830,12219235,405,id04276
12219235,12220065,830,id04276
12220065,12220578,513,id04276
12220578,12220896,318,id04276
12220896,12221388,492,id04276
12221388,12221844,456,id04276
12221844,12222259,415,id04276
12222259,12222777,518,id04276
12222777,12223658,881,id04276
12223658,12225507,1849,id04276
12225507,12226076,569,id04276
12226076,12227101,1025,id04276
12227101,12227793,692,id04276
12227793,12228464,671,id04276
12228464,12228813,349,id04276
12228813,12229566,753,id04276
12229566,12230201,635,id04276
12230201,12232198,1997,id04276
12232198,12232767,569,id04276
12232767,12233587,820,id04276
12233587,12234012,425,id04276
12234012,12234642,630,id04276
12234642,12235339,697,id04276
12235339,12235805,466,id04276
12235805,12236415,610,id04276
12236415,12236794,379,id04276
12236794,12237394,600,id04276
12237394,12237994,600,id04276
12237994,12239039,1045,id04276
12239039,12239505,466,id04276
12239505,12240253,748,id04276
12240253,12240719,466,id04276
12240719,12241626,907,id04276
12241626,12241990,364,id04276
12241990,12242446,456,id04276
12242446,12243363,917,id04276
12243363,12243681,318,id04276
12243681,12244675,994,id04276
12244675,12245228,553,id04276
12245228,12245746,518,id04276
12245746,12246269,523,id04276
12246269,12246638,369,id04276
12246638,12246956,318,id04276
12246956,12247576,620,id04276
12247576,12248698,1122,id04276
12248698,12249062,364,id04276
12249062,12249559,497,id04276
12249559,12250348,789,id04276
12250348,12251229,881,id04276
12251229,12251823,594,id04276
12251823,12252448,625,id04276
12252448,12253083,635,id04276
12253083,12253473,390,id04276
12253473,12254400,927,id04276
12254400,12256121,1721,id04276
12256121,12256669,548,id04276
12256669,12257238,569,id04276
12257238,12257694,456,id04276
12257694,12258381,687,id04276
12258381,12258740,359,id04276
12258740,12259206,466,id04276
12259206,12259550,344,id04276
12259550,12260109,559,id04276
12260109,12260575,466,id04276
12260575,12261154,579,id04276
12261154,12261677,523,id04276
12261677,12262328,651,id04276
12262328,12262748,420,id04276
12262748,12263209,461,id04276
12263209,12263573,364,id04276
12263573,12264372,799,id04276
12264372,12264874,502,id04276
12264874,12265397,523,id04276
12265397,12266125,728,id04276
12266125,12266545,420,id04276
12266545,12267124,579,id04276
12267124,12267626,502,id04276
12267626,12268231,605,id04276
12268231,12268846,615,id04276
12268846,12270797,1951,id04276
12270797,12271478,681,id04276
12271478,12272600,1122,id04276
12272600,12273082,482,id04276
12273082,12274250,1168,id04276
12274250,12275039,789,id04276
12275039,12275418,379,id04276
12275418,12275966,548,id04276
12275966,12276699,733,id04276
12276699,12277089,390,id04276
12277089,12277540,451,id04276
12277540,12278764,1224,id04276
12278764,12279410,646,id04276
12279410,12282657,3247,id04276
12282657,12283661,1004,id04276
12283661,12284696,1035,id04276
12284696,12285224,528,id04276
12285224,12287902,2678,id04276
12287902,12288727,825,id04276
12288727,12289132,405,id04276
12289132,12289486,354,id04276
12289486,12289886,400,id04276
12289886,12290690,804,id04276
12290690,12291259,569,id04276
12291259,12292304,1045,id04276
12292304,12292694,390,id04276
12292694,12293063,369,id04276
12293063,12293596,533,id04276
12293596,12294011,415,id04276
12294011,12294544,533,id04276
12294544,12294939,395,id04276
12294939,12295262,323,id04276
12295262,12295600,338,id04276
12295600,12296123,523,id04276
12296123,12297869,1746,id04276
12297869,12299313,1444,id04276
12299313,12300445,1132,id04276
12300445,12301024,579,id04276
12301024,12301777,753,id04276
12301777,12302259,482,id04276
12302259,12303002,743,id04276
12303002,12303765,763,id04276
12303765,12304185,420,id04276
12304185,12304529,344,id04276
12304529,12304893,364,id04276
12304893,12305252,359,id04276
12305252,12305800,548,id04276
12305800,12306241,441,id04276
12306241,12307347,1106,id04276
12307347,12307706,359,id04276
12307706,12308044,338,id04276
12308044,12308475,431,id04276
12308475,12308854,379,id04276
12308854,12309187,333,id04276
12309187,12309515,328,id04276
12309515,12309833,318,id04276
12309833,12310207,374,id04276
12310207,12311856,1649,id04276
12311856,12312911,1055,id04276
12312911,12313930,1019,id04276
12313930,12314693,763,id04276
12314693,12315257,564,id04276
12315257,12316548,1291,id04276
12316548,12317854,1306,id04276
12317854,12319652,1798,id04276
12319652,12322013,2361,id04276
12322013,12323232,1219,id04276
12323232,12323647,415,id04276
12323647,12323991,344,id04276
12323991,12324509,518,id04276
12324509,12325032,523,id04276
12325032,12325355,323,id04276
12325355,12325704,349,id04276
12325704,12326037,333,id04276
12326037,12326570,533,id04276
12326570,12326914,344,id04276
12326914,12327314,400,id04276
12327314,12327632,318,id04276
12327632,12328063,431,id04276
12328063,12328386,323,id04276
12328386,12328811,425,id04276
12328811,12329165,354,id04276
12329165,12329498,333,id04276
12329498,12330215,717,id04276
12330215,12330605,390,id04276
12330605,12331261,656,id04276
12331261,12332306,1045,id04276
12332306,12332665,359,id04276
12332665,12333239,574,id04276
12333239,12333926,687,id04276
12333926,12335119,1193,id04276
12335119,12337618,2499,id04276
12337618,12339303,1685,id04276
12339303,12340051,748,id04276
12340051,12341209,1158,id04276
12341209,12341834,625,id04276
12341834,12342198,364,id04276
12342198,12342567,369,id04276
12342567,12343673,1106,id04276
12343673,12344119,446,id04276
12344119,12344611,492,id04276
12344611,12345723,1112,id04276
12345723,12346512,789,id04276
12346512,12346927,415,id04276
12346927,12347649,722,id04276
12347649,12348028,379,id04276
12348028,12348459,431,id04276
12348459,12349821,1362,id04276
12349821,12350712,891,id04276
12350712,12352049,1337,id04276
12352049,12352485,436,id04276
12352485,12352875,390,id04276
12352875,12353208,333,id04276
12353208,12353905,697,id04276
12353905,12354924,1019,id04276
12354924,12355462,538,id04276
12355462,12355852,390,id04276
12355852,12356242,390,id04276
12356242,12356749,507,id04276
12356749,12357272,523,id04276
12357272,12357672,400,id04276
12357672,12358026,354,id04276
12358026,12358431,405,id04276
12358431,12358785,354,id04276
12358785,12359502,717,id04276
12359502,12359958,456,id04276
12359958,12360537,579,id04276
12360537,12361044,507,id04276
12361044,12361654,610,id04276
12361654,12362254,600,id04276
12362254,12363043,789,id04276
12363043,12363699,656,id04276
12363699,12364222,523,id04276
12364222,12364755,533,id04276
12364755,12365221,466,id04276
12365221,12366046,825,id04276
12366046,12366574,528,id04276
12366574,12368070,1496,id04276
12368070,12368419,349,id04276
12368419,12368824,405,id04276
12368824,12370156,1332,id04276
12370156,12370494,338,id04276
12370494,12371278,784,id04276
12371278,12371755,477,id04276
12371755,12372498,743,id04276
12372498,12372888,390,id04276
12372888,12373267,379,id04276
12373267,12374271,1004,id04276
12374271,12375152,881,id04276
12375152,12375629,477,id04276
12375629,12376556,927,id04276
12376556,12377755,1199,id04276
12377755,12378221,466,id04276
12378221,12379138,917,id04276
12379138,12379456,318,id04276
12379456,12380926,1470,id04276
12380926,12381264,338,id04276
12381264,12381756,492,id04276
12381756,12382478,722,id04276
12382478,12383313,835,id04276
12383313,12383826,513,id04276
12383826,12384205,379,id04276
12384205,12384641,436,id04276
12384641,12384985,344,id04276
12384985,12385533,548,id04276
12385533,12386092,559,id04276
12386092,12386907,815,id04276
12386907,12387420,513,id04276
12387420,12387881,461,id04276
12387881,12388557,676,id04276
12388557,12388972,415,id04276
12388972,12389848,876,id04276
12389848,12391134,1286,id04276
12391134,12392020,886,id04276
12392020,12392353,333,id04276
12392353,12392681,328,id04276
12392681,12393004,323,id04276
12393004,12393527,523,id04276
12393527,12393988,461,id04276
12393988,12394316,328,id04276
12394316,12394967,651,id04276
12394967,12396294,1327,id04276
12396294,12396648,354,id04276
12396648,12397043,395,id04276
12397043,12397740,697,id04276
12397740,12398677,937,id04276
12398677,12399108,431,id04276
12399108,12399887,779,id04276
12399887,12400287,400,id04276
12400287,12400974,687,id04276
12400974,12401353,379,id04276
12401353,12401707,354,id04276
12401707,12402097,390,id04276
12402097,12402517,420,id04276
12402517,12404427,1910,id04276
12404427,12405165,738,id04276
12405165,12405637,472,id04276
12405637,12406298,661,id04276
12406298,12407000,702,id04276
12407000,12407441,441,id04276
12407441,12408035,594,id04276
12408035,12408404,369,id04276
12408404,12409065,661,id04276
12409065,12409434,369,id04276
12409434,12409916,482,id04276
12409916,12410295,379,id04276
12410295,12410639,344,id04276
12410639,12410967,328,id04276
12410967,12411326,359,id04276
12411326,12412223,897,id04276
12412223,12412782,559,id04276
12412782,12413182,400,id04276
12413182,12413761,579,id04276
12413761,12414120,359,id04276
12414120,12414566,446,id04276
12414566,12415027,461,id04276
12415027,12415534,507,id04276
12415534,12416016,482,id04276
12416016,12416467,451,id04276
12416467,12417573,1106,id04276
12417573,12417942,369,id04276
12417942,12418306,364,id04276
12418306,12418629,323,id04276
12418629,12419177,548,id04276
12419177,12419597,420,id04276
12419597,12419966,369,id04276
12419966,12420484,518,id04276
12420484,12420899,415,id04276
12420899,12421673,774,id04276
12421673,12422216,543,id04276
12422216,12422913,697,id04276
12422913,12423313,400,id04276
12423313,12423800,487,id04276
12423800,12424604,804,id04276
12424604,12425951,1347,id04276
12425951,12427032,1081,id04276
12427032,12427939,907,id04276
12427939,12428580,641,id04276
12428580,12429318,738,id04276
12429318,12430332,1014,id04276
12430332,12430701,369,id04276
12430701,12431608,907,id04276
12431608,12432264,656,id04276
12432264,12434241,1977,id04276
12434241,12435107,866,id04276
12435107,12435973,866,id04276
12435973,12436788,815,id04276
12436788,12437121,333,id04276
12437121,12437495,374,id04276
12437495,12438084,589,id04276
12438084,12438842,758,id04276
12438842,12439723,881,id04276
12439723,12440195,472,id04276
12440195,12440789,594,id04276
12440789,12441214,425,id04276
12441214,12441824,610,id04276
12441824,12442285,461,id04276
12442285,12443023,738,id04276
12443023,12443341,318,id04276
12443341,12443884,543,id04276
12443884,12444770,886,id04276
12444770,12445088,318,id04276
12445088,12445493,405,id04276
12445493,12446190,697,id04276
12446190,12446656,466,id04276
12446656,12446994,338,id04276
12446994,12447327,333,id04276
12447327,12447906,579,id04276
12447906,12448449,543,id04276
12448449,12448818,369,id04276
12448818,12449146,328,id04276
12449146,12449515,369,id04276
12449515,12449981,466,id04276
12449981,12450304,323,id04276
12450304,12450689,385,id04276
12450689,12451411,722,id04276
12451411,12451990,579,id04276
12451990,12452339,349,id04276
12452339,12452749,410,id04276
12452749,12454470,1721,id04276
12454470,12455223,753,id04276
12455223,12455971,748,id04276
12455971,12457246,1275,id04276
12457246,12457789,543,id04276
12457789,12458532,743,id04276
12458532,12458911,379,id04276
12458911,12459280,369,id04276
12459280,12459905,625,id04276
12459905,12460295,390,id04276
12460295,12461299,1004,id04276
12461299,12462001,702,id04276
12462001,12462339,338,id04276
12462339,12463036,697,id04276
12463036,12463385,349,id04276
12463385,12463790,405,id04276
12463790,12464169,379,id04276
12464169,12465086,917,id04276
12465086,12465568,482,id04276
12465568,12465963,395,id04276
12465963,12466419,456,id04276
12466419,12466978,559,id04276
12466978,12467808,830,id04276
12467808,12468136,328,id04276
12468136,12468464,328,id04276
12468464,12469007,543,id04276
12469007,12469463,456,id04276
12469463,12469781,318,id04276
12469781,12470493,712,id04276
12470493,12470908,415,id04276
12470908,12471482,574,id04276
12471482,12473300,1818,id04276
12473300,12473638,338,id04276
12473638,12474417,779,id04276
12474417,12475104,687,id04276
12475104,12476190,1086,id04276
12476190,12477158,968,id04276
12477158,12477865,707,id04276
12477865,12478234,369,id04276
12478234,12478690,456,id04276
12478690,12480257,1567,id04276
12480257,12480805,548,id04276
12480805,12481282,477,id04276
12481282,12481651,369,id04276
12481651,12482317,666,id04276
12482317,12482661,344,id04276
12482661,12483931,1270,id04276
12483931,12484618,687,id04276
12484618,12484956,338,id04276
12484956,12485950,994,id04276
12485950,12486703,753,id04276
12486703,12489514,2811,id04276
12489514,12490462,948,id04276
12490462,12491123,661,id04276
12491123,12492014,891,id04276
12492014,12492429,415,id04276
12492429,12494227,1798,id04276
12494227,12494724,497,id04276
12494724,12495180,456,id04276
12495180,12495575,395,id04276
12495575,12495995,420,id04276
12495995,12496641,646,id04276
12496641,12497404,763,id04295
12497404,12498429,1025,id04295
12498429,12499023,594,id04295
12499023,12500058,1035,id04295
12500058,12500530,472,id04295
12500530,12500879,349,id04295
12500879,12501525,646,id04295
12501525,12502432,907,id04295
12502432,12503006,574,id04295
12503006,12503529,523,id04295
12503529,12505301,1772,id04295
12505301,12506838,1537,id04295
12506838,12507381,543,id04295
12507381,12509168,1787,id04295
12509168,12509599,431,id04295
12509599,12509999,400,id04295
12509999,12511269,1270,id04295
12511269,12511628,359,id04295
12511628,12512494,866,id04295
12512494,12513037,543,id04295
12513037,12513985,948,id04295
12513985,12514728,743,id04295
12514728,12515123,395,id04295
12515123,12515682,559,id04295
12515682,12516148,466,id04295
12516148,12516630,482,id04295
12516630,12517250,620,id04295
12517250,12517670,420,id04295
12517670,12518060,390,id04295
12518060,12518808,748,id04295
12518808,12519863,1055,id04295
12519863,12520626,763,id04295
12520626,12521016,390,id04295
12521016,12521406,390,id04295
12521406,12522717,1311,id04295
12522717,12523383,666,id04295
12523383,12523921,538,id04295
12523921,12524275,354,id04295
12524275,12524690,415,id04295
12524690,12525146,456,id04295
12525146,12525694,548,id04295
12525694,12526166,472,id04295
12526166,12526883,717,id04295
12526883,12527416,533,id04295
12527416,12527836,420,id04295
12527836,12528605,769,id04295
12528605,12528949,344,id04295
12528949,12529584,635,id04295
12529584,12530004,420,id04295
12530004,12530701,697,id04295
12530701,12531398,697,id04295
12531398,12531875,477,id04295
12531875,12532193,318,id04295
12532193,12532706,513,id04295
12532706,12533147,441,id04295
12533147,12533491,344,id04295
12533491,12534219,728,id04295
12534219,12534604,385,id04295
12534604,12534932,328,id04295
12534932,12535286,354,id04295
12535286,12535604,318,id04295
12535604,12535973,369,id04295
12535973,12536301,328,id04295
12536301,12536824,523,id04295
12536824,12537296,472,id04295
12537296,12537855,559,id04295
12537855,12538936,1081,id04295
12538936,12539300,364,id04295
12539300,12539674,374,id04295
12539674,12540012,338,id04295
12540012,12540473,461,id04295
12540473,12540893,420,id04295
12540893,12541272,379,id04295
12541272,12541744,472,id04295
12541744,12542344,600,id04295
12542344,12542841,497,id04295
12542841,12543645,804,id04295
12543645,12545018,1373,id04295
12545018,12545362,344,id04295
12545362,12546156,794,id04295
12546156,12547053,897,id04295
12547053,12547724,671,id04295
12547724,12548267,543,id04295
12548267,12548749,482,id04295
12548749,12549108,359,id04295
12549108,12550179,1071,id04295
12550179,12551756,1577,id04295
12551756,12552161,405,id04295
12552161,12552489,328,id04295
12552489,12552904,415,id04295
12552904,12553258,354,id04295
12553258,12553750,492,id04295
12553750,12554073,323,id04295
12554073,12554606,533,id04295
12554606,12556588,1982,id04295
12556588,12557111,523,id04295
12557111,12557680,569,id04295
12557680,12558617,937,id04295
12558617,12558986,369,id04295
12558986,12559621,635,id04295
12559621,12560011,390,id04295
12560011,12560416,405,id04295
12560416,12560734,318,id04295
12560734,12561753,1019,id04295
12561753,12562475,722,id04295
12562475,12563249,774,id04295
12563249,12563925,676,id04295
12563925,12564391,466,id04295
12564391,12564755,364,id04295
12564755,12565099,344,id04295
12565099,12565540,441,id04295
12565540,12565889,349,id04295
12565889,12566381,492,id04295
12566381,12566991,610,id04295
12566991,12567975,984,id04295
12567975,12568605,630,id04295
12568605,12568995,390,id04295
12568995,12569595,600,id04295
12569595,12569944,349,id04295
12569944,12570364,420,id04295
12570364,12571051,687,id04295
12571051,12571410,359,id04295
12571410,12571789,379,id04295
12571789,12572127,338,id04295
12572127,12572445,318,id04295
12572445,12572968,523,id04295
12572968,12573527,559,id04295
12573527,12574101,574,id04295
12574101,12574455,354,id04295
12574455,12575270,815,id04295
12575270,12576264,994,id04295
12576264,12576689,425,id04295
12576689,12577079,390,id04295
12577079,12577402,323,id04295
12577402,12577843,441,id04295
12577843,12578197,354,id04295
12578197,12578597,400,id04295
12578597,12579053,456,id04295
12579053,12579443,390,id04295
12579443,12579889,446,id04295
12579889,12580217,328,id04295
12580217,12580586,369,id04295
12580586,12581032,446,id04295
12581032,12581447,415,id04295
12581447,12581816,369,id04295
12581816,12582835,1019,id04295
12582835,12583808,973,id04295
12583808,12584146,338,id04295
12584146,12585462,1316,id04295
12585462,12585826,364,id04295
12585826,12586144,318,id04295
12586144,12586462,318,id04295
12586462,12586928,466,id04295
12586928,12587282,354,id04295
12587282,12587754,472,id04295
12587754,12588297,543,id04295
12588297,12590130,1833,id04295
12590130,12590929,799,id04295
12590929,12591421,492,id04295
12591421,12591944,523,id04295
12591944,12593552,1608,id04295
12593552,12594080,528,id04295
12594080,12594552,472,id04295
12594552,12594906,354,id04295
12594906,12595337,431,id04295
12595337,12596177,840,id04295
12596177,12596736,559,id04295
12596736,12597597,861,id04295
12597597,12597961,364,id04295
12597961,12598407,446,id04295
12598407,12598853,446,id04295
12598853,12599325,472,id04295
12599325,12600693,1368,id04295
12600693,12601190,497,id04295
12601190,12602230,1040,id04295
12602230,12603157,927,id04295
12603157,12603531,374,id04295
12603531,12604305,774,id04295
12604305,12604664,359,id04295
12604664,12604982,318,id04295
12604982,12605827,845,id04295
12605827,12606657,830,id04295
12606657,12607354,697,id04295
12607354,12607682,328,id04295
12607682,12608072,390,id04295
12608072,12608462,390,id04295
12608462,12608811,349,id04295
12608811,12609549,738,id04295
12609549,12610574,1025,id04295
12610574,12611158,584,id04295
12611158,12611522,364,id04295
12611522,12611907,385,id04295
12611907,12612292,385,id04295
12612292,12612912,620,id04295
12612912,12613762,850,id04295
12613762,12614090,328,id04295
12614090,12614531,441,id04295
12614531,12615100,569,id04295
12615100,12616104,1004,id04295
12616104,12616519,415,id04295
12616519,12616919,400,id04295
12616919,12617350,431,id04295
12617350,12617683,333,id04295
12617683,12618078,395,id04295
12618078,12618524,446,id04295
12618524,12618898,374,id04295
12618898,12619293,395,id04295
12619293,12619846,553,id04295
12619846,12620328,482,id04295
12620328,12621056,728,id04295
12621056,12622111,1055,id04295
12622111,12622823,712,id04295
12622823,12623740,917,id04295
12623740,12624478,738,id04295
12624478,12624996,518,id04295
12624996,12625340,344,id04295
12625340,12625673,333,id04295
12625673,12626641,968,id04295
12626641,12627020,379,id04295
12627020,12627968,948,id04295
12627968,12628501,533,id04295
12628501,12628993,492,id04295
12628993,12630335,1342,id04295
12630335,12630704,369,id04295
12630704,12631478,774,id04295
12631478,12631816,338,id04295
12631816,12632405,589,id04295
12632405,12633578,1173,id04295
12633578,12634116,538,id04295
12634116,12634495,379,id04295
12634495,12635013,518,id04295
12635013,12636555,1542,id04295
12636555,12637027,472,id04295
12637027,12637355,328,id04295
12637355,12639122,1767,id04295
12639122,12640362,1240,id04295
12640362,12640828,466,id04295
12640828,12641489,661,id04295
12641489,12641920,431,id04295
12641920,12642596,676,id04295
12642596,12642975,379,id04295
12642975,12643431,456,id04295
12643431,12643995,564,id04295
12643995,12644385,390,id04295
12644385,12644805,420,id04295
12644805,12645246,441,id04295
12645246,12645564,318,id04295
12645564,12647531,1967,id04295
12647531,12648479,948,id04295
12648479,12648930,451,id04295
12648930,12651281,2351,id04295
12651281,12651927,646,id04366
12651927,12652665,738,id04366
12652665,12653311,646,id04366
12653311,12653808,497,id04366
12653808,12654484,676,id04366
12654484,12655565,1081,id04366
12655565,12656129,564,id04366
12656129,12656447,318,id04366
12656447,12656832,385,id04366
12656832,12657155,323,id04366
12657155,12657637,482,id04366
12657637,12658022,385,id04366
12658022,12658739,717,id04366
12658739,12660020,1281,id04366
12660020,12660394,374,id04366
12660394,12661029,635,id04366
12661029,12661485,456,id04366
12661485,12661823,338,id04366
12661823,12662156,333,id04366
12662156,12662602,446,id04366
12662602,12663135,533,id04366
12663135,12663632,497,id04366
12663632,12663950,318,id04366
12663950,12664570,620,id04366
12664570,12665042,472,id04366
12665042,12665544,502,id04366
12665544,12665949,405,id04366
12665949,12666492,543,id04366
12666492,12667199,707,id04366
12667199,12667609,410,id04366
12667609,12667953,344,id04366
12667953,12668307,354,id04366
12668307,12668814,507,id04366
12668814,12669142,328,id04366
12669142,12669726,584,id04366
12669726,12670054,328,id04366
12670054,12670654,600,id04366
12670654,12671126,472,id04366
12671126,12671490,364,id04366
12671490,12671828,338,id04366
12671828,12672192,364,id04366
12672192,12672658,466,id04366
12672658,12673073,415,id04366
12673073,12674932,1859,id04366
12674932,12675701,769,id04366
12675701,12676403,702,id04366
12676403,12676772,369,id04366
12676772,12677203,431,id04366
12677203,12677864,661,id04366
12677864,12678658,794,id04366
12678658,12679196,538,id04366
12679196,12679596,400,id04366
12679596,12680334,738,id04366
12680334,12680749,415,id04366
12680749,12681221,472,id04366
12681221,12681836,615,id04366
12681836,12682205,369,id04366
12682205,12682876,671,id04366
12682876,12683368,492,id04366
12683368,12683860,492,id04366
12683860,12684291,431,id04366
12684291,12684609,318,id04366
12684609,12684994,385,id04366
12684994,12685332,338,id04366
12685332,12685681,349,id04366
12685681,12686009,328,id04366
12686009,12686675,666,id04366
12686675,12687280,605,id04366
12687280,12687700,420,id04366
12687700,12688172,472,id04366
12688172,12688495,323,id04366
12688495,12688859,364,id04366
12688859,12689448,589,id04366
12689448,12689925,477,id04366
12689925,12690289,364,id04366
12690289,12690679,390,id04366
12690679,12691299,620,id04366
12691299,12692462,1163,id04366
12692462,12693149,687,id04366
12693149,12693641,492,id04366
12693641,12694020,379,id04366
12694020,12695075,1055,id04366
12695075,12695480,405,id04366
12695480,12695834,354,id04366
12695834,12697442,1608,id04366
12697442,12699019,1577,id04366
12699019,12699388,369,id04366
12699388,12699808,420,id04366
12699808,12700827,1019,id04366
12700827,12701293,466,id04366
12701293,12701683,390,id04366
12701683,12702144,461,id04366
12702144,12702488,344,id04366
12702488,12702949,461,id04366
12702949,12703354,405,id04366
12703354,12703769,415,id04366
12703769,12704578,809,id04366
12704578,12704896,318,id04366
12704896,12705321,425,id04366
12705321,12706760,1439,id04366
12706760,12707329,569,id04366
12707329,12707795,466,id04366
12707795,12708441,646,id04366
12708441,12708836,395,id04366
12708836,12709328,492,id04366
12709328,12709928,600,id04366
12709928,12710261,333,id04366
12710261,12710661,400,id04366
12710661,12711317,656,id04366
12711317,12711681,364,id04366
12711681,12712035,354,id04366
12712035,12712716,681,id04366
12712716,12713136,420,id04366
12713136,12713541,405,id04366
12713541,12713869,328,id04366
12713869,12714796,927,id04366
12714796,12715262,466,id04366
12715262,12715590,328,id04366
12715590,12716005,415,id04366
12716005,12716743,738,id04366
12716743,12717081,338,id04366
12717081,12717471,390,id04366
12717471,12717825,354,id04366
12717825,12718532,707,id04366
12718532,12718968,436,id04366
12718968,12719465,497,id04366
12719465,12719937,472,id04366
12719937,12720281,344,id04366
12720281,12720650,369,id04366
12720650,12720968,318,id04366
12720968,12721409,441,id04366
12721409,12721922,513,id04366
12721922,12722286,364,id04366
12722286,12722727,441,id04366
12722727,12723071,344,id04366
12723071,12723502,431,id04366
12723502,12723887,385,id04366
12723887,12724451,564,id04366
12724451,12724846,395,id04366
12724846,12725312,466,id04366
12725312,12725727,415,id04366
12725727,12726787,1060,id04366
12726787,12727305,518,id04366
12727305,12727838,533,id04366
12727838,12728228,390,id04366
12728228,12728577,349,id04366
12728577,12728895,318,id04366
12728895,12729720,825,id04366
12729720,12730156,436,id04366
12730156,12730515,359,id04366
12730515,12730859,344,id04366
12730859,12731238,379,id04366
12731238,12731776,538,id04366
12731776,12732376,600,id04366
12732376,12732935,559,id04366
12732935,12733350,415,id04366
12733350,12733893,543,id04366
12733893,12734237,344,id04366
12734237,12734627,390,id04366
12734627,12734996,369,id04366
12734996,12735334,338,id04366
12735334,12735795,461,id04366
12735795,12736354,559,id04366
12736354,12736754,400,id04366
12736754,12737123,369,id04366
12737123,12737446,323,id04366
12737446,12737769,323,id04366
12737769,12738113,344,id04366
12738113,12738457,344,id04366
12738457,12738842,385,id04366
12738842,12739426,584,id04366
12739426,12739790,364,id04366
12739790,12740113,323,id04366
12740113,12740922,809,id04366
12740922,12741414,492,id04366
12741414,12741942,528,id04366
12741942,12742306,364,id04366
12742306,12742767,461,id04366
12742767,12743105,338,id04366
12743105,12743628,523,id04366
12743628,12744171,543,id04366
12744171,12744535,364,id04366
12744535,12744858,323,id04366
12744858,12745186,328,id04366
12745186,12745924,738,id04366
12745924,12746636,712,id04366
12746636,12747026,390,id04366
12747026,12747539,513,id04366
12747539,12748021,482,id04366
12748021,12748339,318,id04366
12748339,12748683,344,id04366
12748683,12749124,441,id04366
12749124,12749488,364,id04366
12749488,12749924,436,id04366
12749924,12750411,487,id04366
12750411,12750770,359,id04366
12750770,12751523,753,id04366
12751523,12751841,318,id04366
12751841,12752256,415,id04366
12752256,12752722,466,id04366
12752722,12753066,344,id04366
12753066,12753410,344,id04366
12753410,12753928,518,id04366
12753928,12754266,338,id04366
12754266,12754610,344,id04366
12754610,12755225,615,id04366
12755225,12755707,482,id04366
12755707,12756127,420,id04366
12756127,12756527,400,id04366
12756527,12756958,431,id04366
12756958,12757481,523,id04366
12757481,12757896,415,id04366
12757896,12758250,354,id04366
12758250,12759054,804,id04366
12759054,12759428,374,id04366
12759428,12759792,364,id04366
12759792,12760243,451,id04366
12760243,12760699,456,id04366
12760699,12761293,594,id04366
12761293,12761954,661,id04366
12761954,12762282,328,id04366
12762282,12762902,620,id04366
12762902,12763220,318,id04366
12763220,12763564,344,id04366
12763564,12763882,318,id04366
12763882,12764384,502,id04366
12764384,12764794,410,id04366
12764794,12765388,594,id04366
12765388,12765747,359,id04366
12765747,12766674,927,id04366
12766674,12767074,400,id04366
12767074,12767571,497,id04366
12767571,12768017,446,id04366
12768017,12768355,338,id04366
12768355,12768709,354,id04366
12768709,12769094,385,id04366
12769094,12769699,605,id04366
12769699,12770027,328,id04366
12770027,12770401,374,id04366
12770401,12770729,328,id04366
12770729,12771073,344,id04366
12771073,12771473,400,id04366
12771473,12771955,482,id04366
12771955,12772273,318,id04366
12772273,12772627,354,id04366
12772627,12773037,410,id04366
12773037,12773478,441,id04366
12773478,12773801,323,id04366
12773801,12774728,927,id04366
12774728,12775184,456,id04366
12775184,12776091,907,id04366
12776091,12776665,574,id04366
12776665,12778396,1731,id04366
12778396,12779037,641,id04366
12779037,12779355,318,id04366
12779355,12779745,390,id04366
12779745,12780140,395,id04478
12780140,12780519,379,id04478
12780519,12780924,405,id04478
12780924,12781288,364,id04478
12781288,12781683,395,id04478
12781683,12782405,722,id04478
12782405,12782784,379,id04478
12782784,12783107,323,id04478
12783107,12783517,410,id04478
12783517,12783886,369,id04478
12783886,12784276,390,id04478
12784276,12784814,538,id04478
12784814,12785408,594,id04478
12785408,12785839,431,id04478
12785839,12786177,338,id04478
12786177,12786792,615,id04478
12786792,12787130,338,id04478
12787130,12787704,574,id04478
12787704,12788519,815,id04478
12788519,12789124,605,id04478
12789124,12789468,344,id04478
12789468,12789806,338,id04478
12789806,12790482,676,id04478
12790482,12790810,328,id04478
12790810,12791276,466,id04478
12791276,12791717,441,id04478
12791717,12792199,482,id04478
12792199,12792558,359,id04478
12792558,12792943,385,id04478
12792943,12793363,420,id04478
12793363,12793968,605,id04478
12793968,12794363,395,id04478
12794363,12795075,712,id04478
12795075,12795552,477,id04478
12795552,12796367,815,id04478
12796367,12797079,712,id04478
12797079,12798032,953,id04478
12798032,12798376,344,id04478
12798376,12798976,600,id04478
12798976,12799350,374,id04478
12799350,12800185,835,id04478
12800185,12801046,861,id04478
12801046,12801374,328,id04478
12801374,12801779,405,id04478
12801779,12803459,1680,id04478
12803459,12803823,364,id04478
12803823,12804817,994,id04478
12804817,12805135,318,id04478
12805135,12805786,651,id04478
12805786,12806201,415,id04478
12806201,12806667,466,id04478
12806667,12807164,497,id04478
12807164,12807554,390,id04478
12807554,12807985,431,id04478
12807985,12808451,466,id04478
12808451,12808815,364,id04478
12808815,12809159,344,id04478
12809159,12809503,344,id04478
12809503,12810021,518,id04478
12810021,12810339,318,id04478
12810339,12810713,374,id04478
12810713,12811108,395,id04478
12811108,12811615,507,id04478
12811615,12812184,569,id04478
12812184,12812840,656,id04478
12812840,12813363,523,id04478
12813363,12813707,344,id04478
12813707,12814102,395,id04478
12814102,12814563,461,id04478
12814563,12815009,446,id04478
12815009,12815593,584,id04478
12815593,12816090,497,id04478
12816090,12816562,472,id04478
12816562,12817259,697,id04478
12817259,12818033,774,id04478
12818033,12818356,323,id04478
12818356,12818705,349,id04478
12818705,12819028,323,id04478
12819028,12820319,1291,id04478
12820319,12820867,548,id04478
12820867,12821902,1035,id04478
12821902,12822420,518,id04478
12822420,12822871,451,id04478
12822871,12823609,738,id04478
12823609,12824086,477,id04478
12824086,12825428,1342,id04478
12825428,12825797,369,id04478
12825797,12826402,605,id04478
12826402,12826787,385,id04478
12826787,12827274,487,id04478
12827274,12827689,415,id04478
12827689,12828683,994,id04478
12828683,12829190,507,id04478
12829190,12830020,830,id04478
12830020,12830476,456,id04478
12830476,12830866,390,id04478
12830866,12831194,328,id04478
12831194,12832505,1311,id04478
12832505,12833135,630,id04478
12833135,12833919,784,id04478
12833919,12834498,579,id04478
12834498,12834816,318,id04478
12834816,12835518,702,id04478
12835518,12835856,338,id04478
12835856,12836174,318,id04478
12836174,12836543,369,id04478
12836543,12836953,410,id04478
12836953,12837384,431,id04478
12837384,12837799,415,id04478
12837799,12838434,635,id04478
12838434,12838767,333,id04478
12838767,12839167,400,id04478
12839167,12839562,395,id04478
12839562,12839906,344,id04478
12839906,12840485,579,id04478
12840485,12840864,379,id04478
12840864,12841387,523,id04478
12841387,12841894,507,id04478
12841894,12842396,502,id04478
12842396,12842719,323,id04478
12842719,12843063,344,id04478
12843063,12843396,333,id04478
12843396,12843955,559,id04478
12843955,12844841,886,id04478
12844841,12845210,369,id04478
12845210,12845625,415,id04478
12845625,12846056,431,id04478
12846056,12846574,518,id04478
12846574,12847097,523,id04478
12847097,12847681,584,id04478
12847681,12848434,753,id04478
12848434,12849151,717,id04478
12849151,12849761,610,id04478
12849761,12850791,1030,id04478
12850791,12851539,748,id04478
12851539,12852057,518,id04478
12852057,12852575,518,id04478
12852575,12853354,779,id04478
12853354,12853744,390,id04478
12853744,12854200,456,id04478
12854200,12854672,472,id04478
12854672,12855092,420,id04478
12855092,12855574,482,id04478
12855574,12855902,328,id04478
12855902,12856415,513,id04478
12856415,12856743,328,id04478
12856743,12857081,338,id04478
12857081,12857460,379,id04478
12857460,12857788,328,id04478
12857788,12858126,338,id04478
12858126,12858495,369,id04478
12858495,12859484,989,id04478
12859484,12859848,364,id04478
12859848,12860437,589,id04478
12860437,12861149,712,id04478
12861149,12862184,1035,id04478
12862184,12864007,1823,id04478
12864007,12864386,379,id04478
12864386,12864719,333,id04478
12864719,12865278,559,id04478
12865278,12865975,697,id04478
12865975,12866354,379,id04478
12866354,12867148,794,id04478
12867148,12867917,769,id04478
12867917,12868332,415,id04478
12868332,12869223,891,id04478
12869223,12869577,354,id04478
12869577,12870049,472,id04478
12870049,12870434,385,id04478
12870434,12870906,472,id04478
12870906,12871275,369,id04478
12871275,12871639,364,id04478
12871639,12871967,328,id04478
12871967,12872664,697,id04478
12872664,12873207,543,id04478
12873207,12873730,523,id04478
12873730,12874647,917,id04478
12874647,12875026,379,id04478
12875026,12876143,1117,id04478
12876143,12876615,472,id04478
12876615,12876984,369,id04478
12876984,12877968,984,id04478
12877968,12878757,789,id04478
12878757,12879223,466,id04478
12879223,12879705,482,id04478
12879705,12880832,1127,id04478
12880832,12881524,692,id04478
12881524,12883388,1864,id04478
12883388,12884423,1035,id04478
12884423,12884992,569,id04478
12884992,12885412,420,id04478
12885412,12885761,349,id04478
12885761,12887006,1245,id04478
12887006,12887411,405,id04478
12887411,12887852,441,id04478
12887852,12888216,364,id04478
12888216,12888606,390,id04478
12888606,12889057,451,id04478
12889057,12889539,482,id04478
12889539,12890031,492,id04478
12890031,12890472,441,id04478
12890472,12890790,318,id04478
12890790,12891128,338,id04478
12891128,12891533,405,id04478
12891533,12891974,441,id04478
12891974,12892307,333,id04478
12892307,12892630,323,id04478
12892630,12893209,579,id04478
12893209,12893793,584,id04478
12893793,12894352,559,id04478
12894352,12894690,338,id04478
12894690,12895008,318,id04478
12895008,12895695,687,id04478
12895695,12896080,385,id04478
12896080,12896413,333,id04478
12896413,12897187,774,id04478
12897187,12897735,548,id04478
12897735,12898304,569,id04478
12898304,12898847,543,id04478
12898847,12899600,753,id04478
12899600,12899985,385,id04478
12899985,12900564,579,id04478
12900564,12900902,338,id04478
12900902,12901266,364,id04478
12901266,12901768,502,id04478
12901768,12902542,774,id04478
12902542,12902896,354,id04478
12902896,12903490,594,id04478
12903490,12903818,328,id04478
12903818,12904197,379,id04478
12904197,12904515,318,id04478
12904515,12904833,318,id04478
12904833,12905161,328,id04478
12905161,12905822,661,id04478
12905822,12906416,594,id04478
12906416,12906995,579,id04478
12906995,12907385,390,id04478
12907385,12907851,466,id04478
12907851,12908179,328,id04478
12908179,12908594,415,id04478
12908594,12909086,492,id04478
12909086,12909414,328,id04478
12909414,12909845,431,id04478
12909845,12910373,528,id04478
12910373,12910926,553,id04478
12910926,12911357,431,id04478
12911357,12911706,349,id04478
12911706,12912162,456,id04478
12912162,12912552,390,id04478
12912552,12912972,420,id04478
12912972,12913899,927,id04478
12913899,12914627,728,id04478
12914627,12915196,569,id04478
12915196,12915637,441,id04478
12915637,12915975,338,id04478
12915975,12916580,605,id04478
12916580,12917000,420,id04478
12917000,12917410,410,id04478
12917410,12917994,584,id04478
12917994,12918435,441,id04478
12918435,12918825,390,id04478
12918825,12919169,344,id04478
12919169,12919799,630,id04478
12919799,12920347,548,id04478
12920347,12920793,446,id04478
12920793,12921423,630,id04478
12921423,12923815,2392,id04478
12923815,12925111,1296,id04478
12925111,12926356,1245,id04478
12926356,12926684,328,id04478
12926684,12927289,605,id04478
12927289,12927648,359,id04478
12927648,12928273,625,id04478
12928273,12928719,446,id04478
12928719,12929047,328,id04478
12929047,12929375,328,id04478
12929375,12929877,502,id04478
12929877,12930497,620,id04478
12930497,12930999,502,id04478
12930999,12931430,431,id04478
12931430,12932019,589,id04478
12932019,12932383,364,id04478
12932383,12932870,487,id04478
12932870,12933326,456,id04478
12933326,12933854,528,id04478
12933854,12934438,584,id04478
12934438,12934797,359,id04478
12934797,12935468,671,id04478
12935468,12936068,600,id04478
12936068,12936785,717,id04478
12936785,12937405,620,id04478
12937405,12938286,881,id04478
12938286,12938942,656,id04478
12938942,12939414,472,id04478
12939414,12939860,446,id04478
12939860,12940608,748,id04478
12940608,12941100,492,id04478
12941100,12941618,518,id04478
12941618,12941956,338,id04478
12941956,12942320,364,id04478
12942320,12942776,456,id04478
12942776,12943335,559,id04478
12943335,12943704,369,id04478
12943704,12944170,466,id04478
12944170,12945051,881,id04478
12945051,12945589,538,id04478
12945589,12946235,646,id04478
12946235,12946712,477,id04478
12946712,12947225,513,id04478
12947225,12947697,472,id04478
12947697,12948148,451,id04478
12948148,12948517,369,id04478
12948517,12949060,543,id04478
12949060,12949424,364,id04478
12949424,12949834,410,id04478
12949834,12950418,584,id04478
12950418,12951120,702,id04478
12951120,12951663,543,id04478
12951663,12952001,338,id04478
12952001,12952749,748,id04478
12952749,12953282,533,id04478
12953282,12953759,477,id04478
12953759,12954103,344,id04478
12954103,12954733,630,id04478
12954733,12955215,482,id04478
12955215,12955681,466,id04478
12955681,12956224,543,id04478
12956224,12956665,441,id04478
12956665,12957152,487,id04478
12957152,12957496,344,id04478
12957496,12957901,405,id04478
12957901,12958321,420,id04478
12958321,12958992,671,id04478
12958992,12959633,641,id04478
12959633,12959987,354,id04478
12959987,12960377,390,id04478
12960377,12960905,528,id04478
12960905,12961320,415,id04478
12961320,12961945,625,id04478
12961945,12962898,953,id04478
12962898,12963334,436,id04478
12963334,12964082,748,id04478
12964082,12964410,328,id04478
12964410,12964969,559,id04478
12964969,12965451,482,id04478
12965451,12966281,830,id04478
12966281,12966671,390,id04478
12966671,12967296,625,id04478
12967296,12968213,917,id04478
12968213,12969709,1496,id04478
12969709,12970027,318,id04478
12970027,12971113,1086,id04478
12971113,12972337,1224,id04478
12972337,12972768,431,id04478
12972768,12973245,477,id04478
12973245,12973691,446,id04478
12973691,12974352,661,id04478
12974352,12976150,1798,id04478
12976150,12976565,415,id04478
12976565,12978148,1583,id04478
12978148,12978712,564,id04478
12978712,12979061,349,id04478
12979061,12979425,364,id04478
12979425,12979763,338,id04478
12979763,12980081,318,id04478
12980081,12980481,400,id04478
12980481,12980891,410,id04478
12980891,12981229,338,id04478
12981229,12982105,876,id04478
12982105,12982638,533,id04478
12982638,12983058,420,id04478
12983058,12983489,431,id04478
12983489,12984908,1419,id04478
12984908,12985298,390,id04478
12985298,12986046,748,id04478
12986046,12986866,820,id04478
12986866,12987307,441,id04478
12987307,12987804,497,id04478
12987804,12988137,333,id04478
12988137,12989059,922,id04478
12989059,12989638,579,id04478
12989638,12990396,758,id04478
12990396,12990775,379,id04478
12990775,12991231,456,id04478
12991231,12991703,472,id04478
12991703,12992159,456,id04478
12992159,12992810,651,id04478
12992810,12993317,507,id04478
12993317,12993824,507,id04478
12993824,12994721,897,id04478
12994721,12995362,641,id04478
12995362,12996545,1183,id04478
12996545,12997626,1081,id04478
12997626,12998502,876,id04536
12998502,12998902,400,id04536
12998902,12999302,400,id04536
12999302,13000055,753,id04536
13000055,13000803,748,id04536
13000803,13001136,333,id04536
13001136,13002120,984,id04536
13002120,13002663,543,id04536
13002663,13003094,431,id04536
13003094,13003473,379,id04536
13003473,13004042,569,id04536
13004042,13004386,344,id04536
13004386,13005067,681,id04536
13005067,13005667,600,id04536
13005667,13006369,702,id04536
13006369,13007004,635,id04536
13007004,13007409,405,id04536
13007409,13007855,446,id04536
13007855,13008245,390,id04536
13008245,13008563,318,id04536
13008563,13008978,415,id04536
13008978,13009368,390,id04536
13009368,13009768,400,id04536
13009768,13010101,333,id04536
13010101,13010465,364,id04536
13010465,13010962,497,id04536
13010962,13011551,589,id04536
13011551,13012043,492,id04536
13012043,13012832,789,id04536
13012832,13013170,338,id04536
13013170,13013611,441,id04536
13013611,13014011,400,id04536
13014011,13014421,410,id04536
13014421,13015000,579,id04536
13015000,13015451,451,id04536
13015451,13015897,446,id04536
13015897,13016389,492,id04536
13016389,13016896,507,id04536
13016896,13017419,523,id04536
13017419,13017850,431,id04536
13017850,13018368,518,id04536
13018368,13018845,477,id04536
13018845,13019608,763,id04536
13019608,13020284,676,id04536
13020284,13020622,338,id04536
13020622,13020966,344,id04536
13020966,13021376,410,id04536
13021376,13021914,538,id04536
13021914,13022258,344,id04536
13022258,13022801,543,id04536
13022801,13023165,364,id04536
13023165,13023606,441,id04536
13023606,13024124,518,id04536
13024124,13024503,379,id04536
13024503,13024826,323,id04536
13024826,13025241,415,id04536
13025241,13025687,446,id04536
13025687,13026246,559,id04536
13026246,13026590,344,id04536
13026590,13027271,681,id04536
13027271,13027666,395,id04536
13027666,13028040,374,id04536
13028040,13028378,338,id04536
13028378,13028809,431,id04536
13028809,13029419,610,id04536
13029419,13029814,395,id04536
13029814,13030188,374,id04536
13030188,13030557,369,id04536
13030557,13030885,328,id04536
13030885,13031285,400,id04536
13031285,13031792,507,id04536
13031792,13032146,354,id04536
13032146,13032515,369,id04536
13032515,13033150,635,id04536
13033150,13033570,420,id04536
13033570,13034564,994,id04536
13034564,13034908,344,id04536
13034908,13035252,344,id04536
13035252,13035672,420,id04536
13035672,13036082,410,id04536
13036082,13036676,594,id04536
13036676,13037050,374,id04536
13037050,13037368,318,id04536
13037368,13037717,349,id04536
13037717,13038102,385,id04536
13038102,13038440,338,id04536
13038440,13039536,1096,id04536
13039536,13039885,349,id04536
13039885,13040331,446,id04536
13040331,13040838,507,id04536
13040838,13041176,338,id04536
13041176,13041509,333,id04536
13041509,13042073,564,id04536
13042073,13042437,364,id04536
13042437,13043062,625,id04536
13043062,13043534,472,id04536
13043534,13044082,548,id04536
13044082,13044912,830,id04536
13044912,13045276,364,id04536
13045276,13045696,420,id04536
13045696,13046265,569,id04536
13046265,13046619,354,id04536
13046619,13046957,338,id04536
13046957,13047398,441,id04536
13047398,13047726,328,id04536
13047726,13048131,405,id04536
13048131,13048644,513,id04536
13048644,13049520,876,id04536
13049520,13049935,415,id04536
13049935,13050335,400,id04536
13050335,13050914,579,id04536
13050914,13051293,379,id04536
13051293,13051785,492,id04536
13051785,13052103,318,id04536
13052103,13052457,354,id04536
13052457,13052826,369,id04536
13052826,13053912,1086,id04536
13053912,13054250,338,id04536
13054250,13054650,400,id04536
13054650,13055413,763,id04536
13055413,13055762,349,id04536
13055762,13056100,338,id04536
13056100,13056495,395,id04536
13056495,13056997,502,id04536
13056997,13057351,354,id04536
13057351,13058867,1516,id04536
13058867,13059328,461,id04536
13059328,13059682,354,id04536
13059682,13060138,456,id04536
13060138,13061946,1808,id04536
13061946,13062950,1004,id04536
13062950,13063519,569,id04536
13063519,13063863,344,id04536
13063863,13064207,344,id04536
13064207,13064648,441,id04536
13064648,13065079,431,id04536
13065079,13066534,1455,id04536
13066534,13066954,420,id04536
13066954,13067467,513,id04536
13067467,13067923,456,id04536
13067923,13068277,354,id04536
13068277,13068600,323,id04536
13068600,13069046,446,id04536
13069046,13069364,318,id04536
13069364,13069697,333,id04536
13069697,13070046,349,id04536
13070046,13070364,318,id04536
13070364,13070805,441,id04536
13070805,13071195,390,id04536
13071195,13071626,431,id04536
13071626,13072149,523,id04536
13072149,13072574,425,id04536
13072574,13073020,446,id04536
13073020,13073696,676,id04536
13073696,13074214,518,id04536
13074214,13074593,379,id04536
13074593,13074942,349,id04536
13074942,13075275,333,id04536
13075275,13075716,441,id04536
13075716,13076070,354,id04536
13076070,13076670,600,id04536
13076670,13077060,390,id04536
13077060,13077383,323,id04536
13077383,13077752,369,id04536
13077752,13079130,1378,id04536
13079130,13079540,410,id04536
13079540,13079991,451,id04536
13079991,13080457,466,id04536
13080457,13080877,420,id04536
13080877,13081855,978,id04536
13081855,13082496,641,id04536
13082496,13082850,354,id04536
13082850,13083209,359,id04536
13083209,13083604,395,id04536
13083604,13084070,466,id04536
13084070,13084388,318,id04536
13084388,13084716,328,id04536
13084716,13085362,646,id04536
13085362,13085700,338,id04536
13085700,13086044,344,id04536
13086044,13086434,390,id04536
13086434,13087243,809,id04536
13087243,13087592,349,id04536
13087592,13088094,502,id04536
13088094,13088458,364,id04536
13088458,13088786,328,id04536
13088786,13089273,487,id04536
13089273,13089632,359,id04536
13089632,13090011,379,id04536
13090011,13090365,354,id04536
13090365,13090826,461,id04536
13090826,13091349,523,id04536
13091349,13091769,420,id04536
13091769,13092384,615,id04536
13092384,13092722,338,id04536
13092722,13093306,584,id04536
13093306,13094054,748,id04536
13094054,13094510,456,id04536
13094510,13094951,441,id04536
13094951,13095433,482,id04536
13095433,13095889,456,id04536
13095889,13096268,379,id04536
13096268,13096647,379,id04536
13096647,13097011,364,id04536
13097011,13097964,953,id04536
13097964,13098415,451,id04536
13098415,13098815,400,id04536
13098815,13099133,318,id04536
13099133,13099492,359,id04536
13099492,13099861,369,id04536
13099861,13100481,620,id04536
13100481,13100850,369,id04536
13100850,13101224,374,id04536
13101224,13101798,574,id04536
13101798,13102116,318,id04536
13102116,13102511,395,id04536
13102511,13103285,774,id04536
13103285,13103803,518,id04536
13103803,13104208,405,id04536
13104208,13104562,354,id04536
13104562,13105075,513,id04536
13105075,13105465,390,id04536
13105465,13105803,338,id04536
13105803,13106177,374,id04536
13106177,13106761,584,id04536
13106761,13107125,364,id04536
13107125,13108001,876,id04536
13108001,13108329,328,id04536
13108329,13108693,364,id04536
13108693,13109303,610,id04536
13109303,13109964,661,id04536
13109964,13110338,374,id04536
13110338,13110666,328,id04536
13110666,13111020,354,id04536
13111020,13111533,513,id04536
13111533,13111871,338,id04536
13111871,13112378,507,id04536
13112378,13113090,712,id04536
13113090,13114074,984,id04536
13114074,13114443,369,id04536
13114443,13114915,472,id04536
13114915,13115279,364,id04536
13115279,13115617,338,id04536
13115617,13116416,799,id04536
13116416,13116816,400,id04536
13116816,13117211,395,id04536
13117211,13117652,441,id04536
13117652,13118006,354,id04536
13118006,13118821,815,id04536
13118821,13119139,318,id04536
13119139,13119774,635,id04536
13119774,13120578,804,id04536
13120578,13120927,349,id04536
13120927,13121532,605,id04536
13121532,13121896,364,id04536
13121896,13122368,472,id04536
13122368,13122747,379,id04536
13122747,13123290,543,id04536
13123290,13123731,441,id04536
13123731,13124238,507,id04536
13124238,13124991,753,id04536
13124991,13125580,589,id04536
13125580,13125898,318,id04536
13125898,13126262,364,id04536
13126262,13126995,733,id04536
13126995,13127605,610,id04536
13127605,13128317,712,id04536
13128317,13129249,932,id04536
13129249,13129767,518,id04536
13129767,13130710,943,id04536
13130710,13131038,328,id04536
13131038,13131423,385,id04536
13131423,13131767,344,id04536
13131767,13132310,543,id04536
13132310,13132884,574,id04536
13132884,13133581,697,id04536
13133581,13133971,390,id04536
13133971,13134294,323,id04536
13134294,13134725,431,id04536
13134725,13135084,359,id04536
13135084,13135950,866,id04536
13135950,13136278,328,id04536
13136278,13136954,676,id04536
13136954,13137323,369,id04536
13137323,13137687,364,id04536
13137687,13138066,379,id04536
13138066,13138553,487,id04536
13138553,13139025,472,id04536
13139025,13139538,513,id04536
13139538,13139882,344,id04536
13139882,13140512,630,id04536
13140512,13140881,369,id04536
13140881,13141373,492,id04536
13141373,13141967,594,id04536
13141967,13142526,559,id04536
13142526,13142900,374,id04536
13142900,13143807,907,id04536
13143807,13144176,369,id04536
13144176,13144555,379,id04536
13144555,13144934,379,id04536
13144934,13145457,523,id04536
13145457,13145785,328,id04536
13145785,13146129,344,id04536
13146129,13146508,379,id04536
13146508,13146877,369,id04536
13146877,13147359,482,id04536
13147359,13147723,364,id04536
13147723,13148348,625,id04536
13148348,13148692,344,id04536
13148692,13149010,318,id04536
13149010,13149594,584,id04536
13149594,13149938,344,id04536
13149938,13150410,472,id04536
13150410,13151250,840,id04536
13151250,13151573,323,id04536
13151573,13152167,594,id04536
13152167,13152552,385,id04536
13152552,13153085,533,id04536
13153085,13153608,523,id04536
13153608,13154612,1004,id04536
13154612,13155043,431,id04536
13155043,13155422,379,id04536
13155422,13155940,518,id04536
13155940,13156268,328,id04536
13156268,13156729,461,id04536
13156729,13157482,753,id04536
13157482,13157826,344,id04536
13157826,13158159,333,id04536
13158159,13158538,379,id04536
13158538,13158979,441,id04536
13158979,13159399,420,id04536
13159399,13159737,338,id04536
13159737,13160055,318,id04536
13160055,13161008,953,id04536
13161008,13161428,420,id04536
13161428,13161879,451,id04536
13161879,13162376,497,id04536
13162376,13162986,610,id04536
13162986,13163411,425,id04536
13163411,13163842,431,id04536
13163842,13164733,891,id04536
13164733,13165251,518,id04536
13165251,13165820,569,id04536
13165820,13166205,385,id04536
13166205,13166610,405,id04536
13166610,13166969,359,id04536
13166969,13167625,656,id04536
13167625,13167963,338,id04536
13167963,13168373,410,id04536
13168373,13169418,1045,id04536
13169418,13169951,533,id04536
13169951,13170791,840,id04536
13170791,13171119,328,id04536
13171119,13171795,676,id04536
13171795,13172707,912,id04536
13172707,13173506,799,id04536
13173506,13174213,707,id04536
13174213,13174731,518,id04536
13174731,13175126,395,id04536
13175126,13175562,436,id04536
13175562,13175900,338,id04536
13175900,13177114,1214,id04536
13177114,13177493,379,id04536
13177493,13177831,338,id04536
13177831,13178251,420,id04536
13178251,13178584,333,id04536
13178584,13179199,615,id04536
13179199,13179527,328,id04536
13179527,13179922,395,id04536
13179922,13180537,615,id04536
13180537,13180983,446,id04536
13180983,13181424,441,id04536
13181424,13181839,415,id04536
13181839,13182541,702,id04536
13182541,13182961,420,id04536
13182961,13183376,415,id04536
13183376,13184247,871,id04536
13184247,13184980,733,id04536
13184980,13185308,328,id04536
13185308,13185733,425,id04536
13185733,13186061,328,id04536
13186061,13186425,364,id04536
13186425,13188305,1880,id04536
13188305,13188899,594,id04536
13188899,13190154,1255,id04536
13190154,13190984,830,id04536
13190984,13191399,415,id04536
13191399,13191758,359,id04536
13191758,13192168,410,id04536
13192168,13192650,482,id04536
13192650,13192978,328,id04536
13192978,13193521,543,id04536
13193521,13194018,497,id04536
13194018,13194577,559,id04536
13194577,13195013,436,id04536
13195013,13195413,400,id04536
13195413,13195864,451,id04536
13195864,13196182,318,id04536
13196182,13196817,635,id04536
13196817,13197411,594,id04536
13197411,13197913,502,id04536
13197913,13198369,456,id04536
13198369,13198800,431,id04536
13198800,13199446,646,id04536
13199446,13199810,364,id04536
13199810,13200456,646,id04536
13200456,13200810,354,id04536
13200810,13201701,891,id04536
13201701,13202116,415,id04536
13202116,13202480,364,id04536
13202480,13202895,415,id04536
13202895,13203213,318,id04536
13203213,13203720,507,id04536
13203720,13204202,482,id04536
13204202,13204520,318,id04536
13204520,13204986,466,id04536
13204986,13205324,338,id04536
13205324,13205749,425,id04536
13205749,13206149,400,id04536
13206149,13206662,513,id04536
13206662,13207497,835,id04536
13207497,13208547,1050,id04536
13208547,13209152,605,id04536
13209152,13209588,436,id04536
13209588,13209967,379,id04536
13209967,13210664,697,id04536
13210664,13211033,369,id04536
13211033,13211397,364,id04536
13211397,13212109,712,id04536
13212109,13212529,420,id04536
13212529,13213149,620,id04536
13213149,13213559,410,id04536
13213559,13213913,354,id04536
13213913,13214364,451,id04536
13214364,13214743,379,id04536
13214743,13215343,600,id04536
13215343,13215881,538,id04536
13215881,13216501,620,id04536
13216501,13217014,513,id04536
13217014,13217511,497,id04536
13217511,13218720,1209,id04536
13218720,13219279,559,id04536
13219279,13219623,344,id04536
13219623,13219941,318,id04536
13219941,13220285,344,id04536
13220285,13220772,487,id04536
13220772,13221131,359,id04536
13221131,13221500,369,id04536
13221500,13221879,379,id04536
13221879,13222376,497,id04536
13222376,13222791,415,id04536
13222791,13223176,385,id04536
13223176,13223596,420,id04536
13223596,13223929,333,id04536
13223929,13224247,318,id04536
13224247,13224621,374,id04536
13224621,13225072,451,id04536
13225072,13225436,364,id04536
13225436,13225805,369,id04536
13225805,13226502,697,id04536
13226502,13226820,318,id04536
13226820,13227158,338,id04536
13227158,13227481,323,id04536
13227481,13227871,390,id04536
13227871,13228890,1019,id04536
13228890,13229208,318,id04536
13229208,13229777,569,id04536
13229777,13230264,487,id04536
13230264,13230807,543,id04536
13230807,13231135,328,id04536
13231135,13231489,354,id04536
13231489,13231920,431,id04536
13231920,13232299,379,id04536
13232299,13232883,584,id04536
13232883,13233201,318,id04536
13233201,13233534,333,id04536
13233534,13233939,405,id04536
13233939,13234533,594,id04536
13234533,13235107,574,id04536
13235107,13235671,564,id04536
13235671,13236015,344,id04536
13236015,13236686,671,id04536
13236686,13237137,451,id04536
13237137,13237839,702,id04536
13237839,13238730,891,id04536
13238730,13239125,395,id04536
13239125,13239535,410,id04536
13239535,13239894,359,id04536
13239894,13240212,318,id04536
13240212,13241329,1117,id04570
13241329,13242062,733,id04570
13242062,13242554,492,id04570
13242554,13243353,799,id04570
13243353,13243717,364,id04570
13243717,13244071,354,id04570
13244071,13244415,344,id04570
13244415,13245009,594,id04570
13245009,13246003,994,id04570
13246003,13246372,369,id04570
13246372,13246982,610,id04570
13246982,13247546,564,id04570
13247546,13248258,712,id04570
13248258,13248699,441,id04570
13248699,13249017,318,id04570
13249017,13249524,507,id04570
13249524,13250451,927,id04570
13250451,13250820,369,id04570
13250820,13251184,364,id04570
13251184,13251650,466,id04570
13251650,13251994,344,id04570
13251994,13252527,533,id04570
13252527,13252999,472,id04570
13252999,13254187,1188,id04570
13254187,13255831,1644,id04570
13255831,13256164,333,id04570
13256164,13257132,968,id04570
13257132,13258863,1731,id04570
13258863,13259329,466,id04570
13259329,13260266,937,id04570
13260266,13261321,1055,id04570
13261321,13262474,1153,id04570
13262474,13263263,789,id04570
13263263,13263909,646,id04570
13263909,13265133,1224,id04570
13265133,13265963,830,id04570
13265963,13266317,354,id04570
13266317,13266681,364,id04570
13266681,13267101,420,id04570
13267101,13267486,385,id04570
13267486,13268290,804,id04570
13268290,13269018,728,id04570
13269018,13270201,1183,id04570
13270201,13270632,431,id04570
13270632,13271022,390,id04570
13271022,13271453,431,id04570
13271453,13272170,717,id04570
13272170,13272729,559,id04570
13272729,13273175,446,id04570
13273175,13274379,1204,id04570
13274379,13275603,1224,id04570
13275603,13276428,825,id04570
13276428,13277268,840,id04570
13277268,13278154,886,id04570
13278154,13278707,553,id04570
13278707,13279086,379,id04570
13279086,13279634,548,id04570
13279634,13279998,364,id04570
13279998,13281304,1306,id04570
13281304,13282625,1321,id04570
13282625,13283071,446,id04570
13283071,13283522,451,id04570
13283522,13283968,446,id04570
13283968,13284644,676,id04570
13284644,13285264,620,id04570
13285264,13285618,354,id04570
13285618,13286023,405,id04570
13286023,13286520,497,id04570
13286520,13287273,753,id04570
13287273,13287709,436,id04570
13287709,13288206,497,id04570
13288206,13289389,1183,id04570
13289389,13290091,702,id04570
13290091,13290839,748,id04570
13290839,13291766,927,id04570
13291766,13292289,523,id04570
13292289,13292991,702,id04570
13292991,13294005,1014,id04570
13294005,13295142,1137,id04570
13295142,13295736,594,id04570
13295736,13296064,328,id04570
13296064,13296443,379,id04570
13296443,13297048,605,id04570
13297048,13297479,431,id04570
13297479,13298130,651,id04570
13298130,13298612,482,id04570
13298612,13299273,661,id04570
13299273,13300180,907,id04570
13300180,13300636,456,id04570
13300636,13301015,379,id04570
13301015,13301512,497,id04570
13301512,13301927,415,id04570
13301927,13302281,354,id04570
13302281,13302712,431,id04570
13302712,13303204,492,id04570
13303204,13304423,1219,id04570
13304423,13304854,431,id04570
13304854,13306334,1480,id04570
13306334,13307072,738,id04570
13307072,13307759,687,id04570
13307759,13308087,328,id04570
13308087,13309265,1178,id04570
13309265,13310397,1132,id04570
13310397,13311171,774,id04570
13311171,13311643,472,id04570
13311643,13312437,794,id04570
13312437,13312868,431,id04570
13312868,13313247,379,id04570
13313247,13313688,441,id04570
13313688,13314247,559,id04570
13314247,13314683,436,id04570
13314683,13315093,410,id04570
13315093,13315718,625,id04570
13315718,13316159,441,id04570
13316159,13316477,318,id04570
13316477,13317235,758,id04570
13317235,13318050,815,id04570
13318050,13318394,344,id04570
13318394,13319132,738,id04570
13319132,13320274,1142,id04570
13320274,13320976,702,id04570
13320976,13322175,1199,id04570
13322175,13322544,369,id04570
13322544,13322985,441,id04570
13322985,13323375,390,id04570
13323375,13324184,809,id04570
13324184,13325357,1173,id04570
13325357,13325762,405,id04570
13325762,13326223,461,id04570
13326223,13326869,646,id04570
13326869,13327238,369,id04570
13327238,13327576,338,id04570
13327576,13327909,333,id04570
13327909,13328247,338,id04570
13328247,13329149,902,id04570
13329149,13329651,502,id04570
13329651,13330179,528,id04570
13330179,13330666,487,id04570
13330666,13331010,344,id04570
13331010,13331384,374,id04570
13331384,13332516,1132,id04570
13332516,13332988,472,id04570
13332988,13333649,661,id04570
13333649,13334243,594,id04570
13334243,13334858,615,id04570
13334858,13335509,651,id04570
13335509,13335873,364,id04570
13335873,13336345,472,id04570
13336345,13336694,349,id04570
13336694,13337381,687,id04570
13337381,13337914,533,id04570
13337914,13338857,943,id04570
13338857,13339441,584,id04570
13339441,13340440,999,id04570
13340440,13341065,625,id04570
13341065,13342095,1030,id04570
13342095,13343944,1849,id04570
13343944,13344349,405,id04570
13344349,13344810,461,id04570
13344810,13345410,600,id04570
13345410,13345830,420,id04570
13345830,13346194,364,id04570
13346194,13346558,364,id04570
13346558,13346968,410,id04570
13346968,13347721,753,id04570
13347721,13348269,548,id04570
13348269,13348613,344,id04570
13348613,13348936,323,id04570
13348936,13349264,328,id04570
13349264,13349582,318,id04570
13349582,13350054,472,id04570
13350054,13351340,1286,id04570
13351340,13352411,1071,id04570
13352411,13352857,446,id04570
13352857,13353267,410,id04570
13353267,13353662,395,id04570
13353662,13354118,456,id04570
13354118,13354467,349,id04570
13354467,13354918,451,id04570
13354918,13355584,666,id04570
13355584,13355953,369,id04570
13355953,13356358,405,id04570
13356358,13356753,395,id04570
13356753,13357204,451,id04570
13357204,13357532,328,id04570
13357532,13357983,451,id04570
13357983,13358670,687,id04570
13358670,13359587,917,id04570
13359587,13360171,584,id04570
13360171,13360586,415,id04570
13360586,13362061,1475,id04570
13362061,13362415,354,id04570
13362415,13362779,364,id04570
13362779,13363542,763,id04570
13363542,13364270,728,id04570
13364270,13364839,569,id04570
13364839,13365244,405,id04570
13365244,13365700,456,id04570
13365700,13366028,328,id04570
13366028,13366474,446,id04570
13366474,13366853,379,id04570
13366853,13367642,789,id04570
13367642,13368395,753,id04570
13368395,13369706,1311,id04570
13369706,13370480,774,id04570
13370480,13371377,897,id04570
13371377,13372227,850,id04570
13372227,13373001,774,id04570
13373001,13373647,646,id04570
13373647,13374569,922,id04570
13374569,13375578,1009,id04570
13375578,13376459,881,id04570
13376459,13376864,405,id04570
13376864,13377371,507,id04570
13377371,13377786,415,id04570
13377786,13378437,651,id04570
13378437,13378898,461,id04570
13378898,13379390,492,id04570
13379390,13380036,646,id04570
13380036,13380354,318,id04570
13380354,13380698,344,id04570
13380698,13381241,543,id04570
13381241,13381697,456,id04570
13381697,13382112,415,id04570
13382112,13382778,666,id04570
13382778,13383255,477,id04570
13383255,13384054,799,id04570
13384054,13384853,799,id04570
13384853,13385294,441,id04570
13385294,13385801,507,id04570
13385801,13386308,507,id04570
13386308,13387030,722,id04570
13387030,13387527,497,id04570
13387527,13388111,584,id04570
13388111,13388557,446,id04570
13388557,13388926,369,id04570
13388926,13389577,651,id04570
13389577,13389967,390,id04570
13389967,13390403,436,id04570
13390403,13390967,564,id04570
13390967,13391695,728,id04570
13391695,13392100,405,id04570
13392100,13392536,436,id04570
13392536,13393274,738,id04570
13393274,13394078,804,id04570
13394078,13394509,431,id04570
13394509,13395165,656,id04570
13395165,13395683,518,id04570
13395683,13396272,589,id04570
13396272,13396892,620,id04570
13396892,13397261,369,id04570
13397261,13397881,620,id04570
13397881,13398568,687,id04570
13398568,13399224,656,id04570
13399224,13399716,492,id04570
13399716,13400618,902,id04570
13400618,13401842,1224,id04570
13401842,13403148,1306,id04570
13403148,13403522,374,id04570
13403522,13404250,728,id04570
13404250,13405295,1045,id04570
13405295,13406535,1240,id04570
13406535,13407734,1199,id04570
13407734,13408574,840,id04570
13408574,13409250,676,id04570
13409250,13410653,1403,id04570
13410653,13412814,2161,id04570
13412814,13413475,661,id04570
13413475,13415109,1634,id04570
13415109,13415565,456,id04570
13415565,13416129,564,id04570
13416129,13417348,1219,id04570
13417348,13417855,507,id04570
13417855,13418193,338,id04570
13418193,13418716,523,id04570
13418716,13419351,635,id04570
13419351,13419910,559,id04570
13419910,13420914,1004,id04570
13420914,13421252,338,id04570
13421252,13421724,472,id04570
13421724,13422631,907,id04570
13422631,13423046,415,id04570
13423046,13423692,646,id04570
13423692,13424594,902,id04570
13424594,13425460,866,id04570
13425460,13425916,456,id04570
13425916,13426352,436,id04570
13426352,13426946,594,id04570
13426946,13427520,574,id04570
13427520,13428053,533,id04570
13428053,13428601,548,id04570
13428601,13428919,318,id04570
13428919,13429385,466,id04570
13429385,13429944,559,id04570
13429944,13430810,866,id04570
13430810,13431532,722,id04570
13431532,13432843,1311,id04570
13432843,13433837,994,id04570
13433837,13434247,410,id04570
13434247,13434780,533,id04570
13434780,13435651,871,id04570
13435651,13436563,912,id04570
13436563,13437485,922,id04570
13437485,13437910,425,id04570
13437910,13438607,697,id04570
13438607,13440768,2161,id04570
13440768,13442740,1972,id04570
13442740,13443928,1188,id04570
13443928,13444579,651,id04570
13444579,13446075,1496,id04570
13446075,13446925,850,id04570
13446925,13447980,1055,id04570
13447980,13448610,630,id04570
13448610,13449466,856,id04570
13449466,13450424,958,id04570
13450424,13451054,630,id04570
13451054,13451899,845,id04570
13451899,13452499,600,id04570
13452499,13452976,477,id04570
13452976,13453647,671,id04570
13453647,13453980,333,id04570
13453980,13454395,415,id04570
13454395,13455235,840,id04570
13455235,13455655,420,id04570
13455655,13456536,881,id04570
13456536,13456977,441,id04570
13456977,13457858,881,id04570
13457858,13458698,840,id04570
13458698,13459620,922,id04570
13459620,13460588,968,id04570
13460588,13461310,722,id04570
13461310,13462084,774,id04570
13462084,13462458,374,id04570
13462458,13463165,707,id04570
13463165,13463514,349,id04570
13463514,13464395,881,id04570
13464395,13465025,630,id04570
13465025,13465517,492,id04570
13465517,13465989,472,id04570
13465989,13466875,886,id04570
13466875,13467526,651,id04570
13467526,13467844,318,id04570
13467844,13469933,2089,id04570
13469933,13471454,1521,id04570
13471454,13472617,1163,id04570
13472617,13473048,431,id04570
13473048,13473417,369,id04570
13473417,13473976,559,id04570
13473976,13474913,937,id04570
13474913,13476439,1526,id04570
13476439,13477269,830,id04570
13477269,13477597,328,id04570
13477597,13478176,579,id04570
13478176,13478601,425,id04570
13478601,13480993,2392,id04570
13480993,13482535,1542,id04570
13482535,13482879,344,id04570
13482879,13484318,1439,id04570
13484318,13485266,948,id04570
13485266,13486157,891,id04570
13486157,13486618,461,id04570
13486618,13486946,328,id04570
13486946,13487464,518,id04570
13487464,13488330,866,id04570
13488330,13488668,338,id04570
13488668,13489093,425,id04570
13489093,13490138,1045,id04570
13490138,13491342,1204,id04570
13491342,13491916,574,id04570
13491916,13492981,1065,id04570
13492981,13493657,676,id04570
13493657,13494021,364,id04570
13494021,13494795,774,id04570
13494795,13495497,702,id04570
13495497,13496655,1158,id04570
13496655,13496973,318,id04570
13496973,13497926,953,id04570
13497926,13498244,318,id04570
13498244,13499765,1521,id04570
13499765,13500139,374,id04570
13500139,13500815,676,id04570
13500815,13501194,379,id04570
13501194,13501532,338,id04570
13501532,13501978,446,id04570
13501978,13502373,395,id04570
13502373,13502722,349,id04570
13502722,13503101,379,id04570
13503101,13503552,451,id04570
13503552,13503972,420,id04570
13503972,13504367,395,id04570
13504367,13506047,1680,id04570
13506047,13507363,1316,id04570
13507363,13509601,2238,id04570
13509601,13510134,533,id04570
13510134,13510846,712,id04570
13510846,13511251,405,id04570
13511251,13511758,507,id04570
13511758,13512644,886,id04570
13512644,13512962,318,id04570
13512962,13513915,953,id04570
13513915,13514356,441,id04570
13514356,13514848,492,id04570
13514848,13515432,584,id04570
13515432,13515765,333,id04570
13515765,13516329,564,id04570
13516329,13516673,344,id04627
13516673,13517058,385,id04627
13517058,13517422,364,id04627
13517422,13517740,318,id04627
13517740,13518084,344,id04627
13518084,13519155,1071,id04627
13519155,13519601,446,id04627
13519601,13519929,328,id04627
13519929,13520913,984,id04627
13520913,13521738,825,id04627
13521738,13522594,856,id04627
13522594,13523096,502,id04627
13523096,13524033,937,id04627
13524033,13524714,681,id04627
13524714,13525211,497,id04627
13525211,13525631,420,id04627
13525631,13526021,390,id04627
13526021,13526585,564,id04627
13526585,13527051,466,id04627
13527051,13527482,431,id04627
13527482,13527928,446,id04627
13527928,13528359,431,id04627
13528359,13528703,344,id04627
13528703,13529937,1234,id04627
13529937,13530291,354,id04627
13530291,13530763,472,id04627
13530763,13531101,338,id04627
13531101,13531685,584,id04627
13531685,13532351,666,id04627
13532351,13532761,410,id04627
13532761,13533427,666,id04627
13533427,13533745,318,id04627
13533745,13534949,1204,id04627
13534949,13535303,354,id04627
13535303,13535744,441,id04627
13535744,13536067,323,id04627
13536067,13536421,354,id04627
13536421,13536770,349,id04627
13536770,13537277,507,id04627
13537277,13539285,2008,id04627
13539285,13543018,3733,id04627
13543018,13543612,594,id04627
13543612,13544027,415,id04627
13544027,13544939,912,id04627
13544939,13546419,1480,id04627
13546419,13547147,728,id04627
13547147,13548663,1516,id04627
13548663,13549068,405,id04627
13549068,13549483,415,id04627
13549483,13549827,344,id04627
13549827,13550293,466,id04627
13550293,13550626,333,id04627
13550626,13551374,748,id04627
13551374,13551764,390,id04627
13551764,13552149,385,id04627
13552149,13552836,687,id04627
13552836,13553374,538,id04627
13553374,13554214,840,id04627
13554214,13555029,815,id04627
13555029,13555439,410,id04627
13555439,13555911,472,id04627
13555911,13556429,518,id04627
13556429,13557192,763,id04627
13557192,13557612,420,id04627
13557612,13558048,436,id04627
13558048,13558878,830,id04656
13558878,13559529,651,id04656
13559529,13560072,543,id04656
13560072,13560800,728,id04656
13560800,13561256,456,id04656
13561256,13562163,907,id04656
13562163,13563090,927,id04656
13563090,13563469,379,id04656
13563469,13563992,523,id04656
13563992,13564935,943,id04656
13564935,13565366,431,id04656
13565366,13565781,415,id04656
13565781,13566893,1112,id04656
13566893,13567682,789,id04656
13567682,13568333,651,id04656
13568333,13569076,743,id04656
13569076,13569466,390,id04656
13569466,13570014,548,id04656
13570014,13570742,728,id04656
13570742,13571541,799,id04656
13571541,13571956,415,id04656
13571956,13572335,379,id04656
13572335,13572827,492,id04656
13572827,13573145,318,id04656
13573145,13573514,369,id04656
13573514,13573832,318,id04656
13573832,13574401,569,id04656
13574401,13574770,369,id04656
13574770,13575124,354,id04656
13575124,13575549,425,id04656
13575549,13576123,574,id04656
13576123,13576871,748,id04656
13576871,13577276,405,id04656
13577276,13577630,354,id04656
13577630,13578946,1316,id04656
13578946,13579295,349,id04656
13579295,13579823,528,id04656
13579823,13580151,328,id04656
13580151,13580536,385,id04656
13580536,13580951,415,id04656
13580951,13581960,1009,id04656
13581960,13582304,344,id04656
13582304,13582658,354,id04656
13582658,13583017,359,id04656
13583017,13583555,538,id04656
13583555,13583919,364,id04656
13583919,13585118,1199,id04656
13585118,13585615,497,id04656
13585615,13587162,1547,id04656
13587162,13587541,379,id04656
13587541,13587885,344,id04656
13587885,13588408,523,id04656
13588408,13588746,338,id04656
13588746,13589637,891,id04656
13589637,13590160,523,id04656
13590160,13590898,738,id04656
13590898,13591252,354,id04656
13591252,13591590,338,id04656
13591590,13592082,492,id04656
13592082,13592574,492,id04656
13592574,13593378,804,id04656
13593378,13593696,318,id04656
13593696,13594132,436,id04656
13594132,13594476,344,id04656
13594476,13595762,1286,id04656
13595762,13596116,354,id04656
13596116,13597315,1199,id04656
13597315,13598171,856,id04656
13598171,13598494,323,id04656
13598494,13598873,379,id04656
13598873,13599508,635,id04656
13599508,13600435,927,id04656
13600435,13600814,379,id04656
13600814,13602786,1972,id04656
13602786,13603626,840,id04656
13603626,13604082,456,id04656
13604082,13604569,487,id04656
13604569,13605297,728,id04656
13605297,13606818,1521,id04656
13606818,13607837,1019,id04656
13607837,13609005,1168,id04656
13609005,13609395,390,id04656
13609395,13610056,661,id04656
13610056,13610594,538,id04656
13610594,13610932,338,id04656
13610932,13611286,354,id04656
13611286,13611614,328,id04656
13611614,13612055,441,id04656
13612055,13612921,866,id04656
13612921,13613736,815,id04656
13613736,13614540,804,id04656
13614540,13614868,328,id04656
13614868,13615212,344,id04656
13615212,13615725,513,id04656
13615725,13616258,533,id04656
13616258,13616950,692,id04656
13616950,13617688,738,id04656
13617688,13619235,1547,id04656
13619235,13620715,1480,id04656
13620715,13621079,364,id04656
13621079,13622713,1634,id04656
13622713,13624434,1721,id04656
13624434,13625412,978,id04656
13625412,13625919,507,id04656
13625919,13626437,518,id04656
13626437,13626862,425,id04656
13626862,13627221,359,id04656
13627221,13627657,436,id04656
13627657,13628108,451,id04656
13628108,13628764,656,id04656
13628764,13630516,1752,id04656
13630516,13631223,707,id04656
13631223,13631602,379,id04656
13631602,13632427,825,id04656
13632427,13632832,405,id04656
13632832,13633621,789,id04656
13633621,13634139,518,id04656
13634139,13634529,390,id04656
13634529,13635011,482,id04656
13635011,13635477,466,id04656
13635477,13635867,390,id04656
13635867,13637014,1147,id04656
13637014,13638801,1787,id04656
13638801,13639252,451,id04656
13639252,13639713,461,id04656
13639713,13640041,328,id04656
13640041,13640374,333,id04656
13640374,13641634,1260,id04656
13641634,13644107,2473,id04656
13644107,13645562,1455,id04656
13645562,13647513,1951,id04656
13647513,13648020,507,id04656
13648020,13650355,2335,id04656
13650355,13650786,431,id04656
13650786,13651386,600,id04656
13651386,13651745,359,id04656
13651745,13652150,405,id04656
13652150,13652565,415,id04656
13652565,13653113,548,id04656
13653113,13653810,697,id04656
13653810,13654143,333,id04656
13654143,13654476,333,id04656
13654476,13655526,1050,id04656
13655526,13655941,415,id04656
13655941,13657396,1455,id04656
13657396,13657750,354,id04656
13657750,13658201,451,id04656
13658201,13658872,671,id04656
13658872,13659620,748,id04656
13659620,13660419,799,id04656
13660419,13661228,809,id04656
13661228,13662130,902,id04656
13662130,13663236,1106,id04656
13663236,13663943,707,id04656
13663943,13664543,600,id04656
13664543,13665393,850,id04656
13665393,13665721,328,id04656
13665721,13666269,548,id04656
13666269,13666761,492,id04656
13666761,13667990,1229,id04656
13667990,13668579,589,id04656
13668579,13669025,446,id04656
13669025,13669425,400,id04656
13669425,13671745,2320,id04656
13671745,13672703,958,id04656
13672703,13674173,1470,id04656
13674173,13674706,533,id04656
13674706,13677558,2852,id04656
13677558,13678163,605,id04656
13678163,13678650,487,id04656
13678650,13679116,466,id04656
13679116,13679454,338,id04656
13679454,13679782,328,id04656
13679782,13680192,410,id04656
13680192,13680914,722,id04656
13680914,13681345,431,id04656
13681345,13681878,533,id04656
13681878,13683005,1127,id04656
13683005,13683471,466,id04656
13683471,13684060,589,id04656
13684060,13684485,425,id04656
13684485,13684803,318,id04656
13684803,13685331,528,id04656
13685331,13686074,743,id04656
13686074,13686950,876,id04656
13686950,13687355,405,id04656
13687355,13687827,472,id04656
13687827,13688191,364,id04656
13688191,13688647,456,id04656
13688647,13689088,441,id04656
13689088,13689529,441,id04656
13689529,13689878,349,id04656
13689878,13690283,405,id04656
13690283,13690632,349,id04656
13690632,13691057,425,id04656
13691057,13691651,594,id04656
13691651,13691969,318,id04656
13691969,13692441,472,id04656
13692441,13692805,364,id04656
13692805,13693246,441,id04656
13693246,13693615,369,id04656
13693615,13694921,1306,id04656
13694921,13695864,943,id04656
13695864,13696648,784,id04656
13696648,13696966,318,id04656
13696966,13697402,436,id04656
13697402,13697817,415,id04656
13697817,13698145,328,id04656
13698145,13698944,799,id04656
13698944,13699549,605,id04656
13699549,13699954,405,id04656
13699954,13700871,917,id04656
13700871,13701409,538,id04656
13701409,13702044,635,id04656
13702044,13704098,2054,id04656
13704098,13704564,466,id04656
13704564,13705000,436,id04656
13705000,13705338,338,id04656
13705338,13705728,390,id04656
13705728,13706220,492,id04656
13706220,13706574,354,id04656
13706574,13706943,369,id04656
13706943,13707507,564,id04656
13707507,13708107,600,id04656
13708107,13709070,963,id04656
13709070,13709557,487,id04656
13709557,13709967,410,id04656
13709967,13710500,533,id04656
13710500,13711125,625,id04656
13711125,13711740,615,id04656
13711740,13712421,681,id04656
13712421,13712785,364,id04656
13712785,13713717,932,id04656
13713717,13714209,492,id04656
13714209,13715449,1240,id04656
13715449,13716223,774,id04656
13716223,13716776,553,id04656
13716776,13717365,589,id04656
13717365,13717831,466,id04656
13717831,13718518,687,id04656
13718518,13719297,779,id04656
13719297,13720009,712,id04656
13720009,13720404,395,id04656
13720404,13720998,594,id04656
13720998,13721336,338,id04656
13721336,13721674,338,id04656
13721674,13722386,712,id04656
13722386,13722786,400,id04656
13722786,13723124,338,id04656
13723124,13723836,712,id04656
13723836,13724753,917,id04656
13724753,13725276,523,id04656
13725276,13726188,912,id04656
13726188,13726537,349,id04656
13726537,13727239,702,id04656
13727239,13727670,431,id04656
13727670,13728065,395,id04656
13728065,13728685,620,id04656
13728685,13729402,717,id04656
13729402,13729766,364,id04656
13729766,13730084,318,id04656
13730084,13730463,379,id04656
13730463,13731810,1347,id04656
13731810,13732143,333,id04656
13732143,13732522,379,id04656
13732522,13732912,390,id04656
13732912,13733348,436,id04656
13733348,13734803,1455,id04656
13734803,13735438,635,id04656
13735438,13736473,1035,id04656
13736473,13737134,661,id04656
13737134,13737534,400,id04656
13737534,13737862,328,id04656
13737862,13738953,1091,id04656
13738953,13739286,333,id04656
13739286,13739916,630,id04656
13739916,13740295,379,id04656
13740295,13741320,1025,id04656
13741320,13741745,425,id04656
13741745,13742508,763,id04656
13742508,13743205,697,id04656
13743205,13744061,856,id04656
13744061,13744686,625,id04656
13744686,13745388,702,id04656
13745388,13745716,328,id04656
13745716,13746147,431,id04656
13746147,13746537,390,id04656
13746537,13747055,518,id04656
13747055,13747501,446,id04656
13747501,13748285,784,id04656
13748285,13748649,364,id04656
13748649,13749284,635,id04656
13749284,13749945,661,id04656
13749945,13750268,323,id04656
13750268,13750622,354,id04656
13750622,13751191,569,id04656
13751191,13751606,415,id04656
13751606,13752037,431,id04656
13752037,13752406,369,id04656
13752406,13752867,461,id04656
13752867,13753292,425,id04656
13753292,13753723,431,id04656
13753723,13754461,738,id04656
13754461,13754907,446,id04656
13754907,13755363,456,id04656
13755363,13755922,559,id04656
13755922,13756388,466,id04656
13756388,13757064,676,id04656
13757064,13757623,559,id04656
13757623,13757941,318,id04656
13757941,13758295,354,id04656
13758295,13758674,379,id04656
13758674,13759038,364,id04656
13759038,13759571,533,id04656
13759571,13760027,456,id04656
13760027,13760668,641,id04656
13760668,13761037,369,id04656
13761037,13761416,379,id04656
13761416,13761949,533,id04656
13761949,13762272,323,id04656
13762272,13763076,804,id04656
13763076,13763722,646,id04656
13763722,13764839,1117,id04656
13764839,13766217,1378,id04656
13766217,13766607,390,id04656
13766607,13767079,472,id04656
13767079,13768160,1081,id04656
13768160,13768995,835,id04656
13768995,13769748,753,id04656
13769748,13770424,676,id04656
13770424,13770773,349,id04656
13770773,13771311,538,id04656
13771311,13771639,328,id04656
13771639,13773283,1644,id04656
13773283,13773627,344,id04656
13773627,13773971,344,id04656
13773971,13774376,405,id04656
13774376,13774704,328,id04656
13774704,13775304,600,id04656
13775304,13775765,461,id04656
13775765,13776103,338,id04656
13776103,13776508,405,id04656
13776508,13776980,472,id04656
13776980,13777508,528,id04656
13777508,13778159,651,id04656
13778159,13778636,477,id04656
13778636,13779200,564,id04656
13779200,13779999,799,id04656
13779999,13780471,472,id04656
13780471,13780989,518,id04656
13780989,13781496,507,id04656
13781496,13781814,318,id04656
13781814,13782132,318,id04656
13782132,13782614,482,id04656
13782614,13783290,676,id04656
13783290,13783849,559,id04656
13783849,13784290,441,id04656
13784290,13785233,943,id04656
13785233,13785817,584,id04656
13785817,13786478,661,id04656
13786478,13787528,1050,id04656
13787528,13789674,2146,id04656
13789674,13790990,1316,id04656
13790990,13793305,2315,id04656
13793305,13793915,610,id04656
13793915,13794771,856,id04656
13794771,13795719,948,id04656
13795719,13796129,410,id04656
13796129,13796677,548,id04656
13796677,13797850,1173,id04656
13797850,13798265,415,id04656
13798265,13798952,687,id04656
13798952,13800330,1378,id04656
13800330,13802803,2473,id04656
13802803,13803950,1147,id04656
13803950,13804903,953,id04656
13804903,13806076,1173,id04656
13806076,13806942,866,id04656
13806942,13807378,436,id04656
13807378,13807901,523,id04656
13807901,13808526,625,id04656
13808526,13808982,456,id04656
13808982,13810104,1122,id04656
13810104,13810596,492,id04656
13810596,13811825,1229,id04656
13811825,13812158,333,id04656
13812158,13813485,1327,id04656
13813485,13815016,1531,id04656
13815016,13815554,538,id04656
13815554,13816020,466,id04656
13816020,13816338,318,id04656
13816338,13816820,482,id04656
13816820,13817542,722,id04656
13817542,13817962,420,id04656
13817962,13818782,820,id04656
13818782,13819279,497,id04656
13819279,13819920,641,id04656
13819920,13820417,497,id04656
13820417,13821011,594,id04656
13821011,13822092,1081,id04656
13822092,13822558,466,id04656
13822558,13823659,1101,id04656
13823659,13824335,676,id04656
13824335,13824714,379,id04656
13824714,13825037,323,id04656
13825037,13825427,390,id04656
13825427,13825975,548,id04656
13825975,13826319,344,id04656
13826319,13826698,379,id04656
13826698,13827344,646,id04656
13827344,13827662,318,id04656
13827662,13828067,405,id04656
13828067,13828385,318,id04656
13828385,13828892,507,id04656
13828892,13829261,369,id04656
13829261,13829707,446,id04656
13829707,13830097,390,id04656
13830097,13830569,472,id04656
13830569,13831409,840,id04656
13831409,13832019,610,id04656
13832019,13832357,338,id04656
13832357,13833591,1234,id04656
13833591,13834022,431,id04656
13834022,13834519,497,id04656
13834519,13834919,400,id04656
13834919,13835734,815,id04656
13835734,13836067,333,id04656
13836067,13836559,492,id04656
13836559,13837532,973,id04656
13837532,13837922,390,id04656
13837922,13838399,477,id04656
13838399,13838727,328,id04656
13838727,13839286,559,id04656
13839286,13839691,405,id04656
13839691,13840055,364,id04656
13840055,13841090,1035,id04656
13841090,13842074,984,id04656
13842074,13842412,338,id04656
13842412,13842894,482,id04656
13842894,13843273,379,id04656
13843273,13843857,584,id04656
13843857,13844503,646,id04656
13844503,13845394,891,id04656
13845394,13845768,374,id04656
13845768,13846424,656,id04656
13846424,13846819,395,id04656
13846819,13847378,559,id04656
13847378,13848208,830,id04656
13848208,13850052,1844,id04656
13850052,13850821,769,id04656
13850821,13851840,1019,id04656
13851840,13852214,374,id04656
13852214,13852634,420,id04656
13852634,13852988,354,id04656
13852988,13853332,344,id04656
13853332,13853686,354,id04656
13853686,13854158,472,id04656
13854158,13854599,441,id04656
13854599,13855117,518,id04656
13855117,13857247,2130,id04656
13857247,13857816,569,id04656
13857816,13859624,1808,id04656
13859624,13859952,328,id04656
13859952,13860367,415,id04656
13860367,13861591,1224,id04656
13861591,13862027,436,id04656
13862027,13863057,1030,id04656
13863057,13863431,374,id04656
13863431,13863754,323,id04656
13863754,13864087,333,id04656
13864087,13864728,641,id04656
13864728,13865189,461,id04656
13865189,13866787,1598,id04656
13866787,13867704,917,id04656
13867704,13868298,594,id04656
13868298,13869010,712,id04656
13869010,13869502,492,id04656
13869502,13870158,656,id04656
13870158,13870573,415,id04656
13870573,13870952,379,id04656
13870952,13871802,850,id04656
13871802,13872171,369,id04656
13872171,13872489,318,id04656
13872489,13873002,513,id04656
13873002,13873417,415,id04656
13873417,13873924,507,id04656
13873924,13874585,661,id04656
13874585,13875118,533,id04656
13875118,13875666,548,id04656
13875666,13876301,635,id04656
13876301,13876982,681,id04656
13876982,13877551,569,id04656
13877551,13878207,656,id04656
13878207,13878638,431,id04656
13878638,13878956,318,id04656
13878956,13879684,728,id04656
13879684,13880079,395,id04656
13880079,13880397,318,id04656
13880397,13881995,1598,id04656
13881995,13883101,1106,id04656
13883101,13883614,513,id04657
13883614,13883932,318,id04657
13883932,13884373,441,id04657
13884373,13885940,1567,id04657
13885940,13886509,569,id04657
13886509,13887682,1173,id04657
13887682,13888113,431,id04657
13888113,13889235,1122,id04657
13889235,13889773,538,id04657
13889773,13890526,753,id04657
13890526,13892063,1537,id04657
13892063,13892478,415,id04657
13892478,13893636,1158,id04657
13893636,13895736,2100,id04657
13895736,13897534,1798,id04657
13897534,13898287,753,id04657
13898287,13898999,712,id04657
13898999,13899916,917,id04657
13899916,13900490,574,id04657
13900490,13901602,1112,id04657
13901602,13903005,1403,id04657
13903005,13904685,1680,id04657
13904685,13905034,349,id04657
13905034,13905854,820,id04657
13905854,13906244,390,id04657
13906244,13906910,666,id04657
13906910,13907612,702,id04657
13907612,13908237,625,id04657
13908237,13909538,1301,id04657
13909538,13909938,400,id04657
13909938,13910282,344,id04657
13910282,13910912,630,id04657
13910912,13911256,344,id04657
13911256,13912009,753,id04657
13912009,13912465,456,id04657
13912465,13912931,466,id04657
13912931,13913290,359,id04657
13913290,13914786,1496,id04657
13914786,13915160,374,id04657
13915160,13915749,589,id04657
13915749,13916180,431,id04657
13916180,13916908,728,id04657
13916908,13917344,436,id04657
13917344,13918138,794,id04657
13918138,13918978,840,id04657
13918978,13919562,584,id04657
13919562,13920126,564,id04657
13920126,13920495,369,id04657
13920495,13920849,354,id04657
13920849,13921423,574,id04657
13921423,13921751,328,id04657
13921751,13922125,374,id04657
13922125,13922479,354,id04657
13922479,13922940,461,id04657
13922940,13923632,692,id04657
13923632,13924308,676,id04657
13924308,13925199,891,id04657
13925199,13926444,1245,id04657
13926444,13927079,635,id04657
13927079,13927556,477,id04657
13927556,13928104,548,id04657
13928104,13928857,753,id04657
13928857,13930061,1204,id04657
13930061,13930922,861,id04657
13930922,13931619,697,id04657
13931619,13932265,646,id04657
13932265,13932778,513,id04657
13932778,13934048,1270,id04657
13934048,13934898,850,id04657
13934898,13935262,364,id04657
13935262,13936087,825,id04657
13936087,13936482,395,id04657
13936482,13937041,559,id04657
13937041,13938050,1009,id04657
13938050,13939039,989,id04657
13939039,13939454,415,id04657
13939454,13940330,876,id04657
13940330,13941037,707,id04657
13941037,13941724,687,id04657
13941724,13942661,937,id04657
13942661,13943486,825,id04657
13943486,13943830,344,id04657
13943830,13944194,364,id04657
13944194,13944701,507,id04657
13944701,13945060,359,id04657
13945060,13945378,318,id04657
13945378,13945988,610,id04657
13945988,13946700,712,id04657
13946700,13947581,881,id04657
13947581,13947955,374,id04657
13947955,13949000,1045,id04657
13949000,13949523,523,id04657
13949523,13950926,1403,id04657
13950926,13951264,338,id04657
13951264,13951659,395,id04657
13951659,13952627,968,id04657
13952627,13953145,518,id04657
13953145,13954625,1480,id04657
13954625,13955716,1091,id04657
13955716,13956162,446,id04657
13956162,13956603,441,id04657
13956603,13957802,1199,id04657
13957802,13958299,497,id04657
13958299,13959073,774,id04657
13959073,13960272,1199,id04657
13960272,13961302,1030,id04657
13961302,13962398,1096,id04657
13962398,13962736,338,id04657
13962736,13963080,344,id04657
13963080,13964407,1327,id04657
13964407,13965247,840,id04657
13965247,13966845,1598,id04657
13966845,13967916,1071,id04657
13967916,13968485,569,id04657
13968485,13969428,943,id04657
13969428,13969971,543,id04657
13969971,13971216,1245,id04657
13971216,13972302,1086,id04657
13972302,13973352,1050,id04657
13973352,13973721,369,id04657
13973721,13974198,477,id04657
13974198,13974803,605,id04657
13974803,13975367,564,id04657
13975367,13975823,456,id04657
13975823,13976586,763,id04657
13976586,13976955,369,id04657
13976955,13977580,625,id04657
13977580,13978087,507,id04657
13978087,13978902,815,id04657
13978902,13979389,487,id04657
13979389,13980613,1224,id04657
13980613,13980977,364,id04657
13980977,13981346,369,id04657
13981346,13981797,451,id04657
13981797,13982156,359,id04657
13982156,13982622,466,id04657
13982622,13983027,405,id04657
13983027,13983345,318,id04657
13983345,13983832,487,id04657
13983832,13984585,753,id04657
13984585,13985364,779,id04657
13985364,13986061,697,id04657
13986061,13986405,344,id04657
13986405,13986815,410,id04657
13986815,13988014,1199,id04657
13988014,13988562,548,id04657
13988562,13988998,436,id04657
13988998,13990043,1045,id04657
13990043,13990463,420,id04657
13990463,13990955,492,id04657
13990955,13991447,492,id04657
13991447,13991867,420,id04657
13991867,13992313,446,id04657
13992313,13992861,548,id04657
13992861,13993404,543,id04657
13993404,13993732,328,id04657
13993732,13994096,364,id04657
13994096,13994470,374,id04657
13994470,13996001,1531,id04657
13996001,13996601,600,id04657
13996601,13996991,390,id04657
13996991,13997329,338,id04657
13997329,13998297,968,id04657
13998297,13998615,318,id04657
13998615,13999174,559,id04657
13999174,13999553,379,id04657
13999553,13999881,328,id04657
13999881,14000373,492,id04657
14000373,14000921,548,id04657
14000921,14001321,400,id04657
14001321,14001685,364,id04657
14001685,14002177,492,id04657
14002177,14003452,1275,id04657
14003452,14003847,395,id04657
14003847,14004191,344,id04657
14004191,14004632,441,id04657
14004632,14005073,441,id04657
14005073,14006415,1342,id04657
14006415,14007870,1455,id04657
14007870,14008326,456,id04657
14008326,14008767,441,id04657
14008767,14009658,891,id04657
14009658,14010406,748,id04657
14010406,14010821,415,id04657
14010821,14011165,344,id04657
14011165,14011550,385,id04657
14011550,14011996,446,id04657
14011996,14012800,804,id04657
14012800,14013415,615,id04657
14013415,14014655,1240,id04657
14014655,14015029,374,id04657
14015029,14015997,968,id04657
14015997,14016510,513,id04657
14016510,14016864,354,id04657
14016864,14017402,538,id04657
14017402,14017833,431,id04657
14017833,14018361,528,id04657
14018361,14018699,338,id04657
14018699,14019350,651,id04657
14019350,14019811,461,id04657
14019811,14020165,354,id04657
14020165,14020570,405,id04657
14020570,14021026,456,id04657
14021026,14021610,584,id04657
14021610,14022025,415,id04657
14022025,14023643,1618,id04657
14023643,14023987,344,id04657
14023987,14024505,518,id04657
14024505,14024936,431,id04657
14024936,14025295,359,id04657
14025295,14025792,497,id04657
14025792,14026171,379,id04657
14026171,14027088,917,id04657
14027088,14027432,344,id04657
14027432,14028467,1035,id04657
14028467,14029287,820,id04657
14029287,14031320,2033,id04657
14031320,14032068,748,id04657
14032068,14032514,446,id04657
14032514,14033667,1153,id04657
14033667,14034067,400,id04657
14034067,14034948,881,id04657
14034948,14035414,466,id04657
14035414,14035824,410,id04657
14035824,14036429,605,id04657
14036429,14036793,364,id04657
14036793,14037142,349,id04657
14037142,14038837,1695,id04657
14038837,14039406,569,id04657
14039406,14040082,676,id04657
14040082,14040415,333,id04657
14040415,14041255,840,id04657
14041255,14042054,799,id04657
14042054,14043585,1531,id04657
14043585,14044671,1086,id04657
14044671,14045076,405,id04657
14045076,14045517,441,id04657
14045517,14045886,369,id04657
14045886,14046752,866,id04657
14046752,14047193,441,id04657
14047193,14047793,600,id04657
14047793,14048387,594,id04657
14048387,14048761,374,id04657
14048761,14049125,364,id04657
14049125,14049648,523,id04657
14049648,14050079,431,id04657
14050079,14051390,1311,id04657
14051390,14051780,390,id04657
14051780,14052543,763,id04657
14052543,14053153,610,id04657
14053153,14053824,671,id04657
14053824,14054275,451,id04657
14054275,14054593,318,id04657
14054593,14054983,390,id04657
14054983,14055347,364,id04657
14055347,14055921,574,id04657
14055921,14056444,523,id04657
14056444,14056972,528,id04657
14056972,14057428,456,id04657
14057428,14059758,2330,id04657
14059758,14060496,738,id04657
14060496,14061577,1081,id04657
14061577,14062125,548,id04657
14062125,14062648,523,id04657
14062648,14063033,385,id04657
14063033,14063489,456,id04657
14063489,14064114,625,id04657
14064114,14064550,436,id04657
14064550,14064991,441,id04657
14064991,14065309,318,id04657
14065309,14065832,523,id04657
14065832,14066314,482,id04657
14066314,14066965,651,id04657
14066965,14067534,569,id04657
14067534,14068016,482,id04657
14068016,14068441,425,id04657
14068441,14068836,395,id04657
14068836,14069354,518,id04657
14069354,14069723,369,id04657
14069723,14070092,369,id04657
14070092,14070681,589,id04657
14070681,14071209,528,id04657
14071209,14072136,927,id04657
14072136,14074062,1926,id04657
14074062,14074677,615,id04657
14074677,14075179,502,id04657
14075179,14076398,1219,id04657
14076398,14076818,420,id04657
14076818,14077361,543,id04657
14077361,14077904,543,id04657
14077904,14078770,866,id04657
14078770,14079503,733,id04657
14079503,14079888,385,id04657
14079888,14081010,1122,id04657
14081010,14081415,405,id04657
14081415,14081743,328,id04657
14081743,14082911,1168,id04657
14082911,14083393,482,id04657
14083393,14083890,497,id04657
14083890,14084295,405,id04657
14084295,14084828,533,id04657
14084828,14085182,354,id04657
14085182,14085597,415,id04657
14085597,14086263,666,id04657
14086263,14086704,441,id04657
14086704,14087283,579,id04657
14087283,14087775,492,id04657
14087775,14088144,369,id04657
14088144,14088667,523,id04657
14088667,14089011,344,id04657
14089011,14089554,543,id04657
14089554,14090282,728,id04657
14090282,14090748,466,id04657
14090748,14091317,569,id04657
14091317,14091993,676,id04657
14091993,14092731,738,id04657
14092731,14093279,548,id04657
14093279,14093684,405,id04657
14093684,14095354,1670,id04657
14095354,14096102,748,id04657
14096102,14097490,1388,id04657
14097490,14098038,548,id04657
14098038,14098643,605,id04657
14098643,14099186,543,id04657
14099186,14100845,1659,id04657
14100845,14101762,917,id04657
14101762,14102356,594,id04657
14102356,14103565,1209,id04657
14103565,14104380,815,id04657
14104380,14105435,1055,id04657
14105435,14106137,702,id04657
14106137,14106537,400,id04657
14106537,14107034,497,id04657
14107034,14107705,671,id04657
14107705,14108468,763,id04657
14108468,14108945,477,id04657
14108945,14110026,1081,id04657
14110026,14110492,466,id04657
14110492,14110830,338,id04657
14110830,14112029,1199,id04657
14112029,14112562,533,id04657
14112562,14112890,328,id04657
14112890,14113428,538,id04657
14113428,14113869,441,id04657
14113869,14114694,825,id04657
14114694,14115949,1255,id04657
14115949,14116349,400,id04657
14116349,14117333,984,id04657
14117333,14117866,533,id04657
14117866,14118235,369,id04657
14118235,14119710,1475,id04657
14119710,14121308,1598,id04657
14121308,14121969,661,id04657
14121969,14122394,425,id04657
14122394,14122917,523,id04657
14122917,14123476,559,id04657
14123476,14124117,641,id04657
14124117,14124512,395,id04657
14124512,14125931,1419,id04657
14125931,14126669,738,id04657
14126669,14127033,364,id04657
14127033,14127423,390,id04657
14127423,14128427,1004,id04657
14128427,14129293,866,id04657
14129293,14129647,354,id04657
14129647,14130492,845,id04657
14130492,14130825,333,id04657
14130825,14131204,379,id04657
14131204,14131635,431,id04657
14131635,14132245,610,id04657
14132245,14132650,405,id04657
14132650,14133408,758,id04657
14133408,14134079,671,id04657
14134079,14134581,502,id04657
14134581,14135201,620,id04657
14135201,14135529,328,id04657
14135529,14136026,497,id04657
14136026,14136405,379,id04657
14136405,14136871,466,id04657
14136871,14137286,415,id04657
14137286,14138014,728,id04657
14138014,14138532,518,id04657
14138532,14139091,559,id04657
14139091,14139501,410,id04657
14139501,14139926,425,id04657
14139926,14140290,364,id04657
14140290,14140659,369,id04657
14140659,14141253,594,id04657
14141253,14142211,958,id04657
14142211,14142616,405,id04657
14142616,14143313,697,id04657
14143313,14144128,815,id04657
14144128,14144835,707,id04657
14144835,14145235,400,id04657
14145235,14146423,1188,id04657
14146423,14146782,359,id04657
14146782,14147177,395,id04657
14147177,14147802,625,id04657
14147802,14148555,753,id04657
14148555,14149083,528,id04657
14149083,14149601,518,id04657
14149601,14150354,753,id04657
14150354,14150759,405,id04657
14150759,14151123,364,id04657
14151123,14151467,344,id04657
14151467,14152026,559,id04657
14152026,14152498,472,id04657
14152498,14152980,482,id04657
14152980,14153605,625,id04657
14153605,14153923,318,id04657
14153923,14154589,666,id04657
14154589,14154927,338,id04657
14154927,14155245,318,id04657
14155245,14155711,466,id04657
14155711,14156203,492,id04657
14156203,14156925,722,id04657
14156925,14157330,405,id04657
14157330,14157648,318,id04657
14157648,14157971,323,id04657
14157971,14158581,610,id04657
14158581,14159114,533,id04657
14159114,14159790,676,id04657
14159790,14160169,379,id04657
14160169,14160845,676,id04657
14160845,14161286,441,id04657
14161286,14162623,1337,id04657
14162623,14163013,390,id04657
14163013,14163433,420,id04657
14163433,14164196,763,id04657
14164196,14164975,779,id04657
14164975,14165810,835,id04657
14165810,14166538,728,id04657
14166538,14166907,369,id04657
14166907,14167583,676,id04657
14167583,14168193,610,id04657
14168193,14168921,728,id04657
14168921,14169265,344,id04657
14169265,14169614,349,id04657
14169614,14170173,559,id04657
14170173,14170808,635,id04657
14170808,14171157,349,id04657
14171157,14171987,830,id04657
14171987,14172315,328,id04657
14172315,14172781,466,id04657
14172781,14174169,1388,id04657
14174169,14174984,815,id04657
14174984,14175502,518,id04657
14175502,14176102,600,id04657
14176102,14177014,912,id04657
14177014,14177434,420,id04657
14177434,14178187,753,id04657
14178187,14178746,559,id04657
14178746,14179141,395,id04657
14179141,14179505,364,id04657
14179505,14180535,1030,id04657
14180535,14181273,738,id04657
14181273,14181601,328,id04657
14181601,14182170,569,id04657
14182170,14182718,548,id04657
14182718,14183369,651,id04657
14183369,14183784,415,id04657
14183784,14184215,431,id04657
14184215,14184856,641,id04657
14184856,14187606,2750,id04657
14187606,14188016,410,id04657
14188016,14188636,620,id04657
14188636,14189092,456,id04657
14189092,14189891,799,id04657
14189891,14190460,569,id04657
14190460,14191085,625,id04657
14191085,14191536,451,id04657
14191536,14192038,502,id04657
14192038,14192520,482,id04657
14192520,14192992,472,id04657
14192992,14193484,492,id04657
14193484,14193909,425,id04657
14193909,14194708,799,id04657
14194708,14195272,564,id04657
14195272,14195769,497,id04657
14195769,14196200,431,id04657
14196200,14196805,605,id04657
14196805,14197138,333,id04657
14197138,14198250,1112,id04657
14198250,14198624,374,id04657
14198624,14199172,548,id04657
14199172,14199638,466,id04657
14199638,14200222,584,id04657
14200222,14200755,533,id04657
14200755,14201196,441,id04657
14201196,14201596,400,id04657
14201596,14202564,968,id04657
14202564,14203394,830,id04657
14203394,14204183,789,id04657
14204183,14204731,548,id04657
14204731,14205423,692,id04657
14205423,14206729,1306,id04657
14206729,14207134,405,id04657
14207134,14207892,758,id04657
14207892,14208589,697,id04657
14208589,14208917,328,id04657
14208917,14209250,333,id04862
14209250,14209650,400,id04862
14209650,14210086,436,id04862
14210086,14210542,456,id04862
14210542,14210978,436,id04862
14210978,14211895,917,id04862
14211895,14212341,446,id04862
14212341,14212797,456,id04862
14212797,14213243,446,id04862
14213243,14213638,395,id04862
14213638,14213976,338,id04862
14213976,14214366,390,id04862
14214366,14214822,456,id04862
14214822,14215719,897,id04862
14215719,14216104,385,id04862
14216104,14216494,390,id04862
14216494,14216848,354,id04862
14216848,14217171,323,id04862
14217171,14217914,743,id04862
14217914,14218263,349,id04862
14218263,14218612,349,id04862
14218612,14219048,436,id04862
14219048,14219581,533,id04862
14219581,14220027,446,id04862
14220027,14220647,620,id04862
14220647,14221088,441,id04862
14221088,14221585,497,id04862
14221585,14221934,349,id04862
14221934,14222528,594,id04862
14222528,14223000,472,id04862
14223000,14223681,681,id04862
14223681,14224066,385,id04862
14224066,14224440,374,id04862
14224440,14224855,415,id04862
14224855,14225204,349,id04862
14225204,14225578,374,id04862
14225578,14226331,753,id04862
14226331,14226726,395,id04862
14226726,14227617,891,id04862
14227617,14228089,472,id04862
14228089,14228678,589,id04862
14228678,14229093,415,id04862
14229093,14229723,630,id04862
14229723,14230041,318,id04862
14230041,14230431,390,id04862
14230431,14230795,364,id04862
14230795,14231113,318,id04862
14231113,14231636,523,id04862
14231636,14232271,635,id04862
14232271,14232881,610,id04862
14232881,14233250,369,id04862
14233250,14233665,415,id04862
14233665,14233993,328,id04862
14233993,14234424,431,id04862
14234424,14235131,707,id04862
14235131,14235469,338,id04862
14235469,14236150,681,id04862
14236150,14236488,338,id04862
14236488,14236832,344,id04862
14236832,14237703,871,id04862
14237703,14238082,379,id04862
14238082,14238487,405,id04862
14238487,14239245,758,id04862
14239245,14241253,2008,id04862
14241253,14241817,564,id04862
14241817,14242831,1014,id04862
14242831,14243456,625,id04862
14243456,14243912,456,id04862
14243912,14244563,651,id04862
14244563,14245204,641,id04862
14245204,14245640,436,id04862
14245640,14246060,420,id04862
14246060,14246849,789,id04862
14246849,14247285,436,id04862
14247285,14247736,451,id04862
14247736,14248228,492,id04862
14248228,14248623,395,id04862
14248623,14249089,466,id04862
14249089,14249514,425,id04862
14249514,14250252,738,id04862
14250252,14250672,420,id04862
14250672,14251077,405,id04862
14251077,14251610,533,id04862
14251610,14252184,574,id04862
14252184,14252645,461,id04862
14252645,14252999,354,id04862
14252999,14253353,354,id04862
14253353,14254260,907,id04862
14254260,14254588,328,id04862
14254588,14255070,482,id04862
14255070,14255434,364,id04862
14255434,14256069,635,id04862
14256069,14256699,630,id04862
14256699,14257406,707,id04862
14257406,14257750,344,id04862
14257750,14258206,456,id04862
14258206,14258713,507,id04862
14258713,14259067,354,id04862
14259067,14259390,323,id04862
14259390,14259754,364,id04862
14259754,14260174,420,id04862
14260174,14260533,359,id04862
14260533,14260877,344,id04862
14260877,14261221,344,id04862
14261221,14261544,323,id04862
14261544,14261939,395,id04862
14261939,14262405,466,id04862
14262405,14262769,364,id04862
14262769,14263328,559,id04862
14263328,14263943,615,id04862
14263943,14264486,543,id04862
14264486,14264804,318,id04862
14264804,14265501,697,id04862
14265501,14265829,328,id04862
14265829,14266224,395,id04862
14266224,14266644,420,id04862
14266644,14267008,364,id04862
14267008,14267551,543,id04862
14267551,14267884,333,id04862
14267884,14268294,410,id04862
14268294,14268612,318,id04862
14268612,14269186,574,id04862
14269186,14269637,451,id04862
14269637,14270554,917,id04862
14270554,14271625,1071,id04862
14271625,14272424,799,id04862
14272424,14272865,441,id04862
14272865,14273188,323,id04862
14273188,14273916,728,id04862
14273916,14274766,850,id04862
14274766,14275447,681,id04862
14275447,14275816,369,id04862
14275816,14276395,579,id04862
14276395,14276872,477,id04862
14276872,14277492,620,id04862
14277492,14277846,354,id04862
14277846,14278328,482,id04862
14278328,14278743,415,id04862
14278743,14279174,431,id04862
14279174,14279518,344,id04862
14279518,14280128,610,id04862
14280128,14280451,323,id04862
14280451,14280861,410,id04862
14280861,14281727,866,id04862
14281727,14282403,676,id04862
14282403,14282731,328,id04862
14282731,14283382,651,id04862
14283382,14283726,344,id04862
14283726,14284208,482,id04862
14284208,14285463,1255,id04862
14285463,14286283,820,id04862
14286283,14286970,687,id04862
14286970,14287303,333,id04862
14287303,14287846,543,id04862
14287846,14288200,354,id04862
14288200,14288646,446,id04862
14288646,14289020,374,id04862
14289020,14289538,518,id04862
14289538,14289917,379,id04862
14289917,14290527,610,id04862
14290527,14290845,318,id04862
14290845,14291163,318,id04862
14291163,14291553,390,id04862
14291553,14291917,364,id04862
14291917,14292296,379,id04862
14292296,14292650,354,id04862
14292650,14292968,318,id04862
14292968,14293306,338,id04862
14293306,14293639,333,id04862
14293639,14294274,635,id04862
14294274,14294720,446,id04862
14294720,14295099,379,id04862
14295099,14295903,804,id04862
14295903,14296221,318,id04862
14296221,14296565,344,id04862
14296565,14297108,543,id04862
14297108,14297498,390,id04862
14297498,14298487,989,id04862
14298487,14298841,354,id04862
14298841,14299359,518,id04862
14299359,14299749,390,id04862
14299749,14300154,405,id04862
14300154,14300477,323,id04862
14300477,14300872,395,id04862
14300872,14301687,815,id04862
14301687,14302015,328,id04862
14302015,14302415,400,id04862
14302415,14303025,610,id04862
14303025,14303404,379,id04862
14303404,14303763,359,id04862
14303763,14304347,584,id04862
14304347,14304885,538,id04862
14304885,14305326,441,id04862
14305326,14305777,451,id04862
14305777,14306336,559,id04862
14306336,14306721,385,id04862
14306721,14307095,374,id04862
14307095,14307797,702,id04862
14307797,14308576,779,id04862
14308576,14308971,395,id04862
14308971,14309289,318,id04862
14309289,14309653,364,id04862
14309653,14310857,1204,id04862
14310857,14311451,594,id04862
14311451,14311856,405,id04862
14311856,14312389,533,id04862
14312389,14312968,579,id04862
14312968,14315329,2361,id04862
14315329,14315719,390,id04862
14315719,14316037,318,id04862
14316037,14316416,379,id04862
14316416,14316903,487,id04862
14316903,14317421,518,id04862
14317421,14318200,779,id04862
14318200,14318672,472,id04862
14318672,14319062,390,id04862
14319062,14319554,492,id04862
14319554,14319949,395,id04862
14319949,14320625,676,id04862
14320625,14320963,338,id04862
14320963,14321317,354,id04862
14321317,14322423,1106,id04862
14322423,14322905,482,id04862
14322905,14323740,835,id04862
14323740,14324176,436,id04862
14324176,14324704,528,id04862
14324704,14325094,390,id04862
14325094,14325550,456,id04862
14325550,14325868,318,id04862
14325868,14326232,364,id04862
14326232,14326611,379,id04862
14326611,14327011,400,id04862
14327011,14327508,497,id04862
14327508,14328256,748,id04862
14328256,14328574,318,id04862
14328574,14329440,866,id04862
14329440,14330326,886,id04862
14330326,14330711,385,id04862
14330711,14331121,410,id04862
14331121,14331587,466,id04862
14331587,14332069,482,id04862
14332069,14332387,318,id04862
14332387,14332997,610,id04862
14332997,14333453,456,id04862
14333453,14334170,717,id04862
14334170,14334549,379,id04862
14334549,14334964,415,id04862
14334964,14335318,354,id04862
14335318,14335718,400,id04862
14335718,14336225,507,id04862
14336225,14336707,482,id04862
14336707,14337337,630,id04862
14337337,14337921,584,id04862
14337921,14338403,482,id04862
14338403,14338762,359,id04862
14338762,14339234,472,id04862
14339234,14339716,482,id04862
14339716,14340464,748,id04862
14340464,14340956,492,id04862
14340956,14341504,548,id04862
14341504,14341842,338,id04862
14341842,14342180,338,id04862
14342180,14342687,507,id04862
14342687,14343015,328,id04862
14343015,14343394,379,id04862
14343394,14343953,559,id04862
14343953,14344425,472,id04862
14344425,14345009,584,id04862
14345009,14345573,564,id04862
14345573,14346162,589,id04862
14346162,14346890,728,id04862
14346890,14347377,487,id04862
14347377,14348704,1327,id04862
14348704,14349135,431,id04862
14349135,14349458,323,id04862
14349458,14349848,390,id04862
14349848,14350535,687,id04862
14350535,14350996,461,id04862
14350996,14351401,405,id04862
14351401,14351954,553,id04862
14351954,14352502,548,id04862
14352502,14352861,359,id04862
14352861,14353333,472,id04862
14353333,14353697,364,id04862
14353697,14354030,333,id04862
14354030,14354348,318,id04862
14354348,14354994,646,id04862
14354994,14355619,625,id04862
14355619,14356244,625,id04862
14356244,14357325,1081,id04862
14357325,14358001,676,id04862
14358001,14358345,344,id04862
14358345,14358791,446,id04862
14358791,14359191,400,id04862
14359191,14359842,651,id04862
14359842,14360247,405,id04862
14360247,14360939,692,id04862
14360939,14361958,1019,id04862
14361958,14362276,318,id04862
14362276,14362671,395,id04862
14362671,14363204,533,id04862
14363204,14363691,487,id04862
14363691,14364270,579,id04862
14364270,14364890,620,id04862
14364890,14365541,651,id04862
14365541,14365961,420,id04862
14365961,14366325,364,id04862
14366325,14366694,369,id04862
14366694,14367058,364,id04862
14367058,14367530,472,id04862
14367530,14368104,574,id04862
14368104,14368965,861,id04862
14368965,14369350,385,id04862
14369350,14370375,1025,id04862
14370375,14371456,1081,id04862
14371456,14372486,1030,id04862
14372486,14372901,415,id04862
14372901,14374996,2095,id04862
14374996,14375391,395,id04862
14375391,14376682,1291,id04862
14376682,14378669,1987,id04862
14378669,14379074,405,id04862
14379074,14379930,856,id04862
14379930,14380263,333,id04862
14380263,14381267,1004,id04862
14381267,14381785,518,id04862
14381785,14382267,482,id04862
14382267,14382682,415,id04862
14382682,14383394,712,id04862
14383394,14383809,415,id04862
14383809,14384869,1060,id04862
14384869,14385453,584,id04862
14385453,14386257,804,id04862
14386257,14386703,446,id04862
14386703,14388455,1752,id04862
14388455,14388804,349,id04862
14388804,14389777,973,id04862
14389777,14390197,420,id04862
14390197,14391022,825,id04862
14391022,14391442,420,id04862
14391442,14392272,830,id04862
14392272,14392708,436,id04862
14392708,14393123,415,id04862
14393123,14393651,528,id04862
14393651,14394005,354,id04862
14394005,14394323,318,id04862
14394323,14394641,318,id04862
14394641,14395020,379,id04862
14395020,14395374,354,id04862
14395374,14395892,518,id04862
14395892,14396225,333,id04862
14396225,14396804,579,id04862
14396804,14397173,369,id04862
14397173,14397517,344,id04862
14397517,14397922,405,id04862
14397922,14398486,564,id04862
14398486,14399080,594,id04862
14399080,14399424,344,id04862
14399424,14399788,364,id04862
14399788,14400731,943,id04862
14400731,14401172,441,id04862
14401172,14401541,369,id04862
14401541,14401859,318,id04862
14401859,14402418,559,id04862
14402418,14402864,446,id04862
14402864,14403208,344,id04862
14403208,14403546,338,id04862
14403546,14403905,359,id04862
14403905,14404259,354,id04862
14404259,14404633,374,id04862
14404633,14405074,441,id04862
14405074,14405489,415,id04862
14405489,14405838,349,id04862
14405838,14406386,548,id04862
14406386,14406765,379,id04862
14406765,14407165,400,id04862
14407165,14407662,497,id04862
14407662,14407990,328,id04862
14407990,14408405,415,id04862
14408405,14408871,466,id04862
14408871,14409215,344,id04862
14409215,14409569,354,id04862
14409569,14409938,369,id04862
14409938,14410563,625,id04862
14410563,14410932,369,id04862
14410932,14411521,589,id04862
14411521,14412100,579,id04862
14412100,14412515,415,id04862
14412515,14412940,425,id04862
14412940,14413611,671,id04950
14413611,14414851,1240,id04950
14414851,14415645,794,id04950
14415645,14416250,605,id04950
14416250,14417147,897,id04950
14417147,14417793,646,id04950
14417793,14418889,1096,id04950
14418889,14419745,856,id04950
14419745,14420800,1055,id04950
14420800,14421297,497,id04950
14421297,14424457,3160,id04950
14424457,14425185,728,id04950
14425185,14426660,1475,id04950
14426660,14427034,374,id04950
14427034,14427736,702,id04950
14427736,14428807,1071,id04950
14428807,14429888,1081,id04950
14429888,14430539,651,id04950
14430539,14433750,3211,id04950
14433750,14434606,856,id04950
14434606,14435313,707,id04950
14435313,14435943,630,id04950
14435943,14436676,733,id04950
14436676,14437004,328,id04950
14437004,14437742,738,id04950
14437742,14439048,1306,id04950
14439048,14439438,390,id04950
14439438,14439879,441,id04950
14439879,14440351,472,id04950
14440351,14441821,1470,id04950
14441821,14443235,1414,id04950
14443235,14443906,671,id04950
14443906,14444449,543,id04950
14444449,14445084,635,id04950
14445084,14446001,917,id04950
14446001,14446508,507,id04950
14446508,14446846,338,id04950
14446846,14447599,753,id04950
14447599,14448183,584,id04950
14448183,14449638,1455,id04950
14449638,14452398,2760,id04950
14452398,14453248,850,id04950
14453248,14453914,666,id04950
14453914,14457534,3620,id04950
14457534,14459424,1890,id04950
14459424,14460290,866,id04950
14460290,14461238,948,id04950
14461238,14461756,518,id04950
14461756,14462228,472,id04950
14462228,14462822,594,id04950
14462822,14463447,625,id04950
14463447,14463796,349,id04950
14463796,14464119,323,id04950
14464119,14465558,1439,id04950
14465558,14465973,415,id04950
14465973,14466905,932,id04950
14466905,14467658,753,id04950
14467658,14468688,1030,id04950
14468688,14469974,1286,id04950
14469974,14470917,943,id04950
14470917,14471358,441,id04950
14471358,14472055,697,id04950
14472055,14472598,543,id04950
14472598,14473448,850,id04950
14473448,14473894,446,id04950
14473894,14474432,538,id04950
14474432,14475605,1173,id04950
14475605,14477034,1429,id04950
14477034,14477890,856,id04950
14477890,14478208,318,id04950
14478208,14478777,569,id04950
14478777,14479796,1019,id04950
14479796,14480288,492,id04950
14480288,14480862,574,id04950
14480862,14482204,1342,id04950
14482204,14482594,390,id04950
14482594,14483383,789,id04950
14483383,14484131,748,id04950
14484131,14484516,385,id04950
14484516,14484916,400,id04950
14484916,14485644,728,id04950
14485644,14486853,1209,id04950
14486853,14487980,1127,id04950
14487980,14488426,446,id04950
14488426,14488821,395,id04950
14488821,14489892,1071,id04950
14489892,14490451,559,id04950
14490451,14490984,533,id04950
14490984,14492259,1275,id04950
14492259,14493263,1004,id04950
14493263,14494395,1132,id04950
14494395,14496479,2084,id04950
14496479,14497089,610,id04950
14497089,14498073,984,id04950
14498073,14498422,349,id04950
14498422,14498842,420,id04950
14498842,14499283,441,id04950
14499283,14499811,528,id04950
14499811,14500277,466,id04950
14500277,14500595,318,id04950
14500595,14500913,318,id04950
14500913,14501502,589,id04950
14501502,14501907,405,id04950
14501907,14502338,431,id04950
14502338,14503086,748,id04950
14503086,14503696,610,id04950
14503696,14504055,359,id04950
14504055,14504696,641,id04950
14504696,14505331,635,id04950
14505331,14506130,799,id04950
14506130,14506596,466,id04950
14506596,14507277,681,id04950
14507277,14507605,328,id04950
14507605,14508112,507,id04950
14508112,14508456,344,id04950
14508456,14508871,415,id04950
14508871,14509496,625,id04950
14509496,14509850,354,id04950
14509850,14510444,594,id04950
14510444,14510829,385,id04950
14510829,14511843,1014,id04950
14511843,14512207,364,id04950
14512207,14512807,600,id04950
14512807,14513458,651,id04950
14513458,14513878,420,id04950
14513878,14515205,1327,id04950
14515205,14516009,804,id04950
14516009,14516655,646,id04950
14516655,14517495,840,id04950
14517495,14519421,1926,id04950
14519421,14520271,850,id04950
14520271,14522806,2535,id04950
14522806,14524890,2084,id04950
14524890,14525874,984,id04950
14525874,14526212,338,id04950
14526212,14526760,548,id04950
14526760,14527436,676,id04950
14527436,14527856,420,id04950
14527856,14529142,1286,id04950
14529142,14529542,400,id04950
14529542,14530065,523,id04950
14530065,14531187,1122,id04950
14531187,14532130,943,id04950
14532130,14533119,989,id04950
14533119,14534492,1373,id04950
14534492,14534861,369,id04950
14534861,14535225,364,id04950
14535225,14535886,661,id04950
14535886,14536214,328,id04950
14536214,14536645,431,id04950
14536645,14536973,328,id04950
14536973,14537445,472,id04950
14537445,14537768,323,id04950
14537768,14538956,1188,id04950
14538956,14539402,446,id04950
14539402,14539720,318,id04950
14539720,14540038,318,id04950
14540038,14540520,482,id04950
14540520,14540838,318,id04950
14540838,14541197,359,id04950
14541197,14542559,1362,id04950
14542559,14542887,328,id04950
14542887,14544060,1173,id04950
14544060,14545120,1060,id04950
14545120,14545720,600,id04950
14545720,14547456,1736,id04950
14547456,14548532,1076,id04950
14548532,14548901,369,id04950
14548901,14549879,978,id04950
14549879,14550576,697,id04950
14550576,14551657,1081,id04950
14551657,14553675,2018,id04950
14553675,14554044,369,id04950
14554044,14554987,943,id04950
14554987,14555366,379,id04950
14555366,14555838,472,id04950
14555838,14558511,2673,id04950
14558511,14559228,717,id04950
14559228,14559623,395,id04950
14559623,14560018,395,id04950
14560018,14560751,733,id04950
14560751,14561284,533,id04950
14561284,14562027,743,id04950
14562027,14562371,344,id04950
14562371,14562832,461,id04950
14562832,14563186,354,id04950
14563186,14564298,1112,id04950
14564298,14564811,513,id04950
14564811,14565446,635,id04950
14565446,14565800,354,id04950
14565800,14566159,359,id04950
14566159,14566779,620,id04950
14566779,14567117,338,id04950
14567117,14567916,799,id04950
14567916,14568731,815,id04950
14568731,14570175,1444,id04950
14570175,14571261,1086,id04950
14571261,14572664,1403,id04950
14572664,14573617,953,id04950
14573617,14574447,830,id04950
14574447,14575072,625,id04950
14575072,14576030,958,id04950
14576030,14576788,758,id04950
14576788,14577843,1055,id04950
14577843,14578478,635,id04950
14578478,14578852,374,id04950
14578852,14579385,533,id04950
14579385,14579775,390,id04950
14579775,14580180,405,id04950
14580180,14580585,405,id04950
14580585,14581256,671,id04950
14581256,14581856,600,id04950
14581856,14582251,395,id04950
14582251,14582589,338,id04950
14582589,14582907,318,id04950
14582907,14583660,753,id04950
14583660,14584408,748,id04950
14584408,14585392,984,id04950
14585392,14585838,446,id04950
14585838,14586197,359,id04950
14586197,14586909,712,id04950
14586909,14587846,937,id04950
14587846,14588763,917,id04950
14588763,14589342,579,id04950
14589342,14589936,594,id04950
14589936,14590546,610,id04950
14590546,14591345,799,id04950
14591345,14591904,559,id04950
14591904,14592227,323,id04950
14592227,14592571,344,id04950
14592571,14593304,733,id04950
14593304,14593852,548,id04950
14593852,14594365,513,id04950
14594365,14595149,784,id04950
14595149,14595672,523,id04950
14595672,14597695,2023,id04950
14597695,14598366,671,id04950
14598366,14599222,856,id04950
14599222,14599699,477,id04950
14599699,14601742,2043,id04950
14601742,14604646,2904,id04950
14604646,14605041,395,id04950
14605041,14606009,968,id04950
14606009,14609194,3185,id04950
14609194,14610336,1142,id04950
14610336,14611079,743,id04950
14611079,14611469,390,id04950
14611469,14612007,538,id04950
14612007,14612975,968,id04950
14612975,14613605,630,id04950
14613605,14615095,1490,id04950
14615095,14615628,533,id04950
14615628,14616437,809,id04950
14616437,14617313,876,id04950
14617313,14618169,856,id04950
14618169,14620197,2028,id04950
14620197,14623295,3098,id04950
14623295,14623685,390,id04950
14623685,14624167,482,id04950
14624167,14625048,881,id04950
14625048,14625704,656,id04950
14625704,14627092,1388,id04950
14627092,14627830,738,id04950
14627830,14628327,497,id04950
14628327,14628742,415,id04950
14628742,14629096,354,id04950
14629096,14629460,364,id04950
14629460,14629957,497,id04950
14629957,14630352,395,id04950
14630352,14630824,472,id04950
14630824,14631152,328,id04950
14631152,14631521,369,id04950
14631521,14631854,333,id04950
14631854,14632971,1117,id04950
14632971,14633514,543,id04950
14633514,14634185,671,id04950
14634185,14634605,420,id04950
14634605,14635041,436,id04950
14635041,14635523,482,id04950
14635523,14636430,907,id04950
14636430,14637245,815,id04950
14637245,14638848,1603,id04950
14638848,14639622,774,id04950
14639622,14640565,943,id04950
14640565,14641733,1168,id04950
14641733,14642056,323,id04950
14642056,14643265,1209,id04950
14643265,14644085,820,id04950
14644085,14644541,456,id04950
14644541,14645274,733,id04950
14645274,14646652,1378,id04950
14646652,14647195,543,id04950
14647195,14647861,666,id04950
14647861,14648302,441,id04950
14648302,14648656,354,id04950
14648656,14649317,661,id04950
14649317,14652400,3083,id04950
14652400,14654638,2238,id04950
14654638,14654956,318,id04950
14654956,14655765,809,id04950
14655765,14656436,671,id04950
14656436,14658239,1803,id04950
14658239,14659151,912,id04950
14659151,14659536,385,id04950
14659536,14660581,1045,id04950
14660581,14660950,369,id04950
14660950,14661360,410,id04950
14661360,14662246,886,id04950
14662246,14663009,763,id04950
14663009,14663962,953,id04950
14663962,14664725,763,id04950
14664725,14665867,1142,id04950
14665867,14666364,497,id04950
14666364,14667015,651,id04950
14667015,14669432,2417,id04950
14669432,14669811,379,id04950
14669811,14670149,338,id04950
14670149,14670830,681,id04950
14670830,14671230,400,id04950
14671230,14671794,564,id04950
14671794,14672148,354,id05015
14672148,14672640,492,id05015
14672640,14673127,487,id05015
14673127,14673465,338,id05015
14673465,14673809,344,id05015
14673809,14674291,482,id05015
14674291,14674783,492,id05015
14674783,14675239,456,id05015
14675239,14675583,344,id05015
14675583,14676101,518,id05015
14676101,14676439,338,id05015
14676439,14676870,431,id05015
14676870,14677326,456,id05015
14677326,14677680,354,id05015
14677680,14678126,446,id05015
14678126,14679084,958,id05015
14679084,14679499,415,id05015
14679499,14679991,492,id05015
14679991,14680493,502,id05015
14680493,14680954,461,id05015
14680954,14681625,671,id05015
14681625,14683085,1460,id05015
14683085,14683403,318,id05015
14683403,14683962,559,id05015
14683962,14684408,446,id05015
14684408,14685084,676,id05015
14685084,14685525,441,id05015
14685525,14686053,528,id05015
14686053,14686499,446,id05015
14686499,14687047,548,id05015
14687047,14687462,415,id05015
14687462,14687887,425,id05015
14687887,14688348,461,id05015
14688348,14689311,963,id05015
14689311,14689670,359,id05015
14689670,14690536,866,id05015
14690536,14691479,943,id05015
14691479,14691951,472,id05015
14691951,14692305,354,id05015
14692305,14693191,886,id05015
14693191,14693796,605,id05015
14693796,14694114,318,id05015
14694114,14694903,789,id05015
14694903,14695226,323,id05015
14695226,14695549,323,id05015
14695549,14696118,569,id05015
14696118,14696631,513,id05015
14696631,14697046,415,id05015
14697046,14697471,425,id05015
14697471,14698158,687,id05015
14698158,14698553,395,id05015
14698553,14699025,472,id05015
14699025,14699491,466,id05015
14699491,14700213,722,id05015
14700213,14700608,395,id05015
14700608,14700977,369,id05015
14700977,14701356,379,id05015
14701356,14701792,436,id05015
14701792,14702335,543,id05015
14702335,14702801,466,id05015
14702801,14703339,538,id05015
14703339,14703734,395,id05015
14703734,14704456,722,id05015
14704456,14704876,420,id05015
14704876,14705383,507,id05015
14705383,14705962,579,id05015
14705962,14706418,456,id05015
14706418,14706767,349,id05015
14706767,14707341,574,id05015
14707341,14707843,502,id05015
14707843,14708258,415,id05015
14708258,14708658,400,id05015
14708658,14709196,538,id05015
14709196,14709811,615,id05015
14709811,14710129,318,id05015
14710129,14710493,364,id05015
14710493,14710959,466,id05015
14710959,14711333,374,id05015
14711333,14711712,379,id05015
14711712,14712102,390,id05015
14712102,14712558,456,id05015
14712558,14713096,538,id05015
14713096,14713573,477,id05015
14713573,14713901,328,id05015
14713901,14714306,405,id05015
14714306,14715305,999,id05015
14715305,14715828,523,id05015
14715828,14716566,738,id05015
14716566,14718021,1455,id05015
14718021,14718677,656,id05015
14718677,14720439,1762,id05015
14720439,14720982,543,id05015
14720982,14721351,369,id05015
14721351,14721889,538,id05015
14721889,14722345,456,id05015
14722345,14722719,374,id05015
14722719,14723319,600,id05015
14723319,14724574,1255,id05015
14724574,14725061,487,id05015
14725061,14725783,722,id05015
14725783,14726659,876,id05015
14726659,14727356,697,id05015
14727356,14728027,671,id05015
14728027,14729190,1163,id05015
14729190,14730737,1547,id05015
14730737,14731925,1188,id05015
14731925,14732668,743,id05015
14732668,14733196,528,id05015
14733196,14733790,594,id05015
14733790,14734589,799,id05015
14734589,14735081,492,id05015
14735081,14736305,1224,id05015
14736305,14736864,559,id05015
14736864,14738518,1654,id05015
14738518,14739066,548,id05015
14739066,14739532,466,id05015
14739532,14740587,1055,id05015
14740587,14740931,344,id05015
14740931,14741592,661,id05015
14741592,14742309,717,id05015
14742309,14743764,1455,id05015
14743764,14744323,559,id05015
14744323,14744805,482,id05015
14744805,14745405,600,id05015
14745405,14745887,482,id05015
14745887,14746440,553,id05015
14746440,14746983,543,id05015
14746983,14747542,559,id05015
14747542,14748177,635,id05015
14748177,14748823,646,id05015
14748823,14749146,323,id05015
14749146,14749587,441,id05015
14749587,14750028,441,id05015
14750028,14750346,318,id05015
14750346,14750828,482,id05015
14750828,14751218,390,id05015
14751218,14751930,712,id05015
14751930,14752483,553,id05015
14752483,14753103,620,id05015
14753103,14753626,523,id05015
14753626,14755142,1516,id05015
14755142,14755480,338,id05015
14755480,14755849,369,id05015
14755849,14756198,349,id05015
14756198,14756531,333,id05015
14756531,14756885,354,id05015
14756885,14757828,943,id05015
14757828,14758192,364,id05015
14758192,14758802,610,id05015
14758802,14760185,1383,id05015
14760185,14760503,318,id05015
14760503,14760852,349,id05015
14760852,14761370,518,id05015
14761370,14761795,425,id05015
14761795,14762277,482,id05015
14762277,14762595,318,id05015
14762595,14762964,369,id05015
14762964,14763461,497,id05015
14763461,14763779,318,id05015
14763779,14764804,1025,id05015
14764804,14765224,420,id05015
14765224,14765711,487,id05015
14765711,14766812,1101,id05015
14766812,14767524,712,id05015
14767524,14768380,856,id05015
14768380,14769215,835,id05015
14769215,14769932,717,id05015
14769932,14770250,318,id05015
14770250,14771285,1035,id05015
14771285,14771613,328,id05015
14771613,14772110,497,id05015
14772110,14772469,359,id05015
14772469,14773094,625,id05015
14773094,14773627,533,id05015
14773627,14773965,338,id05015
14773965,14774447,482,id05015
14774447,14774878,431,id05015
14774878,14775206,328,id05015
14775206,14775570,364,id05015
14775570,14775960,390,id05015
14775960,14776298,338,id05015
14776298,14776616,318,id05015
14776616,14776990,374,id05015
14776990,14777344,354,id05015
14777344,14777713,369,id05015
14777713,14778307,594,id05015
14778307,14778830,523,id05015
14778830,14780064,1234,id05015
14780064,14780699,635,id05015
14780699,14781304,605,id05015
14781304,14781689,385,id05015
14781689,14782365,676,id05015
14782365,14782872,507,id05015
14782872,14784250,1378,id05015
14784250,14785413,1163,id05015
14785413,14785792,379,id05015
14785792,14786125,333,id05015
14786125,14786489,364,id05015
14786489,14786945,456,id05015
14786945,14787708,763,id05015
14787708,14788164,456,id05015
14788164,14788492,328,id05015
14788492,14789092,600,id05015
14789092,14790163,1071,id05015
14790163,14790491,328,id05015
14790491,14791065,574,id05015
14791065,14791465,400,id05015
14791465,14791803,338,id05015
14791803,14792157,354,id05015
14792157,14792680,523,id05015
14792680,14793162,482,id05015
14793162,14793813,651,id05015
14793813,14794295,482,id05015
14794295,14794828,533,id05015
14794828,14795223,395,id05015
14795223,14795689,466,id05015
14795689,14796007,318,id05015
14796007,14796668,661,id05015
14796668,14797017,349,id05015
14797017,14797412,395,id05015
14797412,14797735,323,id05015
14797735,14798155,420,id05015
14798155,14798483,328,id05015
14798483,14799252,769,id05015
14799252,14799780,528,id05015
14799780,14800205,425,id05015
14800205,14800933,728,id05015
14800933,14801968,1035,id05015
14801968,14802337,369,id05015
14802337,14802988,651,id05015
14802988,14803378,390,id05015
14803378,14803993,615,id05015
14803993,14804598,605,id05015
14804598,14805361,763,id05015
14805361,14805689,328,id05015
14805689,14806027,338,id05015
14806027,14806570,543,id05015
14806570,14806914,344,id05015
14806914,14807334,420,id05015
14807334,14807903,569,id05015
14807903,14808477,574,id05015
14808477,14808810,333,id05015
14808810,14810172,1362,id05015
14810172,14810838,666,id05015
14810838,14811253,415,id05015
14811253,14811678,425,id05015
14811678,14812063,385,id05015
14812063,14812401,338,id05015
14812401,14813098,697,id05015
14813098,14813938,840,id05015
14813938,14815121,1183,id05015
14815121,14815439,318,id05015
14815439,14816653,1214,id05015
14816653,14817529,876,id05015
14817529,14818277,748,id05015
14818277,14819614,1337,id05015
14819614,14819958,344,id05015
14819958,14820824,866,id05015
14820824,14821633,809,id05015
14821633,14822074,441,id05015
14822074,14822489,415,id05015
14822489,14823114,625,id05015
14823114,14823488,374,id05015
14823488,14824385,897,id05015
14824385,14825179,794,id05015
14825179,14825574,395,id05015
14825574,14825999,425,id05015
14825999,14826327,328,id05015
14826327,14826686,359,id05015
14826686,14827280,594,id05015
14827280,14827639,359,id05015
14827639,14828008,369,id05015
14828008,14828413,405,id05015
14828413,14829381,968,id05015
14829381,14829996,615,id05015
14829996,14830340,344,id05015
14830340,14831103,763,id05015
14831103,14832399,1296,id05015
14832399,14832727,328,id05015
14832727,14834351,1624,id05015
14834351,14834746,395,id05015
14834746,14835555,809,id05015
14835555,14835904,349,id05015
14835904,14836268,364,id05015
14836268,14836765,497,id05015
14836765,14837477,712,id05015
14837477,14837872,395,id05015
14837872,14838385,513,id05015
14838385,14839210,825,id05015
14839210,14839912,702,id05015
14839912,14840343,431,id05015
14840343,14840891,548,id05015
14840891,14841690,799,id05015
14841690,14842080,390,id05015
14842080,14842633,553,id05015
14842633,14843207,574,id05055
14843207,14843807,600,id05055
14843807,14844207,400,id05055
14844207,14844638,431,id05055
14844638,14845371,733,id05055
14845371,14846713,1342,id05055
14846713,14847425,712,id05055
14847425,14848588,1163,id05055
14848588,14849310,722,id05055
14849310,14850381,1071,id05055
14850381,14851769,1388,id05055
14851769,14852573,804,id05055
14852573,14853459,886,id05055
14853459,14853844,385,id05055
14853844,14854674,830,id05055
14854674,14855396,722,id05055
14855396,14855796,400,id05055
14855796,14856529,733,id05055
14856529,14856970,441,id05055
14856970,14857324,354,id05055
14857324,14857673,349,id05055
14857673,14858027,354,id05055
14858027,14858867,840,id05055
14858867,14859835,968,id05055
14859835,14860173,338,id05055
14860173,14860629,456,id05055
14860629,14861085,456,id05055
14861085,14861618,533,id05055
14861618,14862351,733,id05055
14862351,14863201,850,id05055
14863201,14863724,523,id05055
14863724,14864672,948,id05055
14864672,14865010,338,id05055
14865010,14865599,589,id05055
14865599,14865958,359,id05055
14865958,14866332,374,id05055
14866332,14866676,344,id05055
14866676,14867066,390,id05055
14867066,14867456,390,id05055
14867456,14867881,425,id05055
14867881,14868383,502,id05055
14868383,14868972,589,id05055
14868972,14869648,676,id05055
14869648,14870140,492,id05055
14870140,14870519,379,id05055
14870519,14870863,344,id05055
14870863,14871703,840,id05055
14871703,14872057,354,id05055
14872057,14872452,395,id05055
14872452,14872959,507,id05055
14872959,14873758,799,id05055
14873758,14874573,815,id05055
14874573,14874927,354,id05055
14874927,14875460,533,id05055
14875460,14877068,1608,id05055
14877068,14877627,559,id05055
14877627,14878585,958,id05055
14878585,14878918,333,id05055
14878918,14879297,379,id05055
14879297,14879994,697,id05055
14879994,14880414,420,id05055
14880414,14880886,472,id05055
14880886,14881557,671,id05055
14881557,14882730,1173,id05055
14882730,14883068,338,id05055
14883068,14883637,569,id05055
14883637,14884068,431,id05055
14884068,14884437,369,id05055
14884437,14885113,676,id05055
14885113,14885431,318,id05055
14885431,14885959,528,id05055
14885959,14886784,825,id05055
14886784,14887650,866,id05055
14887650,14888157,507,id05055
14888157,14888613,456,id05055
14888613,14889172,559,id05055
14889172,14889505,333,id05055
14889505,14889849,344,id05055
14889849,14890469,620,id05055
14890469,14890854,385,id05055
14890854,14891438,584,id05055
14891438,14891807,369,id05055
14891807,14892299,492,id05055
14892299,14892668,369,id05055
14892668,14893227,559,id05055
14893227,14893622,395,id05055
14893622,14894222,600,id05055
14894222,14894627,405,id05055
14894627,14895145,518,id05055
14895145,14895473,328,id05055
14895473,14895893,420,id05055
14895893,14896272,379,id05055
14896272,14896595,323,id05055
14896595,14897087,492,id05055
14897087,14897605,518,id05055
14897605,14897949,344,id05055
14897949,14898272,323,id05055
14898272,14898754,482,id05055
14898754,14899179,425,id05055
14899179,14899558,379,id05055
14899558,14900096,538,id05055
14900096,14900655,559,id05055
14900655,14901004,349,id05055
14901004,14901726,722,id05055
14901726,14902157,431,id05055
14902157,14902751,594,id05055
14902751,14903253,502,id05055
14903253,14903684,431,id05055
14903684,14904012,328,id05055
14904012,14904443,431,id05055
14904443,14904843,400,id05055
14904843,14905309,466,id05055
14905309,14905704,395,id05055
14905704,14906170,466,id05055
14906170,14906913,743,id05055
14906913,14907277,364,id05055
14907277,14907718,441,id05055
14907718,14908097,379,id05055
14908097,14908825,728,id05055
14908825,14909143,318,id05055
14909143,14909676,533,id05055
14909676,14910905,1229,id05055
14910905,14911228,323,id05055
14911228,14911551,323,id05055
14911551,14911946,395,id05055
14911946,14912428,482,id05055
14912428,14912746,318,id05055
14912746,14913115,369,id05055
14913115,14913433,318,id05055
14913433,14914043,610,id05055
14914043,14914648,605,id05055
14914648,14915027,379,id05055
14915027,14915422,395,id05055
14915422,14915945,523,id05055
14915945,14916396,451,id05055
14916396,14916755,359,id05055
14916755,14917570,815,id05055
14917570,14917914,344,id05055
14917914,14918319,405,id05055
14918319,14918719,400,id05055
14918719,14919365,646,id05055
14919365,14919924,559,id05055
14919924,14920713,789,id05055
14920713,14921067,354,id05055
14921067,14921395,328,id05055
14921395,14921733,338,id05055
14921733,14922179,446,id05055
14922179,14922589,410,id05055
14922589,14923030,441,id05055
14923030,14923358,328,id05055
14923358,14923906,548,id05055
14923906,14924224,318,id05055
14924224,14924747,523,id05055
14924747,14925377,630,id05055
14925377,14925715,338,id05055
14925715,14926094,379,id05055
14926094,14926427,333,id05055
14926427,14926868,441,id05055
14926868,14927278,410,id05055
14927278,14927734,456,id05055
14927734,14928052,318,id05055
14928052,14928380,328,id05055
14928380,14929092,712,id05055
14929092,14929507,415,id05055
14929507,14929861,354,id05055
14929861,14930256,395,id05055
14930256,14930989,733,id05055
14930989,14931491,502,id05055
14931491,14932091,600,id05055
14932091,14932435,344,id05055
14932435,14932907,472,id05055
14932907,14933701,794,id05055
14933701,14934603,902,id05055
14934603,14935761,1158,id05055
14935761,14936146,385,id05055
14936146,14936597,451,id05055
14936597,14936966,369,id05055
14936966,14937724,758,id05055
14937724,14938139,415,id05055
14938139,14938708,569,id05055
14938708,14939215,507,id05055
14939215,14939937,722,id05055
14939937,14940716,779,id05055
14940716,14941208,492,id05055
14941208,14941608,400,id05055
14941608,14942387,779,id05055
14942387,14942935,548,id05055
14942935,14943304,369,id05055
14943304,14943965,661,id05055
14943965,14944949,984,id05055
14944949,14945605,656,id05055
14945605,14946829,1224,id05055
14946829,14947188,359,id05055
14947188,14947603,415,id05055
14947603,14947957,354,id05055
14947957,14948347,390,id05055
14948347,14949264,917,id05055
14949264,14949782,518,id05055
14949782,14950371,589,id05055
14950371,14950715,344,id05055
14950715,14951059,344,id05055
14951059,14951474,415,id05055
14951474,14951818,344,id05055
14951818,14952499,681,id05055
14952499,14952868,369,id05055
14952868,14954133,1265,id05055
14954133,14954456,323,id05055
14954456,14954794,338,id05055
14954794,14955240,446,id05055
14955240,14955875,635,id05055
14955875,14956239,364,id05055
14956239,14957013,774,id05055
14957013,14958171,1158,id05055
14958171,14958586,415,id05055
14958586,14959196,610,id05055
14959196,14959540,344,id05055
14959540,14959919,379,id05055
14959919,14960585,666,id05055
14960585,14960913,328,id05055
14960913,14961466,553,id05055
14961466,14961804,338,id05055
14961804,14962291,487,id05055
14962291,14962629,338,id05055
14962629,14962998,369,id05055
14962998,14963347,349,id05055
14963347,14963839,492,id05055
14963839,14964249,410,id05055
14964249,14964572,323,id05055
14964572,14964982,410,id05055
14964982,14965515,533,id05055
14965515,14966335,820,id05055
14966335,14966663,328,id05055
14966663,14967078,415,id05055
14967078,14967406,328,id05055
14967406,14967739,333,id05055
14967739,14968308,569,id05055
14968308,14968744,436,id05055
14968744,14969190,446,id05055
14969190,14969646,456,id05055
14969646,14970302,656,id05055
14970302,14970963,661,id05055
14970963,14971419,456,id05055
14971419,14971737,318,id05055
14971737,14972116,379,id05055
14972116,14972716,600,id05055
14972716,14973060,344,id05055
14973060,14973409,349,id05055
14973409,14973901,492,id05055
14973901,14974490,589,id05055
14974490,14974828,338,id05055
14974828,14975617,789,id05055
14975617,14976022,405,id05055
14976022,14976463,441,id05055
14976463,14976904,441,id05055
14976904,14977258,354,id05055
14977258,14977637,379,id05055
14977637,14977981,344,id05055
14977981,14978447,466,id05055
14978447,14979287,840,id05055
14979287,14979605,318,id05055
14979605,14980199,594,id05055
14980199,14980563,364,id05055
14980563,14981193,630,id05055
14981193,14981572,379,id05055
14981572,14982269,697,id05055
14982269,14983340,1071,id05055
14983340,14983678,338,id05055
14983678,14984390,712,id05055
14984390,14984785,395,id05055
14984785,14985769,984,id05055
14985769,14986266,497,id05055
14986266,14986758,492,id05055
14986758,14987414,656,id05055
14987414,14987978,564,id05055
14987978,14988900,922,id05055
14988900,14989218,318,id05055
14989218,14989690,472,id05055
14989690,14990223,533,id05055
14990223,14990556,333,id05055
14990556,14991043,487,id05055
14991043,14991509,466,id05055
14991509,14991950,441,id05055
14991950,14992350,400,id05055
14992350,14992740,390,id05055
14992740,14993094,354,id05055
14993094,14993438,344,id05055
14993438,14993766,328,id05055
14993766,14994186,420,id05055
14994186,14994678,492,id05055
14994678,14995231,553,id05055
14995231,14995626,395,id05055
14995626,14996108,482,id05055
14996108,14996585,477,id05055
14996585,14996934,349,id05055
14996934,14997298,364,id05055
14997298,14997672,374,id05055
14997672,14998077,405,id05055
14998077,14998395,318,id05055
14998395,14999184,789,id05055
14999184,15001084,1900,id05055
15001084,15002037,953,id05055
15002037,15002365,328,id05055
15002365,15002729,364,id05055
15002729,15003221,492,id05055
15003221,15004066,845,id05055
15004066,15004445,379,id05055
15004445,15005045,600,id05055
15005045,15005788,743,id05055
15005788,15006132,344,id05055
15006132,15006573,441,id05055
15006573,15007623,1050,id05055
15007623,15008023,400,id05055
15008023,15008658,635,id05055
15008658,15009391,733,id05055
15009391,15010032,641,id05055
15010032,15010662,630,id05055
15010662,15011349,687,id05055
15011349,15011739,390,id05055
15011739,15012380,641,id05055
15012380,15012846,466,id05055
15012846,15013369,523,id05055
15013369,15013738,369,id05055
15013738,15014358,620,id05055
15014358,15015326,968,id05055
15015326,15015992,666,id05055
15015992,15016489,497,id05055
15016489,15016868,379,id05055
15016868,15017309,441,id05055
15017309,15017970,661,id05055
15017970,15019005,1035,id05055
15019005,15019379,374,id05055
15019379,15020542,1163,id05055
15020542,15020860,318,id05055
15020860,15021582,722,id05055
15021582,15022653,1071,id05055
15022653,15023022,369,id05055
15023022,15023360,338,id05055
15023360,15023693,333,id05055
15023693,15024088,395,id05055
15024088,15024406,318,id05055
15024406,15024724,318,id05055
15024724,15025160,436,id05055
15025160,15025550,390,id05055
15025550,15026068,518,id05055
15026068,15026417,349,id05055
15026417,15027093,676,id05055
15027093,15027529,436,id05055
15027529,15028011,482,id05055
15028011,15028375,364,id05055
15028375,15028713,338,id05055
15028713,15029149,436,id05055
15029149,15029646,497,id05055
15029646,15030246,600,id05055
15030246,15030892,646,id05055
15030892,15031389,497,id05055
15031389,15031861,472,id05055
15031861,15032256,395,id05055
15032256,15033055,799,id05055
15033055,15033573,518,id05055
15033573,15033891,318,id05055
15033891,15034270,379,id05055
15034270,15034752,482,id05055
15034752,15035167,415,id05055
15035167,15035976,809,id05055
15035976,15037472,1496,id05055
15037472,15040411,2939,id05055
15040411,15041523,1112,id05055
15041523,15044483,2960,id05055
15044483,15044827,344,id05055
15044827,15045252,425,id05055
15045252,15045570,318,id05055
15045570,15046205,635,id05055
15046205,15046625,420,id05055
15046625,15046958,333,id05055
15046958,15047481,523,id05055
15047481,15047973,492,id05055
15047973,15048486,513,id05055
15048486,15048824,338,id05055
15048824,15049470,646,id05055
15049470,15050131,661,id05055
15050131,15050613,482,id05055
15050613,15051079,466,id05055
15051079,15052242,1163,id05055
15052242,15053016,774,id05055
15053016,15053662,646,id05055
15053662,15054057,395,id05055
15054057,15054989,932,id05055
15054989,15055604,615,id05055
15055604,15055927,323,id05055
15055927,15057208,1281,id05055
15057208,15057623,415,id05055
15057623,15058304,681,id05055
15058304,15059057,753,id05055
15059057,15060460,1403,id05055
15060460,15060978,518,id05055
15060978,15061429,451,id05055
15061429,15061808,379,id05055
15061808,15062233,425,id05055
15062233,15063396,1163,id05055
15063396,15063862,466,id05055
15063862,15064303,441,id05055
15064303,15064621,318,id05055
15064621,15064959,338,id05055
15064959,15065523,564,id05055
15065523,15066245,722,id05055
15066245,15066635,390,id05055
15066635,15067168,533,id05055
15067168,15068162,994,id05055
15068162,15068756,594,id05055
15068756,15069525,769,id05055
15069525,15070555,1030,id05055
15070555,15070965,410,id05055
15070965,15071667,702,id05055
15071667,15072046,379,id05055
15072046,15072518,472,id05055
15072518,15073205,687,id05055
15073205,15074081,876,id05055
15074081,15074404,323,id05055
15074404,15074763,359,id05055
15074763,15075173,410,id05055
15075173,15075614,441,id05055
15075614,15076162,548,id05055
15076162,15076511,349,id05055
15076511,15077172,661,id05055
15077172,15077720,548,id05055
15077720,15078371,651,id05055
15078371,15078981,610,id05055
15078981,15079360,379,id05055
15079360,15080082,722,id05055
15080082,15080420,338,id05055
15080420,15080794,374,id05055
15080794,15081132,338,id05055
15081132,15081491,359,id05055
15081491,15082572,1081,id05055
15082572,15082987,415,id05055
15082987,15083832,845,id05055
15083832,15084421,589,id05055
15084421,15084790,369,id05055
15084790,15085205,415,id05055
15085205,15085769,564,id05055
15085769,15086338,569,id05055
15086338,15086927,589,id05055
15086927,15087629,702,id05055
15087629,15088095,466,id05055
15088095,15088797,702,id05055
15088797,15089141,344,id05055
15089141,15089597,456,id05055
15089597,15089925,328,id05055
15089925,15090345,420,id05055
15090345,15090924,579,id05055
15090924,15091918,994,id05055
15091918,15092297,379,id05055
15092297,15092630,333,id05055
15092630,15093404,774,id05055
15093404,15093845,441,id05055
15093845,15094209,364,id05055
15094209,15094578,369,id05055
15094578,15095316,738,id05055
15095316,15095644,328,id05055
15095644,15096162,518,id05055
15096162,15096797,635,id05055
15096797,15097141,344,id05055
15097141,15097531,390,id05055
15097531,15097977,446,id05055
15097977,15098751,774,id05055
15098751,15099197,446,id05055
15099197,15099525,328,id05055
15099525,15100099,574,id05055
15100099,15100837,738,id05055
15100837,15101365,528,id05055
15101365,15101734,369,id05055
15101734,15102124,390,id05055
15102124,15102483,359,id05055
15102483,15102980,497,id05055
15102980,15103784,804,id05055
15103784,15104291,507,id05055
15104291,15104814,523,id05055
15104814,15105429,615,id05055
15105429,15105814,385,id05124
15105814,15106731,917,id05124
15106731,15107459,728,id05124
15107459,15107803,344,id05124
15107803,15108275,472,id05124
15108275,15108731,456,id05124
15108731,15109438,707,id05124
15109438,15109904,466,id05124
15109904,15110422,518,id05124
15110422,15110812,390,id05124
15110812,15111202,390,id05124
15111202,15111827,625,id05124
15111827,15112391,564,id05124
15112391,15113026,635,id05124
15113026,15113595,569,id05124
15113595,15113949,354,id05124
15113949,15114323,374,id05124
15114323,15114754,431,id05124
15114754,15116301,1547,id05124
15116301,15116819,518,id05124
15116819,15117204,385,id05124
15117204,15117778,574,id05124
15117778,15118173,395,id05124
15118173,15118496,323,id05124
15118496,15118875,379,id05124
15118875,15119393,518,id05124
15119393,15119818,425,id05124
15119818,15120259,441,id05124
15120259,15120731,472,id05124
15120731,15122022,1291,id05124
15122022,15122545,523,id05124
15122545,15123063,518,id05124
15123063,15123396,333,id05124
15123396,15123837,441,id05124
15123837,15124232,395,id05124
15124232,15124627,395,id05124
15124627,15124960,333,id05124
15124960,15125314,354,id05124
15125314,15125806,492,id05124
15125806,15126175,369,id05124
15126175,15126949,774,id05124
15126949,15127415,466,id05124
15127415,15128429,1014,id05124
15128429,15129023,594,id05124
15129023,15129827,804,id05124
15129827,15130764,937,id05124
15130764,15131768,1004,id05124
15131768,15132137,369,id05124
15132137,15132588,451,id05124
15132588,15134852,2264,id05124
15134852,15135247,395,id05124
15135247,15135770,523,id05124
15135770,15136114,344,id05124
15136114,15136468,354,id05124
15136468,15136934,466,id05124
15136934,15137534,600,id05124
15137534,15138599,1065,id05124
15138599,15140356,1757,id05124
15140356,15142732,2376,id05124
15142732,15143070,338,id05124
15143070,15143772,702,id05124
15143772,15144116,344,id05124
15144116,15144434,318,id05124
15144434,15145279,845,id05124
15145279,15145725,446,id05124
15145725,15146197,472,id05124
15146197,15147472,1275,id05124
15147472,15148256,784,id05124
15148256,15148866,610,id05124
15148866,15149486,620,id05124
15149486,15149804,318,id05124
15149804,15150680,876,id05124
15150680,15151213,533,id05124
15151213,15152258,1045,id05124
15152258,15152612,354,id05124
15152612,15153186,574,id05124
15153186,15153540,354,id05124
15153540,15154672,1132,id05124
15154672,15155000,328,id05124
15155000,15155374,374,id05124
15155374,15156496,1122,id05124
15156496,15156891,395,id05124
15156891,15157409,518,id05124
15157409,15157993,584,id05124
15157993,15158316,323,id05124
15158316,15158926,610,id05124
15158926,15159730,804,id05124
15159730,15160478,748,id05124
15160478,15161718,1240,id05124
15161718,15162164,446,id05124
15162164,15163030,866,id05124
15163030,15163374,344,id05124
15163374,15163789,415,id05124
15163789,15164783,994,id05124
15164783,15165173,390,id05124
15165173,15165563,390,id05124
15165563,15166188,625,id05124
15166188,15166537,349,id05124
15166537,15166952,415,id05124
15166952,15167449,497,id05124
15167449,15167839,390,id05124
15167839,15168167,328,id05124
15168167,15168541,374,id05124
15168541,15169458,917,id05124
15169458,15170355,897,id05124
15170355,15171118,763,id05124
15171118,15172076,958,id05124
15172076,15172501,425,id05124
15172501,15172998,497,id05124
15172998,15173326,328,id05124
15173326,15173808,482,id05124
15173808,15174274,466,id05124
15174274,15174935,661,id05124
15174935,15175289,354,id05124
15175289,15175720,431,id05124
15175720,15176058,338,id05124
15176058,15176955,897,id05124
15176955,15177898,943,id05124
15177898,15178277,379,id05124
15178277,15178964,687,id05124
15178964,15179333,369,id05124
15179333,15180711,1378,id05124
15180711,15181577,866,id05124
15181577,15182074,497,id05124
15182074,15182407,333,id05124
15182407,15182725,318,id05124
15182725,15183319,594,id05124
15183319,15183832,513,id05124
15183832,15184155,323,id05124
15184155,15184550,395,id05124
15184550,15184904,354,id05124
15184904,15185391,487,id05124
15185391,15185786,395,id05124
15185786,15186176,390,id05124
15186176,15186924,748,id05124
15186924,15187385,461,id05124
15187385,15188317,932,id05124
15188317,15189183,866,id05124
15189183,15189588,405,id05124
15189588,15190264,676,id05124
15190264,15190807,543,id05124
15190807,15191161,354,id05124
15191161,15192595,1434,id05124
15192595,15192990,395,id05124
15192990,15193313,323,id05124
15193313,15193662,349,id05124
15193662,15194236,574,id05124
15194236,15194554,318,id05124
15194554,15194995,441,id05124
15194995,15195446,451,id05124
15195446,15195928,482,id05124
15195928,15196246,318,id05124
15196246,15196569,323,id05124
15196569,15196913,344,id05124
15196913,15197236,323,id05124
15197236,15197692,456,id05124
15197692,15198061,369,id05124
15198061,15198476,415,id05124
15198476,15198958,482,id05124
15198958,15199286,328,id05124
15199286,15199696,410,id05124
15199696,15200121,425,id05124
15200121,15200444,323,id05124
15200444,15201038,594,id05124
15201038,15201591,553,id05124
15201591,15201981,390,id05124
15201981,15202437,456,id05124
15202437,15202996,559,id05124
15202996,15203365,369,id05124
15203365,15204093,728,id05124
15204093,15205461,1368,id05124
15205461,15205979,518,id05124
15205979,15206655,676,id05124
15206655,15207080,425,id05124
15207080,15208120,1040,id05124
15208120,15208653,533,id05124
15208653,15209155,502,id05124
15209155,15209519,364,id05124
15209519,15210247,728,id05124
15210247,15211333,1086,id05124
15211333,15212286,953,id05124
15212286,15212701,415,id05124
15212701,15213173,472,id05124
15213173,15213814,641,id05124
15213814,15214311,497,id05124
15214311,15214655,344,id05124
15214655,15215137,482,id05124
15215137,15215609,472,id05124
15215609,15216009,400,id05124
15216009,15216429,420,id05124
15216429,15216885,456,id05124
15216885,15217444,559,id05124
15217444,15217900,456,id05124
15217900,15218433,533,id05124
15218433,15218828,395,id05124
15218828,15219151,323,id05124
15219151,15220042,891,id05124
15220042,15220754,712,id05124
15220754,15221174,420,id05124
15221174,15221789,615,id05124
15221789,15222194,405,id05124
15222194,15222538,344,id05124
15222538,15223107,569,id05124
15223107,15223548,441,id05124
15223548,15224864,1316,id05124
15224864,15225274,410,id05124
15225274,15226242,968,id05124
15226242,15226790,548,id05124
15226790,15227390,600,id05124
15227390,15228046,656,id05124
15228046,15229455,1409,id05124
15229455,15229799,344,id05124
15229799,15231085,1286,id05124
15231085,15231787,702,id05124
15231787,15232576,789,id05124
15232576,15233979,1403,id05124
15233979,15234343,364,id05124
15234343,15234871,528,id05124
15234871,15235624,753,id05124
15235624,15236116,492,id05124
15236116,15236562,446,id05124
15236562,15238324,1762,id05124
15238324,15238657,333,id05124
15238657,15239016,359,id05124
15239016,15239682,666,id05124
15239682,15240148,466,id05124
15240148,15240466,318,id05124
15240466,15240943,477,id05124
15240943,15241266,323,id05124
15241266,15242429,1163,id05124
15242429,15242860,431,id05124
15242860,15243485,625,id05124
15243485,15243921,436,id05124
15243921,15244326,405,id05124
15244326,15244685,359,id05124
15244685,15245075,390,id05124
15245075,15245506,431,id05124
15245506,15246413,907,id05124
15246413,15246905,492,id05124
15246905,15247295,390,id05124
15247295,15247685,390,id05124
15247685,15248228,543,id05124
15248228,15248935,707,id05124
15248935,15249504,569,id05124
15249504,15250155,651,id05124
15250155,15250493,338,id05124
15250493,15251707,1214,id05124
15251707,15252086,379,id05124
15252086,15252450,364,id05124
15252450,15252768,318,id05124
15252768,15253101,333,id05124
15253101,15253542,441,id05124
15253542,15253865,323,id05124
15253865,15254198,333,id05124
15254198,15254680,482,id05124
15254680,15255049,369,id05124
15255049,15255777,728,id05124
15255777,15256172,395,id05124
15256172,15256577,405,id05124
15256577,15256972,395,id05124
15256972,15257930,958,id05124
15257930,15258647,717,id05124
15258647,15259052,405,id05124
15259052,15260737,1685,id05124
15260737,15261772,1035,id05124
15261772,15263631,1859,id05124
15263631,15263995,364,id05124
15263995,15264907,912,id05124
15264907,15265245,338,id05124
15265245,15266684,1439,id05124
15266684,15267181,497,id05124
15267181,15267601,420,id05124
15267601,15268129,528,id05124
15268129,15268585,456,id05124
15268585,15269108,523,id05124
15269108,15271699,2591,id05124
15271699,15272314,615,id05124
15272314,15272796,482,id05124
15272796,15273165,369,id05124
15273165,15273509,344,id05124
15273509,15273827,318,id05124
15273827,15274155,328,id05124
15274155,15274657,502,id05124
15274657,15275006,349,id05124
15275006,15275631,625,id05124
15275631,15276067,436,id05124
15276067,15276487,420,id05124
15276487,15277419,932,id05124
15277419,15277757,338,id05124
15277757,15278341,584,id05124
15278341,15278864,523,id05124
15278864,15279484,620,id05124
15279484,15279822,338,id05124
15279822,15280432,610,id05124
15280432,15280796,364,id05124
15280796,15281150,354,id05124
15281150,15281949,799,id05124
15281949,15282328,379,id05124
15282328,15282759,431,id05124
15282759,15283092,333,id05124
15283092,15283855,763,id05124
15283855,15284183,328,id05124
15284183,15284982,799,id05124
15284982,15285326,344,id05124
15285326,15286125,799,id05124
15286125,15286504,379,id05124
15286504,15286878,374,id05124
15286878,15288496,1618,id05124
15288496,15288855,359,id05124
15288855,15289439,584,id05124
15289439,15289864,425,id05124
15289864,15290330,466,id05124
15290330,15290766,436,id05124
15290766,15291284,518,id05124
15291284,15292288,1004,id05124
15292288,15292836,548,id05124
15292836,15293246,410,id05124
15293246,15293564,318,id05124
15293564,15293908,344,id05124
15293908,15294226,318,id05124
15294226,15294754,528,id05124
15294754,15295118,364,id05124
15295118,15295513,395,id05124
15295513,15296189,676,id05124
15296189,15296686,497,id05124
15296686,15297014,328,id05124
15297014,15297491,477,id05124
15297491,15298101,610,id05124
15298101,15298614,513,id05124
15298614,15299060,446,id05124
15299060,15299388,328,id05124
15299388,15299829,441,id05124
15299829,15300173,344,id05124
15300173,15300619,446,id05124
15300619,15301116,497,id05124
15301116,15301685,569,id05124
15301685,15302105,420,id05124
15302105,15303022,917,id05124
15303022,15303842,820,id05124
15303842,15304718,876,id05124
15304718,15305487,769,id05124
15305487,15305902,415,id05124
15305902,15306292,390,id05124
15306292,15306886,594,id05124
15306886,15307378,492,id05124
15307378,15308592,1214,id05124
15308592,15309340,748,id05124
15309340,15309735,395,id05124
15309735,15310160,425,id05124
15310160,15310688,528,id05124
15310688,15311037,349,id05124
15311037,15311529,492,id05124
15311529,15311878,349,id05124
15311878,15312283,405,id05124
15312283,15312637,354,id05124
15312637,15313027,390,id05124
15313027,15313534,507,id05124
15313534,15314251,717,id05124
15314251,15314595,344,id05124
15314595,15315374,779,id05124
15315374,15315748,374,id05124
15315748,15316609,861,id05124
15316609,15317040,431,id05124
15317040,15317481,441,id05124
15317481,15318050,569,id05124
15318050,15318757,707,id05124
15318757,15319239,482,id05124
15319239,15319583,344,id05124
15319583,15319942,359,id05124
15319942,15320414,472,id05124
15320414,15320845,431,id05124
15320845,15321276,431,id05124
15321276,15321814,538,id05124
15321814,15322219,405,id05124
15322219,15322598,379,id05124
15322598,15322988,390,id05124
15322988,15323362,374,id05124
15323362,15323752,390,id05124
15323752,15324275,523,id05124
15324275,15324685,410,id05124
15324685,15325054,369,id05124
15325054,15325423,369,id05124
15325423,15326048,625,id05124
15326048,15326627,579,id05124
15326627,15326965,338,id05124
15326965,15327595,630,id05124
15327595,15327995,400,id05124
15327995,15328364,369,id05124
15328364,15329153,789,id05124
15329153,15330060,907,id05124
15330060,15331151,1091,id05124
15331151,15331484,333,id05124
15331484,15332068,584,id05124
15332068,15332514,446,id05124
15332514,15333395,881,id05124
15333395,15334056,661,id05124
15334056,15334686,630,id05124
15334686,15336284,1598,id05124
15336284,15337191,907,id05124
15337191,15337734,543,id05124
15337734,15338298,564,id05124
15338298,15339097,799,id05124
15339097,15339487,390,id05124
15339487,15339851,364,id05124
15339851,15340435,584,id05124
15340435,15340917,482,id05124
15340917,15341598,681,id05124
15341598,15342192,594,id05124
15342192,15342756,564,id05124
15342756,15343755,999,id05124
15343755,15344759,1004,id05124
15344759,15345277,518,id05124
15345277,15346537,1260,id05124
15346537,15347823,1286,id05124
15347823,15348622,799,id05124
15348622,15349375,753,id05124
15349375,15349893,518,id05124
15349893,15350237,344,id05124
15350237,15351267,1030,id05124
15351267,15351652,385,id05124
15351652,15352047,395,id05124
15352047,15353159,1112,id05124
15353159,15353564,405,id05124
15353564,15354271,707,id05124
15354271,15355255,984,id05124
15355255,15355588,333,id05124
15355588,15355998,410,id05124
15355998,15356413,415,id05124
15356413,15357898,1485,id05124
15357898,15358544,646,id05124
15358544,15358888,344,id05124
15358888,15359472,584,id05124
15359472,15359805,333,id05124
15359805,15360174,369,id05124
15360174,15360594,420,id05124
15360594,15361147,553,id05124
15361147,15361854,707,id05124
15361854,15362781,927,id05124
15362781,15363457,676,id05124
15363457,15363785,328,id05124
15363785,15364226,441,id05124
15364226,15364646,420,id05124
15364646,15364964,318,id05124
15364964,15365861,897,id05124
15365861,15366292,431,id05124
15366292,15366712,420,id05124
15366712,15367132,420,id05124
15367132,15367721,589,id05124
15367721,15368116,395,id05124
15368116,15368588,472,id05124
15368588,15369044,456,id05124
15369044,15369382,338,id05124
15369382,15369746,364,id05124
15369746,15370156,410,id05124
15370156,15370484,328,id05124
15370484,15370848,364,id05124
15370848,15371422,574,id05124
15371422,15371873,451,id05124
15371873,15372473,600,id05124
15372473,15372852,379,id05124
15372852,15373508,656,id05124
15373508,15374108,600,id05124
15374108,15374482,374,id05124
15374482,15374820,338,id05124
15374820,15375281,461,id05124
15375281,15375727,446,id05124
15375727,15376168,441,id05124
15376168,15376855,687,id05124
15376855,15377296,441,id05124
15377296,15377624,328,id05124
15377624,15378147,523,id05124
15378147,15378721,574,id05124
15378721,15379285,564,id05124
15379285,15379654,369,id05124
15379654,15380172,518,id05124
15380172,15380859,687,id05124
15380859,15381346,487,id05124
15381346,15381777,431,id05124
15381777,15382474,697,id05124
15382474,15382966,492,id05124
15382966,15383412,446,id05124
15383412,15383766,354,id05124
15383766,15384156,390,id05124
15384156,15384530,374,id05124
15384530,15384945,415,id05124
15384945,15385386,441,id05124
15385386,15385980,594,id05124
15385980,15386385,405,id05124
15386385,15387435,1050,id05124
15387435,15388147,712,id05124
15388147,15388511,364,id05124
15388511,15389182,671,id05124
15389182,15390242,1060,id05124
15390242,15390760,518,id05124
15390760,15391191,431,id05124
15391191,15391826,635,id05124
15391826,15392154,328,id05124
15392154,15392856,702,id05124
15392856,15393287,431,id05124
15393287,15393810,523,id05124
15393810,15394276,466,id05176
15394276,15394655,379,id05176
15394655,15395086,431,id05176
15395086,15395481,395,id05176
15395481,15395814,333,id05176
15395814,15396214,400,id05176
15396214,15396552,338,id05176
15396552,15396906,354,id05176
15396906,15397813,907,id05176
15397813,15398341,528,id05176
15398341,15398695,354,id05176
15398695,15399090,395,id05176
15399090,15399894,804,id05176
15399894,15400391,497,id05176
15400391,15400791,400,id05176
15400791,15401508,717,id05176
15401508,15402236,728,id05176
15402236,15402800,564,id05176
15402800,15403323,523,id05176
15403323,15403651,328,id05176
15403651,15404363,712,id05176
15404363,15404881,518,id05176
15404881,15405204,323,id05176
15405204,15405773,569,id05176
15405773,15406193,420,id05176
15406193,15406762,569,id05176
15406762,15407234,472,id05176
15407234,15407634,400,id05176
15407634,15407998,364,id05176
15407998,15408644,646,id05176
15408644,15409034,390,id05176
15409034,15409352,318,id05176
15409352,15409737,385,id05176
15409737,15410224,487,id05176
15410224,15410660,436,id05176
15410660,15411562,902,id05176
15411562,15412151,589,id05176
15412151,15412510,359,id05176
15412510,15412889,379,id05176
15412889,15413212,323,id05176
15413212,15413591,379,id05176
15413591,15413909,318,id05176
15413909,15415886,1977,id05176
15415886,15416562,676,id05176
15416562,15418616,2054,id05176
15418616,15418954,338,id05176
15418954,15419298,344,id05176
15419298,15419642,344,id05176
15419642,15420221,579,id05176
15420221,15420769,548,id05176
15420769,15421819,1050,id05176
15421819,15422173,354,id05176
15422173,15422691,518,id05176
15422691,15423367,676,id05176
15423367,15424192,825,id05176
15424192,15424735,543,id05176
15424735,15425109,374,id05176
15425109,15425908,799,id05176
15425908,15426390,482,id05176
15426390,15426908,518,id05176
15426908,15427385,477,id05176
15427385,15427877,492,id05176
15427877,15428246,369,id05176
15428246,15428738,492,id05176
15428738,15429373,635,id05176
15429373,15429711,338,id05176
15429711,15430224,513,id05176
15430224,15430593,369,id05176
15430593,15430962,369,id05176
15430962,15431306,344,id05176
15431306,15431655,349,id05176
15431655,15432060,405,id05176
15432060,15432439,379,id05176
15432439,15432859,420,id05176
15432859,15433520,661,id05176
15433520,15434171,651,id05176
15434171,15434929,758,id05176
15434929,15435247,318,id05176
15435247,15435703,456,id05176
15435703,15436026,323,id05176
15436026,15436569,543,id05176
15436569,15437015,446,id05176
15437015,15437507,492,id05176
15437507,15438388,881,id05176
15438388,15438721,333,id05176
15438721,15439833,1112,id05176
15439833,15440586,753,id05176
15440586,15441237,651,id05176
15441237,15441616,379,id05176
15441616,15442041,425,id05176
15442041,15442763,722,id05176
15442763,15443388,625,id05176
15443388,15443742,354,id05176
15443742,15444439,697,id05176
15444439,15444885,446,id05176
15444885,15445715,830,id05176
15445715,15446074,359,id05176
15446074,15446976,902,id05176
15446976,15447417,441,id05176
15447417,15447735,318,id05176
15447735,15448196,461,id05176
15448196,15448601,405,id05176
15448601,15449359,758,id05176
15449359,15449994,635,id05176
15449994,15450368,374,id05176
15450368,15450747,379,id05176
15450747,15451239,492,id05176
15451239,15452002,763,id05202
15452002,15452402,400,id05202
15452402,15453549,1147,id05202
15453549,15454169,620,id05202
15454169,15454513,344,id05202
15454513,15455000,487,id05202
15455000,15455548,548,id05202
15455548,15455979,431,id05202
15455979,15456538,559,id05202
15456538,15457312,774,id05202
15457312,15457778,466,id05202
15457778,15458116,338,id05202
15458116,15458541,425,id05202
15458541,15459007,466,id05202
15459007,15459581,574,id05202
15459581,15459899,318,id05202
15459899,15460237,338,id05202
15460237,15460734,497,id05202
15460734,15461523,789,id05202
15461523,15461989,466,id05202
15461989,15462368,379,id05202
15462368,15462793,425,id05202
15462793,15463162,369,id05202
15463162,15463741,579,id05202
15463741,15464238,497,id05202
15464238,15464556,318,id05202
15464556,15465181,625,id05202
15465181,15465530,349,id05202
15465530,15465986,456,id05202
15465986,15466324,338,id05202
15466324,15466908,584,id05202
15466908,15467354,446,id05202
15467354,15468087,733,id05202
15468087,15468564,477,id05202
15468564,15469036,472,id05202
15469036,15469451,415,id05202
15469451,15469795,344,id05202
15469795,15470318,523,id05202
15470318,15470687,369,id05202
15470687,15471123,436,id05202
15471123,15471513,390,id05202
15471513,15472066,553,id05202
15472066,15472481,415,id05202
15472481,15473270,789,id05202
15473270,15473972,702,id05202
15473972,15474428,456,id05202
15474428,15474818,390,id05202
15474818,15475146,328,id05202
15475146,15475525,379,id05202
15475525,15475843,318,id05202
15475843,15476166,323,id05202
15476166,15476510,344,id05202
15476510,15476864,354,id05202
15476864,15477433,569,id05202
15477433,15478017,584,id05202
15478017,15478412,395,id05202
15478412,15478827,415,id05202
15478827,15479401,574,id05202
15479401,15479750,349,id05202
15479750,15480140,390,id05202
15480140,15480535,395,id05202
15480535,15481283,748,id05202
15481283,15481621,338,id05202
15481621,15482113,492,id05202
15482113,15482436,323,id05202
15482436,15482949,513,id05202
15482949,15483369,420,id05202
15483369,15483846,477,id05202
15483846,15484225,379,id05202
15484225,15485014,789,id05202
15485014,15485736,722,id05202
15485736,15486208,472,id05202
15486208,15486552,344,id05202
15486552,15487049,497,id05202
15487049,15487490,441,id05202
15487490,15487808,318,id05202
15487808,15488146,338,id05202
15488146,15488484,338,id05202
15488484,15488802,318,id05202
15488802,15489140,338,id05202
15489140,15489540,400,id05202
15489540,15489873,333,id05202
15489873,15490201,328,id05202
15490201,15490698,497,id05202
15490698,15491042,344,id05202
15491042,15491406,364,id05202
15491406,15491744,338,id05202
15491744,15492144,400,id05202
15492144,15492523,379,id05202
15492523,15492928,405,id05202
15492928,15493400,472,id05202
15493400,15493887,487,id05202
15493887,15494497,610,id05202
15494497,15494953,456,id05202
15494953,15495317,364,id05202
15495317,15495650,333,id05202
15495650,15496301,651,id05202
15496301,15496977,676,id05202
15496977,15497392,415,id05202
15497392,15497802,410,id05202
15497802,15498233,431,id05202
15498233,15499089,856,id05202
15499089,15499540,451,id05202
15499540,15499899,359,id05202
15499899,15500227,328,id05202
15500227,15500663,436,id05202
15500663,15501288,625,id05202
15501288,15501754,466,id05202
15501754,15502686,932,id05202
15502686,15503792,1106,id05202
15503792,15504489,697,id05202
15504489,15505124,635,id05202
15505124,15505503,379,id05202
15505503,15505882,379,id05202
15505882,15506563,681,id05202
15506563,15507168,605,id05202
15507168,15507624,456,id05202
15507624,15508224,600,id05202
15508224,15508619,395,id05202
15508619,15509101,482,id05202
15509101,15509480,379,id05202
15509480,15509926,446,id05202
15509926,15510546,620,id05202
15510546,15511176,630,id05202
15511176,15511719,543,id05202
15511719,15512242,523,id05202
15512242,15512611,369,id05202
15512611,15513144,533,id05202
15513144,15513728,584,id05202
15513728,15514266,538,id05202
15514266,15514840,574,id05202
15514840,15515225,385,id05202
15515225,15515543,318,id05202
15515543,15516102,559,id05202
15516102,15516702,600,id05202
15516702,15517225,523,id05202
15517225,15517686,461,id05202
15517686,15518117,431,id05202
15518117,15518665,548,id05202
15518665,15519510,845,id05202
15519510,15519930,420,id05202
15519930,15520565,635,id05202
15520565,15520883,318,id05202
15520883,15521211,328,id05202
15521211,15521642,431,id05202
15521642,15522103,461,id05202
15522103,15522687,584,id05202
15522687,15523409,722,id05202
15523409,15523896,487,id05202
15523896,15524424,528,id05202
15524424,15524926,502,id05202
15524926,15525264,338,id05202
15525264,15527123,1859,id05202
15527123,15527492,369,id05202
15527492,15528086,594,id05202
15528086,15528604,518,id05202
15528604,15528948,344,id05202
15528948,15529430,482,id05202
15529430,15530060,630,id05202
15530060,15530578,518,id05202
15530578,15530968,390,id05202
15530968,15531322,354,id05202
15531322,15531727,405,id05202
15531727,15532081,354,id05202
15532081,15532773,692,id05202
15532773,15533219,446,id05202
15533219,15533839,620,id05202
15533839,15535483,1644,id05202
15535483,15535919,436,id05202
15535919,15536621,702,id05202
15536621,15537144,523,id05202
15537144,15537482,338,id05202
15537482,15537820,338,id05202
15537820,15538394,574,id05202
15538394,15539244,850,id05202
15539244,15539956,712,id05202
15539956,15540453,497,id05202
15540453,15540986,533,id05202
15540986,15541304,318,id05202
15541304,15541632,328,id05202
15541632,15542022,390,id05202
15542022,15542663,641,id05202
15542663,15543078,415,id05202
15543078,15543416,338,id05202
15543416,15544400,984,id05202
15544400,15544825,425,id05202
15544825,15545169,344,id05202
15545169,15545615,446,id05459
15545615,15546128,513,id05459
15546128,15547419,1291,id05459
15547419,15547880,461,id05459
15547880,15548823,943,id05459
15548823,15549832,1009,id05459
15549832,15550150,318,id05459
15550150,15551108,958,id05459
15551108,15552153,1045,id05459
15552153,15552512,359,id05459
15552512,15553060,548,id05459
15553060,15553532,472,id05459
15553532,15553901,369,id05459
15553901,15554859,958,id05459
15554859,15556083,1224,id05459
15556083,15557102,1019,id05459
15557102,15558157,1055,id05459
15558157,15559110,953,id05459
15559110,15559879,769,id05459
15559879,15560596,717,id05459
15560596,15560955,359,id05459
15560955,15561299,344,id05459
15561299,15561755,456,id05459
15561755,15562083,328,id05459
15562083,15562468,385,id05459
15562468,15562801,333,id05459
15562801,15563308,507,id05459
15563308,15563657,349,id05459
15563657,15564072,415,id05459
15564072,15564513,441,id05459
15564513,15565415,902,id05459
15565415,15565881,466,id05459
15565881,15566296,415,id05459
15566296,15566768,472,id05459
15566768,15567132,364,id05459
15567132,15567496,364,id05459
15567496,15568162,666,id05459
15568162,15568506,344,id05459
15568506,15568962,456,id05459
15568962,15570222,1260,id05459
15570222,15570653,431,id05459
15570653,15570986,333,id05459
15570986,15572046,1060,id05459
15572046,15572369,323,id05459
15572369,15573168,799,id05459
15573168,15574459,1291,id05459
15574459,15575873,1414,id05459
15575873,15577118,1245,id05459
15577118,15578255,1137,id05459
15578255,15580565,2310,id05459
15580565,15582890,2325,id05459
15582890,15583787,897,id05459
15583787,15584801,1014,id05459
15584801,15585564,763,id05459
15585564,15586425,861,id05459
15586425,15586758,333,id05459
15586758,15587399,641,id05459
15587399,15587845,446,id05459
15587845,15588342,497,id05459
15588342,15588855,513,id05459
15588855,15589321,466,id05459
15589321,15589695,374,id05459
15589695,15590100,405,id05459
15590100,15590536,436,id05459
15590536,15590910,374,id05459
15590910,15591581,671,id05459
15591581,15592303,722,id05459
15592303,15593471,1168,id05459
15593471,15593815,344,id05459
15593815,15594338,523,id05459
15594338,15594738,400,id05459
15594738,15595752,1014,id05459
15595752,15596608,856,id05459
15596608,15597284,676,id05459
15597284,15598170,886,id05459
15598170,15599061,891,id05459
15599061,15599533,472,id05459
15599533,15599918,385,id05459
15599918,15600482,564,id05459
15600482,15600897,415,id05459
15600897,15601645,748,id05459
15601645,15602009,364,id05459
15602009,15602388,379,id05459
15602388,15603817,1429,id05459
15603817,15604632,815,id05459
15604632,15605180,548,id05459
15605180,15605918,738,id05459
15605918,15606262,344,id05459
15606262,15606862,600,id05459
15606862,15607533,671,id05459
15607533,15607851,318,id05459
15607851,15608630,779,id05459
15608630,15609081,451,id05459
15609081,15609573,492,id05459
15609573,15610331,758,id05459
15610331,15613004,2673,id05459
15613004,15613332,328,id05459
15613332,15614362,1030,id05459
15614362,15614905,543,id05459
15614905,15617138,2233,id05459
15617138,15617517,379,id05459
15617517,15618454,937,id05459
15618454,15620216,1762,id05459
15620216,15620662,446,id05459
15620662,15621103,441,id05459
15621103,15621585,482,id05459
15621585,15622256,671,id05459
15622256,15622753,497,id05459
15622753,15623737,984,id05459
15623737,15625099,1362,id05459
15625099,15625606,507,id05459
15625606,15626001,395,id05459
15626001,15626406,405,id05459
15626406,15628117,1711,id05459
15628117,15629930,1813,id05459
15629930,15630786,856,id05459
15630786,15632307,1521,id05459
15632307,15632983,676,id05459
15632983,15634248,1265,id05459
15634248,15634592,344,id05459
15634592,15635514,922,id05459
15635514,15636846,1332,id05459
15636846,15638536,1690,id05459
15638536,15639822,1286,id05459
15639822,15641978,2156,id05459
15641978,15644667,2689,id05459
15644667,15645021,354,id05459
15645021,15646225,1204,id05459
15646225,15646563,338,id05459
15646563,15646901,338,id05459
15646901,15647296,395,id05459
15647296,15647701,405,id05459
15647701,15648219,518,id05459
15648219,15648665,446,id05459
15648665,15650248,1583,id05459
15650248,15651078,830,id05459
15651078,15651775,697,id05459
15651775,15652400,625,id05459
15652400,15653174,774,id05459
15653174,15654414,1240,id05459
15654414,15654886,472,id05459
15654886,15655998,1112,id05459
15655998,15657903,1905,id05459
15657903,15658620,717,id05459
15658620,15659117,497,id05459
15659117,15660930,1813,id05459
15660930,15661606,676,id05459
15661606,15662994,1388,id05459
15662994,15663501,507,id05459
15663501,15663865,364,id05459
15663865,15665115,1250,id05459
15665115,15668085,2970,id05459
15668085,15671813,3728,id05459
15671813,15674302,2489,id05459
15674302,15674794,492,id05459
15674794,15675112,318,id05459
15675112,15675491,379,id05459
15675491,15677217,1726,id05459
15677217,15678057,840,id05459
15678057,15678769,712,id05459
15678769,15679317,548,id05459
15679317,15680096,779,id05459
15680096,15680557,461,id05459
15680557,15681182,625,id05459
15681182,15681623,441,id05459
15681623,15682130,507,id05459
15682130,15683221,1091,id05459
15683221,15683918,697,id05459
15683918,15685030,1112,id05459
15685030,15685553,523,id05459
15685553,15685922,369,id05459
15685922,15686322,400,id05459
15686322,15686640,318,id05459
15686640,15687030,390,id05459
15687030,15687594,564,id05459
15687594,15688537,943,id05459
15688537,15689101,564,id05459
15689101,15689470,369,id05459
15689470,15689860,390,id05459
15689860,15690454,594,id05459
15690454,15691105,651,id05459
15691105,15691853,748,id05459
15691853,15692601,748,id05459
15692601,15692919,318,id05459
15692919,15693278,359,id05459
15693278,15693601,323,id05459
15693601,15694047,446,id05459
15694047,15694478,431,id05459
15694478,15695016,538,id05459
15695016,15695498,482,id05459
15695498,15696691,1193,id05459
15696691,15697009,318,id05459
15697009,15697619,610,id05459
15697619,15698388,769,id05459
15698388,15698757,369,id05459
15698757,15700022,1265,id05459
15700022,15700734,712,id05459
15700734,15701206,472,id05459
15701206,15701749,543,id05459
15701749,15702733,984,id05459
15702733,15703522,789,id05459
15703522,15704751,1229,id05459
15704751,15705755,1004,id05459
15705755,15706831,1076,id05459
15706831,15708449,1618,id05459
15708449,15708936,487,id05459
15708936,15709300,364,id05459
15709300,15709644,344,id05459
15709644,15709982,338,id05459
15709982,15710305,323,id05459
15710305,15711437,1132,id05459
15711437,15711781,344,id05459
15711781,15712278,497,id05459
15712278,15712929,651,id05459
15712929,15713252,323,id05459
15713252,15713647,395,id05459
15713647,15714037,390,id05459
15714037,15714427,390,id05459
15714427,15714796,369,id05459
15714796,15715252,456,id05459
15715252,15715790,538,id05459
15715790,15717424,1634,id05459
15717424,15717839,415,id05459
15717839,15718259,420,id05459
15718259,15718582,323,id05459
15718582,15719064,482,id05459
15719064,15720416,1352,id05459
15720416,15720744,328,id05459
15720744,15721671,927,id05459
15721671,15722839,1168,id05459
15722839,15723526,687,id05459
15723526,15724069,543,id05459
15724069,15724433,364,id05459
15724433,15724802,369,id05459
15724802,15725320,518,id05459
15725320,15725792,472,id05459
15725792,15726187,395,id05459
15726187,15726899,712,id05459
15726899,15727519,620,id05459
15727519,15729066,1547,id05459
15729066,15729543,477,id05459
15729543,15730096,553,id05459
15730096,15730496,400,id05459
15730496,15731039,543,id05459
15731039,15731598,559,id05459
15731598,15732162,564,id05459
15732162,15732977,815,id05459
15732977,15733628,651,id05459
15733628,15735328,1700,id05459
15735328,15735718,390,id05459
15735718,15736487,769,id05459
15736487,15737184,697,id05459
15737184,15737507,323,id05459
15737507,15738690,1183,id05459
15738690,15739648,958,id05459
15739648,15740550,902,id05459
15740550,15741098,548,id05459
15741098,15741549,451,id05459
15741549,15742000,451,id05459
15742000,15742344,344,id05459
15742344,15743302,958,id05459
15743302,15744178,876,id05459
15744178,15744778,600,id05459
15744778,15746084,1306,id05459
15746084,15746586,502,id05459
15746586,15747959,1373,id05459
15747959,15748451,492,id05459
15748451,15750576,2125,id05459
15750576,15752630,2054,id05459
15752630,15753875,1245,id05459
15753875,15754910,1035,id05459
15754910,15755330,420,id05459
15755330,15756462,1132,id05459
15756462,15757113,651,id05459
15757113,15757462,349,id05459
15757462,15757867,405,id05459
15757867,15758303,436,id05459
15758303,15758990,687,id05459
15758990,15759784,794,id05459
15759784,15761044,1260,id05459
15761044,15762033,989,id05459
15762033,15762540,507,id05459
15762540,15763887,1347,id05459
15763887,15764302,415,id05459
15764302,15766013,1711,id05459
15766013,15767283,1270,id05459
15767283,15768098,815,id05459
15768098,15768513,415,id05459
15768513,15769061,548,id05459
15769061,15769620,559,id05459
15769620,15770455,835,id05459
15770455,15771101,646,id05459
15771101,15771772,671,id05459
15771772,15772500,728,id05459
15772500,15772941,441,id05459
15772941,15773894,953,id05459
15773894,15774575,681,id05459
15774575,15774944,369,id05459
15774944,15775503,559,id05459
15775503,15776026,523,id05459
15776026,15776815,789,id05459
15776815,15777225,410,id05459
15777225,15777702,477,id05459
15777702,15778225,523,id05459
15778225,15779352,1127,id05459
15779352,15779670,318,id05459
15779670,15780244,574,id05459
15780244,15780598,354,id05459
15780598,15780942,344,id05459
15780942,15782555,1613,id05459
15782555,15782940,385,id05459
15782940,15783309,369,id05459
15783309,15784682,1373,id05459
15784682,15785205,523,id05459
15785205,15786752,1547,id05459
15786752,15787244,492,id05459
15787244,15788069,825,id05459
15788069,15788919,850,id05459
15788919,15789309,390,id05459
15789309,15789862,553,id05459
15789862,15790216,354,id05459
15790216,15790647,431,id05459
15790647,15791165,518,id05459
15791165,15791519,354,id05459
15791519,15791878,359,id05459
15791878,15794244,2366,id05459
15794244,15794777,533,id05459
15794777,15795484,707,id05459
15795484,15796084,600,id05459
15796084,15796591,507,id05459
15796591,15797319,728,id05459
15797319,15797657,338,id05459
15797657,15798052,395,id05459
15798052,15798477,425,id05459
15798477,15799020,543,id05459
15799020,15799492,472,id05459
15799492,15800578,1086,id05459
15800578,15802038,1460,id05459
15802038,15802679,641,id05459
15802679,15804241,1562,id05459
15804241,15804620,379,id05459
15804620,15805040,420,id05459
15805040,15805998,958,id05459
15805998,15806321,323,id05459
15806321,15807074,753,id05459
15807074,15807479,405,id05459
15807479,15808370,891,id05459
15808370,15809584,1214,id05459
15809584,15810009,425,id05459
15810009,15810347,338,id05459
15810347,15811141,794,id05459
15811141,15811459,318,id05459
15811459,15811813,354,id05459
15811813,15812131,318,id05459
15812131,15813099,968,id05459
15813099,15813719,620,id05459
15813719,15814687,968,id05459
15814687,15815322,635,id05459
15815322,15816101,779,id05459
15816101,15817023,922,id05459
15817023,15817786,763,id05459
15817786,15818171,385,id05459
15818171,15818673,502,id05459
15818673,15819114,441,id05459
15819114,15820348,1234,id05459
15820348,15821255,907,id05459
15821255,15821737,482,id05459
15821737,15822367,630,id05459
15822367,15822685,318,id05459
15822685,15823085,400,id05459
15823085,15823500,415,id05459
15823500,15823838,338,id05459
15823838,15824596,758,id05459
15824596,15825037,441,id05459
15825037,15825360,323,id05459
15825360,15825801,441,id05459
15825801,15826155,354,id05459
15826155,15826519,364,id05459
15826519,15827385,866,id05459
15827385,15827805,420,id05459
15827805,15828277,472,id05459
15828277,15828682,405,id05459
15828682,15829205,523,id05459
15829205,15829666,461,id05459
15829666,15830240,574,id05459
15830240,15830625,385,id05459
15830625,15830943,318,id05459
15830943,15831261,318,id05459
15831261,15831589,328,id05459
15831589,15832020,431,id05459
15832020,15832727,707,id05459
15832727,15833275,548,id05459
15833275,15833680,405,id05459
15833680,15834582,902,id05459
15834582,15835438,856,id05459
15835438,15836355,917,id05459
15836355,15836780,425,id05459
15836780,15837221,441,id05459
15837221,15837821,600,id05459
15837821,15838211,390,id05459
15838211,15838555,344,id05459
15838555,15839052,497,id05459
15839052,15839467,415,id05459
15839467,15840522,1055,id05459
15840522,15840866,344,id05459
15840866,15841414,548,id05459
15841414,15841880,466,id05459
15841880,15842346,466,id05459
15842346,15842869,523,id05459
15842869,15843207,338,id05459
15843207,15844022,815,id05459
15844022,15844437,415,id05459
15844437,15845236,799,id05459
15845236,15845764,528,id05459
15845764,15846492,728,id05459
15846492,15847435,943,id05459
15847435,15848347,912,id05459
15848347,15849228,881,id05459
15849228,15849546,318,id05459
15849546,15850171,625,id05459
15850171,15851011,840,id05459
15851011,15851554,543,id05459
15851554,15851995,441,id05459
15851995,15852948,953,id05459
15852948,15853507,559,id05459
15853507,15853927,420,id05459
15853927,15854470,543,id05459
15854470,15855305,835,id05459
15855305,15855741,436,id05459
15855741,15856079,338,id05459
15856079,15856632,553,id05459
15856632,15857027,395,id05459
15857027,15857703,676,id05459
15857703,15858615,912,id05459
15858615,15859143,528,id05459
15859143,15859497,354,id05459
15859497,15860153,656,id05459
15860153,15861029,876,id05459
15861029,15861403,374,id05459
15861403,15861895,492,id05459
15861895,15863856,1961,id05459
15863856,15864507,651,id05459
15864507,15865741,1234,id05459
15865741,15866223,482,id05459
15866223,15866715,492,id05459
15866715,15867105,390,id05459
15867105,15867807,702,id05459
15867807,15868350,543,id05459
15868350,15868796,446,id05459
15868796,15870558,1762,id05459
15870558,15871014,456,id05459
15871014,15871470,456,id05459
15871470,15871921,451,id05459
15871921,15872285,364,id05459
15872285,15873412,1127,id05459
15873412,15874012,600,id05459
15874012,15874637,625,id05459
15874637,15874955,318,id05459
15874955,15875821,866,id05459
15875821,15876226,405,id05459
15876226,15876723,497,id05459
15876723,15877425,702,id05459
15877425,15877789,364,id05459
15877789,15878127,338,id05459
15878127,15878860,733,id05459
15878860,15879234,374,id05459
15879234,15879603,369,id05459
15879603,15880141,538,id05594
15880141,15880735,594,id05594
15880735,15881217,482,id05594
15881217,15881735,518,id05594
15881735,15882099,364,id05594
15882099,15882453,354,id05594
15882453,15883242,789,id05594
15883242,15883621,379,id05594
15883621,15884205,584,id05594
15884205,15884697,492,id05594
15884697,15885338,641,id05594
15885338,15886178,840,id05594
15886178,15886527,349,id05594
15886527,15886932,405,id05594
15886932,15887383,451,id05594
15887383,15887752,369,id05594
15887752,15888377,625,id05594
15888377,15888869,492,id05594
15888869,15889474,605,id05594
15889474,15889992,518,id05594
15889992,15890515,523,id05594
15890515,15891601,1086,id05594
15891601,15891986,385,id05594
15891986,15892406,420,id05594
15892406,15893523,1117,id05594
15893523,15895228,1705,id05594
15895228,15895546,318,id05594
15895546,15896340,794,id05594
15896340,15897308,968,id05594
15897308,15898696,1388,id05594
15898696,15899587,891,id05594
15899587,15900535,948,id05594
15900535,15900868,333,id05594
15900868,15901555,687,id05594
15901555,15901986,431,id05594
15901986,15902324,338,id05594
15902324,15902739,415,id05594
15902739,15903180,441,id05594
15903180,15903739,559,id05594
15903739,15904205,466,id05594
15904205,15904574,369,id05594
15904574,15905133,559,id05594
15905133,15905466,333,id05594
15905466,15905871,405,id05594
15905871,15906189,318,id05594
15906189,15906538,349,id05594
15906538,15907086,548,id05594
15907086,15907506,420,id05594
15907506,15908003,497,id05594
15908003,15908444,441,id05594
15908444,15908890,446,id05594
15908890,15909423,533,id05594
15909423,15909854,431,id05594
15909854,15910336,482,id05594
15910336,15910813,477,id05594
15910813,15911351,538,id05594
15911351,15911736,385,id05594
15911736,15912054,318,id05594
15912054,15912515,461,id05594
15912515,15913048,533,id05594
15913048,15913642,594,id05594
15913642,15914569,927,id05594
15914569,15914979,410,id05594
15914979,15915758,779,id05594
15915758,15916163,405,id05594
15916163,15916496,333,id05594
15916496,15916850,354,id05594
15916850,15917235,385,id05594
15917235,15918249,1014,id05594
15918249,15918613,364,id05594
15918613,15919105,492,id05594
15919105,15919674,569,id05594
15919674,15920120,446,id05594
15920120,15920689,569,id05594
15920689,15921114,425,id05594
15921114,15921903,789,id05594
15921903,15922247,344,id05594
15922247,15922995,748,id05594
15922995,15923467,472,id05594
15923467,15923918,451,id05594
15923918,15924436,518,id05594
15924436,15924954,518,id05594
15924954,15925518,564,id05594
15925518,15926143,625,id05594
15926143,15926481,338,id05594
15926481,15926850,369,id05594
15926850,15927255,405,id05594
15927255,15928280,1025,id05594
15928280,15928849,569,id05594
15928849,15929274,425,id05594
15929274,15930007,733,id05594
15930007,15930443,436,id05594
15930443,15930781,338,id05594
15930781,15931099,318,id05594
15931099,15931565,466,id05594
15931565,15932272,707,id05594
15932272,15933112,840,id05594
15933112,15933696,584,id05594
15933696,15934111,415,id05594
15934111,15934531,420,id05594
15934531,15934962,431,id05594
15934962,15935454,492,id05594
15935454,15935941,487,id05594
15935941,15936756,815,id05594
15936756,15937161,405,id05594
15937161,15938523,1362,id05594
15938523,15939169,646,id05594
15939169,15940158,989,id05594
15940158,15941039,881,id05594
15941039,15941562,523,id05594
15941562,15941921,359,id05594
15941921,15942597,676,id05594
15942597,15942992,395,id05594
15942992,15943561,569,id05594
15943561,15944222,661,id05594
15944222,15944678,456,id05594
15944678,15945211,533,id05594
15945211,15945590,379,id05594
15945590,15946123,533,id05594
15946123,15946477,354,id05594
15946477,15947010,533,id05594
15947010,15947635,625,id05594
15947635,15948404,769,id05594
15948404,15949004,600,id05594
15949004,15949419,415,id05594
15949419,15949757,338,id05594
15949757,15950136,379,id05594
15950136,15950966,830,id05594
15950966,15951530,564,id05594
15951530,15951945,415,id05594
15951945,15952596,651,id05594
15952596,15953221,625,id05594
15953221,15953641,420,id05594
15953641,15954154,513,id05594
15954154,15954533,379,id05594
15954533,15955179,646,id05594
15955179,15955533,354,id05594
15955533,15955861,328,id05594
15955861,15956235,374,id05594
15956235,15956553,318,id05594
15956553,15956871,318,id05594
15956871,15957225,354,id05594
15957225,15957579,354,id05594
15957579,15958547,968,id05594
15958547,15958870,323,id05594
15958870,15959336,466,id05594
15959336,15960115,779,id05594
15960115,15960981,866,id05594
15960981,15961309,328,id05594
15961309,15961709,400,id05594
15961709,15962370,661,id05594
15962370,15962698,328,id05594
15962698,15963057,359,id05594
15963057,15963744,687,id05594
15963744,15964267,523,id05594
15964267,15964964,697,id05594
15964964,15965282,318,id05594
15965282,15965764,482,id05594
15965764,15966102,338,id05594
15966102,15966487,385,id05594
15966487,15967020,533,id05594
15967020,15967522,502,id05594
15967522,15967871,349,id05594
15967871,15968430,559,id05594
15968430,15968866,436,id05594
15968866,15969619,753,id05594
15969619,15970290,671,id05594
15970290,15970792,502,id05594
15970792,15971110,318,id05594
15971110,15971525,415,id05594
15971525,15972032,507,id05594
15972032,15972463,431,id05594
15972463,15972801,338,id05594
15972801,15973196,395,id05594
15973196,15973673,477,id05594
15973673,15974063,390,id05594
15974063,15974422,359,id05594
15974422,15975457,1035,id05594
15975457,15976133,676,id05594
15976133,15976564,431,id05594
15976564,15976954,390,id05594
15976954,15977595,641,id05594
15977595,15977990,395,id05594
15977990,15978344,354,id05594
15978344,15978769,425,id05594
15978769,15979543,774,id05594
15979543,15979938,395,id05594
15979938,15980722,784,id05594
15980722,15981163,441,id05594
15981163,15981619,456,id05594
15981619,15983186,1567,id05594
15983186,15984164,978,id05594
15984164,15984641,477,id05594
15984641,15985978,1337,id05594
15985978,15986398,420,id05594
15986398,15986936,538,id05594
15986936,15987802,866,id05594
15987802,15988355,553,id05594
15988355,15989282,927,id05594
15989282,15990312,1030,id05594
15990312,15991132,820,id05654
15991132,15991450,318,id05654
15991450,15992316,866,id05654
15992316,15992772,456,id05654
15992772,15993448,676,id05654
15993448,15994329,881,id05654
15994329,15994923,594,id05654
15994923,15995471,548,id05654
15995471,15995876,405,id05654
15995876,15996435,559,id05654
15996435,15996830,395,id05654
15996830,15997322,492,id05654
15997322,15997666,344,id05654
15997666,15998045,379,id05654
15998045,15998445,400,id05654
15998445,15999838,1393,id05654
15999838,16000386,548,id05654
16000386,16001431,1045,id05654
16001431,16001862,431,id05654
16001862,16002426,564,id05654
16002426,16002785,359,id05654
16002785,16003308,523,id05654
16003308,16003805,497,id05654
16003805,16004169,364,id05654
16004169,16005188,1019,id05654
16005188,16005660,472,id05654
16005660,16006377,717,id05654
16006377,16006726,349,id05654
16006726,16007182,456,id05654
16007182,16007577,395,id05654
16007577,16007915,338,id05654
16007915,16008330,415,id05654
16008330,16008827,497,id05654
16008827,16009334,507,id05654
16009334,16009785,451,id05654
16009785,16010159,374,id05654
16010159,16010759,600,id05654
16010759,16011538,779,id05654
16011538,16011958,420,id05654
16011958,16012327,369,id05654
16012327,16012686,359,id05654
16012686,16013234,548,id05654
16013234,16013762,528,id05654
16013762,16014223,461,id05654
16014223,16014766,543,id05654
16014766,16015591,825,id05654
16015591,16016073,482,id05654
16016073,16016422,349,id05654
16016422,16016975,553,id05654
16016975,16017923,948,id05654
16017923,16018886,963,id05654
16018886,16020289,1403,id05654
16020289,16020771,482,id05654
16020771,16021237,466,id05654
16021237,16021575,338,id05654
16021575,16021903,328,id05654
16021903,16022231,328,id05654
16022231,16022672,441,id05654
16022672,16022995,323,id05654
16022995,16023349,354,id05654
16023349,16023718,369,id05654
16023718,16024952,1234,id05654
16024952,16025977,1025,id05654
16025977,16026505,528,id05654
16026505,16027018,513,id05654
16027018,16027336,318,id05654
16027336,16028181,845,id05654
16028181,16028581,400,id05654
16028581,16028935,354,id05654
16028935,16029294,359,id05654
16029294,16029658,364,id05654
16029658,16030350,692,id05654
16030350,16030919,569,id05654
16030919,16031324,405,id05654
16031324,16032103,779,id05654
16032103,16032539,436,id05654
16032539,16033031,492,id05654
16033031,16033933,902,id05654
16033933,16034271,338,id05654
16034271,16034640,369,id05654
16034640,16035414,774,id05654
16035414,16035752,338,id05654
16035752,16036633,881,id05654
16036633,16038666,2033,id05654
16038666,16039266,600,id05654
16039266,16039625,359,id05654
16039625,16040199,574,id05654
16040199,16041060,861,id05654
16041060,16041552,492,id05654
16041552,16041947,395,id05654
16041947,16042357,410,id05654
16042357,16042757,400,id05654
16042757,16043367,610,id05654
16043367,16043772,405,id05654
16043772,16044162,390,id05654
16044162,16044552,390,id05654
16044552,16044967,415,id05654
16044967,16045961,994,id05654
16045961,16046315,354,id05654
16046315,16046669,354,id05654
16046669,16047135,466,id05654
16047135,16048119,984,id05654
16048119,16048447,328,id05654
16048447,16049195,748,id05654
16049195,16049600,405,id05654
16049600,16049954,354,id05654
16049954,16050323,369,id05654
16050323,16050846,523,id05654
16050846,16051179,333,id05654
16051179,16051589,410,id05654
16051589,16051927,338,id05654
16051927,16052255,328,id05654
16052255,16052839,584,id05654
16052839,16053341,502,id05654
16053341,16053674,333,id05654
16053674,16054069,395,id05654
16054069,16054602,533,id05654
16054602,16055033,431,id05654
16055033,16055607,574,id05654
16055607,16056099,492,id05654
16056099,16056489,390,id05654
16056489,16056945,456,id05654
16056945,16057350,405,id05654
16057350,16057678,328,id05654
16057678,16058001,323,id05654
16058001,16058329,328,id05654
16058329,16059051,722,id05654
16059051,16059476,425,id05654
16059476,16060127,651,id05654
16060127,16060522,395,id05654
16060522,16060871,349,id05654
16060871,16061271,400,id05654
16061271,16062096,825,id05654
16062096,16062424,328,id05654
16062424,16062778,354,id05654
16062778,16063132,354,id05654
16063132,16063573,441,id05654
16063573,16064173,600,id05654
16064173,16065438,1265,id05654
16065438,16065828,390,id05654
16065828,16066438,610,id05654
16066438,16066828,390,id05654
16066828,16067161,333,id05654
16067161,16067592,431,id05654
16067592,16068084,492,id05654
16068084,16068540,456,id05654
16068540,16069124,584,id05654
16069124,16069565,441,id05654
16069565,16069934,369,id05654
16069934,16070528,594,id05654
16070528,16072500,1972,id05654
16072500,16072854,354,id05654
16072854,16073469,615,id05654
16073469,16073838,369,id05654
16073838,16074560,722,id05654
16074560,16074970,410,id05654
16074970,16075334,364,id05654
16075334,16076138,804,id05714
16076138,16076732,594,id05714
16076732,16077127,395,id05714
16077127,16077691,564,id05714
16077691,16078009,318,id05714
16078009,16078506,497,id05714
16078506,16078896,390,id05714
16078896,16079229,333,id05714
16079229,16079547,318,id05714
16079547,16079891,344,id05714
16079891,16080363,472,id05714
16080363,16080691,328,id05714
16080691,16081086,395,id05714
16081086,16081757,671,id05714
16081757,16082101,344,id05714
16082101,16082470,369,id05714
16082470,16082788,318,id05714
16082788,16083132,344,id05714
16083132,16083650,518,id05714
16083650,16083983,333,id05714
16083983,16084475,492,id05714
16084475,16084819,344,id05714
16084819,16085147,328,id05714
16085147,16085501,354,id05714
16085501,16085845,344,id05714
16085845,16086219,374,id05714
16086219,16086609,390,id05816
16086609,16086973,364,id05816
16086973,16087486,513,id05816
16087486,16088198,712,id05816
16088198,16088936,738,id05816
16088936,16089459,523,id05816
16089459,16089951,492,id05816
16089951,16091221,1270,id05816
16091221,16091580,359,id05816
16091580,16092374,794,id05816
16092374,16092728,354,id05816
16092728,16093159,431,id05816
16093159,16093866,707,id05816
16093866,16094291,425,id05816
16094291,16094619,328,id05816
16094619,16095065,446,id05816
16095065,16095398,333,id05816
16095398,16096474,1076,id05816
16096474,16096956,482,id05816
16096956,16097274,318,id05816
16097274,16097643,369,id05816
16097643,16098212,569,id05816
16098212,16099109,897,id05816
16099109,16099652,543,id05816
16099652,16100538,886,id05816
16100538,16101132,594,id05816
16101132,16102126,994,id05816
16102126,16102971,845,id05816
16102971,16103320,349,id05816
16103320,16104483,1163,id05816
16104483,16105257,774,id05816
16105257,16106169,912,id05816
16106169,16107429,1260,id05816
16107429,16107767,338,id05816
16107767,16108085,318,id05816
16108085,16108429,344,id05816
16108429,16108793,364,id05816
16108793,16109147,354,id05816
16109147,16110100,953,id05816
16110100,16112947,2847,id05816
16112947,16113864,917,id05816
16113864,16117274,3410,id05816
16117274,16117961,687,id05816
16117961,16119144,1183,id05816
16119144,16119616,472,id05816
16119616,16120523,907,id05816
16120523,16120989,466,id05816
16120989,16121481,492,id05816
16121481,16122065,584,id05816
16122065,16123494,1429,id05816
16123494,16125256,1762,id05816
16125256,16126173,917,id05816
16126173,16126506,333,id05816
16126506,16127669,1163,id05816
16127669,16128781,1112,id05816
16128781,16129406,625,id05816
16129406,16131465,2059,id05816
16131465,16132372,907,id05816
16132372,16134021,1649,id05816
16134021,16134830,809,id05816
16134830,16135204,374,id05816
16135204,16135604,400,id05816
16135604,16136572,968,id05816
16136572,16137274,702,id05816
16137274,16138882,1608,id05816
16138882,16139732,850,id05816
16139732,16140086,354,id05816
16140086,16140558,472,id05816
16140558,16141081,523,id05816
16141081,16141650,569,id05816
16141650,16143084,1434,id05816
16143084,16143443,359,id05816
16143443,16143833,390,id05816
16143833,16144264,431,id05816
16144264,16144838,574,id05816
16144838,16145499,661,id05816
16145499,16145848,349,id05816
16145848,16146775,927,id05816
16146775,16147226,451,id05816
16147226,16147657,431,id05816
16147657,16148333,676,id05816
16148333,16149301,968,id05816
16149301,16149645,344,id05816
16149645,16150009,364,id05816
16150009,16150424,415,id05816
16150424,16150793,369,id05816
16150793,16151121,328,id05816
16151121,16151521,400,id05816
16151521,16152284,763,id05816
16152284,16152628,344,id05816
16152628,16152992,364,id05816
16152992,16153545,553,id05816
16153545,16154733,1188,id05816
16154733,16155640,907,id05816
16155640,16156229,589,id05816
16156229,16156829,600,id05816
16156829,16157418,589,id05816
16157418,16157946,528,id05816
16157946,16158530,584,id05816
16158530,16159048,518,id05816
16159048,16159934,886,id05816
16159934,16160278,344,id05816
16160278,16160632,354,id05816
16160632,16161831,1199,id05816
16161831,16163091,1260,id05816
16163091,16163865,774,id05816
16163865,16164362,497,id05816
16164362,16164762,400,id05816
16164762,16165172,410,id05816
16165172,16165894,722,id05816
16165894,16166335,441,id05816
16166335,16166668,333,id05816
16166668,16167273,605,id05816
16167273,16168533,1260,id05816
16168533,16169133,600,id05816
16169133,16169814,681,id05816
16169814,16170332,518,id05816
16170332,16171889,1557,id05816
16171889,16172407,518,id05816
16172407,16172725,318,id05816
16172725,16173094,369,id05816
16173094,16173432,338,id05816
16173432,16174487,1055,id05816
16174487,16175450,963,id05816
16175450,16176490,1040,id05816
16176490,16176834,344,id05816
16176834,16178376,1542,id05816
16178376,16179001,625,id05816
16179001,16179585,584,id05816
16179585,16180005,420,id05816
16180005,16180405,400,id05816
16180405,16181358,953,id05816
16181358,16181876,518,id05816
16181876,16182665,789,id05816
16182665,16184734,2069,id05816
16184734,16185871,1137,id05816
16185871,16186773,902,id05816
16186773,16187367,594,id05816
16187367,16187936,569,id05816
16187936,16188582,646,id05816
16188582,16189735,1153,id05816
16189735,16190360,625,id05816
16190360,16192521,2161,id05816
16192521,16192900,379,id05816
16192900,16193418,518,id05816
16193418,16195405,1987,id05816
16195405,16196358,953,id05816
16196358,16197234,876,id05816
16197234,16197818,584,id05816
16197818,16198213,395,id05816
16198213,16198761,548,id05816
16198761,16199320,559,id05816
16199320,16199914,594,id05816
16199914,16200488,574,id05816
16200488,16200975,487,id05816
16200975,16201759,784,id05816
16201759,16202778,1019,id05816
16202778,16203147,369,id05816
16203147,16203511,364,id05816
16203511,16204059,548,id05816
16204059,16204449,390,id05816
16204449,16205028,579,id05816
16205028,16205510,482,id05816
16205510,16206012,502,id05816
16206012,16206683,671,id05816
16206683,16207277,594,id05816
16207277,16209351,2074,id05816
16209351,16210770,1419,id05816
16210770,16212624,1854,id05816
16212624,16213198,574,id05816
16213198,16213526,328,id05816
16213526,16213992,466,id05816
16213992,16214310,318,id05816
16214310,16214848,538,id05816
16214848,16215586,738,id05816
16215586,16216211,625,id05816
16216211,16216549,338,id05816
16216549,16216908,359,id05816
16216908,16217308,400,id05816
16217308,16219147,1839,id05816
16219147,16220300,1153,id05816
16220300,16221709,1409,id05816
16221709,16222360,651,id05816
16222360,16222816,456,id05816
16222816,16224194,1378,id05816
16224194,16224558,364,id05816
16224558,16224978,420,id05816
16224978,16225531,553,id05816
16225531,16226100,569,id05816
16226100,16226618,518,id05816
16226618,16227151,533,id05816
16227151,16227827,676,id05816
16227827,16229614,1787,id05816
16229614,16229932,318,id05816
16229932,16230747,815,id05816
16230747,16231116,369,id05816
16231116,16231767,651,id05816
16231767,16233391,1624,id05816
16233391,16233781,390,id05816
16233781,16234631,850,id05816
16234631,16236403,1772,id05816
16236403,16236793,390,id05816
16236793,16238626,1833,id05816
16238626,16239599,973,id05816
16239599,16240004,405,id05816
16240004,16240629,625,id05816
16240629,16241776,1147,id05816
16241776,16242324,548,id05816
16242324,16242790,466,id05816
16242790,16243313,523,id05816
16243313,16243692,379,id05816
16243692,16244061,369,id05816
16244061,16244425,364,id05816
16244425,16244820,395,id05816
16244820,16246838,2018,id05816
16246838,16247294,456,id05816
16247294,16247960,666,id05816
16247960,16248478,518,id05816
16248478,16249037,559,id05816
16249037,16250225,1188,id05816
16250225,16251009,784,id05816
16251009,16251450,441,id05816
16251450,16252879,1429,id05816
16252879,16253197,318,id05816
16253197,16253525,328,id05816
16253525,16254109,584,id05816
16254109,16254888,779,id05816
16254888,16255503,615,id05816
16255503,16255821,318,id05816
16255821,16256728,907,id05816
16256728,16257829,1101,id05816
16257829,16258357,528,id05816
16258357,16259059,702,id05816
16259059,16260401,1342,id05816
16260401,16260837,436,id05816
16260837,16261329,492,id05816
16261329,16261801,472,id05816
16261801,16262462,661,id05816
16262462,16263195,733,id05816
16263195,16263738,543,id05816
16263738,16264174,436,id05816
16264174,16264584,410,id05816
16264584,16265153,569,id05816
16265153,16265614,461,id05816
16265614,16266669,1055,id05816
16266669,16267043,374,id05816
16267043,16267755,712,id05816
16267755,16268380,625,id05816
16268380,16268805,425,id05816
16268805,16269405,600,id05816
16269405,16270890,1485,id05816
16270890,16271525,635,id05816
16271525,16272104,579,id05816
16272104,16272468,364,id05816
16272468,16273068,600,id05816
16273068,16273427,359,id05816
16273427,16274370,943,id05816
16274370,16274714,344,id05816
16274714,16275042,328,id05816
16275042,16275744,702,id05816
16275744,16276067,323,id05816
16276067,16277424,1357,id05816
16277424,16278187,763,id05816
16278187,16279570,1383,id05816
16279570,16280170,600,id05816
16280170,16281558,1388,id05816
16281558,16283059,1501,id05816
16283059,16283633,574,id05816
16283633,16284867,1234,id05816
16284867,16285364,497,id05816
16285364,16286051,687,id05816
16286051,16286584,533,id05816
16286584,16287066,482,id05816
16287066,16287609,543,id05816
16287609,16288081,472,id05816
16288081,16288501,420,id05816
16288501,16289357,856,id05816
16289357,16290289,932,id05816
16290289,16290822,533,id05816
16290822,16291201,379,id05816
16291201,16291652,451,id05816
16291652,16292528,876,id05816
16292528,16292846,318,id05816
16292846,16293625,779,id05816
16293625,16294301,676,id05816
16294301,16294911,610,id05816
16294911,16295296,385,id05816
16295296,16296766,1470,id05816
16296766,16297760,994,id05816
16297760,16299691,1931,id05816
16299691,16300439,748,id05816
16300439,16300793,354,id05816
16300793,16301336,543,id05816
16301336,16302550,1214,id05816
16302550,16303098,548,id05816
16303098,16303493,395,id05816
16303493,16304871,1378,id05816
16304871,16305337,466,id05816
16305337,16306090,753,id05816
16306090,16306428,338,id05816
16306428,16306859,431,id05816
16306859,16308447,1588,id05816
16308447,16308970,523,id05816
16308970,16309462,492,id05816
16309462,16309847,385,id05816
16309847,16310329,482,id05816
16310329,16310867,538,id05816
16310867,16311697,830,id05816
16311697,16312204,507,id05816
16312204,16312752,548,id05816
16312752,16313869,1117,id05816
16313869,16315170,1301,id05816
16315170,16315898,728,id05816
16315898,16316344,446,id05816
16316344,16316672,328,id05816
16316672,16317476,804,id05816
16317476,16317820,344,id05816
16317820,16318901,1081,id05816
16318901,16319239,338,id05816
16319239,16319900,661,id05816
16319900,16320750,850,id05816
16320750,16321575,825,id05816
16321575,16322180,605,id05816
16322180,16323368,1188,id05816
16323368,16325754,2386,id05816
16325754,16327173,1419,id05816
16327173,16328356,1183,id05816
16328356,16329319,963,id05816
16329319,16329755,436,id05816
16329755,16330124,369,id05816
16330124,16330473,349,id05816
16330473,16330919,446,id05816
16330919,16332169,1250,id05816
16332169,16332518,349,id05816
16332518,16333036,518,id05816
16333036,16333513,477,id05816
16333513,16333841,328,id05816
16333841,16334333,492,id05816
16334333,16334820,487,id05816
16334820,16335225,405,id05816
16335225,16335569,344,id05816
16335569,16335933,364,id05816
16335933,16336256,323,id05816
16336256,16336753,497,id05816
16336753,16338115,1362,id05816
16338115,16338628,513,id05816
16338628,16339350,722,id05816
16339350,16339832,482,id05816
16339832,16340155,323,id05816
16340155,16340488,333,id05816
16340488,16340908,420,id05816
16340908,16341677,769,id05816
16341677,16342307,630,id05816
16342307,16342830,523,id05816
16342830,16343353,523,id05816
16343353,16344495,1142,id05816
16344495,16346318,1823,id05816
16346318,16347501,1183,id05816
16347501,16347921,420,id05816
16347921,16349452,1531,id05816
16349452,16350067,615,id05816
16350067,16351701,1634,id05816
16351701,16352173,472,id05816
16352173,16353592,1419,id05816
16353592,16354540,948,id05816
16354540,16355042,502,id05816
16355042,16355457,415,id05816
16355457,16355826,369,id05816
16355826,16356687,861,id05816
16356687,16357015,328,id05816
16357015,16357865,850,id05816
16357865,16358357,492,id05816
16358357,16358992,635,id05816
16358992,16359750,758,id05816
16359750,16360370,620,id05816
16360370,16360872,502,id05816
16360872,16362004,1132,id05816
16362004,16362476,472,id05816
16362476,16363828,1352,id05816
16363828,16365242,1414,id05816
16365242,16366523,1281,id05816
16366523,16367609,1086,id05816
16367609,16368275,666,id05816
16368275,16369678,1403,id05816
16369678,16370303,625,id05816
16370303,16371281,978,id05816
16371281,16371660,379,id05816
16371660,16372710,1050,id05816
16372710,16373980,1270,id05816
16373980,16374462,482,id05816
16374462,16374790,328,id05816
16374790,16375538,748,id05816
16375538,16375912,374,id05816
16375912,16377218,1306,id05816
16377218,16377690,472,id05816
16377690,16378039,349,id05816
16378039,16379033,994,id05816
16379033,16379489,456,id05816
16379489,16381957,2468,id05816
16381957,16382925,968,id05816
16382925,16383345,420,id05816
16383345,16383765,420,id05816
16383765,16384221,456,id05816
16384221,16384831,610,id05816
16384831,16385405,574,id05816
16385405,16386020,615,id05816
16386020,16386420,400,id05816
16386420,16386810,390,id05816
16386810,16388080,1270,id05816
16388080,16388485,405,id05816
16388485,16388998,513,id05816
16388998,16390084,1086,id05816
16390084,16390499,415,id05816
16390499,16391232,733,id05816
16391232,16391611,379,id05816
16391611,16391965,354,id05816
16391965,16392319,354,id05816
16392319,16392719,400,id05816
16392719,16393467,748,id05816
16393467,16393831,364,id05816
16393831,16394866,1035,id05816
16394866,16395614,748,id05816
16395614,16396121,507,id05816
16396121,16396879,758,id05816
16396879,16397688,809,id05816
16397688,16398067,379,id05816
16398067,16398805,738,id05816
16398805,16400275,1470,id05816
16400275,16401335,1060,id05816
16401335,16401940,605,id05816
16401940,16402335,395,id05816
16402335,16403139,804,id05816
16403139,16403559,420,id05816
16403559,16404292,733,id05816
16404292,16405373,1081,id05816
16405373,16405932,559,id05816
16405932,16407064,1132,id05816
16407064,16407996,932,id05816
16407996,16408401,405,id05816
16408401,16409001,600,id05816
16409001,16409544,543,id05816
16409544,16410174,630,id05816
16410174,16410497,323,id05816
16410497,16410897,400,id05816
16410897,16411635,738,id05816
16411635,16411953,318,id05816
16411953,16412578,625,id05850
16412578,16413085,507,id05850
16413085,16413403,318,id05850
16413403,16413921,518,id05850
16413921,16414249,328,id05850
16414249,16414628,379,id05850
16414628,16415018,390,id05850
16415018,16415474,456,id05850
16415474,16415956,482,id05850
16415956,16416504,548,id05850
16416504,16416991,487,id05850
16416991,16417519,528,id05850
16417519,16418001,482,id05850
16418001,16418350,349,id05850
16418350,16418796,446,id05850
16418796,16419155,359,id05850
16419155,16419550,395,id05850
16419550,16420114,564,id05850
16420114,16420473,359,id05850
16420473,16420924,451,id05850
16420924,16421262,338,id05850
16421262,16421641,379,id05850
16421641,16422968,1327,id05850
16422968,16423353,385,id05850
16423353,16424157,804,id05850
16424157,16424567,410,id05850
16424567,16424895,328,id05850
16424895,16425305,410,id05850
16425305,16426033,728,id05850
16426033,16426479,446,id05850
16426479,16426915,436,id05850
16426915,16427243,328,id05850
16427243,16427597,354,id05850
16427597,16427956,359,id05850
16427956,16428325,369,id05850
16428325,16428925,600,id05850
16428925,16429269,344,id05850
16429269,16429613,344,id05850
16429613,16430033,420,id05850
16430033,16430423,390,id05850
16430423,16430782,359,id05850
16430782,16431289,507,id05850
16431289,16431638,349,id05850
16431638,16432504,866,id05850
16432504,16432832,328,id05850
16432832,16433150,318,id05850
16433150,16433468,318,id05850
16433468,16433817,349,id05850
16433817,16434155,338,id05850
16434155,16434627,472,id05850
16434627,16434976,349,id05850
16434976,16435330,354,id05850
16435330,16435802,472,id05850
16435802,16436499,697,id05850
16436499,16437093,594,id05850
16437093,16437503,410,id05850
16437503,16438461,958,id05850
16438461,16438840,379,id05850
16438840,16439199,359,id05850
16439199,16439527,328,id05850
16439527,16440424,897,id05850
16440424,16440952,528,id05850
16440952,16441746,794,id05850
16441746,16442166,420,id05850
16442166,16442504,338,id05850
16442504,16443687,1183,id05999
16443687,16444066,379,id05999
16444066,16445137,1071,id05999
16445137,16445460,323,id05999
16445460,16445850,390,id05999
16445850,16446168,318,id05999
16446168,16446645,477,id05999
16446645,16447782,1137,id05999
16447782,16448402,620,id05999
16448402,16448966,564,id05999
16448966,16449745,779,id05999
16449745,16451568,1823,id05999
16451568,16452403,835,id05999
16452403,16453207,804,id05999
16453207,16453551,344,id05999
16453551,16454294,743,id05999
16454294,16459020,4726,id05999
16459020,16459379,359,id05999
16459379,16460987,1608,id05999
16460987,16461807,820,id05999
16461807,16463041,1234,id05999
16463041,16463554,513,id05999
16463554,16467548,3994,id05999
16467548,16468460,912,id05999
16468460,16468778,318,id05999
16468778,16472562,3784,id05999
16472562,16474150,1588,id05999
16474150,16475574,1424,id05999
16475574,16478897,3323,id05999
16478897,16479619,722,id05999
16479619,16480592,973,id05999
16480592,16482318,1726,id05999
16482318,16483568,1250,id05999
16483568,16483917,349,id05999
16483917,16484235,318,id05999
16484235,16484932,697,id05999
16484932,16488030,3098,id05999
16488030,16489085,1055,id05999
16489085,16490770,1685,id05999
16490770,16491702,932,id05999
16491702,16492824,1122,id05999
16492824,16493377,553,id05999
16493377,16493864,487,id05999
16493864,16495549,1685,id05999
16495549,16497434,1885,id05999
16497434,16499933,2499,id05999
16499933,16500522,589,id05999
16500522,16501137,615,id05999
16501137,16501583,446,id05999
16501583,16502142,559,id05999
16502142,16502844,702,id05999
16502844,16505594,2750,id05999
16505594,16506347,753,id05999
16506347,16507428,1081,id05999
16507428,16508084,656,id05999
16508084,16508986,902,id05999
16508986,16509913,927,id05999
16509913,16510374,461,id05999
16510374,16511071,697,id05999
16511071,16511814,743,id05999
16511814,16512193,379,id05999
16512193,16512598,405,id05999
16512598,16513029,431,id05999
16513029,16513787,758,id05999
16513787,16514125,338,id05999
16514125,16514530,405,id05999
16514530,16515037,507,id05999
16515037,16515396,359,id05999
16515396,16515837,441,id05999
16515837,16516165,328,id05999
16516165,16516544,379,id05999
16516544,16516908,364,id05999
16516908,16517303,395,id05999
16517303,16517657,354,id05999
16517657,16518093,436,id05999
16518093,16518431,338,id05999
16518431,16518775,344,id05999
16518775,16519093,318,id05999
16519093,16519718,625,id05999
16519718,16520195,477,id05999
16520195,16520661,466,id05999
16520661,16521133,472,id05999
16521133,16521615,482,id05999
16521615,16522455,840,id05999
16522455,16522911,456,id05999
16522911,16523838,927,id05999
16523838,16524207,369,id05999
16524207,16524899,692,id05999
16524899,16525227,328,id05999
16525227,16526016,789,id05999
16526016,16526892,876,id05999
16526892,16527430,538,id05999
16527430,16527799,369,id05999
16527799,16529423,1624,id05999
16529423,16529813,390,id05999
16529813,16530510,697,id05999
16530510,16531207,697,id05999
16531207,16531750,543,id05999
16531750,16533107,1357,id05999
16533107,16533430,323,id05999
16533430,16533845,415,id05999
16533845,16534711,866,id05999
16534711,16535167,456,id05999
16535167,16535956,789,id05999
16535956,16537298,1342,id05999
16537298,16537846,548,id05999
16537846,16538236,390,id05999
16538236,16538897,661,id05999
16538897,16539389,492,id05999
16539389,16540076,687,id05999
16540076,16540880,804,id05999
16540880,16541198,318,id05999
16541198,16541670,472,id05999
16541670,16541988,318,id05999
16541988,16542383,395,id05999
16542383,16543054,671,id05999
16543054,16543444,390,id05999
16543444,16543808,364,id05999
16543808,16544674,866,id05999
16544674,16545048,374,id05999
16545048,16546467,1419,id05999
16546467,16547154,687,id05999
16547154,16547585,431,id05999
16547585,16547929,344,id05999
16547929,16548308,379,id05999
16548308,16549271,963,id05999
16549271,16549604,333,id05999
16549604,16552349,2745,id05999
16552349,16553486,1137,id05999
16553486,16554224,738,id05999
16554224,16554875,651,id05999
16554875,16556842,1967,id05999
16556842,16557206,364,id05999
16557206,16557606,400,id05999
16557606,16558067,461,id05999
16558067,16558508,441,id05999
16558508,16559159,651,id05999
16559159,16559605,446,id05999
16559605,16561633,2028,id05999
16561633,16562637,1004,id05999
16562637,16562981,344,id05999
16562981,16565700,2719,id05999
16565700,16566376,676,id05999
16566376,16566735,359,id05999
16566735,16568000,1265,id05999
16568000,16569803,1803,id05999
16569803,16571304,1501,id05999
16571304,16571934,630,id05999
16571934,16572303,369,id05999
16572303,16573655,1352,id05999
16573655,16574096,441,id05999
16574096,16574808,712,id05999
16574808,16576058,1250,id05999
16576058,16576606,548,id05999
16576606,16577144,538,id05999
16577144,16577498,354,id05999
16577498,16578164,666,id05999
16578164,16578595,431,id05999
16578595,16579143,548,id05999
16579143,16579609,466,id05999
16579609,16579963,354,id05999
16579963,16580291,328,id05999
16580291,16580757,466,id05999
16580757,16582432,1675,id05999
16582432,16582781,349,id05999
16582781,16583237,456,id05999
16583237,16583780,543,id05999
16583780,16584139,359,id05999
16584139,16584687,548,id05999
16584687,16585824,1137,id05999
16585824,16586418,594,id05999
16586418,16586987,569,id05999
16586987,16587689,702,id05999
16587689,16589507,1818,id05999
16589507,16590101,594,id05999
16590101,16591161,1060,id05999
16591161,16591546,385,id05999
16591546,16592407,861,id05999
16592407,16592873,466,id05999
16592873,16594174,1301,id05999
16594174,16594594,420,id05999
16594594,16595101,507,id05999
16595101,16595465,364,id05999
16595465,16596095,630,id05999
16596095,16596807,712,id05999
16596807,16597386,579,id05999
16597386,16597858,472,id05999
16597858,16598365,507,id05999
16598365,16599712,1347,id05999
16599712,16600475,763,id05999
16600475,16602104,1629,id05999
16602104,16602637,533,id05999
16602637,16603006,369,id05999
16603006,16603334,328,id05999
16603334,16603934,600,id05999
16603934,16604938,1004,id05999
16604938,16605333,395,id05999
16605333,16606163,830,id05999
16606163,16606583,420,id05999
16606583,16607628,1045,id05999
16607628,16608443,815,id05999
16608443,16609401,958,id05999
16609401,16609873,472,id05999
16609873,16610191,318,id05999
16610191,16610683,492,id05999
16610683,16611226,543,id05999
16611226,16612153,927,id05999
16612153,16613070,917,id05999
16613070,16614775,1705,id05999
16614775,16616035,1260,id05999
16616035,16617070,1035,id05999
16617070,16617859,789,id05999
16617859,16618510,651,id05999
16618510,16618935,425,id05999
16618935,16619304,369,id05999
16619304,16619673,369,id05999
16619673,16620421,748,id05999
16620421,16620826,405,id05999
16620826,16621164,338,id05999
16621164,16621861,697,id05999
16621861,16622235,374,id05999
16622235,16622563,328,id05999
16622563,16623362,799,id05999
16623362,16623844,482,id05999
16623844,16624259,415,id05999
16624259,16624659,400,id05999
16624659,16625294,635,id05999
16625294,16625658,364,id05999
16625658,16626002,344,id05999
16626002,16626627,625,id05999
16626627,16627160,533,id05999
16627160,16627504,344,id05999
16627504,16627940,436,id05999
16627940,16628371,431,id05999
16628371,16629186,815,id05999
16629186,16629555,369,id05999
16629555,16629955,400,id05999
16629955,16630606,651,id05999
16630606,16631088,482,id05999
16631088,16631483,395,id05999
16631483,16632323,840,id05999
16632323,16633025,702,id05999
16633025,16634602,1577,id05999
16634602,16635836,1234,id05999
16635836,16637117,1281,id05999
16637117,16639278,2161,id05999
16639278,16641772,2494,id05999
16641772,16642965,1193,id05999
16642965,16644737,1772,id05999
16644737,16645613,876,id05999
16645613,16647324,1711,id05999
16647324,16648917,1593,id05999
16648917,16649424,507,id05999
16649424,16650157,733,id05999
16650157,16650623,466,id05999
16650623,16653916,3293,id05999
16653916,16655437,1521,id05999
16655437,16658950,3513,id05999
16658950,16662212,3262,id05999
16662212,16663380,1168,id05999
16663380,16664461,1081,id05999
16664461,16665726,1265,id05999
16665726,16667063,1337,id05999
16667063,16668006,943,id05999
16668006,16668984,978,id05999
16668984,16672205,3221,id05999
16672205,16675083,2878,id05999
16675083,16676410,1327,id05999
16676410,16678377,1967,id05999
16678377,16678869,492,id05999
16678869,16679207,338,id05999
16679207,16681901,2694,id05999
16681901,16682234,333,id05999
16682234,16682613,379,id05999
16682613,16683008,395,id05999
16683008,16683485,477,id05999
16683485,16684284,799,id05999
16684284,16685652,1368,id06104
16685652,16686067,415,id06104
16686067,16688581,2514,id06104
16688581,16689462,881,id06104
16689462,16690215,753,id06104
16690215,16690564,349,id06104
16690564,16691353,789,id06104
16691353,16692081,728,id06104
16692081,16692947,866,id06104
16692947,16693567,620,id06104
16693567,16694894,1327,id06104
16694894,16695325,431,id06104
16695325,16696513,1188,id06104
16696513,16696933,420,id06104
16696933,16697297,364,id06104
16697297,16699386,2089,id06104
16699386,16699970,584,id06104
16699970,16700308,338,id06104
16700308,16701778,1470,id06104
16701778,16702316,538,id06104
16702316,16703883,1567,id06104
16703883,16705107,1224,id06104
16705107,16705456,349,id06104
16705456,16706542,1086,id06104
16706542,16706886,344,id06104
16706886,16707358,472,id06104
16707358,16709724,2366,id06104
16709724,16710109,385,id06104
16710109,16710473,364,id06104
16710473,16711800,1327,id06104
16711800,16712154,354,id06104
16712154,16713004,850,id06104
16713004,16713368,364,id06104
16713368,16713732,364,id06104
16713732,16714055,323,id06104
16714055,16714383,328,id06104
16714383,16714768,385,id06104
16714768,16715209,441,id06104
16715209,16715553,344,id06104
16715553,16716941,1388,id06104
16716941,16717960,1019,id06104
16717960,16720741,2781,id06104
16720741,16722288,1547,id06104
16722288,16724255,1967,id06104
16724255,16725633,1378,id06104
16725633,16729448,3815,id06104
16729448,16729894,446,id06104
16729894,16730427,533,id06104
16730427,16731139,712,id06104
16731139,16731636,497,id06104
16731636,16732333,697,id06104
16732333,16732671,338,id06104
16732671,16733194,523,id06104
16733194,16734075,881,id06104
16734075,16734977,902,id06104
16734977,16735623,646,id06104
16735623,16736258,635,id06104
16736258,16738230,1972,id06104
16738230,16738563,333,id06104
16738563,16739393,830,id06104
16739393,16739737,344,id06104
16739737,16740081,344,id06104
16740081,16740742,661,id06104
16740742,16741710,968,id06104
16741710,16742043,333,id06104
16742043,16742361,318,id06104
16742361,16742751,390,id06104
16742751,16743146,395,id06104
16743146,16743490,344,id06104
16743490,16743880,390,id06104
16743880,16744244,364,id06104
16744244,16745028,784,id06104
16745028,16746216,1188,id06104
16746216,16746759,543,id06104
16746759,16747087,328,id06104
16747087,16747605,518,id06104
16747605,16749300,1695,id06104
16749300,16749736,436,id06104
16749736,16751078,1342,id06104
16751078,16751703,625,id06104
16751703,16752047,344,id06104
16752047,16752396,349,id06104
16752396,16753477,1081,id06104
16753477,16753862,385,id06104
16753862,16754231,369,id06104
16754231,16755199,968,id06104
16755199,16755671,472,id06104
16755671,16756317,646,id06104
16756317,16756998,681,id06104
16756998,16757439,441,id06104
16757439,16757931,492,id06104
16757931,16758674,743,id06104
16758674,16759443,769,id06104
16759443,16760636,1193,id06104
16760636,16761189,553,id06104
16761189,16761814,625,id06104
16761814,16762255,441,id06104
16762255,16762890,635,id06104
16762890,16763408,518,id06104
16763408,16763915,507,id06104
16763915,16765339,1424,id06104
16765339,16766287,948,id06104
16766287,16766974,687,id06104
16766974,16767522,548,id06104
16767522,16768193,671,id06104
16768193,16768695,502,id06104
16768695,16769484,789,id06104
16769484,16770652,1168,id06104
16770652,16771072,420,id06104
16771072,16771743,671,id06104
16771743,16772578,835,id06104
16772578,16773075,497,id06104
16773075,16774673,1598,id06104
16774673,16775063,390,id06104
16775063,16776088,1025,id06104
16776088,16776565,477,id06104
16776565,16778173,1608,id06104
16778173,16779438,1265,id06104
16779438,16780048,610,id06104
16780048,16780514,466,id06104
16780514,16781195,681,id06104
16781195,16782342,1147,id06104
16782342,16783029,687,id06104
16783029,16784760,1731,id06104
16784760,16785155,395,id06104
16785155,16786210,1055,id06104
16786210,16786666,456,id06104
16786666,16787496,830,id06104
16787496,16788218,722,id06104
16788218,16788572,354,id06104
16788572,16789008,436,id06104
16789008,16789352,344,id06104
16789352,16789793,441,id06104
16789793,16791330,1537,id06104
16791330,16791776,446,id06104
16791776,16793031,1255,id06104
16793031,16794066,1035,id06104
16794066,16795029,963,id06104
16795029,16795675,646,id06104
16795675,16796208,533,id06104
16796208,16796726,518,id06104
16796726,16798350,1624,id06104
16798350,16799902,1552,id06104
16799902,16800455,553,id06104
16800455,16800927,472,id06104
16800927,16801281,354,id06104
16801281,16802270,989,id06104
16802270,16803320,1050,id06104
16803320,16804703,1383,id06104
16804703,16805313,610,id06104
16805313,16805636,323,id06104
16805636,16806476,840,id06104
16806476,16807398,922,id06104
16807398,16808213,815,id06104
16808213,16808628,415,id06104
16808628,16810170,1542,id06104
16810170,16811118,948,id06104
16811118,16811487,369,id06104
16811487,16812424,937,id06104
16812424,16812972,548,id06104
16812972,16813566,594,id06104
16813566,16814299,733,id06104
16814299,16815088,789,id06104
16815088,16816645,1557,id06104
16816645,16816999,354,id06104
16816999,16817855,856,id06104
16817855,16818613,758,id06104
16818613,16819735,1122,id06104
16819735,16820575,840,id06104
16820575,16821569,994,id06104
16821569,16823894,2325,id06104
16823894,16824627,733,id06104
16824627,16825201,574,id06104
16825201,16825785,584,id06104
16825785,16826103,318,id06104
16826103,16827353,1250,id06104
16827353,16827901,548,id06104
16827901,16828511,610,id06104
16828511,16828875,364,id06104
16828875,16829408,533,id06104
16829408,16829977,569,id06104
16829977,16830428,451,id06104
16830428,16831058,630,id06104
16831058,16831637,579,id06104
16831637,16831975,338,id06104
16831975,16834003,2028,id06104
16834003,16834567,564,id06104
16834567,16835105,538,id06104
16835105,16835479,374,id06104
16835479,16839161,3682,id06104
16839161,16840989,1828,id06104
16840989,16841507,518,id06104
16841507,16843125,1618,id06104
16843125,16845117,1992,id06104
16845117,16845609,492,id06104
16845609,16847637,2028,id06104
16847637,16848283,646,id06104
16848283,16848698,415,id06104
16848698,16849451,753,id06104
16849451,16850132,681,id06104
16850132,16852467,2335,id06104
16852467,16853118,651,id06104
16853118,16855448,2330,id06104
16855448,16855838,390,id06104
16855838,16857088,1250,id06104
16857088,16857631,543,id06104
16857631,16859352,1721,id06104
16859352,16859982,630,id06104
16859982,16860310,328,id06104
16860310,16862113,1803,id06104
16862113,16862467,354,id06104
16862467,16862790,323,id06104
16862790,16863738,948,id06104
16863738,16864082,344,id06104
16864082,16864436,354,id06104
16864436,16864933,497,id06104
16864933,16865333,400,id06104
16865333,16866352,1019,id06104
16866352,16866808,456,id06104
16866808,16867530,722,id06104
16867530,16868089,559,id06104
16868089,16868965,876,id06104
16868965,16869401,436,id06104
16869401,16870441,1040,id06104
16870441,16870779,338,id06104
16870779,16871829,1050,id06104
16871829,16872229,400,id06104
16872229,16872675,446,id06104
16872675,16873008,333,id06104
16873008,16873464,456,id06104
16873464,16873920,456,id06104
16873920,16874366,446,id06104
16874366,16874950,584,id06104
16874950,16875591,641,id06104
16875591,16876687,1096,id06104
16876687,16878244,1557,id06104
16878244,16878659,415,id06104
16878659,16879166,507,id06104
16879166,16879658,492,id06104
16879658,16880304,646,id06104
16880304,16880683,379,id06104
16880683,16881155,472,id06104
16881155,16882743,1588,id06104
16882743,16883174,431,id06104
16883174,16884721,1547,id06104
16884721,16885095,374,id06104
16885095,16886959,1864,id06104
16886959,16887466,507,id06104
16887466,16888107,641,id06104
16888107,16888809,702,id06104
16888809,16889265,456,id06104
16889265,16889788,523,id06104
16889788,16890306,518,id06104
16890306,16890952,646,id06104
16890952,16891562,610,id06104
16891562,16891926,364,id06104
16891926,16892280,354,id06104
16892280,16892803,523,id06104
16892803,16893131,328,id06104
16893131,16893700,569,id06104
16893700,16894243,543,id06104
16894243,16894612,369,id06104
16894612,16894981,369,id06104
16894981,16895299,318,id06104
16895299,16895837,538,id06104
16895837,16896698,861,id06104
16896698,16897262,564,id06104
16897262,16897713,451,id06104
16897713,16899270,1557,id06104
16899270,16899644,374,id06104
16899644,16903208,3564,id06104
16903208,16904012,804,id06104
16904012,16904622,610,id06104
16904622,16904945,323,id06104
16904945,16906712,1767,id06104
16906712,16907440,728,id06104
16907440,16909550,2110,id06104
16909550,16909904,354,id06104
16909904,16910473,569,id06104
16910473,16911057,584,id06104
16911057,16911846,789,id06104
16911846,16912635,789,id06104
16912635,16913183,548,id06104
16913183,16913527,344,id06104
16913527,16913932,405,id06104
16913932,16914357,425,id06104
16914357,16915069,712,id06104
16915069,16916129,1060,id06104
16916129,16916570,441,id06104
16916570,16917267,697,id06104
16917267,16917733,466,id06104
16917733,16918133,400,id06104
16918133,16918814,681,id06104
16918814,16920125,1311,id06104
16920125,16920694,569,id06104
16920694,16922558,1864,id06104
16922558,16924207,1649,id06104
16924207,16926573,2366,id06104
16926573,16926952,379,id06104
16926952,16928581,1629,id06104
16928581,16929918,1337,id06104
16929918,16931024,1106,id06104
16931024,16931951,927,id06104
16931951,16932305,354,id06104
16932305,16932679,374,id06104
16932679,16932997,318,id06104
16932997,16934196,1199,id06104
16934196,16934744,548,id06104
16934744,16936004,1260,id06104
16936004,16937663,1659,id06104
16937663,16938170,507,id06104
16938170,16938590,420,id06104
16938590,16939056,466,id06104
16939056,16941832,2776,id06104
16941832,16942764,932,id06104
16942764,16943128,364,id06104
16943128,16943513,385,id06104
16943513,16944261,748,id06104
16944261,16945670,1409,id06104
16945670,16946326,656,id06104
16946326,16949102,2776,id06104
16949102,16949533,431,id06104
16949533,16949958,425,id06104
16949958,16952273,2315,id06104
16952273,16952960,687,id06104
16952960,16955992,3032,id06104
16955992,16956612,620,id06104
16956612,16957068,456,id06104
16957068,16959029,1961,id06104
16959029,16959506,477,id06104
16959506,16959947,441,id06104
16959947,16960296,349,id06104
16960296,16961889,1593,id06104
16961889,16962335,446,id06104
16962335,16962735,400,id06104
16962735,16963288,553,id06104
16963288,16963806,518,id06104
16963806,16964344,538,id06104
16964344,16964775,431,id06104
16964775,16965103,328,id06104
16965103,16966291,1188,id06104
16966291,16968186,1895,id06104
16968186,16969651,1465,id06104
16969651,16971423,1772,id06104
16971423,16972888,1465,id06104
16972888,16973237,349,id06209
16973237,16973581,344,id06209
16973581,16973919,338,id06209
16973919,16974247,328,id06209
16974247,16974923,676,id06209
16974923,16975261,338,id06209
16975261,16975589,328,id06209
16975589,16975938,349,id06209
16975938,16976486,548,id06209
16976486,16976983,497,id06209
16976983,16977439,456,id06209
16977439,16978049,610,id06209
16978049,16978439,390,id06209
16978439,16978885,446,id06209
16978885,16979300,415,id06209
16979300,16979710,410,id06209
16979710,16980110,400,id06209
16980110,16980428,318,id06209
16980428,16981581,1153,id06209
16981581,16982580,999,id06209
16982580,16983174,594,id06209
16983174,16983579,405,id06209
16983579,16984173,594,id06209
16984173,16984527,354,id06209
16984527,16984942,415,id06209
16984942,16985265,323,id06209
16985265,16985614,349,id06209
16985614,16986065,451,id06209
16986065,16986649,584,id06209
16986649,16986993,344,id06209
16986993,16987352,359,id06209
16987352,16987737,385,id06209
16987737,16988116,379,id06209
16988116,16988552,436,id06209
16988552,16990073,1521,id06209
16990073,16990545,472,id06209
16990545,16990914,369,id06209
16990914,16991258,344,id06209
16991258,16991960,702,id06209
16991960,16992867,907,id06209
16992867,16993871,1004,id06209
16993871,16994225,354,id06209
16994225,16994691,466,id06209
16994691,16995198,507,id06209
16995198,16995731,533,id06209
16995731,16996197,466,id06209
16996197,16996541,344,id06209
16996541,16997422,881,id06209
16997422,16998365,943,id06209
16998365,16998816,451,id06209
16998816,16999477,661,id06209
16999477,16999846,369,id06209
16999846,17000389,543,id06209
17000389,17000727,338,id06209
17000727,17001291,564,id06209
17001291,17002090,799,id06209
17002090,17002608,518,id06209
17002608,17004523,1915,id06209
17004523,17005650,1127,id06209
17005650,17006035,385,id06209
17006035,17006512,477,id06209
17006512,17006897,385,id06209
17006897,17007584,687,id06209
17007584,17008158,574,id06209
17008158,17008701,543,id06209
17008701,17009019,318,id06209
17009019,17009665,646,id06209
17009665,17010290,625,id06209
17010290,17010664,374,id06209
17010664,17011156,492,id06209
17011156,17011494,338,id06209
17011494,17011863,369,id06209
17011863,17012268,405,id06209
17012268,17012596,328,id06209
17012596,17012991,395,id06209
17012991,17013437,446,id06209
17013437,17014078,641,id06209
17014078,17014560,482,id06209
17014560,17014924,364,id06209
17014924,17015355,431,id06209
17015355,17015873,518,id06209
17015873,17016268,395,id06209
17016268,17016653,385,id06209
17016653,17016981,328,id06209
17016981,17017330,349,id06209
17017330,17018395,1065,id06209
17018395,17018764,369,id06209
17018764,17019133,369,id06209
17019133,17019451,318,id06209
17019451,17019784,333,id06209
17019784,17020204,420,id06209
17020204,17020537,333,id06209
17020537,17020952,415,id06209
17020952,17021357,405,id06209
17021357,17021757,400,id06209
17021757,17022203,446,id06209
17022203,17022567,364,id06209
17022567,17023085,518,id06209
17023085,17023429,344,id06209
17023429,17023793,364,id06209
17023793,17024188,395,id06209
17024188,17024506,318,id06209
17024506,17025013,507,id06209
17025013,17025587,574,id06209
17025587,17025920,333,id06209
17025920,17026264,344,id06209
17026264,17026669,405,id06209
17026669,17027007,338,id06209
17027007,17027345,338,id06209
17027345,17028032,687,id06209
17028032,17028596,564,id06209
17028596,17028924,328,id06209
17028924,17029595,671,id06209
17029595,17029939,344,id06209
17029939,17030702,763,id06209
17030702,17031404,702,id06209
17031404,17032224,820,id06209
17032224,17032557,333,id06209
17032557,17033013,456,id06209
17033013,17033351,338,id06209
17033351,17033741,390,id06209
17033741,17034079,338,id06209
17034079,17034499,420,id06209
17034499,17034899,400,id06209
17034899,17035427,528,id06209
17035427,17035822,395,id06209
17035822,17036575,753,id06209
17036575,17036990,415,id06209
17036990,17037354,364,id06209
17037354,17037682,328,id06209
17037682,17038138,456,id06209
17038138,17038507,369,id06209
17038507,17038948,441,id06209
17038948,17039517,569,id06209
17039517,17040004,487,id06209
17040004,17040394,390,id06209
17040394,17040819,425,id06209
17040819,17041234,415,id06209
17041234,17041905,671,id06209
17041905,17042249,344,id06209
17042249,17042669,420,id06209
17042669,17043028,359,id06209
17043028,17043361,333,id06209
17043361,17044160,799,id06209
17044160,17044555,395,id06209
17044555,17045027,472,id06209
17045027,17045452,425,id06209
17045452,17045913,461,id06209
17045913,17046272,359,id06209
17046272,17046590,318,id06209
17046590,17048208,1618,id06209
17048208,17048946,738,id06209
17048946,17049341,395,id06209
17049341,17049664,323,id06209
17049664,17050694,1030,id06209
17050694,17051544,850,id06209
17051544,17052282,738,id06209
17052282,17052754,472,id06209
17052754,17053190,436,id06209
17053190,17053508,318,id06209
17053508,17054000,492,id06209
17054000,17055025,1025,id06209
17055025,17055942,917,id06209
17055942,17056864,922,id06209
17056864,17057305,441,id06209
17057305,17057623,318,id06209
17057623,17058115,492,id06209
17058115,17058684,569,id06209
17058684,17059222,538,id06209
17059222,17059832,610,id06209
17059832,17060314,482,id06209
17060314,17060929,615,id06209
17060929,17061426,497,id06209
17061426,17062026,600,id06209
17062026,17062451,425,id06209
17062451,17062836,385,id06209
17062836,17063164,328,id06209
17063164,17063656,492,id06310
17063656,17064005,349,id06310
17064005,17064379,374,id06310
17064379,17064953,574,id06310
17064953,17065972,1019,id06310
17065972,17067237,1265,id06310
17067237,17067616,379,id06310
17067616,17068047,431,id06310
17068047,17069266,1219,id06310
17069266,17069763,497,id06310
17069763,17070347,584,id06310
17070347,17070665,318,id06310
17070665,17071285,620,id06310
17071285,17071716,431,id06310
17071716,17072136,420,id06310
17072136,17072935,799,id06310
17072935,17073258,323,id06310
17073258,17073750,492,id06310
17073750,17074170,420,id06310
17074170,17074549,379,id06310
17074549,17075143,594,id06310
17075143,17075487,344,id06310
17075487,17075989,502,id06310
17075989,17076778,789,id06310
17076778,17077127,349,id06310
17077127,17077814,687,id06310
17077814,17078311,497,id06310
17078311,17078726,415,id06310
17078726,17079070,344,id06310
17079070,17079526,456,id06310
17079526,17079864,338,id06310
17079864,17080684,820,id06310
17080684,17081806,1122,id06310
17081806,17082319,513,id06310
17082319,17082898,579,id06310
17082898,17083303,405,id06310
17083303,17084706,1403,id06310
17084706,17085280,574,id06310
17085280,17086975,1695,id06310
17086975,17087313,338,id06310
17087313,17087897,584,id06310
17087897,17088666,769,id06310
17088666,17089363,697,id06310
17089363,17089778,415,id06310
17089778,17090183,405,id06310
17090183,17090527,344,id06310
17090527,17091014,487,id06310
17091014,17092023,1009,id06310
17092023,17092940,917,id06310
17092940,17093406,466,id06310
17093406,17094041,635,id06310
17094041,17094876,835,id06310
17094876,17095624,748,id06310
17095624,17095978,354,id06310
17095978,17096434,456,id06310
17096434,17096824,390,id06310
17096824,17097239,415,id06310
17097239,17098038,799,id06310
17098038,17098484,446,id06310
17098484,17099754,1270,id06310
17099754,17100205,451,id06310
17100205,17100994,789,id06310
17100994,17101466,472,id06310
17101466,17101881,415,id06310
17101881,17102378,497,id06310
17102378,17102706,328,id06310
17102706,17103449,743,id06310
17103449,17104535,1086,id06310
17104535,17104976,441,id06310
17104976,17105330,354,id06310
17105330,17105771,441,id06310
17105771,17106120,349,id06310
17106120,17106464,344,id06310
17106464,17106782,318,id06310
17106782,17107274,492,id06310
17107274,17107715,441,id06310
17107715,17108642,927,id06310
17108642,17109078,436,id06310
17109078,17109396,318,id06310
17109396,17109811,415,id06310
17109811,17110190,379,id06310
17110190,17110610,420,id06310
17110610,17110933,323,id06310
17110933,17111348,415,id06310
17111348,17111707,359,id06310
17111707,17112122,415,id06310
17112122,17112793,671,id06310
17112793,17113249,456,id06310
17113249,17113843,594,id06310
17113843,17115287,1444,id06310
17115287,17115922,635,id06310
17115922,17116281,359,id06310
17116281,17116763,482,id06310
17116763,17117378,615,id06310
17117378,17117711,333,id06310
17117711,17118285,574,id06310
17118285,17118659,374,id06310
17118659,17119064,405,id06310
17119064,17119438,374,id06310
17119438,17119807,369,id06310
17119807,17120355,548,id06310
17120355,17120765,410,id06310
17120765,17121150,385,id06310
17121150,17121488,338,id06310
17121488,17121821,333,id06310
17121821,17122231,410,id06310
17122231,17122595,364,id06310
17122595,17122923,328,id06310
17122923,17123348,425,id06310
17123348,17123727,379,id06310
17123727,17124327,600,id06310
17124327,17124778,451,id06310
17124778,17125142,364,id06310
17125142,17125506,364,id06310
17125506,17125901,395,id06310
17125901,17126245,344,id06310
17126245,17126886,641,id06310
17126886,17127383,497,id06310
17127383,17128208,825,id06310
17128208,17129007,799,id06310
17129007,17129397,390,id06310
17129397,17129720,323,id06310
17129720,17130089,369,id06310
17130089,17131032,943,id06310
17131032,17132021,989,id06310
17132021,17132672,651,id06310
17132672,17133072,400,id06310
17133072,17133759,687,id06310
17133759,17134461,702,id06310
17134461,17134979,518,id06310
17134979,17135425,446,id06310
17135425,17135881,456,id06310
17135881,17136296,415,id06310
17136296,17136778,482,id06310
17136778,17137347,569,id06310
17137347,17137819,472,id06310
17137819,17138173,354,id06310
17138173,17138568,395,id06310
17138568,17139255,687,id06310
17139255,17139624,369,id06310
17139624,17140382,758,id06310
17140382,17140787,405,id06310
17140787,17141361,574,id06310
17141361,17142135,774,id06310
17142135,17142489,354,id06310
17142489,17143283,794,id06310
17143283,17143647,364,id06310
17143647,17143965,318,id06310
17143965,17144467,502,id06310
17144467,17145558,1091,id06310
17145558,17145937,379,id06310
17145937,17146275,338,id06310
17146275,17146695,420,id06310
17146695,17147264,569,id06310
17147264,17147689,425,id06310
17147689,17148161,472,id06310
17148161,17148530,369,id06310
17148530,17148868,338,id06310
17148868,17149242,374,id06310
17149242,17149693,451,id06310
17149693,17150021,328,id06310
17150021,17150877,856,id06310
17150877,17151753,876,id06310
17151753,17152475,722,id06310
17152475,17153663,1188,id06310
17153663,17154191,528,id06310
17154191,17154570,379,id06310
17154570,17156035,1465,id06310
17156035,17156609,574,id06310
17156609,17157106,497,id06310
17157106,17157460,354,id06310
17157460,17158259,799,id06310
17158259,17158772,513,id06310
17158772,17159300,528,id06310
17159300,17159654,354,id06310
17159654,17159982,328,id06310
17159982,17160361,379,id06310
17160361,17161237,876,id06310
17161237,17161555,318,id06310
17161555,17162134,579,id06310
17162134,17162452,318,id06310
17162452,17163405,953,id06310
17163405,17163830,425,id06310
17163830,17164168,338,id06310
17164168,17164496,328,id06310
17164496,17164947,451,id06310
17164947,17166478,1531,id06310
17166478,17167165,687,id06310
17167165,17167519,354,id06310
17167519,17167863,344,id06310
17167863,17168278,415,id06310
17168278,17168632,354,id06310
17168632,17169262,630,id06310
17169262,17169984,722,id06310
17169984,17170440,456,id06310
17170440,17170906,466,id06310
17170906,17171372,466,id06310
17171372,17172478,1106,id06310
17172478,17173037,559,id06310
17173037,17173381,344,id06310
17173381,17173929,548,id06310
17173929,17174344,415,id06310
17174344,17174867,523,id06310
17174867,17175262,395,id06310
17175262,17175682,420,id06310
17175682,17176333,651,id06310
17176333,17176671,338,id06310
17176671,17177091,420,id06310
17177091,17177460,369,id06310
17177460,17177783,323,id06310
17177783,17178587,804,id06310
17178587,17179012,425,id06310
17179012,17179468,456,id06310
17179468,17180252,784,id06310
17180252,17182116,1864,id06310
17182116,17182639,523,id06310
17182639,17183361,722,id06310
17183361,17184488,1127,id06310
17184488,17185195,707,id06310
17185195,17185646,451,id06310
17185646,17186066,420,id06484
17186066,17186609,543,id06484
17186609,17187142,533,id06484
17187142,17187639,497,id06484
17187639,17188003,364,id06484
17188003,17188495,492,id06484
17188495,17188813,318,id06484
17188813,17189151,338,id06484
17189151,17189607,456,id06484
17189607,17189925,318,id06484
17189925,17190366,441,id06484
17190366,17191211,845,id06484
17191211,17191580,369,id06484
17191580,17192123,543,id06484
17192123,17192446,323,id06484
17192446,17192795,349,id06484
17192795,17193543,748,id06484
17193543,17193917,374,id06484
17193917,17194629,712,id06484
17194629,17195116,487,id06484
17195116,17195736,620,id06484
17195736,17196254,518,id06484
17196254,17196649,395,id06484
17196649,17197177,528,id06484
17197177,17197787,610,id06484
17197787,17198172,385,id06484
17198172,17198587,415,id06484
17198587,17198992,405,id06484
17198992,17199346,354,id06484
17199346,17200043,697,id06484
17200043,17200412,369,id06484
17200412,17200791,379,id06484
17200791,17201186,395,id06484
17201186,17201647,461,id06484
17201647,17202006,359,id06484
17202006,17202508,502,id06484
17202508,17202826,318,id06484
17202826,17203308,482,id06484
17203308,17203723,415,id06484
17203723,17204118,395,id06484
17204118,17204487,369,id06484
17204487,17204994,507,id06484
17204994,17205547,553,id06484
17205547,17206899,1352,id06484
17206899,17207278,379,id06484
17207278,17207755,477,id06484
17207755,17208278,523,id06484
17208278,17208616,338,id06484
17208616,17209129,513,id06484
17209129,17209785,656,id06484
17209785,17210226,441,id06484
17210226,17210774,548,id06484
17210774,17211292,518,id06484
17211292,17211610,318,id06484
17211610,17212148,538,id06484
17212148,17212870,722,id06484
17212870,17213449,579,id06484
17213449,17214197,748,id06484
17214197,17215626,1429,id06484
17215626,17215990,364,id06484
17215990,17216467,477,id06484
17216467,17216980,513,id06484
17216980,17217334,354,id06484
17217334,17217806,472,id06484
17217806,17218626,820,id06484
17218626,17218980,354,id06484
17218980,17219298,318,id06484
17219298,17220292,994,id06484
17220292,17220646,354,id06484
17220646,17221066,420,id06484
17221066,17221466,400,id06484
17221466,17221999,533,id06484
17221999,17222343,344,id06484
17222343,17222671,328,id06484
17222671,17223086,415,id06484
17223086,17223834,748,id06484
17223834,17224587,753,id06484
17224587,17224925,338,id06484
17224925,17225253,328,id06484
17225253,17225602,349,id06484
17225602,17226079,477,id06484
17226079,17226540,461,id06484
17226540,17227201,661,id06484
17227201,17227923,722,id06484
17227923,17228379,456,id06484
17228379,17228799,420,id06484
17228799,17229230,431,id06484
17229230,17229737,507,id06484
17229737,17230137,400,id06484
17230137,17230696,559,id06484
17230696,17231070,374,id06484
17231070,17231890,820,id06484
17231890,17232285,395,id06484
17232285,17232649,364,id06484
17232649,17233054,405,id06484
17233054,17233423,369,id06484
17233423,17234345,922,id06484
17234345,17234735,390,id06484
17234735,17235283,548,id06484
17235283,17235668,385,id06484
17235668,17235991,323,id06484
17235991,17236391,400,id06484
17236391,17237057,666,id06484
17237057,17237390,333,id06484
17237390,17238061,671,id06484
17238061,17238440,379,id06484
17238440,17239116,676,id06484
17239116,17239572,456,id06484
17239572,17240018,446,id06484
17240018,17240766,748,id06484
17240766,17242431,1665,id06484
17242431,17242851,420,id06484
17242851,17243502,651,id06484
17243502,17243876,374,id06484
17243876,17244271,395,id06484
17244271,17244681,410,id06484
17244681,17245019,338,id06484
17245019,17245383,364,id06484
17245383,17245773,390,id06484
17245773,17246111,338,id06484
17246111,17246670,559,id06484
17246670,17247177,507,id06484
17247177,17247556,379,id06484
17247556,17247894,338,id06484
17247894,17248263,369,id06484
17248263,17248632,369,id06484
17248632,17249027,395,id06484
17249027,17249371,344,id06484
17249371,17249802,431,id06484
17249802,17250146,344,id06484
17250146,17250490,344,id06484
17250490,17250854,364,id06484
17250854,17251192,338,id06484
17251192,17251546,354,id06484
17251546,17251925,379,id06484
17251925,17252253,328,id06484
17252253,17252643,390,id06484
17252643,17252966,323,id06484
17252966,17253407,441,id06484
17253407,17253786,379,id06484
17253786,17254119,333,id06484
17254119,17254457,338,id06484
17254457,17254954,497,id06484
17254954,17255292,338,id06484
17255292,17255723,431,id06484
17255723,17256072,349,id06484
17256072,17256503,431,id06484
17256503,17256928,425,id06484
17256928,17257405,477,id06484
17257405,17257861,456,id06484
17257861,17258240,379,id06484
17258240,17258599,359,id06484
17258599,17258984,385,id06484
17258984,17259374,390,id06484
17259374,17259764,390,id06484
17259764,17260389,625,id06484
17260389,17260743,354,id06484
17260743,17261138,395,id06484
17261138,17261517,379,id06484
17261517,17262188,671,id06484
17262188,17263397,1209,id06484
17263397,17264150,753,id06484
17264150,17264494,344,id06484
17264494,17265114,620,id06484
17265114,17265442,328,id06484
17265442,17265786,344,id06484
17265786,17266324,538,id06484
17266324,17267087,763,id06484
17267087,17267446,359,id06484
17267446,17267933,487,id06484
17267933,17268369,436,id06484
17268369,17268805,436,id06484
17268805,17269686,881,id06484
17269686,17270065,379,id06484
17270065,17270997,932,id06484
17270997,17271484,487,id06484
17271484,17271950,466,id06484
17271950,17272381,431,id06484
17272381,17272837,456,id06484
17272837,17273278,441,id06484
17273278,17273693,415,id06484
17273693,17274118,425,id06484
17274118,17274692,574,id06484
17274692,17275225,533,id06484
17275225,17275661,436,id06484
17275661,17275999,338,id06484
17275999,17276317,318,id06484
17276317,17276702,385,id06484
17276702,17277035,333,id06484
17277035,17277655,620,id06484
17277655,17278019,364,id06484
17278019,17278542,523,id06484
17278542,17279280,738,id06484
17279280,17279726,446,id06484
17279726,17280187,461,id06484
17280187,17280612,425,id06484
17280612,17280950,338,id06484
17280950,17281345,395,id06484
17281345,17281673,328,id06484
17281673,17282027,354,id06484
17282027,17282371,344,id06484
17282371,17283252,881,id06484
17283252,17283652,400,id06484
17283652,17283970,318,id06484
17283970,17284646,676,id06484
17284646,17286142,1496,id06692
17286142,17287556,1414,id06692
17287556,17290490,2934,id06692
17290490,17291064,574,id06692
17291064,17291433,369,id06692
17291433,17292411,978,id06692
17292411,17292908,497,id06692
17292908,17293395,487,id06692
17293395,17294507,1112,id06692
17294507,17295716,1209,id06692
17295716,17296408,692,id06692
17296408,17296818,410,id06692
17296818,17297274,456,id06692
17297274,17298078,804,id06692
17298078,17298652,574,id06692
17298652,17299118,466,id06692
17299118,17299492,374,id06692
17299492,17300086,594,id06692
17300086,17300957,871,id06692
17300957,17301388,431,id06692
17301388,17302822,1434,id06692
17302822,17303427,605,id06692
17303427,17303842,415,id06692
17303842,17304227,385,id06692
17304227,17304837,610,id06692
17304837,17305309,472,id06692
17305309,17305842,533,id06692
17305842,17306493,651,id06692
17306493,17307164,671,id06692
17307164,17307482,318,id06692
17307482,17308092,610,id06692
17308092,17308497,405,id06692
17308497,17308835,338,id06692
17308835,17309573,738,id06692
17309573,17310342,769,id06692
17310342,17310696,354,id06692
17310696,17311050,354,id06692
17311050,17312397,1347,id06692
17312397,17312915,518,id06692
17312915,17313458,543,id06692
17313458,17313960,502,id06692
17313960,17314708,748,id06692
17314708,17315292,584,id06692
17315292,17315687,395,id06692
17315687,17316584,897,id06692
17316584,17318141,1557,id06692
17318141,17320783,2642,id06692
17320783,17321229,446,id06692
17321229,17321660,431,id06692
17321660,17322372,712,id06692
17322372,17322854,482,id06692
17322854,17325164,2310,id06692
17325164,17326122,958,id06692
17326122,17327720,1598,id06692
17327720,17329123,1403,id06692
17329123,17329938,815,id06692
17329938,17330292,354,id06692
17330292,17330758,466,id06692
17330758,17331173,415,id06692
17331173,17333104,1931,id06692
17333104,17333765,661,id06692
17333765,17334743,978,id06692
17334743,17335163,420,id06692
17335163,17336423,1260,id06692
17336423,17338876,2453,id06692
17338876,17339317,441,id06692
17339317,17340592,1275,id06692
17340592,17343045,2453,id06692
17343045,17343445,400,id06692
17343445,17343835,390,id06692
17343835,17344568,733,id06692
17344568,17345623,1055,id06692
17345623,17346238,615,id06692
17346238,17347698,1460,id06692
17347698,17348221,523,id06692
17348221,17348616,395,id06692
17348616,17349635,1019,id06692
17349635,17349958,323,id06692
17349958,17350327,369,id06692
17350327,17351654,1327,id06692
17351654,17354824,3170,id06692
17354824,17357006,2182,id06692
17357006,17357483,477,id06692
17357483,17358164,681,id06692
17358164,17358615,451,id06692
17358615,17359706,1091,id06692
17359706,17360613,907,id06692
17360613,17360967,354,id06692
17360967,17361833,866,id06692
17361833,17362366,533,id06692
17362366,17364148,1782,id06692
17364148,17364906,758,id06692
17364906,17365342,436,id06692
17365342,17366310,968,id06692
17366310,17366628,318,id06692
17366628,17370074,3446,id06692
17370074,17370786,712,id06692
17370786,17371386,600,id06692
17371386,17371986,600,id06692
17371986,17374065,2079,id06692
17374065,17375177,1112,id06692
17375177,17375618,441,id06692
17375618,17376627,1009,id06692
17376627,17377073,446,id06692
17377073,17378866,1793,id06692
17378866,17381068,2202,id06692
17381068,17383352,2284,id06692
17383352,17385175,1823,id06692
17385175,17385575,400,id06692
17385575,17387112,1537,id06692
17387112,17388080,968,id06692
17388080,17388633,553,id06692
17388633,17389033,400,id06692
17389033,17389627,594,id06692
17389627,17390068,441,id06692
17390068,17391221,1153,id06692
17391221,17392589,1368,id06692
17392589,17392907,318,id06692
17392907,17393885,978,id06692
17393885,17396333,2448,id06692
17396333,17398612,2279,id06692
17398612,17400824,2212,id06692
17400824,17403277,2453,id06692
17403277,17403887,610,id06692
17403887,17407354,3467,id06692
17407354,17407800,446,id06692
17407800,17408169,369,id06692
17408169,17408666,497,id06692
17408666,17409916,1250,id06692
17409916,17410572,656,id06692
17410572,17412324,1752,id06692
17412324,17412668,344,id06692
17412668,17415141,2473,id06692
17415141,17416089,948,id06692
17416089,17416545,456,id06692
17416545,17417160,615,id06692
17417160,17417621,461,id06692
17417621,17418052,431,id06692
17418052,17419389,1337,id06692
17419389,17420844,1455,id06692
17420844,17421648,804,id06692
17421648,17422099,451,id06692
17422099,17423415,1316,id06692
17423415,17423753,338,id06692
17423753,17425592,1839,id06692
17425592,17426442,850,id06692
17426442,17426898,456,id06692
17426898,17428926,2028,id06692
17428926,17430928,2002,id06692
17430928,17431676,748,id06692
17431676,17432199,523,id06692
17432199,17432778,579,id06692
17432778,17435641,2863,id06692
17435641,17437213,1572,id06692
17437213,17438442,1229,id06692
17438442,17438801,359,id06692
17438801,17440138,1337,id06692
17440138,17440835,697,id06692
17440835,17441163,328,id06692
17441163,17443043,1880,id06692
17443043,17444016,973,id06692
17444016,17445512,1496,id06692
17445512,17446649,1137,id06692
17446649,17447837,1188,id06692
17447837,17448529,692,id06692
17448529,17448852,323,id06692
17448852,17449871,1019,id06692
17449871,17450547,676,id06692
17450547,17452913,2366,id06692
17452913,17454132,1219,id06692
17454132,17456923,2791,id06692
17456923,17457364,441,id06692
17457364,17457713,349,id06692
17457713,17458087,374,id06692
17458087,17458973,886,id06692
17458973,17459537,564,id06692
17459537,17461074,1537,id06692
17461074,17461453,379,id06692
17461453,17464485,3032,id06692
17464485,17466692,2207,id06692
17466692,17467123,431,id06692
17467123,17467758,635,id06692
17467758,17468941,1183,id06692
17468941,17471650,2709,id06692
17471650,17472936,1286,id06692
17472936,17476654,3718,id06692
17476654,17477039,385,id06692
17477039,17477362,323,id06692
17477362,17478817,1455,id06692
17478817,17479242,425,id06692
17479242,17479616,374,id06692
17479616,17480123,507,id06692
17480123,17481117,994,id06692
17481117,17481568,451,id06692
17481568,17482162,594,id06692
17482162,17482506,344,id06692
17482506,17483075,569,id06692
17483075,17484038,963,id06692
17484038,17484510,472,id06692
17484510,17484884,374,id06692
17484884,17485427,543,id06692
17485427,17485771,344,id06692
17485771,17486212,441,id06692
17486212,17486725,513,id06692
17486725,17487048,323,id06692
17487048,17487386,338,id06692
17487386,17487939,553,id06692
17487939,17488395,456,id06692
17488395,17488759,364,id06692
17488759,17489097,338,id06692
17489097,17489825,728,id06692
17489825,17490174,349,id06692
17490174,17490722,548,id06692
17490722,17491081,359,id06692
17491081,17491619,538,id06692
17491619,17491998,379,id06692
17491998,17492367,369,id06692
17492367,17492956,589,id06692
17492956,17493294,338,id06692
17493294,17493858,564,id06692
17493858,17494212,354,id06692
17494212,17494597,385,id06692
17494597,17495227,630,id06692
17495227,17495632,405,id06692
17495632,17495950,318,id06692
17495950,17496493,543,id06692
17496493,17496842,349,id06692
17496842,17497252,410,id06692
17497252,17497642,390,id06692
17497642,17498052,410,id06692
17498052,17498462,410,id06692
17498462,17499246,784,id06692
17499246,17499692,446,id06692
17499692,17500670,978,id06692
17500670,17501244,574,id06692
17501244,17501593,349,id06692
17501593,17501921,328,id06692
17501921,17502341,420,id06692
17502341,17502731,390,id06692
17502731,17503110,379,id06692
17503110,17503459,349,id06692
17503459,17504637,1178,id06692
17504637,17505636,999,id06692
17505636,17506010,374,id06692
17506010,17506558,548,id06692
17506558,17507209,651,id06692
17507209,17507727,518,id06692
17507727,17508106,379,id06692
17508106,17508434,328,id06692
17508434,17508854,420,id06692
17508854,17509679,825,id06692
17509679,17510099,420,id06692
17510099,17511180,1081,id06692
17511180,17512107,927,id06692
17512107,17513183,1076,id06692
17513183,17513557,374,id06692
17513557,17515053,1496,id06692
17515053,17515596,543,id06692
17515596,17516027,431,id06692
17516027,17516365,338,id06692
17516365,17516939,574,id06692
17516939,17517272,333,id06692
17517272,17517600,328,id06692
17517600,17517949,349,id06692
17517949,17518472,523,id06692
17518472,17519230,758,id06692
17519230,17519681,451,id06692
17519681,17521361,1680,id06692
17521361,17521730,369,id06692
17521730,17522314,584,id06692
17522314,17522658,344,id06692
17522658,17523718,1060,id06692
17523718,17524169,451,id06692
17524169,17524897,728,id06692
17524897,17525297,400,id06692
17525297,17525717,420,id06692
17525717,17526081,364,id06692
17526081,17526537,456,id06692
17526537,17527096,559,id06692
17527096,17527475,379,id06692
17527475,17527813,338,id06692
17527813,17528151,338,id06692
17528151,17528776,625,id06692
17528776,17529222,446,id06692
17529222,17529617,395,id06692
17529617,17531138,1521,id06692
17531138,17531487,349,id06692
17531487,17531810,323,id06692
17531810,17532133,323,id06692
17532133,17532594,461,id06692
17532594,17533025,431,id06692
17533025,17533896,871,id06692
17533896,17534670,774,id06692
17534670,17535039,369,id06692
17535039,17535511,472,id06692
17535511,17535936,425,id06692
17535936,17536418,482,id06692
17536418,17536736,318,id06692
17536736,17537095,359,id06692
17537095,17537526,431,id06692
17537526,17538202,676,id06692
17538202,17539467,1265,id06692
17539467,17539995,528,id06692
17539995,17540492,497,id06692
17540492,17541563,1071,id06692
17541563,17542603,1040,id06692
17542603,17543474,871,id06692
17543474,17544099,625,id06692
17544099,17544519,420,id06692
17544519,17545323,804,id06692
17545323,17545876,553,id06692
17545876,17546271,395,id06692
17546271,17547173,902,id06692
17547173,17547558,385,id06692
17547558,17547891,333,id06692
17547891,17548214,323,id06692
17548214,17549587,1373,id06692
17549587,17550043,456,id06692
17550043,17550581,538,id06692
17550581,17550971,390,id06692
17550971,17551299,328,id06692
17551299,17551724,425,id06692
17551724,17552426,702,id06692
17552426,17552775,349,id06692
17552775,17553303,528,id06692
17553303,17553688,385,id06692
17553688,17554615,927,id06692
17554615,17555240,625,id06692
17555240,17556249,1009,id06692
17556249,17557058,809,id06692
17557058,17557611,553,id06692
17557611,17558252,641,id06692
17558252,17559154,902,id06692
17559154,17559498,344,id06692
17559498,17560251,753,id06692
17560251,17560692,441,id06692
17560692,17561302,610,id06692
17561302,17561656,354,id06692
17561656,17561994,338,id06692
17561994,17562373,379,id06692
17562373,17563152,779,id06692
17563152,17564120,968,id06692
17564120,17565139,1019,id06692
17565139,17565933,794,id06692
17565933,17566318,385,id06692
17566318,17566733,415,id06692
17566733,17567077,344,id06692
17567077,17567456,379,id06692
17567456,17568245,789,id06692
17568245,17568614,369,id06692
17568614,17569377,763,id06692
17569377,17569695,318,id06692
17569695,17570433,738,id06692
17570433,17570910,477,id06692
17570910,17572626,1716,id06692
17572626,17573005,379,id06692
17573005,17573656,651,id06692
17573656,17574107,451,id06692
17574107,17574471,364,id06692
17574471,17574978,507,id06692
17574978,17575608,630,id06692
17575608,17575993,385,id06692
17575993,17576321,328,id06692
17576321,17576741,420,id06692
17576741,17577213,472,id06692
17577213,17577715,502,id06692
17577715,17578217,502,id06692
17578217,17578555,338,id06692
17578555,17579103,548,id06692
17579103,17579441,338,id06692
17579441,17579836,395,id06692
17579836,17580226,390,id06692
17580226,17580585,359,id06692
17580585,17581287,702,id06692
17581287,17581641,354,id06692
17581641,17582148,507,id06692
17582148,17582614,466,id06692
17582614,17582993,379,id06692
17582993,17583331,338,id06692
17583331,17584642,1311,id06692
17584642,17584970,328,id06692
17584970,17585969,999,id06692
17585969,17586451,482,id06692
17586451,17587030,579,id06692
17587030,17587404,374,id06692
17587404,17587978,574,id06692
17587978,17588460,482,id06692
17588460,17588778,318,id06692
17588778,17589444,666,id06692
17589444,17589936,492,id06692
17589936,17590264,328,id06692
17590264,17590710,446,id06692
17590710,17591468,758,id06692
17591468,17591893,425,id06692
17591893,17592513,620,id06692
17592513,17593282,769,id06692
17593282,17594219,937,id06692
17594219,17595172,953,id06692
17595172,17595710,538,id06692
17595710,17596187,477,id06692
17596187,17597375,1188,id06692
17597375,17598374,999,id06692
17598374,17598697,323,id06692
17598697,17599496,799,id06692
17599496,17599865,369,id06692
17599865,17600946,1081,id06692
17600946,17601356,410,id06692
17601356,17601838,482,id06692
17601838,17602351,513,id06692
17602351,17602761,410,id06692
17602761,17604134,1373,id06692
17604134,17604815,681,id06692
17604815,17605978,1163,id06692
17605978,17606603,625,id06692
17606603,17607991,1388,id06692
17607991,17609149,1158,id06692
17609149,17609487,338,id06692
17609487,17610071,584,id06692
17610071,17611070,999,id06692
17611070,17611552,482,id06692
17611552,17612536,984,id06692
17612536,17612874,338,id06692
17612874,17613305,431,id06692
17613305,17613771,466,id06692
17613771,17614243,472,id06692
17614243,17614587,344,id06692
17614587,17615356,769,id06692
17615356,17615751,395,id06692
17615751,17616806,1055,id06692
17616806,17617457,651,id06692
17617457,17617877,420,id06692
17617877,17618866,989,id06692
17618866,17619594,728,id06692
17619594,17620450,856,id06692
17620450,17620809,359,id06692
17620809,17621670,861,id06692
17621670,17622008,338,id06692
17622008,17622326,318,id06692
17622326,17622879,553,id06692
17622879,17623520,641,id06692
17623520,17623894,374,id06692
17623894,17624396,502,id06692
17624396,17624857,461,id06692
17624857,17625226,369,id06692
17625226,17625708,482,id06692
17625708,17626200,492,id06692
17626200,17626585,385,id06692
17626585,17626939,354,id06692
17626939,17627523,584,id06692
17627523,17627928,405,id06692
17627928,17628328,400,id06692
17628328,17628672,344,id06692
17628672,17629133,461,id06692
17629133,17629738,605,id06692
17629738,17630153,415,id06692
17630153,17630471,318,id06692
17630471,17631362,891,id06692
17631362,17631936,574,id06692
17631936,17632290,354,id06692
17632290,17632659,369,id06692
17632659,17634129,1470,id06692
17634129,17634729,600,id06692
17634729,17635195,466,id06692
17635195,17635569,374,id06692
17635569,17636000,431,id06692
17636000,17636656,656,id06692
17636656,17637025,369,id06692
17637025,17637394,369,id06692
17637394,17637912,518,id06692
17637912,17638343,431,id06692
17638343,17638763,420,id06692
17638763,17639255,492,id06692
17639255,17639573,318,id06692
17639573,17639911,338,id06692
17639911,17640290,379,id06692
17640290,17640833,543,id06692
17640833,17641299,466,id06692
17641299,17641643,344,id06692
17641643,17642258,615,id06692
17642258,17642837,579,id06692
17642837,17643175,338,id06692
17643175,17643539,364,id06692
17643539,17644215,676,id06692
17644215,17644789,574,id06692
17644789,17645322,533,id06692
17645322,17645891,569,id06692
17645891,17646711,820,id06692
17646711,17647152,441,id06692
17647152,17647608,456,id06692
17647608,17648033,425,id06692
17648033,17648561,528,id06692
17648561,17649099,538,id06811
17649099,17649786,687,id06811
17649786,17650181,395,id06811
17650181,17651236,1055,id06811
17651236,17651917,681,id06811
17651917,17653141,1224,id06811
17653141,17653659,518,id06811
17653659,17654044,385,id06811
17654044,17654603,559,id06811
17654603,17655766,1163,id06811
17655766,17656273,507,id06811
17656273,17656975,702,id06811
17656975,17657697,722,id06811
17657697,17658020,323,id06811
17658020,17660509,2489,id06811
17660509,17660853,344,id06811
17660853,17661350,497,id06811
17661350,17661678,328,id06811
17661678,17662016,338,id06811
17662016,17662370,354,id06811
17662370,17665079,2709,id06811
17665079,17665776,697,id06811
17665776,17666309,533,id06811
17666309,17666658,349,id06811
17666658,17667560,902,id06811
17667560,17668093,533,id06811
17668093,17668626,533,id06811
17668626,17669113,487,id06811
17669113,17670399,1286,id06811
17670399,17670763,364,id06811
17670763,17671148,385,id06811
17671148,17671963,815,id06811
17671963,17672291,328,id06811
17672291,17672824,533,id06811
17672824,17674217,1393,id06811
17674217,17674642,425,id06811
17674642,17675252,610,id06811
17675252,17675611,359,id06811
17675611,17676088,477,id06811
17676088,17677665,1577,id06811
17677665,17678510,845,id06811
17678510,17679468,958,id06811
17679468,17679909,441,id06811
17679909,17680734,825,id06811
17680734,17681231,497,id06811
17681231,17682706,1475,id06811
17682706,17683428,722,id06811
17683428,17683894,466,id06811
17683894,17684366,472,id06811
17684366,17684756,390,id06811
17684756,17685166,410,id06811
17685166,17686011,845,id06811
17686011,17686375,364,id06811
17686375,17686724,349,id06811
17686724,17687513,789,id06811
17687513,17688056,543,id06811
17688056,17688727,671,id06811
17688727,17689045,318,id06811
17689045,17689609,564,id06811
17689609,17690726,1117,id06811
17690726,17691704,978,id06811
17691704,17692181,477,id06811
17692181,17692663,482,id06811
17692663,17693150,487,id06811
17693150,17693837,687,id06811
17693837,17694447,610,id06811
17694447,17694990,543,id06811
17694990,17695707,717,id06811
17695707,17696132,425,id06811
17696132,17697182,1050,id06811
17697182,17698176,994,id06811
17698176,17699113,937,id06811
17699113,17700813,1700,id06811
17700813,17701689,876,id06811
17701689,17702212,523,id06811
17702212,17702765,553,id06811
17702765,17703487,722,id06811
17703487,17703841,354,id06811
17703841,17704722,881,id06811
17704722,17705255,533,id06811
17705255,17705778,523,id06811
17705778,17706255,477,id06811
17706255,17706839,584,id06811
17706839,17708422,1583,id06811
17708422,17710281,1859,id06811
17710281,17710645,364,id06811
17710645,17711076,431,id06811
17711076,17711706,630,id06811
17711706,17712198,492,id06811
17712198,17712542,344,id06811
17712542,17712942,400,id06811
17712942,17713567,625,id06811
17713567,17714141,574,id06811
17714141,17715626,1485,id06811
17715626,17716026,400,id06811
17716026,17718540,2514,id06811
17718540,17720077,1537,id06811
17720077,17720600,523,id06811
17720600,17721041,441,id06811
17721041,17722444,1403,id06811
17722444,17723090,646,id06811
17723090,17724765,1675,id06811
17724765,17725088,323,id06811
17725088,17726113,1025,id06811
17726113,17726482,369,id06811
17726482,17727158,676,id06811
17727158,17727681,523,id06811
17727681,17728009,328,id06811
17728009,17728475,466,id06811
17728475,17729069,594,id06811
17729069,17729735,666,id06811
17729735,17730201,466,id06811
17730201,17730903,702,id06811
17730903,17731728,825,id06811
17731728,17732256,528,id06811
17732256,17732666,410,id06811
17732666,17733091,425,id06811
17733091,17733634,543,id06811
17733634,17735227,1593,id06811
17735227,17736159,932,id06811
17736159,17736784,625,id06811
17736784,17737209,425,id06811
17737209,17737911,702,id06811
17737911,17738249,338,id06811
17738249,17738634,385,id06811
17738634,17738957,323,id06811
17738957,17739505,548,id06811
17739505,17739849,344,id06811
17739849,17740807,958,id06811
17740807,17741171,364,id06811
17741171,17741709,538,id06811
17741709,17742303,594,id06811
17742303,17742647,344,id06811
17742647,17743144,497,id06811
17743144,17743523,379,id06811
17743523,17745838,2315,id06811
17745838,17746156,318,id06811
17746156,17746725,569,id06811
17746725,17747494,769,id06811
17747494,17748155,661,id06811
17748155,17748534,379,id06811
17748534,17749006,472,id06811
17749006,17749355,349,id06811
17749355,17751030,1675,id06811
17751030,17751348,318,id06811
17751348,17751753,405,id06811
17751753,17752091,338,id06811
17752091,17752470,379,id06811
17752470,17752977,507,id06811
17752977,17753331,354,id06811
17753331,17753700,369,id06811
17753700,17754248,548,id06811
17754248,17755180,932,id06811
17755180,17756215,1035,id06811
17756215,17756646,431,id06811
17756646,17758531,1885,id06811
17758531,17759166,635,id06811
17759166,17759556,390,id06811
17759556,17760161,605,id06811
17760161,17760668,507,id06811
17760668,17762404,1736,id06811
17762404,17762952,548,id06811
17762952,17763536,584,id06811
17763536,17765538,2002,id06811
17765538,17765969,431,id06811
17765969,17766589,620,id06811
17766589,17767055,466,id06811
17767055,17767404,349,id06811
17767404,17768183,779,id06811
17768183,17768557,374,id06811
17768557,17769131,574,id06811
17769131,17769459,328,id06811
17769459,17770028,569,id06811
17770028,17770520,492,id06811
17770520,17770853,333,id06811
17770853,17771243,390,id06811
17771243,17771612,369,id06811
17771612,17772150,538,id06811
17772150,17772473,323,id06811
17772473,17772827,354,id06811
17772827,17773145,318,id06811
17773145,17774487,1342,id06811
17774487,17774841,354,id06811
17774841,17776168,1327,id06811
17776168,17776727,559,id06811
17776727,17777147,420,id06811
17777147,17777465,318,id06811
17777465,17777839,374,id06811
17777839,17778459,620,id06811
17778459,17779110,651,id06811
17779110,17780257,1147,id06811
17780257,17780785,528,id06811
17780785,17782634,1849,id06811
17782634,17783080,446,id06811
17783080,17783828,748,id06811
17783828,17784428,600,id06811
17784428,17785709,1281,id06811
17785709,17786703,994,id06811
17786703,17787103,400,id06811
17787103,17787421,318,id06811
17787421,17788092,671,id06811
17788092,17788471,379,id06811
17788471,17788850,379,id06811
17788850,17789588,738,id06811
17789588,17790167,579,id06811
17790167,17790802,635,id06811
17790802,17791299,497,id06811
17791299,17791740,441,id06811
17791740,17792109,369,id06811
17792109,17792775,666,id06811
17792775,17793369,594,id06811
17793369,17793764,395,id06811
17793764,17794430,666,id06811
17794430,17794784,354,id06811
17794784,17795148,364,id06811
17795148,17795732,584,id06811
17795732,17796111,379,id06811
17796111,17797719,1608,id06811
17797719,17798098,379,id06811
17798098,17798692,594,id06811
17798692,17799087,395,id06811
17799087,17799835,748,id06811
17799835,17800880,1045,id06811
17800880,17802734,1854,id06811
17802734,17803165,431,id06811
17803165,17803529,364,id06811
17803529,17803970,441,id06811
17803970,17804349,379,id06811
17804349,17805020,671,id06811
17805020,17805507,487,id06811
17805507,17805958,451,id06811
17805958,17806440,482,id06811
17806440,17807116,676,id06811
17807116,17807439,323,id06811
17807439,17807880,441,id06811
17807880,17808249,369,id06811
17808249,17808644,395,id06811
17808644,17809008,364,id06811
17809008,17809577,569,id06811
17809577,17810330,753,id06811
17810330,17810658,328,id06811
17810658,17811473,815,id06811
17811473,17812185,712,id06811
17812185,17812529,344,id06811
17812529,17812944,415,id06811
17812944,17814168,1224,id06811
17814168,17814614,446,id06811
17814614,17815009,395,id06811
17815009,17816914,1905,id06811
17816914,17817258,344,id06811
17817258,17818114,856,id06811
17818114,17818545,431,id06811
17818545,17819032,487,id06811
17819032,17819611,579,id06811
17819611,17820062,451,id06811
17820062,17820774,712,id06811
17820774,17821399,625,id06811
17821399,17821794,395,id06811
17821794,17822158,364,id06811
17822158,17822537,379,id06811
17822537,17824033,1496,id06811
17824033,17825426,1393,id06811
17825426,17828376,2950,id06811
17828376,17829006,630,id06811
17829006,17829611,605,id06811
17829611,17830067,456,id06811
17830067,17830861,794,id06811
17830861,17831189,328,id06811
17831189,17831527,338,id06811
17831527,17831886,359,id06811
17831886,17833074,1188,id06811
17833074,17834365,1291,id06811
17834365,17834709,344,id06811
17834709,17836358,1649,id06811
17836358,17837270,912,id06811
17837270,17837629,359,id06811
17837629,17838039,410,id06811
17838039,17838398,359,id06811
17838398,17838736,338,id06811
17838736,17839100,364,id06811
17839100,17839418,318,id06811
17839418,17839736,318,id06811
17839736,17840080,344,id06811
17840080,17840449,369,id06811
17840449,17840905,456,id06811
17840905,17841254,349,id06811
17841254,17841603,349,id06811
17841603,17841941,338,id06811
17841941,17842423,482,id06811
17842423,17842946,523,id06811
17842946,17843325,379,id06811
17843325,17843786,461,id06811
17843786,17844114,328,id06811
17844114,17844463,349,id06811
17844463,17844791,328,id06811
17844791,17845872,1081,id06811
17845872,17846600,728,id06811
17846600,17847491,891,id06811
17847491,17848070,579,id06811
17848070,17849801,1731,id06811
17849801,17850810,1009,id06811
17850810,17851164,354,id06811
17851164,17851666,502,id06811
17851666,17851994,328,id06811
17851994,17852332,338,id06811
17852332,17852845,513,id06811
17852845,17853194,349,id06811
17853194,17853686,492,id06811
17853686,17854004,318,id06811
17854004,17854399,395,id06811
17854399,17854896,497,id06811
17854896,17855895,999,id06811
17855895,17856761,866,id06811
17856761,17857514,753,id06811
17857514,17857852,338,id06811
17857852,17858185,333,id06811
17858185,17859752,1567,id06811
17859752,17860679,927,id06811
17860679,17862149,1470,id06811
17862149,17862559,410,id06811
17862559,17863281,722,id06811
17863281,17863660,379,id06811
17863660,17865355,1695,id06811
17865355,17865693,338,id06811
17865693,17866057,364,id06811
17866057,17866677,620,id06811
17866677,17868628,1951,id06811
17868628,17869299,671,id06811
17869299,17870288,989,id06811
17870288,17870693,405,id06811
17870693,17871272,579,id06811
17871272,17871907,635,id06811
17871907,17872583,676,id06811
17872583,17872911,328,id06811
17872911,17873296,385,id06811
17873296,17873711,415,id06811
17873711,17874321,610,id06811
17874321,17875366,1045,id06811
17875366,17875684,318,id06811
17875684,17876186,502,id06811
17876186,17876565,379,id06811
17876565,17876970,405,id06811
17876970,17877293,323,id06811
17877293,17877734,441,id06811
17877734,17878605,871,id06811
17878605,17878933,328,id06811
17878933,17879840,907,id06811
17879840,17880542,702,id06811
17880542,17881229,687,id06811
17881229,17881644,415,id06811
17881644,17882264,620,id06811
17882264,17883719,1455,id06811
17883719,17885501,1782,id06811
17885501,17886623,1122,id06811
17886623,17886992,369,id06811
17886992,17887356,364,id06811
17887356,17887925,569,id06811
17887925,17888243,318,id06811
17888243,17888684,441,id06811
17888684,17889033,349,id06811
17889033,17889377,344,id06811
17889377,17889741,364,id06811
17889741,17890284,543,id06811
17890284,17891058,774,id06811
17891058,17891545,487,id06811
17891545,17892042,497,id06811
17892042,17892575,533,id06811
17892575,17893144,569,id06811
17893144,17893544,400,id06811
17893544,17893903,359,id06811
17893903,17894902,999,id06811
17894902,17895425,523,id06811
17895425,17895769,344,id06811
17895769,17896200,431,id06811
17896200,17897132,932,id06811
17897132,17897583,451,id06811
17897583,17898254,671,id06811
17898254,17898823,569,id06811
17898823,17899172,349,id06811
17899172,17900918,1746,id06811
17900918,17901369,451,id06811
17901369,17902368,999,id06811
17902368,17903070,702,id06811
17903070,17903670,600,id06811
17903670,17904126,456,id06816
17904126,17904516,390,id06816
17904516,17904860,344,id06816
17904860,17905255,395,id06816
17905255,17905942,687,id06816
17905942,17906337,395,id06816
17906337,17907034,697,id06816
17907034,17907475,441,id06816
17907475,17908428,953,id06816
17908428,17909053,625,id06816
17909053,17909422,369,id06816
17909422,17909827,405,id06816
17909827,17910247,420,id06816
17910247,17910637,390,id06816
17910637,17910975,338,id06816
17910975,17911452,477,id06816
17911452,17911877,425,id06816
17911877,17912313,436,id06816
17912313,17912636,323,id06816
17912636,17913113,477,id06816
17913113,17913467,354,id06816
17913467,17913805,338,id06816
17913805,17914159,354,id06816
17914159,17914508,349,id06816
17914508,17915435,927,id06816
17915435,17916588,1153,id06816
17916588,17917269,681,id06816
17917269,17918176,907,id06816
17918176,17918699,523,id06816
17918699,17919585,886,id06816
17919585,17920389,804,id06816
17920389,17920763,374,id06816
17920763,17921178,415,id06816
17921178,17921557,379,id06816
17921557,17921952,395,id06816
17921952,17922280,328,id06816
17922280,17922854,574,id06816
17922854,17923320,466,id06816
17923320,17923684,364,id06816
17923684,17924058,374,id06816
17924058,17924658,600,id06816
17924658,17925263,605,id06816
17925263,17925965,702,id06816
17925965,17926421,456,id06816
17926421,17926765,344,id06816
17926765,17927109,344,id06816
17927109,17927591,482,id06816
17927591,17928109,518,id06816
17928109,17928432,323,id06816
17928432,17928950,518,id06816
17928950,17930261,1311,id06816
17930261,17931408,1147,id06816
17931408,17932187,779,id06816
17932187,17932705,518,id06816
17932705,17933233,528,id06816
17933233,17934677,1444,id06816
17934677,17935348,671,id06816
17935348,17936152,804,id06816
17936152,17936567,415,id06816
17936567,17936895,328,id06816
17936895,17937674,779,id06816
17937674,17940706,3032,id06816
17940706,17941935,1229,id06816
17941935,17942975,1040,id06816
17942975,17944163,1188,id06816
17944163,17946770,2607,id06816
17946770,17947467,697,id06816
17947467,17948527,1060,id06816
17948527,17948886,359,id06816
17948886,17949352,466,id06816
17949352,17949900,548,id06816
17949900,17950510,610,id06816
17950510,17950879,369,id06816
17950879,17951233,354,id06816
17951233,17951582,349,id06816
17951582,17951920,338,id06816
17951920,17952340,420,id06816
17952340,17952858,518,id06816
17952858,17953698,840,id06816
17953698,17954144,446,id06816
17954144,17954488,344,id06816
17954488,17955144,656,id06816
17955144,17955790,646,id06816
17955790,17956272,482,id06816
17956272,17956590,318,id06816
17956590,17956980,390,id06816
17956980,17957754,774,id06816
17957754,17958338,584,id06816
17958338,17959322,984,id06816
17959322,17959881,559,id06816
17959881,17960209,328,id06816
17960209,17960629,420,id06816
17960629,17961085,456,id06816
17961085,17961654,569,id06816
17961654,17962069,415,id06816
17962069,17962530,461,id06816
17962530,17963242,712,id06816
17963242,17964333,1091,id06816
17964333,17964758,425,id06816
17964758,17965240,482,id06816
17965240,17965558,318,id06816
17965558,17966214,656,id06816
17966214,17967003,789,id06816
17967003,17967475,472,id06816
17967475,17967982,507,id06816
17967982,17968372,390,id06816
17968372,17968946,574,id06816
17968946,17969576,630,id06816
17969576,17969904,328,id06816
17969904,17970632,728,id06816
17970632,17970986,354,id06816
17970986,17971821,835,id06816
17971821,17972211,390,id06816
17972211,17972616,405,id06816
17972616,17973164,548,id06816
17973164,17973518,354,id06816
17973518,17973846,328,id06816
17973846,17974773,927,id06816
17974773,17975393,620,id06816
17975393,17976510,1117,id06816
17976510,17976895,385,id06816
17976895,17977617,722,id06816
17977617,17978575,958,id06816
17978575,17979169,594,id06816
17979169,17979666,497,id06816
17979666,17980394,728,id06816
17980394,17980727,333,id06816
17980727,17981337,610,id06816
17981337,17981865,528,id06816
17981865,17982526,661,id06816
17982526,17983008,482,id06816
17983008,17983526,518,id06816
17983526,17983849,323,id06816
17983849,17984587,738,id06816
17984587,17985340,753,id06816
17985340,17985745,405,id06816
17985745,17986211,466,id06816
17986211,17986693,482,id06816
17986693,17987031,338,id06816
17987031,17987395,364,id06816
17987395,17987826,431,id06816
17987826,17988589,763,id06816
17988589,17989158,569,id06816
17989158,17989599,441,id06816
17989599,17989999,400,id06816
17989999,17990430,431,id06816
17990430,17990861,431,id06816
17990861,17991189,328,id06816
17991189,17991543,354,id06816
17991543,17991897,354,id06816
17991897,17992235,338,id06816
17992235,17992599,364,id06816
17992599,17993019,420,id06816
17993019,17993363,344,id06816
17993363,17993758,395,id06816
17993758,17994311,553,id06816
17994311,17994767,456,id06816
17994767,17995105,338,id06816
17995105,17995433,328,id06816
17995433,17996376,943,id06816
17996376,17997104,728,id06816
17997104,17997448,344,id06816
17997448,17997950,502,id06816
17997950,17998585,635,id06816
17998585,17999338,753,id06816
17999338,18000019,681,id06816
18000019,18001151,1132,id06816
18001151,18001495,344,id06816
18001495,18002315,820,id06816
18002315,18002659,344,id06816
18002659,18003008,349,id06816
18003008,18003474,466,id06816
18003474,18003843,369,id06816
18003843,18004473,630,id06816
18004473,18004878,405,id06816
18004878,18005416,538,id06816
18005416,18005929,513,id06816
18005929,18006319,390,id06816
18006319,18006647,328,id06816
18006647,18006965,318,id06816
18006965,18007329,364,id06816
18007329,18007842,513,id06816
18007842,18008216,374,id06816
18008216,18008601,385,id06816
18008601,18008970,369,id06816
18008970,18009421,451,id06816
18009421,18009887,466,id06816
18009887,18010338,451,id06816
18010338,18010733,395,id06816
18010733,18011169,436,id06816
18011169,18011497,328,id06816
18011497,18011841,344,id06816
18011841,18012210,369,id06816
18012210,18012554,344,id06816
18012554,18013287,733,id06816
18013287,18013718,431,id06816
18013718,18014205,487,id06816
18014205,18014712,507,id06816
18014712,18015081,369,id06816
18015081,18015665,584,id06816
18015665,18016229,564,id06816
18016229,18016675,446,id06816
18016675,18017295,620,id06816
18017295,18017715,420,id06816
18017715,18018043,328,id06816
18018043,18018474,431,id06816
18018474,18018987,513,id06816
18018987,18019761,774,id06816
18019761,18020468,707,id06816
18020468,18020847,379,id06816
18020847,18021211,364,id06816
18021211,18021626,415,id06816
18021626,18022169,543,id06816
18022169,18022600,431,id06816
18022600,18023292,692,id06816
18023292,18023707,415,id06816
18023707,18024445,738,id06816
18024445,18025275,830,id06816
18025275,18026115,840,id06816
18026115,18027175,1060,id06816
18027175,18027672,497,id06816
18027672,18028292,620,id06816
18028292,18028784,492,id06816
18028784,18029225,441,id06816
18029225,18029589,364,id06816
18029589,18030439,850,id06816
18030439,18030875,436,id06816
18030875,18031766,891,id06816
18031766,18032314,548,id06816
18032314,18032658,344,id06816
18032658,18033549,891,id06816
18033549,18034394,845,id06816
18034394,18035352,958,id06816
18035352,18035839,487,id06816
18035839,18036270,431,id06816
18036270,18036685,415,id06816
18036685,18037018,333,id06816
18037018,18037372,354,id06816
18037372,18037854,482,id06816
18037854,18038361,507,id06816
18038361,18038991,630,id06816
18038991,18039483,492,id06816
18039483,18039924,441,id06816
18039924,18040355,431,id06816
18040355,18041021,666,id06816
18041021,18041349,328,id06816
18041349,18041667,318,id06816
18041667,18041985,318,id06816
18041985,18042600,615,id06816
18042600,18043302,702,id06816
18043302,18043809,507,id06816
18043809,18044153,344,id06816
18044153,18044584,431,id06816
18044584,18045286,702,id06816
18045286,18045947,661,id06816
18045947,18046475,528,id06816
18046475,18047361,886,id06816
18047361,18048601,1240,id06816
18048601,18049764,1163,id06816
18049764,18050835,1071,id06816
18050835,18051199,364,id06816
18051199,18051543,344,id06816
18051543,18051887,344,id06816
18051887,18052384,497,id06816
18052384,18053296,912,id06816
18053296,18053686,390,id06816
18053686,18054024,338,id06816
18054024,18054634,610,id06816
18054634,18055049,415,id06816
18055049,18056145,1096,id06816
18056145,18056514,369,id06816
18056514,18056868,354,id06816
18056868,18057206,338,id06816
18057206,18058072,866,id06816
18058072,18058390,318,id06816
18058390,18058856,466,id06816
18058856,18059604,748,id06816
18059604,18060065,461,id06816
18060065,18061018,953,id06816
18061018,18061423,405,id06816
18061423,18061792,369,id06816
18061792,18062443,651,id06816
18062443,18062802,359,id06816
18062802,18063279,477,id06816
18063279,18063689,410,id06816
18063689,18064089,400,id06816
18064089,18064514,425,id06816
18064514,18065047,533,id06816
18065047,18065385,338,id06913
18065385,18065723,338,id06913
18065723,18066169,446,id06913
18066169,18066507,338,id06913
18066507,18066938,431,id06913
18066938,18067481,543,id06913
18067481,18068234,753,id06913
18068234,18068711,477,id06913
18068711,18069029,318,id06913
18069029,18069885,856,id06913
18069885,18070495,610,id06913
18070495,18071182,687,id06913
18071182,18071582,400,id06913
18071582,18071997,415,id06913
18071997,18072525,528,id06913
18072525,18073457,932,id06913
18073457,18074128,671,id06913
18074128,18074456,328,id06913
18074456,18074881,425,id06913
18074881,18075312,431,id06913
18075312,18075707,395,id06913
18075707,18076204,497,id06913
18076204,18076532,328,id06913
18076532,18076896,364,id06913
18076896,18077301,405,id06913
18077301,18078551,1250,id06913
18078551,18078879,328,id06913
18078879,18079233,354,id06913
18079233,18080365,1132,id06913
18080365,18080688,323,id06913
18080688,18081021,333,id06913
18081021,18081554,533,id06913
18081554,18082148,594,id06913
18082148,18082732,584,id06913
18082732,18083306,574,id06913
18083306,18083849,543,id06913
18083849,18084239,390,id06913
18084239,18084629,390,id06913
18084629,18084967,338,id06913
18084967,18085367,400,id06913
18085367,18085823,456,id06913
18085823,18086218,395,id06913
18086218,18086633,415,id06913
18086633,18087284,651,id06913
18087284,18087674,390,id06913
18087674,18088007,333,id06913
18088007,18088427,420,id06913
18088427,18089027,600,id06913
18089027,18089463,436,id06913
18089463,18090006,543,id06913
18090006,18090421,415,id06913
18090421,18090841,420,id06913
18090841,18091164,323,id06913
18091164,18091595,431,id06913
18091595,18092358,763,id06913
18092358,18092814,456,id06913
18092814,18093168,354,id06913
18093168,18093926,758,id06913
18093926,18094321,395,id06913
18094321,18094736,415,id06913
18094736,18095295,559,id06913
18095295,18095997,702,id06913
18095997,18096361,364,id06913
18096361,18096776,415,id06913
18096776,18097176,400,id06913
18097176,18097637,461,id06913
18097637,18098482,845,id06913
18098482,18099015,533,id06913
18099015,18099466,451,id06913
18099466,18100557,1091,id06913
18100557,18101085,528,id06913
18101085,18101541,456,id06913
18101541,18102391,850,id06913
18102391,18102776,385,id06913
18102776,18103191,415,id06913
18103191,18103791,600,id06913
18103791,18104426,635,id06913
18104426,18104857,431,id06913
18104857,18105559,702,id06913
18105559,18106159,600,id06913
18106159,18106830,671,id06913
18106830,18107281,451,id06913
18107281,18107788,507,id06913
18107788,18108121,333,id06913
18108121,18108475,354,id06913
18108475,18108839,364,id06913
18108839,18109357,518,id06913
18109357,18109962,605,id06913
18109962,18110300,338,id06913
18110300,18110638,338,id06913
18110638,18111110,472,id06913
18111110,18111566,456,id06913
18111566,18111894,328,id06913
18111894,18112427,533,id06913
18112427,18112796,369,id06913
18112796,18113344,548,id06913
18113344,18113662,318,id06913
18113662,18114159,497,id06913
18114159,18114805,646,id06913
18114805,18115420,615,id06913
18115420,18116250,830,id06913
18116250,18116737,487,id06913
18116737,18117132,395,id06913
18117132,18117614,482,id06913
18117614,18117937,323,id06913
18117937,18118383,446,id06913
18118383,18118814,431,id06913
18118814,18119449,635,id06913
18119449,18119864,415,id06913
18119864,18120218,354,id06913
18120218,18120536,318,id06913
18120536,18120956,420,id06913
18120956,18121550,594,id06913
18121550,18121868,318,id06913
18121868,18122268,400,id06913
18122268,18122683,415,id06913
18122683,18123206,523,id06913
18123206,18123611,405,id06913
18123611,18123970,359,id06913
18123970,18124308,338,id06913
18124308,18124662,354,id06913
18124662,18125021,359,id06913
18125021,18125380,359,id06913
18125380,18125877,497,id06913
18125877,18126251,374,id06913
18126251,18126656,405,id06913
18126656,18127051,395,id06913
18127051,18127584,533,id06913
18127584,18128296,712,id06913
18128296,18129080,784,id06913
18129080,18129987,907,id06913
18129987,18130443,456,id06913
18130443,18130761,318,id06913
18130761,18131284,523,id06913
18131284,18131725,441,id06913
18131725,18132350,625,id06913
18132350,18133236,886,id06913
18133236,18133871,635,id06913
18133871,18134281,410,id06913
18134281,18134599,318,id06913
18134599,18134963,364,id06913
18134963,18135281,318,id06913
18135281,18135645,364,id06913
18135645,18136280,635,id06913
18136280,18136634,354,id06913
18136634,18136998,364,id06913
18136998,18137439,441,id07312
18137439,18137895,456,id07312
18137895,18138244,349,id07312
18138244,18138659,415,id07312
18138659,18139673,1014,id07312
18139673,18140626,953,id07312
18140626,18140944,318,id07312
18140944,18141375,431,id07312
18141375,18142379,1004,id07312
18142379,18142717,338,id07312
18142717,18143035,318,id07312
18143035,18143409,374,id07312
18143409,18143788,379,id07312
18143788,18144106,318,id07312
18144106,18144834,728,id07312
18144834,18145239,405,id07312
18145239,18146095,856,id07312
18146095,18146654,559,id07312
18146654,18147254,600,id07312
18147254,18147649,395,id07312
18147649,18148177,528,id07312
18148177,18148505,328,id07312
18148505,18148869,364,id07312
18148869,18149207,338,id07312
18149207,18149827,620,id07312
18149827,18150247,420,id07312
18150247,18150626,379,id07312
18150626,18151072,446,id07312
18151072,18151876,804,id07312
18151876,18152895,1019,id07312
18152895,18153479,584,id07312
18153479,18153915,436,id07312
18153915,18154509,594,id07312
18154509,18154837,328,id07312
18154837,18155380,543,id07312
18155380,18155713,333,id07312
18155713,18156128,415,id07312
18156128,18156758,630,id07312
18156758,18158458,1700,id07312
18158458,18158812,354,id07312
18158812,18160231,1419,id07312
18160231,18161752,1521,id07312
18161752,18162075,323,id07312
18162075,18163053,978,id07312
18163053,18164492,1439,id07312
18164492,18165870,1378,id07312
18165870,18166383,513,id07312
18166383,18167331,948,id07312
18167331,18167710,379,id07312
18167710,18168407,697,id07312
18168407,18170430,2023,id07312
18170430,18170912,482,id07312
18170912,18171378,466,id07312
18171378,18172218,840,id07312
18172218,18172777,559,id07312
18172777,18173720,943,id07312
18173720,18175692,1972,id07312
18175692,18176184,492,id07312
18176184,18177137,953,id07312
18177137,18177593,456,id07312
18177593,18177988,395,id07312
18177988,18178378,390,id07312
18178378,18178809,431,id07312
18178809,18179224,415,id07312
18179224,18179552,328,id07312
18179552,18180018,466,id07312
18180018,18180362,344,id07312
18180362,18180716,354,id07312
18180716,18181085,369,id07312
18181085,18181429,344,id07312
18181429,18181998,569,id07312
18181998,18182388,390,id07312
18182388,18182706,318,id07312
18182706,18183229,523,id07312
18183229,18183649,420,id07312
18183649,18184561,912,id07312
18184561,18184915,354,id07312
18184915,18185315,400,id07312
18185315,18186181,866,id07312
18186181,18187533,1352,id07312
18187533,18188066,533,id07312
18188066,18189367,1301,id07312
18189367,18190269,902,id07312
18190269,18190684,415,id07312
18190684,18191028,344,id07312
18191028,18191704,676,id07312
18191704,18192058,354,id07312
18192058,18192386,328,id07312
18192386,18192724,338,id07312
18192724,18193288,564,id07312
18193288,18194476,1188,id07312
18194476,18195065,589,id07312
18195065,18195393,328,id07312
18195393,18196310,917,id07312
18196310,18196674,364,id07312
18196674,18197079,405,id07312
18197079,18197412,333,id07312
18197412,18197914,502,id07312
18197914,18198283,369,id07312
18198283,18198642,359,id07312
18198642,18199093,451,id07312
18199093,18199652,559,id07312
18199652,18200026,374,id07312
18200026,18200462,436,id07312
18200462,18200872,410,id07312
18200872,18201251,379,id07312
18201251,18202091,840,id07312
18202091,18202414,323,id07312
18202414,18202870,456,id07312
18202870,18204104,1234,id07312
18204104,18204463,359,id07312
18204463,18205257,794,id07354
18205257,18206640,1383,id07354
18206640,18207137,497,id07354
18207137,18208540,1403,id07354
18208540,18211336,2796,id07354
18211336,18211905,569,id07354
18211905,18213554,1649,id07354
18213554,18214394,840,id07354
18214394,18214932,538,id07354
18214932,18216300,1368,id07354
18216300,18217560,1260,id07354
18217560,18217929,369,id07354
18217929,18218334,405,id07354
18218334,18220551,2217,id07354
18220551,18220971,420,id07354
18220971,18221366,395,id07354
18221366,18223025,1659,id07354
18223025,18223404,379,id07354
18223404,18223978,574,id07354
18223978,18224424,446,id07354
18224424,18224747,323,id07354
18224747,18225203,456,id07354
18225203,18225588,385,id07354
18225588,18226479,891,id07354
18226479,18227007,528,id07354
18227007,18227996,989,id07354
18227996,18228913,917,id07354
18228913,18229277,364,id07354
18229277,18229825,548,id07354
18229825,18230389,564,id07354
18230389,18230830,441,id07354
18230830,18231317,487,id07354
18231317,18231655,338,id07354
18231655,18232024,369,id07354
18232024,18232675,651,id07354
18232675,18233039,364,id07354
18233039,18233424,385,id07354
18233424,18233839,415,id07354
18233839,18234464,625,id07354
18234464,18234782,318,id07354
18234782,18235525,743,id07354
18235525,18235853,328,id07354
18235853,18236191,338,id07354
18236191,18236535,344,id07354
18236535,18236858,323,id07354
18236858,18238261,1403,id07354
18238261,18238630,369,id07354
18238630,18239199,569,id07354
18239199,18239578,379,id07354
18239578,18240065,487,id07354
18240065,18241059,994,id07354
18241059,18241694,635,id07354
18241694,18242099,405,id07354
18242099,18243339,1240,id07354
18243339,18244067,728,id07354
18244067,18245250,1183,id07354
18245250,18245942,692,id07354
18245942,18246332,390,id07354
18246332,18246865,533,id07354
18246865,18247987,1122,id07354
18247987,18248689,702,id07354
18248689,18249468,779,id07354
18249468,18249960,492,id07354
18249960,18250851,891,id07354
18250851,18253161,2310,id07354
18253161,18253889,728,id07354
18253889,18254437,548,id07354
18254437,18254755,318,id07354
18254755,18255611,856,id07354
18255611,18256057,446,id07354
18256057,18256462,405,id07354
18256462,18257000,538,id07354
18257000,18257646,646,id07354
18257646,18258650,1004,id07354
18258650,18259429,779,id07354
18259429,18259788,359,id07354
18259788,18260429,641,id07354
18260429,18260947,518,id07354
18260947,18261291,344,id07354
18261291,18262239,948,id07354
18262239,18262670,431,id07354
18262670,18263423,753,id07354
18263423,18263761,338,id07354
18263761,18264304,543,id07354
18264304,18264934,630,id07354
18264934,18265252,318,id07354
18265252,18265775,523,id07354
18265775,18266282,507,id07354
18266282,18266958,676,id07354
18266958,18267834,876,id07354
18267834,18268679,845,id07354
18268679,18269064,385,id07354
18269064,18269489,425,id07354
18269489,18269853,364,id07354
18269853,18270278,425,id07354
18270278,18270801,523,id07354
18270801,18271170,369,id07354
18271170,18272205,1035,id07354
18272205,18272922,717,id07354
18272922,18273783,861,id07354
18273783,18274751,968,id07354
18274751,18275458,707,id07354
18275458,18275807,349,id07354
18275807,18277128,1321,id07354
18277128,18277482,354,id07354
18277482,18277872,390,id07354
18277872,18278226,354,id07354
18278226,18278744,518,id07354
18278744,18279241,497,id07354
18279241,18279651,410,id07354
18279651,18279995,344,id07354
18279995,18280364,369,id07354
18280364,18280887,523,id07354
18280887,18281282,395,id07354
18281282,18281661,379,id07354
18281661,18282046,385,id07354
18282046,18282441,395,id07354
18282441,18282795,354,id07354
18282795,18283113,318,id07354
18283113,18283800,687,id07354
18283800,18284164,364,id07354
18284164,18284651,487,id07354
18284651,18285025,374,id07354
18285025,18285732,707,id07354
18285732,18286229,497,id07354
18286229,18286567,338,id07354
18286567,18286911,344,id07354
18286911,18287239,328,id07354
18287239,18288571,1332,id07354
18288571,18289452,881,id07354
18289452,18289831,379,id07354
18289831,18290241,410,id07354
18290241,18290687,446,id07354
18290687,18291066,379,id07354
18291066,18291445,379,id07354
18291445,18291783,338,id07354
18291783,18292572,789,id07354
18292572,18292941,369,id07354
18292941,18293387,446,id07354
18293387,18293746,359,id07354
18293746,18294407,661,id07354
18294407,18294735,328,id07354
18294735,18295063,328,id07354
18295063,18295391,328,id07354
18295391,18295883,492,id07354
18295883,18296329,446,id07354
18296329,18297256,927,id07354
18297256,18297625,369,id07354
18297625,18297958,333,id07354
18297958,18298634,676,id07354
18298634,18299218,584,id07354
18299218,18299597,379,id07354
18299597,18300048,451,id07354
18300048,18300438,390,id07354
18300438,18300935,497,id07354
18300935,18301263,328,id07354
18301263,18301694,431,id07354
18301694,18302345,651,id07354
18302345,18302858,513,id07354
18302858,18303499,641,id07354
18303499,18303837,338,id07354
18303837,18304232,395,id07354
18304232,18304678,446,id07354
18304678,18305861,1183,id07354
18305861,18306640,779,id07354
18306640,18307030,390,id07354
18307030,18307496,466,id07354
18307496,18307875,379,id07354
18307875,18308382,507,id07354
18308382,18308854,472,id07354
18308854,18309756,902,id07354
18309756,18310166,410,id07354
18310166,18310883,717,id07354
18310883,18311375,492,id07354
18311375,18312379,1004,id07354
18312379,18313132,753,id07354
18313132,18313860,728,id07354
18313860,18314239,379,id07354
18314239,18315642,1403,id07354
18315642,18316467,825,id07354
18316467,18317794,1327,id07354
18317794,18318127,333,id07354
18318127,18318471,344,id07354
18318471,18318943,472,id07354
18318943,18320802,1859,id07354
18320802,18322651,1849,id07354
18322651,18323425,774,id07354
18323425,18323789,364,id07354
18323789,18324107,318,id07354
18324107,18324998,891,id07354
18324998,18325557,559,id07354
18325557,18326064,507,id07354
18326064,18326612,548,id07354
18326612,18327002,390,id07354
18327002,18327550,548,id07354
18327550,18327894,344,id07354
18327894,18328227,333,id07354
18328227,18328581,354,id07354
18328581,18328986,405,id07354
18328986,18329765,779,id07354
18329765,18330457,692,id07354
18330457,18331082,625,id07354
18331082,18331446,364,id07354
18331446,18331938,492,id07354
18331938,18332983,1045,id07354
18332983,18334064,1081,id07354
18334064,18334464,400,id07354
18334464,18334808,344,id07354
18334808,18335162,354,id07354
18335162,18335526,364,id07354
18335526,18335895,369,id07354
18335895,18336213,318,id07354
18336213,18338174,1961,id07354
18338174,18338553,379,id07354
18338553,18339854,1301,id07354
18339854,18341257,1403,id07354
18341257,18341575,318,id07354
18341575,18342605,1030,id07354
18342605,18343056,451,id07354
18343056,18343497,441,id07354
18343497,18344532,1035,id07354
18344532,18344896,364,id07354
18344896,18345368,472,id07354
18345368,18345783,415,id07354
18345783,18346173,390,id07354
18346173,18346614,441,id07354
18346614,18347889,1275,id07354
18347889,18348678,789,id07354
18348678,18350593,1915,id07354
18350593,18351187,594,id07354
18351187,18351976,789,id07354
18351976,18352509,533,id07354
18352509,18353027,518,id07354
18353027,18353688,661,id07354
18353688,18354221,533,id07354
18354221,18354565,344,id07354
18354565,18357259,2694,id07354
18357259,18357746,487,id07354
18357746,18359457,1711,id07354
18359457,18359785,328,id07354
18359785,18360113,328,id07354
18360113,18360472,359,id07354
18360472,18361036,564,id07354
18361036,18361549,513,id07354
18361549,18361980,431,id07354
18361980,18362298,318,id07354
18362298,18362882,584,id07354
18362882,18363282,400,id07354
18363282,18363641,359,id07354
18363641,18365085,1444,id07354
18365085,18366355,1270,id07354
18366355,18366760,405,id07354
18366760,18367247,487,id07354
18367247,18368149,902,id07354
18368149,18368580,431,id07354
18368580,18368934,354,id07354
18368934,18369334,400,id07354
18369334,18369719,385,id07354
18369719,18370124,405,id07354
18370124,18370447,323,id07354
18370447,18370775,328,id07354
18370775,18371523,748,id07354
18371523,18372619,1096,id07354
18372619,18373085,466,id07354
18373085,18373423,338,id07354
18373423,18373818,395,id07354
18373818,18374218,400,id07354
18374218,18374577,359,id07354
18374577,18374915,338,id07354
18374915,18375489,574,id07354
18375489,18375827,338,id07354
18375827,18376155,328,id07354
18376155,18376580,425,id07354
18376580,18376924,344,id07354
18376924,18378445,1521,id07354
18378445,18378891,446,id07354
18378891,18379378,487,id07354
18379378,18380208,830,id07354
18380208,18380802,594,id07354
18380802,18381627,825,id07354
18381627,18382856,1229,id07354
18382856,18384541,1685,id07354
18384541,18384987,446,id07354
18384987,18385331,344,id07354
18385331,18385746,415,id07354
18385746,18386110,364,id07354
18386110,18386541,431,id07354
18386541,18387079,538,id07354
18387079,18387904,825,id07354
18387904,18388242,338,id07354
18388242,18388929,687,id07354
18388929,18389293,364,id07354
18389293,18389729,436,id07354
18389729,18390078,349,id07354
18390078,18390442,364,id07354
18390442,18390806,364,id07354
18390806,18391185,379,id07354
18391185,18391554,369,id07354
18391554,18391892,338,id07354
18391892,18392338,446,id07354
18392338,18393194,856,id07354
18393194,18393788,594,id07354
18393788,18395637,1849,id07354
18395637,18396590,953,id07354
18396590,18396980,390,id07354
18396980,18397477,497,id07354
18397477,18398184,707,id07354
18398184,18398574,390,id07354
18398574,18398953,379,id07354
18398953,18399358,405,id07354
18399358,18399886,528,id07354
18399886,18400388,502,id07354
18400388,18400711,323,id07354
18400711,18401280,569,id07354
18401280,18401711,431,id07354
18401711,18402234,523,id07354
18402234,18403182,948,id07354
18403182,18403546,364,id07354
18403546,18404939,1393,id07354
18404939,18405411,472,id07354
18405411,18405980,569,id07354
18405980,18406431,451,id07354
18406431,18407312,881,id07354
18407312,18408434,1122,id07354
18408434,18408890,456,id07354
18408890,18409822,932,id07354
18409822,18410345,523,id07354
18410345,18411170,825,id07354
18411170,18412123,953,id07354
18412123,18412692,569,id07354
18412692,18413696,1004,id07354
18413696,18414193,497,id07354
18414193,18415064,871,id07354
18415064,18415664,600,id07354
18415664,18416228,564,id07354
18416228,18416607,379,id07354
18416607,18417191,584,id07354
18417191,18417734,543,id07354
18417734,18418272,538,id07354
18418272,18418872,600,id07354
18418872,18419318,446,id07354
18419318,18419682,364,id07354
18419682,18420077,395,id07354
18420077,18420456,379,id07354
18420456,18421312,856,id07354
18421312,18422905,1593,id07354
18422905,18423284,379,id07354
18423284,18423612,328,id07354
18423612,18423971,359,id07354
18423971,18424801,830,id07354
18424801,18425211,410,id07354
18425211,18425785,574,id07354
18425785,18426190,405,id07354
18426190,18426554,364,id07354
18426554,18426908,354,id07354
18426908,18427241,333,id07354
18427241,18427636,395,id07354
18427636,18427959,323,id07354
18427959,18428364,405,id07354
18428364,18428938,574,id07354
18428938,18429881,943,id07354
18429881,18431054,1173,id07354
18431054,18431526,472,id07354
18431526,18432520,994,id07354
18432520,18433043,523,id07354
18433043,18433387,344,id07354
18433387,18433751,364,id07354
18433751,18434197,446,id07354
18434197,18435027,830,id07354
18435027,18435816,789,id07354
18435816,18436390,574,id07354
18436390,18436800,410,id07354
18436800,18437225,425,id07354
18437225,18438372,1147,id07354
18438372,18439043,671,id07354
18439043,18439561,518,id07354
18439561,18440012,451,id07354
18440012,18440422,410,id07354
18440422,18440745,323,id07354
18440745,18441503,758,id07354
18441503,18443004,1501,id07354
18443004,18443711,707,id07354
18443711,18444259,548,id07354
18444259,18445944,1685,id07354
18445944,18446323,379,id07354
18446323,18447383,1060,id07354
18447383,18448095,712,id07354
18448095,18448730,635,id07354
18448730,18449253,523,id07354
18449253,18449689,436,id07354
18449689,18450053,364,id07354
18450053,18451559,1506,id07354
18451559,18452563,1004,id07354
18452563,18452907,344,id07354
18452907,18453399,492,id07354
18453399,18453809,410,id07354
18453809,18454224,415,id07354
18454224,18455054,830,id07354
18455054,18455515,461,id07354
18455515,18456263,748,id07354
18456263,18457421,1158,id07354
18457421,18458348,927,id07354
18458348,18460376,2028,id07354
18460376,18460817,441,id07354
18460817,18461176,359,id07354
18461176,18461852,676,id07354
18461852,18463788,1936,id07354
18463788,18464193,405,id07354
18464193,18465049,856,id07354
18465049,18465403,354,id07354
18465403,18465828,425,id07354
18465828,18466172,344,id07354
18466172,18466756,584,id07354
18466756,18467878,1122,id07354
18467878,18468380,502,id07354
18468380,18469282,902,id07354
18469282,18469943,661,id07354
18469943,18471285,1342,id07354
18471285,18471844,559,id07354
18471844,18472418,574,id07354
18472418,18474548,2130,id07354
18474548,18474963,415,id07354
18474963,18475588,625,id07354
18475588,18476935,1347,id07354
18476935,18477345,410,id07354
18477345,18477709,364,id07354
18477709,18478068,359,id07354
18478068,18478662,594,id07354
18478662,18478990,328,id07354
18478990,18479328,338,id07354
18479328,18481115,1787,id07354
18481115,18481494,379,id07354
18481494,18481817,323,id07354
18481817,18482836,1019,id07354
18482836,18483180,344,id07354
18483180,18483529,349,id07354
18483529,18483857,328,id07354
18483857,18484257,400,id07354
18484257,18484954,697,id07354
18484954,18485298,344,id07354
18485298,18485795,497,id07354
18485795,18486128,333,id07354
18486128,18487163,1035,id07354
18487163,18487588,425,id07354
18487588,18487906,318,id07354
18487906,18488229,323,id07354
18488229,18488644,415,id07354
18488644,18489059,415,id07354
18489059,18489444,385,id07354
18489444,18490279,835,id07354
18490279,18490648,369,id07354
18490648,18490966,318,id07354
18490966,18491412,446,id07354
18491412,18491925,513,id07354
18491925,18492269,344,id07354
18492269,18492822,553,id07354
18492822,18493237,415,id07354
18493237,18494154,917,id07354
18494154,18494754,600,id07354
18494754,18495108,354,id07354
18495108,18495938,830,id07354
18495938,18496282,344,id07354
18496282,18496631,349,id07354
18496631,18497087,456,id07354
18497087,18497697,610,id07354
18497697,18498419,722,id07354
18498419,18499049,630,id07354
18499049,18499367,318,id07354
18499367,18499762,395,id07354
18499762,18500090,328,id07354
18500090,18500490,400,id07354
18500490,18500864,374,id07354
18500864,18501192,328,id07354
18501192,18501536,344,id07354
18501536,18501967,431,id07354
18501967,18502357,390,id07354
18502357,18502742,385,id07354
18502742,18503219,477,id07354
18503219,18503906,687,id07354
18503906,18504250,344,id07354
18504250,18504809,559,id07354
18504809,18505142,333,id07354
18505142,18505511,369,id07354
18505511,18505911,400,id07354
18505911,18506352,441,id07354
18506352,18506987,635,id07354
18506987,18507433,446,id07354
18507433,18507976,543,id07354
18507976,18508381,405,id07354
18508381,18508735,354,id07354
18508735,18509181,446,id07354
18509181,18509540,359,id07354
18509540,18509950,410,id07354
18509950,18510309,359,id07354
18510309,18510765,456,id07354
18510765,18511109,344,id07354
18511109,18511616,507,id07354
18511616,18512093,477,id07354
18512093,18512769,676,id07354
18512769,18513092,323,id07354
18513092,18513830,738,id07396
18513830,18514174,344,id07396
18514174,18514492,318,id07396
18514492,18514815,323,id07396
18514815,18515251,436,id07396
18515251,18515922,671,id07396
18515922,18516583,661,id07396
18516583,18517014,431,id07396
18517014,18517347,333,id07396
18517347,18517778,431,id07396
18517778,18518291,513,id07396
18518291,18518819,528,id07396
18518819,18519920,1101,id07396
18519920,18520335,415,id07396
18520335,18520740,405,id07396
18520740,18521278,538,id07396
18521278,18521816,538,id07396
18521816,18522247,431,id07396
18522247,18522703,456,id07396
18522703,18523446,743,id07396
18523446,18523820,374,id07396
18523820,18524327,507,id07396
18524327,18524655,328,id07396
18524655,18525357,702,id07396
18525357,18525890,533,id07396
18525890,18526536,646,id07396
18526536,18527120,584,id07396
18527120,18527479,359,id07396
18527479,18527961,482,id07396
18527961,18528919,958,id07396
18528919,18529826,907,id07396
18529826,18530753,927,id07396
18530753,18531127,374,id07396
18531127,18531645,518,id07396
18531645,18532014,369,id07396
18532014,18532608,594,id07396
18532608,18532998,390,id07396
18532998,18533669,671,id07396
18533669,18534484,815,id07396
18534484,18535314,830,id07396
18535314,18535939,625,id07396
18535939,18536503,564,id07396
18536503,18538208,1705,id07396
18538208,18539279,1071,id07396
18539279,18539853,574,id07396
18539853,18540191,338,id07396
18540191,18541216,1025,id07396
18541216,18541641,425,id07396
18541641,18542164,523,id07396
18542164,18542774,610,id07396
18542774,18543435,661,id07396
18543435,18543840,405,id07396
18543840,18544593,753,id07396
18544593,18545100,507,id07396
18545100,18545428,328,id07396
18545428,18545843,415,id07396
18545843,18546263,420,id07396
18546263,18546642,379,id07396
18546642,18546970,328,id07396
18546970,18547298,328,id07396
18547298,18547780,482,id07396
18547780,18548549,769,id07396
18548549,18548877,328,id07396
18548877,18549502,625,id07396
18549502,18549933,431,id07396
18549933,18550323,390,id07396
18550323,18550738,415,id07396
18550738,18551184,446,id07396
18551184,18551650,466,id07396
18551650,18552019,369,id07396
18552019,18553417,1398,id07396
18553417,18554354,937,id07396
18554354,18555204,850,id07396
18555204,18555548,344,id07396
18555548,18556112,564,id07396
18556112,18556578,466,id07396
18556578,18557044,466,id07396
18557044,18558140,1096,id07396
18558140,18558729,589,id07396
18558729,18559231,502,id07396
18559231,18559585,354,id07396
18559585,18560845,1260,id07396
18560845,18561168,323,id07396
18561168,18561675,507,id07396
18561675,18562070,395,id07396
18562070,18562593,523,id07396
18562593,18562921,328,id07396
18562921,18563285,364,id07396
18563285,18563741,456,id07396
18563741,18564417,676,id07396
18564417,18566015,1598,id07396
18566015,18567367,1352,id07396
18567367,18568601,1234,id07396
18568601,18570312,1711,id07396
18570312,18571306,994,id07396
18571306,18572228,922,id07396
18572228,18574451,2223,id07396
18574451,18575102,651,id07396
18575102,18576290,1188,id07396
18576290,18576956,666,id07396
18576956,18577950,994,id07396
18577950,18578821,871,id07396
18578821,18579344,523,id07396
18579344,18579734,390,id07396
18579734,18580078,344,id07396
18580078,18580406,328,id07396
18580406,18581303,897,id07396
18581303,18582461,1158,id07396
18582461,18583061,600,id07396
18583061,18583553,492,id07396
18583553,18583984,431,id07396
18583984,18585894,1910,id07396
18585894,18586755,861,id07396
18586755,18587252,497,id07396
18587252,18587642,390,id07396
18587642,18588252,610,id07396
18588252,18588754,502,id07396
18588754,18589169,415,id07396
18589169,18589763,594,id07396
18589763,18590245,482,id07396
18590245,18590804,559,id07396
18590804,18591173,369,id07396
18591173,18591865,692,id07396
18591865,18592260,395,id07396
18592260,18592721,461,id07396
18592721,18594606,1885,id07396
18594606,18594950,344,id07396
18594950,18595319,369,id07396
18595319,18595688,369,id07396
18595688,18596032,344,id07396
18596032,18596606,574,id07396
18596606,18597047,441,id07396
18597047,18597391,344,id07396
18597391,18597985,594,id07396
18597985,18598457,472,id07396
18598457,18598862,405,id07396
18598862,18599728,866,id07396
18599728,18600194,466,id07396
18600194,18600532,338,id07396
18600532,18600886,354,id07396
18600886,18601634,748,id07396
18601634,18601988,354,id07396
18601988,18602326,338,id07396
18602326,18602798,472,id07396
18602798,18603526,728,id07396
18603526,18603875,349,id07396
18603875,18604229,354,id07396
18604229,18604834,605,id07396
18604834,18605321,487,id07396
18605321,18605736,415,id07396
18605736,18606259,523,id07396
18606259,18606628,369,id07396
18606628,18607115,487,id07396
18607115,18607474,359,id07396
18607474,18607920,446,id07396
18607920,18608264,344,id07396
18608264,18608633,369,id07396
18608633,18609048,415,id07396
18609048,18609545,497,id07396
18609545,18610186,641,id07396
18610186,18610750,564,id07396
18610750,18611252,502,id07396
18611252,18611616,364,id07396
18611616,18612118,502,id07396
18612118,18612513,395,id07396
18612513,18612882,369,id07396
18612882,18613533,651,id07396
18613533,18614117,584,id07396
18614117,18615244,1127,id07396
18615244,18616924,1680,id07396
18616924,18617626,702,id07396
18617626,18618891,1265,id07396
18618891,18619603,712,id07396
18619603,18620146,543,id07396
18620146,18620653,507,id07396
18620653,18620991,338,id07396
18620991,18621616,625,id07396
18621616,18622021,405,id07396
18622021,18622528,507,id07396
18622528,18622846,318,id07396
18622846,18623169,323,id07396
18623169,18623584,415,id07396
18623584,18623912,328,id07396
18623912,18624855,943,id07396
18624855,18625480,625,id07396
18625480,18625824,344,id07396
18625824,18626188,364,id07396
18626188,18626583,395,id07396
18626583,18627055,472,id07414
18627055,18627521,466,id07414
18627521,18627911,390,id07414
18627911,18628331,420,id07414
18628331,18628675,344,id07414
18628675,18629203,528,id07414
18629203,18629956,753,id07414
18629956,18630735,779,id07414
18630735,18631166,431,id07414
18631166,18631545,379,id07414
18631545,18632390,845,id07414
18632390,18634019,1629,id07414
18634019,18634721,702,id07414
18634721,18635295,574,id07414
18635295,18635690,395,id07414
18635690,18636028,338,id07414
18636028,18637032,1004,id07414
18637032,18637719,687,id07414
18637719,18638047,328,id07414
18638047,18638539,492,id07414
18638539,18639000,461,id07414
18639000,18639441,441,id07414
18639441,18639866,425,id07414
18639866,18640276,410,id07414
18640276,18640712,436,id07414
18640712,18641660,948,id07414
18641660,18642311,651,id07414
18642311,18642634,323,id07414
18642634,18643874,1240,id07414
18643874,18644458,584,id07414
18644458,18644776,318,id07414
18644776,18645391,615,id07414
18645391,18647480,2089,id07414
18647480,18647870,390,id07414
18647870,18648546,676,id07414
18648546,18648864,318,id07414
18648864,18649945,1081,id07414
18649945,18651118,1173,id07414
18651118,18651605,487,id07414
18651605,18652097,492,id07414
18652097,18652671,574,id07414
18652671,18653204,533,id07414
18653204,18653589,385,id07414
18653589,18654096,507,id07414
18654096,18654655,559,id07414
18654655,18655019,364,id07414
18655019,18655506,487,id07414
18655506,18656275,769,id07414
18656275,18656593,318,id07414
18656593,18657116,523,id07414
18657116,18657716,600,id07414
18657716,18658121,405,id07414
18658121,18658674,553,id07414
18658674,18659018,344,id07414
18659018,18659500,482,id07414
18659500,18659823,323,id07414
18659823,18660305,482,id07414
18660305,18660659,354,id07414
18660659,18661038,379,id07414
18661038,18661469,431,id07414
18661469,18662069,600,id07414
18662069,18662402,333,id07414
18662402,18662976,574,id07414
18662976,18664036,1060,id07414
18664036,18664446,410,id07414
18664446,18664861,415,id07414
18664861,18665256,395,id07414
18665256,18665615,359,id07414
18665615,18666174,559,id07414
18666174,18666543,369,id07414
18666543,18667102,559,id07414
18667102,18667476,374,id07414
18667476,18667881,405,id07414
18667881,18668286,405,id07414
18668286,18668793,507,id07414
18668793,18669218,425,id07414
18669218,18669690,472,id07414
18669690,18670238,548,id07414
18670238,18671088,850,id07414
18671088,18671595,507,id07414
18671595,18673039,1444,id07414
18673039,18673869,830,id07414
18673869,18674719,850,id07414
18674719,18675047,328,id07414
18675047,18675544,497,id07414
18675544,18675990,446,id07414
18675990,18676375,385,id07414
18676375,18676708,333,id07414
18676708,18677215,507,id07414
18677215,18677671,456,id07414
18677671,18678127,456,id07414
18678127,18679617,1490,id07414
18679617,18680345,728,id07414
18680345,18680822,477,id07414
18680822,18681442,620,id07414
18681442,18681832,390,id07414
18681832,18682785,953,id07414
18682785,18683492,707,id07414
18683492,18683877,385,id07414
18683877,18685572,1695,id07414
18685572,18686120,548,id07414
18686120,18686796,676,id07414
18686796,18688686,1890,id07414
18688686,18689792,1106,id07414
18689792,18690161,369,id07414
18690161,18691017,856,id07414
18691017,18691366,349,id07414
18691366,18692257,891,id07414
18692257,18694613,2356,id07414
18694613,18696134,1521,id07414
18696134,18696513,379,id07414
18696513,18696841,328,id07414
18696841,18697697,856,id07414
18697697,18699843,2146,id07414
18699843,18700258,415,id07414
18700258,18700980,722,id07414
18700980,18701784,804,id07414
18701784,18703377,1593,id07414
18703377,18703910,533,id07414
18703910,18704330,420,id07414
18704330,18705554,1224,id07414
18705554,18706701,1147,id07414
18706701,18707203,502,id07414
18707203,18708263,1060,id07414
18708263,18708627,364,id07414
18708627,18709186,559,id07414
18709186,18710415,1229,id07414
18710415,18710861,446,id07414
18710861,18712403,1542,id07414
18712403,18713059,656,id07414
18713059,18713730,671,id07414
18713730,18714417,687,id07414
18714417,18715703,1286,id07414
18715703,18716077,374,id07414
18716077,18716610,533,id07414
18716610,18718756,2146,id07414
18718756,18720262,1506,id07414
18720262,18720667,405,id07414
18720667,18721108,441,id07414
18721108,18721795,687,id07414
18721795,18722159,364,id07414
18722159,18722600,441,id07414
18722600,18723507,907,id07414
18723507,18723994,487,id07414
18723994,18724747,753,id07414
18724747,18726642,1895,id07414
18726642,18727569,927,id07414
18727569,18728189,620,id07414
18728189,18728594,405,id07414
18728594,18728912,318,id07414
18728912,18730449,1537,id07414
18730449,18730905,456,id07414
18730905,18731423,518,id07414
18731423,18732253,830,id07414
18732253,18732760,507,id07414
18732760,18733083,323,id07414
18733083,18733708,625,id07414
18733708,18734128,420,id07414
18734128,18734881,753,id07414
18734881,18735511,630,id07414
18735511,18735839,328,id07414
18735839,18736244,405,id07414
18736244,18736598,354,id07414
18736598,18737495,897,id07414
18737495,18737915,420,id07414
18737915,18738264,349,id07414
18738264,18738695,431,id07414
18738695,18739090,395,id07414
18739090,18739418,328,id07414
18739418,18740038,620,id07414
18740038,18740469,431,id07414
18740469,18742676,2207,id07414
18742676,18742994,318,id07414
18742994,18743486,492,id07414
18743486,18744162,676,id07414
18744162,18744541,379,id07414
18744541,18744972,431,id07414
18744972,18745346,374,id07414
18745346,18746314,968,id07414
18746314,18746647,333,id07414
18746647,18747067,420,id07414
18747067,18747718,651,id07414
18747718,18748138,420,id07414
18748138,18749101,963,id07414
18749101,18749685,584,id07414
18749685,18750382,697,id07414
18750382,18751171,789,id07414
18751171,18751781,610,id07414
18751781,18752278,497,id07414
18752278,18752806,528,id07414
18752806,18753129,323,id07414
18753129,18753457,328,id07414
18753457,18754077,620,id07414
18754077,18754492,415,id07414
18754492,18755348,856,id07414
18755348,18755953,605,id07414
18755953,18756373,420,id07414
18756373,18756742,369,id07414
18756742,18757393,651,id07414
18757393,18757793,400,id07414
18757793,18758633,840,id07414
18758633,18759012,379,id07414
18759012,18759965,953,id07414
18759965,18761077,1112,id07414
18761077,18761426,349,id07414
18761426,18762973,1547,id07414
18762973,18763404,431,id07414
18763404,18763809,405,id07414
18763809,18764142,333,id07414
18764142,18764465,323,id07414
18764465,18764814,349,id07414
18764814,18765168,354,id07414
18765168,18765762,594,id07414
18765762,18766397,635,id07414
18766397,18766776,379,id07414
18766776,18767473,697,id07414
18767473,18767883,410,id07414
18767883,18768262,379,id07414
18768262,18769066,804,id07414
18769066,18769660,594,id07414
18769660,18770178,518,id07414
18770178,18770496,318,id07414
18770496,18770916,420,id07414
18770916,18771449,533,id07414
18771449,18771956,507,id07414
18771956,18772284,328,id07414
18772284,18772663,379,id07414
18772663,18773022,359,id07414
18773022,18773494,472,id07414
18773494,18773879,385,id07414
18773879,18774479,600,id07414
18774479,18774997,518,id07414
18774997,18775530,533,id07414
18775530,18775986,456,id07414
18775986,18776371,385,id07414
18776371,18776955,584,id07414
18776955,18777724,769,id07414
18777724,18778252,528,id07414
18778252,18778882,630,id07414
18778882,18779441,559,id07414
18779441,18779805,364,id07414
18779805,18780568,763,id07414
18780568,18781306,738,id07414
18781306,18781685,379,id07414
18781685,18782730,1045,id07414
18782730,18783145,415,id07414
18783145,18783770,625,id07414
18783770,18784226,456,id07414
18784226,18784703,477,id07414
18784703,18785088,385,id07414
18785088,18785432,344,id07414
18785432,18785837,405,id07414
18785837,18786232,395,id07414
18786232,18787871,1639,id07414
18787871,18788307,436,id07414
18788307,18788850,543,id07414
18788850,18789322,472,id07414
18789322,18789676,354,id07414
18789676,18790045,369,id07414
18790045,18791151,1106,id07414
18791151,18791771,620,id07414
18791771,18792488,717,id07414
18792488,18793016,528,id07414
18793016,18793549,533,id07414
18793549,18793867,318,id07414
18793867,18794646,779,id07414
18794646,18795092,446,id07414
18795092,18795451,359,id07414
18795451,18795897,446,id07414
18795897,18796379,482,id07414
18796379,18796794,415,id07414
18796794,18797168,374,id07414
18797168,18798664,1496,id07414
18798664,18799146,482,id07414
18799146,18799909,763,id07414
18799909,18800386,477,id07414
18800386,18800868,482,id07414
18800868,18801596,728,id07414
18801596,18803102,1506,id07414
18803102,18803574,472,id07414
18803574,18804450,876,id07414
18804450,18804886,436,id07414
18804886,18805276,390,id07414
18805276,18805661,385,id07414
18805661,18806107,446,id07414
18806107,18806625,518,id07414
18806625,18807286,661,id07414
18807286,18808392,1106,id07414
18808392,18808838,446,id07414
18808838,18809315,477,id07414
18809315,18810063,748,id07414
18810063,18810417,354,id07414
18810417,18811344,927,id07414
18811344,18811903,559,id07414
18811903,18813035,1132,id07414
18813035,18813404,369,id07414
18813404,18814290,886,id07414
18814290,18814956,666,id07414
18814956,18815402,446,id07414
18815402,18815874,472,id07414
18815874,18816402,528,id07414
18816402,18817140,738,id07414
18817140,18817581,441,id07414
18817581,18818201,620,id07414
18818201,18818657,456,id07414
18818657,18819308,651,id07414
18819308,18820036,728,id07414
18820036,18820825,789,id07414
18820825,18821256,431,id07414
18821256,18821815,559,id07414
18821815,18822194,379,id07414
18822194,18822768,574,id07414
18822768,18824514,1746,id07414
18824514,18824904,390,id07414
18824904,18825642,738,id07414
18825642,18826098,456,id07414
18826098,18826472,374,id07414
18826472,18827834,1362,id07414
18827834,18828674,840,id07414
18828674,18829350,676,id07414
18829350,18829950,600,id07414
18829950,18831056,1106,id07414
18831056,18832546,1490,id07414
18832546,18832890,344,id07414
18832890,18833833,943,id07414
18833833,18835114,1281,id07414
18835114,18835749,635,id07414
18835749,18836292,543,id07414
18836292,18836636,344,id07414
18836636,18836969,333,id07414
18836969,18837400,431,id07414
18837400,18837718,318,id07414
18837718,18838440,722,id07414
18838440,18839439,999,id07414
18839439,18840013,574,id07414
18840013,18840433,420,id07414
18840433,18840777,344,id07414
18840777,18841714,937,id07414
18841714,18842058,344,id07414
18842058,18842402,344,id07414
18842402,18842802,400,id07414
18842802,18843975,1173,id07414
18843975,18844462,487,id07414
18844462,18844872,410,id07414
18844872,18845313,441,id07414
18845313,18846163,850,id07414
18846163,18846522,359,id07414
18846522,18847219,697,id07414
18847219,18847634,415,id07414
18847634,18848275,641,id07414
18848275,18848844,569,id07414
18848844,18849300,456,id07414
18849300,18849679,379,id07414
18849679,18850145,466,id07414
18850145,18850693,548,id07414
18850693,18851134,441,id07414
18851134,18851723,589,id07414
18851723,18852092,369,id07414
18852092,18852533,441,id07414
18852533,18853127,594,id07414
18853127,18853501,374,id07414
18853501,18854213,712,id07414
18854213,18854618,405,id07414
18854618,18854992,374,id07414
18854992,18855382,390,id07414
18855382,18855997,615,id07414
18855997,18856520,523,id07414
18856520,18858236,1716,id07414
18858236,18858728,492,id07414
18858728,18859102,374,id07414
18859102,18860470,1368,id07414
18860470,18860901,431,id07414
18860901,18861352,451,id07414
18861352,18862858,1506,id07414
18862858,18865004,2146,id07414
18865004,18865767,763,id07414
18865767,18866177,410,id07414
18866177,18866720,543,id07414
18866720,18868482,1762,id07414
18868482,18868800,318,id07414
18868800,18869123,323,id07414
18869123,18869932,809,id07414
18869932,18870501,569,id07414
18870501,18870875,374,id07414
18870875,18871306,431,id07414
18871306,18871701,395,id07414
18871701,18872941,1240,id07414
18872941,18874140,1199,id07414
18874140,18874852,712,id07414
18874852,18875544,692,id07414
18875544,18876046,502,id07414
18876046,18877168,1122,id07414
18877168,18877583,415,id07414
18877583,18878541,958,id07414
18878541,18879781,1240,id07414
18879781,18880365,584,id07414
18880365,18880985,620,id07414
18880985,18881687,702,id07414
18881687,18882307,620,id07414
18882307,18883106,799,id07414
18883106,18884448,1342,id07414
18884448,18885493,1045,id07414
18885493,18885903,410,id07414
18885903,18886595,692,id07414
18886595,18887271,676,id07414
18887271,18887625,354,id07414
18887625,18888977,1352,id07414
18888977,18890416,1439,id07414
18890416,18892091,1675,id07414
18892091,18892557,466,id07414
18892557,18893075,518,id07414
18893075,18893393,318,id07414
18893393,18893977,584,id07414
18893977,18894315,338,id07414
18894315,18894730,415,id07414
18894730,18895120,390,id07414
18895120,18895448,328,id07414
18895448,18895935,487,id07414
18895935,18896704,769,id07414
18896704,18897345,641,id07414
18897345,18897919,574,id07414
18897919,18898467,548,id07414
18898467,18898821,354,id07414
18898821,18899334,513,id07414
18899334,18899765,431,id07414
18899765,18900109,344,id07414
18900109,18900540,431,id07414
18900540,18901068,528,id07414
18901068,18901396,328,id07414
18901396,18901883,487,id07414
18901883,18902334,451,id07414
18902334,18902944,610,id07414
18902944,18903364,420,id07414
18903364,18904076,712,id07414
18904076,18904973,897,id07414
18904973,18905721,748,id07414
18905721,18906090,369,id07414
18906090,18906480,390,id07414
18906480,18906895,415,id07414
18906895,18907213,318,id07414
18907213,18908048,835,id07414
18908048,18908525,477,id07414
18908525,18908945,420,id07414
18908945,18910512,1567,id07414
18910512,18911158,646,id07414
18911158,18911502,344,id07414
18911502,18911835,333,id07414
18911835,18912209,374,id07414
18912209,18913300,1091,id07414
18913300,18913731,431,id07414
18913731,18914121,390,id07426
18914121,18914664,543,id07426
18914664,18915340,676,id07426
18915340,18915806,466,id07426
18915806,18916221,415,id07426
18916221,18916585,364,id07426
18916585,18917441,856,id07426
18917441,18918030,589,id07426
18918030,18918363,333,id07426
18918363,18918681,318,id07426
18918681,18919583,902,id07426
18919583,18920177,594,id07426
18920177,18920669,492,id07426
18920669,18921048,379,id07426
18921048,18921494,446,id07426
18921494,18922334,840,id07426
18922334,18922703,369,id07426
18922703,18923507,804,id07426
18923507,18923984,477,id07426
18923984,18924302,318,id07426
18924302,18924825,523,id07426
18924825,18925250,425,id07426
18925250,18926715,1465,id07426
18926715,18927074,359,id07426
18927074,18927674,600,id07426
18927674,18928023,349,id07426
18928023,18928402,379,id07426
18928402,18929165,763,id07426
18929165,18929493,328,id07426
18929493,18929821,328,id07426
18929821,18930405,584,id07426
18930405,18930825,420,id07426
18930825,18931911,1086,id07426
18931911,18932285,374,id07426
18932285,18933320,1035,id07426
18933320,18933735,415,id07426
18933735,18934053,318,id07426
18934053,18934591,538,id07426
18934591,18935073,482,id07426
18935073,18935391,318,id07426
18935391,18936001,610,id07426
18936001,18936365,364,id07426
18936365,18936816,451,id07426
18936816,18937349,533,id07426
18937349,18937677,328,id07426
18937677,18938210,533,id07426
18938210,18938676,466,id07426
18938676,18939255,579,id07426
18939255,18939896,641,id07426
18939896,18940296,400,id07426
18940296,18940732,436,id07426
18940732,18941152,420,id07426
18941152,18941470,318,id07426
18941470,18942003,533,id07426
18942003,18942669,666,id07426
18942669,18943243,574,id07426
18943243,18943812,569,id07426
18943812,18944447,635,id07426
18944447,18944990,543,id07426
18944990,18945559,569,id07426
18945559,18945974,415,id07426
18945974,18946297,323,id07426
18946297,18946620,323,id07426
18946620,18946953,333,id07426
18946953,18947419,466,id07426
18947419,18947834,415,id07426
18947834,18948229,395,id07426
18948229,18948552,323,id07426
18948552,18949300,748,id07426
18949300,18950069,769,id07426
18950069,18950464,395,id07426
18950464,18950808,344,id07426
18950808,18951454,646,id07426
18951454,18951818,364,id07426
18951818,18952182,364,id07426
18952182,18952500,318,id07426
18952500,18953166,666,id07426
18953166,18953535,369,id07426
18953535,18953966,431,id07426
18953966,18954381,415,id07426
18954381,18954868,487,id07426
18954868,18955263,395,id07426
18955263,18955770,507,id07426
18955770,18956134,364,id07426
18956134,18956534,400,id07426
18956534,18956852,318,id07426
18956852,18957871,1019,id07426
18957871,18958245,374,id07426
18958245,18958865,620,id07426
18958865,18959526,661,id07426
18959526,18959870,344,id07426
18959870,18960500,630,id07426
18960500,18961443,943,id07426
18961443,18961761,318,id07426
18961761,18962115,354,id07426
18962115,18962469,354,id07426
18962469,18962833,364,id07426
18962833,18963166,333,id07426
18963166,18963622,456,id07426
18963622,18964001,379,id07426
18964001,18964401,400,id07426
18964401,18964898,497,id07426
18964898,18965313,415,id07426
18965313,18965728,415,id07426
18965728,18966164,436,id07426
18966164,18966513,349,id07426
18966513,18966985,472,id07426
18966985,18967380,395,id07426
18967380,18967882,502,id07426
18967882,18968231,349,id07426
18968231,18968810,579,id07426
18968810,18969225,415,id07426
18969225,18969691,466,id07426
18969691,18970275,584,id07426
18970275,18970639,364,id07426
18970639,18971064,425,id07426
18971064,18971387,323,id07426
18971387,18971987,600,id07426
18971987,18972305,318,id07426
18972305,18972669,364,id07426
18972669,18973182,513,id07426
18973182,18973602,420,id07426
18973602,18973925,323,id07426
18973925,18974909,984,id07426
18974909,18975242,333,id07426
18975242,18975765,523,id07426
18975765,18976385,620,id07426
18976385,18976718,333,id07426
18976718,18977251,533,id07426
18977251,18977758,507,id07426
18977758,18978127,369,id07426
18978127,18978532,405,id07426
18978532,18978983,451,id07426
18978983,18979542,559,id07426
18979542,18980008,466,id07426
18980008,18980602,594,id07426
18980602,18981074,472,id07426
18981074,18981740,666,id07426
18981740,18982114,374,id07426
18982114,18982560,446,id07426
18982560,18983405,845,id07426
18983405,18983790,385,id07426
18983790,18984169,379,id07426
18984169,18985060,891,id07426
18985060,18985409,349,id07426
18985409,18985747,338,id07426
18985747,18986270,523,id07426
18986270,18986921,651,id07426
18986921,18987285,364,id07426
18987285,18988033,748,id07426
18988033,18988489,456,id07426
18988489,18988807,318,id07426
18988807,18989125,318,id07426
18989125,18989796,671,id07426
18989796,18990283,487,id07426
18990283,18990862,579,id07426
18990862,18991677,815,id07426
18991677,18992067,390,id07426
18992067,18992395,328,id07426
18992395,18992979,584,id07426
18992979,18993317,338,id07426
18993317,18993789,472,id07426
18993789,18994706,917,id07426
18994706,18995101,395,id07426
18995101,18995496,395,id07426
18995496,18995978,482,id07426
18995978,18996332,354,id07426
18996332,18996845,513,id07426
18996845,18997317,472,id07426
18997317,18997722,405,id07426
18997722,18998235,513,id07426
18998235,18998558,323,id07426
18998558,18999337,779,id07426
18999337,19000167,830,id07426
19000167,19000490,323,id07426
19000490,19001049,559,id07426
19001049,19001444,395,id07426
19001444,19002566,1122,id07426
19002566,19003130,564,id07426
19003130,19003612,482,id07426
19003612,19003935,323,id07426
19003935,19004842,907,id07426
19004842,19005416,574,id07426
19005416,19005964,548,id07426
19005964,19006364,400,id07426
19006364,19007117,753,id07426
19007117,19007604,487,id07426
19007604,19007999,395,id07426
19007999,19008465,466,id07426
19008465,19008947,482,id07426
19008947,19009439,492,id07426
19009439,19010054,615,id07426
19010054,19010392,338,id07426
19010392,19011002,610,id07426
19011002,19011356,354,id07426
19011356,19011674,318,id07426
19011674,19011997,323,id07426
19011997,19012581,584,id07426
19012581,19012909,328,id07426
19012909,19013370,461,id07426
19013370,19013964,594,id07426
19013964,19014379,415,id07426
19014379,19015260,881,id07426
19015260,19015675,415,id07426
19015675,19015993,318,id07426
19015993,19016746,753,id07426
19016746,19017284,538,id07426
19017284,19017653,369,id07426
19017653,19018432,779,id07426
19018432,19018955,523,id07426
19018955,19019744,789,id07426
19019744,19020098,354,id07426
19020098,19020785,687,id07426
19020785,19021129,344,id07426
19021129,19021713,584,id07426
19021713,19022287,574,id07426
19022287,19022856,569,id07426
19022856,19023399,543,id07426
19023399,19023845,446,id07426
19023845,19024393,548,id07426
19024393,19024880,487,id07426
19024880,19025536,656,id07426
19025536,19025890,354,id07426
19025890,19026234,344,id07426
19026234,19026793,559,id07426
19026793,19027275,482,id07426
19027275,19028269,994,id07426
19028269,19028756,487,id07426
19028756,19029591,835,id07426
19029591,19031302,1711,id07426
19031302,19032076,774,id07426
19032076,19032404,328,id07426
19032404,19032758,354,id07426
19032758,19033117,359,id07426
19033117,19033993,876,id07426
19033993,19034705,712,id07426
19034705,19035320,615,id07494
19035320,19035638,318,id07494
19035638,19036079,441,id07494
19036079,19036627,548,id07494
19036627,19037006,379,id07494
19037006,19037396,390,id07494
19037396,19038298,902,id07494
19038298,19038831,533,id07494
19038831,19039400,569,id07494
19039400,19040102,702,id07494
19040102,19040584,482,id07494
19040584,19040948,364,id07494
19040948,19041568,620,id07494
19041568,19042075,507,id07494
19042075,19042864,789,id07494
19042864,19043284,420,id07494
19043284,19043894,610,id07494
19043894,19044509,615,id07494
19044509,19045073,564,id07494
19045073,19045826,753,id07494
19045826,19046523,697,id07494
19046523,19047926,1403,id07494
19047926,19049073,1147,id07494
19049073,19049391,318,id07494
19049391,19049724,333,id07494
19049724,19050109,385,id07494
19050109,19050627,518,id07494
19050627,19050971,344,id07494
19050971,19051356,385,id07494
19051356,19051746,390,id07494
19051746,19052484,738,id07494
19052484,19053145,661,id07494
19053145,19053499,354,id07494
19053499,19053904,405,id07494
19053904,19054478,574,id07494
19054478,19055185,707,id07494
19055185,19055831,646,id07494
19055831,19056149,318,id07494
19056149,19057046,897,id07494
19057046,19057594,548,id07494
19057594,19058009,415,id07494
19058009,19059003,994,id07494
19059003,19059423,420,id07494
19059423,19059813,390,id07494
19059813,19060285,472,id07494
19060285,19061013,728,id07494
19061013,19061449,436,id07494
19061449,19061818,369,id07494
19061818,19062494,676,id07494
19062494,19062925,431,id07494
19062925,19063371,446,id07494
19063371,19063735,364,id07494
19063735,19064176,441,id07494
19064176,19064499,323,id07494
19064499,19064858,359,id07494
19064858,19065401,543,id07494
19065401,19065857,456,id07494
19065857,19066201,344,id07494
19066201,19066539,338,id07494
19066539,19067000,461,id07494
19067000,19067405,405,id07494
19067405,19067836,431,id07494
19067836,19068507,671,id07494
19068507,19069127,620,id07494
19069127,19069455,328,id07494
19069455,19070403,948,id07494
19070403,19070916,513,id07494
19070916,19071510,594,id07494
19071510,19071935,425,id07494
19071935,19072878,943,id07494
19072878,19073380,502,id07494
19073380,19073831,451,id07494
19073831,19074277,446,id07494
19074277,19074651,374,id07494
19074651,19075123,472,id07494
19075123,19075451,328,id07494
19075451,19075810,359,id07494
19075810,19076435,625,id07494
19076435,19076927,492,id07494
19076927,19077450,523,id07494
19077450,19077942,492,id07494
19077942,19078588,646,id07494
19078588,19078962,374,id07494
19078962,19079316,354,id07494
19079316,19079890,574,id07494
19079890,19080474,584,id07494
19080474,19080997,523,id07494
19080997,19081366,369,id07494
19081366,19081853,487,id07494
19081853,19082447,594,id07494
19082447,19082791,344,id07494
19082791,19083560,769,id07494
19083560,19084231,671,id07494
19084231,19084564,333,id07494
19084564,19085276,712,id07494
19085276,19085666,390,id07494
19085666,19086347,681,id07494
19086347,19086844,497,id07494
19086844,19087239,395,id07494
19087239,19087711,472,id07494
19087711,19088177,466,id07494
19088177,19088556,379,id07494
19088556,19088889,333,id07494
19088889,19089350,461,id07494
19089350,19090441,1091,id07494
19090441,19091686,1245,id07494
19091686,19092106,420,id07494
19092106,19092424,318,id07494
19092424,19092998,574,id07494
19092998,19093429,431,id07494
19093429,19095872,2443,id07494
19095872,19097854,1982,id07494
19097854,19098884,1030,id07494
19098884,19099775,891,id07494
19099775,19101071,1296,id07494
19101071,19101624,553,id07494
19101624,19102372,748,id07494
19102372,19102736,364,id07494
19102736,19103161,425,id07494
19103161,19103499,338,id07494
19103499,19103904,405,id07494
19103904,19104222,318,id07494
19104222,19104724,502,id07494
19104724,19105201,477,id07494
19105201,19105719,518,id07494
19105719,19106109,390,id07494
19106109,19106550,441,id07494
19106550,19106878,328,id07494
19106878,19107324,446,id07494
19107324,19108226,902,id07494
19108226,19108646,420,id07494
19108646,19109036,390,id07494
19109036,19109456,420,id07494
19109456,19109846,390,id07494
19109846,19110430,584,id07494
19110430,19110809,379,id07494
19110809,19111301,492,id07494
19111301,19111742,441,id07494
19111742,19112198,456,id07494
19112198,19113043,845,id07494
19113043,19113509,466,id07494
19113509,19114103,594,id07494
19114103,19114421,318,id07494
19114421,19115149,728,id07494
19115149,19115518,369,id07494
19115518,19116230,712,id07494
19116230,19116548,318,id07494
19116548,19117352,804,id07494
19117352,19117716,364,id07494
19117716,19118126,410,id07494
19118126,19118720,594,id07494
19118720,19119074,354,id07494
19119074,19119443,369,id07494
19119443,19119833,390,id07494
19119833,19120724,891,id07494
19120724,19121564,840,id07494
19121564,19122568,1004,id07494
19122568,19122932,364,id07494
19122932,19123557,625,id07494
19123557,19124643,1086,id07494
19124643,19125022,379,id07494
19125022,19125432,410,id07494
19125432,19125765,333,id07494
19125765,19126272,507,id07494
19126272,19127056,784,id07494
19127056,19127420,364,id07494
19127420,19127938,518,id07494
19127938,19128369,431,id07494
19128369,19128882,513,id07494
19128882,19129287,405,id07494
19129287,19129620,333,id07494
19129620,19130255,635,id07494
19130255,19130629,374,id07494
19130629,19131034,405,id07494
19131034,19131475,441,id07494
19131475,19132699,1224,id07494
19132699,19134041,1342,id07494
19134041,19134958,917,id07494
19134958,19135599,641,id07494
19135599,19136106,507,id07494
19136106,19136926,820,id07494
19136926,19137285,359,id07494
19137285,19138238,953,id07494
19138238,19138699,461,id07494
19138699,19139713,1014,id07494
19139713,19140768,1055,id07494
19140768,19141675,907,id07494
19141675,19142070,395,id07494
19142070,19142424,354,id07494
19142424,19142870,446,id07494
19142870,19143198,328,id07494
19143198,19143629,431,id07494
19143629,19144085,456,id07494
19144085,19144500,415,id07494
19144500,19144879,379,id07494
19144879,19145284,405,id07494
19145284,19145663,379,id07494
19145663,19146800,1137,id07494
19146800,19147133,333,id07494
19147133,19147615,482,id07494
19147615,19148066,451,id07494
19148066,19148502,436,id07494
19148502,19148835,333,id07494
19148835,19149276,441,id07494
19149276,19149870,594,id07494
19149870,19150367,497,id07494
19150367,19151023,656,id07494
19151023,19151351,328,id07494
19151351,19151956,605,id07494
19151956,19152428,472,id07494
19152428,19152966,538,id07494
19152966,19153289,323,id07494
19153289,19153658,369,id07494
19153658,19154186,528,id07494
19154186,19154760,574,id07494
19154760,19155308,548,id07494
19155308,19155687,379,id07494
19155687,19156031,344,id07494
19156031,19156538,507,id07494
19156538,19157081,543,id07494
19157081,19157399,318,id07494
19157399,19157871,472,id07494
19157871,19158240,369,id07494
19158240,19158619,379,id07494
19158619,19158942,323,id07494
19158942,19159311,369,id07494
19159311,19159916,605,id07494
19159916,19160280,364,id07494
19160280,19161438,1158,id07494
19161438,19161884,446,id07494
19161884,19162919,1035,id07494
19162919,19163544,625,id07494
19163544,19163867,323,id07494
19163867,19164333,466,id07494
19164333,19164697,364,id07494
19164697,19165020,323,id07494
19165020,19165497,477,id07494
19165497,19165887,390,id07494
19165887,19166625,738,id07494
19166625,19167045,420,id07494
19167045,19167414,369,id07494
19167414,19167834,420,id07494
19167834,19168198,364,id07494
19168198,19168920,722,id07494
19168920,19169238,318,id07494
19169238,19169858,620,id07494
19169858,19170842,984,id07494
19170842,19171749,907,id07494
19171749,19172830,1081,id07494
19172830,19173363,533,id07494
19173363,19173768,405,id07494
19173768,19175258,1490,id07494
19175258,19176349,1091,id07494
19176349,19177358,1009,id07494
19177358,19177865,507,id07494
19177865,19178362,497,id07494
19178362,19178869,507,id07494
19178869,19179233,364,id07494
19179233,19180467,1234,id07494
19180467,19180785,318,id07494
19180785,19181149,364,id07494
19181149,19181580,431,id07494
19181580,19182482,902,id07494
19182482,19182902,420,id07494
19182902,19183317,415,id07494
19183317,19183650,333,id07494
19183650,19184265,615,id07494
19184265,19184644,379,id07494
19184644,19185069,425,id07494
19185069,19185607,538,id07494
19185607,19186058,451,id07494
19186058,19186524,466,id07494
19186524,19187339,815,id07494
19187339,19187677,338,id07494
19187677,19188246,569,id07494
19188246,19188733,487,id07494
19188733,19189158,425,id07494
19189158,19189681,523,id07494
19189681,19190327,646,id07494
19190327,19190768,441,id07494
19190768,19191122,354,id07494
19191122,19191604,482,id07494
19191604,19191922,318,id07494
19191922,19192404,482,id07494
19192404,19192758,354,id07494
19192758,19193460,702,id07494
19193460,19193804,344,id07494
19193804,19194747,943,id07494
19194747,19195162,415,id07494
19195162,19195598,436,id07494
19195598,19196064,466,id07494
19196064,19196735,671,id07494
19196735,19197114,379,id07494
19197114,19197493,379,id07494
19197493,19197908,415,id07494
19197908,19198262,354,id07494
19198262,19198595,333,id07494
19198595,19199420,825,id07494
19199420,19199912,492,id07494
19199912,19201008,1096,id07494
19201008,19201362,354,id07494
19201362,19201747,385,id07494
19201747,19202306,559,id07494
19202306,19202987,681,id07494
19202987,19203556,569,id07494
19203556,19203951,395,id07494
19203951,19204607,656,id07494
19204607,19205099,492,id07494
19205099,19205524,425,id07494
19205524,19205893,369,id07494
19205893,19206544,651,id07494
19206544,19206867,323,id07494
19206867,19207380,513,id07494
19207380,19207928,548,id07494
19207928,19208246,318,id07494
19208246,19208590,344,id07494
19208590,19208964,374,id07494
19208964,19209523,559,id07494
19209523,19210476,953,id07494
19210476,19210958,482,id07494
19210958,19211450,492,id07494
19211450,19211840,390,id07494
19211840,19212486,646,id07494
19212486,19212865,379,id07494
19212865,19213234,369,id07494
19213234,19213726,492,id07494
19213726,19214658,932,id07494
19214658,19215217,559,id07494
19215217,19215750,533,id07494
19215750,19216718,968,id07494
19216718,19217225,507,id07494
19217225,19217743,518,id07494
19217743,19218926,1183,id07494
19218926,19219362,436,id07494
19219362,19220008,646,id07494
19220008,19221068,1060,id07494
19221068,19221632,564,id07494
19221632,19222800,1168,id07494
19222800,19223287,487,id07494
19223287,19224163,876,id07494
19224163,19224609,446,id07494
19224609,19225137,528,id07494
19225137,19225829,692,id07494
19225829,19226633,804,id07494
19226633,19227386,753,id07494
19227386,19227724,338,id07494
19227724,19228042,318,id07494
19228042,19228565,523,id07494
19228565,19228985,420,id07494
19228985,19229626,641,id07494
19229626,19229959,333,id07494
19229959,19230815,856,id07494
19230815,19231481,666,id07494
19231481,19231850,369,id07494
19231850,19232255,405,id07494
19232255,19233008,753,id07494
19233008,19234150,1142,id07494
19234150,19234954,804,id07494
19234954,19235625,671,id07494
19235625,19236138,513,id07494
19236138,19236799,661,id07494
19236799,19237521,722,id07494
19237521,19238602,1081,id07494
19238602,19239099,497,id07494
19239099,19239975,876,id07494
19239975,19240677,702,id07494
19240677,19240995,318,id07494
19240995,19241431,436,id07494
19241431,19241749,318,id07494
19241749,19242067,318,id07494
19242067,19242436,369,id07494
19242436,19243077,641,id07494
19243077,19243636,559,id07494
19243636,19244036,400,id07494
19244036,19244569,533,id07494
19244569,19244913,344,id07494
19244913,19245257,344,id07494
19245257,19245575,318,id07494
19245575,19246169,594,id07494
19246169,19246594,425,id07494
19246594,19247035,441,id07494
19247035,19247466,431,id07494
19247466,19248040,574,id07494
19248040,19248368,328,id07494
19248368,19248814,446,id07494
19248814,19249152,338,id07494
19249152,19249721,569,id07494
19249721,19250597,876,id07494
19250597,19251985,1388,id07494
19251985,19252339,354,id07494
19252339,19252718,379,id07494
19252718,19253215,497,id07494
19253215,19253661,446,id07494
19253661,19253989,328,id07494
19253989,19254425,436,id07494
19254425,19254948,523,id07494
19254948,19255379,431,id07494
19255379,19255973,594,id07494
19255973,19256598,625,id07494
19256598,19258437,1839,id07494
19258437,19259451,1014,id07494
19259451,19260117,666,id07494
19260117,19261188,1071,id07494
19261188,19261644,456,id07494
19261644,19262192,548,id07494
19262192,19263370,1178,id07494
19263370,19264272,902,id07494
19264272,19265271,999,id07494
19265271,19266198,927,id07494
19266198,19266705,507,id07494
19266705,19267955,1250,id07494
19267955,19268278,323,id07494
19268278,19269000,722,id07494
19269000,19270383,1383,id07494
19270383,19271735,1352,id07494
19271735,19273000,1265,id07494
19273000,19273589,589,id07494
19273589,19274358,769,id07494
19274358,19275009,651,id07494
19275009,19276197,1188,id07494
19276197,19276817,620,id07494
19276817,19278241,1424,id07494
19278241,19278738,497,id07494
19278738,19279158,420,id07494
19279158,19279537,379,id07494
19279537,19280116,579,id07494
19280116,19281530,1414,id07494
19281530,19282176,646,id07494
19282176,19283185,1009,id07494
19283185,19283641,456,id07494
19283641,19284056,415,id07494
19284056,19284481,425,id07494
19284481,19284855,374,id07494
19284855,19285347,492,id07494
19285347,19285711,364,id07494
19285711,19286080,369,id07494
19286080,19286562,482,id07494
19286562,19286890,328,id07494
19286890,19287218,328,id07494
19287218,19287992,774,id07620
19287992,19288310,318,id07620
19288310,19288725,415,id07620
19288725,19289258,533,id07620
19289258,19289612,354,id07620
19289612,19290027,415,id07620
19290027,19290550,523,id07620
19290550,19290914,364,id07620
19290914,19291293,379,id07620
19291293,19291616,323,id07620
19291616,19292036,420,id07620
19292036,19292636,600,id07620
19292636,19293031,395,id07620
19293031,19293431,400,id07620
19293431,19293821,390,id07620
19293821,19294170,349,id07620
19294170,19294549,379,id07620
19294549,19294903,354,id07620
19294903,19295508,605,id07620
19295508,19296051,543,id07620
19296051,19296395,344,id07620
19296395,19296943,548,id07620
19296943,19297281,338,id07620
19297281,19297599,318,id07620
19297599,19297968,369,id07620
19297968,19298593,625,id07620
19298593,19298967,374,id07620
19298967,19299392,425,id07620
19299392,19299797,405,id07620
19299797,19300519,722,id07620
19300519,19300980,461,id07620
19300980,19301513,533,id07620
19301513,19301898,385,id07620
19301898,19302298,400,id07620
19302298,19303932,1634,id07620
19303932,19304306,374,id07620
19304306,19305592,1286,id07620
19305592,19305997,405,id07620
19305997,19306320,323,id07620
19306320,19307119,799,id07620
19307119,19307488,369,id07620
19307488,19307965,477,id07620
19307965,19308334,369,id07620
19308334,19308667,333,id07620
19308667,19309092,425,id07620
19309092,19309461,369,id07620
19309461,19309805,344,id07620
19309805,19310338,533,id07620
19310338,19311188,850,id07620
19311188,19311670,482,id07620
19311670,19312152,482,id07620
19312152,19312921,769,id07620
19312921,19313326,405,id07620
19313326,19313972,646,id07620
19313972,19315411,1439,id07620
19315411,19315954,543,id07620
19315954,19316584,630,id07620
19316584,19316979,395,id07620
19316979,19317374,395,id07620
19317374,19317799,425,id07620
19317799,19318532,733,id07620
19318532,19318901,369,id07620
19318901,19319229,328,id07620
19319229,19319962,733,id07620
19319962,19320899,937,id07620
19320899,19321565,666,id07620
19321565,19321934,369,id07620
19321934,19323348,1414,id07620
19323348,19324516,1168,id07620
19324516,19325423,907,id07620
19325423,19325946,523,id07620
19325946,19326351,405,id07620
19326351,19326884,533,id07620
19326884,19327407,523,id07620
19327407,19327976,569,id07620
19327976,19328529,553,id07620
19328529,19329067,538,id07620
19329067,19329999,932,id07620
19329999,19330762,763,id07620
19330762,19331177,415,id07620
19331177,19331505,328,id07620
19331505,19332442,937,id07620
19332442,19333374,932,id07620
19333374,19334506,1132,id07620
19334506,19335095,589,id07620
19335095,19335679,584,id07620
19335679,19336340,661,id07620
19336340,19336709,369,id07620
19336709,19337063,354,id07620
19337063,19337990,927,id07620
19337990,19338308,318,id07620
19338308,19339261,953,id07620
19339261,19339579,318,id07620
19339579,19339907,328,id07620
19339907,19340466,559,id07620
19340466,19340815,349,id07620
19340815,19341307,492,id07620
19341307,19341732,425,id07620
19341732,19342408,676,id07620
19342408,19342777,369,id07620
19342777,19343336,559,id07620
19343336,19343726,390,id07620
19343726,19344643,917,id07620
19344643,19345033,390,id07620
19345033,19345633,600,id07620
19345633,19346263,630,id07620
19346263,19346627,364,id07620
19346627,19346971,344,id07620
19346971,19348108,1137,id07620
19348108,19348446,338,id07620
19348446,19349117,671,id07620
19349117,19349926,809,id07620
19349926,19350331,405,id07620
19350331,19350649,318,id07620
19350649,19351243,594,id07620
19351243,19351602,359,id07620
19351602,19351951,349,id07620
19351951,19352612,661,id07620
19352612,19353258,646,id07620
19353258,19353576,318,id07620
19353576,19353909,333,id07620
19353909,19354662,753,id07620
19354662,19355006,344,id07620
19355006,19355954,948,id07620
19355954,19356364,410,id07620
19356364,19356974,610,id07620
19356974,19357292,318,id07620
19357292,19357927,635,id07620
19357927,19359090,1163,id07620
19359090,19359469,379,id07620
19359469,19360212,743,id07620
19360212,19360837,625,id07620
19360837,19362471,1634,id07620
19362471,19363455,984,id07620
19363455,19364981,1526,id07620
19364981,19365729,748,id07620
19365729,19366129,400,id07620
19366129,19366652,523,id07620
19366652,19366996,344,id07620
19366996,19367432,436,id07620
19367432,19368303,871,id07620
19368303,19368718,415,id07620
19368718,19369220,502,id07620
19369220,19370204,984,id07620
19370204,19370737,533,id07620
19370737,19371536,799,id07620
19371536,19372028,492,id07620
19372028,19372704,676,id07620
19372704,19373606,902,id07620
19373606,19373944,338,id07620
19373944,19374497,553,id07620
19374497,19374830,333,id07620
19374830,19375158,328,id07620
19375158,19375589,431,id07620
19375589,19375917,328,id07620
19375917,19376547,630,id07620
19376547,19377592,1045,id07620
19377592,19377925,333,id07620
19377925,19378443,518,id07620
19378443,19379012,569,id07620
19379012,19379366,354,id07620
19379366,19381322,1956,id07620
19381322,19381829,507,id07620
19381829,19382219,390,id07620
19382219,19382788,569,id07620
19382788,19383111,323,id07620
19383111,19383536,425,id07620
19383536,19384059,523,id07620
19384059,19384428,369,id07620
19384428,19384941,513,id07620
19384941,19385290,349,id07620
19385290,19385854,564,id07620
19385854,19386269,415,id07620
19386269,19386684,415,id07620
19386684,19387089,405,id07620
19387089,19387407,318,id07620
19387407,19388426,1019,id07620
19388426,19389287,861,id07620
19389287,19389897,610,id07620
19389897,19390507,610,id07620
19390507,19390984,477,id07620
19390984,19391374,390,id07620
19391374,19391728,354,id07620
19391728,19392312,584,id07620
19392312,19392912,600,id07620
19392912,19393640,728,id07620
19393640,19394286,646,id07620
19394286,19396329,2043,id07620
19396329,19397005,676,id07620
19397005,19397656,651,id07620
19397656,19398087,431,id07620
19398087,19398640,553,id07620
19398640,19399542,902,id07620
19399542,19399870,328,id07620
19399870,19402108,2238,id07620
19402108,19403788,1680,id07620
19403788,19404388,600,id07620
19404388,19405141,753,id07620
19405141,19405715,574,id07620
19405715,19406084,369,id07620
19406084,19406929,845,id07620
19406929,19407948,1019,id07620
19407948,19408338,390,id07620
19408338,19408687,349,id07620
19408687,19409015,328,id07620
19409015,19409963,948,id07620
19409963,19411126,1163,id07620
19411126,19413026,1900,id07620
19413026,19413421,395,id07620
19413421,19413846,425,id07620
19413846,19414712,866,id07620
19414712,19415127,415,id07620
19415127,19415916,789,id07620
19415916,19416618,702,id07620
19416618,19417074,456,id07620
19417074,19418657,1583,id07620
19418657,19419943,1286,id07620
19419943,19420409,466,id07620
19420409,19421766,1357,id07620
19421766,19423436,1670,id07620
19423436,19423759,323,id07620
19423759,19424190,431,id07620
19424190,19424697,507,id07620
19424697,19425138,441,id07620
19425138,19425599,461,id07620
19425599,19425943,344,id07620
19425943,19426880,937,id07620
19426880,19427403,523,id07620
19427403,19427885,482,id07620
19427885,19428382,497,id07620
19428382,19428992,610,id07620
19428992,19429929,937,id07620
19429929,19430513,584,id07620
19430513,19430918,405,id07620
19430918,19431405,487,id07620
19431405,19431764,359,id07620
19431764,19432179,415,id07620
19432179,19432681,502,id07620
19432681,19433158,477,id07620
19433158,19433486,328,id07620
19433486,19433819,333,id07620
19433819,19434137,318,id07620
19434137,19434634,497,id07620
19434634,19435198,564,id07620
19435198,19435562,364,id07620
19435562,19436197,635,id07620
19436197,19436515,318,id07620
19436515,19436961,446,id07620
19436961,19437289,328,id07620
19437289,19438037,748,id07620
19438037,19438698,661,id07620
19438698,19439216,518,id07620
19439216,19439723,507,id07620
19439723,19440046,323,id07620
19440046,19440364,318,id07620
19440364,19440743,379,id07620
19440743,19441133,390,id07620
19441133,19441564,431,id07620
19441564,19442010,446,id07620
19442010,19442538,528,id07620
19442538,19443250,712,id07620
19443250,19443880,630,id07620
19443880,19444218,338,id07620
19444218,19444618,400,id07620
19444618,19445105,487,id07620
19445105,19445571,466,id07620
19445571,19445961,390,id07620
19445961,19446422,461,id07620
19446422,19447206,784,id07620
19447206,19447662,456,id07620
19447662,19448082,420,id07620
19448082,19448497,415,id07620
19448497,19449245,748,id07620
19449245,19449589,344,id07620
19449589,19450107,518,id07620
19450107,19450650,543,id07620
19450650,19451055,405,id07620
19451055,19451521,466,id07620
19451521,19452505,984,id07620
19452505,19453908,1403,id07620
19453908,19454293,385,id07620
19454293,19454923,630,id07620
19454923,19455405,482,id07620
19455405,19455984,579,id07620
19455984,19456650,666,id07620
19456650,19457398,748,id07620
19457398,19458704,1306,id07620
19458704,19459401,697,id07620
19459401,19459873,472,id07620
19459873,19460611,738,id07620
19460611,19461159,548,id07620
19461159,19461856,697,id07620
19461856,19462696,840,id07620
19462696,19463306,610,id07620
19463306,19464638,1332,id07620
19464638,19465284,646,id07620
19465284,19466027,743,id07620
19466027,19466929,902,id07620
19466929,19467421,492,id07620
19467421,19467939,518,id07620
19467939,19468718,779,id07620
19468718,19469379,661,id07620
19469379,19469723,344,id07620
19469723,19470538,815,id07620
19470538,19470866,328,id07620
19470866,19471338,472,id07620
19471338,19471666,328,id07620
19471666,19473274,1608,id07620
19473274,19474089,815,id07620
19474089,19474602,513,id07620
19474602,19474920,318,id07620
19474920,19475258,338,id07620
19475258,19475960,702,id07620
19475960,19476324,364,id07620
19476324,19476703,379,id07620
19476703,19477149,446,id07620
19477149,19477810,661,id07620
19477810,19478143,333,id07620
19478143,19478461,318,id07620
19478461,19478810,349,id07620
19478810,19479164,354,id07620
19479164,19479784,620,id07620
19479784,19480199,415,id07620
19480199,19480840,641,id07620
19480840,19481219,379,id07620
19481219,19481957,738,id07620
19481957,19482388,431,id07620
19482388,19483315,927,id07620
19483315,19484043,728,id07620
19484043,19484781,738,id07620
19484781,19485350,569,id07620
19485350,19485960,610,id07620
19485960,19486339,379,id07620
19486339,19487486,1147,id07620
19487486,19488618,1132,id07620
19488618,19490001,1383,id07620
19490001,19490688,687,id07620
19490688,19491042,354,id07620
19491042,19491452,410,id07620
19491452,19491770,318,id07620
19491770,19492293,523,id07620
19492293,19492647,354,id07620
19492647,19493016,369,id07620
19493016,19493626,610,id07620
19493626,19493980,354,id07620
19493980,19494395,415,id07620
19494395,19494959,564,id07620
19494959,19495666,707,id07620
19495666,19496271,605,id07620
19496271,19496594,323,id07620
19496594,19497050,456,id07620
19497050,19497603,553,id07620
19497603,19498146,543,id07620
19498146,19499089,943,id07620
19499089,19499427,338,id07620
19499427,19499847,420,id07620
19499847,19501235,1388,id07620
19501235,19501845,610,id07620
19501845,19502224,379,id07620
19502224,19502813,589,id07620
19502813,19503218,405,id07620
19503218,19504084,866,id07620
19504084,19504719,635,id07620
19504719,19505063,344,id07620
19505063,19505627,564,id07620
19505627,19506390,763,id07620
19506390,19506856,466,id07620
19506856,19507450,594,id07620
19507450,19507850,400,id07620
19507850,19508219,369,id07620
19508219,19508982,763,id07620
19508982,19509474,492,id07620
19509474,19509828,354,id07620
19509828,19510397,569,id07620
19510397,19510741,344,id07620
19510741,19511448,707,id07620
19511448,19511981,533,id07620
19511981,19512309,328,id07620
19512309,19512719,410,id07620
19512719,19513057,338,id07620
19513057,19513861,804,id07620
19513861,19514880,1019,id07620
19514880,19515285,405,id07620
19515285,19515685,400,id07620
19515685,19516141,456,id07620
19516141,19516956,815,id07620
19516956,19517484,528,id07620
19517484,19517858,374,id07620
19517858,19518217,359,id07620
19518217,19518617,400,id07620
19518617,19518981,364,id07620
19518981,19519412,431,id07620
19519412,19519807,395,id07620
19519807,19520192,385,id07620
19520192,19520669,477,id07620
19520669,19521002,333,id07620
19521002,19521346,344,id07620
19521346,19521725,379,id07620
19521725,19522145,420,id07620
19522145,19522478,333,id07620
19522478,19522914,436,id07620
19522914,19523299,385,id07620
19523299,19523704,405,id07620
19523704,19524467,763,id07620
19524467,19525026,559,id07620
19525026,19525549,523,id07620
19525549,19525990,441,id07620
19525990,19526410,420,id07620
19526410,19526743,333,id07620
19526743,19527158,415,id07620
19527158,19527537,379,id07620
19527537,19527875,338,id07620
19527875,19528219,344,id07620
19528219,19528614,395,id07620
19528614,19529034,420,id07620
19529034,19529393,359,id07620
19529393,19529772,379,id07620
19529772,19530116,344,id07620
19530116,19530603,487,id07620
19530603,19531305,702,id07620
19531305,19531695,390,id07620
19531695,19532120,425,id07620
19532120,19532469,349,id07620
19532469,19532797,328,id07620
19532797,19533135,338,id07620
19533135,19533494,359,id07620
19533494,19533976,482,id07620
19533976,19534601,625,id07620
19534601,19535569,968,id07620
19535569,19536005,436,id07620
19536005,19536349,344,id07620
19536349,19536815,466,id07620
19536815,19537281,466,id07620
19537281,19537660,379,id07620
19537660,19538198,538,id07620
19538198,19538690,492,id07620
19538690,19539121,431,id07620
19539121,19539521,400,id07620
19539521,19540213,692,id07620
19540213,19540644,431,id07620
19540644,19541346,702,id07620
19541346,19542063,717,id07620
19542063,19542412,349,id07620
19542412,19543017,605,id07620
19543017,19543458,441,id07620
19543458,19544063,605,id07620
19544063,19544396,333,id07620
19544396,19544827,431,id07620
19544827,19545529,702,id07620
19545529,19546072,543,id07620
19546072,19546405,333,id07620
19546405,19546938,533,id07620
19546938,19547328,390,id07620
19547328,19547928,600,id07620
19547928,19548379,451,id07620
19548379,19548938,559,id07620
19548938,19549389,451,id07620
19549389,19549753,364,id07620
19549753,19550132,379,id07620
19550132,19550542,410,id07620
19550542,19550962,420,id07620
19550962,19551316,354,id07620
19551316,19552443,1127,id07620
19552443,19552761,318,id07620
19552761,19553094,333,id07620
19553094,19553422,328,id07620
19553422,19553868,446,id07620
19553868,19554288,420,id07620
19554288,19556121,1833,id07620
19556121,19556531,410,id07620
19556531,19556859,328,id07620
19556859,19557244,385,id07620
19557244,19557741,497,id07620
19557741,19558207,466,id07620
19558207,19558725,518,id07620
19558725,19559069,344,id07620
19559069,19559397,328,id07620
19559397,19559735,338,id07620
19559735,19560073,338,id07620
19560073,19560493,420,id07620
19560493,19560811,318,id07620
19560811,19562255,1444,id07620
19562255,19562885,630,id07620
19562885,19563254,369,id07620
19563254,19563700,446,id07620
19563700,19565257,1557,id07620
19565257,19565969,712,id07620
19565969,19566405,436,id07621
19566405,19566871,466,id07621
19566871,19567261,390,id07621
19567261,19567605,344,id07621
19567605,19568256,651,id07621
19568256,19568594,338,id07621
19568594,19568917,323,id07621
19568917,19569383,466,id07621
19569383,19569716,333,id07621
19569716,19570157,441,id07621
19570157,19570511,354,id07621
19570511,19571300,789,id07621
19571300,19571997,697,id07621
19571997,19572315,318,id07621
19572315,19572659,344,id07621
19572659,19573182,523,id07621
19573182,19573674,492,id07621
19573674,19574094,420,id07621
19574094,19574540,446,id07621
19574540,19575032,492,id07621
19575032,19575386,354,id07621
19575386,19576006,620,id07621
19576006,19576324,318,id07621
19576324,19576821,497,id07621
19576821,19577159,338,id07621
19577159,19577830,671,id07621
19577830,19578491,661,id07621
19578491,19578845,354,id07621
19578845,19579168,323,id07621
19579168,19580162,994,id07621
19580162,19581509,1347,id07621
19581509,19582052,543,id07621
19582052,19582385,333,id07621
19582385,19582795,410,id07621
19582795,19583251,456,id07621
19583251,19583707,456,id07621
19583707,19584112,405,id07621
19584112,19584783,671,id07621
19584783,19585162,379,id07621
19585162,19585618,456,id07621
19585618,19585982,364,id07621
19585982,19586402,420,id07621
19586402,19586807,405,id07621
19586807,19587243,436,id07621
19587243,19587873,630,id07621
19587873,19588493,620,id07621
19588493,19588883,390,id07621
19588883,19589431,548,id07621
19589431,19589780,349,id07621
19589780,19590492,712,id07621
19590492,19590938,446,id07621
19590938,19591538,600,id07621
19591538,19591897,359,id07621
19591897,19592261,364,id07621
19592261,19592625,364,id07621
19592625,19593178,553,id07621
19593178,19593859,681,id07621
19593859,19594587,728,id07621
19594587,19595171,584,id07621
19595171,19595499,328,id07621
19595499,19595817,318,id07621
19595817,19596212,395,id07621
19596212,19596704,492,id07621
19596704,19597529,825,id07621
19597529,19598001,472,id07621
19598001,19599210,1209,id07621
19599210,19599769,559,id07621
19599769,19600753,984,id07621
19600753,19601076,323,id07621
19601076,19601773,697,id07621
19601773,19602296,523,id07621
19602296,19602634,338,id07621
19602634,19603244,610,id07621
19603244,19603803,559,id07621
19603803,19604193,390,id07621
19604193,19604992,799,id07621
19604992,19605627,635,id07621
19605627,19606083,456,id07621
19606083,19606718,635,id07621
19606718,19607353,635,id07621
19607353,19607932,579,id07621
19607932,19608414,482,id07621
19608414,19608768,354,id07621
19608768,19609403,635,id07621
19609403,19609828,425,id07621
19609828,19610253,425,id07621
19610253,19610607,354,id07621
19610607,19611053,446,id07621
19611053,19611448,395,id07621
19611448,19612196,748,id07621
19612196,19612596,400,id07621
19612596,19613308,712,id07621
19613308,19613728,420,id07621
19613728,19614481,753,id07621
19614481,19614912,431,id07621
19614912,19615302,390,id07621
19615302,19616260,958,id07621
19616260,19616870,610,id07621
19616870,19617193,323,id07621
19617193,19617537,344,id07621
19617537,19617957,420,id07621
19617957,19618751,794,id07621
19618751,19619141,390,id07621
19619141,19619628,487,id07621
19619628,19620530,902,id07621
19620530,19621160,630,id07621
19621160,19621524,364,id07621
19621524,19621965,441,id07621
19621965,19622984,1019,id07621
19622984,19623435,451,id07621
19623435,19624178,743,id07621
19624178,19624537,359,id07621
19624537,19624932,395,id07621
19624932,19625250,318,id07621
19625250,19625629,379,id07621
19625629,19626735,1106,id07621
19626735,19627877,1142,id07621
19627877,19628799,922,id07621
19628799,19629419,620,id07621
19629419,19629844,425,id07621
19629844,19630285,441,id07621
19630285,19630961,676,id07621
19630961,19631289,328,id07621
19631289,19631627,338,id07621
19631627,19631965,338,id07621
19631965,19634080,2115,id07621
19634080,19634413,333,id07621
19634413,19634977,564,id07621
19634977,19635474,497,id07621
19635474,19636867,1393,id07621
19636867,19638450,1583,id07621
19638450,19640017,1567,id07621
19640017,19640335,318,id07621
19640335,19640832,497,id07621
19640832,19641647,815,id07621
19641647,19641980,333,id07621
19641980,19642585,605,id07621
19642585,19643384,799,id07621
19643384,19643748,364,id07621
19643748,19644527,779,id07621
19644527,19644993,466,id07621
19644993,19645331,338,id07621
19645331,19645838,507,id07621
19645838,19646253,415,id07621
19646253,19646863,610,id07621
19646863,19647181,318,id07621
19647181,19647816,635,id07621
19647816,19649583,1767,id07621
19649583,19649988,405,id07621
19649988,19651755,1767,id07621
19651755,19652191,436,id07621
19652191,19653149,958,id07621
19653149,19653595,446,id07621
19653595,19654113,518,id07621
19654113,19654518,405,id07621
19654518,19655041,523,id07621
19655041,19655728,687,id07621
19655728,19656927,1199,id07621
19656927,19658202,1275,id07621
19658202,19658914,712,id07621
19658914,19659437,523,id07621
19659437,19660620,1183,id07621
19660620,19661557,937,id07621
19661557,19662346,789,id07621
19662346,19662736,390,id07621
19662736,19663822,1086,id07621
19663822,19664242,420,id07621
19664242,19664877,635,id07621
19664877,19665374,497,id07621
19665374,19665922,548,id07621
19665922,19666481,559,id07621
19666481,19667219,738,id07621
19667219,19667578,359,id07621
19667578,19668592,1014,id07621
19668592,19669099,507,id07621
19669099,19669699,600,id07621
19669699,19670017,318,id07621
19670017,19670530,513,id07621
19670530,19671283,753,id07621
19671283,19672226,943,id07621
19672226,19672682,456,id07621
19672682,19673256,574,id07621
19673256,19673830,574,id07621
19673830,19674215,385,id07621
19674215,19674610,395,id07621
19674610,19675220,610,id07621
19675220,19675697,477,id07621
19675697,19676102,405,id07621
19676102,19676435,333,id07621
19676435,19676835,400,id07621
19676835,19677455,620,id07621
19677455,19677814,359,id07621
19677814,19678229,415,id07621
19678229,19678567,338,id07621
19678567,19679126,559,id07621
19679126,19679459,333,id07621
19679459,19679961,502,id07621
19679961,19680448,487,id07621
19680448,19681114,666,id07621
19681114,19681452,338,id07621
19681452,19682538,1086,id07621
19682538,19682928,390,id07621
19682928,19684157,1229,id07621
19684157,19684480,323,id07621
19684480,19684839,359,id07621
19684839,19685567,728,id07621
19685567,19685885,318,id07621
19685885,19686234,349,id07621
19686234,19686803,569,id07621
19686803,19687141,338,id07621
19687141,19687490,349,id07621
19687490,19688346,856,id07621
19688346,19689084,738,id07621
19689084,19689576,492,id07621
19689576,19689955,379,id07621
19689955,19690365,410,id07621
19690365,19690780,415,id07621
19690780,19691144,364,id07621
19691144,19691713,569,id07621
19691713,19693270,1557,id07621
19693270,19693742,472,id07621
19693742,19694096,354,id07621
19694096,19694450,354,id07621
19694450,19695024,574,id07621
19695024,19695511,487,id07621
19695511,19695829,318,id07621
19695829,19696229,400,id07621
19696229,19697018,789,id07621
19697018,19697602,584,id07621
19697602,19697930,328,id07621
19697930,19698499,569,id07621
19698499,19698884,385,id07621
19698884,19699868,984,id07621
19699868,19700375,507,id07621
19700375,19700729,354,id07621
19700729,19701272,543,id07621
19701272,19702179,907,id07621
19702179,19703413,1234,id07621
19703413,19704381,968,id07621
19704381,19705221,840,id07621
19705221,19705759,538,id07621
19705759,19706307,548,id07621
19706307,19706804,497,id07621
19706804,19708366,1562,id07621
19708366,19708848,482,id07621
19708848,19709765,917,id07621
19709765,19710139,374,id07621
19710139,19710477,338,id07621
19710477,19710800,323,id07621
19710800,19711164,364,id07621
19711164,19711600,436,id07621
19711600,19712025,425,id07621
19712025,19712379,354,id07621
19712379,19712774,395,id07621
19712774,19713420,646,id07621
19713420,19713815,395,id07621
19713815,19714297,482,id07621
19714297,19714635,338,id07621
19714635,19714958,323,id07621
19714958,19715814,856,id07621
19715814,19718441,2627,id07621
19718441,19719783,1342,id07621
19719783,19720249,466,id07621
19720249,19721560,1311,id07621
19721560,19721914,354,id07621
19721914,19722595,681,id07621
19722595,19723620,1025,id07621
19723620,19725080,1460,id07621
19725080,19726197,1117,id07621
19726197,19726807,610,id07621
19726807,19727811,1004,id07621
19727811,19728252,441,id07621
19728252,19729476,1224,id07621
19729476,19729917,441,id07621
19729917,19730435,518,id07621
19730435,19730927,492,id07621
19730927,19731260,333,id07621
19731260,19731988,728,id07621
19731988,19732695,707,id07621
19732695,19734319,1624,id07621
19734319,19734990,671,id07621
19734990,19735533,543,id07621
19735533,19736368,835,id07621
19736368,19736916,548,id07621
19736916,19737357,441,id07621
19737357,19737849,492,id07621
19737849,19738551,702,id07621
19738551,19738925,374,id07621
19738925,19739417,492,id07621
19739417,19739745,328,id07621
19739745,19740227,482,id07621
19740227,19740791,564,id07621
19740791,19741170,379,id07621
19741170,19741841,671,id07621
19741841,19742164,323,id07621
19742164,19743168,1004,id07621
19743168,19743896,728,id07621
19743896,19744429,533,id07621
19744429,19744947,518,id07621
19744947,19745828,881,id07621
19745828,19746202,374,id07621
19746202,19746761,559,id07621
19746761,19747217,456,id07621
19747217,19748400,1183,id07621
19748400,19749010,610,id07621
19749010,19749425,415,id07621
19749425,19749774,349,id07621
19749774,19750256,482,id07621
19750256,19750702,446,id07621
19750702,19751486,784,id07621
19751486,19751824,338,id07621
19751824,19752188,364,id07621
19752188,19752516,328,id07621
19752516,19752901,385,id07621
19752901,19753357,456,id07621
19753357,19754550,1193,id07621
19754550,19755380,830,id07621
19755380,19755954,574,id07621
19755954,19756344,390,id07621
19756344,19756867,523,id07621
19756867,19757513,646,id07621
19757513,19757990,477,id07621
19757990,19758477,487,id07621
19758477,19759256,779,id07621
19759256,19759620,364,id07621
19759620,19760143,523,id07621
19760143,19760487,344,id07621
19760487,19761399,912,id07621
19761399,19762260,861,id07621
19762260,19762645,385,id07621
19762645,19763147,502,id07621
19763147,19763465,318,id07621
19763465,19763931,466,id07621
19763931,19764351,420,id07621
19764351,19765022,671,id07621
19765022,19765427,405,id07621
19765427,19765934,507,id07621
19765934,19766861,927,id07621
19766861,19767179,318,id07621
19767179,19767497,318,id07621
19767497,19768004,507,id07621
19768004,19768470,466,id07621
19768470,19768993,523,id07621
19768993,19769818,825,id07621
19769818,19770392,574,id07621
19770392,19771473,1081,id07621
19771473,19771883,410,id07621
19771883,19773056,1173,id07621
19773056,19773384,328,id07621
19773384,19773866,482,id07621
19773866,19774998,1132,id07621
19774998,19775470,472,id07621
19775470,19776059,589,id07621
19776059,19776525,466,id07621
19776525,19777462,937,id07621
19777462,19777877,415,id07621
19777877,19778681,804,id07621
19778681,19779260,579,id07621
19779260,19779778,518,id07621
19779778,19780234,456,id07621
19780234,19780639,405,id07621
19780639,19781648,1009,id07621
19781648,19782191,543,id07621
19782191,19783108,917,id07621
19783108,19783728,620,id07621
19783728,19784737,1009,id07621
19784737,19785239,502,id07621
19785239,19785910,671,id07621
19785910,19786740,830,id07621
19786740,19787488,748,id07621
19787488,19788047,559,id07621
19788047,19788483,436,id07621
19788483,19788955,472,id07621
19788955,19789365,410,id07621
19789365,19789775,410,id07621
19789775,19790113,338,id07621
19790113,19790974,861,id07621
19790974,19791497,523,id07621
19791497,19792173,676,id07621
19792173,19792511,338,id07621
19792511,19793269,758,id07621
19793269,19793720,451,id07621
19793720,19794755,1035,id07621
19794755,19795493,738,id07621
19795493,19795908,415,id07621
19795908,19796349,441,id07621
19796349,19796908,559,id07621
19796908,19797513,605,id07621
19797513,19798148,635,id07621
19798148,19799357,1209,id07621
19799357,19800940,1583,id07621
19800940,19801360,420,id07621
19801360,19801893,533,id07621
19801893,19802267,374,id07621
19802267,19802759,492,id07621
19802759,19803405,646,id07621
19803405,19803851,446,id07621
19803851,19804609,758,id07621
19804609,19805321,712,id07621
19805321,19806212,891,id07621
19806212,19806796,584,id07621
19806796,19807186,390,id07621
19807186,19807719,533,id07621
19807719,19808426,707,id07621
19808426,19808749,323,id07621
19808749,19809098,349,id07621
19809098,19809723,625,id07621
19809723,19810092,369,id07621
19810092,19810794,702,id07621
19810794,19811465,671,id07621
19811465,19811834,369,id07621
19811834,19812454,620,id07621
19812454,19813048,594,id07621
19813048,19813596,548,id07621
19813596,19814042,446,id07621
19814042,19814549,507,id07621
19814549,19814923,374,id07621
19814923,19815302,379,id07621
19815302,19815779,477,id07621
19815779,19816148,369,id07621
19816148,19816609,461,id07621
19816609,19817234,625,id07621
19817234,19818975,1741,id07621
19818975,19819631,656,id07621
19819631,19821598,1967,id07621
19821598,19822013,415,id07621
19822013,19823278,1265,id07621
19823278,19825449,2171,id07621
19825449,19826151,702,id07621
19826151,19826689,538,id07621
19826689,19827207,518,id07621
19827207,19828692,1485,id07621
19828692,19829297,605,id07621
19829297,19830521,1224,id07621
19830521,19830982,461,id07621
19830982,19831551,569,id07621
19831551,19831869,318,id07621
19831869,19832975,1106,id07621
19832975,19833585,610,id07621
19833585,19833980,395,id07621
19833980,19834334,354,id07621
19834334,19834719,385,id07621
19834719,19835191,472,id07621
19835191,19835709,518,id07621
19835709,19836175,466,id07621
19836175,19836529,354,id07621
19836529,19836857,328,id07621
19836857,19837242,385,id07621
19837242,19838738,1496,id07621
19838738,19839363,625,id07621
19839363,19839829,466,id07621
19839829,19840280,451,id07621
19840280,19840777,497,id07621
19840777,19841192,415,id07621
19841192,19841587,395,id07621
19841587,19842007,420,id07621
19842007,19842832,825,id07621
19842832,19843662,830,id07621
19843662,19844128,466,id07621
19844128,19844907,779,id07621
19844907,19845245,338,id07621
19845245,19845793,548,id07621
19845793,19846167,374,id07621
19846167,19846541,374,id07621
19846541,19847028,487,id07621
19847028,19847469,441,id07621
19847469,19847915,446,id07621
19847915,19849646,1731,id07621
19849646,19850036,390,id07621
19850036,19850477,441,id07621
19850477,19851025,548,id07621
19851025,19851973,948,id07621
19851973,19852439,466,id07621
19852439,19852900,461,id07621
19852900,19853413,513,id07621
19853413,19853808,395,id07621
19853808,19854228,420,id07621
19854228,19854874,646,id07621
19854874,19855320,446,id07621
19855320,19856083,763,id07621
19856083,19856939,856,id07621
19856939,19857359,420,id07621
19857359,19857928,569,id07621
19857928,19858553,625,id07621
19858553,19858897,344,id07621
19858897,19859389,492,id07621
19859389,19859953,564,id07621
19859953,19860988,1035,id07621
19860988,19861357,369,id07621
19861357,19861680,323,id07621
19861680,19862075,395,id07621
19862075,19862393,318,id07621
19862393,19862957,564,id07621
19862957,19863408,451,id07621
19863408,19863859,451,id07621
19863859,19865140,1281,id07621
19865140,19865801,661,id07621
19865801,19866191,390,id07621
19866191,19866770,579,id07621
19866770,19867165,395,id07621
19867165,19867503,338,id07663
19867503,19867882,379,id07663
19867882,19868528,646,id07663
19868528,19868928,400,id07663
19868928,19872697,3769,id07663
19872697,19873061,364,id07663
19873061,19873543,482,id07663
19873543,19874603,1060,id07663
19874603,19876923,2320,id07663
19876923,19877712,789,id07663
19877712,19878337,625,id07663
19878337,19879008,671,id07663
19879008,19879326,318,id07663
19879326,19880304,978,id07663
19880304,19880627,323,id07663
19880627,19881744,1117,id07663
19881744,19882277,533,id07663
19882277,19882621,344,id07663
19882621,19883896,1275,id07663
19883896,19885008,1112,id07663
19885008,19885362,354,id07663
19885362,19886059,697,id07663
19886059,19886659,600,id07663
19886659,19886982,323,id07663
19886982,19887684,702,id07663
19887684,19888222,538,id07663
19888222,19888617,395,id07663
19888617,19889073,456,id07663
19889073,19889877,804,id07663
19889877,19890195,318,id07663
19890195,19890882,687,id07663
19890882,19892849,1967,id07663
19892849,19894621,1772,id07663
19894621,19895031,410,id07663
19895031,19895610,579,id07663
19895610,19896261,651,id07663
19896261,19896610,349,id07663
19896610,19898029,1419,id07663
19898029,19899627,1598,id07663
19899627,19901322,1695,id07663
19901322,19902413,1091,id07663
19902413,19902772,359,id07663
19902772,19903249,477,id07663
19903249,19905497,2248,id07663
19905497,19906419,922,id07663
19906419,19907310,891,id07663
19907310,19907679,369,id07663
19907679,19908268,589,id07663
19908268,19908663,395,id07663
19908663,19911034,2371,id07663
19911034,19911500,466,id07663
19911500,19914055,2555,id07663
19914055,19914491,436,id07663
19914491,19914809,318,id07663
19914809,19915173,364,id07663
19915173,19916264,1091,id07663
19916264,19916945,681,id07663
19916945,19917816,871,id07663
19917816,19920464,2648,id07663
19920464,19921576,1112,id07663
19921576,19921925,349,id07663
19921925,19923431,1506,id07663
19923431,19924164,733,id07663
19924164,19926668,2504,id07663
19926668,19928015,1347,id07663
19928015,19928563,548,id07663
19928563,19929828,1265,id07663
19929828,19932650,2822,id07663
19932650,19933736,1086,id07663
19933736,19934105,369,id07663
19934105,19934653,548,id07663
19934653,19935114,461,id07663
19935114,19936174,1060,id07663
19936174,19936646,472,id07663
19936646,19938090,1444,id07663
19938090,19939314,1224,id07663
19939314,19939668,354,id07663
19939668,19940457,789,id07663
19940457,19940852,395,id07663
19940852,19942813,1961,id07663
19942813,19943146,333,id07663
19943146,19943817,671,id07663
19943817,19945466,1649,id07663
19945466,19947965,2499,id07663
19947965,19948396,431,id07663
19948396,19948714,318,id07663
19948714,19949119,405,id07663
19949119,19950051,932,id07663
19950051,19950937,886,id07663
19950937,19952340,1403,id07663
19952340,19952745,405,id07663
19952745,19955946,3201,id07663
19955946,19956325,379,id07663
19956325,19956884,559,id07663
19956884,19957325,441,id07663
19957325,19957771,446,id07663
19957771,19958135,364,id07663
19958135,19958668,533,id07663
19958668,19959150,482,id07663
19959150,19959627,477,id07663
19959627,19960196,569,id07663
19960196,19961825,1629,id07663
19961825,19962225,400,id07663
19962225,19962650,425,id07663
19962650,19963116,466,id07663
19963116,19964791,1675,id07663
19964791,19965252,461,id07663
19965252,19965887,635,id07663
19965887,19966487,600,id07663
19966487,19967092,605,id07663
19967092,19967558,466,id07663
19967558,19967943,385,id07663
19967943,19968532,589,id07663
19968532,19968963,431,id07663
19968963,19969721,758,id07663
19969721,19970295,574,id07663
19970295,19971391,1096,id07663
19971391,19971786,395,id07663
19971786,19972278,492,id07663
19972278,19972750,472,id07663
19972750,19973652,902,id07663
19973652,19974241,589,id07663
19974241,19975527,1286,id07663
19975527,19975855,328,id07663
19975855,19976265,410,id07663
19976265,19976742,477,id07663
19976742,19977162,420,id07663
19977162,19977490,328,id07663
19977490,19978125,635,id07663
19978125,19978919,794,id07663
19978919,19980348,1429,id07663
19980348,19980671,323,id07663
19980671,19981911,1240,id07663
19981911,19982475,564,id07663
19982475,19982890,415,id07663
19982890,19983285,395,id07663
19983285,19983644,359,id07663
19983644,19984039,395,id07663
19984039,19984710,671,id07663
19984710,19985484,774,id07663
19985484,19986514,1030,id07663
19986514,19987620,1106,id07663
19987620,19988424,804,id07663
19988424,19988942,518,id07663
19988942,19989260,318,id07663
19989260,19989588,328,id07663
19989588,19991043,1455,id07663
19991043,19991970,927,id07663
19991970,19992477,507,id07663
19992477,19993148,671,id07663
19993148,19994075,927,id07663
19994075,19995263,1188,id07663
19995263,19995591,328,id07663
19995591,19996022,431,id07663
19996022,19997466,1444,id07663
19997466,19997897,431,id07663
19997897,19998256,359,id07663
19998256,20001026,2770,id07663
20001026,20001370,344,id07663
20001370,20002446,1076,id07663
20002446,20003015,569,id07663
20003015,20004142,1127,id07663
20004142,20005146,1004,id07663
20005146,20005607,461,id07663
20005607,20006713,1106,id07663
20006713,20008516,1803,id07663
20008516,20009192,676,id07663
20009192,20009812,620,id07663
20009812,20010872,1060,id07663
20010872,20011671,799,id07663
20011671,20013919,2248,id07663
20013919,20014652,733,id07663
20014652,20015543,891,id07663
20015543,20016030,487,id07663
20016030,20016568,538,id07663
20016568,20016896,328,id07663
20016896,20017803,907,id07663
20017803,20018479,676,id07663
20018479,20018910,431,id07663
20018910,20020518,1608,id07663
20020518,20022188,1670,id07663
20022188,20023023,835,id07663
20023023,20023469,446,id07663
20023469,20025128,1659,id07663
20025128,20025446,318,id07663
20025446,20026936,1490,id07663
20026936,20027305,369,id07663
20027305,20028478,1173,id07663
20028478,20029047,569,id07663
20029047,20029641,594,id07663
20029641,20030061,420,id07663
20030061,20030932,871,id07663
20030932,20031276,344,id07663
20031276,20031937,661,id07663
20031937,20032547,610,id07663
20032547,20032988,441,id07663
20032988,20033424,436,id07663
20033424,20033778,354,id07663
20033778,20034127,349,id07663
20034127,20034506,379,id07663
20034506,20035228,722,id07663
20035228,20036258,1030,id07663
20036258,20038583,2325,id07663
20038583,20038962,379,id07663
20038962,20039562,600,id07663
20039562,20041078,1516,id07663
20041078,20041442,364,id07663
20041442,20042077,635,id07663
20042077,20046230,4153,id07663
20046230,20046696,466,id07663
20046696,20047024,328,id07663
20047024,20047593,569,id07663
20047593,20047931,338,id07663
20047931,20048756,825,id07663
20048756,20049105,349,id07663
20049105,20049443,338,id07663
20049443,20050247,804,id07663
20050247,20051722,1475,id07663
20051722,20052526,804,id07663
20052526,20054375,1849,id07663
20054375,20054985,610,id07663
20054985,20056655,1670,id07663
20056655,20057367,712,id07802
20057367,20057910,543,id07802
20057910,20058551,641,id07802
20058551,20059299,748,id07802
20059299,20059955,656,id07802
20059955,20060759,804,id07802
20060759,20061077,318,id07802
20061077,20061508,431,id07802
20061508,20061846,338,id07802
20061846,20062297,451,id07802
20062297,20062656,359,id07802
20062656,20063593,937,id07802
20063593,20064351,758,id07802
20064351,20067470,3119,id07802
20067470,20067952,482,id07802
20067952,20068275,323,id07802
20068275,20068921,646,id07802
20068921,20069244,323,id07802
20069244,20069813,569,id07802
20069813,20070413,600,id07802
20070413,20070920,507,id07802
20070920,20071417,497,id07802
20071417,20072436,1019,id07802
20072436,20073650,1214,id07802
20073650,20074178,528,id07802
20074178,20074516,338,id07802
20074516,20075238,722,id07802
20075238,20075843,605,id07802
20075843,20076263,420,id07802
20076263,20076678,415,id07802
20076678,20077068,390,id07802
20077068,20077790,722,id07802
20077790,20078169,379,id07802
20078169,20079168,999,id07802
20079168,20079983,815,id07802
20079983,20080378,395,id07802
20080378,20081039,661,id07802
20081039,20081813,774,id07802
20081813,20082151,338,id07802
20082151,20082571,420,id07802
20082571,20083058,487,id07802
20083058,20083489,431,id07802
20083489,20083843,354,id07802
20083843,20084443,600,id07802
20084443,20086399,1956,id07802
20086399,20087214,815,id07802
20087214,20087680,466,id07802
20087680,20088049,369,id07802
20088049,20088536,487,id07802
20088536,20089366,830,id07802
20089366,20090933,1567,id07802
20090933,20091256,323,id07802
20091256,20092173,917,id07802
20092173,20092829,656,id07802
20092829,20093162,333,id07802
20093162,20093833,671,id07802
20093833,20094545,712,id07802
20094545,20096732,2187,id07802
20096732,20097347,615,id07802
20097347,20097839,492,id07802
20097839,20100538,2699,id07802
20100538,20102054,1516,id07802
20102054,20102828,774,id07802
20102828,20104498,1670,id07802
20104498,20104918,420,id07802
20104918,20105461,543,id07802
20105461,20105933,472,id07802
20105933,20106399,466,id07802
20106399,20106968,569,id07802
20106968,20107342,374,id07802
20107342,20107788,446,id07802
20107788,20108152,364,id07802
20108152,20108665,513,id07802
20108665,20109275,610,id07802
20109275,20109716,441,id07802
20109716,20110310,594,id07802
20110310,20111027,717,id07802
20111027,20111770,743,id07802
20111770,20112457,687,id07802
20112457,20112816,359,id07802
20112816,20113385,569,id07802
20113385,20114020,635,id07802
20114020,20114538,518,id07802
20114538,20115081,543,id07802
20115081,20115752,671,id07802
20115752,20116162,410,id07802
20116162,20116613,451,id07802
20116613,20117264,651,id07802
20117264,20117792,528,id07802
20117792,20118607,815,id07802
20118607,20118951,344,id07802
20118951,20119274,323,id07802
20119274,20120217,943,id07802
20120217,20120765,548,id07802
20120765,20121359,594,id07802
20121359,20122322,963,id07802
20122322,20122712,390,id07802
20122712,20123122,410,id07802
20123122,20123512,390,id07802
20123512,20124608,1096,id07802
20124608,20124936,328,id07802
20124936,20125408,472,id07802
20125408,20126049,641,id07802
20126049,20126408,359,id07802
20126408,20127601,1193,id07802
20127601,20128108,507,id07802
20128108,20128697,589,id07802
20128697,20129215,518,id07802
20129215,20129543,328,id07802
20129543,20129928,385,id07802
20129928,20130318,390,id07802
20130318,20131291,973,id07802
20131291,20131706,415,id07802
20131706,20132259,553,id07802
20132259,20133616,1357,id07802
20133616,20134175,559,id07802
20134175,20135087,912,id07802
20135087,20135779,692,id07802
20135779,20136635,856,id07802
20136635,20138038,1403,id07802
20138038,20138551,513,id07802
20138551,20138879,328,id07802
20138879,20139632,753,id07802
20139632,20140790,1158,id07802
20140790,20141671,881,id07802
20141671,20142061,390,id07802
20142061,20143362,1301,id07802
20143362,20143834,472,id07802
20143834,20144341,507,id07802
20144341,20145591,1250,id07802
20145591,20147348,1757,id07802
20147348,20148956,1608,id07802
20148956,20150626,1670,id07802
20150626,20152434,1808,id07802
20152434,20152834,400,id07802
20152834,20153295,461,id07802
20153295,20153808,513,id07802
20153808,20154418,610,id07802
20154418,20154736,318,id07802
20154736,20155064,328,id07802
20155064,20156293,1229,id07802
20156293,20157031,738,id07802
20157031,20157523,492,id07802
20157523,20158056,533,id07802
20158056,20158881,825,id07802
20158881,20159516,635,id07802
20159516,20160085,569,id07802
20160085,20160470,385,id07802
20160470,20162017,1547,id07802
20162017,20162867,850,id07802
20162867,20163513,646,id07802
20163513,20163882,369,id07802
20163882,20165756,1874,id07802
20165756,20166233,477,id07802
20166233,20168906,2673,id07802
20168906,20170412,1506,id07802
20170412,20170858,446,id07802
20170858,20172563,1705,id07802
20172563,20173342,779,id07802
20173342,20173732,390,id07802
20173732,20174147,415,id07802
20174147,20174552,405,id07802
20174552,20175843,1291,id07802
20175843,20176299,456,id07802
20176299,20176684,385,id07802
20176684,20177079,395,id07802
20177079,20177397,318,id07802
20177397,20178483,1086,id07802
20178483,20178965,482,id07802
20178965,20179411,446,id07802
20179411,20179790,379,id07802
20179790,20180374,584,id07802
20180374,20180999,625,id07802
20180999,20181952,953,id07802
20181952,20182296,344,id07802
20182296,20183039,743,id07802
20183039,20183854,815,id07802
20183854,20184208,354,id07802
20184208,20184674,466,id07802
20184674,20185043,369,id07802
20185043,20185402,359,id07802
20185402,20186145,743,id07802
20186145,20186739,594,id07802
20186739,20187103,364,id07802
20187103,20187564,461,id07802
20187564,20187949,385,id07802
20187949,20188313,364,id07802
20188313,20188677,364,id07802
20188677,20189486,809,id07802
20189486,20190592,1106,id07802
20190592,20191058,466,id07802
20191058,20191468,410,id07802
20191468,20193317,1849,id07802
20193317,20193963,646,id07802
20193963,20194619,656,id07802
20194619,20195034,415,id07802
20195034,20195603,569,id07802
20195603,20196080,477,id07802
20196080,20196613,533,id07802
20196613,20197325,712,id07802
20197325,20197781,456,id07802
20197781,20198114,333,id07802
20198114,20198944,830,id07802
20198944,20199835,891,id07802
20199835,20200153,318,id07802
20200153,20200481,328,id07802
20200481,20200855,374,id07802
20200855,20201275,420,id07802
20201275,20201608,333,id07802
20201608,20202059,451,id07802
20202059,20202909,850,id07802
20202909,20203237,328,id07802
20203237,20203570,333,id07802
20203570,20204221,651,id07802
20204221,20204559,338,id07802
20204559,20204969,410,id07802
20204969,20205435,466,id07802
20205435,20206029,594,id07802
20206029,20206383,354,id07802
20206383,20206747,364,id07802
20206747,20207126,379,id07802
20207126,20207582,456,id07802
20207582,20208054,472,id07802
20208054,20208444,390,id07802
20208444,20208885,441,id07802
20208885,20209264,379,id07802
20209264,20209899,635,id07802
20209899,20210243,344,id07802
20210243,20210853,610,id07802
20210853,20211299,446,id07802
20211299,20212329,1030,id07802
20212329,20212801,472,id07802
20212801,20213226,425,id07802
20213226,20213616,390,id07802
20213616,20214072,456,id07802
20214072,20214451,379,id07802
20214451,20214800,349,id07802
20214800,20215144,344,id07802
20215144,20215529,385,id07802
20215529,20215847,318,id07802
20215847,20216636,789,id07802
20216636,20217246,610,id07802
20217246,20217564,318,id07802
20217564,20217908,344,id07802
20217908,20218682,774,id07802
20218682,20219456,774,id07802
20219456,20220168,712,id07802
20220168,20220578,410,id07802
20220578,20220957,379,id07802
20220957,20221669,712,id07802
20221669,20222074,405,id07802
20222074,20222832,758,id07802
20222832,20223237,405,id07802
20223237,20223724,487,id07802
20223724,20224759,1035,id07802
20224759,20225113,354,id07802
20225113,20225866,753,id07802
20225866,20226675,809,id07802
20226675,20227193,518,id07802
20227193,20227618,425,id07802
20227618,20227987,369,id07802
20227987,20228520,533,id07802
20228520,20229258,738,id07802
20229258,20229678,420,id07802
20229678,20230103,425,id07802
20230103,20232331,2228,id07802
20232331,20232792,461,id07802
20232792,20234462,1670,id07802
20234462,20235819,1357,id07802
20235819,20236311,492,id07802
20236311,20238641,2330,id07802
20238641,20239282,641,id07802
20239282,20240015,733,id07802
20240015,20240481,466,id07802
20240481,20241070,589,id07802
20241070,20241818,748,id07802
20241818,20242177,359,id07802
20242177,20243130,953,id07802
20243130,20243591,461,id07802
20243591,20244175,584,id07802
20244175,20244667,492,id07802
20244667,20245082,415,id07802
20245082,20245477,395,id07802
20245477,20245800,323,id07802
20245800,20246225,425,id07802
20246225,20246722,497,id07802
20246722,20247091,369,id07802
20247091,20247496,405,id07802
20247496,20247814,318,id07802
20247814,20248434,620,id07802
20248434,20248870,436,id07802
20248870,20249208,338,id07802
20249208,20249587,379,id07802
20249587,20251031,1444,id07802
20251031,20251503,472,id07802
20251503,20252656,1153,id07802
20252656,20253138,482,id07802
20253138,20253707,569,id07802
20253707,20254040,333,id07802
20254040,20254471,431,id07802
20254471,20254871,400,id07802
20254871,20255363,492,id07802
20255363,20255748,385,id07802
20255748,20256322,574,id07802
20256322,20256640,318,id07802
20256640,20257081,441,id07802
20257081,20257435,354,id07802
20257435,20257758,323,id07802
20257758,20258235,477,id07802
20258235,20258937,702,id07802
20258937,20259455,518,id07802
20259455,20259916,461,id07802
20259916,20261647,1731,id07802
20261647,20262113,466,id07802
20262113,20263050,937,id07802
20263050,20263373,323,id07868
20263373,20263880,507,id07868
20263880,20264828,948,id07868
20264828,20265366,538,id07868
20265366,20265889,523,id07868
20265889,20268199,2310,id07868
20268199,20268998,799,id07868
20268998,20269710,712,id07868
20269710,20270120,410,id07868
20270120,20270556,436,id07868
20270556,20271130,574,id07868
20271130,20272641,1511,id07868
20272641,20272995,354,id07868
20272995,20273415,420,id07868
20273415,20273815,400,id07868
20273815,20274194,379,id07868
20274194,20274614,420,id07868
20274614,20275050,436,id07868
20275050,20275481,431,id07868
20275481,20276055,574,id07868
20276055,20276660,605,id07868
20276660,20277152,492,id07868
20277152,20277490,338,id07868
20277490,20277864,374,id07868
20277864,20278284,420,id07868
20278284,20278832,548,id07868
20278832,20279273,441,id07868
20279273,20280185,912,id07868
20280185,20280846,661,id07868
20280846,20281277,431,id07868
20281277,20281815,538,id07868
20281815,20283065,1250,id07868
20283065,20283439,374,id07868
20283439,20284494,1055,id07868
20284494,20284894,400,id07868
20284894,20285903,1009,id07868
20285903,20286441,538,id07868
20286441,20287066,625,id07868
20287066,20288505,1439,id07868
20288505,20289105,600,id07868
20289105,20289966,861,id07868
20289966,20291897,1931,id07868
20291897,20294847,2950,id07868
20294847,20295313,466,id07868
20295313,20295631,318,id07868
20295631,20296241,610,id07868
20296241,20296631,390,id07868
20296631,20297615,984,id07868
20297615,20297969,354,id07868
20297969,20298671,702,id07868
20298671,20299701,1030,id07868
20299701,20300075,374,id07868
20300075,20300490,415,id07868
20300490,20301228,738,id07868
20301228,20301935,707,id07868
20301935,20304224,2289,id07868
20304224,20304542,318,id07868
20304542,20304896,354,id07868
20304896,20305234,338,id07868
20305234,20306038,804,id07868
20306038,20306474,436,id07868
20306474,20306971,497,id07868
20306971,20307591,620,id07868
20307591,20307986,395,id07868
20307986,20308611,625,id07868
20308611,20309190,579,id07868
20309190,20309656,466,id07868
20309656,20310327,671,id07868
20310327,20310865,538,id07868
20310865,20311260,395,id07868
20311260,20311732,472,id07868
20311732,20312050,318,id07868
20312050,20312465,415,id07868
20312465,20313203,738,id07868
20313203,20313557,354,id07868
20313557,20314146,589,id07868
20314146,20314776,630,id07868
20314776,20315678,902,id07868
20315678,20316375,697,id07868
20316375,20317630,1255,id07868
20317630,20318035,405,id07868
20318035,20318379,344,id07868
20318379,20318835,456,id07868
20318835,20319460,625,id07868
20319460,20319875,415,id07868
20319875,20320270,395,id07868
20320270,20320726,456,id07868
20320726,20321372,646,id07868
20321372,20321818,446,id07868
20321818,20322238,420,id07868
20322238,20322556,318,id07868
20322556,20323330,774,id07868
20323330,20324339,1009,id07868
20324339,20324985,646,id07868
20324985,20325344,359,id07868
20325344,20326415,1071,id07868
20326415,20326743,328,id07868
20326743,20327542,799,id07868
20327542,20327860,318,id07868
20327860,20328465,605,id07868
20328465,20328834,369,id07868
20328834,20329203,369,id07868
20329203,20329531,328,id07868
20329531,20329926,395,id07868
20329926,20330244,318,id07868
20330244,20330690,446,id07868
20330690,20331064,374,id07868
20331064,20331382,318,id07868
20331382,20331777,395,id07868
20331777,20332095,318,id07868
20332095,20332505,410,id07868
20332505,20333284,779,id07868
20333284,20334334,1050,id07868
20334334,20335015,681,id07868
20335015,20335804,789,id07868
20335804,20336286,482,id07868
20336286,20336686,400,id07868
20336686,20338345,1659,id07868
20338345,20338668,323,id07868
20338668,20339083,415,id07868
20339083,20339596,513,id07868
20339596,20340242,646,id07868
20340242,20341062,820,id07868
20341062,20342255,1193,id07868
20342255,20343443,1188,id07868
20343443,20343950,507,id07868
20343950,20344713,763,id07868
20344713,20345789,1076,id07868
20345789,20346383,594,id07868
20346383,20346906,523,id07868
20346906,20347352,446,id07868
20347352,20348592,1240,id07868
20348592,20349704,1112,id07868
20349704,20350314,610,id07868
20350314,20350750,436,id07868
20350750,20351350,600,id07868
20351350,20352907,1557,id07868
20352907,20353747,840,id07868
20353747,20354085,338,id07868
20354085,20354889,804,id07868
20354889,20355258,369,id07868
20355258,20355668,410,id07868
20355668,20356268,600,id07868
20356268,20356647,379,id07868
20356647,20357067,420,id07868
20357067,20357687,620,id07868
20357687,20358230,543,id07868
20358230,20358901,671,id07868
20358901,20359378,477,id07868
20359378,20359737,359,id07868
20359737,20360198,461,id07868
20360198,20360562,364,id07868
20360562,20360880,318,id07868
20360880,20361270,390,id07868
20361270,20361665,395,id07868
20361665,20362454,789,id07868
20362454,20362803,349,id07868
20362803,20363249,446,id07868
20363249,20364110,861,id07868
20364110,20364530,420,id07868
20364530,20364961,431,id07868
20364961,20365581,620,id07868
20365581,20366078,497,id07868
20366078,20366514,436,id07868
20366514,20367482,968,id07868
20367482,20368153,671,id07868
20368153,20368840,687,id07868
20368840,20369445,605,id07868
20369445,20370500,1055,id07868
20370500,20371120,620,id07868
20371120,20372124,1004,id07868
20372124,20372811,687,id07868
20372811,20373426,615,id07868
20373426,20375131,1705,id07868
20375131,20376826,1695,id07868
20376826,20377298,472,id07868
20377298,20377718,420,id07868
20377718,20378108,390,id07868
20378108,20378493,385,id07868
20378493,20378934,441,id07868
20378934,20379539,605,id07868
20379539,20379985,446,id07868
20379985,20380462,477,id07868
20380462,20381092,630,id07868
20381092,20381548,456,id07868
20381548,20382465,917,id07868
20382465,20382809,344,id07868
20382809,20383291,482,id07868
20383291,20384290,999,id07868
20384290,20384623,333,id07868
20384623,20384941,318,id07868
20384941,20385832,891,id07868
20385832,20386529,697,id07868
20386529,20386970,441,id07868
20386970,20388107,1137,id07868
20388107,20388445,338,id07868
20388445,20388876,431,id07868
20388876,20389199,323,id07868
20389199,20389880,681,id07868
20389880,20390649,769,id07868
20390649,20391397,748,id07868
20391397,20391761,364,id07868
20391761,20392197,436,id07868
20392197,20393063,866,id07868
20393063,20393401,338,id07868
20393401,20393878,477,id07868
20393878,20394227,349,id07868
20394227,20394816,589,id07868
20394816,20395226,410,id07868
20395226,20395544,318,id07868
20395544,20395893,349,id07868
20395893,20396247,354,id07868
20396247,20396575,328,id07868
20396575,20397134,559,id07868
20397134,20397539,405,id07868
20397539,20397903,364,id07868
20397903,20398308,405,id07868
20398308,20398867,559,id07868
20398867,20399277,410,id07868
20399277,20399651,374,id07868
20399651,20399995,344,id07868
20399995,20400595,600,id07868
20400595,20400933,338,id07868
20400933,20401655,722,id07868
20401655,20401999,344,id07868
20401999,20402522,523,id07868
20402522,20403582,1060,id07868
20403582,20403961,379,id07868
20403961,20404407,446,id07868
20404407,20404930,523,id07868
20404930,20405627,697,id07868
20405627,20405955,328,id07868
20405955,20406462,507,id07868
20406462,20406836,374,id07868
20406836,20407180,344,id07868
20407180,20407544,364,id07868
20407544,20407929,385,id07868
20407929,20408349,420,id07868
20408349,20408969,620,id07868
20408969,20409656,687,id07868
20409656,20410199,543,id07868
20410199,20410660,461,id07868
20410660,20411193,533,id07868
20411193,20411895,702,id07868
20411895,20412213,318,id07868
20412213,20413227,1014,id07868
20413227,20413709,482,id07868
20413709,20414636,927,id07868
20414636,20415312,676,id07868
20415312,20415855,543,id07868
20415855,20416603,748,id07868
20416603,20417013,410,id07868
20417013,20417372,359,id07868
20417372,20417690,318,id07868
20417690,20418162,472,id07868
20418162,20419222,1060,id07868
20419222,20419745,523,id07868
20419745,20420524,779,id07868
20420524,20420868,344,id07868
20420868,20421488,620,id07868
20421488,20422190,702,id07868
20422190,20423215,1025,id07868
20423215,20423840,625,id07868
20423840,20424214,374,id07868
20424214,20424680,466,id07868
20424680,20425034,354,id07868
20425034,20425403,369,id07868
20425403,20425823,420,id07868
20425823,20426458,635,id07868
20426458,20426786,328,id07868
20426786,20427278,492,id07868
20427278,20427719,441,id07868
20427719,20428134,415,id07868
20428134,20428524,390,id07868
20428524,20429636,1112,id07868
20429636,20430707,1071,id07868
20430707,20431788,1081,id07868
20431788,20432132,344,id07868
20432132,20432916,784,id07868
20432916,20433521,605,id07868
20433521,20433895,374,id07868
20433895,20434479,584,id07868
20434479,20435514,1035,id07868
20435514,20436431,917,id07868
20436431,20437916,1485,id07868
20437916,20438254,338,id07868
20438254,20439806,1552,id07868
20439806,20441102,1296,id07868
20441102,20442639,1537,id07868
20442639,20443761,1122,id07868
20443761,20444407,646,id07868
20444407,20445109,702,id07868
20445109,20445453,344,id07868
20445453,20446334,881,id07868
20446334,20447108,774,id07868
20447108,20447452,344,id07868
20447452,20448021,569,id07868
20448021,20448580,559,id07868
20448580,20448918,338,id07868
20448918,20449896,978,id07868
20449896,20450490,594,id07868
20450490,20451069,579,id07868
20451069,20451561,492,id07868
20451561,20451992,431,id07868
20451992,20452663,671,id07868
20452663,20453017,354,id07868
20453017,20453386,369,id07868
20453386,20453781,395,id07868
20453781,20454642,861,id07868
20454642,20455062,420,id07868
20455062,20455703,641,id07868
20455703,20456047,344,id07868
20456047,20456959,912,id07868
20456959,20457354,395,id07868
20457354,20457692,338,id07868
20457692,20458082,390,id07868
20458082,20458467,385,id07868
20458467,20459051,584,id07868
20459051,20459492,441,id07868
20459492,20459861,369,id07868
20459861,20460496,635,id07868
20460496,20460916,420,id07868
20460916,20461239,323,id07868
20461239,20461603,364,id07868
20461603,20462126,523,id07868
20462126,20462869,743,id07868
20462869,20463192,323,id07868
20463192,20463551,359,id07868
20463551,20463946,395,id07868
20463946,20464786,840,id07868
20464786,20465252,466,id07868
20465252,20465688,436,id07868
20465688,20466026,338,id07868
20466026,20466354,328,id07868
20466354,20467261,907,id07868
20467261,20467722,461,id07868
20467722,20469351,1629,id07868
20469351,20470043,692,id07868
20470043,20470602,559,id07868
20470602,20470992,390,id07868
20470992,20471643,651,id07868
20471643,20472161,518,id07868
20472161,20472530,369,id07868
20472530,20473360,830,id07868
20473360,20474016,656,id07868
20474016,20474354,338,id07868
20474354,20474692,338,id07868
20474692,20475199,507,id07868
20475199,20476392,1193,id07868
20476392,20477370,978,id07868
20477370,20477734,364,id07868
20477734,20478590,856,id07868
20478590,20479225,635,id07868
20479225,20479650,425,id07868
20479650,20480091,441,id07868
20480091,20480455,364,id07868
20480455,20481193,738,id07868
20481193,20481537,344,id07868
20481537,20482106,569,id07868
20482106,20482793,687,id07868
20482793,20483915,1122,id07868
20483915,20485155,1240,id07868
20485155,20485586,431,id07868
20485586,20485935,349,id07868
20485935,20486340,405,id07868
20486340,20487144,804,id07868
20487144,20487482,338,id07868
20487482,20487923,441,id07868
20487923,20488502,579,id07868
20488502,20488953,451,id07868
20488953,20489568,615,id07868
20489568,20490388,820,id07868
20490388,20490854,466,id07868
20490854,20491187,333,id07868
20491187,20491822,635,id07868
20491822,20492145,323,id07868
20492145,20492975,830,id07868
20492975,20493575,600,id07868
20493575,20493903,328,id07868
20493903,20494303,400,id07868
20494303,20495322,1019,id07868
20495322,20495850,528,id07868
20495850,20496311,461,id07868
20496311,20496649,338,id07868
20496649,20497003,354,id07868
20497003,20498145,1142,id07868
20498145,20498514,369,id07868
20498514,20499303,789,id07868
20499303,20499667,364,id07868
20499667,20500087,420,id07868
20500087,20500671,584,id07868
20500671,20501224,553,id07868
20501224,20501614,390,id07868
20501614,20502413,799,id07868
20502413,20502920,507,id07868
20502920,20503653,733,id07868
20503653,20504314,661,id07868
20504314,20504637,323,id07868
20504637,20505068,431,id07868
20505068,20505458,390,id07868
20505458,20505878,420,id07868
20505878,20506298,420,id07868
20506298,20506851,553,id07868
20506851,20507297,446,id07868
20507297,20507615,318,id07868
20507615,20508501,886,id07868
20508501,20508829,328,id07868
20508829,20509249,420,id07868
20509249,20509613,364,id07868
20509613,20510402,789,id07868
20510402,20511841,1439,id07868
20511841,20512277,436,id07868
20512277,20512615,338,id07868
20512615,20513087,472,id07868
20513087,20513743,656,id07868
20513743,20514122,379,id07868
20514122,20514563,441,id07868
20514563,20514891,328,id07868
20514891,20515383,492,id07868
20515383,20515839,456,id07868
20515839,20516433,594,id07868
20516433,20517120,687,id07868
20517120,20518150,1030,id07868
20518150,20518683,533,id07868
20518683,20519523,840,id07868
20519523,20519964,441,id07868
20519964,20520436,472,id07868
20520436,20520774,338,id07868
20520774,20521532,758,id07868
20521532,20522500,968,id07868
20522500,20523146,646,id07868
20523146,20523495,349,id07868
20523495,20523844,349,id07868
20523844,20524172,328,id07868
20524172,20524521,349,id07868
20524521,20524849,328,id07868
20524849,20525474,625,id07868
20525474,20525864,390,id07868
20525864,20526182,318,id07874
20526182,20526792,610,id07874
20526792,20527397,605,id07874
20527397,20527782,385,id07874
20527782,20528172,390,id07874
20528172,20529995,1823,id07874
20529995,20530359,364,id07874
20530359,20531005,646,id07874
20531005,20532332,1327,id07874
20532332,20532983,651,id07874
20532983,20533552,569,id07874
20533552,20534556,1004,id07874
20534556,20536369,1813,id07874
20536369,20536800,431,id07874
20536800,20537927,1127,id07874
20537927,20538296,369,id07874
20538296,20539945,1649,id07874
20539945,20540760,815,id07874
20540760,20541918,1158,id07874
20541918,20542328,410,id07874
20542328,20543475,1147,id07874
20543475,20543865,390,id07874
20543865,20544342,477,id07874
20544342,20545044,702,id07874
20545044,20545490,446,id07874
20545490,20546090,600,id07874
20546090,20546408,318,id07874
20546408,20546757,349,id07874
20546757,20547085,328,id07874
20547085,20547531,446,id07874
20547531,20547859,328,id07874
20547859,20548351,492,id07874
20548351,20548695,344,id07874
20548695,20549085,390,id07874
20549085,20549557,472,id07874
20549557,20549885,328,id07874
20549885,20550669,784,id07874
20550669,20551499,830,id07874
20551499,20551817,318,id07874
20551817,20552145,328,id07874
20552145,20552775,630,id07874
20552775,20553170,395,id07874
20553170,20553805,635,id07874
20553805,20554748,943,id07874
20554748,20555097,349,id07874
20555097,20555441,344,id07874
20555441,20555887,446,id07874
20555887,20556323,436,id07874
20556323,20556702,379,id07874
20556702,20557040,338,id07874
20557040,20558351,1311,id07874
20558351,20558695,344,id07874
20558695,20559059,364,id07874
20559059,20559925,866,id07874
20559925,20560397,472,id07874
20560397,20561212,815,id07874
20561212,20561806,594,id07874
20561806,20562134,328,id07874
20562134,20562959,825,id07874
20562959,20563359,400,id07874
20563359,20563897,538,id07874
20563897,20564343,446,id07874
20564343,20564927,584,id07874
20564927,20565598,671,id07874
20565598,20566331,733,id07874
20566331,20566854,523,id07874
20566854,20567541,687,id07874
20567541,20568048,507,id07874
20568048,20568571,523,id07874
20568571,20568996,425,id07874
20568996,20569375,379,id07874
20569375,20570000,625,id07874
20570000,20570702,702,id07874
20570702,20571696,994,id07874
20571696,20572362,666,id07874
20572362,20572731,369,id07874
20572731,20574754,2023,id07874
20574754,20575517,763,id07874
20575517,20576306,789,id07874
20576306,20576762,456,id07874
20576762,20577464,702,id07874
20577464,20577884,420,id07874
20577884,20578402,518,id07874
20578402,20578751,349,id07874
20578751,20579079,328,id07874
20579079,20579494,415,id07874
20579494,20580933,1439,id07874
20580933,20581384,451,id07874
20581384,20582972,1588,id07874
20582972,20583397,425,id07874
20583397,20584073,676,id07874
20584073,20584545,472,id07874
20584545,20585088,543,id07874
20585088,20585493,405,id07874
20585493,20585821,328,id07874
20585821,20586149,328,id07874
20586149,20587005,856,id07874
20587005,20587410,405,id07874
20587410,20587759,349,id07874
20587759,20588123,364,id07874
20588123,20588656,533,id07874
20588656,20589245,589,id07874
20589245,20589829,584,id07874
20589829,20590598,769,id07874
20590598,20591090,492,id07874
20591090,20591444,354,id07874
20591444,20591798,354,id07874
20591798,20592341,543,id07874
20592341,20593335,994,id07874
20593335,20593663,328,id07874
20593663,20594083,420,id07874
20594083,20594642,559,id07874
20594642,20595595,953,id07874
20595595,20595964,369,id07874
20595964,20596507,543,id07874
20596507,20596943,436,id07874
20596943,20597773,830,id07874
20597773,20598301,528,id07874
20598301,20599039,738,id07874
20599039,20599485,446,id07874
20599485,20600033,548,id07874
20600033,20600858,825,id07874
20600858,20601207,349,id07874
20601207,20601545,338,id07874
20601545,20603071,1526,id07874
20603071,20603512,441,id07874
20603512,20603830,318,id07874
20603830,20605090,1260,id07874
20605090,20605510,420,id07874
20605510,20605879,369,id07874
20605879,20606345,466,id07874
20606345,20607073,728,id07874
20607073,20607447,374,id07874
20607447,20607970,523,id07874
20607970,20608334,364,id07874
20608334,20608985,651,id07874
20608985,20609472,487,id07874
20609472,20610251,779,id07874
20610251,20611511,1260,id07874
20611511,20612044,533,id07874
20612044,20612388,344,id07874
20612388,20612947,559,id07874
20612947,20613306,359,id07874
20613306,20614254,948,id07874
20614254,20614720,466,id07874
20614720,20615391,671,id07874
20615391,20615729,338,id07874
20615729,20616185,456,id07874
20616185,20616723,538,id07874
20616723,20617573,850,id07874
20617573,20617937,364,id07874
20617937,20618368,431,id07874
20618368,20619633,1265,id07874
20619633,20619951,318,id07874
20619951,20620643,692,id07874
20620643,20621371,728,id07874
20621371,20621766,395,id07874
20621766,20622191,425,id07874
20622191,20622775,584,id07874
20622775,20623354,579,id07874
20623354,20624051,697,id07874
20624051,20624594,543,id07874
20624594,20625204,610,id07874
20625204,20625676,472,id07874
20625676,20627172,1496,id07874
20627172,20627813,641,id07874
20627813,20628208,395,id07874
20628208,20630533,2325,id07874
20630533,20630928,395,id07874
20630928,20631676,748,id07874
20631676,20632035,359,id07874
20632035,20633454,1419,id07874
20633454,20634514,1060,id07874
20634514,20636266,1752,id07874
20636266,20636784,518,id07874
20636784,20637194,410,id07874
20637194,20638306,1112,id07874
20638306,20638685,379,id07874
20638685,20639177,492,id07874
20639177,20639572,395,id07874
20639572,20640243,671,id07874
20640243,20640761,518,id07874
20640761,20641468,707,id07874
20641468,20641883,415,id07874
20641883,20642969,1086,id07874
20642969,20643405,436,id07874
20643405,20644977,1572,id07874
20644977,20645372,395,id07874
20645372,20646069,697,id07874
20646069,20646679,610,id07874
20646679,20647094,415,id07874
20647094,20647448,354,id07874
20647448,20647797,349,id07874
20647797,20648504,707,id07874
20648504,20649559,1055,id07874
20649559,20650036,477,id07874
20650036,20650426,390,id07874
20650426,20651046,620,id07874
20651046,20651425,379,id07874
20651425,20652255,830,id07874
20652255,20652993,738,id07874
20652993,20653429,436,id07874
20653429,20654029,600,id07874
20654029,20654844,815,id07874
20654844,20655259,415,id07874
20655259,20655956,697,id07874
20655956,20656678,722,id07874
20656678,20657022,344,id07874
20657022,20657642,620,id07874
20657642,20658078,436,id07874
20658078,20658703,625,id07874
20658703,20659036,333,id07874
20659036,20659927,891,id07874
20659927,20660537,610,id07874
20660537,20662278,1741,id07874
20662278,20663021,743,id07874
20663021,20664184,1163,id07874
20664184,20664860,676,id07874
20664860,20665311,451,id07874
20665311,20666279,968,id07874
20666279,20666771,492,id07874
20666771,20667314,543,id07874
20667314,20668303,989,id07874
20668303,20669107,804,id07874
20669107,20669579,472,id07874
20669579,20670173,594,id07874
20670173,20670542,369,id07874
20670542,20670870,328,id07874
20670870,20671813,943,id07874
20671813,20672740,927,id07874
20672740,20673212,472,id07874
20673212,20673899,687,id07874
20673899,20674432,533,id07874
20674432,20675922,1490,id07874
20675922,20676598,676,id07874
20676598,20677336,738,id07874
20677336,20677971,635,id07874
20677971,20678427,456,id07874
20678427,20679083,656,id07874
20679083,20679437,354,id07874
20679437,20679857,420,id07874
20679857,20680221,364,id07874
20680221,20680759,538,id07874
20680759,20681097,338,id07874
20681097,20681497,400,id07874
20681497,20682020,523,id07874
20682020,20682486,466,id07874
20682486,20682845,359,id07874
20682845,20683557,712,id07874
20683557,20684407,850,id07874
20684407,20684735,328,id07874
20684735,20685068,333,id07874
20685068,20685432,364,id07874
20685432,20685970,538,id07874
20685970,20686324,354,id07874
20686324,20686770,446,id07874
20686770,20687108,338,id07874
20687108,20688112,1004,id07874
20688112,20688599,487,id07874
20688599,20689188,589,id07874
20689188,20689823,635,id07874
20689823,20690371,548,id07874
20690371,20691201,830,id07874
20691201,20691975,774,id07874
20691975,20692390,415,id07874
20692390,20692872,482,id07874
20692872,20693753,881,id07874
20693753,20694209,456,id07874
20694209,20694537,328,id07874
20694537,20695556,1019,id07874
20695556,20695879,323,id07874
20695879,20696463,584,id07874
20696463,20697011,548,id07874
20697011,20697708,697,id07874
20697708,20698538,830,id07874
20698538,20699465,927,id07874
20699465,20699809,344,id07874
20699809,20700521,712,id07874
20700521,20700859,338,id07874
20700859,20701223,364,id07874
20701223,20701689,466,id07874
20701689,20703051,1362,id07874
20703051,20703907,856,id07874
20703907,20704368,461,id07874
20704368,20704799,431,id07874
20704799,20705752,953,id07874
20705752,20706183,431,id07874
20706183,20706803,620,id07874
20706803,20707223,420,id07874
20707223,20707551,328,id07874
20707551,20707946,395,id07874
20707946,20708274,328,id07874
20708274,20708740,466,id07874
20708740,20709130,390,id07874
20709130,20709653,523,id07874
20709653,20709971,318,id07874
20709971,20710990,1019,id07874
20710990,20711482,492,id07874
20711482,20711851,369,id07874
20711851,20712169,318,id07874
20712169,20712579,410,id07874
20712579,20712907,328,id07874
20712907,20713266,359,id07874
20713266,20714388,1122,id07874
20714388,20714706,318,id07874
20714706,20715060,354,id07874
20715060,20715624,564,id07874
20715624,20716039,415,id07874
20716039,20716377,338,id07874
20716377,20716721,344,id07874
20716721,20717100,379,id07874
20717100,20717428,328,id07874
20717428,20717772,344,id07874
20717772,20718438,666,id07874
20718438,20718766,328,id07874
20718766,20719355,589,id07874
20719355,20719724,369,id07874
20719724,20720114,390,id07874
20720114,20720862,748,id07874
20720862,20721636,774,id07874
20721636,20723039,1403,id07874
20723039,20723377,338,id07874
20723377,20723772,395,id07874
20723772,20724090,318,id07874
20724090,20724408,318,id07874
20724408,20725914,1506,id07874
20725914,20726590,676,id07874
20726590,20726928,338,id07874
20726928,20727307,379,id07874
20727307,20727917,610,id07874
20727917,20728639,722,id07874
20728639,20729059,420,id07874
20729059,20730002,943,id07874
20730002,20730673,671,id07874
20730673,20730991,318,id07874
20730991,20731335,344,id07874
20731335,20731699,364,id07874
20731699,20732104,405,id07874
20732104,20732540,436,id07874
20732540,20732904,364,id07874
20732904,20733591,687,id07874
20733591,20734139,548,id07874
20734139,20734856,717,id07874
20734856,20735256,400,id07874
20735256,20735769,513,id07874
20735769,20736333,564,id07874
20736333,20737235,902,id07874
20737235,20737553,318,id07874
20737553,20737973,420,id07874
20737973,20738327,354,id07874
20738327,20738860,533,id07874
20738860,20739480,620,id07874
20739480,20739798,318,id07874
20739798,20740710,912,id07874
20740710,20741371,661,id07874
20741371,20741996,625,id07874
20741996,20742519,523,id07874
20742519,20742985,466,id07874
20742985,20743416,431,id07874
20743416,20743882,466,id07874
20743882,20744323,441,id07874
20744323,20744723,400,id07961
20744723,20745097,374,id07961
20745097,20745425,328,id07961
20745425,20745758,333,id07961
20745758,20746475,717,id07961
20746475,20747023,548,id07961
20747023,20747454,431,id07961
20747454,20748407,953,id07961
20748407,20748889,482,id07961
20748889,20749489,600,id07961
20749489,20749817,328,id07961
20749817,20750411,594,id07961
20750411,20753371,2960,id07961
20753371,20756239,2868,id07961
20756239,20758917,2678,id07961
20758917,20759358,441,id07961
20759358,20760669,1311,id07961
20760669,20762846,2177,id07961
20762846,20764864,2018,id07961
20764864,20765730,866,id07961
20765730,20767405,1675,id07961
20767405,20768092,687,id07961
20768092,20768973,881,id07961
20768973,20770740,1767,id07961
20770740,20772558,1818,id07961
20772558,20775595,3037,id07961
20775595,20777162,1567,id07961
20777162,20778565,1403,id07961
20778565,20780214,1649,id07961
20780214,20783199,2985,id07961
20783199,20784295,1096,id07961
20784295,20787065,2770,id07961
20787065,20789021,1956,id07961
20789021,20789564,543,id07961
20789564,20790916,1352,id07961
20790916,20791766,850,id07961
20791766,20792724,958,id07961
20792724,20795766,3042,id07961
20795766,20797093,1327,id07961
20797093,20797472,379,id07961
20797472,20797908,436,id07961
20797908,20798226,318,id07961
20798226,20798897,671,id07961
20798897,20799246,349,id07961
20799246,20799666,420,id07961
20799666,20801233,1567,id07961
20801233,20802042,809,id07961
20802042,20803266,1224,id07961
20803266,20804035,769,id07961
20804035,20804394,359,id07961
20804394,20805234,840,id07961
20805234,20805598,364,id07961
20805598,20806418,820,id07961
20806418,20806736,318,id07961
20806736,20807064,328,id07961
20807064,20807474,410,id07961
20807474,20807894,420,id07961
20807894,20808468,574,id07961
20808468,20809052,584,id07961
20809052,20809687,635,id07961
20809687,20810041,354,id07961
20810041,20810369,328,id07961
20810369,20810702,333,id07961
20810702,20811281,579,id07961
20811281,20811604,323,id07961
20811604,20812147,543,id07961
20812147,20812552,405,id07961
20812552,20813054,502,id07961
20813054,20813449,395,id07961
20813449,20813880,431,id07961
20813880,20814300,420,id07961
20814300,20814654,354,id07961
20814654,20815059,405,id07961
20815059,20815423,364,id07961
20815423,20815767,344,id07961
20815767,20816326,559,id07961
20816326,20816900,574,id07961
20816900,20817320,420,id07961
20817320,20817710,390,id07961
20817710,20818207,497,id07961
20818207,20819272,1065,id07961
20819272,20820035,763,id07961
20820035,20820594,559,id07961
20820594,20821511,917,id07961
20821511,20823114,1603,id07961
20823114,20823708,594,id07961
20823708,20824077,369,id07961
20824077,20824574,497,id07961
20824574,20824994,420,id07961
20824994,20825491,497,id07961
20825491,20826137,646,id07961
20826137,20826481,344,id07961
20826481,20826819,338,id07961
20826819,20827716,897,id07961
20827716,20828310,594,id07961
20828310,20828884,574,id07961
20828884,20829750,866,id07961
20829750,20830078,328,id07961
20830078,20830995,917,id07961
20830995,20831953,958,id07961
20831953,20832911,958,id07961
20832911,20833306,395,id07961
20833306,20833808,502,id07961
20833808,20834218,410,id07961
20834218,20834546,328,id07961
20834546,20835023,477,id07961
20835023,20835428,405,id07961
20835428,20836350,922,id07961
20836350,20837057,707,id07961
20837057,20837590,533,id07961
20837590,20837918,328,id07961
20837918,20838466,548,id07961
20838466,20840238,1772,id07961
20840238,20841001,763,id07961
20841001,20841595,594,id07961
20841595,20841964,369,id07961
20841964,20842282,318,id07961
20842282,20844223,1941,id07961
20844223,20844638,415,id07961
20844638,20845033,395,id07961
20845033,20846042,1009,id07961
20846042,20846683,641,id07961
20846683,20847692,1009,id07961
20847692,20848092,400,id07961
20848092,20848830,738,id07961
20848830,20849491,661,id07961
20849491,20850367,876,id07961
20850367,20850731,364,id07961
20850731,20851069,338,id07961
20851069,20852170,1101,id07961
20852170,20852959,789,id07961
20852959,20853809,850,id07961
20853809,20854168,359,id07961
20854168,20854778,610,id07961
20854778,20855413,635,id07961
20855413,20855977,564,id07961
20855977,20856372,395,id07961
20856372,20856741,369,id07961
20856741,20857085,344,id07961
20857085,20857423,338,id07961
20857423,20858145,722,id07961
20858145,20859129,984,id07961
20859129,20859867,738,id07961
20859867,20861040,1173,id07961
20861040,20861501,461,id07961
20861501,20863104,1603,id07961
20863104,20863442,338,id07961
20863442,20863811,369,id07961
20863811,20864984,1173,id07961
20864984,20865481,497,id07961
20865481,20866884,1403,id07961
20866884,20868221,1337,id07961
20868221,20868611,390,id07961
20868611,20869973,1362,id07961
20869973,20870593,620,id07961
20870593,20871341,748,id07961
20871341,20871782,441,id07961
20871782,20872136,354,id07961
20872136,20873437,1301,id07961
20873437,20874083,646,id07961
20874083,20874718,635,id07961
20874718,20875251,533,id07961
20875251,20875610,359,id07961
20875610,20876271,661,id07961
20876271,20877403,1132,id07961
20877403,20877982,579,id07961
20877982,20878899,917,id07961
20878899,20879330,431,id07961
20879330,20879832,502,id07961
20879832,20880411,579,id07961
20880411,20880852,441,id07961
20880852,20881733,881,id07961
20881733,20882133,400,id07961
20882133,20882564,431,id07961
20882564,20883737,1173,id07961
20883737,20884229,492,id07961
20884229,20885597,1368,id07961
20885597,20886161,564,id07961
20886161,20887262,1101,id07961
20887262,20889536,2274,id07961
20889536,20890013,477,id07961
20890013,20890981,968,id07961
20890981,20892072,1091,id07961
20892072,20892846,774,id07961
20892846,20893261,415,id07961
20893261,20894183,922,id07961
20894183,20896375,2192,id07961
20896375,20897297,922,id07961
20897297,20898106,809,id07961
20898106,20898624,518,id07961
20898624,20899090,466,id07961
20899090,20899674,584,id07961
20899674,20901236,1562,id07961
20901236,20901656,420,id07961
20901656,20901974,318,id07961
20901974,20902553,579,id07961
20902553,20902907,354,id07961
20902907,20903338,431,id07961
20903338,20903666,328,id07961
20903666,20903984,318,id07961
20903984,20904302,318,id07961
20904302,20905030,728,id07961
20905030,20905768,738,id07961
20905768,20906583,815,id07961
20906583,20906978,395,id07961
20906978,20907603,625,id07961
20907603,20907972,369,id07961
20907972,20908403,431,id07961
20908403,20909038,635,id07961
20909038,20909837,799,id07961
20909837,20910201,364,id07961
20910201,20911819,1618,id07961
20911819,20912521,702,id07961
20912521,20912885,364,id07961
20912885,20913270,385,id07961
20913270,20913818,548,id07961
20913818,20914218,400,id07961
20914218,20914725,507,id07961
20914725,20915867,1142,id07961
20915867,20916216,349,id07961
20916216,20916560,344,id07961
20916560,20917170,610,id07961
20917170,20918261,1091,id07961
20918261,20919337,1076,id07961
20919337,20919926,589,id07961
20919926,20920485,559,id07961
20920485,20921597,1112,id07961
20921597,20922043,446,id07961
20922043,20922453,410,id07961
20922453,20923037,584,id07961
20923037,20923550,513,id07961
20923550,20923868,318,id07961
20923868,20925164,1296,id07961
20925164,20926327,1163,id07961
20926327,20927121,794,id07961
20927121,20927838,717,id07961
20927838,20928233,395,id07961
20928233,20929554,1321,id07961
20929554,20930143,589,id07961
20930143,20930717,574,id07961
20930717,20931137,420,id07961
20931137,20931952,815,id07961
20931952,20932449,497,id07961
20932449,20933146,697,id07961
20933146,20933971,825,id07961
20933971,20934289,318,id07961
20934289,20936128,1839,id07961
20936128,20936456,328,id07961
20936456,20936984,528,id07961
20936984,20938239,1255,id07961
20938239,20939192,953,id07961
20939192,20939843,651,id07961
20939843,20940233,390,id07961
20940233,20940602,369,id07961
20940602,20942226,1624,id07961
20942226,20942662,436,id07961
20942662,20943564,902,id07961
20943564,20944414,850,id07961
20944414,20944819,405,id07961
20944819,20945695,876,id07961
20945695,20947267,1572,id07961
20947267,20947703,436,id07961
20947703,20948185,482,id07961
20948185,20949532,1347,id07961
20949532,20950157,625,id07961
20950157,20951371,1214,id07961
20951371,20951822,451,id07961
20951822,20952473,651,id07961
20952473,20953288,815,id07961
20953288,20953616,328,id07961
20953616,20954134,518,id07961
20954134,20955210,1076,id07961
20955210,20956025,815,id07961
20956025,20956491,466,id07961
20956491,20956870,379,id07961
20956870,20957214,344,id07961
20957214,20957629,415,id07961
20957629,20958172,543,id07961
20958172,20958756,584,id07961
20958756,20959197,441,id07961
20959197,20959914,717,id07961
20959914,20960432,518,id07961
20960432,20960883,451,id07961
20960883,20961713,830,id07961
20961713,20962067,354,id07961
20962067,20962800,733,id07961
20962800,20963220,420,id07961
20963220,20963814,594,id07961
20963814,20964173,359,id07961
20964173,20965105,932,id07961
20965105,20965612,507,id07961
20965612,20966775,1163,id07961
20966775,20967610,835,id07961
20967610,20970124,2514,id07961
20970124,20970611,487,id07961
20970611,20971723,1112,id07961
20971723,20972051,328,id07961
20972051,20972676,625,id07961
20972676,20973270,594,id07961
20973270,20974218,948,id07961
20974218,20974869,651,id07961
20974869,20975489,620,id07961
20975489,20976186,697,id07961
20976186,20976965,779,id07961
20976965,20978297,1332,id07961
20978297,20978615,318,id07961
20978615,20979189,574,id07961
20979189,20979819,630,id07961
20979819,20980383,564,id07961
20980383,20980727,344,id07961
20980727,20981352,625,id07961
20981352,20981803,451,id07961
20981803,20982172,369,id07961
20982172,20982613,441,id07961
20982613,20983161,548,id07961
20983161,20983873,712,id07961
20983873,20984544,671,id07961
20984544,20985041,497,id07961
20985041,20985446,405,id07961
20985446,20985800,354,id07961
20985800,20986456,656,id07961
20986456,20986887,431,id07961
20986887,20987476,589,id07961
20987476,20987886,410,id07961
20987886,20988301,415,id07961
20988301,20988686,385,id07961
20988686,20989275,589,id07961
20989275,20989910,635,id07961
20989910,20990356,446,id07961
20990356,20990761,405,id07961
20990761,20991151,390,id07961
20991151,20993046,1895,id07961
20993046,20993661,615,id07961
20993661,20993979,318,id07961
20993979,20994896,917,id07961
20994896,20996448,1552,id07961
20996448,20996884,436,id07961
20996884,20997222,338,id07961
20997222,20997719,497,id07961
20997719,20998180,461,id07961
20998180,20998698,518,id07961
20998698,20999042,344,id07961
20999042,20999590,548,id07961
20999590,21000082,492,id07961
21000082,21000472,390,id07961
21000472,21001072,600,id07961
21001072,21001538,466,id07961
21001538,21001953,415,id07961
21001953,21002466,513,id07961
21002466,21002784,318,id07961
21002784,21003199,415,id07961
21003199,21003671,472,id07961
21003671,21004173,502,id07961
21004173,21004895,722,id07961
21004895,21005827,932,id07961
21005827,21006324,497,id07961
21006324,21007415,1091,id07961
21007415,21008342,927,id07961
21008342,21008747,405,id07961
21008747,21010202,1455,id07961
21010202,21011559,1357,id07961
21011559,21012681,1122,id07961
21012681,21014008,1327,id07961
21014008,21014505,497,id07961
21014505,21014864,359,id07961
21014864,21015796,932,id07961
21015796,21016262,466,id07961
21016262,21017307,1045,id07961
21017307,21017671,364,id07961
21017671,21018506,835,id07961
21018506,21018885,379,id07961
21018885,21019316,431,id07961
21019316,21019654,338,id07961
21019654,21020223,569,id07961
21020223,21020771,548,id07961
21020771,21021872,1101,id07961
21021872,21022420,548,id07961
21022420,21022748,328,id07961
21022748,21023435,687,id07961
21023435,21024009,574,id07961
21024009,21024399,390,id07961
21024399,21024727,328,id07961
21024727,21025117,390,id07961
21025117,21025640,523,id07961
21025640,21026045,405,id07961
21026045,21026445,400,id07961
21026445,21027055,610,id07961
21027055,21027383,328,id07961
21027383,21028536,1153,id07961
21028536,21029033,497,id07961
21029033,21029428,395,id07961
21029428,21029838,410,id07961
21029838,21030228,390,id07961
21030228,21030828,600,id07961
21030828,21031392,564,id07961
21031392,21032181,789,id07961
21032181,21032637,456,id07961
21032637,21032960,323,id07961
21032960,21033345,385,id07961
21033345,21034134,789,id07961
21034134,21034524,390,id07961
21034524,21034888,364,id07961
21034888,21035273,385,id07961
21035273,21036067,794,id07961
21036067,21036436,369,id07961
21036436,21037153,717,id07961
21037153,21038029,876,id07961
21038029,21038373,344,id07961
21038373,21038706,333,id07961
21038706,21039213,507,id07961
21039213,21039608,395,id07961
21039608,21040315,707,id07961
21040315,21041421,1106,id07961
21041421,21041872,451,id07961
21041872,21042553,681,id07961
21042553,21042891,338,id07961
21042891,21043511,620,id07961
21043511,21044464,953,id07961
21044464,21044946,482,id07961
21044946,21045689,743,id07961
21045689,21046396,707,id07961
21046396,21047057,661,id07961
21047057,21047375,318,id08149
21047375,21047831,456,id08149
21047831,21048226,395,id08149
21048226,21048872,646,id08149
21048872,21049200,328,id08149
21049200,21049656,456,id08149
21049656,21050445,789,id08149
21050445,21050783,338,id08149
21050783,21051260,477,id08149
21051260,21051604,344,id08149
21051604,21052250,646,id08149
21052250,21052763,513,id08149
21052763,21053127,364,id08149
21053127,21053568,441,id08149
21053568,21054234,666,id08149
21054234,21054639,405,id08149
21054639,21055049,410,id08149
21055049,21055423,374,id08149
21055423,21055843,420,id08149
21055843,21056304,461,id08149
21056304,21056776,472,id08149
21056776,21057094,318,id08149
21057094,21057550,456,id08149
21057550,21057878,328,id08149
21057878,21058324,446,id08149
21058324,21058703,379,id08149
21058703,21059021,318,id08149
21059021,21059344,323,id08149
21059344,21060179,835,id08149
21060179,21060548,369,id08149
21060548,21060897,349,id08149
21060897,21061353,456,id08149
21061353,21061871,518,id08149
21061871,21062276,405,id08149
21062276,21062614,338,id08149
21062614,21063091,477,id08149
21063091,21063563,472,id08149
21063563,21064460,897,id08149
21064460,21064880,420,id08149
21064880,21065244,364,id08149
21065244,21065572,328,id08149
21065572,21065895,323,id08149
21065895,21066546,651,id08149
21066546,21066997,451,id08149
21066997,21067412,415,id08149
21067412,21067976,564,id08149
21067976,21068355,379,id08149
21068355,21068714,359,id08149
21068714,21069339,625,id08149
21069339,21069688,349,id08149
21069688,21070211,523,id08149
21070211,21070703,492,id08149
21070703,21071082,379,id08149
21071082,21071548,466,id08149
21071548,21071968,420,id08149
21071968,21072347,379,id08149
21072347,21072767,420,id08149
21072767,21073121,354,id08149
21073121,21073685,564,id08149
21073685,21074095,410,id08149
21074095,21074454,359,id08149
21074454,21074869,415,id08149
21074869,21075238,369,id08149
21075238,21075571,333,id08149
21075571,21075925,354,id08149
21075925,21076361,436,id08149
21076361,21076679,318,id08374
21076679,21077043,364,id08374
21077043,21077361,318,id08374
21077361,21077797,436,id08374
21077797,21078432,635,id08374
21078432,21079917,1485,id08374
21079917,21080337,420,id08374
21080337,21080655,318,id08374
21080655,21080993,338,id08374
21080993,21081362,369,id08374
21081362,21081808,446,id08374
21081808,21082157,349,id08374
21082157,21082751,594,id08374
21082751,21083197,446,id08374
21083197,21083715,518,id08374
21083715,21084110,395,id08374
21084110,21084566,456,id08374
21084566,21084961,395,id08374
21084961,21086236,1275,id08374
21086236,21086948,712,id08374
21086948,21087368,420,id08374
21087368,21087942,574,id08374
21087942,21088439,497,id08374
21088439,21090155,1716,id08374
21090155,21090534,379,id08374
21090534,21090872,338,id08374
21090872,21091303,431,id08374
21091303,21091667,364,id08374
21091667,21092031,364,id08374
21092031,21092595,564,id08374
21092595,21093128,533,id08374
21093128,21094137,1009,id08374
21094137,21094552,415,id08374
21094552,21095198,646,id08374
21095198,21096335,1137,id08374
21096335,21096894,559,id08374
21096894,21098057,1163,id08374
21098057,21098718,661,id08374
21098718,21099138,420,id08374
21099138,21099507,369,id08374
21099507,21099963,456,id08374
21099963,21100307,344,id08374
21100307,21100830,523,id08374
21100830,21101317,487,id08374
21101317,21101635,318,id08374
21101635,21102552,917,id08374
21102552,21103326,774,id08374
21103326,21104243,917,id08374
21104243,21104981,738,id08374
21104981,21105406,425,id08374
21105406,21105760,354,id08374
21105760,21106232,472,id08374
21106232,21106596,364,id08374
21106596,21107324,728,id08374
21107324,21107698,374,id08374
21107698,21108088,390,id08374
21108088,21108606,518,id08374
21108606,21109001,395,id08374
21109001,21109478,477,id08374
21109478,21109944,466,id08374
21109944,21110620,676,id08374
21110620,21112044,1424,id08374
21112044,21112423,379,id08374
21112423,21112741,318,id08374
21112741,21113197,456,id08374
21113197,21114032,835,id08374
21114032,21114365,333,id08374
21114365,21115128,763,id08374
21115128,21115461,333,id08374
21115461,21115856,395,id08374
21115856,21116251,395,id08374
21116251,21116584,333,id08374
21116584,21117009,425,id08374
21117009,21117532,523,id08374
21117532,21117906,374,id08374
21117906,21118224,318,id08374
21118224,21118557,333,id08374
21118557,21119090,533,id08374
21119090,21119480,390,id08374
21119480,21119936,456,id08374
21119936,21120602,666,id08374
21120602,21121038,436,id08374
21121038,21121356,318,id08374
21121356,21121812,456,id08374
21121812,21122217,405,id08374
21122217,21122699,482,id08374
21122699,21123119,420,id08374
21123119,21123534,415,id08374
21123534,21123893,359,id08374
21123893,21124810,917,id08374
21124810,21125271,461,id08374
21125271,21126050,779,id08374
21126050,21126598,548,id08374
21126598,21127223,625,id08374
21127223,21127858,635,id08374
21127858,21128417,559,id08374
21128417,21129590,1173,id08374
21129590,21130297,707,id08374
21130297,21130922,625,id08374
21130922,21131276,354,id08374
21131276,21132106,830,id08374
21132106,21132439,333,id08374
21132439,21132808,369,id08374
21132808,21133336,528,id08374
21133336,21133854,518,id08374
21133854,21134377,523,id08374
21134377,21134925,548,id08374
21134925,21135381,456,id08374
21135381,21135878,497,id08374
21135878,21136846,968,id08374
21136846,21137210,364,id08374
21137210,21137779,569,id08374
21137779,21138619,840,id08374
21138619,21138963,344,id08374
21138963,21139634,671,id08374
21139634,21140106,472,id08374
21140106,21140511,405,id08374
21140511,21141136,625,id08374
21141136,21141515,379,id08374
21141515,21141961,446,id08374
21141961,21142453,492,id08374
21142453,21142863,410,id08374
21142863,21143201,338,id08374
21143201,21143565,364,id08374
21143565,21144047,482,id08374
21144047,21144493,446,id08374
21144493,21144888,395,id08374
21144888,21145820,932,id08374
21145820,21146865,1045,id08374
21146865,21147367,502,id08374
21147367,21147782,415,id08374
21147782,21148167,385,id08374
21148167,21148557,390,id08374
21148557,21148947,390,id08374
21148947,21149598,651,id08374
21149598,21150131,533,id08374
21150131,21150679,548,id08374
21150679,21151606,927,id08374
21151606,21152016,410,id08374
21152016,21152395,379,id08374
21152395,21152785,390,id08374
21152785,21153103,318,id08374
21153103,21153590,487,id08374
21153590,21154046,456,id08374
21154046,21156043,1997,id08374
21156043,21156407,364,id08374
21156407,21157416,1009,id08374
21157416,21159152,1736,id08374
21159152,21159880,728,id08374
21159880,21161816,1936,id08374
21161816,21163025,1209,id08374
21163025,21163404,379,id08374
21163404,21163932,528,id08374
21163932,21164890,958,id08374
21164890,21165259,369,id08374
21165259,21166028,769,id08374
21166028,21166474,446,id08374
21166474,21166935,461,id08374
21166935,21167340,405,id08374
21167340,21167704,364,id08374
21167704,21168298,594,id08374
21168298,21169128,830,id08374
21169128,21169676,548,id08374
21169676,21170030,354,id08374
21170030,21171904,1874,id08374
21171904,21172457,553,id08374
21172457,21173036,579,id08374
21173036,21174388,1352,id08374
21174388,21174757,369,id08374
21174757,21175188,431,id08374
21175188,21175864,676,id08374
21175864,21176208,344,id08374
21176208,21176685,477,id08374
21176685,21177049,364,id08374
21177049,21178447,1398,id08374
21178447,21179390,943,id08374
21179390,21180230,840,id08374
21180230,21181157,927,id08374
21181157,21181598,441,id08374
21181598,21182786,1188,id08374
21182786,21183749,963,id08374
21183749,21184174,425,id08374
21184174,21185280,1106,id08374
21185280,21185859,579,id08374
21185859,21186909,1050,id08374
21186909,21187381,472,id08374
21187381,21187740,359,id08374
21187740,21188155,415,id08374
21188155,21188488,333,id08374
21188488,21189656,1168,id08374
21189656,21189984,328,id08374
21189984,21190338,354,id08374
21190338,21190671,333,id08374
21190671,21191143,472,id08374
21191143,21192813,1670,id08374
21192813,21193402,589,id08374
21193402,21194524,1122,id08374
21194524,21195359,835,id08374
21195359,21195697,338,id08374
21195697,21196015,318,id08374
21196015,21196400,385,id08374
21196400,21197128,728,id08374
21197128,21197825,697,id08374
21197825,21198194,369,id08374
21198194,21198538,344,id08374
21198538,21198917,379,id08374
21198917,21199972,1055,id08374
21199972,21200290,318,id08374
21200290,21200675,385,id08374
21200675,21201259,584,id08374
21201259,21201802,543,id08374
21201802,21202709,907,id08374
21202709,21203037,328,id08374
21203037,21203468,431,id08374
21203468,21204021,553,id08374
21204021,21204380,359,id08374
21204380,21205102,722,id08374
21205102,21205927,825,id08374
21205927,21206291,364,id08374
21206291,21206752,461,id08374
21206752,21207280,528,id08374
21207280,21208279,999,id08374
21208279,21208607,328,id08374
21208607,21209498,891,id08374
21209498,21209836,338,id08374
21209836,21210159,323,id08374
21210159,21210508,349,id08374
21210508,21211051,543,id08374
21211051,21211738,687,id08374
21211738,21212194,456,id08374
21212194,21212584,390,id08374
21212584,21213066,482,id08374
21213066,21213512,446,id08374
21213512,21214060,548,id08374
21214060,21214398,338,id08374
21214398,21215161,763,id08374
21215161,21216088,927,id08374
21216088,21216519,431,id08374
21216519,21217124,605,id08374
21217124,21217488,364,id08374
21217488,21217990,502,id08374
21217990,21218318,328,id08374
21218318,21218703,385,id08374
21218703,21219057,354,id08374
21219057,21219436,379,id08374
21219436,21219821,385,id08374
21219821,21220328,507,id08374
21220328,21220677,349,id08374
21220677,21221021,344,id08374
21221021,21221385,364,id08374
21221385,21221790,405,id08374
21221790,21222221,431,id08374
21222221,21223102,881,id08374
21223102,21223799,697,id08374
21223799,21224209,410,id08374
21224209,21224553,344,id08374
21224553,21224989,436,id08374
21224989,21225507,518,id08374
21225507,21225886,379,id08374
21225886,21226373,487,id08374
21226373,21226742,369,id08374
21226742,21227070,328,id08374
21227070,21227398,328,id08374
21227398,21227752,354,id08374
21227752,21228582,830,id08374
21228582,21229688,1106,id08374
21229688,21230119,431,id08374
21230119,21230509,390,id08374
21230509,21231150,641,id08374
21231150,21232052,902,id08374
21232052,21232657,605,id08374
21232657,21233175,518,id08374
21233175,21233754,579,id08374
21233754,21234323,569,id08374
21234323,21235092,769,id08374
21235092,21235553,461,id08374
21235553,21235922,369,id08374
21235922,21236296,374,id08374
21236296,21237152,856,id08374
21237152,21237511,359,id08374
21237511,21237957,446,id08374
21237957,21238290,333,id08374
21238290,21238884,594,id08374
21238884,21239350,466,id08374
21239350,21239729,379,id08374
21239729,21240078,349,id08374
21240078,21240509,431,id08374
21240509,21240940,431,id08374
21240940,21241360,420,id08374
21241360,21241821,461,id08374
21241821,21242287,466,id08374
21242287,21242743,456,id08374
21242743,21243378,635,id08374
21243378,21243727,349,id08374
21243727,21244147,420,id08374
21244147,21244542,395,id08374
21244542,21244886,344,id08374
21244886,21245214,328,id08374
21245214,21245532,318,id08374
21245532,21246183,651,id08374
21246183,21246598,415,id08374
21246598,21247080,482,id08374
21247080,21247459,379,id08374
21247459,21247905,446,id08374
21247905,21248233,328,id08374
21248233,21248674,441,id08374
21248674,21249002,328,id08374
21249002,21249663,661,id08374
21249663,21250488,825,id08374
21250488,21251036,548,id08374
21251036,21251380,344,id08374
21251380,21252307,927,id08374
21252307,21253582,1275,id08374
21253582,21254525,943,id08374
21254525,21255498,973,id08374
21255498,21255872,374,id08374
21255872,21256328,456,id08374
21256328,21257081,753,id08374
21257081,21257435,354,id08374
21257435,21257958,523,id08374
21257958,21259167,1209,id08374
21259167,21259910,743,id08374
21259910,21260310,400,id08374
21260310,21260904,594,id08374
21260904,21261632,728,id08374
21261632,21262032,400,id08374
21262032,21262754,722,id08374
21262754,21263323,569,id08374
21263323,21263661,338,id08374
21263661,21264056,395,id08374
21264056,21264983,927,id08374
21264983,21265327,344,id08374
21265327,21265932,605,id08374
21265932,21266286,354,id08374
21266286,21266763,477,id08374
21266763,21267613,850,id08374
21267613,21268054,441,id08374
21268054,21268372,318,id08374
21268372,21268987,615,id08374
21268987,21269500,513,id08374
21269500,21269864,364,id08374
21269864,21270515,651,id08374
21270515,21271176,661,id08374
21271176,21272549,1373,id08374
21272549,21272939,390,id08374
21272939,21273482,543,id08374
21273482,21273856,374,id08374
21273856,21274640,784,id08374
21274640,21275506,866,id08374
21275506,21276085,579,id08374
21276085,21276510,425,id08374
21276510,21278210,1700,id08374
21278210,21278600,390,id08374
21278600,21279399,799,id08374
21279399,21279881,482,id08374
21279881,21280568,687,id08374
21280568,21281162,594,id08374
21281162,21281500,338,id08374
21281500,21281818,318,id08374
21281818,21282238,420,id08374
21282238,21282638,400,id08374
21282638,21283110,472,id08374
21283110,21283433,323,id08374
21283433,21284033,600,id08374
21284033,21284586,553,id08374
21284586,21285334,748,id08374
21285334,21286527,1193,id08374
21286527,21287147,620,id08374
21287147,21287603,456,id08374
21287603,21288044,441,id08374
21288044,21288592,548,id08374
21288592,21288925,333,id08374
21288925,21289448,523,id08374
21289448,21289996,548,id08374
21289996,21290462,466,id08374
21290462,21290816,354,id08374
21290816,21291206,390,id08374
21291206,21291611,405,id08374
21291611,21291960,349,id08374
21291960,21292334,374,id08374
21292334,21292882,548,id08374
21292882,21293313,431,id08374
21293313,21293723,410,id08374
21293723,21294271,548,id08374
21294271,21294845,574,id08374
21294845,21295393,548,id08374
21295393,21296668,1275,id08374
21296668,21297022,354,id08374
21297022,21297570,548,id08374
21297570,21297985,415,id08374
21297985,21298559,574,id08374
21298559,21298938,379,id08374
21298938,21299353,415,id08374
21299353,21299819,466,id08374
21299819,21300204,385,id08374
21300204,21300542,338,id08374
21300542,21300988,446,id08374
21300988,21301383,395,id08374
21301383,21301768,385,id08374
21301768,21302106,338,id08374
21302106,21302572,466,id08374
21302572,21302936,364,id08374
21302936,21303264,328,id08374
21303264,21303730,466,id08374
21303730,21304166,436,id08374
21304166,21304689,523,id08374
21304689,21305038,349,id08374
21305038,21305699,661,id08374
21305699,21306063,364,id08374
21306063,21306442,379,id08374
21306442,21306847,405,id08374
21306847,21307170,323,id08374
21307170,21307723,553,id08374
21307723,21308143,420,id08374
21308143,21308922,779,id08374
21308922,21309424,502,id08374
21309424,21309865,441,id08374
21309865,21310183,318,id08374
21310183,21310573,390,id08374
21310573,21310988,415,id08374
21310988,21311444,456,id08374
21311444,21312044,600,id08374
21312044,21312408,364,id08374
21312408,21312874,466,id08374
21312874,21313259,385,id08374
21313259,21313613,354,id08374
21313613,21314591,978,id08374
21314591,21315334,743,id08374
21315334,21316686,1352,id08374
21316686,21317583,897,id08374
21317583,21318126,543,id08374
21318126,21318577,451,id08374
21318577,21319110,533,id08374
21319110,21319592,482,id08374
21319592,21319920,328,id08374
21319920,21320509,589,id08374
21320509,21321001,492,id08374
21321001,21321519,518,id08374
21321519,21322016,497,id08374
21322016,21322508,492,id08374
21322508,21322903,395,id08374
21322903,21324214,1311,id08374
21324214,21324747,533,id08374
21324747,21325690,943,id08374
21325690,21326182,492,id08374
21326182,21326776,594,id08374
21326776,21327335,559,id08374
21327335,21327673,338,id08374
21327673,21328052,379,id08374
21328052,21328636,584,id08374
21328636,21328980,344,id08374
21328980,21329503,523,id08374
21329503,21330154,651,id08374
21330154,21330610,456,id08374
21330610,21331906,1296,id08374
21331906,21332726,820,id08374
21332726,21333786,1060,id08374
21333786,21334278,492,id08374
21334278,21334775,497,id08374
21334775,21335139,364,id08374
21335139,21335938,799,id08374
21335938,21336783,845,id08374
21336783,21337224,441,id08374
21337224,21337690,466,id08374
21337690,21338044,354,id08374
21338044,21338500,456,id08374
21338500,21339187,687,id08374
21339187,21339520,333,id08374
21339520,21339940,420,id08374
21339940,21341190,1250,id08374
21341190,21341544,354,id08374
21341544,21342113,569,id08374
21342113,21342533,420,id08374
21342533,21342933,400,id08374
21342933,21343323,390,id08374
21343323,21343754,431,id08374
21343754,21344241,487,id08374
21344241,21345168,927,id08374
21345168,21345547,379,id08374
21345547,21345885,338,id08374
21345885,21346203,318,id08374
21346203,21346879,676,id08374
21346879,21347202,323,id08374
21347202,21347597,395,id08374
21347597,21347946,349,id08374
21347946,21348269,323,id08374
21348269,21348684,415,id08374
21348684,21349325,641,id08374
21349325,21349955,630,id08374
21349955,21350299,344,id08374
21350299,21350617,318,id08374
21350617,21351165,548,id08374
21351165,21351529,364,id08374
21351529,21351908,379,id08374
21351908,21352349,441,id08374
21352349,21352769,420,id08374
21352769,21353251,482,id08374
21353251,21353717,466,id08374
21353717,21354107,390,id08374
21354107,21354461,354,id08374
21354461,21354840,379,id08392
21354840,21355194,354,id08392
21355194,21355558,364,id08392
21355558,21356076,518,id08392
21356076,21356778,702,id08392
21356778,21357142,364,id08392
21357142,21358284,1142,id08392
21358284,21358735,451,id08392
21358735,21359084,349,id08392
21359084,21359781,697,id08392
21359781,21361236,1455,id08392
21361236,21361779,543,id08392
21361779,21362532,753,id08392
21362532,21363055,523,id08392
21363055,21363501,446,id08392
21363501,21364070,569,id08392
21364070,21364547,477,id08392
21364547,21364926,379,id08392
21364926,21365270,344,id08392
21365270,21365716,446,id08392
21365716,21366372,656,id08392
21366372,21367187,815,id08392
21367187,21367659,472,id08392
21367659,21368018,359,id08392
21368018,21368362,344,id08392
21368362,21368885,523,id08392
21368885,21369326,441,id08392
21369326,21370253,927,id08392
21370253,21370791,538,id08392
21370791,21371391,600,id08392
21371391,21371729,338,id08392
21371729,21373020,1291,id08392
21373020,21373502,482,id08392
21373502,21373820,318,id08392
21373820,21374394,574,id08392
21374394,21374917,523,id08392
21374917,21375404,487,id08392
21375404,21375763,359,id08392
21375763,21376470,707,id08392
21376470,21376875,405,id08392
21376875,21377372,497,id08392
21377372,21377741,369,id08392
21377741,21378223,482,id08392
21378223,21378700,477,id08392
21378700,21379341,641,id08392
21379341,21379848,507,id08392
21379848,21380898,1050,id08392
21380898,21381421,523,id08392
21381421,21381800,379,id08392
21381800,21382359,559,id08392
21382359,21382703,344,id08392
21382703,21383062,359,id08392
21383062,21383390,328,id08392
21383390,21383749,359,id08392
21383749,21384349,600,id08392
21384349,21384708,359,id08392
21384708,21385041,333,id08392
21385041,21385487,446,id08392
21385487,21385815,328,id08392
21385815,21386133,318,id08392
21386133,21386548,415,id08392
21386548,21387414,866,id08392
21387414,21387860,446,id08392
21387860,21388239,379,id08392
21388239,21388629,390,id08392
21388629,21389249,620,id08392
21389249,21389987,738,id08392
21389987,21390546,559,id08392
21390546,21390966,420,id08392
21390966,21391658,692,id08392
21391658,21392073,415,id08392
21392073,21392514,441,id08392
21392514,21392955,441,id08392
21392955,21393345,390,id08392
21393345,21394124,779,id08392
21394124,21395876,1752,id08392
21395876,21396844,968,id08392
21396844,21397500,656,id08392
21397500,21401540,4040,id08392
21401540,21401889,349,id08392
21401889,21403513,1624,id08392
21403513,21404322,809,id08392
21404322,21404886,564,id08392
21404886,21405460,574,id08392
21405460,21407503,2043,id08392
21407503,21409224,1721,id08392
21409224,21410402,1178,id08392
21410402,21412968,2566,id08392
21412968,21414330,1362,id08392
21414330,21414878,548,id08392
21414878,21415257,379,id08392
21415257,21415626,369,id08392
21415626,21415949,323,id08392
21415949,21416374,425,id08392
21416374,21416738,364,id08392
21416738,21417343,605,id08392
21417343,21418547,1204,id08392
21418547,21421701,3154,id08392
21421701,21422096,395,id08392
21422096,21422414,318,id08392
21422414,21423602,1188,id08392
21423602,21423920,318,id08392
21423920,21425113,1193,id08392
21425113,21425728,615,id08392
21425728,21426123,395,id08392
21426123,21426743,620,id08392
21426743,21427158,415,id08392
21427158,21428469,1311,id08392
21428469,21429079,610,id08392
21429079,21429417,338,id08392
21429417,21429909,492,id08392
21429909,21430478,569,id08392
21430478,21431349,871,id08392
21431349,21431872,523,id08392
21431872,21432446,574,id08392
21432446,21432825,379,id08392
21432825,21433194,369,id08392
21433194,21433947,753,id08392
21433947,21434495,548,id08392
21434495,21436190,1695,id08392
21436190,21436575,385,id08392
21436575,21436893,318,id08392
21436893,21437841,948,id08392
21437841,21438266,425,id08392
21438266,21439122,856,id08392
21439122,21439501,379,id08392
21439501,21439957,456,id08392
21439957,21440731,774,id08392
21440731,21441110,379,id08392
21441110,21441489,379,id08392
21441489,21442790,1301,id08392
21442790,21443267,477,id08392
21443267,21444158,891,id08392
21444158,21444553,395,id08392
21444553,21445403,850,id08392
21445403,21445777,374,id08392
21445777,21446182,405,id08392
21446182,21446751,569,id08392
21446751,21447095,344,id08392
21447095,21447449,354,id08392
21447449,21447808,359,id08392
21447808,21448658,850,id08392
21448658,21449642,984,id08392
21449642,21451266,1624,id08392
21451266,21452229,963,id08392
21452229,21452660,431,id08392
21452660,21452988,328,id08392
21452988,21453444,456,id08392
21453444,21453782,338,id08392
21453782,21454279,497,id08392
21454279,21454771,492,id08392
21454771,21455099,328,id08392
21455099,21455427,328,id08392
21455427,21455832,405,id08392
21455832,21456237,405,id08392
21456237,21456622,385,id08392
21456622,21457324,702,id08392
21457324,21457760,436,id08392
21457760,21458267,507,id08392
21458267,21458754,487,id08392
21458754,21460091,1337,id08392
21460091,21460429,338,id08392
21460429,21461392,963,id08392
21461392,21462053,661,id08392
21462053,21462402,349,id08392
21462402,21462781,379,id08392
21462781,21463314,533,id08392
21463314,21464180,866,id08392
21464180,21464764,584,id08392
21464764,21465174,410,id08392
21465174,21465605,431,id08392
21465605,21465923,318,id08392
21465923,21466441,518,id08392
21466441,21467015,574,id08392
21467015,21467492,477,id08392
21467492,21467984,492,id08392
21467984,21468328,344,id08392
21468328,21468759,431,id08392
21468759,21469405,646,id08392
21469405,21470732,1327,id08392
21470732,21471065,333,id08392
21471065,21471700,635,id08392
21471700,21472033,333,id08392
21472033,21472479,446,id08392
21472479,21472797,318,id08392
21472797,21473176,379,id08392
21473176,21473504,328,id08392
21473504,21473848,344,id08392
21473848,21475200,1352,id08392
21475200,21475682,482,id08392
21475682,21476922,1240,id08392
21476922,21478407,1485,id08392
21478407,21479324,917,id08392
21479324,21479934,610,id08392
21479934,21480534,600,id08392
21480534,21480862,328,id08392
21480862,21481257,395,id08392
21481257,21482128,871,id08392
21482128,21482661,533,id08392
21482661,21482994,333,id08392
21482994,21483850,856,id08392
21483850,21484168,318,id08392
21484168,21485546,1378,id08392
21485546,21485900,354,id08392
21485900,21487083,1183,id08392
21487083,21487421,338,id08392
21487421,21488256,835,id08392
21488256,21488676,420,id08392
21488676,21489204,528,id08392
21489204,21489522,318,id08392
21489522,21489994,472,id08392
21489994,21490389,395,id08392
21490389,21491111,722,id08392
21491111,21491470,359,id08392
21491470,21491860,390,id08392
21491860,21492413,553,id08392
21492413,21493064,651,id08392
21493064,21493520,456,id08392
21493520,21493843,323,id08392
21493843,21494207,364,id08392
21494207,21494581,374,id08392
21494581,21495949,1368,id08392
21495949,21496410,461,id08392
21496410,21496830,420,id08392
21496830,21497450,620,id08392
21497450,21497845,395,id08392
21497845,21498445,600,id08392
21498445,21498906,461,id08392
21498906,21499316,410,id08392
21499316,21500883,1567,id08392
21500883,21501913,1030,id08392
21501913,21502820,907,id08392
21502820,21503292,472,id08392
21503292,21503610,318,id08392
21503610,21503928,318,id08392
21503928,21504543,615,id08392
21504543,21504917,374,id08392
21504917,21505424,507,id08392
21505424,21506049,625,id08392
21506049,21506387,338,id08392
21506387,21506731,344,id08392
21506731,21507351,620,id08392
21507351,21507674,323,id08392
21507674,21508171,497,id08392
21508171,21508637,466,id08392
21508637,21509057,420,id08392
21509057,21509488,431,id08392
21509488,21509852,364,id08392
21509852,21510411,559,id08392
21510411,21510801,390,id08392
21510801,21511216,415,id08392
21511216,21512261,1045,id08392
21512261,21512820,559,id08392
21512820,21513153,333,id08392
21513153,21513988,835,id08392
21513988,21515176,1188,id08392
21515176,21516231,1055,id08392
21516231,21516575,344,id08392
21516575,21516908,333,id08392
21516908,21517661,753,id08392
21517661,21518066,405,id08392
21518066,21518512,446,id08392
21518512,21518840,328,id08392
21518840,21519342,502,id08392
21519342,21520095,753,id08392
21520095,21521294,1199,id08392
21521294,21522042,748,id08392
21522042,21522529,487,id08392
21522529,21522939,410,id08392
21522939,21523344,405,id08392
21523344,21524169,825,id08392
21524169,21525316,1147,id08392
21525316,21525885,569,id08392
21525885,21526254,369,id08392
21526254,21526971,717,id08392
21526971,21527949,978,id08392
21527949,21528764,815,id08392
21528764,21529082,318,id08392
21529082,21529400,318,id08392
21529400,21529718,318,id08392
21529718,21530036,318,id08392
21530036,21530861,825,id08392
21530861,21531804,943,id08392
21531804,21532286,482,id08392
21532286,21533193,907,id08392
21533193,21533777,584,id08392
21533777,21535324,1547,id08392
21535324,21535703,379,id08392
21535703,21536277,574,id08392
21536277,21537675,1398,id08392
21537675,21538019,344,id08392
21538019,21538578,559,id08392
21538578,21539377,799,id08392
21539377,21539741,364,id08392
21539741,21540878,1137,id08392
21540878,21541206,328,id08392
21541206,21542021,815,id08392
21542021,21542441,420,id08392
21542441,21542779,338,id08392
21542779,21543107,328,id08392
21543107,21543640,533,id08392
21543640,21544030,390,id08392
21544030,21545090,1060,id08392
21545090,21545531,441,id08392
21545531,21546054,523,id08392
21546054,21546495,441,id08392
21546495,21546961,466,id08392
21546961,21547386,425,id08392
21547386,21547970,584,id08392
21547970,21548314,344,id08392
21548314,21548770,456,id08392
21548770,21549242,472,id08392
21549242,21549790,548,id08392
21549790,21550113,323,id08392
21550113,21550564,451,id08392
21550564,21551077,513,id08392
21551077,21551492,415,id08392
21551492,21551892,400,id08392
21551892,21552742,850,id08392
21552742,21553080,338,id08392
21553080,21553398,318,id08392
21553398,21553793,395,id08392
21553793,21554275,482,id08392
21554275,21554844,569,id08392
21554844,21556432,1588,id08392
21556432,21556791,359,id08392
21556791,21557206,415,id08392
21557206,21557959,753,id08392
21557959,21558328,369,id08392
21558328,21558784,456,id08392
21558784,21559102,318,id08392
21559102,21559481,379,id08392
21559481,21559922,441,id08392
21559922,21560363,441,id08392
21560363,21560768,405,id08392
21560768,21561168,400,id08392
21561168,21561486,318,id08392
21561486,21562106,620,id08392
21562106,21562700,594,id08392
21562700,21563054,354,id08392
21563054,21563828,774,id08392
21563828,21564494,666,id08392
21564494,21564925,431,id08392
21564925,21565443,518,id08392
21565443,21566601,1158,id08392
21566601,21567170,569,id08392
21567170,21567642,472,id08392
21567642,21568293,651,id08392
21568293,21568698,405,id08392
21568698,21569118,420,id08392
21569118,21570649,1531,id08392
21570649,21571602,953,id08392
21571602,21572068,466,id08392
21572068,21572406,338,id08392
21572406,21572785,379,id08392
21572785,21573149,364,id08392
21573149,21573528,379,id08392
21573528,21574107,579,id08392
21574107,21574471,364,id08392
21574471,21574953,482,id08392
21574953,21575844,891,id08392
21575844,21576331,487,id08392
21576331,21576823,492,id08392
21576823,21577499,676,id08392
21577499,21577945,446,id08392
21577945,21578324,379,id08392
21578324,21578867,543,id08392
21578867,21579764,897,id08392
21579764,21580118,354,id08392
21580118,21580508,390,id08392
21580508,21582362,1854,id08392
21582362,21582731,369,id08392
21582731,21583110,379,id08392
21583110,21583448,338,id08392
21583448,21583776,328,id08392
21583776,21584442,666,id08392
21584442,21585226,784,id08392
21585226,21585749,523,id08392
21585749,21586093,344,id08392
21586093,21586462,369,id08392
21586462,21586908,446,id08392
21586908,21587359,451,id08392
21587359,21587769,410,id08392
21587769,21588348,579,id08392
21588348,21589019,671,id08392
21589019,21590182,1163,id08392
21590182,21590577,395,id08392
21590577,21591100,523,id08392
21591100,21591725,625,id08392
21591725,21592104,379,id08392
21592104,21592519,415,id08392
21592519,21592888,369,id08392
21592888,21593298,410,id08392
21593298,21594476,1178,id08392
21594476,21595260,784,id08392
21595260,21595870,610,id08392
21595870,21596214,344,id08392
21596214,21596906,692,id08392
21596906,21597255,349,id08392
21597255,21597624,369,id08392
21597624,21598044,420,id08392
21598044,21598408,364,id08392
21598408,21598839,431,id08392
21598839,21599321,482,id08392
21599321,21599921,600,id08392
21599921,21600623,702,id08392
21600623,21601013,390,id08392
21601013,21601582,569,id08392
21601582,21601997,415,id08392
21601997,21602673,676,id08392
21602673,21603093,420,id08392
21603093,21603554,461,id08392
21603554,21604717,1163,id08392
21604717,21605055,338,id08392
21605055,21605813,758,id08392
21605813,21606766,953,id08392
21606766,21607366,600,id08392
21607366,21607909,543,id08392
21607909,21608954,1045,id08392
21608954,21609298,344,id08392
21609298,21609795,497,id08392
21609795,21610313,518,id08392
21610313,21610959,646,id08392
21610959,21611277,318,id08392
21611277,21612102,825,id08392
21612102,21612456,354,id08392
21612456,21612861,405,id08392
21612861,21613184,323,id08392
21613184,21613830,646,id08392
21613830,21614199,369,id08392
21614199,21614573,374,id08392
21614573,21615070,497,id08392
21615070,21615506,436,id08392
21615506,21615834,328,id08392
21615834,21616490,656,id08392
21616490,21616813,323,id08392
21616813,21617423,610,id08392
21617423,21617864,441,id08392
21617864,21618305,441,id08392
21618305,21618761,456,id08392
21618761,21619140,379,id08456
21619140,21619555,415,id08456
21619555,21620011,456,id08456
21620011,21620503,492,id08456
21620503,21621353,850,id08456
21621353,21621830,477,id08456
21621830,21622363,533,id08456
21622363,21622799,436,id08456
21622799,21623122,323,id08456
21623122,21623588,466,id08456
21623588,21623942,354,id08456
21623942,21624572,630,id08456
21624572,21625069,497,id08456
21625069,21625413,344,id08456
21625413,21625782,369,id08456
21625782,21626274,492,id08456
21626274,21626787,513,id08456
21626787,21628211,1424,id08456
21628211,21629266,1055,id08456
21629266,21630075,809,id08456
21630075,21630710,635,id08456
21630710,21631284,574,id08456
21631284,21631802,518,id08456
21631802,21632453,651,id08456
21632453,21632843,390,id08456
21632843,21634497,1654,id08456
21634497,21637790,3293,id08456
21637790,21639705,1915,id08456
21639705,21640356,651,id08456
21640356,21642538,2182,id08456
21642538,21643347,809,id08456
21643347,21643670,323,id08456
21643670,21644147,477,id08456
21644147,21645622,1475,id08456
21645622,21646094,472,id08456
21646094,21648644,2550,id08456
21648644,21649889,1245,id08456
21649889,21650294,405,id08456
21650294,21650986,692,id08456
21650986,21652267,1281,id08456
21652267,21652749,482,id08456
21652749,21654147,1398,id08456
21654147,21654485,338,id08456
21654485,21654803,318,id08456
21654803,21655787,984,id08456
21655787,21656361,574,id08456
21656361,21656986,625,id08456
21656986,21657324,338,id08456
21657324,21657842,518,id08456
21657842,21658221,379,id08456
21658221,21658687,466,id08456
21658687,21659143,456,id08456
21659143,21659737,594,id08456
21659737,21660946,1209,id08456
21660946,21662636,1690,id08456
21662636,21663215,579,id08456
21663215,21664839,1624,id08456
21664839,21666422,1583,id08456
21666422,21666827,405,id08456
21666827,21667683,856,id08456
21667683,21668841,1158,id08456
21668841,21669164,323,id08456
21669164,21671694,2530,id08456
21671694,21673164,1470,id08456
21673164,21674035,871,id08456
21674035,21674368,333,id08456
21674368,21674783,415,id08456
21674783,21675173,390,id08456
21675173,21675665,492,id08456
21675665,21676121,456,id08456
21676121,21676808,687,id08456
21676808,21678503,1695,id08456
21678503,21678826,323,id08456
21678826,21679190,364,id08456
21679190,21679810,620,id08456
21679810,21680215,405,id08456
21680215,21681137,922,id08456
21681137,21681578,441,id08456
21681578,21682920,1342,id08456
21682920,21683535,615,id08456
21683535,21684027,492,id08456
21684027,21684452,425,id08456
21684452,21684816,364,id08456
21684816,21685656,840,id08456
21685656,21687428,1772,id08456
21687428,21688627,1199,id08456
21688627,21689012,385,id08456
21689012,21689489,477,id08456
21689489,21689853,364,id08456
21689853,21690396,543,id08456
21690396,21690801,405,id08456
21690801,21691186,385,id08456
21691186,21692779,1593,id08456
21692779,21693757,978,id08456
21693757,21694249,492,id08456
21694249,21694628,379,id08456
21694628,21695412,784,id08456
21695412,21695832,420,id08456
21695832,21696170,338,id08456
21696170,21696908,738,id08456
21696908,21697318,410,id08456
21697318,21697636,318,id08456
21697636,21698364,728,id08456
21698364,21698692,328,id08456
21698692,21699158,466,id08456
21699158,21699548,390,id08456
21699548,21700137,589,id08456
21700137,21700670,533,id08456
21700670,21701259,589,id08456
21701259,21701705,446,id08456
21701705,21705249,3544,id08456
21705249,21705695,446,id08456
21705695,21706868,1173,id08456
21706868,21710140,3272,id08456
21710140,21711098,958,id08456
21711098,21713141,2043,id08456
21713141,21713500,359,id08456
21713500,21714038,538,id08456
21714038,21714847,809,id08456
21714847,21717008,2161,id08456
21717008,21717413,405,id08456
21717413,21718192,779,id08456
21718192,21718546,354,id08456
21718546,21718895,349,id08456
21718895,21719433,538,id08456
21719433,21719858,425,id08456
21719858,21720355,497,id08456
21720355,21720944,589,id08456
21720944,21721380,436,id08456
21721380,21721718,338,id08456
21721718,21722159,441,id08456
21722159,21722677,518,id08456
21722677,21723149,472,id08456
21723149,21723508,359,id08456
21723508,21723903,395,id08456
21723903,21724364,461,id08456
21724364,21725102,738,id08456
21725102,21725881,779,id08456
21725881,21726225,344,id08456
21726225,21726610,385,id08456
21726610,21727271,661,id08456
21727271,21727650,379,id08456
21727650,21729791,2141,id08456
21729791,21730391,600,id08456
21730391,21730816,425,id08456
21730816,21731462,646,id08456
21731462,21731898,436,id08456
21731898,21732313,415,id08456
21732313,21733855,1542,id08456
21733855,21734644,789,id08456
21734644,21735136,492,id08456
21735136,21737241,2105,id08456
21737241,21738844,1603,id08456
21738844,21740360,1516,id08456
21740360,21741072,712,id08456
21741072,21741615,543,id08456
21741615,21742020,405,id08456
21742020,21745712,3692,id08456
21745712,21746578,866,id08456
21746578,21747249,671,id08456
21747249,21747818,569,id08456
21747818,21748300,482,id08456
21748300,21749063,763,id08456
21749063,21750313,1250,id08456
21750313,21750882,569,id08456
21750882,21757492,6610,id08456
21757492,21759868,2376,id08456
21759868,21760483,615,id08456
21760483,21761666,1183,id08456
21761666,21762711,1045,id08456
21762711,21763065,354,id08456
21763065,21763572,507,id08456
21763572,21764392,820,id08456
21764392,21766057,1665,id08456
21766057,21767517,1460,id08456
21767517,21767845,328,id08456
21767845,21768701,856,id08456
21768701,21770447,1746,id08456
21770447,21771139,692,id08456
21771139,21772082,943,id08456
21772082,21772528,446,id08456
21772528,21772969,441,id08456
21772969,21774357,1388,id08456
21774357,21774962,605,id08456
21774962,21775454,492,id08456
21775454,21775792,338,id08456
21775792,21776248,456,id08456
21776248,21776812,564,id08456
21776812,21777437,625,id08456
21777437,21778118,681,id08456
21778118,21778702,584,id08456
21778702,21779107,405,id08456
21779107,21779676,569,id08456
21779676,21780132,456,id08456
21780132,21780455,323,id08456
21780455,21781039,584,id08456
21781039,21781557,518,id08456
21781557,21782029,472,id08456
21782029,21782398,369,id08456
21782398,21782854,456,id08456
21782854,21783623,769,id08456
21783623,21784351,728,id08456
21784351,21785217,866,id08456
21785217,21785996,779,id08456
21785996,21786539,543,id08456
21786539,21787011,472,id08456
21787011,21787503,492,id08456
21787503,21788113,610,id08456
21788113,21789260,1147,id08456
21789260,21790300,1040,id08456
21790300,21791816,1516,id08456
21791816,21792815,999,id08456
21792815,21793691,876,id08456
21793691,21794045,354,id08456
21794045,21794778,733,id08456
21794778,21795526,748,id08456
21795526,21798081,2555,id08456
21798081,21800882,2801,id08456
21800882,21803550,2668,id08456
21803550,21803945,395,id08456
21803945,21804534,589,id08456
21804534,21804939,405,id08456
21804939,21805528,589,id08456
21805528,21807003,1475,id08456
21807003,21807828,825,id08456
21807828,21809375,1547,id08456
21809375,21810072,697,id08456
21810072,21810400,328,id08456
21810400,21811711,1311,id08456
21811711,21814133,2422,id08456
21814133,21815751,1618,id08456
21815751,21816458,707,id08456
21816458,21817017,559,id08456
21817017,21818277,1260,id08456
21818277,21819911,1634,id08456
21819911,21821596,1685,id08456
21821596,21823737,2141,id08456
21823737,21824900,1163,id08456
21824900,21825884,984,id08456
21825884,21826315,431,id08456
21826315,21827002,687,id08456
21827002,21827397,395,id08456
21827397,21827787,390,id08456
21827787,21828504,717,id08456
21828504,21829242,738,id08456
21829242,21829760,518,id08456
21829760,21830180,420,id08456
21830180,21830790,610,id08456
21830790,21831164,374,id08456
21831164,21831610,446,id08456
21831610,21831974,364,id08456
21831974,21832420,446,id08456
21832420,21832856,436,id08456
21832856,21833276,420,id08456
21833276,21833599,323,id08456
21833599,21833943,344,id08456
21833943,21834271,328,id08456
21834271,21834881,610,id08456
21834881,21835199,318,id08456
21835199,21835978,779,id08456
21835978,21836706,728,id08456
21836706,21837377,671,id08456
21837377,21837813,436,id08456
21837813,21838141,328,id08456
21838141,21838669,528,id08456
21838669,21840339,1670,id08456
21840339,21840846,507,id08456
21840846,21841405,559,id08456
21841405,21842133,728,id08456
21842133,21843367,1234,id08456
21843367,21843705,338,id08456
21843705,21845713,2008,id08456
21845713,21846328,615,id08456
21846328,21846779,451,id08456
21846779,21847158,379,id08456
21847158,21848413,1255,id08456
21848413,21849755,1342,id08456
21849755,21851082,1327,id08456
21851082,21851513,431,id08456
21851513,21853341,1828,id08456
21853341,21854125,784,id08456
21854125,21855421,1296,id08456
21855421,21857173,1752,id08456
21857173,21859278,2105,id08456
21859278,21859642,364,id08456
21859642,21859996,354,id08456
21859996,21860447,451,id08456
21860447,21861569,1122,id08456
21861569,21862906,1337,id08456
21862906,21863823,917,id08456
21863823,21864254,431,id08456
21864254,21864705,451,id08456
21864705,21865120,415,id08456
21865120,21865530,410,id08456
21865530,21866662,1132,id08456
21866662,21867983,1321,id08456
21867983,21868460,477,id08456
21868460,21868875,415,id08456
21868875,21871988,3113,id08456
21871988,21872424,436,id08456
21872424,21872793,369,id08456
21872793,21873725,932,id08456
21873725,21874770,1045,id08456
21874770,21875323,553,id08456
21875323,21875943,620,id08456
21875943,21876578,635,id08456
21876578,21877418,840,id08456
21877418,21877813,395,id08456
21877813,21878141,328,id08456
21878141,21878981,840,id08456
21878981,21879463,482,id08456
21879463,21879796,333,id08456
21879796,21881158,1362,id08456
21881158,21881737,579,id08456
21881737,21882306,569,id08456
21882306,21883284,978,id08456
21883284,21884646,1362,id08456
21884646,21885051,405,id08456
21885051,21885405,354,id08456
21885405,21886010,605,id08456
21886010,21886379,369,id08456
21886379,21886943,564,id08456
21886943,21887358,415,id08456
21887358,21887681,323,id08456
21887681,21888081,400,id08456
21888081,21888460,379,id08456
21888460,21889003,543,id08456
21889003,21889782,779,id08456
21889782,21890197,415,id08456
21890197,21890817,620,id08456
21890817,21891232,415,id08456
21891232,21892897,1665,id08456
21892897,21893384,487,id08456
21893384,21893799,415,id08456
21893799,21895243,1444,id08456
21895243,21895878,635,id08456
21895878,21896268,390,id08456
21896268,21896704,436,id08456
21896704,21897601,897,id08456
21897601,21898021,420,id08456
21898021,21898743,722,id08456
21898743,21899343,600,id08456
21899343,21899978,635,id08456
21899978,21900368,390,id08456
21900368,21901090,722,id08456
21901090,21901608,518,id08456
21901608,21902423,815,id08456
21902423,21902751,328,id08456
21902751,21903141,390,id08456
21903141,21903930,789,id08456
21903930,21904821,891,id08456
21904821,21905697,876,id08456
21905697,21906245,548,id08456
21906245,21906583,338,id08456
21906583,21906927,344,id08456
21906927,21907276,349,id08456
21907276,21908188,912,id08456
21908188,21908511,323,id08456
21908511,21914691,6180,id08456
21914691,21915936,1245,id08456
21915936,21917370,1434,id08456
21917370,21917842,472,id08456
21917842,21919716,1874,id08456
21919716,21920101,385,id08456
21920101,21920890,789,id08456
21920890,21921628,738,id08456
21921628,21922151,523,id08456
21922151,21923211,1060,id08456
21923211,21923759,548,id08456
21923759,21924860,1101,id08456
21924860,21925613,753,id08456
21925613,21926259,646,id08456
21926259,21926848,589,id08456
21926848,21927852,1004,id08456
21927852,21928626,774,id08456
21928626,21929098,472,id08456
21929098,21929472,374,id08456
21929472,21929805,333,id08456
21929805,21931526,1721,id08456
21931526,21931992,466,id08456
21931992,21932668,676,id08456
21932668,21933375,707,id08456
21933375,21933821,446,id08456
21933821,21934497,676,id08456
21934497,21935394,897,id08456
21935394,21937975,2581,id08456
21937975,21938728,753,id08456
21938728,21939430,702,id08456
21939430,21939866,436,id08456
21939866,21940604,738,id08456
21940604,21941741,1137,id08456
21941741,21942366,625,id08456
21942366,21944880,2514,id08456
21944880,21945812,932,id08456
21945812,21947318,1506,id08456
21947318,21949274,1956,id08456
21949274,21950396,1122,id08456
21950396,21952419,2023,id08456
21952419,21952885,466,id08456
21952885,21953280,395,id08456
21953280,21954120,840,id08456
21954120,21954653,533,id08456
21954653,21956440,1787,id08456
21956440,21956865,425,id08456
21956865,21957306,441,id08456
21957306,21958571,1265,id08456
21958571,21958950,379,id08456
21958950,21959785,835,id08456
21959785,21960477,692,id08456
21960477,21962387,1910,id08456
21962387,21964261,1874,id08456
21964261,21965680,1419,id08456
21965680,21966228,548,id08456
21966228,21966802,574,id08456
21966802,21967345,543,id08456
21967345,21967955,610,id08456
21967955,21970137,2182,id08456
21970137,21970952,815,id08456
21970952,21971910,958,id08456
21971910,21972335,425,id08456
21972335,21972858,523,id08456
21972858,21973237,379,id08456
21973237,21973883,646,id08456
21973883,21974355,472,id08456
21974355,21974704,349,id08456
21974704,21975048,344,id08548
21975048,21975443,395,id08548
21975443,21975961,518,id08548
21975961,21976279,318,id08548
21976279,21976658,379,id08548
21976658,21977037,379,id08548
21977037,21977416,379,id08548
21977416,21977831,415,id08548
21977831,21978149,318,id08548
21978149,21978554,405,id08548
21978554,21978898,344,id08548
21978898,21979242,344,id08548
21979242,21979842,600,id08548
21979842,21980401,559,id08548
21980401,21981180,779,id08548
21981180,21981513,333,id08548
21981513,21981898,385,id08548
21981898,21982242,344,id08548
21982242,21982801,559,id08548
21982801,21983186,385,id08548
21983186,21984154,968,id08548
21984154,21984595,441,id08548
21984595,21985742,1147,id08548
21985742,21986091,349,id08548
21986091,21986813,722,id08548
21986813,21987228,415,id08548
21987228,21987623,395,id08548
21987623,21988095,472,id08548
21988095,21988638,543,id08548
21988638,21988997,359,id08548
21988997,21989484,487,id08548
21989484,21989981,497,id08548
21989981,21990406,425,id08548
21990406,21990888,482,id08548
21990888,21991401,513,id08548
21991401,21992021,620,id08548
21992021,21992431,410,id08548
21992431,21993645,1214,id08548
21993645,21994173,528,id08548
21994173,21994711,538,id08548
21994711,21995142,431,id08548
21995142,21995532,390,id08548
21995532,21995947,415,id08548
21995947,21996372,425,id08548
21996372,21996751,379,id08548
21996751,21997248,497,id08548
21997248,21997745,497,id08548
21997745,21998227,482,id08548
21998227,21998627,400,id08548
21998627,21998955,328,id08548
21998955,22000067,1112,id08548
22000067,22000457,390,id08548
22000457,22000826,369,id08548
22000826,22001154,328,id08548
22001154,22001641,487,id08548
22001641,22002256,615,id08552
22002256,22002651,395,id08552
22002651,22002979,328,id08552
22002979,22003307,328,id08552
22003307,22003671,364,id08552
22003671,22004035,364,id08552
22004035,22004450,415,id08552
22004450,22005075,625,id08552
22005075,22005506,431,id08552
22005506,22005952,446,id08552
22005952,22006413,461,id08552
22006413,22006864,451,id08552
22006864,22007781,917,id08552
22007781,22008273,492,id08552
22008273,22008709,436,id08552
22008709,22009134,425,id08552
22009134,22009831,697,id08552
22009831,22010543,712,id08552
22010543,22011020,477,id08552
22011020,22011358,338,id08552
22011358,22012009,651,id08552
22012009,22012445,436,id08552
22012445,22012799,354,id08552
22012799,22013143,344,id08552
22013143,22013502,359,id08552
22013502,22014296,794,id08552
22014296,22014670,374,id08552
22014670,22015008,338,id08552
22015008,22015352,344,id08552
22015352,22015670,318,id08552
22015670,22016254,584,id08552
22016254,22016623,369,id08552
22016623,22017069,446,id08552
22017069,22017433,364,id08552
22017433,22017899,466,id08552
22017899,22018217,318,id08552
22018217,22018586,369,id08552
22018586,22019022,436,id08552
22019022,22019442,420,id08552
22019442,22019770,328,id08552
22019770,22020226,456,id08552
22020226,22020570,344,id08552
22020570,22021154,584,id08552
22021154,22021508,354,id08552
22021508,22021826,318,id08552
22021826,22022164,338,id08552
22022164,22022508,344,id08552
22022508,22022862,354,id08552
22022862,22023221,359,id08552
22023221,22023600,379,id08552
22023600,22024118,518,id08552
22024118,22024549,431,id08552
22024549,22025015,466,id08552
22025015,22025343,328,id08552
22025343,22025856,513,id08552
22025856,22026194,338,id08552
22026194,22026614,420,id08552
22026614,22026937,323,id08552
22026937,22027378,441,id08552
22027378,22027716,338,id08552
22027716,22028095,379,id08552
22028095,22028572,477,id08552
22028572,22028967,395,id08552
22028967,22029290,323,id08552
22029290,22029613,323,id08552
22029613,22030120,507,id08552
22030120,22030515,395,id08552
22030515,22030889,374,id08552
22030889,22031371,482,id08552
22031371,22031971,600,id08552
22031971,22032524,553,id08552
22032524,22032909,385,id08552
22032909,22033227,318,id08552
22033227,22033565,338,id08552
22033565,22033893,328,id08552
22033893,22034344,451,id08552
22034344,22034672,328,id08552
22034672,22035057,385,id08552
22035057,22035549,492,id08552
22035549,22035887,338,id08552
22035887,22036517,630,id08552
22036517,22036902,385,id08552
22036902,22037297,395,id08552
22037297,22037722,425,id08552
22037722,22038040,318,id08552
22038040,22038460,420,id08552
22038460,22038839,379,id08552
22038839,22039177,338,id08552
22039177,22039531,354,id08552
22039531,22039895,364,id08552
22039895,22040699,804,id08552
22040699,22041053,354,id08552
22041053,22041432,379,id08552
22041432,22041750,318,id08552
22041750,22042503,753,id08552
22042503,22042969,466,id08552
22042969,22043302,333,id08552
22043302,22043666,364,id08552
22043666,22044020,354,id08552
22044020,22044461,441,id08552
22044461,22044815,354,id08552
22044815,22045153,338,id08552
22045153,22046106,953,id08552
22046106,22046506,400,id08552
22046506,22046860,354,id08552
22046860,22047178,318,id08552
22047178,22047573,395,id08552
22047573,22047927,354,id08552
22047927,22048296,369,id08552
22048296,22048629,333,id08552
22048629,22049290,661,id08552
22049290,22049613,323,id08552
22049613,22050079,466,id08552
22050079,22050423,344,id08552
22050423,22050838,415,id08552
22050838,22051320,482,id08552
22051320,22052385,1065,id08552
22052385,22052734,349,id08552
22052734,22053252,518,id08552
22053252,22053795,543,id08552
22053795,22054190,395,id08552
22054190,22054784,594,id08552
22054784,22055337,553,id08552
22055337,22055675,338,id08552
22055675,22056054,379,id08552
22056054,22056444,390,id08552
22056444,22056875,431,id08552
22056875,22057275,400,id08552
22057275,22057834,559,id08552
22057834,22058229,395,id08552
22058229,22058665,436,id08552
22058665,22059065,400,id08552
22059065,22059521,456,id08552
22059521,22059921,400,id08552
22059921,22060259,338,id08552
22060259,22060654,395,id08552
22060654,22061059,405,id08552
22061059,22061643,584,id08552
22061643,22062135,492,id08552
22062135,22062453,318,id08552
22062453,22062781,328,id08552
22062781,22063314,533,id08552
22063314,22063652,338,id08552
22063652,22064252,600,id08552
22064252,22064590,338,id08552
22064590,22064969,379,id08552
22064969,22065287,318,id08552
22065287,22065620,333,id08552
22065620,22066194,574,id08552
22066194,22066517,323,id08552
22066517,22066855,338,id08552
22066855,22067193,338,id08552
22067193,22067511,318,id08552
22067511,22067947,436,id08552
22067947,22068680,733,id08552
22068680,22069100,420,id08552
22069100,22069669,569,id08552
22069669,22070074,405,id08552
22070074,22070443,369,id08552
22070443,22070766,323,id08552
22070766,22071391,625,id08552
22071391,22071750,359,id08552
22071750,22072181,431,id08552
22072181,22072566,385,id08552
22072566,22073027,461,id08552
22073027,22073360,333,id08552
22073360,22073775,415,id08552
22073775,22074103,328,id08552
22074103,22075122,1019,id08552
22075122,22075450,328,id08552
22075450,22075891,441,id08552
22075891,22076542,651,id08552
22076542,22077070,528,id08552
22077070,22078740,1670,id08552
22078740,22079058,318,id08552
22079058,22079760,702,id08552
22079760,22080124,364,id08552
22080124,22080462,338,id08552
22080462,22080780,318,id08552
22080780,22081364,584,id08552
22081364,22081733,369,id08552
22081733,22082251,518,id08552
22082251,22082646,395,id08552
22082646,22083327,681,id08552
22083327,22083691,364,id08552
22083691,22084342,651,id08552
22084342,22084957,615,id08552
22084957,22085275,318,id08552
22085275,22086724,1449,id08552
22086724,22087206,482,id08552
22087206,22087560,354,id08552
22087560,22088354,794,id08552
22088354,22088749,395,id08552
22088749,22089446,697,id08552
22089446,22090076,630,id08552
22090076,22090435,359,id08552
22090435,22090763,328,id08552
22090763,22091081,318,id08552
22091081,22091460,379,id08552
22091460,22093053,1593,id08552
22093053,22093673,620,id08552
22093673,22094017,344,id08552
22094017,22094422,405,id08552
22094422,22095324,902,id08552
22095324,22096098,774,id08552
22096098,22096483,385,id08552
22096483,22096842,359,id08552
22096842,22097273,431,id08552
22097273,22097755,482,id08552
22097755,22098385,630,id08552
22098385,22098708,323,id08552
22098708,22099328,620,id08552
22099328,22099682,354,id08552
22099682,22100799,1117,id08552
22100799,22101322,523,id08552
22101322,22101804,482,id08552
22101804,22102864,1060,id08552
22102864,22103320,456,id08552
22103320,22103863,543,id08552
22103863,22104560,697,id08552
22104560,22105518,958,id08552
22105518,22105887,369,id08552
22105887,22106548,661,id08552
22106548,22107962,1414,id08552
22107962,22109463,1501,id08552
22109463,22110037,574,id08552
22110037,22110555,518,id08552
22110555,22111354,799,id08552
22111354,22111795,441,id08552
22111795,22112185,390,id08552
22112185,22112523,338,id08552
22112523,22112867,344,id08552
22112867,22113272,405,id08552
22113272,22113662,390,id08552
22113662,22114036,374,id08552
22114036,22114794,758,id08552
22114794,22115204,410,id08552
22115204,22115568,364,id08552
22115568,22115937,369,id08552
22115937,22117929,1992,id08552
22117929,22118810,881,id08552
22118810,22119302,492,id08552
22119302,22119973,671,id08552
22119973,22120363,390,id08552
22120363,22120855,492,id08552
22120855,22121798,943,id08552
22121798,22122500,702,id08552
22122500,22125409,2909,id08552
22125409,22126019,610,id08552
22126019,22126434,415,id08552
22126434,22127121,687,id08552
22127121,22127459,338,id08552
22127459,22128028,569,id08552
22128028,22128402,374,id08552
22128402,22128746,344,id08552
22128746,22129218,472,id08552
22129218,22129981,763,id08552
22129981,22130494,513,id08552
22130494,22131078,584,id08552
22131078,22131473,395,id08552
22131473,22131837,364,id08552
22131837,22132288,451,id08552
22132288,22132632,344,id08552
22132632,22133037,405,id08552
22133037,22133990,953,id08552
22133990,22134415,425,id08552
22134415,22135209,794,id08552
22135209,22135972,763,id08552
22135972,22136300,328,id08552
22136300,22136654,354,id08552
22136654,22137197,543,id08552
22137197,22137551,354,id08552
22137551,22138130,579,id08552
22138130,22138637,507,id08552
22138637,22139626,989,id08552
22139626,22140179,553,id08552
22140179,22140528,349,id08552
22140528,22141035,507,id08552
22141035,22141911,876,id08552
22141911,22142900,989,id08552
22142900,22143264,364,id08552
22143264,22143608,344,id08552
22143608,22143936,328,id08696
22143936,22144408,472,id08696
22144408,22144731,323,id08696
22144731,22145100,369,id08696
22145100,22145449,349,id08696
22145449,22145854,405,id08696
22145854,22146208,354,id08696
22146208,22146603,395,id08696
22146603,22147044,441,id08696
22147044,22147459,415,id08696
22147459,22147905,446,id08696
22147905,22148238,333,id08696
22148238,22149191,953,id08696
22149191,22149524,333,id08696
22149524,22149857,333,id08696
22149857,22150544,687,id08696
22150544,22150882,338,id08696
22150882,22151287,405,id08696
22151287,22152040,753,id08696
22152040,22152890,850,id08696
22152890,22154089,1199,id08696
22154089,22154750,661,id08696
22154750,22155478,728,id08696
22155478,22155832,354,id08696
22155832,22156150,318,id08696
22156150,22156627,477,id08696
22156627,22157252,625,id08696
22157252,22157790,538,id08696
22157790,22158441,651,id08696
22158441,22159819,1378,id08696
22159819,22160541,722,id08696
22160541,22161023,482,id08696
22161023,22161438,415,id08696
22161438,22162370,932,id08696
22162370,22162944,574,id08696
22162944,22163492,548,id08696
22163492,22164522,1030,id08696
22164522,22165198,676,id08696
22165198,22165531,333,id08696
22165531,22166888,1357,id08696
22166888,22167846,958,id08696
22167846,22168292,446,id08696
22168292,22168646,354,id08696
22168646,22169066,420,id08696
22169066,22169394,328,id08696
22169394,22170157,763,id08696
22170157,22171740,1583,id08696
22171740,22172181,441,id08696
22172181,22172519,338,id08696
22172519,22172898,379,id08696
22172898,22173446,548,id08696
22173446,22174373,927,id08696
22174373,22174768,395,id08696
22174768,22175250,482,id08696
22175250,22175670,420,id08696
22175670,22176464,794,id08696
22176464,22176813,349,id08696
22176813,22177279,466,id08696
22177279,22177751,472,id08696
22177751,22178898,1147,id08696
22178898,22179564,666,id08696
22179564,22179938,374,id08696
22179938,22180461,523,id08696
22180461,22180953,492,id08696
22180953,22181768,815,id08696
22181768,22182204,436,id08696
22182204,22182650,446,id08696
22182650,22183091,441,id08696
22183091,22183557,466,id08696
22183557,22184413,856,id08696
22184413,22184741,328,id08696
22184741,22185136,395,id08696
22185136,22185766,630,id08696
22185766,22186263,497,id08696
22186263,22186596,333,id08696
22186596,22186975,379,id08696
22186975,22187493,518,id08696
22187493,22188118,625,id08696
22188118,22188743,625,id08696
22188743,22189138,395,id08696
22189138,22189482,344,id08696
22189482,22190076,594,id08696
22190076,22191689,1613,id08696
22191689,22192155,466,id08696
22192155,22192473,318,id08696
22192473,22193042,569,id08696
22193042,22193473,431,id08696
22193473,22193898,425,id08696
22193898,22194293,395,id08696
22194293,22195067,774,id08696
22195067,22195421,354,id08696
22195421,22195934,513,id08696
22195934,22196441,507,id08696
22196441,22196759,318,id08696
22196759,22197359,600,id08696
22197359,22198005,646,id08696
22198005,22198323,318,id08696
22198323,22198738,415,id08696
22198738,22199143,405,id08696
22199143,22199522,379,id08696
22199522,22200163,641,id08696
22200163,22200839,676,id08696
22200839,22201157,318,id08696
22201157,22202064,907,id08696
22202064,22202827,763,id08696
22202827,22203268,441,id08696
22203268,22203740,472,id08696
22203740,22204247,507,id08696
22204247,22205021,774,id08696
22205021,22205482,461,id08696
22205482,22206025,543,id08696
22206025,22206461,436,id08696
22206461,22206861,400,id08696
22206861,22207343,482,id08696
22207343,22207922,579,id08696
22207922,22208542,620,id08696
22208542,22209162,620,id08696
22209162,22210494,1332,id08696
22210494,22211104,610,id08696
22211104,22211791,687,id08696
22211791,22212170,379,id08696
22212170,22212908,738,id08696
22212908,22213589,681,id08696
22213589,22213938,349,id08696
22213938,22214312,374,id08696
22214312,22215255,943,id08696
22215255,22215634,379,id08696
22215634,22215998,364,id08696
22215998,22216659,661,id08696
22216659,22217412,753,id08696
22217412,22218365,953,id08696
22218365,22218831,466,id08696
22218831,22219344,513,id08696
22219344,22219662,318,id08696
22219662,22220016,354,id08696
22220016,22220600,584,id08696
22220600,22220979,379,id08696
22220979,22221353,374,id08696
22221353,22222444,1091,id08696
22222444,22222926,482,id08696
22222926,22223300,374,id08696
22223300,22223777,477,id08696
22223777,22224346,569,id08696
22224346,22224715,369,id08696
22224715,22225053,338,id08696
22225053,22225596,543,id08696
22225596,22225940,344,id08696
22225940,22226284,344,id08696
22226284,22226653,369,id08696
22226653,22227058,405,id08696
22227058,22228103,1045,id08696
22228103,22228646,543,id08696
22228646,22229061,415,id08696
22229061,22229574,513,id08696
22229574,22230112,538,id08696
22230112,22230553,441,id08696
22230553,22231040,487,id08696
22231040,22231409,369,id08696
22231409,22232014,605,id08696
22232014,22232352,338,id08696
22232352,22233100,748,id08696
22233100,22233541,441,id08696
22233541,22234238,697,id08696
22234238,22234653,415,id08696
22234653,22235145,492,id08696
22235145,22235698,553,id08696
22235698,22236103,405,id08696
22236103,22236595,492,id08696
22236595,22237113,518,id08696
22237113,22237620,507,id08696
22237620,22237969,349,id08696
22237969,22238302,333,id08696
22238302,22238640,338,id08696
22238640,22239091,451,id08696
22239091,22239665,574,id08696
22239665,22240239,574,id08696
22240239,22240695,456,id08696
22240695,22241049,354,id08696
22241049,22241393,344,id08696
22241393,22241731,338,id08696
22241731,22242049,318,id08696
22242049,22242521,472,id08696
22242521,22243064,543,id08696
22243064,22243469,405,id08696
22243469,22244273,804,id08696
22244273,22244908,635,id08696
22244908,22245543,635,id08696
22245543,22245861,318,id08696
22245861,22246676,815,id08696
22246676,22246994,318,id08696
22246994,22247425,431,id08696
22247425,22248250,825,id08696
22248250,22248588,338,id08696
22248588,22249049,461,id08696
22249049,22249454,405,id08696
22249454,22249885,431,id08696
22249885,22250213,328,id08696
22250213,22250772,559,id08696
22250772,22251546,774,id08696
22251546,22252596,1050,id08696
22252596,22253656,1060,id08696
22253656,22254000,344,id08696
22254000,22254338,338,id08696
22254338,22255066,728,id08696
22255066,22255563,497,id08696
22255563,22256280,717,id08696
22256280,22256885,605,id08696
22256885,22257536,651,id08696
22257536,22257982,446,id08696
22257982,22258448,466,id08696
22258448,22258920,472,id08696
22258920,22259238,318,id08696
22259238,22260001,763,id08696
22260001,22260406,405,id08696
22260406,22260734,328,id08696
22260734,22261088,354,id08696
22261088,22262056,968,id08696
22262056,22262410,354,id08696
22262410,22263353,943,id08696
22263353,22263845,492,id08696
22263845,22265259,1414,id08696
22265259,22265756,497,id08696
22265756,22266161,405,id08696
22266161,22266919,758,id08696
22266919,22267324,405,id08696
22267324,22267642,318,id08696
22267642,22268001,359,id08696
22268001,22268380,379,id08696
22268380,22268898,518,id08696
22268898,22269380,482,id08696
22269380,22269821,441,id08696
22269821,22270246,425,id08696
22270246,22270820,574,id08696
22270820,22271348,528,id08696
22271348,22271686,338,id08696
22271686,22272526,840,id08696
22272526,22273325,799,id08696
22273325,22273730,405,id08696
22273730,22274176,446,id08696
22274176,22274499,323,id08696
22274499,22274955,456,id08696
22274955,22275345,390,id08696
22275345,22275673,328,id08696
22275673,22276180,507,id08696
22276180,22276498,318,id08696
22276498,22276944,446,id08696
22276944,22277359,415,id08696
22277359,22277738,379,id08696
22277738,22278322,584,id08696
22278322,22278676,354,id08696
22278676,22278994,318,id08696
22278994,22279486,492,id08696
22279486,22279911,425,id08696
22279911,22280306,395,id08696
22280306,22280834,528,id08696
22280834,22281198,364,id08696
22281198,22281608,410,id08696
22281608,22281993,385,id08696
22281993,22282383,390,id08696
22282383,22282768,385,id08696
22282768,22283122,354,id08696
22283122,22283640,518,id08696
22283640,22284055,415,id08696
22284055,22284373,318,id08696
22284373,22284711,338,id08696
22284711,22285126,415,id08696
22285126,22285500,374,id08696
22285500,22286074,574,id08696
22286074,22286423,349,id08696
22286423,22286777,354,id08696
22286777,22287633,856,id08696
22287633,22288018,385,id08696
22288018,22288443,425,id08696
22288443,22288920,477,id08696
22288920,22289397,477,id08696
22289397,22289792,395,id08696
22289792,22290156,364,id08696
22290156,22290638,482,id08696
22290638,22291181,543,id08696
22291181,22292354,1173,id08696
22292354,22292749,395,id08696
22292749,22293067,318,id08696
22293067,22293395,328,id08696
22293395,22293826,431,id08696
22293826,22294159,333,id08696
22294159,22294651,492,id08696
22294651,22295522,871,id08696
22295522,22296111,589,id08696
22296111,22296864,753,id08696
22296864,22297202,338,id08696
22297202,22298918,1716,id08696
22298918,22299267,349,id08696
22299267,22299611,344,id08696
22299611,22300077,466,id08696
22300077,22300395,318,id08696
22300395,22301507,1112,id08696
22301507,22301958,451,id08696
22301958,22302486,528,id08696
22302486,22302855,369,id08696
22302855,22303439,584,id08696
22303439,22303803,364,id08696
22303803,22304269,466,id08696
22304269,22304705,436,id08696
22304705,22305100,395,id08696
22305100,22305500,400,id08696
22305500,22305956,456,id08696
22305956,22306335,379,id08696
22306335,22306653,318,id08696
22306653,22307012,359,id08696
22307012,22307560,548,id08696
22307560,22308231,671,id08696
22308231,22308549,318,id08696
22308549,22309369,820,id08696
22309369,22309733,364,id08696
22309733,22310333,600,id08696
22310333,22310733,400,id08696
22310733,22311880,1147,id08696
22311880,22312280,400,id08696
22312280,22312787,507,id08696
22312787,22313166,379,id08696
22313166,22313812,646,id08696
22313812,22314555,743,id08696
22314555,22315057,502,id08696
22315057,22315390,333,id08696
22315390,22315862,472,id08696
22315862,22316974,1112,id08696
22316974,22317415,441,id08696
22317415,22317876,461,id08696
22317876,22318358,482,id08696
22318358,22318773,415,id08696
22318773,22319137,364,id08696
22319137,22319747,610,id08696
22319747,22320091,344,id08696
22320091,22320813,722,id08696
22320813,22321919,1106,id08696
22321919,22322580,661,id08696
22322580,22323302,722,id08696
22323302,22324219,917,id08696
22324219,22325663,1444,id08696
22325663,22326416,753,id08696
22326416,22326990,574,id08696
22326990,22327933,943,id08696
22327933,22328343,410,id08696
22328343,22328861,518,id08696
22328861,22329435,574,id08696
22329435,22329871,436,id08696
22329871,22330266,395,id08696
22330266,22330994,728,id08696
22330994,22331348,354,id08696
22331348,22332296,948,id08696
22332296,22334519,2223,id08696
22334519,22334847,328,id08696
22334847,22335856,1009,id08696
22335856,22337423,1567,id08696
22337423,22337802,379,id08696
22337802,22338499,697,id08696
22338499,22339232,733,id08696
22339232,22339857,625,id08696
22339857,22342008,2151,id08696
22342008,22342976,968,id08696
22342976,22343570,594,id08696
22343570,22344031,461,id08696
22344031,22344523,492,id08696
22344523,22344892,369,id08696
22344892,22345210,318,id08696
22345210,22346337,1127,id08696
22346337,22347059,722,id08696
22347059,22347397,338,id08696
22347397,22348181,784,id08696
22348181,22348601,420,id08696
22348601,22349139,538,id08696
22349139,22349503,364,id08696
22349503,22350026,523,id08696
22350026,22350866,840,id08696
22350866,22351235,369,id08696
22351235,22351835,600,id08696
22351835,22352240,405,id08696
22352240,22352737,497,id08696
22352737,22353296,559,id08696
22353296,22353665,369,id08696
22353665,22354259,594,id08696
22354259,22354638,379,id08696
22354638,22355417,779,id08696
22355417,22356989,1572,id08696
22356989,22357711,722,id08696
22357711,22358121,410,id08696
22358121,22358541,420,id08696
22358541,22358869,328,id08696
22358869,22359207,338,id08696
22359207,22359791,584,id08696
22359791,22360129,338,id08696
22360129,22360611,482,id08696
22360611,22360990,379,id08696
22360990,22361508,518,id08696
22361508,22361841,333,id08696
22361841,22362338,497,id08696
22362338,22362676,338,id08696
22362676,22363439,763,id08696
22363439,22364095,656,id08696
22364095,22364592,497,id08696
22364592,22365151,559,id08696
22365151,22365576,425,id08696
22365576,22365925,349,id08696
22365925,22366325,400,id08696
22366325,22366653,328,id08696
22366653,22367125,472,id08696
22367125,22367981,856,id08696
22367981,22368386,405,id08696
22368386,22369457,1071,id08696
22369457,22369790,333,id08696
22369790,22370379,589,id08696
22370379,22371194,815,id08696
22371194,22373427,2233,id08696
22373427,22375189,1762,id08696
22375189,22376132,943,id08696
22376132,22376650,518,id08696
22376650,22378094,1444,id08696
22378094,22379590,1496,id08696
22379590,22380021,431,id08696
22380021,22380477,456,id08696
22380477,22380815,338,id08696
22380815,22381486,671,id08696
22381486,22381927,441,id08696
22381927,22382332,405,id08696
22382332,22382932,600,id08696
22382932,22383424,492,id08696
22383424,22383947,523,id08696
22383947,22384337,390,id08696
22384337,22384665,328,id08696
22384665,22385285,620,id08696
22385285,22385854,569,id08696
22385854,22386218,364,id08696
22386218,22386556,338,id08696
22386556,22387186,630,id08696
22387186,22387847,661,id08696
22387847,22388528,681,id08696
22388528,22388918,390,id08696
22388918,22389436,518,id08696
22389436,22389872,436,id08696
22389872,22390477,605,id08696
22390477,22390918,441,id08696
22390918,22391256,338,id08696
22391256,22391615,359,id08696
22391615,22391953,338,id08696
22391953,22392624,671,id08696
22392624,22393367,743,id08696
22393367,22393967,600,id08696
22393967,22394874,907,id08696
22394874,22395515,641,id08696
22395515,22396422,907,id08696
22396422,22396771,349,id08696
22396771,22397330,559,id08696
22397330,22397889,559,id08696
22397889,22398212,323,id08696
22398212,22398545,333,id08696
22398545,22398950,405,id08696
22398950,22399468,518,id08696
22399468,22400221,753,id08696
22400221,22401199,978,id08696
22401199,22401517,318,id08696
22401517,22402065,548,id08696
22402065,22402403,338,id08696
22402403,22402834,431,id08696
22402834,22403684,850,id08696
22403684,22404304,620,id08696
22404304,22404689,385,id08696
22404689,22405027,338,id08696
22405027,22405355,328,id08696
22405355,22405688,333,id08696
22405688,22406113,425,id08696
22406113,22406605,492,id08696
22406605,22407338,733,id08696
22407338,22407697,359,id08696
22407697,22408189,492,id08696
22408189,22408727,538,id08696
22408727,22409234,507,id08696
22409234,22409552,318,id08696
22409552,22409906,354,id08696
22409906,22410454,548,id08696
22410454,22411018,564,id08696
22411018,22411561,543,id08696
22411561,22412017,456,id08696
22412017,22412422,405,id08696
22412422,22412883,461,id08696
22412883,22413544,661,id08696
22413544,22414118,574,id08696
22414118,22414533,415,id08696
22414533,22414851,318,id08696
22414851,22415287,436,id08696
22415287,22415646,359,id08696
22415646,22416041,395,id08696
22416041,22416548,507,id08696
22416548,22417173,625,id08696
22417173,22417645,472,id08696
22417645,22417963,318,id08696
22417963,22418281,318,id08696
22418281,22418799,518,id08696
22418799,22419265,466,id08701
22419265,22419885,620,id08701
22419885,22420541,656,id08701
22420541,22421279,738,id08701
22421279,22422247,968,id08701
22422247,22423138,891,id08701
22423138,22423599,461,id08701
22423599,22423937,338,id08701
22423937,22424931,994,id08701
22424931,22425986,1055,id08701
22425986,22427410,1424,id08701
22427410,22427743,333,id08701
22427743,22428266,523,id08701
22428266,22429623,1357,id08701
22429623,22430038,415,id08701
22430038,22430494,456,id08701
22430494,22431252,758,id08701
22431252,22431775,523,id08701
22431775,22432564,789,id08701
22432564,22433537,973,id08701
22433537,22434428,891,id08701
22434428,22436123,1695,id08701
22436123,22436467,344,id08701
22436467,22436821,354,id08701
22436821,22437794,973,id08701
22437794,22439730,1936,id08701
22439730,22440785,1055,id08701
22440785,22441185,400,id08701
22441185,22441564,379,id08701
22441564,22442025,461,id08701
22442025,22442635,610,id08701
22442635,22443040,405,id08701
22443040,22443460,420,id08701
22443460,22444705,1245,id08701
22444705,22445238,533,id08701
22445238,22445653,415,id08701
22445653,22446509,856,id08701
22446509,22446827,318,id08701
22446827,22448010,1183,id08701
22448010,22448620,610,id08701
22448620,22449061,441,id08701
22449061,22449599,538,id08701
22449599,22450224,625,id08701
22450224,22451622,1398,id08701
22451622,22452068,446,id08701
22452068,22452575,507,id08701
22452575,22453011,436,id08701
22453011,22453780,769,id08701
22453780,22454195,415,id08701
22454195,22454569,374,id08701
22454569,22455425,856,id08701
22455425,22457177,1752,id08701
22457177,22458263,1086,id08701
22458263,22458914,651,id08701
22458914,22459601,687,id08701
22459601,22460221,620,id08701
22460221,22462019,1798,id08701
22462019,22463515,1496,id08701
22463515,22464125,610,id08701
22464125,22466430,2305,id08701
22466430,22466871,441,id08701
22466871,22467394,523,id08701
22467394,22468326,932,id08701
22468326,22469182,856,id08701
22469182,22470237,1055,id08701
22470237,22471768,1531,id08701
22471768,22472695,927,id08701
22472695,22473023,328,id08701
22473023,22473382,359,id08701
22473382,22473751,369,id08701
22473751,22474243,492,id08701
22474243,22476553,2310,id08701
22476553,22477234,681,id08701
22477234,22477685,451,id08701
22477685,22478612,927,id08701
22478612,22479089,477,id08701
22479089,22479668,579,id08701
22479668,22480718,1050,id08701
22480718,22481584,866,id08701
22481584,22482235,651,id08701
22482235,22482870,635,id08701
22482870,22483546,676,id08701
22483546,22483864,318,id08701
22483864,22486911,3047,id08701
22486911,22487767,856,id08701
22487767,22488438,671,id08701
22488438,22488807,369,id08701
22488807,22489192,385,id08701
22489192,22489530,338,id08701
22489530,22490145,615,id08701
22490145,22490473,328,id08701
22490473,22492890,2417,id08701
22492890,22493735,845,id08701
22493735,22494079,344,id08701
22494079,22494551,472,id08701
22494551,22495197,646,id08701
22495197,22495976,779,id08701
22495976,22496780,804,id08701
22496780,22499448,2668,id08701
22499448,22500882,1434,id08701
22500882,22501425,543,id08701
22501425,22502844,1419,id08701
22502844,22503495,651,id08701
22503495,22504038,543,id08701
22504038,22504581,543,id08701
22504581,22505047,466,id08701
22505047,22507055,2008,id08701
22507055,22507496,441,id08701
22507496,22509975,2479,id08701
22509975,22511578,1603,id08701
22511578,22512853,1275,id08701
22512853,22513360,507,id08701
22513360,22514328,968,id08701
22514328,22516223,1895,id08701
22516223,22516592,369,id08701
22516592,22517494,902,id08701
22517494,22518145,651,id08701
22518145,22519072,927,id08701
22519072,22521458,2386,id08701
22521458,22522063,605,id08701
22522063,22522576,513,id08701
22522576,22524353,1777,id08701
22524353,22526739,2386,id08701
22526739,22528378,1639,id08701
22528378,22528768,390,id08701
22528768,22529409,641,id08701
22529409,22530249,840,id08701
22530249,22531407,1158,id08701
22531407,22531776,369,id08701
22531776,22532248,472,id08701
22532248,22533421,1173,id08701
22533421,22534374,953,id08701
22534374,22535178,804,id08701
22535178,22536484,1306,id08701
22536484,22536976,492,id08701
22536976,22537325,349,id08701
22537325,22538790,1465,id08701
22538790,22539221,431,id08701
22539221,22539626,405,id08701
22539626,22539980,354,id08701
22539980,22540667,687,id08701
22540667,22541267,600,id08701
22541267,22542338,1071,id08701
22542338,22542733,395,id08701
22542733,22543573,840,id08701
22543573,22544603,1030,id08701
22544603,22545080,477,id08701
22545080,22545408,328,id08701
22545408,22546484,1076,id08701
22546484,22546817,333,id08701
22546817,22547370,553,id08701
22547370,22547944,574,id08701
22547944,22548288,344,id08701
22548288,22549133,845,id08701
22549133,22549569,436,id08701
22549569,22551274,1705,id08701
22551274,22551648,374,id08701
22551648,22552027,379,id08701
22552027,22552765,738,id08701
22552765,22553231,466,id08701
22553231,22553677,446,id08701
22553677,22554297,620,id08701
22554297,22555255,958,id08701
22555255,22555870,615,id08701
22555870,22556567,697,id08701
22556567,22557090,523,id08701
22557090,22557562,472,id08701
22557562,22558131,569,id08701
22558131,22558597,466,id08701
22558597,22559299,702,id08701
22559299,22559852,553,id08701
22559852,22560405,553,id08701
22560405,22560764,359,id08701
22560764,22561553,789,id08701
22561553,22561891,338,id08701
22561891,22562880,989,id08701
22562880,22563198,318,id08701
22563198,22563654,456,id08701
22563654,22564566,912,id08701
22564566,22565073,507,id08701
22565073,22565565,492,id08701
22565565,22565903,338,id08701
22565903,22566344,441,id08701
22566344,22566938,594,id08701
22566938,22567415,477,id08701
22567415,22567922,507,id08701
22567922,22568250,328,id08701
22568250,22568614,364,id08701
22568614,22568968,354,id08701
22568968,22569783,815,id08701
22569783,22570454,671,id08701
22570454,22570792,338,id08701
22570792,22571212,420,id08701
22571212,22571561,349,id08701
22571561,22572033,472,id08701
22572033,22572453,420,id08701
22572453,22573242,789,id08701
22573242,22573570,328,id08701
22573570,22573924,354,id08701
22573924,22574252,328,id08701
22574252,22574708,456,id08701
22574708,22575180,472,id08701
22575180,22575595,415,id08701
22575595,22576174,579,id08701
22576174,22576518,344,id08701
22576518,22576892,374,id08701
22576892,22577394,502,id08701
22577394,22578091,697,id08701
22578091,22578752,661,id08701
22578752,22579172,420,id08701
22579172,22579526,354,id08701
22579526,22579854,328,id08701
22579854,22580372,518,id08701
22580372,22580716,344,id08701
22580716,22581300,584,id08701
22581300,22582150,850,id08701
22582150,22583067,917,id08701
22583067,22584476,1409,id08701
22584476,22585060,584,id08701
22585060,22586602,1542,id08701
22586602,22587222,620,id08701
22587222,22588523,1301,id08701
22588523,22588872,349,id08701
22588872,22589364,492,id08701
22589364,22589882,518,id08701
22589882,22590261,379,id08701
22590261,22590686,425,id08701
22590686,22591030,344,id08701
22591030,22591921,891,id08701
22591921,22592341,420,id08701
22592341,22592772,431,id08701
22592772,22593172,400,id08701
22593172,22593505,333,id08701
22593505,22593828,323,id08701
22593828,22594428,600,id08701
22594428,22594900,472,id08701
22594900,22595310,410,id08701
22595310,22595741,431,id08701
22595741,22596064,323,id08701
22596064,22596730,666,id08701
22596730,22598374,1644,id08701
22598374,22598835,461,id08701
22598835,22599619,784,id08701
22599619,22600254,635,id08701
22600254,22600654,400,id08701
22600654,22601069,415,id08701
22601069,22602175,1106,id08701
22602175,22602780,605,id08701
22602780,22603185,405,id08701
22603185,22603631,446,id08701
22603631,22604220,589,id08701
22604220,22604886,666,id08701
22604886,22606883,1997,id08701
22606883,22607416,533,id08701
22607416,22607908,492,id08701
22607908,22608533,625,id08701
22608533,22609025,492,id08701
22609025,22609384,359,id08701
22609384,22609779,395,id08701
22609779,22611060,1281,id08701
22611060,22611941,881,id08701
22611941,22612812,871,id08701
22612812,22613227,415,id08701
22613227,22613811,584,id08701
22613811,22614170,359,id08701
22614170,22614990,820,id08701
22614990,22615487,497,id08701
22615487,22616527,1040,id08701
22616527,22616896,369,id08701
22616896,22617521,625,id08701
22617521,22617987,466,id08701
22617987,22618853,866,id08701
22618853,22620492,1639,id08701
22620492,22621348,856,id08701
22621348,22621948,600,id08701
22621948,22622281,333,id08701
22622281,22622625,344,id08701
22622625,22623071,446,id08701
22623071,22623783,712,id08701
22623783,22624905,1122,id08701
22624905,22625274,369,id08701
22625274,22625925,651,id08701
22625925,22626535,610,id08701
22626535,22626996,461,id08701
22626996,22627555,559,id08701
22627555,22628574,1019,id08701
22628574,22629235,661,id08701
22629235,22629850,615,id08701
22629850,22630260,410,id08701
22630260,22631075,815,id08701
22631075,22631593,518,id08701
22631593,22632664,1071,id08701
22632664,22633130,466,id08701
22633130,22633479,349,id08701
22633479,22633915,436,id08701
22633915,22634714,799,id08701
22634714,22635759,1045,id08701
22635759,22636789,1030,id08701
22636789,22637752,963,id08701
22637752,22638736,984,id08701
22638736,22639356,620,id08701
22639356,22639776,420,id08701
22639776,22640437,661,id08701
22640437,22640970,533,id08701
22640970,22641406,436,id08701
22641406,22641724,318,id08701
22641724,22642062,338,id08701
22642062,22642493,431,id08701
22642493,22642913,420,id08701
22642913,22643497,584,id08701
22643497,22643928,431,id08701
22643928,22644282,354,id08701
22644282,22644846,564,id08701
22644846,22645190,344,id08701
22645190,22646035,845,id08701
22646035,22647208,1173,id08701
22647208,22647695,487,id08701
22647695,22648151,456,id08701
22648151,22648843,692,id08701
22648843,22649412,569,id08701
22649412,22650099,687,id08701
22650099,22650504,405,id08701
22650504,22650848,344,id08701
22650848,22651401,553,id08701
22651401,22651832,431,id08701
22651832,22652186,354,id08701
22652186,22652857,671,id08701
22652857,22653451,594,id08701
22653451,22653912,461,id08701
22653912,22654409,497,id08701
22654409,22655403,994,id08701
22655403,22657636,2233,id08701
22657636,22658236,600,id08701
22658236,22658615,379,id08701
22658615,22659880,1265,id08701
22659880,22660608,728,id08701
22660608,22661039,431,id08701
22661039,22661956,917,id08701
22661956,22662335,379,id08701
22662335,22662848,513,id08701
22662848,22664318,1470,id08701
22664318,22665076,758,id08701
22665076,22665481,405,id08701
22665481,22665845,364,id08701
22665845,22666214,369,id08701
22666214,22667095,881,id08701
22667095,22667459,364,id08701
22667459,22668233,774,id08701
22668233,22668669,436,id08701
22668669,22669002,333,id08701
22669002,22669412,410,id08701
22669412,22669730,318,id08701
22669730,22670171,441,id08701
22670171,22670525,354,id08701
22670525,22670874,349,id08701
22670874,22671259,385,id08701
22671259,22672263,1004,id08701
22672263,22672755,492,id08701
22672755,22673257,502,id08701
22673257,22673770,513,id08701
22673770,22674103,333,id08701
22674103,22674472,369,id08701
22674472,22675276,804,id08701
22675276,22677304,2028,id08701
22677304,22677755,451,id08701
22677755,22678083,328,id08701
22678083,22678462,379,id08701
22678462,22678800,338,id08701
22678800,22679415,615,id08701
22679415,22680829,1414,id08701
22680829,22681679,850,id08701
22681679,22682314,635,id08701
22682314,22682642,328,id08701
22682642,22682986,344,id08701
22682986,22683801,815,id08701
22683801,22684462,661,id08701
22684462,22685645,1183,id08701
22685645,22686152,507,id08701
22686152,22686972,820,id08701
22686972,22687802,830,id08701
22687802,22688381,579,id08701
22688381,22688730,349,id08701
22688730,22689283,553,id08701
22689283,22689683,400,id08701
22689683,22690636,953,id08701
22690636,22691015,379,id08701
22691015,22691384,369,id08701
22691384,22692163,779,id08701
22692163,22692640,477,id08701
22692640,22693368,728,id08701
22693368,22693732,364,id08701
22693732,22695269,1537,id08701
22695269,22695618,349,id08701
22695618,22696074,456,id08701
22696074,22696730,656,id08701
22696730,22697268,538,id08701
22697268,22697740,472,id08701
22697740,22698206,466,id08701
22698206,22699277,1071,id08701
22699277,22700291,1014,id08701
22700291,22700937,646,id08701
22700937,22701393,456,id08701
22701393,22702418,1025,id08701
22702418,22703816,1398,id08701
22703816,22704185,369,id08701
22704185,22704621,436,id08701
22704621,22705103,482,id08701
22705103,22705575,472,id08701
22705575,22706047,472,id08701
22706047,22706370,323,id08701
22706370,22707630,1260,id08701
22707630,22708015,385,id08701
22708015,22708446,431,id08701
22708446,22708882,436,id08701
22708882,22709738,856,id08701
22709738,22711356,1618,id08701
22711356,22715074,3718,id08701
22715074,22715499,425,id08701
22715499,22716457,958,id08701
22716457,22716990,533,id08701
22716990,22718358,1368,id08701
22718358,22719188,830,id08701
22719188,22719885,697,id08701
22719885,22721222,1337,id08701
22721222,22722195,973,id08701
22722195,22722825,630,id08701
22722825,22723199,374,id08701
22723199,22723619,420,id08701
22723619,22725099,1480,id08701
22725099,22725980,881,id08701
22725980,22726846,866,id08701
22726846,22727850,1004,id08701
22727850,22729125,1275,id08701
22729125,22729694,569,id08701
22729694,22730119,425,id08701
22730119,22731092,973,id08701
22731092,22731671,579,id08701
22731671,22733126,1455,id08701
22733126,22733541,415,id08701
22733541,22733961,420,id08701
22733961,22734340,379,id08701
22734340,22734673,333,id08701
22734673,22735155,482,id08701
22735155,22735826,671,id08701
22735826,22738612,2786,id08701
22738612,22739370,758,id08701
22739370,22739749,379,id08701
22739749,22740697,948,id08701
22740697,22742341,1644,id08701
22742341,22743401,1060,id08701
22743401,22743739,338,id08701
22743739,22744267,528,id08701
22744267,22744856,589,id08701
22744856,22745374,518,id08701
22745374,22745692,318,id08701
22745692,22747177,1485,id08701
22747177,22748432,1255,id08701
22748432,22749103,671,id08701
22749103,22750476,1373,id08701
22750476,22752535,2059,id08701
22752535,22756765,4230,id08701
22756765,22761220,4455,id08701
22761220,22761722,502,id08701
22761722,22762066,344,id08701
22762066,22762481,415,id08701
22762481,22762876,395,id08701
22762876,22763778,902,id08701
22763778,22764439,661,id08701
22764439,22764783,344,id08701
22764783,22765828,1045,id08701
22765828,22766218,390,id08701
22766218,22766971,753,id08701
22766971,22767376,405,id08701
22767376,22768349,973,id08701
22768349,22768780,431,id08701
22768780,22769159,379,id08701
22769159,22769656,497,id08701
22769656,22770076,420,id08701
22770076,22770573,497,id08701
22770573,22771116,543,id08701
22771116,22771792,676,id08701
22771792,22772146,354,id08701
22772146,22772740,594,id08701
22772740,22773222,482,id08701
22773222,22773714,492,id08701
22773714,22774493,779,id08701
22774493,22775113,620,id08701
22775113,22775595,482,id08701
22775595,22776184,589,id08701
22776184,22776599,415,id08701
22776599,22777373,774,id08701
22777373,22777880,507,id08701
22777880,22778229,349,id08701
22778229,22778573,344,id08701
22778573,22779833,1260,id08701
22779833,22780258,425,id08701
22780258,22780776,518,id08701
22780776,22781621,845,id08701
22781621,22782400,779,id08701
22782400,22783250,850,id08701
22783250,22783594,344,id08911
22783594,22784035,441,id08911
22784035,22784384,349,id08911
22784384,22784820,436,id08911
22784820,22785174,354,id08911
22785174,22785492,318,id08911
22785492,22785830,338,id08911
22785830,22786184,354,id08911
22786184,22786773,589,id08911
22786773,22787147,374,id08911
22787147,22787588,441,id08911
22787588,22787967,379,id08911
22787967,22788515,548,id08911
22788515,22788884,369,id08911
22788884,22789253,369,id08911
22789253,22789699,446,id08911
22789699,22790411,712,id08911
22790411,22790826,415,id08911
22790826,22791267,441,id08911
22791267,22791595,328,id08911
22791595,22792230,635,id08911
22792230,22792635,405,id08911
22792635,22792953,318,id08911
22792953,22793322,369,id08911
22793322,22793691,369,id08911
22793691,22794209,518,id08911
22794209,22794691,482,id08911
22794691,22795163,472,id08911
22795163,22795568,405,id08911
22795568,22795958,390,id08911
22795958,22796353,395,id08911
22796353,22796712,359,id08911
22796712,22797665,953,id08911
22797665,22797998,333,id08911
22797998,22798326,328,id08911
22798326,22798644,318,id08911
22798644,22799187,543,id08911
22799187,22799848,661,id08911
22799848,22800407,559,id08911
22800407,22800761,354,id08911
22800761,22801274,513,id08911
22801274,22801638,364,id08911
22801638,22802053,415,id08911
22802053,22802371,318,id08911
22802371,22802945,574,id08911
22802945,22803345,400,id08911
22803345,22803817,472,id08911
22803817,22804370,553,id08911
22804370,22804698,328,id08911
22804698,22805231,533,id08911
22805231,22806030,799,id08911
22806030,22806399,369,id08911
22806399,22806824,425,id08911
22806824,22807424,600,id08911
22807424,22807911,487,id08911
22807911,22808239,328,id08911
22808239,22808711,472,id08911
22808711,22809285,574,id08911
22809285,22809885,600,id08911
22809885,22810500,615,id08911
22810500,22811141,641,id08911
22811141,22811991,850,id08911
22811991,22812314,323,id08911
22812314,22812750,436,id08911
22812750,22813421,671,id08911
22813421,22813754,333,id08911
22813754,22814072,318,id08911
22814072,22814492,420,id08911
22814492,22814815,323,id08911
22814815,22815921,1106,id08911
22815921,22816515,594,id08911
22816515,22817017,502,id08911
22817017,22818195,1178,id08911
22818195,22818615,420,id08911
22818615,22819455,840,id08911
22819455,22820270,815,id08911
22820270,22821254,984,id08911
22821254,22821592,338,id08911
22821592,22822212,620,id08911
22822212,22822791,579,id08911
22822791,22823621,830,id08911
22823621,22824108,487,id08911
22824108,22824472,364,id08911
22824472,22824846,374,id08911
22824846,22825200,354,id08911
22825200,22825851,651,id08911
22825851,22826230,379,id08911
22826230,22826558,328,id08911
22826558,22826896,338,id08911
22826896,22827378,482,id08911
22827378,22827937,559,id08911
22827937,22828301,364,id08911
22828301,22828624,323,id08911
22828624,22828978,354,id08911
22828978,22829455,477,id08911
22829455,22829773,318,id08911
22829773,22830209,436,id08911
22830209,22830860,651,id09017
22830860,22831495,635,id09017
22831495,22832008,513,id09017
22832008,22832393,385,id09017
22832393,22833121,728,id09017
22833121,22833449,328,id09017
22833449,22834228,779,id09017
22834228,22835109,881,id09017
22835109,22835965,856,id09017
22835965,22836365,400,id09017
22836365,22837267,902,id09017
22837267,22838507,1240,id09017
22838507,22838845,338,id09017
22838845,22839199,354,id09017
22839199,22839911,712,id09017
22839911,22840270,359,id09017
22840270,22841069,799,id09017
22841069,22841454,385,id09017
22841454,22841803,349,id09017
22841803,22842147,344,id09017
22842147,22842511,364,id09017
22842511,22843223,712,id09017
22843223,22843587,364,id09017
22843587,22844402,815,id09017
22844402,22845012,610,id09017
22845012,22845530,518,id09017
22845530,22846063,533,id09017
22846063,22846622,559,id09017
22846622,22846960,338,id09017
22846960,22847339,379,id09017
22847339,22847811,472,id09017
22847811,22848144,333,id09017
22848144,22848984,840,id09017
22848984,22849333,349,id09017
22849333,22849984,651,id09017
22849984,22850660,676,id09017
22850660,22851029,369,id09017
22851029,22851485,456,id09017
22851485,22851895,410,id09017
22851895,22852254,359,id09017
22852254,22852843,589,id09017
22852843,22853361,518,id09017
22853361,22853715,354,id09017
22853715,22854668,953,id09017
22854668,22855124,456,id09017
22855124,22856005,881,id09017
22856005,22856415,410,id09017
22856415,22857337,922,id09017
22857337,22857783,446,id09017
22857783,22858869,1086,id09017
22858869,22859801,932,id09017
22859801,22860242,441,id09017
22860242,22860790,548,id09017
22860790,22861169,379,id09017
22861169,22861523,354,id09017
22861523,22862107,584,id09017
22862107,22862481,374,id09017
22862481,22863209,728,id09017
22863209,22863578,369,id09017
22863578,22863957,379,id09017
22863957,22864475,518,id09017
22864475,22864957,482,id09017
22864957,22865546,589,id09017
22865546,22866094,548,id09017
22866094,22866617,523,id09017
22866617,22867237,620,id09017
22867237,22867591,354,id09017
22867591,22868575,984,id09017
22868575,22869472,897,id09017
22869472,22869836,364,id09017
22869836,22870702,866,id09017
22870702,22871056,354,id09017
22871056,22871906,850,id09017
22871906,22872659,753,id09017
22872659,22873637,978,id09017
22873637,22874662,1025,id09017
22874662,22875149,487,id09017
22875149,22875580,431,id09017
22875580,22876763,1183,id09017
22876763,22877183,420,id09017
22877183,22877552,369,id09017
22877552,22877880,328,id09017
22877880,22878408,528,id09017
22878408,22878818,410,id09017
22878818,22879259,441,id09017
22879259,22880232,973,id09017
22880232,22880806,574,id09017
22880806,22881237,431,id09017
22881237,22882103,866,id09017
22882103,22882523,420,id09017
22882523,22883204,681,id09017
22883204,22883614,410,id09017
22883614,22884782,1168,id09017
22884782,22885510,728,id09017
22885510,22886084,574,id09017
22886084,22886832,748,id09017
22886832,22887150,318,id09017
22887150,22887959,809,id09017
22887959,22888584,625,id09017
22888584,22890617,2033,id09017
22890617,22891232,615,id09017
22891232,22891632,400,id09017
22891632,22892022,390,id09017
22892022,22893205,1183,id09017
22893205,22894363,1158,id09017
22894363,22895116,753,id09017
22895116,22895941,825,id09017
22895941,22897145,1204,id09017
22897145,22898497,1352,id09017
22898497,22899527,1030,id09017
22899527,22899947,420,id09017
22899947,22900608,661,id09017
22900608,22901141,533,id09017
22901141,22901510,369,id09017
22901510,22901854,344,id09017
22901854,22902203,349,id09017
22902203,22902582,379,id09017
22902582,22903038,456,id09017
22903038,22903556,518,id09017
22903556,22903966,410,id09017
22903966,22904893,927,id09017
22904893,22905365,472,id09017
22905365,22905780,415,id09017
22905780,22906195,415,id09017
22906195,22906856,661,id09017
22906856,22907297,441,id09017
22907297,22907687,390,id09017
22907687,22908066,379,id09017
22908066,22908732,666,id09017
22908732,22909198,466,id09017
22909198,22909547,349,id09017
22909547,22910234,687,id09017
22910234,22911238,1004,id09017
22911238,22911710,472,id09017
22911710,22912248,538,id09017
22912248,22912597,349,id09017
22912597,22913002,405,id09017
22913002,22913402,400,id09017
22913402,22913807,405,id09017
22913807,22914586,779,id09017
22914586,22916466,1880,id09017
22916466,22917649,1183,id09017
22917649,22918044,395,id09017
22918044,22918628,584,id09017
22918628,22919069,441,id09017
22919069,22919576,507,id09017
22919576,22920160,584,id09017
22920160,22920606,446,id09017
22920606,22921134,528,id09017
22921134,22921467,333,id09017
22921467,22922036,569,id09017
22922036,22922421,385,id09017
22922421,22922841,420,id09017
22922841,22923169,328,id09017
22923169,22923722,553,id09017
22923722,22924086,364,id09017
22924086,22924747,661,id09017
22924747,22925208,461,id09017
22925208,22925843,635,id09017
22925843,22926161,318,id09017
22926161,22926566,405,id09017
22926566,22927145,579,id09017
22927145,22927463,318,id09017
22927463,22927899,436,id09017
22927899,22928299,400,id09017
22928299,22928678,379,id09017
22928678,22929006,328,id09017
22929006,22930025,1019,id09017
22930025,22930394,369,id09017
22930394,22930840,446,id09017
22930840,22931271,431,id09017
22931271,22931625,354,id09017
22931625,22932091,466,id09017
22932091,22932993,902,id09017
22932993,22933321,328,id09017
22933321,22933859,538,id09017
22933859,22934418,559,id09017
22934418,22935038,620,id09017
22935038,22935709,671,id09017
22935709,22936047,338,id09017
22936047,22936385,338,id09017
22936385,22936913,528,id09017
22936913,22937528,615,id09017
22937528,22937907,379,id09017
22937907,22938373,466,id09017
22938373,22938865,492,id09017
22938865,22939275,410,id09017
22939275,22939598,323,id09017
22939598,22939962,364,id09017
22939962,22940469,507,id09017
22940469,22940900,431,id09017
22940900,22941295,395,id09017
22941295,22941843,548,id09017
22941843,22943461,1618,id09017
22943461,22944235,774,id09017
22944235,22944579,344,id09017
22944579,22944902,323,id09017
22944902,22945302,400,id09017
22945302,22945794,492,id09017
22945794,22946388,594,id09017
22946388,22947162,774,id09017
22947162,22947756,594,id09017
22947756,22948366,610,id09017
22948366,22948971,605,id09017
22948971,22949545,574,id09017
22949545,22950052,507,id09017
22950052,22950636,584,id09017
22950636,22951169,533,id09017
22951169,22951502,333,id09017
22951502,22952025,523,id09017
22952025,22952584,559,id09017
22952584,22952948,364,id09017
22952948,22953420,472,id09017
22953420,22953933,513,id09017
22953933,22954881,948,id09017
22954881,22955271,390,id09017
22955271,22955609,338,id09017
22955609,22956582,973,id09017
22956582,22957151,569,id09017
22957151,22957802,651,id09017
22957802,22958222,420,id09017
22958222,22959047,825,id09017
22959047,22959380,333,id09017
22959380,22959800,420,id09017
22959800,22960133,333,id09017
22960133,22960845,712,id09017
22960845,22961368,523,id09017
22961368,22961763,395,id09017
22961763,22962578,815,id09017
22962578,22963085,507,id09017
22963085,22963541,456,id09017
22963541,22963956,415,id09017
22963956,22965114,1158,id09017
22965114,22965739,625,id09017
22965739,22966083,344,id09017
22966083,22966549,466,id09017
22966549,22967015,466,id09017
22967015,22967333,318,id09017
22967333,22967651,318,id09017
22967651,22968005,354,id09017
22968005,22968794,789,id09017
22968794,22969168,374,id09017
22969168,22969640,472,id09017
22969640,22970091,451,id09017
22970091,22971172,1081,id09017
22971172,22971833,661,id09017
22971833,22972520,687,id09017
22972520,22972920,400,id09017
22972920,22973320,400,id09017
22973320,22974048,728,id09017
22974048,22974448,400,id09017
22974448,22975488,1040,id09017
22975488,22975903,415,id09017
22975903,22976334,431,id09017
22976334,22977210,876,id09017
22977210,22978137,927,id09017
22978137,22978609,472,id09017
22978609,22979178,569,id09017
22979178,22979793,615,id09017
22979793,22980428,635,id09017
22980428,22980761,333,id09017
22980761,22981279,518,id09017
22981279,22981658,379,id09017
22981658,22982012,354,id09017
22982012,22982402,390,id09017
22982402,22984020,1618,id09017
22984020,22984886,866,id09017
22984886,22985204,318,id09017
22985204,22986828,1624,id09017
22986828,22987156,328,id09017
22987156,22987971,815,id09017
22987971,22988315,344,id09017
22988315,22988674,359,id09017
22988674,22989028,354,id09017
22989028,22989571,543,id09017
22989571,22990089,518,id09017
22990089,22991032,943,id09017
22991032,22992328,1296,id09017
22992328,22992672,344,id09017
22992672,22993113,441,id09017
22993113,22994071,958,id09017
22994071,22995377,1306,id09017
22995377,22995951,574,id09017
22995951,22996279,328,id09017
22996279,22997426,1147,id09017
22997426,22997826,400,id09017
22997826,22998743,917,id09017
22998743,22999061,318,id09017
22999061,23000086,1025,id09017
23000086,23001157,1071,id09017
23001157,23001572,415,id09017
23001572,23001910,338,id09017
23001910,23002607,697,id09017
23002607,23003002,395,id09017
23003002,23003596,594,id09017
23003596,23005803,2207,id09017
23005803,23007089,1286,id09017
23007089,23007535,446,id09017
23007535,23008503,968,id09017
23008503,23009650,1147,id09017
23009650,23009994,344,id09017
23009994,23010998,1004,id09017
23010998,23011418,420,id09017
23011418,23012366,948,id09017
23012366,23012899,533,id09017
23012899,23014011,1112,id09017
23014011,23014401,390,id09017
23014401,23014745,344,id09017
23014745,23015345,600,id09017
23015345,23015986,641,id09017
23015986,23016534,548,id09017
23016534,23016903,369,id09017
23016903,23017359,456,id09017
23017359,23017697,338,id09017
23017697,23018066,369,id09017
23018066,23018507,441,id09017
23018507,23018825,318,id09017
23018825,23019419,594,id09017
23019419,23020500,1081,id09017
23020500,23020982,482,id09017
23020982,23021479,497,id09017
23021479,23023179,1700,id09017
23023179,23025868,2689,id09017
23025868,23026201,333,id09017
23026201,23026534,333,id09017
23026534,23027144,610,id09017
23027144,23027713,569,id09017
23027713,23028159,446,id09017
23028159,23028564,405,id09017
23028564,23029169,605,id09017
23029169,23029651,482,id09017
23029651,23029995,344,id09017
23029995,23030318,323,id09017
23030318,23030718,400,id09017
23030718,23031118,400,id09017
23031118,23031487,369,id09017
23031487,23031994,507,id09017
23031994,23032988,994,id09017
23032988,23033664,676,id09017
23033664,23035119,1455,id09017
23035119,23035703,584,id09017
23035703,23036277,574,id09017
23036277,23036964,687,id09017
23036964,23037615,651,id09017
23037615,23038665,1050,id09017
23038665,23039321,656,id09017
23039321,23039921,600,id09017
23039921,23041324,1403,id09017
23041324,23041719,395,id09017
23041719,23042329,610,id09017
23042329,23043691,1362,id09017
23043691,23044454,763,id09017
23044454,23045028,574,id09017
23045028,23045976,948,id09017
23045976,23046350,374,id09017
23046350,23047231,881,id09017
23047231,23047559,328,id09017
23047559,23047897,338,id09017
23047897,23048543,646,id09017
23048543,23049752,1209,id09017
