MFCC_start,MFCC_end,MFCC_length,Speaker
0,219,219,SA1
219,434,215,SX68
434,727,293,SA1
727,902,175,SI1694
902,1232,330,SX346
1232,1686,454,SI1447
1686,1923,237,SX68
1923,2114,191,SX238
2114,2339,225,SI793
2339,2614,275,SX88
2614,2867,253,SI1806
2867,3042,175,SX130
3042,3294,252,SA2
3294,3456,162,SX30
3456,3728,272,SI2167
3728,3977,249,SX377
3977,4182,205,SX157
4182,4467,285,SX341
4467,4678,211,SI2069
4678,4860,182,SI1374
4860,5083,223,SX144
5083,5312,229,SI1772
5312,5572,260,SX330
5572,5779,207,SA2
5779,6008,229,SX169
6008,6281,273,SI1324
6281,6447,166,SX111
6447,6653,206,SI2235
6653,6809,156,SX90
6809,7080,271,SX54
7080,7388,308,SI1113
7388,7614,226,SX345
7614,7830,216,SX264
7830,7960,130,SX177
7960,8266,306,SA1
8266,8746,480,SI1306
8746,9089,343,SI1712
9089,9434,345,SX333
9434,9599,165,SX177
9599,9780,181,SX237
9780,9984,204,SI1907
9984,10223,239,SX351
10223,10415,192,SI1922
10415,10591,176,SX35
10591,10812,221,SX397
10812,11092,280,SX156
11092,11294,202,SI1931
11294,11540,246,SA2
11540,11734,194,SX112
11734,11986,252,SX423
11986,12307,321,SX367
12307,12584,277,SX122
12584,12919,335,SX336
12919,13128,209,SX325
13128,13309,181,SI1925
13309,13559,250,SI2060
13559,13764,205,SX358
13764,14045,281,SX122
14045,14204,159,SX27
14204,14454,250,SX326
14454,14760,306,SI2268
14760,14992,232,SI668
14992,15302,310,SI651
15302,15381,79,SI1658
15381,15588,207,SI877
15588,15998,410,SI637
15998,16367,369,SX166
16367,16571,204,SI1119
16571,16819,248,SX288
16819,17080,261,SI1875
17080,17330,250,SX401
17330,17524,194,SA2
17524,17762,238,SX52
17762,17973,211,SI487
17973,18348,375,SI805
18348,18593,245,SX248
18593,18764,171,SX30
18764,18967,203,SX79
18967,19214,247,SI1831
19214,19393,179,SX441
19393,19581,188,SI1067
19581,19971,390,SI1271
19971,20311,340,SI2150
20311,20524,213,SX131
20524,20775,251,SX164
20775,20947,172,SI1238
20947,21125,178,SI1668
21125,21384,259,SI907
21384,21642,258,SX395
21642,21837,195,SX419
21837,22030,193,SX186
22030,22260,230,SA2
22260,22437,177,SX248
22437,22794,357,SX435
22794,22956,162,SX307
22956,23227,271,SX329
23227,23522,295,SX178
23522,23763,241,SA2
23763,24026,263,SX178
24026,24229,203,SX302
24229,24446,217,SA2
24446,24647,201,SI1728
24647,25009,362,SX335
25009,25209,200,SI681
25209,25578,369,SX153
25578,25955,377,SX175
25955,26148,193,SX22
26148,26514,366,SX220
26514,26738,224,SA2
26738,27118,380,SI796
27118,27319,201,SX261
27319,27503,184,SX114
27503,27676,173,SX303
27676,28016,340,SI1255
28016,28202,186,SI2156
28202,28451,249,SX255
28451,28682,231,SA2
28682,28847,165,SX127
28847,29130,283,SI1778
29130,29418,288,SX442
29418,29690,272,SX342
29690,30100,410,SA1
30100,30286,186,SX78
30286,30585,299,SA1
30585,30778,193,SX399
30778,31020,242,SX60
31020,31258,238,SI515
31258,31427,169,SI652
31427,31663,236,SX362
31663,31921,258,SX18
31921,32144,223,SX448
32144,32356,212,SI1944
32356,32608,252,SX431
32608,32791,183,SX322
32791,33021,230,SA2
33021,33218,197,SX397
33218,33441,223,SI1042
33441,33646,205,SX159
33646,33974,328,SI636
33974,34192,218,SX156
34192,34533,341,SI482
34533,34742,209,SX211
34742,34988,246,SX64
34988,35193,205,SI1769
35193,35452,259,SA2
35452,35742,290,SX435
35742,36085,343,SX331
36085,36303,218,SX234
36303,36487,184,SI1876
36487,36633,146,SX196
36633,36831,198,SX270
36831,37038,207,SA1
37038,37246,208,SA2
37246,37645,399,SI604
37645,37930,285,SI536
37930,38199,269,SA1
38199,38441,242,SX218
38441,38726,285,SX63
38726,38886,160,SX21
38886,39138,252,SI1505
39138,39392,254,SA1
39392,39672,280,SX444
39672,39915,243,SX56
39915,40218,303,SI744
40218,40473,255,SA1
40473,40715,242,SA2
40715,41101,386,SI1428
41101,41440,339,SI945
41440,41798,358,SI682
41798,42156,358,SI2052
42156,42479,323,SX176
42479,42757,278,SI851
42757,42981,224,SX300
42981,43252,271,SX222
43252,43457,205,SA2
43457,43733,276,SA1
43733,43973,240,SA2
43973,44231,258,SI806
44231,44432,201,SX111
44432,44593,161,SX42
44593,44852,259,SI1211
44852,45201,349,SI1342
45201,45482,281,SA2
45482,45782,300,SI1801
45782,45987,205,SI1955
45987,46516,529,SI1432
46516,46699,183,SX300
46699,47017,318,SX58
47017,47212,195,SX340
47212,47479,267,SX342
47479,47688,209,SI1862
47688,47920,232,SX24
47920,48085,165,SI2264
48085,48380,295,SX219
48380,48760,380,SI2021
48760,49078,318,SX181
49078,49277,199,SX238
49277,49536,259,SI699
49536,49764,228,SA1
49764,49995,231,SX135
49995,50332,337,SA1
50332,50509,177,SX31
50509,50729,220,SX443
50729,50949,220,SX376
50949,51222,273,SA1
51222,51360,138,SI2319
51360,51730,370,SX321
51730,52103,373,SA2
52103,52312,209,SI1575
52312,52634,322,SX431
52634,52853,219,SA1
52853,53080,227,SX45
53080,53199,119,SI557
53199,53386,187,SX31
53386,53668,282,SX256
53668,53908,240,SX260
53908,54121,213,SX85
54121,54270,149,SX27
54270,54525,255,SI1320
54525,54859,334,SI2020
54859,55210,351,SX170
55210,55488,278,SA1
55488,55772,284,SX433
55772,56059,287,SA2
56059,56323,264,SX77
56323,56442,119,SX231
56442,56588,146,SI1636
56588,56834,246,SX397
56834,57019,185,SX391
57019,57189,170,SX204
57189,57441,252,SX75
57441,57807,366,SX349
57807,58107,300,SI1802
58107,58311,204,SA2
58311,58601,290,SX424
58601,58840,239,SA1
58840,59155,315,SI753
59155,59365,210,SX74
59365,59539,174,SX75
59539,59738,199,SX322
59738,60092,354,SI1756
60092,60338,246,SX340
60338,60478,140,SX187
60478,60728,250,SI2195
60728,61006,278,SX41
61006,61370,364,SI1692
61370,61591,221,SX35
61591,61854,263,SX17
61854,62117,263,SI990
62117,62332,215,SI1682
62332,62582,250,SX271
62582,62794,212,SI1774
62794,63105,311,SI609
63105,63315,210,SX296
63315,63431,116,SI2234
63431,63694,263,SI1442
63694,63955,261,SI1600
63955,64043,88,SX231
64043,64330,287,SA1
64330,64592,262,SA2
64592,64791,199,SA2
64791,64982,191,SA2
64982,65150,168,SX217
65150,65361,211,SX434
65361,65576,215,SI1893
65576,65816,240,SA1
65816,66124,308,SX430
66124,66364,240,SI1762
66364,66572,208,SI1874
66572,66918,346,SA1
66918,67133,215,SX158
67133,67320,187,SA2
67320,67534,214,SA2
67534,67771,237,SA2
67771,68032,261,SX242
68032,68365,333,SI1326
68365,68560,195,SX204
68560,68790,230,SX418
68790,68953,163,SI1511
68953,69422,469,SI895
69422,69589,167,SI463
69589,69822,233,SX147
69822,70023,201,SA2
70023,70477,454,SI2131
70477,70871,394,SI1966
70871,71029,158,SI713
71029,71252,223,SX183
71252,71627,375,SI1458
71627,71857,230,SA2
71857,72201,344,SI1433
72201,72392,191,SX182
72392,72579,187,SX344
72579,72825,246,SI1456
72825,73185,360,SX362
73185,73426,241,SI1974
73426,73635,209,SA2
73635,73839,204,SI2321
73839,74120,281,SX212
74120,74352,232,SA2
74352,74547,195,SX33
74547,74858,311,SX437
74858,75122,264,SX448
75122,75461,339,SX398
75461,75833,372,SI1455
75833,76015,182,SX296
76015,76244,229,SA1
76244,76440,196,SX390
76440,76547,107,SI2130
76547,76831,284,SX451
76831,77053,222,SI750
77053,77296,243,SX376
77296,77463,167,SX33
77463,77573,110,SI1973
77573,77965,392,SX352
77965,78144,179,SI1171
78144,78270,126,SI1506
78270,78494,224,SA2
78494,78757,263,SI759
78757,78981,224,SX51
78981,79161,180,SX325
79161,79386,225,SX89
79386,79736,350,SA1
79736,80025,289,SA1
80025,80228,203,SX33
80228,80429,201,SA2
80429,80716,287,SI2037
80716,80871,155,SX177
80871,81214,343,SI861
81214,81452,238,SX262
81452,81828,376,SI661
81828,82092,264,SI687
82092,82235,143,SX257
82235,82493,258,SX179
82493,82684,191,SX303
82684,82931,247,SI751
82931,83257,326,SX333
83257,83525,268,SA1
83525,83877,352,SX432
83877,83994,117,SI1576
83994,84194,200,SX71
84194,84507,313,SX450
84507,84768,261,SX268
84768,85091,323,SI2187
85091,85348,257,SA1
85348,85517,169,SI914
85517,85778,261,SA2
85778,85974,196,SA2
85974,86249,275,SX414
86249,86504,255,SA2
86504,86727,223,SX222
86727,86948,221,SI1242
86948,87221,273,SI1873
87221,87522,301,SX439
87522,87890,368,SX362
87890,88140,250,SA2
88140,88389,249,SX265
88389,88900,511,SX438
88900,89123,223,SX79
89123,89310,187,SI2322
89310,89480,170,SA2
89480,89783,303,SA2
89783,90031,248,SI1027
90031,90242,211,SX337
90242,90512,270,SA1
90512,90706,194,SX252
90706,90930,224,SA1
90930,91182,252,SA2
91182,91419,237,SX211
91419,91615,196,SX157
91615,91877,262,SA1
91877,92134,257,SA1
92134,92306,172,SX266
92306,92593,287,SX301
92593,92946,353,SI1250
92946,93313,367,SI960
93313,93564,251,SI1740
93564,93767,203,SX187
93767,94162,395,SI575
94162,94403,241,SX84
94403,94641,238,SX417
94641,94837,196,SI1393
94837,95079,242,SX180
95079,95363,284,SI1385
95363,95596,233,SX69
95596,95863,267,SX169
95863,96093,230,SX331
96093,96228,135,SX237
96228,96475,247,SX213
96475,96751,276,SX321
96751,97130,379,SX136
97130,97362,232,SI1509
97362,97588,226,SX112
97588,97854,266,SX418
97854,98039,185,SI1277
98039,98240,201,SA2
98240,98440,200,SI2032
98440,98646,206,SX198
98646,98851,205,SA1
98851,99028,177,SX277
99028,99373,345,SI1854
99373,99602,229,SI1438
99602,99909,307,SI758
99909,100219,310,SI1485
100219,100592,373,SA1
100592,101007,415,SI2198
101007,101292,285,SA2
101292,101518,226,SA1
101518,101802,284,SI2007
101802,102040,238,SI599
102040,102209,169,SA2
102209,102441,232,SX392
102441,102623,182,SI1345
102623,102832,209,SX262
102832,103000,168,SI2094
103000,103198,198,SI597
103198,103393,195,SA2
103393,103633,240,SI2252
103633,103816,183,SX24
103816,104005,189,SX77
104005,104238,233,SX204
104238,104508,270,SX266
104508,104855,347,SI1951
104855,105055,200,SA2
105055,105299,244,SI626
105299,105523,224,SI1351
105523,105828,305,SX171
105828,106096,268,SI1605
106096,106327,231,SX421
106327,106581,254,SA1
106581,106814,233,SX337
106814,107076,262,SI1797
107076,107267,191,SX248
107267,107495,228,SX315
107495,107826,331,SX178
107826,108131,305,SX310
108131,108307,176,SX157
108307,108497,190,SI1793
108497,108758,261,SI1439
108758,109007,249,SX271
109007,109224,217,SA2
109224,109529,305,SX418
109529,109689,160,SX177
109689,109895,206,SX248
109895,110049,154,SI2227
110049,110539,490,SI871
110539,110820,281,SA2
110820,111053,233,SA1
111053,111212,159,SX177
111212,111421,209,SI1486
111421,111654,233,SI2289
111654,111890,236,SA1
111890,112099,209,SX148
112099,112289,190,SX331
112289,112572,283,SX73
112572,112770,198,SA2
112770,113002,232,SI977
113002,113210,208,SA2
113210,113434,224,SX148
113434,113603,169,SI1987
113603,113959,356,SX327
113959,114246,287,SX449
114246,114406,160,SX241
114406,114585,179,SI2331
114585,114891,306,SX174
114891,115165,274,SA1
115165,115352,187,SI1151
115352,115662,310,SX178
115662,115892,230,SI1684
115892,116153,261,SX60
116153,116338,185,SI588
116338,116692,354,SI1957
116692,116965,273,SA1
116965,117136,171,SI876
117136,117294,158,SX93
117294,117502,208,SI1252
117502,117668,166,SX355
117668,117942,274,SX321
117942,118178,236,SA2
118178,118373,195,SI1565
118373,118558,185,SI2154
118558,118943,385,SI737
118943,119165,222,SA2
119165,119340,175,SX255
119340,119456,116,SX17
119456,119706,250,SA2
119706,119934,228,SI1671
119934,120141,207,SX285
120141,120412,271,SX321
120412,120612,200,SI717
120612,120900,288,SA1
120900,121144,244,SI1755
121144,121377,233,SA2
121377,121578,201,SA2
121578,121831,253,SA2
121831,122026,195,SX26
122026,122342,316,SI1507
122342,122744,402,SI864
122744,122932,188,SA1
122932,123240,308,SA1
123240,123567,327,SX120
123567,123755,188,SX86
123755,123996,241,SI1332
123996,124217,221,SI762
124217,124396,179,SX86
124396,124573,177,SX405
124573,124823,250,SA1
124823,125066,243,SX163
125066,125321,255,SX41
125321,125586,265,SI1246
125586,125803,217,SI1292
125803,126035,232,SA2
126035,126281,246,SA1
126281,126467,186,SI1074
126467,126875,408,SI1920
126875,127112,237,SX243
127112,127320,208,SI1107
127320,127485,165,SX344
127485,127738,253,SA1
127738,128011,273,SX135
128011,128241,230,SX85
128241,128491,250,SX54
128491,128723,232,SI502
128723,128998,275,SA1
128998,129299,301,SX422
129299,129702,403,SI1339
129702,130073,371,SX449
130073,130349,276,SX277
130349,130521,172,SX157
130521,130821,300,SX167
130821,131076,255,SX331
131076,131242,166,SI1709
131242,131592,350,SX136
131592,131791,199,SI2182
131791,131921,130,SX207
131921,132137,216,SI2108
132137,132523,386,SX311
132523,132793,270,SI1471
132793,132999,206,SI1382
132999,133237,238,SX159
133237,133553,316,SI1050
133553,133890,337,SX324
133890,134017,127,SI1531
134017,134408,391,SI1328
134408,134715,307,SX288
134715,135009,294,SX76
135009,135325,316,SA1
135325,135579,254,SX272
135579,135889,310,SA1
135889,136045,156,SI1654
136045,136332,287,SX260
136332,136469,137,SI1861
136469,136683,214,SI899
136683,137170,487,SI523
137170,137458,288,SA1
137458,137732,274,SA1
137732,138264,532,SI1422
138264,138434,170,SI2092
138434,138687,253,SA1
138687,138940,253,SA1
138940,139077,137,SX21
139077,139375,298,SI1998
139375,139515,140,SX31
139515,139775,260,SA2
139775,140016,241,SA2
140016,140219,203,SX116
140219,140481,262,SI1536
140481,140723,242,SX173
140723,141000,277,SX288
141000,141472,472,SI1163
141472,141833,361,SX171
141833,142062,229,SX197
142062,142267,205,SA2
142267,142533,266,SI2046
142533,142681,148,SX197
142681,142957,276,SX107
142957,143260,303,SI1343
143260,143481,221,SX277
143481,143784,303,SX440
143784,143953,169,SX427
143953,144297,344,SI1051
144297,144538,241,SA1
144538,144749,211,SA1
144749,145047,298,SA1
145047,145323,276,SI605
145323,145477,154,SI1977
145477,145671,194,SX18
145671,145991,320,SI591
145991,146210,219,SI1122
146210,146454,244,SX56
146454,146701,247,SX114
146701,146967,266,SX426
146967,147184,217,SA1
147184,147493,309,SI1155
147493,147699,206,SX81
147699,147838,139,SX3
147838,148067,229,SX441
148067,148338,271,SX7
148338,148544,206,SX285
148544,148733,189,SA2
148733,148971,238,SX169
148971,149227,256,SX309
149227,149407,180,SX86
149407,149580,173,SA2
149580,149782,202,SA2
149782,150073,291,SX350
150073,150271,198,SX386
150271,150466,195,SX148
150466,150672,206,SX91
150672,150875,203,SX308
150875,151044,169,SX445
151044,151373,329,SI589
151373,151604,231,SA2
151604,151937,333,SI1508
151937,152145,208,SX391
152145,152394,249,SX155
152394,152563,169,SX152
152563,152821,258,SA1
152821,153114,293,SI791
153114,153370,256,SX222
153370,153706,336,SA1
153706,153919,213,SA2
153919,154148,229,SI816
154148,154375,227,SA2
154375,154606,231,SX129
154606,154785,179,SI1837
154785,154957,172,SX64
154957,155323,366,SI1110
155323,155677,354,SI1134
155677,156008,331,SI790
156008,156233,225,SX172
156233,156612,379,SI983
156612,156888,276,SA1
156888,157267,379,SI1519
157267,157481,214,SI1187
157481,157651,170,SX64
157651,157810,159,SX195
157810,158044,234,SA2
158044,158295,251,SX348
158295,158476,181,SA2
158476,158743,267,SX154
158743,159129,386,SI1816
159129,159287,158,SI1414
159287,159573,286,SA1
159573,159779,206,SX69
159779,159900,121,SI2244
159900,160128,228,SX302
160128,160336,208,SI2236
160336,160551,215,SX71
160551,160970,419,SI1152
160970,161189,219,SI1261
161189,161412,223,SX265
161412,161645,233,SX316
161645,161845,200,SX147
161845,162068,223,SX159
162068,162344,276,SX54
162344,162512,168,SX269
162512,162639,127,SX3
162639,162970,331,SI1419
162970,163216,246,SA1
163216,163383,167,SX287
163383,163666,283,SI1798
163666,163939,273,SX292
163939,164098,159,SX157
164098,164318,220,SI512
164318,164523,205,SX270
164523,164796,273,SX241
164796,164993,197,SI1905
164993,165249,256,SX239
165249,165453,204,SA2
165453,165679,226,SI2071
165679,165922,243,SX67
165922,166134,212,SA2
166134,166295,161,SX116
166295,166506,211,SA2
166506,166717,211,SX444
166717,166871,154,SI2280
166871,167123,252,SX341
167123,167268,145,SI2306
167268,167472,204,SX213
167472,167729,257,SA1
167729,168044,315,SA1
168044,168545,501,SI1120
168545,168753,208,SX416
168753,169024,271,SX152
169024,169251,227,SI1676
169251,169452,201,SX147
169452,169735,283,SA1
169735,169997,262,SX337
169997,170236,239,SX402
170236,170464,228,SX416
170464,170654,190,SX63
170654,170891,237,SA2
170891,171062,171,SI815
171062,171182,120,SI1641
171182,171376,194,SI480
171376,171643,267,SI1788
171643,171852,209,SX387
171852,172191,339,SI1313
172191,172422,231,SX211
172422,172730,308,SX422
172730,173058,328,SI1411
173058,173259,201,SX271
173259,173426,167,SI555
173426,173635,209,SA2
173635,173898,263,SA2
173898,174113,215,SA1
174113,174306,193,SX399
174306,174493,187,SI1205
174493,174710,217,SX64
174710,175047,337,SI600
175047,175297,250,SA1
175297,175500,203,SX222
175500,175762,262,SA1
175762,176001,239,SA1
176001,176290,289,SX173
176290,176542,252,SX338
176542,176827,285,SX176
176827,177026,199,SI1871
177026,177254,228,SX7
177254,177535,281,SX438
177535,177798,263,SA1
177798,178172,374,SI959
178172,178414,242,SI2281
178414,178679,265,SX151
178679,178915,236,SX123
178915,179102,187,SI1790
179102,179303,201,SX26
179303,179585,282,SA1
179585,179810,225,SA2
179810,180039,229,SX382
180039,180248,209,SA2
180248,180488,240,SA2
180488,180789,301,SX286
180789,180956,167,SX415
180956,181103,147,SX196
181103,181248,145,SI1794
181248,181416,168,SI2035
181416,181716,300,SX38
181716,181976,260,SX362
181976,182283,307,SI1226
182283,182579,296,SX327
182579,182744,165,SX59
182744,182970,226,SI1032
182970,183247,277,SX420
183247,183545,298,SA1
183545,183738,193,SA2
183738,183889,151,SI2314
183889,184031,142,SX207
184031,184247,216,SA2
184247,184446,199,SX402
184446,184842,396,SA1
184842,185105,263,SI1366
185105,185326,221,SX201
185326,185704,378,SI834
185704,185928,224,SI2129
185928,186175,247,SI1297
186175,186552,377,SI1588
186552,186693,141,SX59
186693,186906,213,SX147
186906,187119,213,SI1737
187119,187368,249,SX450
187368,187598,230,SX356
187598,187982,384,SX335
187982,188197,215,SX381
188197,188378,181,SI755
188378,188639,261,SA2
188639,188948,309,SX181
188948,189285,337,SI1752
189285,189587,302,SA2
189587,189841,254,SX442
189841,190054,213,SX197
190054,190387,333,SX336
190387,190682,295,SA1
190682,190948,266,SA2
190948,191288,340,SI1106
191288,191464,176,SX116
191464,191694,230,SX354
191694,191920,226,SX135
191920,192103,183,SX154
192103,192364,261,SX449
192364,192625,261,SI1325
192625,192978,353,SI1076
192978,193372,394,SI658
193372,193683,311,SX160
193683,193902,219,SX259
193902,194084,182,SA2
194084,194297,213,SX74
194297,194534,237,SI2219
194534,194764,230,SI1914
194764,194984,220,SX393
194984,195197,213,SA2
195197,195405,208,SA2
195405,195684,279,SA1
195684,195960,276,SA2
195960,196150,190,SX405
196150,196375,225,SX326
196375,196611,236,SX106
196611,196802,191,SA2
196802,197072,270,SX346
197072,197213,141,SI1607
197213,197562,349,SI516
197562,197765,203,SI1976
197765,197866,101,SX237
197866,198128,262,SX264
198128,198355,227,SX302
198355,198599,244,SX38
198599,198813,214,SI1872
198813,199191,378,SI1889
199191,199479,288,SA2
199479,199716,237,SI585
199716,199941,225,SA1
199941,200052,111,SI1978
200052,200251,199,SX291
200251,200501,250,SA1
200501,200781,280,SX432
200781,201031,250,SA1
201031,201278,247,SA1
201278,201482,204,SX387
201482,201644,162,SI2138
201644,201871,227,SX444
201871,202124,253,SX353
202124,202405,281,SX248
202405,202603,198,SX339
202603,202877,274,SI558
202877,203136,259,SA1
203136,203355,219,SA1
203355,203615,260,SA2
203615,203929,314,SI1139
203929,204297,368,SX432
204297,204537,240,SX337
204537,204809,272,SX428
204809,204960,151,SX86
204960,205187,227,SX305
205187,205364,177,SX415
205364,205520,156,SI2062
205520,205728,208,SX436
205728,205906,178,SX106
205906,206193,287,SA1
206193,206337,144,SI1008
206337,206542,205,SX300
206542,206892,350,SI1098
206892,207156,264,SI1979
207156,207477,321,SA1
207477,207693,216,SA2
207693,207997,304,SX336
207997,208303,306,SX416
208303,208540,237,SX92
208540,208695,155,SI1533
208695,208912,217,SA2
208912,209149,237,SX235
209149,209539,390,SI2282
209539,209787,248,SA1
209787,210051,264,SA1
210051,210240,189,SX246
210240,210436,196,SA2
210436,210659,223,SA2
210659,210936,277,SX247
210936,211177,241,SX218
211177,211347,170,SX31
211347,211540,193,SX391
211540,211811,271,SA1
211811,211895,84,SX70
211895,212200,305,SI2151
212200,212400,200,SX285
212400,212657,257,SX76
212657,212968,311,SI1431
212968,213100,132,SX272
213100,213448,348,SX352
213448,213666,218,SI832
213666,213905,239,SA1
213905,214047,142,SX70
214047,214270,223,SA2
214270,214521,251,SX256
214521,214880,359,SI1075
214880,215080,200,SX245
215080,215344,264,SX164
215344,215594,250,SA2
215594,215843,249,SX219
215843,216089,246,SI684
216089,216257,168,SX30
216257,216529,272,SX435
216529,216748,219,SX400
216748,217023,275,SX92
217023,217246,223,SA1
217246,217468,222,SI1655
217468,217708,240,SX338
217708,217954,246,SX419
217954,218161,207,SX448
218161,218501,340,SI1616
218501,218650,149,SI1941
218650,218845,195,SX105
218845,219095,250,SI1025
219095,219322,227,SA2
219322,219640,318,SX439
219640,219864,224,SX424
219864,220171,307,SA1
220171,220420,249,SX232
220420,220641,221,SX411
220641,220814,173,SX24
220814,221029,215,SA2
221029,221170,141,SI1274
221170,221405,235,SX164
221405,221595,190,SI1245
221595,221845,250,SX244
221845,222056,211,SI847
222056,222254,198,SX245
222254,222412,158,SI1881
222412,222656,244,SI1056
222656,222967,311,SX347
222967,223206,239,SI1982
223206,223518,312,SX58
223518,223828,310,SI655
223828,224017,189,SI1932
224017,224306,289,SA1
224306,224449,143,SI1827
224449,224839,390,SI2101
224839,225098,259,SX117
225098,225413,315,SX352
225413,225759,346,SI880
225759,225959,200,SA2
225959,226129,170,SA2
226129,226336,207,SX69
226336,226601,265,SA1
226601,226783,182,SX71
226783,226986,203,SI1779
226986,227152,166,SX150
227152,227495,343,SX435
227495,227639,144,SI1158
227639,228051,412,SI1571
228051,228262,211,SX57
228262,228474,212,SX240
228474,228633,159,SI2330
228633,228821,188,SI1865
228821,228967,146,SX93
228967,229157,190,SA2
229157,229442,285,SX165
229442,229678,236,SX355
229678,229909,231,SI1135
229909,230076,167,SX207
230076,230369,293,SA2
230369,230745,376,SI892
230745,231149,404,SX335
231149,231400,251,SX121
231400,231648,248,SA1
231648,231933,285,SX153
231933,232130,197,SX263
232130,232485,355,SI808
232485,232700,215,SX355
232700,232951,251,SX360
232951,233134,183,SI1777
233134,233314,180,SX186
233314,233666,352,SX251
233666,233945,279,SI789
233945,234143,198,SA2
234143,234470,327,SI1372
234470,234868,398,SI1429
234868,235075,207,SX334
235075,235220,145,SI2061
235220,235404,184,SI1262
235404,235630,226,SX272
235630,235872,242,SX219
235872,236139,267,SI1286
236139,236410,271,SA1
236410,236658,248,SI809
236658,236906,248,SA2
236906,237055,149,SX24
237055,237278,223,SX265
237278,237496,218,SA2
237496,237720,224,SX443
237720,237894,174,SX26
237894,238314,420,SI1395
238314,238490,176,SX132
238490,238851,361,SI663
238851,239218,367,SX251
239218,239381,163,SX81
239381,239775,394,SI1202
239775,240011,236,SA2
240011,240223,212,SX168
240223,240437,214,SI2217
240437,240607,170,SI1689
240607,240735,128,SI2142
240735,241005,270,SX73
241005,241272,267,SA2
241272,241458,186,SX24
241458,241682,224,SA2
241682,241902,220,SX62
241902,242228,326,SX382
242228,242489,261,SI1677
242489,242637,148,SI1167
242637,242854,217,SA2
242854,243135,281,SX250
243135,243528,393,SI1521
243528,243711,183,SI1028
243711,243940,229,SX182
243940,244185,245,SX222
244185,244405,220,SI1675
244405,244773,368,SI1908
244773,245069,296,SI2206
245069,245298,229,SX421
245298,245668,370,SX357
245668,245900,232,SI1691
245900,246156,256,SA1
246156,246373,217,SI898
246373,246582,209,SX144
246582,246820,238,SX235
246820,246989,169,SI757
246989,247371,382,SI524
247371,247600,229,SX219
247600,247962,362,SA1
247962,248194,232,SI2134
248194,248503,309,SI867
248503,248622,119,SI1470
248622,248806,184,SX163
248806,249063,257,SX141
249063,249300,237,SX221
249300,249570,270,SA1
249570,249796,226,SX40
249796,250067,271,SX245
250067,250336,269,SA1
250336,250552,216,SI1604
250552,250907,355,SI501
250907,251118,211,SX6
251118,251385,267,SI874
251385,251657,272,SI1964
251657,251857,200,SA2
251857,252053,196,SX405
252053,252276,223,SA1
252276,252524,248,SA2
252524,252804,280,SX54
252804,252996,192,SX273
252996,253253,257,SA2
253253,253503,250,SA1
253503,253868,365,SI771
253868,254099,231,SX240
254099,254293,194,SI2146
254293,254456,163,SX225
254456,254737,281,SI807
254737,254964,227,SX15
254964,255154,190,SI2135
255154,255545,391,SI1145
255545,255732,187,SA2
255732,256021,289,SX212
256021,256213,192,SA2
256213,256459,246,SI1552
256459,256652,193,SI2296
256652,256923,271,SI2232
256923,257171,248,SX60
257171,257436,265,SX328
257436,257746,310,SI1377
257746,258019,273,SA1
258019,258238,219,SA1
258238,258530,292,SI1457
258530,258777,247,SX348
258777,258996,219,SA2
258996,259234,238,SX145
259234,259478,244,SX76
259478,259681,203,SX121
259681,259892,211,SA2
259892,260141,249,SX351
260141,260416,275,SX338
260416,260674,258,SX250
260674,261029,355,SI1472
261029,261215,186,SI1017
261215,261489,274,SA1
261489,261707,218,SI1314
261707,261873,166,SX207
261873,262027,154,SX381
262027,262364,337,SI1466
262364,262569,205,SA2
262569,262756,187,SX386
262756,263027,271,SA1
263027,263409,382,SX181
263409,263667,258,SI708
263667,263933,266,SA1
263933,264181,248,SI1137
264181,264308,127,SI1621
264308,264527,219,SI1563
264527,264677,150,SX3
264677,264868,191,SI1497
264868,265114,246,SX351
265114,265310,196,SX35
265310,265549,239,SI1023
265549,265749,200,SX64
265749,266051,302,SI541
266051,266289,238,SA2
266289,266521,232,SI1928
266521,266704,183,SX402
266704,267013,309,SI2056
267013,267392,379,SI1291
267392,267586,194,SA2
267586,267807,221,SX390
267807,268013,206,SI539
268013,268218,205,SI621
268218,268456,238,SX52
268456,268619,163,SI1882
268619,269030,411,SI490
269030,269215,185,SX363
269215,269403,188,SI1661
269403,269642,239,SX39
269642,269917,275,SX398
269917,270162,245,SA1
270162,270365,203,SX46
270365,270584,219,SI971
270584,270783,199,SX131
270783,271176,393,SI792
271176,271330,154,SI1520
271330,271568,238,SA1
271568,271764,196,SI2155
271764,272034,270,SX417
272034,272174,140,SX257
272174,272454,280,SI849
272454,272742,288,SI951
272742,273149,407,SI1464
273149,273450,301,SX448
273450,273618,168,SX16
273618,273876,258,SA1
273876,274209,333,SX120
274209,274467,258,SX15
274467,274696,229,SX285
274696,275076,380,SI879
275076,275412,336,SX160
275412,275669,257,SX167
275669,275888,219,SX61
275888,276071,183,SX377
276071,276292,221,SA1
276292,276584,292,SX117
276584,276824,240,SA2
276824,276905,81,SI2018
276905,277193,288,SX426
277193,277510,317,SX352
277510,277699,189,SX65
277699,277976,277,SX437
277976,278305,329,SX116
278305,278636,331,SA2
278636,278837,201,SI1674
278837,279045,208,SI2158
279045,279323,278,SX423
279323,279677,354,SI1368
279677,279923,246,SX67
279923,280142,219,SX316
280142,280264,122,SI2144
280264,280544,280,SX153
280544,280791,247,SA2
280791,281052,261,SX340
281052,281382,330,SI1312
281382,281909,527,SI714
281909,282126,217,SX85
282126,282313,187,SA2
282313,282576,263,SI1638
282576,282865,289,SX122
282865,283168,303,SA1
283168,283567,399,SI837
283567,283828,261,SA1
283828,284067,239,SA1
284067,284233,166,SX81
284233,284565,332,SI955
284565,284886,321,SA1
284886,285051,165,SX381
285051,285190,139,SX307
285190,285332,142,SX72
285332,285611,279,SX164
285611,285886,275,SX341
285886,286297,411,SX349
286297,286561,264,SI1235
286561,286826,265,SX212
286826,287061,235,SI893
287061,287229,168,SX300
287229,287423,194,SX271
287423,287709,286,SA2
287709,287869,160,SI1702
287869,288094,225,SX57
288094,288324,230,SA2
288324,288595,271,SX259
288595,288854,259,SX412
288854,289169,315,SA2
289169,289333,164,SX393
289333,289675,342,SX166
289675,289837,162,SA2
289837,290090,253,SA2
290090,290404,314,SX309
290404,290668,264,SX122
290668,290838,170,SX127
290838,291092,254,SA1
291092,291214,122,SX59
291214,291462,248,SA1
291462,291761,299,SX446
291761,292049,288,SX258
292049,292328,279,SX328
292328,292504,176,SX85
292504,292614,110,SI2141
292614,292765,151,SX225
292765,293009,244,SA2
293009,293263,254,SX375
293263,293421,158,SX125
293421,293495,74,SX70
293495,293718,223,SX238
293718,294092,374,SI1156
294092,294340,248,SA2
294340,294510,170,SX445
294510,294761,251,SX226
294761,295088,327,SI988
295088,295337,249,SI1517
295337,295574,237,SI930
295574,295805,231,SX186
295805,296134,329,SI1410
296134,296314,180,SA2
296314,296652,338,SX251
296652,296820,168,SI1885
296820,297044,224,SI1799
297044,297416,372,SI1300
297416,297565,149,SI2184
297565,297850,285,SX308
297850,297947,97,SI1949
297947,298231,284,SX343
298231,298441,210,SA2
298441,298616,175,SX225
298616,298868,252,SX443
298868,299150,282,SI2325
299150,299550,400,SX327
299550,299715,165,SX237
299715,299906,191,SI1618
299906,300158,252,SA1
300158,300398,240,SX243
300398,300655,257,SA1
300655,300885,230,SX443
300885,301096,211,SX83
301096,301247,151,SX182
301247,301429,182,SX42
301429,301609,180,SX86
301609,301959,350,SX327
301959,302073,114,SI1996
302073,302444,371,SI1079
302444,302641,197,SA2
302641,302894,253,SI711
302894,303255,361,SX67
303255,303477,222,SX240
303477,303643,166,SX384
303643,303866,223,SA2
303866,304024,158,SX17
304024,304320,296,SI1082
304320,304522,202,SA2
304522,304777,255,SA2
304777,304968,191,SX87
304968,305198,230,SA2
305198,305510,312,SA2
305510,305682,172,SX249
305682,305878,196,SX308
305878,306081,203,SX158
306081,306236,155,SI2315
306236,306481,245,SX61
306481,306758,277,SX220
306758,306975,217,SA2
306975,307337,362,SI866
307337,307543,206,SI778
307543,307801,258,SX444
307801,308041,240,SA1
308041,308247,206,SX361
308247,308500,253,SI885
308500,308741,241,SA1
308741,308984,243,SI1408
308984,309247,263,SA1
309247,309634,387,SX167
309634,309863,229,SX147
309863,309995,132,SX31
309995,310295,300,SA1
310295,310529,234,SA1
310529,310769,240,SA2
310769,311031,262,SA1
311031,311219,188,SX168
311219,311399,180,SX105
311399,311568,169,SX90
311568,311713,145,SX187
311713,311871,158,SI766
311871,312279,408,SI2230
312279,312569,290,SA1
312569,312786,217,SX395
312786,313112,326,SI509
313112,313266,154,SI645
313266,313545,279,SX234
313545,313810,265,SA1
313810,314072,262,SI2132
314072,314314,242,SX210
314314,314520,206,SX92
314520,314848,328,SA1
314848,315081,233,SX38
315081,315297,216,SA2
315297,315484,187,SI2100
315484,315705,221,SX235
315705,316000,295,SI1589
316000,316200,200,SX117
316200,316462,262,SI1073
316462,316603,141,SX225
316603,316947,344,SI1380
316947,317315,368,SI598
317315,317483,168,SX17
317483,317734,251,SA1
317734,317929,195,SI2124
317929,318222,293,SA1
318222,318534,312,SX215
318534,318725,191,SX354
318725,318890,165,SI594
318890,319069,179,SX72
319069,319501,432,SI712
319501,319900,399,SI1516
319900,320111,211,SA2
320111,320368,257,SX402
320368,320564,196,SX182
320564,320765,201,SX416
320765,321058,293,SI1782
321058,321272,214,SI1693
321272,321450,178,SX254
321450,321634,184,SX421
321634,321952,318,SA1
321952,322194,242,SX144
322194,322407,213,SX40
322407,322691,284,SI1244
322691,323060,369,SX438
323060,323258,198,SI1748
323258,323517,259,SX392
323517,323719,202,SX245
323719,323957,238,SX129
323957,324185,228,SA1
324185,324351,166,SX225
324351,324557,206,SI2152
324557,324898,341,SA1
324898,325198,300,SI1287
325198,325519,321,SX350
325519,325776,257,SX376
325776,326023,247,SX111
326023,326313,290,SI1960
326313,326513,200,SA2
326513,326768,255,SX172
326768,326983,215,SX252
326983,327197,214,SI1995
327197,327310,113,SX202
327310,327545,235,SI956
327545,327663,118,SI1679
327663,327950,287,SI1388
327950,328150,200,SX146
328150,328408,258,SX129
328408,328601,193,SX412
328601,328758,157,SX266
328758,328891,133,SI552
328891,329134,243,SX433
329134,329365,231,SA2
329365,329640,275,SX428
329640,329996,356,SX84
329996,330490,494,SI2066
330490,330779,289,SA1
330779,330987,208,SX395
330987,331372,385,SI483
331372,331642,270,SI704
331642,331880,238,SX332
331880,332161,281,SX178
332161,332414,253,SX392
332414,332679,265,SA1
332679,332854,175,SX21
332854,333207,353,SA1
333207,333479,272,SX332
333479,333782,303,SX239
333782,333947,165,SI1513
333947,334172,225,SA1
334172,334424,252,SA1
334424,334678,254,SA1
334678,334943,265,SX142
334943,335175,232,SA2
335175,335410,235,SX91
335410,335742,332,SX244
335742,336086,344,SI1499
336086,336327,241,SA1
336327,336607,280,SX435
336607,336801,194,SA2
336801,337097,296,SA1
337097,337331,234,SI1613
337331,337643,312,SI984
337643,337865,222,SX378
337865,338020,155,SX196
338020,338213,193,SI1590
338213,338527,314,SA1
338527,338780,253,SA2
338780,339059,279,SX333
339059,339295,236,SA1
339295,339480,185,SA2
339480,339710,230,SI1557
339710,340028,318,SX232
340028,340150,122,SI2269
340150,340425,275,SX367
340425,340649,224,SA2
340649,340929,280,SA1
340929,341205,276,SA1
341205,341441,236,SX287
341441,341707,266,SX84
341707,342023,316,SI1892
342023,342253,230,SX213
342253,342501,248,SX142
342501,342803,302,SX439
342803,343078,275,SI1064
343078,343279,201,SX108
343279,343501,222,SX163
343501,343842,341,SI1443
343842,344075,233,SX386
344075,344326,251,SX419
344326,344459,133,SI1699
344459,344656,197,SA2
344656,344999,343,SX449
344999,345258,259,SX358
345258,345528,270,SX60
345528,345666,138,SI1475
345666,345872,206,SI1148
345872,346106,234,SA2
346106,346366,260,SA2
346366,346654,288,SA2
346654,346970,316,SX343
346970,347185,215,SX180
347185,347306,121,SI1706
347306,347595,289,SI533
347595,347819,224,SX97
347819,348166,347,SI741
348166,348446,280,SX60
348446,348704,258,SI1253
348704,348923,219,SA1
348923,349180,257,SA2
349180,349381,201,SX130
349381,349623,242,SX155
349623,349906,283,SX88
349906,350267,361,SI710
350267,350422,155,SI1637
350422,350627,205,SX39
350627,350910,283,SA1
350910,351090,180,SA2
351090,351355,265,SA1
351355,351744,389,SX349
351744,351941,197,SI1879
351941,352227,286,SX343
352227,352341,114,SI1897
352341,352567,226,SI1642
352567,352778,211,SI1868
352778,353138,360,SI1402
353138,353309,171,SX22
353309,353524,215,SA2
353524,353769,245,SI1646
353769,353981,212,SX105
353981,354246,265,SX221
354246,354520,274,SX149
354520,354697,177,SA2
354697,354922,225,SX376
354922,355078,156,SX425
355078,355246,168,SX252
355246,355435,189,SA2
355435,355700,265,SX417
355700,355876,176,SI721
355876,356103,227,SX52
356103,356317,214,SI1859
356317,356690,373,SA1
356690,357098,408,SA1
357098,357311,213,SI2012
357311,357484,173,SI2226
357484,357911,427,SI1068
357911,358106,195,SI1203
358106,358376,270,SI613
358376,358682,306,SX440
358682,358890,208,SA2
358890,359098,208,SX322
359098,359391,293,SX286
359391,359566,175,SX344
359566,359777,211,SI2335
359777,359995,218,SX419
359995,360213,218,SX37
360213,360480,267,SX439
360480,360621,141,SI786
360621,360830,209,SA2
360830,361208,378,SX350
361208,361423,215,SA2
361423,361646,223,SA2
361646,361912,266,SX338
361912,362157,245,SA2
362157,362374,217,SI468
362374,362635,261,SX449
362635,362856,221,SI2127
362856,363037,181,SX434
363037,363240,203,SA1
363240,363441,201,SX358
363441,363664,223,SX18
363664,363890,226,SX288
363890,364071,181,SX93
364071,364339,268,SX359
364339,364543,204,SX144
364543,364820,277,SA1
364820,365001,181,SX158
365001,365205,204,SX162
365205,365518,313,SX324
365518,365644,126,SX307
365644,365884,240,SX395
365884,366141,257,SA2
366141,366384,243,SX141
366384,366628,244,SX81
366628,366964,336,SI1044
366964,367256,292,SI1071
367256,367457,201,SX254
367457,367704,247,SX267
367704,367904,200,SX393
367904,368170,266,SX211
368170,368392,222,SX151
368392,368601,209,SX46
368601,368804,203,SX429
368804,369050,246,SI1775
369050,369281,231,SX260
369281,369641,360,SA1
369641,369868,227,SX273
369868,370087,219,SA1
370087,370280,193,SX377
370280,370589,309,SA1
370589,370830,241,SX90
370830,371176,346,SI900
371176,371338,162,SX291
371338,371580,242,SX309
371580,371812,232,SX51
371812,371981,169,SX107
371981,372116,135,SI1660
372116,372345,229,SA2
372345,372779,434,SI1225
372779,373179,400,SX420
373179,373368,189,SI2317
373368,373845,477,SX421
373845,374148,303,SX332
374148,374359,211,SX15
374359,374631,272,SX220
374631,374911,280,SI1856
374911,375177,266,SI1767
375177,375398,221,SX32
375398,375703,305,SA2
375703,376094,391,SI1784
376094,376402,308,SA1
376402,376597,195,SI1514
376597,376776,179,SX242
376776,376988,212,SI887
376988,377260,272,SA2
377260,377428,168,SI2221
377428,377697,269,SX88
377697,377872,175,SA2
377872,378084,212,SI1975
378084,378290,206,SX405
378290,378578,288,SI826
378578,378793,215,SI1727
378793,378984,191,SX235
378984,379170,186,SX325
379170,379443,273,SX259
379443,379758,315,SA1
379758,380046,288,SX348
380046,380330,284,SA2
380330,380764,434,SI1311
380764,380980,216,SA1
380980,381179,199,SI2163
381179,381501,322,SX181
381501,381704,203,SX252
381704,382060,356,SI1815
382060,382241,181,SI765
382241,382529,288,SI1358
382529,382715,186,SA2
382715,382926,211,SX154
382926,383143,217,SX378
383143,383501,358,SI746
383501,383719,218,SX447
383719,383861,142,SI2015
383861,384204,343,SA1
384204,384427,223,SI465
384427,384784,357,SI915
384784,385065,281,SX353
385065,385269,204,SX69
385269,385482,213,SX424
385482,385688,206,SA2
385688,386047,359,SX428
386047,386264,217,SX68
386264,386473,209,SA2
386473,386718,245,SA1
386718,386979,261,SX129
386979,387153,174,SI474
387153,387341,188,SA2
387341,387612,271,SA2
387612,387807,195,SI2202
387807,388064,257,SI1062
388064,388273,209,SI777
388273,388434,161,SA2
388434,388717,283,SA1
388717,388903,186,SX128
388903,389085,182,SX386
389085,389339,254,SX397
389339,389594,255,SA1
389594,389815,221,SI2143
389815,390000,185,SA2
390000,390327,327,SX142
390327,390561,234,SX97
390561,390851,290,SI1053
390851,391038,187,SI1766
391038,391222,184,SX427
391222,391503,281,SX258
391503,391813,310,SX441
391813,392130,317,SI572
392130,392512,382,SI1608
392512,392792,280,SX291
392792,393040,248,SA1
393040,393210,170,SA2
393210,393410,200,SX226
393410,393662,252,SX449
393662,393998,336,SI1776
393998,394210,212,SX74
394210,394390,180,SA2
394390,394577,187,SX51
394577,394794,217,SX239
394794,395002,208,SI2137
395002,395275,273,SA2
395275,395466,191,SX51
395466,395702,236,SA2
395702,395889,187,SA2
395889,396055,166,SI2243
396055,396296,241,SX339
396296,396493,197,SX15
396493,396724,231,SX226
396724,396889,165,SX448
396889,397257,368,SI1048
397257,397462,205,SA2
397462,397775,313,SI1298
397775,397976,201,SX310
397976,398292,316,SI2044
398292,398512,220,SX431
398512,398840,328,SI1138
398840,399069,229,SA2
399069,399379,310,SI1751
399379,399568,189,SX305
399568,399751,183,SX116
399751,400049,298,SX149
400049,400321,272,SI906
400321,400594,273,SA1
400594,400815,221,SA2
400815,401095,280,SX345
401095,401328,233,SX141
401328,401672,344,SI615
401672,401935,263,SX434
401935,402041,106,SI2068
402041,402315,274,SX423
402315,402572,257,SX356
402572,402847,275,SX426
402847,403012,165,SX186
403012,403182,170,SX253
403182,403454,272,SA2
403454,403656,202,SX254
403656,403918,262,SX61
403918,404185,267,SX397
404185,404348,163,SX386
404348,404679,331,SX417
404679,404944,265,SA1
404944,405131,187,SA2
405131,405395,264,SX433
405395,405736,341,SX438
405736,405969,233,SI1409
405969,406167,198,SX376
406167,406375,208,SI1745
406375,406562,187,SX255
406562,406830,268,SA1
406830,407041,211,SA2
407041,407253,212,SX197
407253,407383,130,SI1972
407383,407751,368,SI715
407751,407916,165,SA2
407916,408098,182,SX125
408098,408363,265,SA1
408363,408594,231,SI1284
408594,409052,458,SI650
409052,409258,206,SX180
409258,409553,295,SA2
409553,409758,205,SX57
409758,409960,202,SX35
409960,410343,383,SI938
410343,410491,148,SI1295
410491,410766,275,SX439
410766,410951,185,SX90
410951,411230,279,SI1096
411230,411516,286,SX181
411516,411780,264,SA2
411780,411920,140,SI2328
411920,412412,492,SI1337
412412,412772,360,SI980
412772,412948,176,SX116
412948,413275,327,SX181
413275,413506,231,SX7
413506,413727,221,SI2211
413727,413914,187,SA2
413914,414133,219,SX66
414133,414310,177,SX305
414310,414584,274,SX122
414584,414847,263,SX243
414847,415094,247,SX434
415094,415260,166,SX26
415260,415526,266,SX171
415526,415745,219,SA2
415745,415964,219,SA2
415964,416161,197,SX303
416161,416354,193,SA2
416354,416583,229,SX252
416583,416686,103,SI1878
416686,417101,415,SI1334
417101,417300,199,SX77
417300,417689,389,SX176
417689,417852,163,SX17
417852,418114,262,SX422
418114,418267,153,SX391
418267,418462,195,SX415
418462,418677,215,SX273
418677,418825,148,SI1764
418825,419168,343,SX174
419168,419335,167,SX65
419335,419617,282,SX450
419617,419876,259,SX135
419876,420065,189,SX246
420065,420288,223,SX265
420288,420547,259,SX450
420547,420829,282,SX38
420829,421248,419,SI1278
421248,421431,183,SX24
421431,421720,289,SX359
421720,421956,236,SX22
421956,422226,270,SX418
422226,422439,213,SI1344
422439,422708,269,SX58
422708,422980,272,SX348
422980,423388,408,SI985
423388,423707,319,SX432
423707,423939,232,SX330
423939,424199,260,SI2334
424199,424432,233,SX322
424432,424801,369,SX359
424801,425019,218,SX415
425019,425230,211,SX15
425230,425463,233,SA2
425463,425770,307,SX173
425770,426001,231,SI742
426001,426224,223,SX149
426224,426394,170,SI896
426394,426668,274,SX340
426668,426981,313,SX164
426981,427250,269,SA1
427250,427480,230,SA2
427480,427802,322,SX312
427802,427971,169,SI1070
427971,428217,246,SX309
428217,428475,258,SA1
428475,428656,181,SX272
428656,428875,219,SX163
428875,429139,264,SA1
429139,429351,212,SI840
429351,429549,198,SI856
429549,429749,200,SA2
429749,429904,155,SX447
429904,430191,287,SA1
430191,430545,354,SA1
430545,430847,302,SX267
430847,431214,367,SX350
431214,431497,283,SX175
431497,431697,200,SX236
431697,431916,219,SX62
431916,432145,229,SA2
432145,432517,372,SI1381
432517,432840,323,SI954
432840,433126,286,SX301
433126,433342,216,SX297
433342,433563,221,SI1710
433563,433857,294,SX74
433857,434106,249,SX151
434106,434265,159,SX177
434265,434420,155,SX16
434420,434615,195,SX132
434615,434792,177,SX427
434792,434976,184,SX85
434976,435273,297,SX142
435273,435406,133,SI1492
435406,435664,258,SX265
435664,435781,117,SI1983
435781,436055,274,SI1611
436055,436356,301,SI1383
436356,436558,202,SA2
436558,436771,213,SX145
436771,437050,279,SX82
437050,437325,275,SX367
437325,437450,125,SI2332
437450,437747,297,SI581
437747,437958,211,SX387
437958,438320,362,SA1
438320,438530,210,SX361
438530,438732,202,SA2
438732,438969,237,SX266
438969,439095,126,SI2192
439095,439343,248,SA1
439343,439516,173,SI727
439516,439670,154,SI1615
439670,439835,165,SI1627
439835,439964,129,SI1948
439964,440145,181,SX334
440145,440313,168,SX125
440313,440594,281,SX420
440594,440847,253,SX163
440847,441111,264,SX418
441111,441393,282,SX84
441393,441538,145,SX196
441538,441734,196,SI1697
441734,441953,219,SA2
441953,442194,241,SI1747
442194,442413,219,SA2
442413,442623,210,SX358
442623,442894,271,SX359
442894,443251,357,SA2
443251,443488,237,SI2212
443488,443668,180,SX42
443668,443877,209,SA2
443877,444149,272,SX346
444149,444363,214,SX87
444363,444573,210,SI619
444573,444952,379,SI616
444952,445192,240,SX253
445192,445519,327,SI1404
445519,445894,375,SI614
445894,446083,189,SI1254
446083,446411,328,SX175
446411,446761,350,SX400
446761,447019,258,SX421
447019,447258,239,SX417
447258,447462,204,SX239
447462,447643,181,SA2
447643,448001,358,SI1741
448001,448303,302,SX286
448303,448708,405,SI1921
448708,448929,221,SX252
448929,449116,187,SA2
449116,449366,250,SA1
449366,449679,313,SA1
449679,449951,272,SX321
449951,450181,230,SX32
450181,450400,219,SX78
450400,450835,435,SI2077
450835,451012,177,SA2
451012,451180,168,SI1169
451180,451539,359,SX6
451539,451851,312,SX437
451851,452120,269,SA1
452120,452324,204,SA1
452324,452603,279,SI2233
452603,452888,285,SX301
452888,453010,122,SI2342
453010,453234,224,SI1194
453234,453456,222,SX81
453456,453836,380,SI1840
453836,454144,308,SA1
454144,454330,186,SX73
454330,454570,240,SX330
454570,454758,188,SX210
454758,455116,358,SX324
455116,455330,214,SX266
455330,455605,275,SX258
455605,456005,400,SX333
456005,456252,247,SA2
456252,456620,368,SI785
456620,457000,380,SI2223
457000,457144,144,SX307
457144,457391,247,SX267
457391,457654,263,SA1
457654,457884,230,SI456
457884,458109,225,SI514
458109,458311,202,SX128
458311,458556,245,SX328
458556,458738,182,SX277
458738,459119,381,SI1467
459119,459515,396,SI1142
459515,459703,188,SX35
459703,460057,354,SX438
460057,460221,164,SX300
460221,460383,162,SI1884
460383,460638,255,SA1
460638,460898,260,SX162
460898,461173,275,SX92
461173,461379,206,SX108
461379,461644,265,SA1
461644,462011,367,SI1104
462011,462138,127,SI1652
462138,462316,178,SX276
462316,462584,268,SX232
462584,462776,192,SX241
462776,463016,240,SI670
463016,463335,319,SA1
463335,463500,165,SX65
463500,463921,421,SX351
463921,464192,271,SX420
464192,464383,191,SX401
464383,464693,310,SA1
464693,464785,92,SX231
464785,465036,251,SA1
465036,465258,222,SX163
465258,465464,206,SX156
465464,465645,181,SI1687
465645,466114,469,SI531
466114,466327,213,SI2176
466327,466462,135,SX72
466462,466702,240,SX123
466702,466859,157,SX257
466859,467114,255,SX375
467114,467401,287,SI1570
467401,467611,210,SX144
467611,467936,325,SX311
467936,468192,256,SA2
468192,468548,356,SI2288
468548,468689,141,SX27
468689,468959,270,SA2
468959,469175,216,SA2
469175,469392,217,SI1546
469392,469691,299,SX206
469691,469916,225,SI580
469916,470166,250,SX399
470166,470509,343,SX161
470509,470766,257,SA1
470766,470928,162,SX57
470928,471115,187,SX66
471115,471351,236,SX77
471351,471563,212,SX400
471563,471772,209,SX213
471772,472197,425,SI582
472197,472465,268,SX201
472465,472679,214,SX198
472679,472840,161,SX195
472840,473040,200,SX273
473040,473245,205,SX197
473245,473599,354,SX162
473599,473790,191,SX66
473790,473984,194,SX400
473984,474132,148,SI2002
474132,474349,217,SI2178
474349,474602,253,SX357
474602,474739,137,SI2040
474739,474915,176,SX316
474915,475162,247,SI1371
475162,475360,198,SI2063
475360,475586,226,SA2
475586,475872,286,SA1
475872,476156,284,SA1
476156,476421,265,SX250
476421,476694,273,SX162
476694,476947,253,SX149
476947,477183,236,SX401
477183,477348,165,SX27
477348,477587,239,SA1
477587,477843,256,SA1
477843,477973,130,SX231
477973,478258,285,SI978
478258,478406,148,SI2165
478406,478605,199,SX305
478605,478880,275,SX430
478880,479170,290,SI2006
479170,479426,256,SX411
479426,479673,247,SX316
479673,479878,205,SA2
479878,480109,231,SX411
480109,480326,217,SX243
480326,480517,191,SX39
480517,480772,255,SA1
480772,480968,196,SX236
480968,481196,228,SX56
481196,481417,221,SX328
481417,481703,286,SA1
481703,481934,231,SI1929
481934,482115,181,SX105
482115,482384,269,SA1
482384,482666,282,SI2307
482666,482868,202,SI1783
482868,483188,320,SI2065
483188,483376,188,SA2
483376,483586,210,SI662
483586,483787,201,SX211
483787,484094,307,SX164
484094,484356,262,SA2
484356,484666,310,SX440
484666,484906,240,SA1
484906,485114,208,SA2
485114,485323,209,SA2
485323,485504,181,SI2022
485504,485856,352,SI1401
485856,486135,279,SX41
486135,486343,208,SX89
486343,486528,185,SX83
486528,486792,264,SX268
486792,487063,271,SA1
487063,487274,211,SX213
487274,487518,244,SX179
487518,487711,193,SI1603
487711,487905,194,SI1191
487905,488202,297,SA1
488202,488407,205,SX255
488407,488580,173,SX447
488580,488824,244,SA2
488824,489070,246,SA2
489070,489324,254,SA2
489324,489542,218,SX148
489542,489795,253,SX337
489795,490133,338,SI467
490133,490331,198,SX78
490331,490454,123,SI1708
490454,490811,357,SX366
490811,491195,384,SX351
491195,491483,288,SA1
491483,491698,215,SX89
491698,491910,212,SX452
491910,492331,421,SI812
492331,492575,244,SA2
492575,492840,265,SX130
492840,493023,183,SA2
493023,493284,261,SA1
493284,493497,213,SX235
493497,493727,230,SX165
493727,493926,199,SI2309
493926,494153,227,SI1236
494153,494385,232,SX242
494385,494678,293,SI1336
494678,494867,189,SX425
494867,495170,303,SI1586
495170,495357,187,SA2
495357,495617,260,SX450
495617,495952,335,SI546
495952,496211,259,SA2
496211,496420,209,SX416
496420,496797,377,SI1356
496797,497028,231,SX40
497028,497349,321,SX395
497349,497621,272,SA1
497621,497792,171,SX322
497792,497906,114,SI2049
497906,498081,175,SX198
498081,498426,345,SX440
498426,498711,285,SX431
498711,498940,229,SX387
498940,499260,320,SI2277
499260,499397,137,SX257
499397,499797,400,SX41
499797,500221,424,SI969
500221,500407,186,SX146
500407,500680,273,SI1598
500680,500857,177,SI2238
500857,501092,235,SA2
501092,501339,247,SX41
501339,501512,173,SX273
501512,501714,202,SA2
501714,501946,232,SI693
501946,502283,337,SI1845
502283,502543,260,SI1524
502543,502814,271,SA1
502814,503225,411,SI2276
503225,503394,169,SX111
503394,503584,190,SX80
503584,503753,169,SX80
503753,504029,276,SX198
504029,504188,159,SX257
504188,504673,485,SI1016
504673,504907,234,SX179
504907,505130,223,SX129
505130,505325,195,SX257
505325,505552,227,SA2
505552,505844,292,SX41
505844,505956,112,SX202
505956,506283,327,SX440
506283,506472,189,SI603
506472,506692,220,SI965
506692,507011,319,SX336
507011,507315,304,SI1007
507315,507582,267,SX121
507582,507873,291,SA1
507873,508060,187,SX87
508060,508298,238,SA1
508298,508508,210,SA2
508508,508746,238,SX315
508746,508941,195,SX415
508941,509306,365,SX251
509306,509517,211,SX248
509517,509815,298,SX149
509815,510082,267,SI2200
510082,510289,207,SX339
510289,510406,117,SI1719
510406,510697,291,SX390
510697,511099,402,SX175
511099,511281,182,SA2
511281,511380,99,SI1763
511380,511827,447,SI752
511827,512148,321,SX336
512148,512430,282,SX91
512430,512677,247,SI2001
512677,512864,187,SX128
512864,513302,438,SI2070
513302,513574,272,SX428
513574,513940,366,SI1087
513940,514112,172,SX46
514112,514321,209,SI1568
514321,514454,133,SI2148
514454,514664,210,SX344
514664,514931,267,SI1216
514931,515141,210,SA2
515141,515387,246,SA2
515387,515637,250,SA2
515637,515890,253,SI760
515890,516106,216,SA2
516106,516292,186,SX207
516292,516509,217,SA2
516509,516661,152,SX307
516661,516926,265,SA1
516926,517175,249,SI622
517175,517440,265,SX88
517440,517704,264,SA1
517704,517940,236,SX152
517940,518200,260,SA1
518200,518540,340,SX349
518540,518776,236,SX376
518776,518974,198,SA2
518974,519247,273,SX267
519247,519500,253,SA1
519500,519743,243,SI1622
519743,519981,238,SI657
519981,520209,228,SA2
520209,520447,238,SI1080
520447,520616,169,SI2087
520616,520819,203,SA2
520819,521050,231,SX186
521050,521319,269,SX206
521319,521569,250,SX390
521569,521835,266,SA2
521835,522063,228,SA2
522063,522279,216,SX146
522279,522570,291,SX120
522570,522775,205,SI802
522775,523139,364,SI694
523139,523327,188,SA2
523327,523615,288,SX247
523615,523877,262,SI566
523877,524153,276,SI865
524153,524371,218,SA2
524371,524678,307,SX167
524678,524931,253,SX141
524931,525282,351,SI1196
525282,525481,199,SX381
525481,525653,172,SX291
525653,525860,207,SA2
525860,526103,243,SX414
526103,526390,287,SI578
526390,526581,191,SA2
526581,526913,332,SX420
526913,527223,310,SX54
527223,527417,194,SX381
527417,527714,297,SX41
527714,528010,296,SX301
528010,528232,222,SA2
528232,528649,417,SX442
528649,528848,199,SA2
528848,529004,156,SI1200
529004,529159,155,SX325
529159,529365,206,SX32
529365,529622,257,SI617
529622,529916,294,SX172
529916,530194,278,SX78
530194,530341,147,SI1066
530341,530702,361,SI1041
530702,530882,180,SI1705
530882,531164,282,SI547
531164,531358,194,SX72
531358,531579,221,SI719
531579,531887,308,SX347
531887,532142,255,SA1
532142,532365,223,SX276
532365,532612,247,SA1
532612,532935,323,SX312
532935,533121,186,SA2
533121,533354,233,SX226
533354,533578,224,SI738
533578,533797,219,SX97
533797,534026,229,SX82
534026,534285,259,SX316
534285,534519,234,SX363
534519,534678,159,SI2019
534678,534792,114,SI1173
534792,534997,205,SX83
534997,535264,267,SA1
535264,535609,345,SX349
535609,535983,374,SX153
535983,536196,213,SI1581
536196,536414,218,SX125
536414,536570,156,SX16
536570,536954,384,SX347
536954,537228,274,SA1
537228,537539,311,SA1
537539,537800,261,SA1
537800,538102,302,SI1349
538102,538270,168,SX6
538270,538569,299,SA1
538569,538809,240,SX390
538809,538991,182,SX255
538991,539253,262,SX122
539253,539487,234,SX81
539487,539846,359,SI991
539846,540133,287,SX328
540133,540316,183,SX168
540316,540473,157,SX17
540473,540641,168,SX195
540641,540893,252,SX382
540893,541209,316,SI939
541209,541425,216,SX163
541425,541752,327,SI1239
541752,541989,237,SX398
541989,542243,254,SX309
542243,542492,249,SA1
542492,542774,282,SA1
542774,543156,382,SI1045
543156,543415,259,SX165
543415,543797,382,SI521
543797,544131,334,SA1
544131,544294,163,SX246
544294,544531,237,SX183
544531,544860,329,SI1958
544860,545072,212,SI1765
545072,545310,238,SI1495
545310,545622,312,SI1357
545622,545805,183,SX150
545805,546057,252,SI586
546057,546248,191,SX196
546248,546515,267,SX366
546515,546902,387,SA1
546902,547132,230,SX256
547132,547485,353,SX162
547485,547846,361,SX435
547846,548030,184,SA2
548030,548128,98,SI1527
548128,548398,270,SA1
548398,548577,179,SX270
548577,548944,367,SA1
548944,549221,277,SX331
549221,549460,239,SA1
549460,549841,381,SI1392
549841,550121,280,SA1
550121,550234,113,SI1620
550234,550495,261,SX431
550495,550740,245,SX433
550740,550900,160,SX297
550900,551142,242,SX239
551142,551298,156,SI1683
551298,551424,126,SI1614
551424,551699,275,SA1
551699,551941,242,SI1299
551941,552174,233,SI1591
552174,552457,283,SI696
552457,552669,212,SX340
552669,552853,184,SI1161
552853,553063,210,SX363
553063,553387,324,SX52
553387,553610,223,SX89
553610,553762,152,SX195
553762,554011,249,SX55
554011,554244,233,SI1117
554244,554532,288,SI1248
554532,554795,263,SA2
554795,555098,303,SX346
555098,555221,123,SI1844
555221,555411,190,SX235
555411,555735,324,SI1945
555735,556133,398,SI932
556133,556420,287,SA2
556420,556672,252,SI975
556672,556922,250,SA1
556922,557282,360,SX430
557282,557538,256,SA1
557538,557909,371,SX88
557909,558156,247,SX341
558156,558360,204,SX246
558360,558513,153,SX46
558513,558709,196,SX445
558709,558906,197,SX250
558906,559277,371,SI873
559277,559551,274,SX88
559551,559780,229,SI926
559780,559943,163,SX391
559943,560186,243,SX412
560186,560451,265,SA2
560451,560697,246,SX258
560697,560891,194,SX68
560891,561086,195,SX393
561086,561277,191,SX86
561277,561451,174,SX225
561451,561682,231,SX265
561682,561948,266,SA1
561948,562137,189,SA2
562137,562316,179,SA2
562316,562634,318,SX430
562634,562914,280,SX329
562914,563082,168,SA2
563082,563327,245,SA2
563327,563476,149,SX59
563476,563630,154,SI1644
563630,563760,130,SI2225
563760,564033,273,SX165
564033,564261,228,SX129
564261,564493,232,SA1
564493,564876,383,SI889
564876,565132,256,SX390
565132,565417,285,SX226
565417,565733,316,SI761
565733,565909,176,SX78
565909,566107,198,SA2
566107,566303,196,SI1665
566303,566564,261,SX244
566564,566861,297,SA1
566861,567148,287,SX311
567148,567497,349,SI1704
567497,567679,182,SX198
567679,567954,275,SX67
567954,568161,207,SA2
568161,568413,252,SX106
568413,568596,183,SA2
568596,568836,240,SA2
568836,569110,274,SA2
569110,569240,130,SX127
569240,569369,129,SI1768
569369,569564,195,SA2
569564,569816,252,SX167
569816,570101,285,SA1
570101,570400,299,SI561
570400,570603,203,SX111
570603,570824,221,SX35
570824,571128,304,SA1
571128,571415,287,SX328
571415,571692,277,SA1
571692,571955,263,SA1
571955,572239,284,SI2340
572239,572451,212,SX341
572451,572915,464,SI1738
572915,573189,274,SA1
573189,573513,324,SX178
573513,573720,207,SX51
573720,574004,284,SI2186
574004,574308,304,SA1
574308,574666,358,SI2197
574666,574952,286,SA1
574952,575238,286,SX312
575238,575345,107,SI1937
575345,575676,331,SI918
575676,575898,222,SA1
575898,576308,410,SA1
576308,576582,274,SA1
576582,576951,369,SA1
576951,577217,266,SX135
577217,577551,334,SI623
577551,577757,206,SA2
577757,578004,247,SX73
578004,578192,188,SX201
578192,578433,241,SX215
578433,578726,293,SX451
578726,578941,215,SX63
578941,579203,262,SI1482
579203,579397,194,SX271
579397,579581,184,SX22
579581,579759,178,SX253
579759,579911,152,SI1789
579911,580184,273,SA1
580184,580459,275,SX377
580459,580804,345,SI1317
580804,581037,233,SI1529
581037,581339,302,SX312
581339,581577,238,SA2
581577,581802,225,SX241
581802,582023,221,SX74
582023,582175,152,SI2229
582175,582470,295,SI1695
582470,582699,229,SX316
582699,582968,269,SI1742
582968,583303,335,SI1980
583303,583558,255,SI1561
583558,583788,230,SX288
583788,583998,210,SA2
583998,584202,204,SI2250
584202,584491,289,SA1
584491,584707,216,SA2
584707,585101,394,SI1461
585101,585230,129,SI1617
585230,585449,219,SX154
585449,585677,228,SI695
585677,585866,189,SX263
585866,586074,208,SX272
586074,586291,217,SX405
586291,586533,242,SX64
586533,586720,187,SX217
586720,587025,305,SX366
587025,587294,269,SA1
587294,587601,307,SA1
587601,587830,229,SI1086
587830,588040,210,SX210
588040,588314,274,SA2
588314,588576,262,SI1512
588576,588779,203,SX446
588779,588959,180,SI2256
588959,589139,180,SI1407
589139,589299,160,SX334
589299,589446,147,SX22
589446,589788,342,SA1
589788,589936,148,SX217
589936,590102,166,SX183
590102,590395,293,SX247
590395,590663,268,SX141
590663,590893,230,SX425
590893,591083,190,SA2
591083,591299,216,SA2
591299,591519,220,SI1886
591519,591771,252,SX292
591771,592326,555,SI1501
592326,592583,257,SA1
592583,592700,117,SI672
592700,592881,181,SX106
592881,593131,250,SI1101
593131,593281,150,SX384
593281,593592,311,SX423
593592,593945,353,SI517
593945,594283,338,SI2025
594283,594594,311,SI1672
594594,594756,162,SA2
594756,595019,263,SX121
595019,595408,389,SI1780
595408,595639,231,SX315
595639,595900,261,SX429
595900,596301,401,SX171
596301,596573,272,SX309
596573,596937,364,SX346
596937,597191,254,SX144
597191,597376,185,SI1870
597376,597597,221,SX443
597597,597838,241,SI1963
597838,597984,146,SI506
597984,598213,229,SA2
598213,598390,177,SX111
598390,598574,184,SI1503
598574,598806,232,SI610
598806,598996,190,SX443
598996,599297,301,SX423
599297,599651,354,SX170
599651,599870,219,SI784
599870,600088,218,SA2
600088,600305,217,SX73
600305,600528,223,SX443
600528,600642,114,SI1887
600642,600968,326,SX451
600968,601260,292,SX226
601260,601521,261,SI2291
601521,601616,95,SI1749
601616,601860,244,SX292
601860,602047,187,SX52
602047,602461,414,SI2102
602461,602602,141,SI2292
602602,602763,161,SI559
602763,602980,217,SA2
602980,603225,245,SX344
603225,603525,300,SI1302
603525,603920,395,SI633
603920,604189,269,SA1
604189,604415,226,SX353
604415,604594,179,SI2224
604594,604801,207,SX256
604801,605035,234,SI2220
605035,605517,482,SI1097
605517,605757,240,SX357
605757,605979,222,SA2
605979,606222,243,SA1
606222,606621,399,SI1263
606621,606840,219,SX96
606840,606996,156,SI1962
606996,607170,174,SX207
607170,607583,413,SI788
607583,607901,318,SI2316
607901,608114,213,SA2
608114,608341,227,SI2041
608341,608713,372,SI1176
608713,609026,313,SX201
609026,609221,195,SX45
609221,609435,214,SX144
609435,609805,370,SX311
609805,610033,228,SA2
610033,610293,260,SA1
610293,610481,188,SI1911
610481,610780,299,SI2337
610780,611065,285,SA1
611065,611247,182,SI706
611247,611470,223,SX234
611470,611662,192,SX93
611662,611803,141,SX182
611803,612007,204,SI1500
612007,612265,258,SX57
612265,612456,191,SX42
612456,612632,176,SX16
612632,612799,167,SX325
612799,613028,229,SX285
613028,613288,260,SX243
613288,613511,223,SA2
613511,613760,249,SA1
613760,614116,356,SI903
614116,614426,310,SA1
614426,614636,210,SA2
614636,614934,298,SX84
614934,615078,144,SI1971
615078,615331,253,SX238
615331,615620,289,SA1
615620,615805,185,SI1770
615805,616067,262,SI1734
616067,616313,246,SX250
616313,616537,224,SX258
616537,616779,242,SI1081
616779,617051,272,SA1
617051,617303,252,SX89
617303,617518,215,SI1582
617518,617713,195,SX358
617713,618028,315,SI1981
618028,618226,198,SX291
618226,618523,297,SX173
618523,618822,299,SX367
618822,619071,249,SX107
619071,619361,290,SA1
619361,619624,263,SA1
619624,619850,226,SX431
619850,620081,231,SI1118
620081,620403,322,SA1
620403,620609,206,SA2
620609,620942,333,SA1
620942,621092,150,SX30
621092,621309,217,SX276
621309,621535,226,SX156
621535,621913,378,SI543
621913,622153,240,SX18
622153,622530,377,SI1435
622530,622805,275,SX347
622805,623009,204,SA2
623009,623242,233,SA2
623242,623533,291,SI997
623533,623694,161,SI574
623694,623899,205,SX399
623899,624254,355,SA1
624254,624495,241,SX297
624495,624795,300,SI1321
624795,624997,202,SI2153
624997,625381,384,SI2036
625381,625640,259,SX340
625640,625868,228,SA2
625868,626169,301,SX422
626169,626461,292,SI1551
626461,626721,260,SX57
626721,626964,243,SI1927
626964,627159,195,SA2
627159,627287,128,SX31
627287,627633,346,SX433
627633,627883,250,SA2
627883,628233,350,SI1462
628233,628439,206,SX345
628439,628693,254,SI1275
628693,629063,370,SI1052
629063,629371,308,SX350
629371,629574,203,SI878
629574,629807,233,SX167
629807,630025,218,SX238
630025,630351,326,SX136
630351,630530,179,SX72
630530,630733,203,SA2
630733,630945,212,SX39
630945,631268,323,SI957
631268,631497,229,SX268
631497,631762,265,SA1
631762,631938,176,SX236
631938,632111,173,SX254
632111,632514,403,SI902
632514,632776,262,SX52
632776,633030,254,SX179
633030,633229,199,SX130
633229,633444,215,SX360
633444,633723,279,SX452
633723,634018,295,SA1
634018,634264,246,SX378
634264,634483,219,SX86
634483,634860,377,SI979
634860,635119,259,SA1
635119,635476,357,SI2125
635476,635788,312,SX79
635788,636100,312,SX312
636100,636359,259,SA1
636359,636803,444,SI772
636803,637114,311,SX179
637114,637346,232,SA1
637346,637537,191,SI466
637537,637754,217,SX182
637754,637913,159,SX80
637913,638141,228,SX397
638141,638447,306,SA2
638447,638681,234,SI1035
638681,638838,157,SX263
638838,639095,257,SX375
639095,639416,321,SA1
639416,639674,258,SX332
639674,639971,297,SI1792
639971,640164,193,SX291
640164,640401,237,SX26
640401,640561,160,SX427
640561,640829,268,SA1
640829,641012,183,SA2
641012,641467,455,SI1054
641467,641769,302,SX346
641769,641987,218,SI1773
641987,642276,289,SX76
642276,642602,326,SX452
642602,642849,247,SX419
642849,643225,376,SI1743
643225,643491,266,SA1
643491,643759,268,SA1
643759,644071,312,SX398
644071,644222,151,SI2051
644222,644475,253,SX341
644475,644628,153,SI2050
644628,644841,213,SX96
644841,644979,138,SI486
644979,645284,305,SX174
645284,645589,305,SX234
645589,645910,321,SI2272
645910,646199,289,SI1020
646199,646628,429,SI1376
646628,646815,187,SA2
646815,647097,282,SX218
647097,647191,94,SX70
647191,647328,137,SX168
647328,647519,191,SI1049
647519,647758,239,SA2
647758,648068,310,SI1446
648068,648277,209,SI612
648277,648701,424,SI927
648701,648919,218,SX83
648919,649088,169,SI1839
649088,649374,286,SA1
649374,649695,321,SX406
649695,649865,170,SI2266
649865,650199,334,SI921
650199,650478,279,SX305
650478,650645,167,SI2133
650645,650905,260,SX171
650905,651134,229,SX375
651134,651298,164,SX202
651298,651427,129,SX202
651427,651624,197,SX300
651624,651862,238,SA1
651862,652156,294,SI1014
652156,652424,268,SX398
652424,652774,350,SA1
652774,652995,221,SX45
652995,653133,138,SI2026
653133,653400,267,SX288
653400,653564,164,SX294
653564,653933,369,SI1468
653933,654183,250,SA1
654183,654394,211,SA2
654394,654754,360,SI1556
654754,655185,431,SX166
655185,655338,153,SX254
655338,655627,289,SX147
655627,655765,138,SI1732
655765,655978,213,SX310
655978,656235,257,SX215
656235,656620,385,SI688
656620,656989,369,SI736
656989,657228,239,SI718
657228,657421,193,SI656
657421,657556,135,SI1852
657556,657864,308,SI1069
657864,658106,242,SI2110
658106,658383,277,SA1
658383,658534,151,SI2312
658534,658927,393,SI1251
658927,659149,222,SX180
659149,659468,319,SA1
659468,659738,270,SX426
659738,660045,307,SA1
660045,660282,237,SI1147
660282,660607,325,SX430
660607,660833,226,SX179
660833,661018,185,SA2
661018,661205,187,SX261
661205,661583,378,SX327
661583,661772,189,SA2
661772,662109,337,SI1896
662109,662512,403,SI1347
662512,662743,231,SA2
662743,662979,236,SA2
662979,663227,248,SX221
663227,663454,227,SA2
663454,663670,216,SA2
663670,663888,218,SX112
663888,664086,198,SX424
664086,664293,207,SA2
664293,664541,248,SX384
664541,664802,261,SA2
664802,664936,134,SI1662
664936,665153,217,SX294
665153,665348,195,SX326
665348,665548,200,SA2
665548,665783,235,SX154
665783,665925,142,SI1593
665925,666159,234,SA1
666159,666341,182,SX381
666341,666581,240,SA1
666581,666791,210,SX287
666791,667058,267,SA1
667058,667277,219,SX91
667277,667424,147,SX30
667424,667664,240,SX201
667664,667957,293,SX132
667957,668199,242,SX343
668199,668480,281,SX411
668480,668731,251,SX377
668731,668922,191,SX249
668922,669197,275,SX247
669197,669513,316,SX155
669513,669802,289,SA1
669802,670017,215,SA1
670017,670270,253,SX211
670270,670439,169,SX64
670439,670631,192,SX344
670631,670869,238,SX412
670869,671252,383,SI1222
671252,671541,289,SI2318
671541,671916,375,SI1477
671916,672101,185,SA2
672101,672378,277,SI1346
672378,672668,290,SX343
672668,673004,336,SI1959
673004,673269,265,SA1
673269,673670,401,SI1891
673670,673858,188,SA2
673858,674176,318,SI1201
674176,674373,197,SI1606
674373,674570,197,SX445
674570,674761,191,SA2
674761,674973,212,SX429
674973,675154,181,SX277
675154,675384,230,SX376
675384,675741,357,SI779
675741,676010,269,SX226
676010,676308,298,SI1597
676308,676655,347,SI1231
676655,676776,121,SI1954
676776,676893,117,SI974
676893,677116,223,SX264
677116,677462,346,SI624
677462,677623,161,SX294
677623,677834,211,SX249
677834,678071,237,SX62
678071,678375,304,SX312
678375,678556,181,SX277
678556,678757,201,SA2
678757,678930,173,SX204
678930,679106,176,SX31
679106,679316,210,SA2
679316,679539,223,SX40
679539,679764,225,SA1
679764,680001,237,SX354
680001,680327,326,SX58
680327,680556,229,SX183
680556,680843,287,SA1
680843,680982,139,SI1795
680982,681186,204,SX66
681186,681385,199,SX132
681385,681694,309,SX335
681694,681906,212,SA2
681906,682159,253,SX442
682159,682473,314,SX67
682473,682776,303,SI942
682776,683083,307,SX54
683083,683285,202,SI1595
683285,683555,270,SX76
683555,683782,227,SI1867
683782,683999,217,SX393
683999,684256,257,SX292
684256,684454,198,SX68
684454,684712,258,SI1800
684712,684917,205,SX337
684917,685134,217,SA1
685134,685386,252,SA2
685386,685611,225,SI595
685611,686028,417,SX430
686028,686248,220,SA2
686248,686598,350,SI702
686598,686803,205,SX411
686803,687012,209,SX221
687012,687216,204,SA2
687216,687374,158,SX78
687374,687649,275,SA1
687649,687879,230,SA1
687879,688147,268,SX212
688147,688334,187,SX105
688334,688659,325,SA2
688659,688933,274,SA1
688933,689155,222,SX97
689155,689571,416,SI1688
689571,689728,157,SX81
689728,690077,349,SX286
690077,690329,252,SX58
690329,690495,166,SI1635
690495,690722,227,SX182
690722,691125,403,SI1698
691125,691334,209,SX367
691334,691537,203,SI2295
691537,691965,428,SI972
691965,692155,190,SX421
692155,692447,292,SA2
692447,692710,263,SI843
692710,693072,362,SI1771
693072,693249,177,SI2241
693249,693714,465,SI1822
693714,694001,287,SI689
694001,694259,258,SX234
694259,694383,124,SX127
694383,694639,256,SI1594
694639,694925,286,SX251
694925,695245,320,SI982
695245,695532,287,SX260
695532,695750,218,SI1969
695750,695953,203,SX131
695953,696396,443,SI1206
696396,696553,157,SX3
696553,696806,253,SA1
696806,697042,236,SI1838
697042,697459,417,SI1333
697459,697659,200,SI471
697659,697981,322,SX161
697981,698126,145,SX131
698126,698457,331,SX161
698457,698671,214,SX16
698671,698911,240,SX75
698911,699130,219,SI1012
699130,699367,237,SX287
699367,699624,257,SX426
699624,699841,217,SX222
699841,700049,208,SX68
700049,700184,135,SI1930
700184,700359,175,SX202
700359,700671,312,SX336
700671,700857,186,SA2
700857,701015,158,SX427
701015,701226,211,SX367
701226,701450,224,SI2047
701450,701606,156,SX3
701606,701930,324,SX335
701930,702353,423,SI528
702353,702744,391,SI981
702744,702981,237,SX108
702981,703210,229,SI931
703210,703398,188,SA2
703398,703746,348,SX174
703746,703972,226,SA1
703972,704176,204,SA2
704176,704389,213,SA2
704389,704628,239,SX151
704628,704837,209,SI1061
704837,704935,98,SI2115
704935,705288,353,SX170
705288,705554,266,SX159
705554,705916,362,SX402
705916,706147,231,SX169
706147,706376,229,SA2
706376,706608,232,SX132
706608,707077,469,SI1421
707077,707311,234,SX62
707311,707450,139,SX217
707450,707762,312,SX219
707762,707979,217,SA1
707979,708153,174,SI2246
708153,708543,390,SI1293
708543,708723,180,SI1585
708723,709009,286,SA1
709009,709313,304,SX362
709313,709558,245,SA2
709558,709723,165,SI485
709723,709999,276,SA1
709999,710216,217,SI606
710216,710450,234,SX411
710450,710747,297,SX348
710747,711152,405,SI2054
711152,711392,240,SI872
711392,711557,165,SX254
711557,711908,351,SI1115
711908,712123,215,SI1405
712123,712355,232,SX436
712355,712541,186,SX74
712541,712764,223,SA2
712764,713070,306,SA1
713070,713303,233,SI1647
713303,713489,186,SX128
713489,713783,294,SX61
713783,714158,375,SI488
714158,714366,208,SX63
714366,714591,225,SA1
714591,714811,220,SA2
714811,715106,295,SX247
715106,715254,148,SX168
715254,715561,307,SI1006
715561,715726,165,SX253
715726,715958,232,SI1680
715958,716231,273,SI529
716231,716426,195,SA2
716426,716746,320,SI1197
716746,716929,183,SX18
716929,717182,253,SX378
717182,717413,231,SA2
717413,717737,324,SA1
717737,718042,305,SX301
718042,718266,224,SI1498
718266,718653,387,SI665
718653,718992,339,SX166
718992,719254,262,SA1
719254,719537,283,SX149
719537,719796,259,SI2251
719796,720062,266,SA2
720062,720237,175,SX27
720237,720420,183,SA2
720420,720628,208,SX32
720628,720834,206,SX210
720834,720977,143,SX273
720977,721380,403,SX349
721380,721581,201,SI804
721581,721793,212,SX37
721793,721968,175,SA2
721968,722153,185,SI1999
722153,722369,216,SI795
722369,722655,286,SA1
722655,722853,198,SX73
722853,723106,253,SA1
723106,723339,233,SI1164
723339,723570,231,SX264
723570,723909,339,SX352
723909,724069,160,SI2245
724069,724246,177,SX339
724246,724474,228,SX55
724474,724746,272,SX212
724746,724946,200,SI1947
724946,725244,298,SI890
725244,725467,223,SA2
725467,725698,231,SI1504
725698,725967,269,SX260
725967,726166,199,SX269
726166,726466,300,SX176
726466,726865,399,SI679
726865,727124,259,SX219
727124,727297,173,SI1352
727297,727510,213,SX73
727510,727725,215,SA2
727725,727848,123,SX237
727848,728256,408,SI1391
728256,728599,343,SI1240
728599,728809,210,SX378
728809,729099,290,SI1149
729099,729282,183,SA2
729282,729538,256,SX93
729538,729791,253,SX411
729791,729959,168,SX217
729959,730313,354,SX329
730313,730565,252,SA2
730565,730859,294,SX357
730859,731043,184,SX441
731043,731239,196,SI510
731239,731456,217,SA2
731456,731672,216,SX33
731672,731902,230,SX96
731902,732082,180,SX117
732082,732270,188,SX148
732270,732521,251,SX329
732521,732825,304,SX263
732825,733138,313,SX286
733138,733391,253,SI1518
733391,733681,290,SX347
733681,733919,238,SI2326
733919,734202,283,SX418
734202,734491,289,SX444
734491,734715,224,SX32
734715,734973,258,SA2
734973,735180,207,SA2
735180,735465,285,SX366
735465,735681,216,SA2
735681,735902,221,SX241
735902,736170,268,SA2
736170,736407,237,SX358
736407,736654,247,SA1
736654,736865,211,SX240
736865,737046,181,SX276
737046,737338,292,SA1
737338,737653,315,SA1
737653,737934,281,SA1
737934,738311,377,SI716
738311,738585,274,SI1232
738585,738802,217,SX447
738802,738958,156,SX35
738958,739275,317,SX287
739275,739496,221,SA1
739496,739645,149,SI2207
739645,739885,240,SX401
739885,740215,330,SI848
740215,740524,309,SI1319
740524,740850,326,SI1821
740850,741063,213,SX211
741063,741284,221,SX245
741284,741529,245,SX254
741529,741843,314,SI1817
741843,742046,203,SI1083
742046,742299,253,SA1
742299,742521,222,SI2136
742521,742771,250,SI883
742771,743092,321,SX406
743092,743361,269,SA2
743361,743584,223,SA2
743584,743830,246,SX39
743830,744170,340,SI1102
744170,744388,218,SA2
744388,744601,213,SX429
744601,744828,227,SX206
744828,745068,240,SX206
745068,745447,379,SI481
745447,745758,311,SI1491
745758,745961,203,SX152
745961,746234,273,SA1
746234,746530,296,SX58
746530,746849,319,SX347
746849,747044,195,SA1
747044,747342,298,SX123
747342,747599,257,SX308
747599,747825,226,SA2
747825,748155,330,SI1282
748155,748355,200,SX96
748355,748704,349,SA1
748704,748881,177,SA2
748881,749010,129,SX261
749010,749298,288,SX362
749298,749546,248,SA1
749546,749767,221,SX345
749767,750056,289,SX147
750056,750594,538,SI654
750594,750748,154,SX24
750748,750954,206,SX131
750954,751265,311,SX76
751265,751488,223,SA2
751488,751603,115,SX72
751603,751749,146,SI2031
751749,751959,210,SX447
751959,752225,266,SX452
752225,752518,293,SA1
752518,752713,195,SA2
752713,752931,218,SX62
752931,753236,305,SI968
753236,753608,372,SX451
753608,753873,265,SX363
753873,754088,215,SX382
754088,754285,197,SX89
754285,754559,274,SA1
754559,754824,265,SA1
754824,755041,217,SA2
755041,755243,202,SX46
755243,755391,148,SX425
755391,755680,289,SX363
755680,755973,293,SX439
755973,756170,197,SX446
756170,756287,117,SX231
756287,756591,304,SX174
756591,756810,219,SX235
756810,756997,187,SX198
756997,757210,213,SI1826
757210,757336,126,SI2265
757336,757565,229,SI1228
757565,757791,226,SX165
757791,757976,185,SX157
757976,758276,300,SX452
758276,758507,231,SA1
758507,758649,142,SI508
758649,758842,193,SX33
758842,759212,370,SX324
759212,759417,205,SX363
759417,759714,297,SI723
759714,759933,219,SX399
759933,760367,434,SI705
760367,760482,115,SI1188
760482,760728,246,SX334
760728,760981,253,SX402
760981,761334,353,SX142
761334,761685,351,SI1434
761685,761905,220,SA2
761905,762224,319,SI1318
762224,762574,350,SX247
762574,762854,280,SX244
762854,763106,252,SX342
763106,763436,330,SI526
763436,763821,385,SX451
763821,764138,317,SX136
764138,764451,313,SI2140
764451,764725,274,SI989
764725,765060,335,SX333
765060,765501,441,SI1241
765501,765779,278,SX277
765779,766008,229,SX271
766008,766209,201,SX272
766209,766437,228,SX135
766437,766821,384,SI1426
766821,767023,202,SX337
767023,767265,242,SA1
767265,767556,291,SX348
767556,767827,271,SI1430
767827,768004,177,SX150
768004,768175,171,SI2011
768175,768566,391,SI841
768566,768738,172,SX107
768738,769027,289,SX136
769027,769229,202,SA2
769229,769479,250,SX245
769479,769707,228,SA1
769707,769892,185,SX361
769892,770172,280,SA1
770172,770441,269,SX112
770441,770687,246,SX120
770687,771022,335,SI1761
771022,771214,192,SX114
771214,771565,351,SX406
771565,771794,229,SI2116
771794,772091,297,SX420
772091,772281,190,SX16
772281,772469,188,SX168
772469,772599,130,SX187
772599,772865,266,SA1
772865,773042,177,SX381
773042,773171,129,SX237
773171,773400,229,SX148
773400,773812,412,SX333
773812,774206,394,SX170
774206,774441,235,SX82
774441,774645,204,SI1522
774645,774755,110,SI1479
774755,774897,142,SI2216
774897,775071,174,SX42
775071,775257,186,SI1348
775257,775474,217,SX395
775474,775660,186,SX266
775660,775896,236,SX240
775896,776082,186,SX7
776082,776410,328,SI811
776410,776747,337,SI2072
776747,776938,191,SA2
776938,777203,265,SA1
777203,777461,258,SX172
777461,777697,236,SX45
777697,777882,185,SA2
777882,778042,160,SX195
778042,778209,167,SX436
778209,778409,200,SX61
778409,778773,364,SI2320
778773,779060,287,SI647
779060,779288,228,SI1657
779288,779566,278,SX378
779566,779725,159,SX127
779725,780008,283,SX121
780008,780239,231,SX444
780239,780463,224,SX386
780463,780707,244,SA1
780707,781018,311,SI2073
781018,781128,110,SI2157
781128,781414,286,SI697
781414,781672,258,SA1
781672,781910,238,SA2
781910,782132,222,SX345
782132,782373,241,SX63
782373,782739,366,SI1036
782739,782946,207,SI1140
782946,783156,210,SI1942
783156,783431,275,SX346
783431,783769,338,SA2
783769,784018,249,SX392
784018,784204,186,SX108
784204,784505,301,SA1
784505,784722,217,SA2
784722,784927,205,SX345
784927,785161,234,SA1
785161,785580,419,SI800
785580,785779,199,SX266
785779,786132,353,SX311
786132,786347,215,SA2
786347,786486,139,SX261
786486,786571,85,SI1953
786571,786733,162,SX276
786733,786951,218,SX441
786951,787140,189,SX187
787140,787363,223,SX65
787363,787548,185,SX45
787548,787809,261,SI2126
787809,788005,196,SI1701
788005,788319,314,SA1
788319,788560,241,SI527
788560,788861,301,SX165
788861,789148,287,SI1387
789148,789482,334,SX166
789482,789795,313,SA1
789795,790093,298,SX178
790093,790231,138,SI1690
790231,790455,224,SI1785
790455,790631,176,SA2
790631,790792,161,SI2271
790792,791004,212,SX355
791004,791264,260,SX357
791264,791437,173,SX22
791437,791703,266,SX123
791703,791931,228,SX301
791931,792354,423,SI1160
792354,792638,284,SI579
792638,792772,134,SX27
792772,793025,253,SX27
793025,793145,120,SI1560
793145,793406,261,SA1
793406,793569,163,SI1329
793569,793815,246,SA1
793815,794073,258,SX206
794073,794279,206,SI1530
794279,794542,263,SA1
794542,794898,356,SX406
794898,795100,202,SA2
795100,795297,197,SX236
795297,795612,315,SI1210
795612,795838,226,SA2
795838,796092,254,SI1997
796092,796330,238,SA1
796330,796559,229,SX33
796559,796699,140,SI495
796699,796880,181,SX204
796880,797155,275,SX294
797155,797514,359,SI1055
797514,797686,172,SX186
797686,798052,366,SI1267
798052,798175,123,SI1494
798175,798392,217,SA2
798392,798633,241,SA2
798633,798888,255,SA2
798888,799176,288,SI1132
799176,799411,235,SA1
799411,799697,286,SX423
799697,799873,176,SX78
799873,800126,253,SA2
800126,800283,157,SI692
800283,800386,103,SI1832
800386,800565,179,SX145
800565,800759,194,SX393
800759,800934,175,SX93
800934,801207,273,SI803
801207,801366,159,SX217
801366,801581,215,SX301
801581,801873,292,SI537
801873,802138,265,SX55
802138,802391,253,SI1420
802391,802494,103,SI1895
802494,802821,327,SX172
802821,802959,138,SX202
802959,803102,143,SX197
803102,803303,201,SX236
803303,803506,203,SA2
803506,803695,189,SX97
803695,804102,407,SI1465
804102,804303,201,SX412
804303,804468,165,SX6
804468,804678,210,SX262
804678,804955,277,SX330
804955,805163,208,SX361
805163,805364,201,SX256
805364,805550,186,SI2045
805550,805872,322,SI1609
805872,806245,373,SA1
806245,806460,215,SA2
806460,806752,292,SA1
806752,807041,289,SX356
807041,807311,270,SX156
807311,807598,287,SX176
807598,807788,190,SI2162
807788,808099,311,SA2
808099,808263,164,SX46
808263,808421,158,SX202
808421,808628,207,SX66
808628,808837,209,SA2
808837,808962,125,SX307
808962,809112,150,SI2287
809112,809256,144,SI492
809256,809465,209,SI2048
809465,809629,164,SX71
809629,809837,208,SX339
809837,810023,186,SX117
810023,810183,160,SX339
810183,810321,138,SX93
810321,810553,232,SI828
810553,810785,232,SA1
810785,811116,331,SX84
811116,811484,368,SI2215
811484,811696,212,SA2
811696,811890,194,SI646
811890,812185,295,SI1121
812185,812504,319,SI1858
812504,812919,415,SI1215
812919,813133,214,SA2
813133,813437,304,SI1807
813437,813716,279,SI1686
813716,813997,281,SX359
813997,814218,221,SI577
814218,814399,181,SX297
814399,814680,281,SI1209
814680,814878,198,SA2
814878,815110,232,SA1
815110,815355,245,SX221
815355,815597,242,SX39
815597,815932,335,SA1
815932,816185,253,SI1170
816185,816413,228,SX215
816413,816616,203,SI2053
816616,816919,303,SI1912
816919,817174,255,SA1
817174,817468,294,SX54
817468,817626,158,SX297
817626,817863,237,SA1
817863,818144,281,SI774
818144,818458,314,SA1
818458,818682,224,SI513
818682,818941,259,SX259
818941,819147,206,SX434
819147,819370,223,SI966
819370,819613,243,SI799
819613,819833,220,SI2086
819833,820042,209,SA2
820042,820182,140,SX334
820182,820410,228,SI1256
820410,820690,280,SA1
820690,820936,246,SI2214
820936,821123,187,SX263
821123,821327,204,SX252
821327,821530,203,SX436
821530,821787,257,SX52
821787,822006,219,SA2
822006,822224,218,SX37
822224,822423,199,SA2
822423,822753,330,SA1
822753,823000,247,SX255
823000,823220,220,SX215
823220,823428,208,SX183
823428,823598,170,SA2
823598,824010,412,SX432
824010,824208,198,SA2
824208,824660,452,SI1186
824660,825099,439,SX327
825099,825362,263,SX161
825362,825754,392,SI630
825754,825913,159,SI676
825913,826142,229,SA2
826142,826483,341,SI2067
826483,826635,152,SX303
826635,826908,273,SA2
826908,827137,229,SX302
827137,827398,261,SA1
827398,827499,101,SI1952
827499,827696,197,SX105
827696,827913,217,SA2
827913,828102,189,SX225
828102,828392,290,SA1
828392,828628,236,SA2
828628,828908,280,SX69
828908,829138,230,SX107
829138,829559,421,SI2283
829559,829767,208,SA2
829767,829956,189,SX145
829956,830151,195,SX6
830151,830393,242,SX260
830393,830587,194,SX18
830587,830854,267,SI1935
830854,831036,182,SX245
831036,831328,292,SA1
831328,831488,160,SX87
831488,831756,268,SX305
831756,832005,249,SI958
832005,832223,218,SA1
832223,832413,190,SA2
832413,832661,248,SX450
832661,832924,263,SX392
832924,833161,237,SX332
833161,833438,277,SA2
833438,833656,218,SA2
833656,833952,296,SA1
833952,834165,213,SI2058
834165,834374,209,SX56
834374,834679,305,SA1
834679,834861,182,SX150
834861,835051,190,SX51
835051,835241,190,SX316
835241,835543,302,SA1
835543,835925,382,SX336
835925,836155,230,SX326
836155,836378,223,SA1
836378,836584,206,SX158
836584,836949,365,SI491
836949,837156,207,SX342
837156,837443,287,SX250
837443,837747,304,SX437
837747,837955,208,SX123
837955,838174,219,SX417
838174,838419,245,SA2
838419,838636,217,SX246
838636,838838,202,SI504
838838,839170,332,SI817
839170,839541,371,SX169
839541,839913,372,SI507
839913,840181,268,SA1
840181,840404,223,SA2
840404,840636,232,SX294
840636,840961,325,SA1
840961,841147,186,SI2339
841147,841350,203,SX114
841350,841509,159,SI1855
841509,841684,175,SX168
841684,841938,254,SA1
841938,842167,229,SI1247
842167,842418,251,SX142
842418,842685,267,SA1
842685,842909,224,SX421
842909,843124,215,SX114
843124,843386,262,SA1
843386,843599,213,SA2
843599,843773,174,SX87
843773,844016,243,SX392
844016,844193,177,SX131
844193,844437,244,SX406
844437,844679,242,SX7
844679,844907,228,SA2
844907,845128,221,SI2096
845128,845457,329,SI1436
845457,845800,343,SI987
845800,846073,273,SX259
846073,846374,301,SX292
846374,846562,188,SI1547
846562,846861,299,SX428
846861,847225,364,SI1290
847225,847505,280,SX256
847505,847820,315,SX170
847820,848044,224,SA2
848044,848349,305,SX359
848349,848574,225,SX66
848574,848803,229,SI542
848803,849049,246,SX151
849049,849347,298,SI976
849347,849562,215,SX412
849562,849787,225,SA2
849787,849979,192,SX69
849979,850139,160,SX249
850139,850450,311,SA1
850450,850624,174,SX210
850624,850914,290,SA1
850914,851102,188,SX263
851102,851362,260,SX326
851362,851649,287,SX247
851649,851944,295,SI1890
851944,852046,102,SI2113
852046,852263,217,SX405
852263,852559,296,SX351
852559,852675,116,SX307
852675,852940,265,SI1126
852940,853093,153,SI2201
853093,853340,247,SX258
853340,853662,322,SI2324
853662,853908,246,SX244
853908,854206,298,SX361
854206,854481,275,SX172
854481,854724,243,SX267
854724,855150,426,SI940
855150,855418,268,SX155
855418,855670,252,SX398
855670,855928,258,SX268
855928,856141,213,SA2
856141,856519,378,SI632
856519,856733,214,SX239
856733,857173,440,SX352
857173,857428,255,SX338
857428,857651,223,SA1
857651,857851,200,SA2
857851,858146,295,SA1
858146,858328,182,SA2
858328,858550,222,SI660
858550,858809,259,SI2059
858809,858976,167,SX177
858976,859289,313,SX438
859289,859611,322,SI2159
859611,859805,194,SX447
859805,860020,215,SX302
860020,860274,254,SI1335
860274,860588,314,SI1537
860588,860928,340,SX387
860928,861229,301,SX160
861229,861507,278,SA1
861507,861716,209,SX270
861716,861977,261,SA1
861977,862261,284,SA1
862261,862534,273,SX321
862534,862754,220,SI1923
862754,862977,223,SA1
862977,863198,221,SX296
863198,863506,308,SX174
863506,863702,196,SI1249
863702,863888,186,SX59
863888,864060,172,SX238
864060,864418,358,SI1018
864418,864763,345,SI1063
864763,865076,313,SI1221
865076,865254,178,SI1526
865254,865428,174,SI1696
865428,865627,199,SX244
865627,865809,182,SX436
865809,866047,238,SX429
866047,866368,321,SX160
866368,866538,170,SX158
866538,866720,182,SI1877
866720,866914,194,SX342
866914,867082,168,SI607
867082,867295,213,SI1703
867295,867497,202,SX152
867497,867840,343,SX349
867840,868082,242,SX179
868082,868433,351,SX324
868433,868643,210,SX45
868643,868747,104,SI1835
868747,868930,183,SX62
868930,869364,434,SI1340
869364,869658,294,SI629
869658,869939,281,SX155
869939,870191,252,SX162
870191,870456,265,SI1857
870456,870736,280,SA2
870736,870956,220,SX145
870956,871176,220,SA2
871176,871423,247,SX360
871423,871717,294,SX428
871717,871992,275,SI1707
871992,872212,220,SA1
872212,872455,243,SA2
872455,872718,263,SX96
872718,873070,352,SI454
873070,873278,208,SI573
873278,873477,199,SX213
873477,873674,197,SI2181
873674,873927,253,SA1
873927,874149,222,SX63
874149,874354,205,SX415
874354,874580,226,SX76
874580,874833,253,SX330
874833,875076,243,SX120
875076,875310,234,SI1666
875310,875573,263,SI2248
875573,875745,172,SI2112
875745,875937,192,SX42
875937,876294,357,SI814
876294,876546,252,SI2085
876546,876724,178,SX354
876724,876937,213,SX114
876937,877181,244,SA1
877181,877513,332,SI937
877513,877755,242,SI1803
877755,878037,282,SX61
878037,878338,301,SA1
878338,878638,300,SX141
878638,878874,236,SX87
878874,879203,329,SX437
879203,879455,252,SX243
879455,879771,316,SX215
879771,880321,550,SI810
880321,880601,280,SA2
880601,880984,383,SI1389
880984,881268,284,SX401
881268,881501,233,SX256
881501,881698,197,SI2105
881698,881930,232,SI1316
881930,882155,225,SX150
882155,882413,258,SA1
882413,882583,170,SX269
882583,882827,244,SX287
882827,883067,240,SX176
883067,883236,169,SI1711
883236,883632,396,SI1123
883632,883849,217,SX92
883849,884092,243,SX354
884092,884229,137,SX150
884229,884636,407,SI556
884636,884857,221,SX253
884857,885061,204,SA2
885061,885295,234,SX375
885295,885550,255,SA2
885550,885710,160,SI2013
885710,885932,222,SX56
885932,886158,226,SX15
886158,886382,224,SX356
886382,886526,144,SI1651
886526,886789,263,SX152
886789,886989,200,SI2177
886989,887221,232,SX145
887221,887525,304,SX387
887525,887824,299,SA1
887824,888084,260,SA1
888084,888305,221,SA2
888305,888397,92,SI1111
888397,888705,308,SX7
888705,889062,357,SI922
889062,889247,185,SX186
889247,889416,169,SX334
889416,889831,415,SI1257
889831,890117,286,SX165
890117,890302,185,SX221
890302,890514,212,SX325
890514,890688,174,SX261
890688,890931,243,SI747
890931,891138,207,SA2
891138,891370,232,SI505
891370,891606,236,SA2
891606,891878,272,SI870
891878,891978,100,SX231
891978,892183,205,SX339
892183,892436,253,SI855
892436,892730,294,SX212
892730,892923,193,SI2193
892923,893029,106,SI1481
893029,893246,217,SA2
893246,893455,209,SI671
893455,893684,229,SA1
893684,894023,339,SI1305
894023,894265,242,SI782
894265,894489,224,SX398
894489,894678,189,SX106
894678,895101,423,SX220
895101,895294,193,SX72
895294,895535,241,SX155
895535,895893,358,SA2
895893,896268,375,SX161
896268,896532,264,SX240
896532,896654,122,SI2341
896654,896898,244,SX426
896898,897078,180,SX270
897078,897300,222,SA2
897300,897495,195,SI2239
897495,897760,265,SA1
897760,898094,334,SX136
898094,898373,279,SA2
898373,898555,182,SX17
898555,898801,246,SI1619
898801,899021,220,SX354
899021,899234,213,SX112
899234,899422,188,SX75
899422,899667,245,SA1
899667,900060,393,SI1258
900060,900362,302,SI700
900362,900589,227,SA2
900589,900731,142,SX30
900731,901058,327,SI1259
901058,901360,302,SX268
901360,901585,225,SI2218
901585,901794,209,SX305
901794,901992,198,SX246
901992,902112,120,SI1612
902112,902315,203,SX344
902315,902558,243,SA1
902558,902832,274,SX375
902832,903129,297,SA1
903129,903361,232,SX180
903361,903562,201,SI1592
903562,903722,160,SI2285
903722,903961,239,SI457
903961,904126,165,SX158
904126,904416,290,SI648
904416,904619,203,SX37
904619,904914,295,SX161
904914,905169,255,SA1
905169,905488,319,SI2145
905488,905722,234,SX82
905722,905861,139,SI1269
905861,906040,179,SX66
906040,906310,270,SA1
906310,906444,134,SI1860
906444,906628,184,SI1990
906628,906873,245,SX360
906873,907134,261,SI1440
907134,907278,144,SX436
907278,907507,229,SX264
907507,907888,381,SI1841
907888,908094,206,SX82
908094,908343,249,SX353
908343,908568,225,SX55
908568,908751,183,SI2017
908751,909020,269,SA1
909020,909293,273,SX426
909293,909555,262,SI1281
909555,909929,374,SX232
909929,910161,232,SI1276
910161,910559,398,SI952
910559,910698,139,SX195
910698,910879,181,SX270
910879,911214,335,SI842
911214,911378,164,SA2
911378,911583,205,SX353
911583,912012,429,SI620
912012,912284,272,SI1234
912284,912514,230,SA2
912514,912762,248,SX128
912762,912965,203,SA2
912965,913229,264,SA2
913229,913404,175,SX315
913404,913662,258,SI520
913662,913881,219,SX79
913881,914098,217,SX69
914098,914293,195,SX85
914293,914673,380,SI1207
914673,914921,248,SX152
914921,915096,175,SX210
915096,915359,263,SA1
915359,915586,227,SA2
915586,915938,352,SI1260
915938,916195,257,SI1602
916195,916349,154,SI1796
916349,916745,396,SI1412
916745,917160,415,SI794
917160,917429,269,SA1
917429,917645,216,SX270
917645,917952,307,SI1883
917952,918194,242,SX79
918194,918448,254,SX82
918448,918680,232,SX360
918680,918905,225,SA1
918905,919081,176,SX85
919081,919261,180,SX447
919261,919465,204,SI1125
919465,919600,135,SX30
919600,919825,225,SA2
919825,920035,210,SX38
920035,920362,327,SX348
920362,920599,237,SA1
920599,920722,123,SI1888
920722,920866,144,SI1804
920866,921151,285,SI1731
921151,921312,161,SX127
921312,921582,270,SA1
921582,921825,243,SX401
921825,922045,220,SX241
922045,922302,257,SI827
922302,922672,370,SI525
922672,922973,301,SA1
922973,923275,302,SI798
923275,923488,213,SX83
923488,923736,248,SX206
923736,923938,202,SI2274
923938,924182,244,SX302
924182,924565,383,SX311
924565,924801,236,SI1936
924801,925072,271,SX218
925072,925276,204,SX416
925276,925510,234,SX62
925510,925810,300,SA1
925810,926024,214,SX87
926024,926273,249,SA1
926273,926534,261,SI1965
926534,926670,136,SI686
926670,926935,265,SX130
926935,927217,282,SX220
927217,927531,314,SA1
927531,927652,121,SI1713
927652,927853,201,SI1842
927853,928067,214,SA2
928067,928191,124,SI1851
928191,928426,235,SX259
928426,928730,304,SA1
928730,928927,197,SI1956
928927,929227,300,SX166
929227,929451,224,SA2
929451,929694,243,SX107
929694,929922,228,SA2
929922,930255,333,SA1
930255,930444,189,SX434
930444,930786,342,SX149
930786,931030,244,SX242
931030,931234,204,SX128
931234,931468,234,SA1
931468,931671,203,SX448
931671,931838,167,SI2242
931838,932026,188,SX355
932026,932251,225,SX401
932251,932538,287,SX338
932538,932729,191,SX303
932729,933118,389,SI852
933118,933290,172,SX386
933290,933532,242,SA1
933532,933708,176,SA2
933708,933921,213,SX56
933921,934097,176,SI2043
934097,934347,250,SX181
934347,934624,277,SA1
934624,934908,284,SX442
934908,935080,172,SX59
935080,935509,429,SA2
935509,935801,292,SX431
935801,936153,352,SI868
936153,936364,211,SI1416
936364,936573,209,SX296
936573,936824,251,SA1
936824,937033,209,SX322
937033,937297,264,SX442
937297,937622,325,SX262
937622,937839,217,SI1427
937839,938079,240,SX422
938079,938214,135,SX425
938214,938380,166,SX80
938380,938484,104,SX3
938484,938681,197,SX302
938681,938864,183,SX326
938864,939018,154,SX42
939018,939253,235,SX419
939253,939453,200,SI1917
939453,939769,316,SX175
939769,939989,220,SX285
939989,940165,176,SX128
940165,940330,165,SI722
940330,940516,186,SX57
940516,940660,144,SX21
940660,941059,399,SI1227
941059,941227,168,SX26
941227,941434,207,SA2
941434,941667,233,SX353
941667,941913,246,SX402
941913,942247,334,SA1
942247,942442,195,SA2
942442,942738,296,SI781
942738,943043,305,SA1
943043,943216,173,SX384
943216,943425,209,SX326
943425,943599,174,SX303
943599,943726,127,SI1864
943726,943935,209,SX51
943935,944157,222,SX129
944157,944245,88,SX70
944245,944470,225,SX250
944470,945094,624,SI1441
945094,945358,264,SI1058
945358,945666,308,SX173
945666,945948,282,SI2097
945948,946106,158,SX384
946106,946336,230,SX375
946336,946608,272,SX232
946608,946797,189,SI1548
946797,947006,209,SX157
947006,947125,119,SI592
947125,947365,240,SA1
947365,947659,294,SA1
947659,947891,232,SX55
947891,948179,288,SI698
948179,948553,374,SI1153
948553,948652,99,SI1031
948652,948957,305,SX451
948957,949261,304,SX450
949261,949485,224,SX271
949485,949665,180,SX399
949665,949857,192,SX125
949857,950125,268,SA1
950125,950280,155,SI2010
950280,950485,205,SX399
950485,950693,208,SX37
950693,950947,254,SX433
950947,951206,259,SI1545
951206,951414,208,SI703
951414,951737,323,SA1
951737,951980,243,SX377
951980,952152,172,SI720
952152,952490,338,SX350
952490,952687,197,SI618
952687,952865,178,SX436
952865,953101,236,SX108
953101,953306,205,SX296
953306,953668,362,SI1177
953668,953925,257,SI2191
953925,954271,346,SX335
954271,954552,281,SX359
954552,954740,188,SX429
954740,954934,194,SI2160
954934,955206,272,SX232
955206,955406,200,SA2
955406,955634,228,SX46
955634,956033,399,SI667
956033,956384,351,SI916
956384,956641,257,SA1
956641,956809,168,SI1869
956809,957054,245,SX112
957054,957290,236,SX400
957290,957641,351,SI1480
957641,957993,352,SI797
957993,958283,290,SA1
958283,958865,582,SI2302
958865,959052,187,SI1863
959052,959303,251,SA1
959303,959499,196,SI986
959499,959699,200,SX132
959699,959889,190,SI611
959889,960194,305,SX430
960194,960549,355,SI701
960549,960777,228,SX180
960777,961089,312,SI1913
961089,961226,137,SI2338
961226,961441,215,SA2
961441,961654,213,SI1700
961654,962022,368,SA1
962022,962278,256,SI1880
962278,962583,305,SX329
962583,962779,196,SX6
962779,962887,108,SI2122
962887,963182,295,SI2121
963182,963456,274,SX366
963456,963712,256,SX377
963712,964027,315,SA1
964027,964418,391,SI562
964418,964618,200,SX244
964618,964974,356,SX432
964974,965286,312,SI862
965286,965593,307,SA1
965593,965891,298,SA1
965891,966067,176,SI1950
966067,966334,267,SX60
966334,966598,264,SA1
966598,966841,243,SA1
