MFCC_start,MFCC_end,MFCC_length,Speaker
0,548,548,id00316
548,953,405,id00316
953,1322,369,id00316
1322,1778,456,id00316
1778,2429,651,id00316
2429,2803,374,id00316
2803,3126,323,id00316
3126,3505,379,id00316
3505,4130,625,id00316
4130,4586,456,id00316
4586,4935,349,id00316
4935,5299,364,id00316
5299,5643,344,id00316
5643,6053,410,id00316
6053,6571,518,id00316
6571,6950,379,id00316
6950,7411,461,id00316
7411,8041,630,id00316
8041,8385,344,id00316
8385,8744,359,id00316
8744,9446,702,id00316
9446,10250,804,id00316
10250,10819,569,id00316
10819,11163,344,id00316
11163,11553,390,id00316
11553,11897,344,id00316
11897,12481,584,id00316
12481,12819,338,id00316
12819,13306,487,id00316
13306,14075,769,id00316
14075,14495,420,id00316
14495,15105,610,id00316
15105,15761,656,id00316
15761,16207,446,id00316
16207,16853,646,id00316
16853,17294,441,id00316
17294,17673,379,id00316
17673,18160,487,id00316
18160,18642,482,id00316
18642,19067,425,id00316
19067,19462,395,id00316
19462,20210,748,id00316
20210,20610,400,id00316
20610,20974,364,id00316
20974,21292,318,id00316
21292,21881,589,id00316
21881,22368,487,id00316
22368,22712,344,id00316
22712,23061,349,id00316
23061,23379,318,id00316
23379,23728,349,id00316
23728,24077,349,id00316
24077,24441,364,id00316
24441,24846,405,id00316
24846,25164,318,id00316
25164,25938,774,id00316
25938,26256,318,id00316
26256,26610,354,id00316
26610,26954,344,id00316
26954,27272,318,id00316
27272,27616,344,id00316
27616,27934,318,id00316
27934,28262,328,id00316
28262,29061,799,id00316
29061,29789,728,id00316
29789,30209,420,id00316
30209,30547,338,id00316
30547,30926,379,id00316
30926,31357,431,id00316
31357,31762,405,id00316
31762,32080,318,id00316
32080,32577,497,id00316
32577,32972,395,id00316
32972,33336,364,id00316
33336,33772,436,id00316
33772,34290,518,id00316
34290,34608,318,id00316
34608,35080,472,id00316
35080,35444,364,id00316
35444,35803,359,id00316
35803,36182,379,id00316
36182,36526,344,id00316
36526,36859,333,id00316
36859,37218,359,id00316
37218,37715,497,id00316
37715,38120,405,id00316
38120,38668,548,id00316
38668,39303,635,id00316
39303,39887,584,id00316
39887,40435,548,id00316
40435,40830,395,id00316
40830,41353,523,id00316
41353,41922,569,id00316
41922,42358,436,id00316
42358,42871,513,id00316
42871,43445,574,id00316
43445,43865,420,id00316
43865,44541,676,id00316
44541,45304,763,id00316
45304,45709,405,id00316
45709,46037,328,id00316
46037,46550,513,id00316
46550,46894,344,id00316
46894,47319,425,id00316
47319,47657,338,id00316
47657,48129,472,id00316
48129,48483,354,id00316
48483,49001,518,id00316
49001,49764,763,id00316
49764,50184,420,id00316
50184,50671,487,id00316
50671,51061,390,id00316
51061,51620,559,id00316
51620,52040,420,id00316
52040,52409,369,id00316
52409,52957,548,id00316
52957,53326,369,id00316
53326,53654,328,id00316
53654,54033,379,id00316
54033,54351,318,id00316
54351,54761,410,id00316
54761,55125,364,id00316
55125,55463,338,id00316
55463,56032,569,id00316
56032,56514,482,id00316
56514,56847,333,id00316
56847,58174,1327,id00316
58174,58620,446,id00316
58620,59015,395,id00316
59015,59430,415,id00316
59430,59866,436,id00316
59866,61295,1429,id00316
61295,61941,646,id00316
61941,62356,415,id00316
62356,62874,518,id00316
62874,63468,594,id00316
63468,63929,461,id00316
63929,64334,405,id00492
64334,64852,518,id00492
64852,65385,533,id00492
65385,65841,456,id00492
65841,66185,344,id00492
66185,66692,507,id00492
66692,67036,344,id00492
67036,67405,369,id00492
67405,68291,886,id00492
68291,68660,369,id00492
68660,71717,3057,id00492
71717,72368,651,id00492
72368,73003,635,id00492
73003,74857,1854,id00492
74857,75569,712,id00492
75569,76389,820,id00492
76389,77808,1419,id00492
77808,79647,1839,id00492
79647,81040,1393,id00492
81040,81768,728,id00492
81768,82752,984,id00492
82752,83106,354,id00492
83106,83613,507,id00492
83613,84248,635,id00492
84248,85104,856,id00492
85104,85673,569,id00492
85673,86554,881,id00492
86554,87916,1362,id00492
87916,88270,354,id00492
88270,88593,323,id00492
88593,88998,405,id00492
88998,89439,441,id00492
89439,90177,738,id00492
90177,90515,338,id00492
90515,90905,390,id00492
90905,91515,610,id00492
91515,91843,328,id00492
91843,92202,359,id00492
92202,92633,431,id00492
92633,94062,1429,id00492
94062,94559,497,id00492
94559,94923,364,id00492
94923,95835,912,id00492
95835,96557,722,id00492
96557,96890,333,id00492
96890,97582,692,id00492
97582,98141,559,id00492
98141,98577,436,id00492
98577,99238,661,id00492
99238,99807,569,id00492
99807,100289,482,id00492
100289,101042,753,id00492
101042,101534,492,id00492
101534,102620,1086,id00492
102620,103097,477,id00492
103097,103784,687,id00492
103784,104363,579,id00492
104363,104911,548,id00492
104911,106161,1250,id00492
106161,106546,385,id00492
106546,106951,405,id00492
106951,107904,953,id00492
107904,109236,1332,id00492
109236,109887,651,id00492
109887,111434,1547,id00492
111434,111941,507,id00492
111941,112561,620,id00492
112561,113545,984,id00492
113545,114534,989,id00492
114534,115400,866,id00492
115400,116967,1567,id00492
116967,117782,815,id00492
117782,119646,1864,id00492
119646,120000,354,id00492
120000,121019,1019,id00492
121019,122412,1393,id00492
122412,123426,1014,id00492
123426,125454,2028,id00492
125454,126591,1137,id00492
126591,127866,1275,id00492
127866,128512,646,id00492
128512,128927,415,id00492
128927,129255,328,id00492
129255,129624,369,id00492
129624,130362,738,id00492
130362,130700,338,id00492
130700,131259,559,id00492
131259,131664,405,id00492
131664,131982,318,id00492
131982,132377,395,id00492
132377,132710,333,id00492
132710,133991,1281,id00492
133991,135768,1777,id00492
135768,137151,1383,id00492
137151,137838,687,id00492
137838,138381,543,id00492
138381,138704,323,id00492
138704,139575,871,id00492
139575,140303,728,id00492
140303,140718,415,id00492
140718,141487,769,id00492
141487,142512,1025,id00492
142512,143132,620,id00492
143132,143665,533,id00492
143665,144106,441,id00492
144106,144526,420,id00492
144526,144962,436,id00492
144962,145336,374,id00492
145336,146038,702,id00492
146038,146484,446,id00492
146484,146874,390,id00492
146874,147223,349,id00492
147223,147664,441,id00492
147664,148013,349,id00492
148013,148863,850,id00492
148863,149201,338,id00492
149201,149785,584,id00492
149785,150175,390,id00492
150175,151056,881,id00492
151056,151461,405,id00492
151461,152337,876,id00492
152337,153054,717,id00492
153054,153459,405,id00492
153459,154161,702,id00492
154161,154566,405,id00492
154566,155130,564,id00492
155130,155689,559,id00492
155689,156437,748,id00492
156437,157456,1019,id00492
157456,158562,1106,id00492
158562,158880,318,id00492
158880,160145,1265,id00492
160145,160617,472,id00492
160617,161498,881,id00492
161498,162159,661,id00492
162159,162784,625,id00492
162784,163481,697,id00492
163481,163819,338,id00492
163819,164721,902,id00492
164721,165075,354,id00492
165075,165618,543,id00492
165618,166207,589,id00492
166207,166561,354,id00492
166561,166920,359,id00492
166920,167463,543,id00492
167463,169215,1752,id00492
169215,169600,385,id00492
169600,170046,446,id00492
170046,170564,518,id00492
170564,170974,410,id00492
170974,171471,497,id00492
171471,172096,625,id00492
172096,172834,738,id00492
172834,173536,702,id00492
173536,174294,758,id00492
174294,175733,1439,id00492
175733,176558,825,id00492
176558,178591,2033,id00492
178591,179160,569,id00492
179160,179683,523,id00492
179683,180897,1214,id00492
180897,181988,1091,id00492
181988,183033,1045,id00492
183033,183638,605,id00492
183638,184540,902,id00492
184540,184940,400,id00492
184940,185396,456,id00492
185396,185806,410,id00492
185806,186206,400,id00492
186206,187169,963,id00492
187169,187738,569,id00492
187738,188307,569,id00492
188307,188763,456,id00492
188763,189506,743,id00492
189506,190269,763,id00492
190269,190889,620,id00492
190889,191801,912,id00492
191801,192267,466,id00492
192267,194295,2028,id00492
194295,194639,344,id00492
194639,195843,1204,id00492
195843,196663,820,id00492
196663,197145,482,id00492
197145,197796,651,id00492
197796,198462,666,id00492
198462,199384,922,id00492
199384,199984,600,id00492
199984,201101,1117,id00492
201101,201419,318,id00492
201419,201793,374,id00492
201793,202567,774,id00492
202567,203049,482,id00492
203049,203510,461,id00492
203510,203987,477,id00492
203987,204899,912,id00492
204899,205237,338,id00492
205237,205755,518,id00492
205755,206477,722,id00492
206477,206867,390,id00492
206867,207697,830,id00492
207697,208655,958,id00492
208655,209296,641,id00492
209296,209640,344,id00492
209640,210915,1275,id00492
210915,211407,492,id00492
211407,212227,820,id00492
212227,213441,1214,id00492
213441,213948,507,id00492
213948,214440,492,id00492
214440,214778,338,id00492
214778,215106,328,id00492
215106,215521,415,id00492
215521,216080,559,id00492
216080,216470,390,id00492
216470,216849,379,id00492
216849,217290,441,id00492
217290,217618,328,id00492
217618,218023,405,id00492
218023,218653,630,id00492
218653,219073,420,id00492
219073,219652,579,id00492
219652,220257,605,id00492
220257,221031,774,id00492
221031,221641,610,id00492
221641,222061,420,id00492
222061,222783,722,id00492
222783,223833,1050,id00492
223833,224356,523,id00492
224356,225253,897,id00492
225253,226810,1557,id00492
226810,228167,1357,id00492
228167,228813,646,id00492
228813,229607,794,id00492
229607,230053,446,id00492
230053,230499,446,id00492
230499,231083,584,id00492
231083,231462,379,id00492
231462,231785,323,id00492
231785,232175,390,id00492
232175,232544,369,id00492
232544,232929,385,id00492
232929,233641,712,id00492
233641,234000,359,id00492
234000,234446,446,id00492
234446,235097,651,id00492
235097,235717,620,id00492
235717,236071,354,id00492
236071,237577,1506,id00492
237577,237992,415,id00492
237992,238351,359,id00492
238351,238848,497,id00492
238848,239243,395,id00492
239243,239597,354,id00492
239597,240028,431,id00492
240028,240474,446,id00492
240474,242036,1562,id00492
242036,242707,671,id00492
242707,243143,436,id00492
243143,243727,584,id00492
243727,244219,492,id00492
244219,244829,610,id00492
244829,245290,461,id00492
245290,245690,400,id00492
245690,246238,548,id00492
246238,246566,328,id00492
246566,246884,318,id00492
246884,247350,466,id00492
247350,247765,415,id00492
247765,248539,774,id00492
248539,248908,369,id00492
248908,249579,671,id00492
249579,250614,1035,id00492
250614,250958,344,id00492
250958,251511,553,id00492
251511,251926,415,id00492
251926,252285,359,id00492
252285,252844,559,id00492
252844,253321,477,id00492
253321,253997,676,id00492
253997,254366,369,id00492
254366,254950,584,id00492
254950,255534,584,id00492
255534,256000,466,id00492
256000,256958,958,id00492
256958,257655,697,id00492
257655,258101,446,id00492
258101,259141,1040,id00492
259141,260043,902,id00492
260043,260771,728,id00492
260771,261294,523,id00492
261294,262022,728,id00492
262022,263072,1050,id00492
263072,263718,646,id00492
263718,264568,850,id00492
264568,265034,466,id00492
265034,265465,431,id00492
265465,265809,344,id00492
265809,267243,1434,id00492
267243,267658,415,id00492
267658,268242,584,id00492
268242,268586,344,id00492
268586,268935,349,id00492
268935,269442,507,id00492
269442,270042,600,id00492
270042,271891,1849,id00492
271891,272516,625,id00492
272516,272962,446,id00492
272962,273874,912,id00492
273874,274509,635,id00492
274509,276097,1588,id00492
276097,276563,466,id00492
276563,278064,1501,id00492
278064,278889,825,id00492
278889,279652,763,id00492
279652,280072,420,id00492
280072,281158,1086,id00492
281158,281640,482,id00492
281640,283356,1716,id00492
283356,284672,1316,id00492
284672,285318,646,id00492
285318,286276,958,id00492
286276,286829,553,id00492
286829,287403,574,id00492
287403,288356,953,id00492
288356,289555,1199,id00492
289555,289893,338,id00618
289893,290426,533,id00618
290426,291246,820,id00618
291246,291794,548,id00618
291794,292363,569,id00618
292363,292819,456,id00618
292819,293352,533,id00618
293352,294054,702,id00618
294054,294423,369,id00618
294423,294869,446,id00618
294869,295248,379,id00618
295248,295704,456,id00618
295704,296145,441,id00618
296145,296514,369,id00618
296514,297395,881,id00618
297395,297800,405,id00618
297800,298266,466,id00618
298266,298630,364,id00618
298630,299143,513,id00618
299143,299533,390,id00618
299533,299912,379,id00618
299912,300353,441,id00618
300353,300922,569,id00618
300922,302136,1214,id00618
302136,302515,379,id00618
302515,302915,400,id00618
302915,303330,415,id00618
303330,304211,881,id00618
304211,304647,436,id00618
304647,305523,876,id00618
305523,305902,379,id00618
305902,306532,630,id00618
306532,306870,338,id00618
306870,308442,1572,id00618
308442,308827,385,id00618
308827,309171,344,id00618
309171,309550,379,id00618
309550,309919,369,id00618
309919,310288,369,id00618
310288,310626,338,id00618
310626,311021,395,id00618
311021,312015,994,id00618
312015,312400,385,id00618
312400,312728,328,id00618
312728,313251,523,id00618
313251,313758,507,id00618
313758,314788,1030,id00618
314788,315137,349,id00618
315137,315737,600,id00618
315737,316337,600,id00618
316337,316675,338,id00618
316675,317131,456,id00618
317131,317526,395,id00618
317526,318074,548,id00618
318074,318505,431,id00618
318505,318874,369,id00618
318874,319346,472,id00618
319346,319915,569,id00618
319915,320356,441,id00618
320356,321529,1173,id00618
321529,321960,431,id00618
321960,323148,1188,id00618
323148,323512,364,id00618
323512,324680,1168,id00618
324680,325126,446,id00618
325126,325449,323,id00618
325449,326018,569,id00618
326018,326346,328,id00618
326346,326715,369,id00618
326715,327550,835,id00618
327550,328467,917,id00618
328467,330029,1562,id00618
330029,331269,1240,id00618
331269,331638,369,id00618
331638,331956,318,id00618
331956,332489,533,id00618
332489,332812,323,id00618
332812,333186,374,id00618
333186,333791,605,id00618
333791,334160,369,id00618
334160,334498,338,id00618
334498,335016,518,id00618
335016,335943,927,id00618
335943,336292,349,id00618
336292,337050,758,id00618
337050,337721,671,id00618
337721,338648,927,id00618
338648,339463,815,id00618
339463,339955,492,id00618
339955,340647,692,id00618
340647,341170,523,id00618
341170,341775,605,id00618
341775,342590,815,id00618
342590,343133,543,id00618
343133,343538,405,id00618
343538,343928,390,id00618
343928,344405,477,id00618
344405,345102,697,id00618
345102,345661,559,id00618
345661,346373,712,id00618
346373,347101,728,id00618
347101,348346,1245,id00618
348346,349033,687,id00618
349033,349551,518,id00618
349551,350079,528,id00618
350079,350699,620,id00618
350699,351130,431,id00618
351130,351602,472,id00618
351602,351940,338,id00618
351940,352294,354,id00618
352294,353134,840,id00618
353134,353590,456,id00618
353590,354149,559,id00618
354149,355005,856,id00618
355005,355502,497,id00618
355502,356102,600,id00618
356102,356778,676,id00618
356778,357137,359,id00618
357137,357532,395,id00618
357532,358039,507,id00618
358039,358475,436,id00618
358475,358803,328,id00618
358803,359228,425,id00618
359228,359628,400,id00618
359628,360161,533,id00618
360161,360658,497,id00618
360658,361027,369,id00618
361027,362553,1526,id00618
362553,363009,456,id00618
363009,363409,400,id00618
363409,363763,354,id00618
363763,364142,379,id00618
364142,364511,369,id00618
364511,364880,369,id00618
364880,365341,461,id00618
365341,365736,395,id00618
365736,366105,369,id00618
366105,366443,338,id00618
366443,366761,318,id00618
366761,367601,840,id00618
367601,368021,420,id00618
368021,368523,502,id00618
368523,369220,697,id00618
369220,369605,385,id00618
369605,370133,528,id00618
370133,370528,395,id00618
370528,371634,1106,id00618
371634,371962,328,id00618
371962,372280,318,id00618
372280,373018,738,id00618
373018,374447,1429,id00618
374447,374770,323,id00618
374770,375098,328,id00618
375098,375442,344,id00618
375442,375796,354,id00618
375796,376283,487,id00618
376283,376790,507,id00618
376790,377241,451,id00618
377241,377846,605,id00618
377846,378640,794,id00618
378640,379188,548,id00618
379188,379680,492,id00618
379680,380172,492,id00618
380172,380628,456,id00618
380628,381089,461,id00618
381089,381694,605,id00618
381694,382094,400,id00618
382094,382663,569,id00618
382663,382981,318,id00618
382981,383965,984,id00618
383965,385199,1234,id00618
385199,385906,707,id00618
385906,386331,425,id00618
386331,386726,395,id00618
386726,387064,338,id00618
387064,387495,431,id00618
387495,387951,456,id00618
387951,388320,369,id00618
388320,388658,338,id00618
388658,389073,415,id00618
389073,389452,379,id00618
389452,389862,410,id00618
389862,390195,333,id00618
390195,390590,395,id00618
390590,391205,615,id00618
391205,391533,328,id00618
391533,392163,630,id00618
392163,392670,507,id00618
392670,392998,328,id00618
392998,393342,344,id00618
393342,393660,318,id00618
393660,394690,1030,id00618
394690,396523,1833,id00618
396523,397798,1275,id00618
397798,398126,328,id00618
398126,398751,625,id00618
398751,399187,436,id00618
399187,399766,579,id00618
399766,400089,323,id00618
400089,400412,323,id00618
400412,400802,390,id00618
400802,401745,943,id00618
401745,402119,374,id00618
402119,403338,1219,id00618
403338,403656,318,id00618
403656,404046,390,id00618
404046,404390,344,id00618
404390,405025,635,id00618
405025,405712,687,id00618
405712,406317,605,id00618
406317,408166,1849,id00618
408166,408929,763,id00618
408929,409298,369,id00618
409298,409764,466,id00618
409764,410184,420,id00618
410184,411065,881,id00618
411065,411613,548,id00618
411613,411982,369,id00618
411982,412515,533,id00618
412515,412833,318,id00618
412833,413151,318,id00618
413151,413520,369,id00618
413520,414207,687,id00618
414207,414576,369,id00618
414576,414991,415,id00618
414991,415539,548,id00618
415539,416236,697,id00618
416236,416815,579,id00618
416815,417179,364,id00618
417179,417528,349,id00618
417528,418445,917,id00618
418445,418901,456,id00618
418901,419480,579,id00618
419480,420177,697,id00618
420177,420654,477,id00618
420654,421382,728,id00618
421382,422366,984,id00618
422366,423329,963,id00618
423329,424205,876,id00618
424205,424630,425,id00618
424630,425511,881,id00618
425511,426448,937,id00618
426448,427529,1081,id00618
427529,428093,564,id00618
428093,428431,338,id00618
428431,429128,697,id00618
429128,429548,420,id00618
429548,430101,553,id00618
430101,430439,338,id00618
430439,431161,722,id00618
431161,431643,482,id00618
431643,432099,456,id00618
432099,432704,605,id00618
432704,433534,830,id00618
433534,434062,528,id00618
434062,434559,497,id00618
434559,434964,405,id00618
434964,435446,482,id00618
435446,435790,344,id00618
435790,436169,379,id00618
436169,436973,804,id00618
436973,437291,318,id00618
437291,437686,395,id00618
437686,438316,630,id00618
438316,438839,523,id00618
438839,439904,1065,id00618
439904,440253,349,id00618
440253,440786,533,id00618
440786,441483,697,id00618
441483,441827,344,id00618
441827,442514,687,id00618
442514,443482,968,id00618
443482,443856,374,id00618
443856,444430,574,id00618
444430,444748,318,id00618
444748,445102,354,id00618
445102,445512,410,id00618
445512,445978,466,id00618
445978,446562,584,id00618
446562,446916,354,id00618
446916,447434,518,id00618
447434,448428,994,id00618
448428,448777,349,id00618
448777,449172,395,id00618
449172,449613,441,id00618
449613,450044,431,id00618
450044,451534,1490,id00891
451534,452441,907,id00891
452441,452856,415,id00891
452856,453184,328,id00891
453184,454009,825,id00891
454009,454506,497,id00891
454506,454844,338,id00891
454844,455787,943,id00891
455787,456346,559,id00891
456346,457140,794,id00891
457140,457765,625,id00891
457765,458713,948,id00891
458713,459051,338,id00891
459051,459400,349,id00891
459400,459764,364,id00891
459764,460727,963,id00891
460727,461449,722,id00891
461449,461839,390,id00891
461839,462321,482,id00891
462321,463755,1434,id00891
463755,464206,451,id00891
464206,464780,574,id00891
464780,466685,1905,id00891
466685,467029,344,id00891
467029,467347,318,id00891
467347,467875,528,id00891
467875,468326,451,id00891
468326,469320,994,id00891
469320,469725,405,id00891
469725,470273,548,id00891
470273,470826,553,id00891
470826,471927,1101,id00891
471927,472450,523,id00891
472450,473188,738,id00891
473188,473916,728,id00891
473916,474270,354,id00891
474270,474736,466,id00891
474736,475208,472,id00891
475208,475598,390,id00891
475598,475977,379,id00891
475977,476356,379,id00891
476356,476822,466,id00891
476822,477314,492,id00891
477314,477642,328,id00891
477642,478027,385,id00891
478027,479011,984,id00891
479011,479626,615,id00891
479626,480210,584,id00891
480210,480989,779,id00891
480989,481466,477,id00891
481466,481902,436,id00891
481902,482404,502,id00891
482404,483085,681,id00891
483085,484166,1081,id00891
484166,484520,354,id00891
484520,484889,369,id00891
484889,485289,400,id00891
485289,486052,763,id00891
486052,486442,390,id00891
486442,487195,753,id00891
487195,487754,559,id00891
487754,488400,646,id00891
488400,488877,477,id00891
488877,489338,461,id00891
489338,489830,492,id00891
489830,490389,559,id00891
490389,491337,948,id00891
491337,491706,369,id00891
491706,492224,518,id00891
492224,492665,441,id00891
492665,493039,374,id00891
493039,493854,815,id00891
493854,494884,1030,id00891
494884,495576,692,id00891
495576,495940,364,id00891
495940,496785,845,id00891
496785,497195,410,id00891
497195,497574,379,id00891
497574,497943,369,id00891
497943,498409,466,id00891
498409,498799,390,id00891
498799,499219,420,id00891
499219,499563,344,id00891
499563,500081,518,id00891
500081,500599,518,id00891
500599,501915,1316,id00891
501915,502463,548,id00891
502463,503165,702,id00891
503165,503887,722,id00891
503887,504246,359,id00891
504246,506264,2018,id00891
506264,506910,646,id00891
506910,507474,564,id00891
507474,508161,687,id00891
508161,509308,1147,id00891
509308,509662,354,id00891
509662,509990,328,id00891
509990,510395,405,id00891
510395,510826,431,id00891
510826,511502,676,id00891
511502,512173,671,id00891
512173,513182,1009,id00891
513182,513536,354,id00891
513536,513900,364,id00891
513900,514469,569,id00891
514469,514833,364,id00891
514833,515264,431,id00891
515264,515736,472,id00891
515736,516704,968,id00891
516704,517058,354,id00891
517058,517391,333,id00891
517391,517745,354,id00891
517745,518278,533,id00891
518278,518744,466,id00891
518744,519518,774,id00891
519518,519995,477,id00891
519995,520323,328,id00891
520323,520708,385,id00891
520708,521118,410,id00891
521118,521743,625,id00891
521743,522460,717,id00891
522460,523121,661,id00891
523121,523536,415,id00891
523536,524289,753,id00891
524289,524889,600,id00891
524889,525412,523,id00891
525412,526109,697,id00891
526109,526698,589,id00891
526698,527349,651,id00891
527349,527744,395,id00891
527744,528139,395,id00891
528139,528667,528,id00891
528667,529236,569,id00891
529236,529697,461,id00891
529697,531582,1885,id00891
531582,532064,482,id00891
532064,532464,400,id00891
532464,532843,379,id00891
532843,533402,559,id00891
533402,535481,2079,id00891
535481,536106,625,id00891
536106,536880,774,id00891
536880,537561,681,id00891
537561,537930,369,id00891
537930,538361,431,id00891
538361,538689,328,id00891
538689,540231,1542,id00891
540231,541066,835,id00891
541066,541420,354,id00891
541420,541769,349,id00891
541769,542256,487,id00891
542256,542804,548,id00891
542804,543685,881,id00891
543685,544223,538,id00891
544223,544587,364,id00891
544587,544987,400,id00891
544987,545776,789,id00891
545776,546289,513,id00891
546289,546750,461,id00891
546750,547498,748,id00891
547498,548011,513,id00891
548011,548390,379,id00891
548390,548949,559,id00891
548949,549349,400,id00891
549349,549892,543,id00891
549892,550963,1071,id00891
550963,551404,441,id00891
551404,551732,328,id00891
551732,552219,487,id00891
552219,552696,477,id00891
552696,553669,973,id00891
553669,554381,712,id00891
554381,555103,722,id00891
555103,555887,784,id00891
555887,556507,620,id00891
556507,558346,1839,id00891
558346,558874,528,id00891
558874,562069,3195,id00891
562069,563314,1245,id00891
563314,563786,472,id00891
563786,564846,1060,id00891
564846,566019,1173,id00891
566019,566337,318,id00891
566337,567469,1132,id00891
567469,567884,415,id00891
567884,571079,3195,id00891
571079,571612,533,id00891
571612,572452,840,id00891
572452,574096,1644,id00891
574096,575069,973,id00891
575069,575894,825,id00891
575894,583841,7947,id00891
583841,585157,1316,id00891
585157,587001,1844,id00891
587001,587380,379,id00891
587380,587846,466,id00891
587846,588799,953,id00891
588799,590341,1542,id00891
590341,594975,4634,id00891
594975,597341,2366,id00891
597341,597695,354,id00891
597695,598141,446,id00891
598141,598822,681,id00891
598822,599181,359,id00891
599181,599571,390,id00891
599571,599920,349,id00891
599920,600555,635,id00891
600555,600909,354,id00891
600909,601488,579,id00891
601488,601826,338,id00891
601826,602170,344,id00891
602170,602590,420,id00891
602590,602975,385,id00891
602975,603370,395,id00891
603370,603985,615,id00891
603985,604349,364,id00891
604349,604693,344,id00891
604693,605159,466,id00891
605159,605523,364,id00891
605523,606097,574,id00891
606097,606650,553,id00891
606650,606978,328,id00891
606978,607393,415,id00891
607393,607885,492,id00891
607885,608295,410,id00891
608295,608633,338,id00891
608633,609084,451,id00891
609084,609494,410,id00891
609494,609812,318,id00891
609812,610140,328,id00891
610140,610504,364,id00891
610504,610929,425,id00891
610929,611539,610,id00891
611539,611857,318,id00891
611857,612277,420,id00891
612277,612861,584,id00891
612861,613343,482,id00891
613343,613891,548,id00891
613891,614347,456,id00891
614347,614711,364,id00891
614711,615249,538,id00891
615249,615910,661,id00891
615910,616474,564,id00891
616474,616792,318,id00891
616792,617197,405,id00891
617197,617576,379,id00891
617576,618053,477,id00891
618053,618443,390,id00891
618443,619145,702,id00891
619145,620513,1368,id00891
620513,621072,559,id00891
621072,622757,1685,id00891
622757,623413,656,id00891
623413,623972,559,id00891
623972,624822,850,id00891
624822,625340,518,id00891
625340,625704,364,id00891
625704,626186,482,id00891
626186,626504,318,id00891
626504,627488,984,id00891
627488,628354,866,id00891
628354,628872,518,id00891
628872,629569,697,id00891
629569,630588,1019,id00891
630588,631310,722,id00891
631310,632155,845,id00891
632155,633231,1076,id00891
633231,633989,758,id00891
633989,635904,1915,id00891
635904,636473,569,id00891
636473,637354,881,id00891
637354,637698,344,id00891
637698,638692,994,id00891
638692,639056,364,id00891
639056,639563,507,id00891
639563,640035,472,id00891
640035,640681,646,id00891
640681,641286,605,id00891
641286,641886,600,id00891
641886,642265,379,id00891
642265,642839,574,id00891
642839,643208,369,id00891
643208,643603,395,id00891
643603,644172,569,id00891
644172,644490,318,id00891
644490,644828,338,id00891
644828,645315,487,id00891
645315,645868,553,id00891
645868,646247,379,id00891
646247,646928,681,id00891
646928,647256,328,id00891
647256,648352,1096,id00891
648352,648952,600,id00891
648952,649526,574,id00891
649526,650254,728,id00891
650254,650613,359,id00891
650613,651146,533,id00891
651146,652181,1035,id00891
652181,653543,1362,id00891
653543,653989,446,id00891
653989,654343,354,id00891
654343,654984,641,id00891
654984,655363,379,id00891
655363,655681,318,id00891
655681,656199,518,id00891
656199,656686,487,id00891
656686,657060,374,id00891
657060,657736,676,id00891
657736,658633,897,id00891
658633,659345,712,id00891
659345,659694,349,id00891
659694,660181,487,id00891
660181,660852,671,id00891
660852,661324,472,id00891
661324,661944,620,id00891
661944,662369,425,id00891
662369,662687,318,id00891
662687,663333,646,id00891
663333,663738,405,id00891
663738,664148,410,id00891
664148,664845,697,id00891
664845,665414,569,id00891
665414,666346,932,id00891
666346,666853,507,id00891
666853,667514,661,id00891
667514,667858,344,id00891
667858,668237,379,id00891
668237,668831,594,id00891
668831,669436,605,id00891
669436,669831,395,id00891
669831,671475,1644,id00891
671475,671813,338,id00891
671813,672561,748,id00891
672561,673176,615,id00891
673176,676090,2914,id00891
676090,677386,1296,id00891
677386,677730,344,id00891
677730,678529,799,id00891
678529,679144,615,id00891
679144,679549,405,id00891
679549,679867,318,id00891
679867,681255,1388,id00891
681255,681701,446,id00891
681701,682603,902,id00891
682603,682931,328,id00891
682931,683761,830,id00891
683761,684176,415,id00891
684176,686230,2054,id00891
686230,686881,651,id00891
686881,687562,681,id00891
687562,688131,569,id00891
688131,689161,1030,id00891
689161,689525,364,id00891
689525,690068,543,id00891
690068,690540,472,id00891
690540,691012,472,id00891
691012,691330,318,id00891
691330,691878,548,id00891
691878,696225,4347,id00891
696225,697311,1086,id00891
697311,697900,589,id00891
697900,700112,2212,id00891
700112,700450,338,id00891
700450,703441,2991,id00891
703441,704005,564,id00891
704005,705255,1250,id00891
705255,705593,338,id00891
705593,705983,390,id00891
705983,706531,548,id00891
706531,706880,349,id00891
706880,707275,395,id00891
707275,707660,385,id00891
707660,708219,559,id00891
708219,708701,482,id00891
708701,709971,1270,id00891
709971,710325,354,id00891
710325,710674,349,id00891
710674,711018,344,id00891
711018,711612,594,id00891
711612,711930,318,id00891
711930,712315,385,id00891
712315,713324,1009,id00891
713324,713734,410,id00891
713734,714789,1055,id00891
714789,715184,395,id00891
715184,715512,328,id00891
715512,716019,507,id00891
716019,716342,323,id00891
716342,716737,395,id00891
716737,717311,574,id00891
717311,718955,1644,id00891
718955,721690,2735,id00891
721690,722878,1188,id00891
722878,724092,1214,id00891
724092,724656,564,id00891
724656,725307,651,id00891
725307,726168,861,id00891
726168,726768,600,id00891
726768,730808,4040,id00891
730808,731392,584,id00891
731392,732258,866,id00891
732258,733093,835,id00891
733093,734158,1065,id00891
734158,734788,630,id00891
734788,737436,2648,id00891
737436,737908,472,id00891
737908,738262,354,id00891
738262,738821,559,id00891
738821,739543,722,id00891
739543,739948,405,id00891
739948,740645,697,id00891
740645,741035,390,id00891
741035,741430,395,id00891
741430,741799,369,id00891
741799,742168,369,id00891
742168,742624,456,id00891
742624,743009,385,id00891
743009,743465,456,id00891
743465,744131,666,id00891
744131,744623,492,id00891
744623,744941,318,id00891
744941,745510,569,id00891
745510,745828,318,id00891
745828,746438,610,id00891
746438,746817,379,id00891
746817,747161,344,id00891
747161,747499,338,id00891
747499,747837,338,id00891
747837,748462,625,id00891
748462,748831,369,id00891
748831,749512,681,id00891
749512,750270,758,id00891
750270,750655,385,id00891
750655,750978,323,id00891
750978,751675,697,id00891
751675,752239,564,id00891
752239,752920,681,id00891
752920,753340,420,id00891
753340,753663,323,id00891
753663,754135,472,id00891
754135,754622,487,id00891
754622,755462,840,id00891
755462,755903,441,id00891
755903,756513,610,id00891
756513,757082,569,id00891
757082,757564,482,id00891
757564,757959,395,id00891
757959,758482,523,id00891
758482,758820,338,id00891
758820,759251,431,id00891
759251,759636,385,id00930
759636,760220,584,id00930
760220,760538,318,id00930
760538,760912,374,id00930
760912,761522,610,id00930
761522,761845,323,id00930
761845,762199,354,id00930
762199,762778,579,id00930
762778,763321,543,id00930
763321,763741,420,id00930
763741,764156,415,id00930
764156,764740,584,id00930
764740,765329,589,id00930
765329,767040,1711,id00930
767040,767450,410,id00930
767450,768398,948,id00930
768398,770032,1634,id00930
770032,771333,1301,id00930
771333,772404,1071,id00930
772404,773014,610,id00930
773014,773532,518,id00930
773532,773963,431,id00930
773963,775100,1137,id00930
775100,775479,379,id00930
775479,776063,584,id00930
776063,776535,472,id00930
776535,777257,722,id00930
777257,777990,733,id00930
777990,778881,891,id00930
778881,779399,518,id00930
779399,779901,502,id00930
779901,780291,390,id00930
780291,780614,323,id00930
780614,780952,338,id00930
780952,781552,600,id00930
781552,782085,533,id00930
782085,782720,635,id00930
782720,783468,748,id00930
783468,786110,2642,id00930
786110,786684,574,id00930
786684,787591,907,id00930
787591,788651,1060,id00930
788651,789460,809,id00930
789460,789793,333,id00930
789793,790674,881,id00930
790674,791146,472,id00930
791146,791633,487,id00930
791633,791987,354,id00930
791987,792699,712,id00930
792699,793022,323,id00930
793022,793360,338,id00930
793360,793765,405,id00930
793765,794231,466,id00930
794231,794580,349,id00930
794580,795031,451,id00930
795031,795451,420,id00930
795451,795830,379,id00930
795830,796706,876,id00930
796706,797034,328,id00930
797034,797362,328,id00930
797362,797716,354,id00930
797716,798136,420,id00930
798136,798613,477,id00930
798613,799095,482,id00930
799095,799643,548,id00930
799643,800048,405,id00930
800048,800468,420,id00930
800468,801139,671,id00930
801139,801467,328,id00930
801467,802379,912,id00930
802379,802912,533,id00930
802912,803445,533,id00930
803445,803773,328,id00930
803773,805386,1613,id00930
805386,805745,359,id00930
805745,806135,390,id00930
806135,806678,543,id00930
806678,807170,492,id00930
807170,807575,405,id00930
807575,807944,369,id00930
807944,808369,425,id00930
808369,808754,385,id00930
808754,809108,354,id00930
809108,809508,400,id00930
809508,810282,774,id00930
810282,810748,466,id00930
810748,811721,973,id00930
811721,812157,436,id00930
812157,812536,379,id00930
812536,813550,1014,id00930
813550,814057,507,id00930
814057,814933,876,id00930
814933,815507,574,id00930
815507,815943,436,id00930
815943,816394,451,id00930
816394,816809,415,id00930
816809,817142,333,id00930
817142,817757,615,id00930
817757,818111,354,id00930
818111,818531,420,id00930
818531,818967,436,id00930
818967,819561,594,id00930
819561,820058,497,id00930
820058,820412,354,id00930
820412,820853,441,id00930
820853,821453,600,id00930
821453,821991,538,id00930
821991,822376,385,id00930
822376,822730,354,id00930
822730,823207,477,id00930
823207,823945,738,id00930
823945,824493,548,id00930
824493,824934,441,id00930
824934,826133,1199,id00930
826133,826830,697,id00930
826830,827194,364,id00930
827194,827691,497,id00930
827691,828019,328,id00930
828019,828424,405,id00947
828424,828768,344,id00947
828768,829163,395,id00947
829163,829517,354,id00947
829517,830137,620,id00947
830137,830680,543,id00947
830680,831136,456,id00947
831136,831654,518,id00947
831654,832315,661,id00947
832315,832653,338,id00947
832653,833386,733,id00947
833386,833735,349,id00947
833735,835451,1716,id00947
835451,836598,1147,id00947
836598,837254,656,id00947
837254,837587,333,id00947
837587,837925,338,id00947
837925,838263,338,id00947
838263,838581,318,id00947
838581,838996,415,id00947
838996,839365,369,id00947
839365,839821,456,id00947
839821,840159,338,id00947
840159,840503,344,id00947
840503,841138,635,id00947
841138,841517,379,id00947
841517,841948,431,id00947
841948,843029,1081,id00947
843029,843536,507,id00947
843536,844310,774,id00947
844310,845253,943,id00947
845253,845842,589,id00947
845842,846795,953,id00947
846795,847133,338,id00947
847133,847471,338,id00947
847471,847948,477,id00947
847948,848373,425,id00947
848373,848865,492,id00947
848865,849260,395,id00947
849260,849732,472,id00947
849732,850291,559,id00947
850291,850891,600,id00947
850891,851363,472,id00947
851363,851819,456,id00947
851819,852157,338,id00947
852157,852593,436,id00947
852593,852988,395,id00947
852988,853311,323,id00947
853311,853675,364,id00947
853675,854244,569,id00947
854244,854782,538,id00947
854782,855663,881,id00947
855663,856017,354,id00947
856017,856745,728,id00947
856745,857206,461,id00947
857206,857550,344,id00947
857550,857970,420,id00947
857970,858498,528,id00947
858498,859297,799,id00947
859297,859702,405,id00947
859702,860087,385,id00947
860087,860472,385,id00947
860472,860918,446,id00947
860918,861820,902,id00947
861820,862148,328,id00947
862148,862568,420,id00947
862568,863024,456,id00947
863024,864238,1214,id00947
864238,864694,456,id00947
864694,865207,513,id00947
865207,865822,615,id00947
865822,866253,431,id00947
866253,866581,328,id00947
866581,867022,441,id00947
867022,867355,333,id00947
867355,867724,369,id00947
867724,868513,789,id00947
868513,869066,553,id00947
869066,869486,420,id00947
869486,870055,569,id00947
870055,870813,758,id00947
870813,871136,323,id00947
871136,871495,359,id00947
871495,872023,528,id00947
872023,872520,497,id00947
872520,872864,344,id00947
872864,873392,528,id00947
873392,873869,477,id00947
873869,874274,405,id00947
874274,874689,415,id00947
874689,875120,431,id00947
875120,875489,369,id00947
875489,875935,446,id00947
875935,876596,661,id00947
876596,877820,1224,id00947
877820,878594,774,id00947
878594,878984,390,id00947
878984,879476,492,id00947
879476,879942,466,id00947
879942,880946,1004,id00947
880946,881264,318,id00947
881264,881771,507,id00947
881771,882089,318,id00947
882089,882463,374,id00947
882463,882817,354,id00947
882817,883801,984,id00947
883801,884134,333,id00947
884134,884744,610,id00947
884744,885344,600,id00947
885344,885718,374,id00947
885718,886282,564,id00947
886282,886928,646,id00947
886928,887522,594,id00947
887522,887850,328,id00947
887850,888255,405,id00947
888255,888619,364,id00947
888619,888983,364,id00947
888983,889408,425,id00947
889408,889803,395,id00947
889803,890234,431,id00947
890234,890880,646,id00947
890880,891224,344,id00947
891224,892177,953,id00947
892177,892777,600,id00947
892777,893428,651,id00947
893428,893900,472,id00947
893900,894274,374,id00947
894274,894756,482,id00947
894756,895238,482,id00947
895238,895638,400,id00947
895638,895982,344,id00947
895982,896530,548,id00947
896530,897775,1245,id00947
897775,898206,431,id00947
898206,899072,866,id00947
899072,899713,641,id00947
899713,900553,840,id00947
900553,900968,415,id00947
900968,901286,318,id00947
901286,901650,364,id00947
901650,902009,359,id00947
902009,902731,722,id00947
902731,903100,369,id01025
903100,903474,374,id01025
903474,903966,492,id01025
903966,904458,492,id01025
904458,905001,543,id01025
905001,905370,369,id01025
905370,905888,518,id01025
905888,906319,431,id01025
906319,906709,390,id01025
906709,907257,548,id01025
907257,908015,758,id01025
908015,908435,420,id01025
908435,909091,656,id01025
909091,909583,492,id01025
909583,910428,845,id01025
910428,910772,344,id01025
910772,911187,415,id01025
911187,911659,472,id01025
911659,912018,359,id01025
912018,912377,359,id01025
912377,913396,1019,id01025
913396,913734,338,id01025
913734,914508,774,id01025
914508,915343,835,id01025
915343,916557,1214,id01025
916557,917044,487,id01025
917044,918130,1086,id01025
918130,918479,349,id01025
918479,918997,518,id01025
918997,919929,932,id01025
919929,921169,1240,id01025
921169,921513,344,id01025
921513,922046,533,id01025
922046,922374,328,id01025
922374,923055,681,id01025
923055,923603,548,id01025
923603,924105,502,id01025
924105,924530,425,id01025
924530,924884,354,id01025
924884,925381,497,id01025
925381,925745,364,id01025
925745,926339,594,id01025
926339,926836,497,id01025
926836,927410,574,id01025
927410,928563,1153,id01025
928563,928901,338,id01025
928901,929501,600,id01025
929501,930085,584,id01025
930085,930429,344,id01025
930429,931407,978,id01025
931407,931920,513,id01025
931920,932484,564,id01025
932484,933073,589,id01025
933073,933432,359,id01025
933432,933893,461,id01025
933893,934231,338,id01025
934231,934677,446,id01025
934677,936342,1665,id01025
936342,937080,738,id01025
937080,937434,354,id01025
937434,937911,477,id01025
937911,938715,804,id01025
938715,939192,477,id01025
939192,939705,513,id01025
939705,940474,769,id01025
940474,941017,543,id01025
941017,941463,446,id01025
941463,942160,697,id01025
942160,942770,610,id01025
942770,943482,712,id01025
943482,944875,1393,id01025
944875,946391,1516,id01025
946391,946806,415,id01025
946806,947144,338,id01025
947144,947907,763,id01025
947907,949300,1393,id01025
949300,950877,1577,id01025
950877,951328,451,id01025
951328,951697,369,id01025
951697,952338,641,id01025
952338,953194,856,id01025
953194,953538,344,id01025
953538,954025,487,id01025
954025,954619,594,id01025
954619,955485,866,id01025
955485,956499,1014,id01025
956499,957365,866,id01025
957365,957709,344,id01025
957709,958242,533,id01025
958242,958867,625,id01025
958867,959467,600,id01025
959467,959821,354,id01025
959821,960144,323,id01025
960144,960595,451,id01025
960595,961143,548,id01025
961143,961993,850,id01025
961993,962454,461,id01025
962454,962869,415,id01025
962869,964037,1168,id01025
964037,964580,543,id01025
964580,965251,671,id01025
965251,965820,569,id01025
965820,966256,436,id01025
966256,966774,518,id01025
966774,967143,369,id01025
967143,967512,369,id01025
967512,968577,1065,id01025
968577,969356,779,id01025
969356,970247,891,id01025
970247,970877,630,id01025
970877,971553,676,id01025
971553,971968,415,id01025
971968,972450,482,id01025
972450,973316,866,id01025
973316,973967,651,id01025
973967,974413,446,id01025
974413,975028,615,id01025
975028,975459,431,id01025
975459,976842,1383,id01025
976842,977252,410,id01025
977252,977642,390,id01025
977642,978277,635,id01025
978277,978641,364,id01025
978641,979000,359,id01025
979000,979354,354,id01025
979354,979728,374,id01025
979728,981352,1624,id01025
981352,981767,415,id01025
981767,982489,722,id01025
982489,982879,390,id01025
982879,983223,344,id01025
983223,984150,927,id01025
984150,984965,815,id01025
984965,985309,344,id01025
985309,985678,369,id01025
985678,986339,661,id01025
986339,986688,349,id01025
986688,987026,338,id01025
987026,987523,497,id01025
987523,988000,477,id01025
988000,988436,436,id01025
988436,989046,610,id01025
989046,989436,390,id01025
989436,989764,328,id01025
989764,990169,405,id01025
990169,990702,533,id01025
990702,991435,733,id01025
991435,991814,379,id01025
991814,992147,333,id01025
992147,992475,328,id01025
992475,992982,507,id01025
992982,993428,446,id01025
993428,993797,369,id01025
993797,994294,497,id01025
994294,994832,538,id01025
994832,995339,507,id01025
995339,995734,395,id01025
995734,996272,538,id01025
996272,996723,451,id01025
996723,997333,610,id01025
997333,997871,538,id01025
997871,998471,600,id01025
998471,998815,344,id01025
998815,999322,507,id01025
999322,999829,507,id01025
999829,1000157,328,id01025
1000157,1001125,968,id01025
1001125,1001525,400,id01025
1001525,1002391,866,id01025
1002391,1002740,349,id01025
1002740,1003063,323,id01025
1003063,1005449,2386,id01025
1005449,1005803,354,id01025
1005803,1006397,594,id01025
1006397,1006966,569,id01025
1006966,1007310,344,id01025
1007310,1007674,364,id01025
1007674,1009692,2018,id01025
1009692,1010097,405,id01025
1010097,1011152,1055,id01025
1011152,1011475,323,id01025
1011475,1012279,804,id01025
1012279,1012607,328,id01025
1012607,1013135,528,id01025
1013135,1014472,1337,id01025
1014472,1015338,866,id01025
1015338,1015697,359,id01119
1015697,1016082,385,id01119
1016082,1016410,328,id01119
1016410,1016805,395,id01119
1016805,1017486,681,id01119
1017486,1018039,553,id01119
1018039,1019913,1874,id01119
1019913,1020344,431,id01119
1020344,1022439,2095,id01119
1022439,1023192,753,id01119
1023192,1023648,456,id01119
1023648,1024406,758,id01119
1024406,1024924,518,id01119
1024924,1025447,523,id01119
1025447,1026041,594,id01119
1026041,1026441,400,id01119
1026441,1027297,856,id01119
1027297,1027804,507,id01119
1027804,1028229,425,id01119
1028229,1028839,610,id01119
1028839,1029224,385,id01119
1029224,1029609,385,id01119
1029609,1030029,420,id01119
1030029,1030388,359,id01119
1030388,1030716,328,id01119
1030716,1031239,523,id01119
1031239,1031890,651,id01119
1031890,1032315,425,id01119
1032315,1032659,344,id01119
1032659,1033105,446,id01119
1033105,1033623,518,id01119
1033623,1034054,431,id01119
1034054,1034526,472,id01119
1034526,1034864,338,id01119
1034864,1035356,492,id01119
1035356,1035741,385,id01119
1035741,1036090,349,id01119
1036090,1036531,441,id01119
1036531,1037279,748,id01119
1037279,1037930,651,id01119
1037930,1038919,989,id01119
1038919,1039759,840,id01119
1039759,1040128,369,id01119
1040128,1041705,1577,id01119
1041705,1043835,2130,id01119
1043835,1044445,610,id01119
1044445,1044865,420,id01119
1044865,1045398,533,id01119
1045398,1045726,328,id01119
1045726,1046044,318,id01119
1046044,1046434,390,id01119
1046434,1046803,369,id01119
1046803,1047249,446,id01119
1047249,1047705,456,id01119
1047705,1048136,431,id01119
1048136,1049411,1275,id01119
1049411,1049842,431,id01119
1049842,1050298,456,id01119
1050298,1050667,369,id01119
1050667,1051077,410,id01119
1051077,1051595,518,id01119
1051595,1052256,661,id01119
1052256,1053388,1132,id01119
1053388,1053752,364,id01119
1053752,1054218,466,id01119
1054218,1054797,579,id01119
1054797,1055356,559,id01119
1055356,1055991,635,id01119
1055991,1056345,354,id01119
1056345,1057257,912,id01119
1057257,1057677,420,id01119
1057677,1058036,359,id01119
1058036,1058646,610,id01119
1058646,1059691,1045,id01119
1059691,1060710,1019,id01119
1060710,1061279,569,id01119
1061279,1061710,431,id01119
1061710,1062627,917,id01119
1062627,1063739,1112,id01119
1063739,1064723,984,id01119
1064723,1065701,978,id01119
1065701,1066106,405,id01119
1066106,1066885,779,id01119
1066885,1067623,738,id01119
1067623,1068038,415,id01119
1068038,1068392,354,id01244
1068392,1068812,420,id01244
1068812,1069202,390,id01244
1069202,1069556,354,id01244
1069556,1069987,431,id01244
1069987,1070484,497,id01244
1070484,1071155,671,id01244
1071155,1071739,584,id01244
1071739,1072077,338,id01244
1072077,1072518,441,id01244
1072518,1072862,344,id01244
1072862,1073287,425,id01244
1073287,1073881,594,id01244
1073881,1074557,676,id01244
1074557,1075034,477,id01244
1075034,1075797,763,id01244
1075797,1076161,364,id01244
1076161,1076745,584,id01244
1076745,1077073,328,id01244
1077073,1077401,328,id01244
1077401,1077745,344,id01244
1077745,1078314,569,id01244
1078314,1078632,318,id01244
1078632,1079124,492,id01244
1079124,1079514,390,id01244
1079514,1079832,318,id01244
1079832,1080595,763,id01244
1080595,1081046,451,id01244
1081046,1081425,379,id01244
1081425,1081774,349,id01244
1081774,1082522,748,id01244
1082522,1083157,635,id01244
1083157,1083475,318,id01244
1083475,1084136,661,id01264
1084136,1085022,886,id01264
1085022,1085417,395,id01264
1085417,1085945,528,id01264
1085945,1086340,395,id01264
1086340,1086873,533,id01264
1086873,1087636,763,id01264
1087636,1088440,804,id01264
1088440,1088768,328,id01264
1088768,1089291,523,id01264
1089291,1089650,359,id01264
1089650,1090029,379,id01264
1090029,1090495,466,id01264
1090495,1090864,369,id01264
1090864,1091474,610,id01264
1091474,1092074,600,id01264
1092074,1092392,318,id01264
1092392,1092730,338,id01264
1092730,1093120,390,id01264
1093120,1093540,420,id01264
1093540,1094124,584,id01264
1094124,1094514,390,id01264
1094514,1095395,881,id01264
1095395,1095974,579,id01264
1095974,1096773,799,id01264
1096773,1097265,492,id01264
1097265,1097685,420,id01264
1097685,1098279,594,id01264
1098279,1098966,687,id01264
1098966,1099525,559,id01264
1099525,1099843,318,id01264
1099843,1100161,318,id01264
1100161,1101452,1291,id01264
1101452,1102098,646,id01264
1102098,1102974,876,id01264
1102974,1103389,415,id01264
1103389,1104419,1030,id01264
1104419,1105044,625,id01264
1105044,1105423,379,id01264
1105423,1105746,323,id01264
1105746,1106371,625,id01264
1106371,1106725,354,id01264
1106725,1107427,702,id01264
1107427,1108247,820,id01264
1108247,1109292,1045,id01264
1109292,1110204,912,id01264
1110204,1110670,466,id01264
1110670,1111167,497,id01264
1111167,1111818,651,id01264
1111818,1112197,379,id01264
1112197,1112971,774,id01264
1112971,1114185,1214,id01264
1114185,1114570,385,id01264
1114570,1115026,456,id01264
1115026,1115385,359,id01264
1115385,1116312,927,id01264
1116312,1117884,1572,id01264
1117884,1118294,410,id01264
1118294,1118612,318,id01264
1118612,1119073,461,id01264
1119073,1119401,328,id01264
1119401,1120139,738,id01264
1120139,1120713,574,id01264
1120713,1121179,466,id01264
1121179,1121635,456,id01264
1121635,1121979,344,id01264
1121979,1122476,497,id01264
1122476,1122942,466,id01264
1122942,1123588,646,id01264
1123588,1123988,400,id01264
1123988,1124367,379,id01264
1124367,1125156,789,id01264
1125156,1125494,338,id01264
1125494,1125858,364,id01264
1125858,1126263,405,id01264
1126263,1126699,436,id01264
1126699,1127145,446,id01264
1127145,1127504,359,id01264
1127504,1127868,364,id01264
1127868,1128227,359,id01264
1128227,1128842,615,id01264
1128842,1129227,385,id01264
1129227,1129770,543,id01264
1129770,1130354,584,id01264
1130354,1130954,600,id01264
1130954,1131461,507,id01264
1131461,1131938,477,id01264
1131938,1132609,671,id01264
1132609,1133075,466,id01264
1133075,1134002,927,id01264
1134002,1134468,466,id01264
1134468,1134796,328,id01264
1134796,1135283,487,id01264
1135283,1135698,415,id01264
1135698,1136323,625,id01264
1136323,1137435,1112,id01264
1137435,1137886,451,id01264
1137886,1138772,886,id01264
1138772,1139223,451,id01264
1139223,1139689,466,id01264
1139689,1140027,338,id01264
1140027,1140345,318,id01264
1140345,1140776,431,id01264
1140776,1141207,431,id01264
1141207,1141653,446,id01264
1141653,1142570,917,id01264
1142570,1142898,328,id01264
1142898,1143395,497,id01264
1143395,1143733,338,id01264
1143733,1144752,1019,id01264
1144752,1145177,425,id01264
1145177,1145577,400,id01264
1145577,1146146,569,id01264
1146146,1146510,364,id01264
1146510,1147171,661,id01264
1147171,1147858,687,id01264
1147858,1148632,774,id01264
1148632,1149564,932,id01264
1149564,1150578,1014,id01264
1150578,1151239,661,id01264
1151239,1152504,1265,id01264
1152504,1153098,594,id01264
1153098,1153529,431,id01264
1153529,1153857,328,id01264
1153857,1155143,1286,id01264
1155143,1155533,390,id01264
1155533,1155969,436,id01264
1155969,1156584,615,id01264
1156584,1156974,390,id01264
1156974,1157374,400,id01264
1157374,1157851,477,id01264
1157851,1158374,523,id01264
1158374,1158933,559,id01264
1158933,1159599,666,id01264
1159599,1160270,671,id01264
1160270,1160864,594,id01264
1160864,1161330,466,id01264
1161330,1161873,543,id01264
1161873,1162437,564,id01264
1162437,1162909,472,id01264
1162909,1163242,333,id01264
1163242,1163688,446,id01264
1163688,1164129,441,id01264
1164129,1164990,861,id01264
1164990,1165359,369,id01264
1165359,1166240,881,id01264
1166240,1166619,379,id01264
1166619,1167085,466,id01264
1167085,1167429,344,id01264
1167429,1167936,507,id01264
1167936,1168786,850,id01264
1168786,1170020,1234,id01264
1170020,1170384,364,id01264
1170384,1171531,1147,id01264
1171531,1171869,338,id01264
1171869,1172735,866,id01264
1172735,1173232,497,id01264
1173232,1173586,354,id01264
1173586,1174139,553,id01264
1174139,1175123,984,id01264
1175123,1177018,1895,id01264
1177018,1177976,958,id01264
1177976,1178299,323,id01264
1178299,1178689,390,id01264
1178689,1179299,610,id01264
1179299,1180242,943,id01264
1180242,1181205,963,id01264
1181205,1181625,420,id01264
1181625,1182219,594,id01264
1182219,1182742,523,id01264
1182742,1184340,1598,id01264
1184340,1184975,635,id01264
1184975,1185493,518,id01264
1185493,1186722,1229,id01264
1186722,1187982,1260,id01264
1187982,1188433,451,id01264
1188433,1189150,717,id01264
1189150,1189468,318,id01264
1189468,1190948,1480,id01264
1190948,1191481,533,id01264
1191481,1191896,415,id01264
1191896,1192705,809,id01264
1192705,1193105,400,id01264
1193105,1193955,850,id01264
1193955,1194985,1030,id01264
1194985,1195518,533,id01264
1195518,1196240,722,id01264
1196240,1196727,487,id01264
1196727,1197091,364,id01264
1197091,1197701,610,id01264
1197701,1198500,799,id01264
1198500,1198915,415,id01264
1198915,1199704,789,id01264
1199704,1200534,830,id01264
1200534,1200924,390,id01264
1200924,1202496,1572,id01264
1202496,1203003,507,id01264
1203003,1203613,610,id01264
1203613,1204658,1045,id01264
1204658,1205447,789,id01264
1205447,1205842,395,id01264
1205842,1206180,338,id01264
1206180,1206667,487,id01264
1206667,1207011,344,id01264
1207011,1207764,753,id01264
1207764,1208179,415,id01264
1208179,1208773,594,id01264
1208773,1209219,446,id01264
1209219,1209839,620,id01264
1209839,1211217,1378,id01264
1211217,1211561,344,id01264
1211561,1211899,338,id01264
1211899,1212601,702,id01264
1212601,1212955,354,id01264
1212955,1213683,728,id01264
1213683,1214139,456,id01264
1214139,1214641,502,id01264
1214641,1215466,825,id01264
1215466,1216014,548,id01264
1216014,1216864,850,id01264
1216864,1217489,625,id01264
1217489,1217858,369,id01264
1217858,1218632,774,id01264
1218632,1219047,415,id01264
1219047,1219503,456,id01264
1219503,1219857,354,id01264
1219857,1220288,431,id01264
1220288,1220616,328,id01264
1220616,1220985,369,id01264
1220985,1222993,2008,id01264
1222993,1223536,543,id01264
1223536,1223926,390,id01264
1223926,1224392,466,id01264
1224392,1224853,461,id01264
1224853,1225207,354,id01264
1225207,1225730,523,id01264
1225730,1226145,415,id01264
1226145,1226504,359,id01264
1226504,1226950,446,id01264
1226950,1227314,364,id01264
1227314,1227658,344,id01264
1227658,1228048,390,id01264
1228048,1228770,722,id01264
1228770,1229134,364,id01264
1229134,1229585,451,id01264
1229585,1230051,466,id01264
1230051,1230420,369,id01264
1230420,1230979,559,id01264
1230979,1231369,390,id01264
1231369,1231743,374,id01264
1231743,1232107,364,id01264
1232107,1233009,902,id01264
1233009,1233414,405,id01264
1233414,1233819,405,id01264
1233819,1234229,410,id01264
1234229,1235095,866,id01264
1235095,1235577,482,id01264
1235577,1236274,697,id01264
1236274,1236848,574,id01264
1236848,1237289,441,id01264
1237289,1239046,1757,id01264
1239046,1239384,338,id01264
1239384,1239702,318,id01264
1239702,1240061,359,id01264
1240061,1240732,671,id01264
1240732,1243851,3119,id01264
1243851,1244261,410,id01264
1244261,1245598,1337,id01264
1245598,1246208,610,id01264
1246208,1247519,1311,id01264
1247519,1247837,318,id01264
1247837,1250853,3016,id01264
1250853,1252011,1158,id01264
1252011,1252867,856,id01264
1252867,1253497,630,id01264
1253497,1253846,349,id01264
1253846,1255342,1496,id01264
1255342,1256372,1030,id01264
1256372,1256823,451,id01264
1256823,1257479,656,id01264
1257479,1257884,405,id01264
1257884,1258304,420,id01264
1258304,1259211,907,id01264
1259211,1260445,1234,id01264
1260445,1261372,927,id01264
1261372,1262443,1071,id01264
1262443,1263130,687,id01264
1263130,1263632,502,id01264
1263632,1264047,415,id01264
1264047,1264723,676,id01264
1264723,1265195,472,id01264
1265195,1265907,712,id01264
1265907,1266245,338,id01264
1266245,1266932,687,id01264
1266932,1267450,518,id01264
1267450,1268096,646,id01264
1268096,1268644,548,id01264
1268644,1269955,1311,id01264
1269955,1270473,518,id01264
1270473,1270909,436,id01264
1270909,1271309,400,id01264
1271309,1271714,405,id01264
1271714,1272109,395,id01264
1272109,1274117,2008,id01264
1274117,1274445,328,id01264
1274445,1275004,559,id01264
1275004,1275394,390,id01264
1275394,1276301,907,id01264
1276301,1278150,1849,id01264
1278150,1278642,492,id01264
1278642,1279518,876,id01264
1279518,1280507,989,id01264
1280507,1281378,871,id01264
1281378,1282254,876,id01264
1282254,1282802,548,id01264
1282802,1283765,963,id01264
1283765,1285430,1665,id01264
1285430,1286859,1429,id01264
1286859,1289394,2535,id01264
1289394,1291079,1685,id01264
1291079,1291428,349,id01264
1291428,1291756,328,id01264
1291756,1292243,487,id01264
1292243,1292653,410,id01264
1292653,1293442,789,id01264
1293442,1293924,482,id01264
1293924,1294472,548,id01264
1294472,1295640,1168,id01264
1295640,1296798,1158,id01264
1296798,1297290,492,id01264
1297290,1297782,492,id01264
1297782,1298760,978,id01264
1298760,1299191,431,id01264
1299191,1300374,1183,id01264
1300374,1301096,722,id01264
1301096,1302766,1670,id01264
1302766,1303975,1209,id01264
1303975,1304467,492,id01264
1304467,1305061,594,id01264
1305061,1306787,1726,id01264
1306787,1307187,400,id01264
1307187,1307679,492,id01264
1307679,1308944,1265,id01264
1308944,1309282,338,id01264
1309282,1309800,518,id01264
1309800,1312878,3078,id01264
1312878,1313590,712,id01264
1313590,1314056,466,id01264
1314056,1315260,1204,id01264
1315260,1315691,431,id01264
1315691,1317565,1874,id01264
1317565,1317970,405,id01264
1317970,1318365,395,id01264
1318365,1318729,364,id01264
1318729,1319339,610,id01264
1319339,1320589,1250,id01264
1320589,1321055,466,id01264
1321055,1321844,789,id01264
1321844,1322341,497,id01264
1322341,1322756,415,id01264
1322756,1324405,1649,id01264
1324405,1324877,472,id01264
1324877,1325656,779,id01264
1325656,1326148,492,id01264
1326148,1326886,738,id01264
1326886,1327317,431,id01264
1327317,1327794,477,id01264
1327794,1328158,364,id01264
1328158,1328553,395,id01264
1328553,1329158,605,id01264
1329158,1330116,958,id01264
1330116,1331212,1096,id01264
1331212,1332124,912,id01264
1332124,1332596,472,id01264
1332596,1333006,410,id01264
1333006,1333350,344,id01264
1333350,1334124,774,id01264
1334124,1334693,569,id01264
1334693,1335385,692,id01264
1335385,1335959,574,id01264
1335959,1337485,1526,id01264
1337485,1338448,963,id01264
1338448,1339442,994,id01264
1339442,1339888,446,id01264
1339888,1340303,415,id01264
1340303,1340744,441,id01264
1340744,1341420,676,id01264
1341420,1342224,804,id01264
1342224,1342895,671,id01264
1342895,1343239,344,id01264
1343239,1343639,400,id01264
1343639,1344285,646,id01264
1344285,1344823,538,id01264
1344823,1345627,804,id01264
1345627,1346006,379,id01264
1346006,1346826,820,id01264
1346826,1347333,507,id01264
1347333,1348977,1644,id01264
1348977,1350160,1183,id01264
1350160,1351092,932,id01264
1351092,1352050,958,id01264
1352050,1352383,333,id01264
1352383,1352926,543,id01264
1352926,1353695,769,id01264
1353695,1354464,769,id01264
1354464,1355171,707,id01264
1355171,1355550,379,id01264
1355550,1355975,425,id01264
1355975,1356518,543,id01264
1356518,1357143,625,id01264
1357143,1357809,666,id01264
1357809,1358214,405,id01264
1358214,1359653,1439,id01264
1359653,1360616,963,id01264
1360616,1361702,1086,id01264
1361702,1364186,2484,id01264
1364186,1365692,1506,id01264
1365692,1366860,1168,id01264
1366860,1367393,533,id01264
1367393,1367742,349,id01264
1367742,1368127,385,id01264
1368127,1369157,1030,id01264
1369157,1369869,712,id01264
1369869,1370228,359,id01264
1370228,1370664,436,id01264
1370664,1371079,415,id01264
1371079,1373389,2310,id01264
1373389,1374623,1234,id01264
1374623,1375545,922,id01264
1375545,1376907,1362,id01264
1376907,1377430,523,id01264
1377430,1378388,958,id01264
1378388,1379336,948,id01264
1379336,1379879,543,id01264
1379879,1380304,425,id01264
1380304,1380648,344,id01264
1380648,1381130,482,id01264
1381130,1381561,431,id01264
1381561,1381894,333,id01264
1381894,1382898,1004,id01264
1382898,1383262,364,id01264
1383262,1383897,635,id01264
1383897,1384292,395,id01264
1384292,1384707,415,id01264
1384707,1385496,789,id01264
1385496,1385865,369,id01264
1385865,1386552,687,id01264
1386552,1387095,543,id01264
1387095,1387654,559,id01264
1387654,1388059,405,id01264
1388059,1389524,1465,id01284
1389524,1390057,533,id01284
1390057,1390431,374,id01284
1390431,1390759,328,id01284
1390759,1391184,425,id01284
1391184,1391538,354,id01284
1391538,1391856,318,id01284
1391856,1392235,379,id01284
1392235,1392691,456,id01284
1392691,1393224,533,id01284
1393224,1393675,451,id01284
1393675,1394141,466,id01284
1394141,1394536,395,id01284
1394536,1394921,385,id01284
1394921,1395469,548,id01284
1395469,1395884,415,id01284
1395884,1396248,364,id01284
1396248,1396581,333,id01284
1396581,1396930,349,id01284
1396930,1397258,328,id01284
1397258,1397673,415,id01284
1397673,1398293,620,id01284
1398293,1398949,656,id01284
1398949,1399431,482,id01284
1399431,1399759,328,id01284
1399759,1400108,349,id01284
1400108,1400759,651,id01284
1400759,1401128,369,id01284
1401128,1401569,441,id01284
1401569,1402189,620,id01685
1402189,1402553,364,id01685
1402553,1402943,390,id01685
1402943,1403420,477,id01685
1403420,1404245,825,id01685
1404245,1404752,507,id01685
1404752,1405090,338,id01685
1405090,1405638,548,id01685
1405638,1405992,354,id01685
1405992,1406330,338,id01685
1406330,1406689,359,id01685
1406689,1407130,441,id01685
1407130,1407448,318,id01685
1407448,1407766,318,id01685
1407766,1408130,364,id01685
1408130,1408678,548,id01685
1408678,1409037,359,id01685
1409037,1409667,630,id01685
1409667,1409985,318,id01685
1409985,1410375,390,id01685
1410375,1410893,518,id01685
1410893,1411216,323,id01685
1411216,1411560,344,id01685
1411560,1412073,513,id01685
1412073,1412545,472,id01685
1412545,1412935,390,id01685
1412935,1413663,728,id01685
1413663,1414042,379,id01685
1414042,1414974,932,id01685
1414974,1415727,753,id01685
1415727,1416419,692,id01685
1416419,1416814,395,id01685
1416814,1417178,364,id01685
1417178,1417691,513,id01685
1417691,1418577,886,id01685
1418577,1419228,651,id01685
1419228,1419664,436,id01685
1419664,1419997,333,id01685
1419997,1420366,369,id01685
1420366,1421032,666,id01685
1421032,1422051,1019,id01685
1422051,1422369,318,id01685
1422369,1422841,472,id01685
1422841,1423456,615,id01685
1423456,1423810,354,id01685
1423810,1424210,400,id01685
1424210,1424912,702,id01685
1424912,1425455,543,id01685
1425455,1425783,328,id01685
1425783,1426111,328,id01685
1426111,1427330,1219,id01685
1427330,1427945,615,id01685
1427945,1428775,830,id01685
1428775,1429508,733,id01685
1429508,1429913,405,id01685
1429913,1430379,466,id01685
1430379,1431214,835,id01685
1431214,1431547,333,id01685
1431547,1431937,390,id01685
1431937,1432542,605,id01685
1432542,1433254,712,id01685
1433254,1434273,1019,id01685
1434273,1434668,395,id01685
1434668,1435524,856,id01685
1435524,1435862,338,id01685
1435862,1436415,553,id01685
1436415,1436897,482,id01685
1436897,1437282,385,id01685
1437282,1437754,472,id01685
1437754,1438517,763,id01685
1438517,1439050,533,id01685
1439050,1439455,405,id01685
1439455,1440167,712,id01685
1440167,1440869,702,id01685
1440869,1441499,630,id01685
1441499,1441843,344,id01685
1441843,1442279,436,id01685
1442279,1442607,328,id01685
1442607,1443048,441,id01685
1443048,1443566,518,id01685
1443566,1444063,497,id01685
1444063,1444401,338,id01685
1444401,1444791,390,id01685
1444791,1445129,338,id01685
1445129,1445713,584,id01685
1445713,1446051,338,id01685
1446051,1446420,369,id01685
1446420,1446851,431,id01685
1446851,1447297,446,id01685
1447297,1447712,415,id01685
1447712,1448102,390,id01685
1448102,1448686,584,id01685
1448686,1449101,415,id01685
1449101,1449521,420,id01685
1449521,1449875,354,id01685
1449875,1450193,318,id01685
1450193,1450874,681,id01685
1450874,1451264,390,id01685
1451264,1452017,753,id01685
1452017,1452371,354,id01685
1452371,1452756,385,id01685
1452756,1453125,369,id01685
1453125,1453545,420,id01685
1453545,1453883,338,id01685
1453883,1454247,364,id01685
1454247,1454585,338,id01685
1454585,1454929,344,id01685
1454929,1455380,451,id01685
1455380,1455698,318,id01685
1455698,1456103,405,id01685
1456103,1456457,354,id01685
1456457,1456975,518,id01685
1456975,1457493,518,id01685
1457493,1458077,584,id01685
1458077,1459695,1618,id01685
1459695,1460059,364,id01685
1460059,1461017,958,id01685
1461017,1461565,548,id01685
1461565,1462451,886,id01685
1462451,1463819,1368,id01685
1463819,1464234,415,id01685
1464234,1464956,722,id01685
1464956,1465561,605,id01685
1465561,1466114,553,id01685
1466114,1466478,364,id01685
1466478,1466955,477,id01685
1466955,1467754,799,id01685
1467754,1468185,431,id01685
1468185,1469890,1705,id01685
1469890,1470536,646,id01685
1470536,1470926,390,id01685
1470926,1471526,600,id01685
1471526,1472146,620,id01685
1472146,1473089,943,id01685
1473089,1473525,436,id01685
1473525,1474877,1352,id01685
1474877,1475200,323,id01685
1475200,1475748,548,id01685
1475748,1476445,697,id01685
1476445,1476968,523,id01685
1476968,1477537,569,id01685
1477537,1477891,354,id01685
1477891,1478941,1050,id01685
1478941,1479628,687,id01685
1479628,1480729,1101,id01685
1480729,1481134,405,id01685
1481134,1481851,717,id01685
1481851,1482374,523,id01685
1482374,1482769,395,id01685
1482769,1483205,436,id01685
1483205,1483743,538,id01685
1483743,1484087,344,id01685
1484087,1484487,400,id01685
1484487,1484815,328,id01685
1484815,1485348,533,id01685
1485348,1485779,431,id01685
1485779,1486133,354,id01685
1486133,1488801,2668,id01685
1488801,1489795,994,id01685
1489795,1491244,1449,id01685
1491244,1491644,400,id01685
1491644,1492203,559,id01685
1492203,1492649,446,id01685
1492649,1493018,369,id01685
1493018,1493843,825,id01685
1493843,1494668,825,id01685
1494668,1495288,620,id01685
1495288,1495729,441,id01685
1495729,1496426,697,id01685
1496426,1497230,804,id01685
1497230,1497763,533,id01685
1497763,1498086,323,id01685
1498086,1499090,1004,id01685
1499090,1499761,671,id01685
1499761,1500284,523,id01685
1500284,1501104,820,id01685
1501104,1501458,354,id01685
1501458,1501878,420,id01685
1501878,1502718,840,id01685
1502718,1504219,1501,id01685
1504219,1504865,646,id01685
1504865,1505731,866,id01685
1505731,1506064,333,id01685
1506064,1506909,845,id01685
1506909,1507406,497,id01685
1507406,1507837,431,id01685
1507837,1508196,359,id01685
1508196,1508529,333,id01685
1508529,1509175,646,id01685
1509175,1509493,318,id01685
1509493,1509847,354,id01685
1509847,1510370,523,id01685
1510370,1511517,1147,id01774
1511517,1511845,328,id01774
1511845,1512445,600,id01774
1512445,1513096,651,id01774
1513096,1513660,564,id01774
1513660,1514152,492,id01774
1514152,1514716,564,id01774
1514716,1515408,692,id01774
1515408,1516105,697,id01774
1516105,1516740,635,id01774
1516740,1517334,594,id01774
1517334,1517770,436,id01774
1517770,1518180,410,id01774
1518180,1518539,359,id01774
1518539,1518867,328,id01774
1518867,1519236,369,id01774
1519236,1519759,523,id01774
1519759,1520236,477,id01774
1520236,1520749,513,id01774
1520749,1521845,1096,id01774
1521845,1522260,415,id01774
1522260,1523116,856,id01774
1523116,1524007,891,id01774
1524007,1524735,728,id01774
1524735,1525125,390,id01774
1525125,1525602,477,id01774
1525602,1526084,482,id01774
1526084,1526806,722,id01774
1526806,1527144,338,id01774
1527144,1528256,1112,id01774
1528256,1528779,523,id01774
1528779,1529399,620,id01774
1529399,1530004,605,id01774
1530004,1530588,584,id01774
1530588,1531070,482,id01774
1531070,1531675,605,id01774
1531675,1532280,605,id01774
1532280,1532813,533,id01774
1532813,1533638,825,id01774
1533638,1534673,1035,id01774
1534673,1535058,385,id01774
1535058,1535709,651,id01774
1535709,1536421,712,id01774
1536421,1537005,584,id01774
1537005,1537436,431,id01774
1537436,1537841,405,id01774
1537841,1538185,344,id01774
1538185,1538575,390,id01774
1538575,1539113,538,id01774
1539113,1539508,395,id01774
1539508,1540159,651,id01774
1540159,1540810,651,id01774
1540810,1541676,866,id01774
1541676,1542117,441,id01774
1542117,1542630,513,id01774
1542630,1543127,497,id01774
1543127,1543501,374,id01774
1543501,1543875,374,id01774
1543875,1544193,318,id01774
1544193,1544782,589,id01774
1544782,1545556,774,id01774
1545556,1546847,1291,id01774
1546847,1547175,328,id01774
1547175,1547631,456,id01774
1547631,1548154,523,id01774
1548154,1548702,548,id01774
1548702,1549035,333,id01774
1549035,1549548,513,id01774
1549548,1550117,569,id01774
1550117,1550522,405,id01774
1550522,1550840,318,id01774
1550840,1551219,379,id01774
1551219,1551537,318,id01774
1551537,1554538,3001,id01774
1554538,1555650,1112,id01774
1555650,1557294,1644,id01774
1557294,1558580,1286,id01774
1558580,1558965,385,id01774
1558965,1559314,349,id01774
1559314,1560170,856,id01774
1560170,1560595,425,id01774
1560595,1561000,405,id01775
1561000,1561369,369,id01775
1561369,1561733,364,id01775
1561733,1562051,318,id01775
1562051,1562620,569,id01775
1562620,1563296,676,id01775
1563296,1563814,518,id01775
1563814,1564337,523,id01775
1564337,1565346,1009,id01775
1565346,1565956,610,id01775
1565956,1566361,405,id01775
1566361,1566781,420,id01775
1566781,1567432,651,id01775
1567432,1567811,379,id01775
1567811,1568201,390,id01775
1568201,1568964,763,id01775
1568964,1569548,584,id01775
1569548,1569922,374,id01775
1569922,1570307,385,id01775
1570307,1570702,395,id01775
1570702,1571030,328,id01775
1571030,1571420,390,id01775
1571420,1571876,456,id01775
1571876,1572445,569,id01775
1572445,1572789,344,id01775
1572789,1573307,518,id01775
1573307,1573635,328,id01775
1573635,1574178,543,id01775
1574178,1574731,553,id01833
1574731,1575238,507,id01833
1575238,1575633,395,id01833
1575633,1576038,405,id01833
1576038,1576371,333,id01833
1576371,1576914,543,id01833
1576914,1577288,374,id01833
1577288,1577877,589,id01833
1577877,1578318,441,id01833
1578318,1578713,395,id01833
1578713,1579087,374,id01833
1579087,1579410,323,id01833
1579410,1579759,349,id01833
1579759,1580087,328,id01833
1580087,1580425,338,id01833
1580425,1581096,671,id01833
1581096,1581542,446,id01833
1581542,1582049,507,id01833
1582049,1582464,415,id01833
1582464,1582992,528,id01833
1582992,1583704,712,id01833
1583704,1584053,349,id01833
1584053,1585482,1429,id01833
1585482,1585836,354,id01833
1585836,1586256,420,id01833
1586256,1586702,446,id01833
1586702,1587199,497,id01833
1587199,1587589,390,id01833
1587589,1587912,323,id01833
1587912,1588481,569,id01833
1588481,1588871,390,id01833
1588871,1589384,513,id01833
1589384,1589948,564,id01833
1589948,1590604,656,id01833
1590604,1591224,620,id01833
1591224,1591583,359,id01833
1591583,1591932,349,id01833
1591932,1592532,600,id01833
1592532,1593085,553,id01833
1593085,1593490,405,id01833
1593490,1593885,395,id01833
1593885,1594382,497,id01833
1594382,1594992,610,id01833
1594992,1595464,472,id01833
1595464,1595782,318,id01833
1595782,1596115,333,id01833
1596115,1596520,405,id02070
1596520,1597002,482,id02070
1597002,1597714,712,id02070
1597714,1598964,1250,id02070
1598964,1599313,349,id02070
1599313,1599677,364,id02070
1599677,1600169,492,id02070
1600169,1600564,395,id02070
1600564,1601036,472,id02070
1601036,1601784,748,id02070
1601784,1602240,456,id02070
1602240,1603899,1659,id02070
1603899,1604232,333,id02070
1604232,1604622,390,id02070
1604622,1604960,338,id02070
1604960,1605682,722,id02070
1605682,1606051,369,id02070
1606051,1606558,507,id02070
1606558,1607030,472,id02070
1607030,1607752,722,id02070
1607752,1608393,641,id02070
1608393,1608849,456,id02070
1608849,1609397,548,id02070
1609397,1609971,574,id02070
1609971,1610530,559,id02070
1610530,1611176,646,id02070
1611176,1612175,999,id02070
1612175,1612810,635,id02070
1612810,1613138,328,id02070
1613138,1614168,1030,id02070
1614168,1614885,717,id02070
1614885,1615485,600,id02070
1615485,1615926,441,id02070
1615926,1616485,559,id02070
1616485,1616823,338,id02070
1616823,1617673,850,id02070
1617673,1618006,333,id02070
1618006,1618447,441,id02070
1618447,1619216,769,id02070
1619216,1619764,548,id02070
1619764,1620256,492,id02070
1620256,1620830,574,id02070
1620830,1621194,364,id02070
1621194,1621548,354,id02070
1621548,1621927,379,id02070
1621927,1622281,354,id02070
1622281,1622727,446,id02070
1622727,1623618,891,id02070
1623618,1624018,400,id02070
1624018,1624362,344,id02070
1624362,1624910,548,id02070
1624910,1625279,369,id02070
1625279,1625602,323,id02070
1625602,1625946,344,id02070
1625946,1626351,405,id02070
1626351,1626776,425,id02070
1626776,1627191,415,id02070
1627191,1627509,318,id02070
1627509,1628032,523,id02070
1628032,1628580,548,id02070
1628580,1628949,369,id02070
1628949,1629697,748,id02070
1629697,1630092,395,id02070
1630092,1630574,482,id02070
1630574,1631138,564,id02070
1631138,1631507,369,id02070
1631507,1631938,431,id02070
1631938,1632338,400,id02070
1632338,1633275,937,id02070
1633275,1633598,323,id02070
1633598,1633993,395,id02070
1633993,1634316,323,id02070
1634316,1635059,743,id02070
1635059,1635484,425,id02070
1635484,1635858,374,id02070
1635858,1636422,564,id02070
1636422,1636740,318,id02070
1636740,1637186,446,id02070
1637186,1637837,651,id02070
1637837,1638600,763,id02070
1638600,1639046,446,id02070
1639046,1639492,446,id02070
1639492,1639846,354,id02395
1639846,1640440,594,id02395
1640440,1640773,333,id02395
1640773,1641122,349,id02395
1641122,1641455,333,id02395
1641455,1641834,379,id02395
1641834,1642229,395,id02395
1642229,1642670,441,id02395
1642670,1643034,364,id02395
1643034,1643388,354,id02395
1643388,1643870,482,id02395
1643870,1644664,794,id02395
1644664,1645084,420,id02395
1645084,1645576,492,id02395
1645576,1645914,338,id02395
1645914,1646232,318,id02395
1646232,1646637,405,id02395
1646637,1647129,492,id02395
1647129,1647498,369,id02395
1647498,1647816,318,id02395
1647816,1649153,1337,id02395
1649153,1650137,984,id02395
1650137,1650655,518,id02395
1650655,1651843,1188,id02395
1651843,1652391,548,id02395
1652391,1652770,379,id02395
1652770,1653211,441,id02395
1653211,1653913,702,id02395
1653913,1654702,789,id02395
1654702,1655547,845,id02395
1655547,1655988,441,id02395
1655988,1656485,497,id02395
1656485,1657607,1122,id02586
1657607,1658381,774,id02586
1658381,1658940,559,id02586
1658940,1660190,1250,id02586
1660190,1660912,722,id02586
1660912,1661353,441,id02586
1661353,1661773,420,id02586
1661773,1665695,3922,id02586
1665695,1666064,369,id02586
1666064,1666669,605,id02586
1666669,1667135,466,id02586
1667135,1667550,415,id02586
1667550,1669814,2264,id02586
1669814,1670158,344,id02586
1670158,1670558,400,id02586
1670558,1670912,354,id02586
1670912,1671496,584,id02586
1671496,1671973,477,id02586
1671973,1672598,625,id02586
1672598,1672926,328,id02586
1672926,1673275,349,id02586
1673275,1673593,318,id02586
1673593,1673931,338,id02586
1673931,1674418,487,id02586
1674418,1674910,492,id02586
1674910,1675248,338,id02586
1675248,1675689,441,id02586
1675689,1676125,436,id02586
1676125,1676530,405,id02586
1676530,1676930,400,id02586
1676930,1677555,625,id02586
1677555,1677888,333,id02586
1677888,1678370,482,id02586
1678370,1678923,553,id02586
1678923,1679338,415,id02586
1679338,1680199,861,id02586
1680199,1680558,359,id02586
1680558,1681977,1419,id02586
1681977,1682336,359,id02586
1682336,1683048,712,id02586
1683048,1683453,405,id02586
1683453,1684012,559,id02586
1684012,1684402,390,id02586
1684402,1684848,446,id02586
1684848,1686129,1281,id02586
1686129,1686457,328,id02715
1686457,1686923,466,id02715
1686923,1687282,359,id02715
1687282,1687774,492,id02715
1687774,1688123,349,id02715
1688123,1688564,441,id02715
1688564,1689092,528,id02715
1689092,1689794,702,id02715
1689794,1690117,323,id02715
1690117,1690599,482,id02715
1690599,1691275,676,id02715
1691275,1692253,978,id02715
1692253,1692571,318,id02715
1692571,1693130,559,id02715
1693130,1693627,497,id02715
1693627,1694636,1009,id02715
1694636,1695056,420,id02715
1695056,1695656,600,id02715
1695656,1696015,359,id02715
1696015,1696753,738,id02715
1696753,1697199,446,id02715
1697199,1697911,712,id02715
1697911,1698301,390,id02715
1698301,1698619,318,id02715
1698619,1699070,451,id02715
1699070,1699470,400,id02715
1699470,1700336,866,id02715
1700336,1700654,318,id02715
1700654,1701177,523,id02715
1701177,1701659,482,id02715
1701659,1701977,318,id02715
1701977,1702592,615,id02715
1702592,1703130,538,id02715
1703130,1703468,338,id02715
1703468,1703812,344,id02715
1703812,1704586,774,id02715
1704586,1705534,948,id02715
1705534,1705929,395,id02715
1705929,1707194,1265,id02715
1707194,1707778,584,id02715
1707778,1708183,405,id02715
1708183,1708578,395,id02715
1708578,1708927,349,id02715
1708927,1709250,323,id02715
1709250,1709763,513,id02715
1709763,1710235,472,id02715
1710235,1710604,369,id02715
1710604,1711685,1081,id02715
1711685,1712331,646,id02715
1712331,1712695,364,id02715
1712695,1713049,354,id02715
1713049,1713608,559,id02715
1713608,1713926,318,id02715
1713926,1714244,318,id02715
1714244,1714685,441,id02715
1714685,1715269,584,id02715
1715269,1716048,779,id02715
1716048,1716760,712,id02715
1716760,1717098,338,id02715
1717098,1717621,523,id02715
1717621,1718159,538,id02715
1718159,1718533,374,id02715
1718533,1718999,466,id02715
1718999,1719481,482,id02715
1719481,1719835,354,id02715
1719835,1720199,364,id02715
1720199,1720758,559,id02715
1720758,1721183,425,id02715
1721183,1721634,451,id02715
1721634,1722525,891,id02715
1722525,1723611,1086,id02715
1723611,1724031,420,id02715
1724031,1724421,390,id02715
1724421,1725015,594,id02715
1725015,1725343,328,id02715
1725343,1726301,958,id02715
1726301,1726655,354,id02715
1726655,1727480,825,id02715
1727480,1727926,446,id02715
1727926,1728674,748,id02715
1728674,1729043,369,id02715
1729043,1730405,1362,id02715
1730405,1731107,702,id02715
1731107,1731681,574,id02715
1731681,1732485,804,id02715
1732485,1733161,676,id02715
1733161,1734529,1368,id02715
1734529,1735313,784,id02715
1735313,1735846,533,id02715
1735846,1736712,866,id02715
1736712,1738725,2013,id02715
1738725,1739166,441,id02715
1739166,1740144,978,id02715
1740144,1740687,543,id02715
1740687,1741107,420,id02715
1741107,1741425,318,id02715
1741425,1741881,456,id02715
1741881,1742470,589,id02715
1742470,1743433,963,id02715
1743433,1744053,620,id02715
1744053,1744811,758,id02715
1744811,1745559,748,id02715
1745559,1746235,676,id02715
1746235,1746625,390,id02715
1746625,1747056,431,id02715
1747056,1747727,671,id02715
1747727,1748291,564,id02715
1748291,1748696,405,id02715
1748696,1749997,1301,id02715
1749997,1750504,507,id02715
1750504,1750848,344,id02715
1750848,1751202,354,id02715
1751202,1751556,354,id02715
1751556,1751894,338,id02715
1751894,1752401,507,id02715
1752401,1752745,344,id02715
1752745,1753099,354,id02715
1753099,1753765,666,id02715
1753765,1754641,876,id02715
1754641,1755445,804,id02715
1755445,1755937,492,id02715
1755937,1757171,1234,id02715
1757171,1757668,497,id02715
1757668,1758160,492,id02715
1758160,1760040,1880,id02715
1760040,1760522,482,id02715
1760522,1760937,415,id02715
1760937,1762637,1700,id02715
1762637,1763001,364,id02715
1763001,1763979,978,id02715
1763979,1765070,1091,id02715
1765070,1765460,390,id02715
1765460,1766044,584,id02715
1766044,1767319,1275,id02715
1767319,1768144,825,id02715
1768144,1768984,840,id02715
1768984,1769973,989,id02715
1769973,1770311,338,id02715
1770311,1771254,943,id02715
1771254,1771736,482,id02715
1771736,1772090,354,id02715
1772090,1772562,472,id02715
1772562,1772895,333,id02715
1772895,1773438,543,id02715
1773438,1774099,661,id02715
1774099,1774734,635,id02715
1774734,1775472,738,id02715
1775472,1776502,1030,id02715
1776502,1777204,702,id02715
1777204,1778172,968,id02715
1778172,1778910,738,id02715
1778910,1779269,359,id02715
1779269,1780212,943,id02715
1780212,1780694,482,id02715
1780694,1781073,379,id02715
1781073,1781570,497,id02715
1781570,1781934,364,id02715
1781934,1782938,1004,id02715
1782938,1783947,1009,id02715
1783947,1784608,661,id02715
1784608,1785986,1378,id02715
1785986,1787563,1577,id02715
1787563,1789007,1444,id02715
1789007,1790016,1009,id02715
1790016,1790523,507,id02715
1790523,1792438,1915,id02715
1792438,1792792,354,id02715
1792792,1793402,610,id02715
1793402,1794160,758,id02715
1794160,1794565,405,id02715
1794565,1795062,497,id02715
1795062,1795564,502,id02715
1795564,1795974,410,id02715
1795974,1796543,569,id02715
1796543,1797071,528,id02715
1797071,1797502,431,id02715
1797502,1798004,502,id02715
1798004,1798701,697,id02715
1798701,1799142,441,id02715
1799142,1800033,891,id02715
1800033,1800443,410,id02715
1800443,1800879,436,id02715
1800879,1801504,625,id02715
1801504,1801909,405,id02715
1801909,1802237,328,id02715
1802237,1802555,318,id02715
1802555,1803600,1045,id02715
1803600,1804179,579,id02715
1804179,1804517,338,id02715
1804517,1804963,446,id02715
1804963,1805378,415,id02715
1805378,1806618,1240,id02715
1806618,1807346,728,id02715
1807346,1807920,574,id02715
1807920,1808504,584,id02715
1808504,1808848,344,id02715
1808848,1809289,441,id02715
1809289,1810032,743,id02715
1810032,1810355,323,id02715
1810355,1810862,507,id02715
1810862,1811328,466,id02715
1811328,1811835,507,id02715
1811835,1812798,963,id02715
1812798,1813280,482,id02715
1813280,1813828,548,id02715
1813828,1814709,881,id02715
1814709,1815452,743,id02715
1815452,1816016,564,id02715
1816016,1816831,815,id02715
1816831,1817267,436,id02715
1817267,1817682,415,id02715
1817682,1818148,466,id02715
1818148,1818492,344,id02715
1818492,1818887,395,id02715
1818887,1819210,323,id02715
1819210,1819554,344,id02715
1819554,1819903,349,id02715
1819903,1820769,866,id02715
1820769,1821164,395,id02715
1821164,1821630,466,id02715
1821630,1822358,728,id02715
1822358,1823418,1060,id02715
1823418,1824171,753,id02715
1824171,1824550,379,id02715
1824550,1824981,431,id02784
1824981,1825785,804,id02784
1825785,1826185,400,id02784
1826185,1826969,784,id02784
1826969,1827604,635,id02784
1827604,1828480,876,id02784
1828480,1829100,620,id02784
1829100,1829577,477,id02784
1829577,1830100,523,id02784
1830100,1830715,615,id02784
1830715,1831135,420,id02784
1831135,1831709,574,id02784
1831709,1832053,344,id02784
1832053,1832386,333,id02784
1832386,1832776,390,id02784
1832776,1833222,446,id02784
1833222,1833714,492,id02784
1833714,1834145,431,id02784
1834145,1834678,533,id02784
1834678,1835390,712,id02784
1835390,1835903,513,id02784
1835903,1836257,354,id02784
1836257,1837077,820,id02784
1837077,1837559,482,id02784
1837559,1838338,779,id02784
1838338,1838769,431,id02784
1838769,1839425,656,id02784
1839425,1839774,349,id02784
1839774,1840138,364,id02784
1840138,1840589,451,id02784
1840589,1841009,420,id02784
1841009,1841337,328,id02784
1841337,1841768,431,id02784
1841768,1842521,753,id02784
1842521,1842900,379,id02784
1842900,1843571,671,id02784
1843571,1843986,415,id02784
1843986,1844504,518,id02784
1844504,1845293,789,id02784
1845293,1845713,420,id02784
1845713,1846123,410,id02784
1846123,1846456,333,id02784
1846456,1847061,605,id02784
1847061,1847420,359,id02784
1847420,1847840,420,id02784
1847840,1848178,338,id02784
1848178,1848527,349,id02784
1848527,1848947,420,id02784
1848947,1849383,436,id02784
1849383,1850013,630,id02784
1850013,1850454,441,id02784
1850454,1850915,461,id02784
1850915,1851351,436,id02784
1851351,1851741,390,id02784
1851741,1852238,497,id02784
1852238,1852807,569,id02784
1852807,1853202,395,id02784
1853202,1853863,661,id02784
1853863,1854273,410,id02784
1854273,1855026,753,id02784
1855026,1855364,338,id02784
1855364,1855825,461,id02784
1855825,1856732,907,id02784
1856732,1857204,472,id02784
1857204,1857778,574,id02784
1857778,1858183,405,id02784
1858183,1858972,789,id02784
1858972,1859459,487,id02784
1859459,1859884,425,id02784
1859884,1860801,917,id02784
1860801,1861191,390,id02784
1861191,1861821,630,id02784
1861821,1862154,333,id02784
1862154,1862626,472,id02784
1862626,1863082,456,id02784
1863082,1863717,635,id02784
1863717,1864189,472,id02784
1864189,1864737,548,id02784
1864737,1865623,886,id02784
1865623,1866100,477,id02784
1866100,1866428,328,id02784
1866428,1866859,431,id02858
1866859,1867197,338,id02858
1867197,1867535,338,id02858
1867535,1868053,518,id02858
1868053,1868606,553,id02858
1868606,1868944,338,id02858
1868944,1869385,441,id02858
1869385,1869938,553,id02858
1869938,1870906,968,id02858
1870906,1871306,400,id02858
1871306,1871829,523,id02858
1871829,1872162,333,id02858
1872162,1872541,379,id02858
1872541,1872941,400,id02858
1872941,1873346,405,id02858
1873346,1873664,318,id02858
1873664,1874115,451,id02858
1874115,1874484,369,id02858
1874484,1874904,420,id02858
1874904,1875309,405,id02858
1875309,1875832,523,id02858
1875832,1876273,441,id02858
1876273,1876739,466,id02858
1876739,1877164,425,id02858
1877164,1877810,646,id02858
1877810,1878635,825,id02858
1878635,1879076,441,id02858
1879076,1879394,318,id02858
1879394,1879784,390,id02858
1879784,1880148,364,id02858
1880148,1881060,912,id02858
1881060,1881747,687,id02858
1881747,1882091,344,id02858
1882091,1883356,1265,id02858
1883356,1883705,349,id02858
1883705,1884264,559,id02858
1884264,1884761,497,id02858
1884761,1885186,425,id02858
1885186,1886728,1542,id02858
1886728,1887758,1030,id02858
1887758,1888818,1060,id02858
1888818,1889213,395,id02858
1889213,1889608,395,id02858
1889608,1890535,927,id02858
1890535,1890858,323,id02858
1890858,1891222,364,id03084
1891222,1891653,431,id03084
1891653,1892186,533,id03084
1892186,1893129,943,id03084
1893129,1893519,390,id03084
1893519,1893929,410,id03084
1893929,1894324,395,id03084
1894324,1894970,646,id03084
1894970,1895564,594,id03084
1895564,1896353,789,id03084
1896353,1896922,569,id03084
1896922,1897440,518,id03084
1897440,1897871,431,id03084
1897871,1898189,318,id03084
1898189,1898599,410,id03084
1898599,1899019,420,id03084
1899019,1899485,466,id03084
1899485,1899931,446,id03084
1899931,1900290,359,id03084
1900290,1900854,564,id03084
1900854,1901223,369,id03084
1901223,1901695,472,id03084
1901695,1902115,420,id03084
1902115,1902459,344,id03084
1902459,1902972,513,id03084
1902972,1903290,318,id03084
1903290,1903920,630,id03084
1903920,1904289,369,id03084
1904289,1904612,323,id03084
1904612,1905498,886,id03084
1905498,1905903,405,id03084
1905903,1907030,1127,id03084
1907030,1907543,513,id03084
1907543,1907943,400,id03084
1907943,1908543,600,id03084
1908543,1908999,456,id03084
1908999,1909368,369,id03084
1909368,1910336,968,id03084
1910336,1911110,774,id03084
1911110,1911822,712,id03084
1911822,1912258,436,id03084
1912258,1912617,359,id03084
1912617,1913140,523,id03084
1913140,1913458,318,id03084
1913458,1914160,702,id03084
1914160,1914744,584,id03084
1914744,1915333,589,id03084
1915333,1915892,559,id03084
1915892,1916753,861,id03084
1916753,1917813,1060,id03084
1917813,1918146,333,id03084
1918146,1918479,333,id03084
1918479,1919022,543,id03084
1919022,1919442,420,id03084
1919442,1919811,369,id03084
1919811,1920293,482,id03084
1920293,1920631,338,id03084
1920631,1921184,553,id03084
1921184,1921656,472,id03084
1921656,1922409,753,id03084
1922409,1922932,523,id03084
1922932,1923445,513,id03100
1923445,1924270,825,id03100
1924270,1924767,497,id03100
1924767,1925259,492,id03100
1925259,1925577,318,id03100
1925577,1926100,523,id03100
1926100,1927002,902,id03100
1927002,1927934,932,id03100
1927934,1928831,897,id03100
1928831,1929502,671,id03100
1929502,1930358,856,id03100
1930358,1930906,548,id03100
1930906,1931603,697,id03100
1931603,1931957,354,id03100
1931957,1932495,538,id03100
1932495,1932854,359,id03100
1932854,1933397,543,id03100
1933397,1933961,564,id03100
1933961,1934340,379,id03100
1934340,1934950,610,id03100
1934950,1935268,318,id03100
1935268,1935903,635,id03100
1935903,1936487,584,id03100
1936487,1937107,620,id03100
1937107,1937773,666,id03100
1937773,1938117,344,id03100
1938117,1938583,466,id03100
1938583,1939008,425,id03100
1939008,1939413,405,id03100
1939413,1939926,513,id03100
1939926,1940300,374,id03100
1940300,1940628,328,id03100
1940628,1940956,328,id03100
1940956,1941289,333,id03100
1941289,1941607,318,id03100
1941607,1941951,344,id03100
1941951,1942423,472,id03100
1942423,1942772,349,id03100
1942772,1943116,344,id03100
1943116,1943613,497,id03100
1943613,1944105,492,id03100
1944105,1944433,328,id03100
1944433,1945155,722,id03100
1945155,1945586,431,id03100
1945586,1945935,349,id03100
1945935,1946366,431,id03100
1946366,1946791,425,id03100
1946791,1947206,415,id03100
1947206,1947534,328,id03100
1947534,1947903,369,id03100
1947903,1948462,559,id03100
1948462,1948882,420,id03100
1948882,1949210,328,id03100
1949210,1949564,354,id03100
1949564,1950179,615,id03100
1950179,1950523,344,id03100
1950523,1950867,344,id03100
1950867,1951211,344,id03100
1951211,1951565,354,id03100
1951565,1952226,661,id03100
1952226,1953184,958,id03100
1953184,1953522,338,id03100
1953522,1953927,405,id03100
1953927,1954332,405,id03100
1954332,1954763,431,id03100
1954763,1955409,646,id03100
1955409,1955747,338,id03100
1955747,1956132,385,id03100
1956132,1956604,472,id03100
1956604,1956983,379,id03100
1956983,1957577,594,id03100
1957577,1958177,600,id03100
1958177,1958797,620,id03100
1958797,1959263,466,id03100
1959263,1960984,1721,id03100
1960984,1961328,344,id03100
1961328,1961723,395,id03100
1961723,1962154,431,id03100
1962154,1962477,323,id03100
1962477,1963148,671,id03100
1963148,1964413,1265,id03100
1964413,1964859,446,id03100
1964859,1965812,953,id03100
1965812,1966207,395,id03100
1966207,1966535,328,id03100
1966535,1966889,354,id03100
1966889,1967227,338,id03100
1967227,1967622,395,id03100
1967622,1967991,369,id03100
1967991,1968335,344,id03100
1968335,1968801,466,id03100
1968801,1969124,323,id03100
1969124,1969580,456,id03100
1969580,1969985,405,id03100
1969985,1970457,472,id03100
1970457,1970836,379,id03100
1970836,1971354,518,id03100
1971354,1971913,559,id03100
1971913,1972651,738,id03100
1972651,1973066,415,id03100
1973066,1973932,866,id03100
1973932,1974347,415,id03100
1974347,1974783,436,id03100
1974783,1975173,390,id03100
1975173,1975696,523,id03100
1975696,1976296,600,id03100
1976296,1976742,446,id03100
1976742,1977101,359,id03100
1977101,1977777,676,id03100
1977777,1978115,338,id03100
1978115,1978674,559,id03100
1978674,1979089,415,id03100
1979089,1979494,405,id03100
1979494,1979894,400,id03100
1979894,1980258,364,id03100
1980258,1980602,344,id03100
1980602,1981079,477,id03100
1981079,1981617,538,id03100
1981617,1982073,456,id03100
1982073,1982401,328,id03100
1982401,1983026,625,id03100
1983026,1983395,369,id03100
1983395,1983882,487,id03100
1983882,1984563,681,id03100
1984563,1984891,328,id03100
1984891,1985250,359,id03100
1985250,1985614,364,id03100
1985614,1985963,349,id03100
1985963,1986440,477,id03100
1986440,1986871,431,id03100
1986871,1987194,323,id03100
1987194,1987896,702,id03100
1987896,1988219,323,id03100
1988219,1988624,405,id03100
1988624,1989152,528,id03100
1989152,1989915,763,id03100
1989915,1990847,932,id03100
1990847,1992404,1557,id03100
1992404,1992845,441,id03100
1992845,1993189,344,id03100
1993189,1993732,543,id03100
1993732,1994214,482,id03100
1994214,1994558,344,id03100
1994558,1994932,374,id03100
1994932,1995296,364,id03100
1995296,1995742,446,id03100
1995742,1996070,328,id03100
1996070,1996552,482,id03100
1996552,1997044,492,id03100
1997044,1997766,722,id03100
1997766,1998191,425,id03100
1998191,1998591,400,id03100
1998591,1999191,600,id03100
1999191,1999565,374,id03100
1999565,2000072,507,id03100
2000072,2000774,702,id03100
2000774,2001128,354,id03100
2001128,2001451,323,id03100
2001451,2001779,328,id03100
2001779,2002814,1035,id03100
2002814,2003506,692,id03100
2003506,2004111,605,id03100
2004111,2004536,425,id03100
2004536,2004936,400,id03100
2004936,2005387,451,id03100
2005387,2005720,333,id03100
2005720,2006048,328,id03100
2006048,2006412,364,id03100
2006412,2007006,594,id03100
2007006,2007815,809,id03100
2007815,2008230,415,id03100
2008230,2008620,390,id03100
2008620,2010208,1588,id03100
2010208,2010562,354,id03100
2010562,2011090,528,id03100
2011090,2011495,405,id03100
2011495,2011931,436,id03100
2011931,2012259,328,id03124
2012259,2012577,318,id03124
2012577,2012982,405,id03124
2012982,2013535,553,id03124
2013535,2013904,369,id03124
2013904,2014258,354,id03124
2014258,2014837,579,id03124
2014837,2015375,538,id03124
2015375,2015693,318,id03124
2015693,2016057,364,id03124
2016057,2016426,369,id03124
2016426,2017553,1127,id03124
2017553,2017922,369,id03124
2017922,2018271,349,id03124
2018271,2018799,528,id03124
2018799,2019209,410,id03124
2019209,2019798,589,id03124
2019798,2020259,461,id03124
2020259,2020628,369,id03124
2020628,2021238,610,id03124
2021238,2021623,385,id03124
2021623,2022079,456,id03124
2022079,2022510,431,id03124
2022510,2023028,518,id03124
2023028,2023592,564,id03124
2023592,2023936,344,id03124
2023936,2024315,379,id03124
2024315,2024679,364,id03124
2024679,2025606,927,id03124
2025606,2026349,743,id03124
2026349,2027292,943,id03124
2027292,2028419,1127,id03124
2028419,2028752,333,id03124
2028752,2029311,559,id03124
2029311,2029665,354,id03124
2029665,2030034,369,id03124
2030034,2030352,318,id03124
2030352,2030818,466,id03124
2030818,2031269,451,id03124
2031269,2031654,385,id03124
2031654,2032090,436,id03124
2032090,2032515,425,id03124
2032515,2032864,349,id03124
2032864,2033197,333,id03124
2033197,2033720,523,id03124
2033720,2034238,518,id03124
2034238,2035104,866,id03124
2035104,2035550,446,id03124
2035550,2035894,344,id03124
2035894,2036227,333,id03381
2036227,2036939,712,id03381
2036939,2037293,354,id03381
2037293,2037734,441,id03381
2037734,2038328,594,id03381
2038328,2038851,523,id03381
2038851,2039901,1050,id03381
2039901,2040654,753,id03381
2040654,2041382,728,id03381
2041382,2042893,1511,id03381
2042893,2043344,451,id03381
2043344,2044159,815,id03381
2044159,2045445,1286,id03381
2045445,2046152,707,id03381
2046152,2046905,753,id03381
2046905,2047274,369,id03381
2047274,2048437,1163,id03381
2048437,2050209,1772,id03381
2050209,2050716,507,id03381
2050716,2051305,589,id03381
2051305,2051992,687,id03381
2051992,2052510,518,id03381
2052510,2053176,666,id03381
2053176,2053914,738,id03381
2053914,2054631,717,id03381
2054631,2055256,625,id03381
2055256,2055968,712,id03381
2055968,2056286,318,id03381
2056286,2056742,456,id03381
2056742,2057255,513,id03381
2057255,2057640,385,id03381
2057640,2057999,359,id03381
2057999,2058706,707,id03381
2058706,2059367,661,id03381
2059367,2059685,318,id03381
2059685,2060080,395,id03381
2060080,2061033,953,id03381
2061033,2062037,1004,id03381
2062037,2062509,472,id03381
2062509,2063242,733,id03381
2063242,2064251,1009,id03381
2064251,2065567,1316,id03381
2065567,2066443,876,id03381
2066443,2067252,809,id03381
2067252,2069173,1921,id03381
2069173,2069588,415,id03381
2069588,2069952,364,id03381
2069952,2070721,769,id03381
2070721,2071054,333,id03381
2071054,2071392,338,id03381
2071392,2072043,651,id03381
2072043,2072422,379,id03381
2072422,2072837,415,id03381
2072837,2073959,1122,id03381
2073959,2074349,390,id03381
2074349,2074892,543,id03381
2074892,2075686,794,id03381
2075686,2076255,569,id03381
2076255,2078462,2207,id03381
2078462,2079568,1106,id03381
2079568,2080777,1209,id03381
2080777,2081249,472,id03381
2081249,2081649,400,id03381
2081649,2082382,733,id03381
2082382,2083084,702,id03381
2083084,2084344,1260,id03381
2084344,2084795,451,id03381
2084795,2085840,1045,id03381
2085840,2087474,1634,id03381
2087474,2088611,1137,id03381
2088611,2089257,646,id03381
2089257,2089662,405,id03381
2089662,2090446,784,id03381
2090446,2091199,753,id03381
2091199,2091604,405,id03381
2091604,2092060,456,id03381
2092060,2092485,425,id03381
2092485,2093561,1076,id03381
2093561,2094017,456,id03381
2094017,2094402,385,id03381
2094402,2094740,338,id03381
2094740,2095155,415,id03381
2095155,2095519,364,id03381
2095519,2095837,318,id03381
2095837,2096396,559,id03381
2096396,2096786,390,id03381
2096786,2097114,328,id03381
2097114,2097621,507,id03381
2097621,2098000,379,id03381
2098000,2098344,344,id03381
2098344,2098708,364,id03381
2098708,2099174,466,id03381
2099174,2099733,559,id03381
2099733,2100148,415,id03381
2100148,2100630,482,id03381
2100630,2101358,728,id03381
2101358,2101993,635,id03381
2101993,2102777,784,id03381
2102777,2104114,1337,id03381
2104114,2104760,646,id03381
2104760,2105129,369,id03381
2105129,2105652,523,id03381
2105652,2106241,589,id03381
2106241,2106620,379,id03381
2106620,2107209,589,id03381
2107209,2107645,436,id03381
2107645,2108838,1193,id03381
2108838,2109192,354,id03381
2109192,2109658,466,id03381
2109658,2110124,466,id03381
2110124,2110473,349,id03381
2110473,2111032,559,id03381
2111032,2111575,543,id03381
2111575,2112067,492,id03381
2112067,2112431,364,id03381
2112431,2113056,625,id03381
2113056,2113615,559,id03381
2113615,2114225,610,id03381
2114225,2114753,528,id03381
2114753,2115107,354,id03381
2115107,2115476,369,id03381
2115476,2116250,774,id03381
2116250,2116583,333,id03381
2116583,2117249,666,id03381
2117249,2117613,364,id03381
2117613,2118238,625,id03381
2118238,2118623,385,id03381
2118623,2119095,472,id03381
2119095,2119444,349,id03381
2119444,2119788,344,id03381
2119788,2120167,379,id04025
2120167,2120536,369,id04025
2120536,2121033,497,id04025
2121033,2121377,344,id04025
2121377,2121741,364,id04025
2121741,2122259,518,id04025
2122259,2123007,748,id04025
2123007,2123335,328,id04025
2123335,2123689,354,id04025
2123689,2124125,436,id04025
2124125,2124581,456,id04025
2124581,2124950,369,id04025
2124950,2125304,354,id04025
2125304,2125781,477,id04025
2125781,2126314,533,id04025
2126314,2126775,461,id04025
2126775,2127211,436,id04025
2127211,2128256,1045,id04025
2128256,2128712,456,id04025
2128712,2129127,415,id04025
2129127,2129665,538,id04025
2129665,2130213,548,id04025
2130213,2130864,651,id04025
2130864,2131208,344,id04025
2131208,2131628,420,id04025
2131628,2132130,502,id04025
2132130,2132683,553,id04025
2132683,2133759,1076,id04025
2133759,2134727,968,id04025
2134727,2135255,528,id04025
2135255,2135619,364,id04025
2135619,2136014,395,id04025
2136014,2136486,472,id04025
2136486,2136835,349,id04025
2136835,2137691,856,id04025
2137691,2138070,379,id04025
2138070,2138782,712,id04025
2138782,2139597,815,id04025
2139597,2139925,328,id04025
2139925,2140253,328,id04025
2140253,2140832,579,id04025
2140832,2141252,420,id04025
2141252,2141672,420,id04025
2141672,2142169,497,id04025
2142169,2142830,661,id04025
2142830,2143209,379,id04025
2143209,2143926,717,id04025
2143926,2144259,333,id04025
2144259,2144674,415,id04025
2144674,2145504,830,id04025
2145504,2145868,364,id04025
2145868,2146196,328,id04025
2146196,2146519,323,id04025
2146519,2148076,1557,id04025
2148076,2148670,594,id04025
2148670,2149003,333,id04025
2149003,2149347,344,id04025
2149347,2150249,902,id04025
2150249,2150587,338,id04025
2150587,2150977,390,id04025
2150977,2151786,809,id04025
2151786,2153200,1414,id04025
2153200,2153523,323,id04025
2153523,2153928,405,id04025
2153928,2154466,538,id04025
2154466,2155194,728,id04025
2155194,2155747,553,id04025
2155747,2156116,369,id04025
2156116,2156736,620,id04025
2156736,2157054,318,id04025
2157054,2157741,687,id04025
2157741,2159134,1393,id04025
2159134,2159498,364,id04025
2159498,2159939,441,id04025
2159939,2160339,400,id04025
2160339,2161246,907,id04025
2161246,2161636,390,id04025
2161636,2162527,891,id04025
2162527,2162876,349,id04025
2162876,2163501,625,id04025
2163501,2164838,1337,id04025
2164838,2165391,553,id04025
2165391,2165939,548,id04025
2165939,2166257,318,id04025
2166257,2167046,789,id04025
2167046,2167584,538,id04025
2167584,2168025,441,id04025
2168025,2168814,789,id04025
2168814,2169618,804,id04025
2169618,2169987,369,id04025
2169987,2170341,354,id04025
2170341,2170787,446,id04025
2170787,2171704,917,id04025
2171704,2172170,466,id04025
2172170,2173107,937,id04025
2173107,2173553,446,id04025
2173553,2174050,497,id04025
2174050,2175003,953,id04025
2175003,2175725,722,id04025
2175725,2177139,1414,id04025
2177139,2177493,354,id04025
2177493,2178712,1219,id04025
2178712,2179143,431,id04025
2179143,2179558,415,id04025
2179558,2179953,395,id04025
2179953,2181766,1813,id04025
2181766,2182616,850,id04025
2182616,2183195,579,id04025
2183195,2183523,328,id04025
2183523,2183908,385,id04025
2183908,2184579,671,id04025
2184579,2185086,507,id04025
2185086,2185588,502,id04025
2185588,2186111,523,id04025
2186111,2186577,466,id04025
2186577,2187130,553,id04025
2187130,2187791,661,id04025
2187791,2188288,497,id04025
2188288,2188867,579,id04025
2188867,2189467,600,id04025
2189467,2190512,1045,id04025
2190512,2191362,850,id04025
2191362,2192673,1311,id04025
2192673,2193820,1147,id04025
2193820,2194399,579,id04025
2194399,2194947,548,id04025
2194947,2195413,466,id04025
2195413,2195910,497,id04025
2195910,2196433,523,id04025
2196433,2196889,456,id04025
2196889,2197233,344,id04025
2197233,2197597,364,id04025
2197597,2197966,369,id04025
2197966,2198386,420,id04025
2198386,2198709,323,id04025
2198709,2199027,318,id04025
2199027,2199458,431,id04025
2199458,2200984,1526,id04025
2200984,2201358,374,id04025
2201358,2202311,953,id04025
2202311,2203551,1240,id04025
2203551,2204258,707,id04025
2204258,2204965,707,id04025
2204965,2205288,323,id04025
2205288,2205652,364,id04025
2205652,2206072,420,id04025
2206072,2206487,415,id04025
2206487,2206831,344,id04025
2206831,2208019,1188,id04025
2208019,2208368,349,id04025
2208368,2208758,390,id04025
2208758,2209557,799,id04025
2209557,2210192,635,id04025
2210192,2210530,338,id04025
2210530,2211421,891,id04025
2211421,2211795,374,id04025
2211795,2212640,845,id04025
2212640,2212963,323,id04025
2212963,2213435,472,id04025
2213435,2213799,364,id04025
2213799,2214844,1045,id04025
2214844,2215925,1081,id04025
2215925,2216386,461,id04025
2216386,2216730,344,id04025
2216730,2217243,513,id04025
2217243,2217607,364,id04025
2217607,2218171,564,id04025
2218171,2218653,482,id04025
2218653,2219002,349,id04105
2219002,2219433,431,id04105
2219433,2220099,666,id04105
2220099,2220565,466,id04105
2220565,2220924,359,id04105
2220924,2221314,390,id04105
2221314,2221780,466,id04105
2221780,2222129,349,id04105
2222129,2222642,513,id04105
2222642,2223139,497,id04105
2223139,2223493,354,id04105
2223493,2223821,328,id04105
2223821,2224267,446,id04105
2224267,2224687,420,id04105
2224687,2225230,543,id04105
2225230,2225886,656,id04105
2225886,2226245,359,id04105
2226245,2226614,369,id04105
2226614,2226999,385,id04105
2226999,2227455,456,id04105
2227455,2227824,369,id04105
2227824,2228142,318,id04105
2228142,2228634,492,id04105
2228634,2229003,369,id04105
2229003,2229321,318,id04105
2229321,2229685,364,id04105
2229685,2230182,497,id04105
2230182,2230561,379,id04105
2230561,2231166,605,id04132
2231166,2231510,344,id04132
2231510,2231900,390,id04132
2231900,2232279,379,id04132
2232279,2232699,420,id04132
2232699,2233084,385,id04132
2233084,2233474,390,id04132
2233474,2233848,374,id04132
2233848,2234494,646,id04132
2234494,2234873,379,id04132
2234873,2235222,349,id04132
2235222,2235658,436,id04132
2235658,2236130,472,id04132
2236130,2236745,615,id04132
2236745,2237186,441,id04132
2237186,2237591,405,id04132
2237591,2238472,881,id04132
2238472,2238862,390,id04132
2238862,2239185,323,id04132
2239185,2240010,825,id04132
2240010,2240369,359,id04132
2240369,2241347,978,id04132
2241347,2241783,436,id04132
2241783,2242495,712,id04132
2242495,2243028,533,id04132
2243028,2243571,543,id04132
2243571,2243976,405,id04132
2243976,2244468,492,id04132
2244468,2245324,856,id04132
2245324,2246036,712,id04132
2246036,2246533,497,id04132
2246533,2246851,318,id04132
2246851,2248065,1214,id04132
2248065,2248460,395,id04132
2248460,2248824,364,id04132
2248824,2249511,687,id04132
2249511,2249844,333,id04132
2249844,2250203,359,id04132
2250203,2250588,385,id04132
2250588,2250906,318,id04132
2250906,2251331,425,id04132
2251331,2251680,349,id04132
2251680,2252034,354,id04132
2252034,2252526,492,id04132
2252526,2252864,338,id04132
2252864,2253274,410,id04132
2253274,2253735,461,id04132
2253735,2254079,344,id04132
2254079,2254458,379,id04132
2254458,2254971,513,id04132
2254971,2255407,436,id04132
2255407,2255776,369,id04132
2255776,2256114,338,id04132
2256114,2256442,328,id04132
2256442,2256821,379,id04132
2256821,2257769,948,id04132
2257769,2258174,405,id04132
2258174,2258497,323,id04132
2258497,2258882,385,id04132
2258882,2259287,405,id04132
2259287,2259938,651,id04132
2259938,2260573,635,id04132
2260573,2261080,507,id04132
2261080,2261408,328,id04132
2261408,2261956,548,id04132
2261956,2262294,338,id04132
2262294,2262791,497,id04132
2262791,2263160,369,id04132
2263160,2263688,528,id04132
2263688,2264057,369,id04132
2264057,2264395,338,id04132
2264395,2264815,420,id04132
2264815,2265205,390,id04132
2265205,2265569,364,id04132
2265569,2265959,390,id04132
2265959,2266364,405,id04132
2266364,2266887,523,id04132
2266887,2267215,328,id04132
2267215,2267605,390,id04132
2267605,2268614,1009,id04132
2268614,2269065,451,id04132
2269065,2269444,379,id04132
2269444,2270428,984,id04159
2270428,2271355,927,id04159
2271355,2272328,973,id04159
2272328,2272825,497,id04159
2272825,2273327,502,id04159
2273327,2273916,589,id04159
2273916,2274423,507,id04159
2274423,2274925,502,id04159
2274925,2275724,799,id04159
2275724,2276052,328,id04159
2276052,2276826,774,id04159
2276826,2277180,354,id04159
2277180,2277646,466,id04159
2277646,2277964,318,id04159
2277964,2278318,354,id04159
2278318,2278882,564,id04159
2278882,2279297,415,id04159
2279297,2279917,620,id04159
2279917,2280235,318,id04159
2280235,2280640,405,id04159
2280640,2280978,338,id04159
2280978,2281403,425,id04159
2281403,2281839,436,id04159
2281839,2282398,559,id04159
2282398,2282752,354,id04159
2282752,2283321,569,id04159
2283321,2283798,477,id04159
2283798,2284546,748,id04159
2284546,2285146,600,id04159
2285146,2285577,431,id04159
2285577,2285931,354,id04159
2285931,2286597,666,id04159
2286597,2287319,722,id04159
2287319,2288226,907,id04159
2288226,2288631,405,id04159
2288631,2289384,753,id04159
2289384,2289809,425,id04159
2289809,2290173,364,id04159
2290173,2290844,671,id04159
2290844,2291561,717,id04159
2291561,2292268,707,id04159
2292268,2292811,543,id04159
2292811,2293590,779,id04159
2293590,2294533,943,id04159
2294533,2295174,641,id04159
2295174,2295758,584,id04159
2295758,2296178,420,id04159
2296178,2297223,1045,id04159
2297223,2298309,1086,id04159
2298309,2298688,379,id04159
2298688,2299078,390,id04159
2299078,2299867,789,id04159
2299867,2300426,559,id04159
2300426,2301031,605,id04159
2301031,2301554,523,id04159
2301554,2302753,1199,id04159
2302753,2303696,943,id04159
2303696,2304111,415,id04159
2304111,2304711,600,id04159
2304711,2305065,354,id04159
2305065,2305905,840,id04159
2305905,2306223,318,id04159
2306223,2306689,466,id04159
2306689,2307273,584,id04159
2307273,2307908,635,id04159
2307908,2308246,338,id04159
2308246,2309112,866,id04159
2309112,2309584,472,id04159
2309584,2310383,799,id04159
2310383,2311013,630,id04159
2311013,2311341,328,id04159
2311341,2311751,410,id04159
2311751,2312115,364,id04159
2312115,2312500,385,id04159
2312500,2313555,1055,id04159
2313555,2313893,338,id04159
2313893,2314411,518,id04159
2314411,2314744,333,id04159
2314744,2315308,564,id04159
2315308,2315800,492,id04159
2315800,2316297,497,id04159
2316297,2316784,487,id04159
2316784,2317568,784,id04159
2317568,2317906,338,id04159
2317906,2318316,410,id04159
2318316,2318721,405,id04159
2318721,2319254,533,id04159
2319254,2319966,712,id04159
2319966,2320550,584,id04159
2320550,2321093,543,id04159
2321093,2321431,338,id04159
2321431,2321887,456,id04159
2321887,2322466,579,id04159
2322466,2323117,651,id04159
2323117,2323583,466,id04159
2323583,2324183,600,id04159
2324183,2324562,379,id04159
2324562,2324906,344,id04159
2324906,2325270,364,id04159
2325270,2325614,344,id04159
2325614,2325958,344,id04159
2325958,2326609,651,id04159
2326609,2327244,635,id04159
2327244,2327716,472,id04159
2327716,2328761,1045,id04159
2328761,2329432,671,id04159
2329432,2329770,338,id04159
2329770,2330283,513,id04159
2330283,2330821,538,id04159
2330821,2331180,359,id04159
2331180,2331744,564,id04159
2331744,2332123,379,id04159
2332123,2332467,344,id04159
2332467,2332821,354,id04159
2332821,2333236,415,id04159
2333236,2333718,482,id04159
2333718,2334169,451,id04159
2334169,2334564,395,id04188
2334564,2334984,420,id04188
2334984,2335568,584,id04188
2335568,2335983,415,id04188
2335983,2336352,369,id04188
2336352,2337039,687,id04188
2337039,2337767,728,id04188
2337767,2338095,328,id04188
2338095,2338567,472,id04188
2338567,2338895,328,id04188
2338895,2339428,533,id04188
2339428,2339766,338,id04188
2339766,2340232,466,id04188
2340232,2341134,902,id04188
2341134,2341785,651,id04188
2341785,2343045,1260,id04188
2343045,2343885,840,id04188
2343885,2344613,728,id04188
2344613,2345120,507,id04188
2345120,2346139,1019,id04188
2346139,2346851,712,id04188
2346851,2347451,600,id04188
2347451,2348266,815,id04188
2348266,2348686,420,id04188
2348686,2349158,472,id04188
2349158,2349640,482,id04188
2349640,2350516,876,id04188
2350516,2350982,466,id04188
2350982,2351351,369,id04188
2351351,2352637,1286,id04188
2352637,2352981,344,id04188
2352981,2353703,722,id04188
2353703,2354492,789,id04188
2354492,2355040,548,id04188
2355040,2356233,1193,id04188
2356233,2357401,1168,id04188
2357401,2359050,1649,id04188
2359050,2360156,1106,id04188
2360156,2361175,1019,id04188
2361175,2362159,984,id04188
2362159,2362544,385,id04188
2362544,2363256,712,id04188
2363256,2364045,789,id04188
2364045,2364634,589,id04188
2364634,2365336,702,id04188
2365336,2366263,927,id04188
2366263,2366929,666,id04188
2366929,2368716,1787,id04188
2368716,2369121,405,id04188
2369121,2369956,835,id04188
2369956,2370284,328,id04188
2370284,2370663,379,id04188
2370663,2371017,354,id04188
2371017,2372190,1173,id04188
2372190,2372580,390,id04188
2372580,2373579,999,id04188
2373579,2373907,328,id04188
2373907,2374322,415,id04188
2374322,2375147,825,id04188
2375147,2375772,625,id04188
2375772,2376909,1137,id04188
2376909,2377447,538,id04188
2377447,2379444,1997,id04188
2379444,2379921,477,id04188
2379921,2380556,635,id04188
2380556,2381181,625,id04188
2381181,2381540,359,id04188
2381540,2382073,533,id04188
2382073,2382970,897,id04188
2382970,2383529,559,id04188
2383529,2383965,436,id04188
2383965,2384908,943,id04188
2384908,2385395,487,id04188
2385395,2385989,594,id04188
2385989,2386420,431,id04188
2386420,2387808,1388,id04188
2387808,2389227,1419,id04188
2389227,2390139,912,id04188
2390139,2390493,354,id04188
2390493,2391487,994,id04188
2391487,2392030,543,id04188
2392030,2392891,861,id04188
2392891,2393685,794,id04188
2393685,2394387,702,id04188
2394387,2394807,420,id04188
2394807,2395437,630,id04188
2395437,2396037,600,id04188
2396037,2396365,328,id04188
2396365,2396847,482,id04188
2396847,2397518,671,id04188
2397518,2398348,830,id04188
2398348,2398763,415,id04188
2398763,2399311,548,id04188
2399311,2399721,410,id04188
2399721,2400095,374,id04188
2400095,2400485,390,id04188
2400485,2401233,748,id04188
2401233,2402048,815,id04188
2402048,2402448,400,id04188
2402448,2403073,625,id04188
2403073,2403468,395,id04188
2403468,2404068,600,id04188
2404068,2404488,420,id04188
2404488,2404934,446,id04188
2404934,2405344,410,id04188
2405344,2405903,559,id04188
2405903,2406380,477,id04188
2406380,2406939,559,id04188
2406939,2407313,374,id04188
2407313,2407887,574,id04188
2407887,2408579,692,id04188
2408579,2408897,318,id04188
2408897,2410367,1470,id04188
2410367,2410951,584,id04188
2410951,2411909,958,id04188
2411909,2413143,1234,id04188
2413143,2414930,1787,id04188
2414930,2415253,323,id04188
2415253,2415760,507,id04188
2415760,2417179,1419,id04188
2417179,2418029,850,id04188
2418029,2419166,1137,id04188
2419166,2420073,907,id04188
2420073,2420606,533,id04188
2420606,2423248,2642,id04188
2423248,2423622,374,id04188
2423622,2424703,1081,id04188
2424703,2425185,482,id04188
2425185,2426865,1680,id04188
2426865,2428601,1736,id04188
2428601,2429503,902,id04188
2429503,2429867,364,id04188
2429867,2430190,323,id04188
2430190,2430774,584,id04188
2430774,2431112,338,id04188
2431112,2432244,1132,id04188
2432244,2433074,830,id04188
2433074,2433530,456,id04188
2433530,2433961,431,id04188
2433961,2434760,799,id04188
2434760,2435846,1086,id04188
2435846,2438120,2274,id04188
2438120,2438899,779,id04188
2438899,2439391,492,id04188
2439391,2440702,1311,id04188
2440702,2441081,379,id04188
2441081,2443534,2453,id04188
2443534,2444144,610,id04188
2444144,2444779,635,id04188
2444779,2445988,1209,id04188
2445988,2447187,1199,id04188
2447187,2448334,1147,id04188
2448334,2449563,1229,id04188
2449563,2450367,804,id04188
2450367,2451228,861,id04188
2451228,2452058,830,id04188
2452058,2452463,405,id04188
2452463,2453022,559,id04188
2453022,2455516,2494,id04188
2455516,2456213,697,id04188
2456213,2457263,1050,id04188
2457263,2457581,318,id04188
2457581,2457899,318,id04188
2457899,2458227,328,id04188
2458227,2458862,635,id04188
2458862,2459308,446,id04188
2459308,2459693,385,id04188
2459693,2460262,569,id04188
2460262,2460600,338,id04188
2460600,2461128,528,id04188
2461128,2461779,651,id04188
2461779,2462225,446,id04188
2462225,2463101,876,id04188
2463101,2463419,318,id04188
2463419,2464418,999,id04188
2464418,2464859,441,id04188
2464859,2465817,958,id04188
2465817,2466166,349,id04188
2466166,2466919,753,id04188
2466919,2467278,359,id04188
2467278,2467888,610,id04188
2467888,2469102,1214,id04188
2469102,2470106,1004,id04188
2470106,2470665,559,id04188
2470665,2471592,927,id04188
2471592,2472028,436,id04188
2472028,2472397,369,id04188
2472397,2473406,1009,id04188
2473406,2474067,661,id04188
2474067,2474738,671,id04188
2474738,2476592,1854,id04188
2476592,2477048,456,id04188
2477048,2477970,922,id04188
2477970,2479143,1173,id04188
2479143,2479835,692,id04188
2479835,2480276,441,id04188
2480276,2480707,431,id04188
2480707,2481383,676,id04188
2481383,2482018,635,id04188
2482018,2482638,620,id04188
2482638,2483104,466,id04188
2483104,2485173,2069,id04188
2485173,2486039,866,id04188
2486039,2487857,1818,id04188
2487857,2489260,1403,id04188
2489260,2489947,687,id04188
2489947,2490311,364,id04188
2490311,2490685,374,id04188
2490685,2491039,354,id04188
2491039,2491915,876,id04188
2491915,2492310,395,id04188
2492310,2492863,553,id04188
2492863,2493242,379,id04188
2493242,2493596,354,id04188
2493596,2494359,763,id04188
2494359,2494723,364,id04188
2494723,2495404,681,id04188
2495404,2495799,395,id04188
2495799,2496158,359,id04188
2496158,2498811,2653,id04188
2498811,2499626,815,id04188
2499626,2500210,584,id04188
2500210,2500804,594,id04188
2500804,2501434,630,id04188
2501434,2501757,323,id04188
2501757,2502208,451,id04188
2502208,2502572,364,id04188
2502572,2502900,328,id04188
2502900,2503320,420,id04188
2503320,2503715,395,id04188
2503715,2504181,466,id04188
2504181,2504525,344,id04188
2504525,2505119,594,id04188
2505119,2505575,456,id04188
2505575,2506098,523,id04188
2506098,2506554,456,id04188
2506554,2506995,441,id04188
2506995,2507641,646,id04188
2507641,2508184,543,id04188
2508184,2508732,548,id04188
2508732,2509250,518,id04188
2509250,2509783,533,id04188
2509783,2510741,958,id04188
2510741,2511351,610,id04188
2511351,2512406,1055,id04188
2512406,2512985,579,id04188
2512985,2513759,774,id04188
2513759,2514246,487,id04188
2514246,2514615,369,id04188
2514615,2515046,431,id04188
2515046,2515400,354,id04188
2515400,2515718,318,id04188
2515718,2516108,390,id04188
2516108,2516503,395,id04188
2516503,2516872,369,id04188
2516872,2517446,574,id04188
2517446,2517779,333,id04188
2517779,2518107,328,id04188
2518107,2518640,533,id04188
2518640,2519798,1158,id04188
2519798,2520126,328,id04188
2520126,2520690,564,id04188
2520690,2521607,917,id04188
2521607,2522043,436,id04188
2522043,2523308,1265,id04188
2523308,2523626,318,id04188
2523626,2523975,349,id04188
2523975,2524313,338,id04188
2524313,2525394,1081,id04188
2525394,2526019,625,id04188
2526019,2527422,1403,id04188
2527422,2527883,461,id04188
2527883,2529041,1158,id04188
2529041,2529420,379,id04188
2529420,2533542,4122,id04188
2533542,2534469,927,id04188
2534469,2536231,1762,id04188
2536231,2536800,569,id04188
2536800,2538541,1741,id04188
2538541,2539734,1193,id04188
2539734,2540369,635,id04188
2540369,2540846,477,id04188
2540846,2541236,390,id04188
2541236,2541769,533,id04188
2541769,2542338,569,id04188
2542338,2542769,431,id04188
2542769,2543215,446,id04188
2543215,2544188,973,id04188
2544188,2546221,2033,id04188
2546221,2547276,1055,id04188
2547276,2548070,794,id04188
2548070,2550067,1997,id04188
2550067,2550416,349,id04188
2550416,2551666,1250,id04188
2551666,2553095,1429,id04188
2553095,2553925,830,id04188
2553925,2556168,2243,id04188
2556168,2556609,441,id04188
2556609,2557101,492,id04188
2557101,2557772,671,id04188
2557772,2558162,390,id04188
2558162,2559181,1019,id04188
2559181,2559663,482,id04188
2559663,2561578,1915,id04188
2561578,2562106,528,id04188
2562106,2562526,420,id04188
2562526,2562890,364,id04188
2562890,2565379,2489,id04188
2565379,2566373,994,id04188
2566373,2566942,569,id04188
2566942,2567972,1030,id04188
2567972,2568812,840,id04188
2568812,2569473,661,id04188
2569473,2570083,610,id04188
2570083,2570718,635,id04188
2570718,2571604,886,id04188
2571604,2572178,574,id04188
2572178,2572839,661,id04188
2572839,2573751,912,id04188
2573751,2574079,328,id04188
2574079,2574545,466,id04188
2574545,2574986,441,id04188
2574986,2575350,364,id04188
2575350,2575832,482,id04188
2575832,2576534,702,id04188
2576534,2577656,1122,id04188
2577656,2578281,625,id04188
2578281,2579009,728,id04188
2579009,2579347,338,id04188
2579347,2580208,861,id04188
2580208,2580546,338,id04188
2580546,2581187,641,id04188
2581187,2581889,702,id04188
2581889,2582442,553,id04188
2582442,2582914,472,id04188
2582914,2584128,1214,id04188
2584128,2586120,1992,id04188
2586120,2588675,2555,id04188
2588675,2589039,364,id04188
2589039,2589485,446,id04188
2589485,2590213,728,id04188
2590213,2590838,625,id04188
2590838,2592113,1275,id04188
2592113,2593153,1040,id04188
2593153,2593671,518,id04188
2593671,2594491,820,id04188
2594491,2595044,553,id04188
2595044,2595597,553,id04188
2595597,2596995,1398,id04188
2596995,2597441,446,id04188
2597441,2597815,374,id04188
2597815,2598230,415,id04188
2598230,2598620,390,id04188
2598620,2599312,692,id04188
2599312,2599717,405,id04188
2599717,2600086,369,id04188
2600086,2600424,338,id04188
2600424,2600875,451,id04188
2600875,2601306,431,id04188
2601306,2601993,687,id04188
2601993,2602797,804,id04188
2602797,2603228,431,id04188
2603228,2603705,477,id04188
2603705,2604033,328,id04188
2604033,2605590,1557,id04188
2605590,2606174,584,id04188
2606174,2606640,466,id04188
2606640,2607542,902,id04188
2607542,2607952,410,id04188
2607952,2608746,794,id04188
2608746,2609177,431,id04188
2609177,2609771,594,id04188
2609771,2610852,1081,id04188
2610852,2611569,717,id04188
2611569,2612563,994,id04188
2612563,2613403,840,id04188
2613403,2614156,753,id04188
2614156,2614817,661,id04188
2614817,2615324,507,id04188
2615324,2615801,477,id04188
2615801,2616242,441,id04188
2616242,2616575,333,id04188
2616575,2617082,507,id04188
2617082,2618578,1496,id04188
2618578,2618911,333,id04188
2618911,2619582,671,id04188
2619582,2620770,1188,id04188
2620770,2621349,579,id04188
2621349,2621734,385,id04188
2621734,2622267,533,id04188
2622267,2623204,937,id04188
2623204,2624213,1009,id04188
2624213,2624551,338,id04188
2624551,2624966,415,id04188
2624966,2625586,620,id04188
2625586,2626006,420,id04188
2626006,2626575,569,id04188
2626575,2626908,333,id04188
2626908,2627246,338,id04188
2627246,2627692,446,id04188
2627692,2628010,318,id04188
2628010,2628425,415,id04188
2628425,2628830,405,id04188
2628830,2629501,671,id04188
2629501,2629839,338,id04188
2629839,2630270,431,id04188
2630270,2631499,1229,id04188
2631499,2631863,364,id04188
2631863,2632201,338,id04188
2632201,2632591,390,id04188
2632591,2632919,328,id04188
2632919,2633324,405,id04188
2633324,2633877,553,id04188
2633877,2634717,840,id04188
2634717,2635532,815,id04188
2635532,2636070,538,id04188
2636070,2636567,497,id04188
2636567,2636885,318,id04188
2636885,2637735,850,id04188
2637735,2638212,477,id04188
2638212,2639088,876,id04188
2639088,2639452,364,id04188
2639452,2640052,600,id04188
2640052,2640498,446,id04188
2640498,2640944,446,id04188
2640944,2641298,354,id04188
2641298,2642000,702,id04188
2642000,2642681,681,id04188
2642681,2643055,374,id04188
2643055,2643393,338,id04188
2643393,2644576,1183,id04188
2644576,2644996,420,id04188
2644996,2645621,625,id04188
2645621,2647516,1895,id04188
2647516,2648126,610,id04188
2648126,2649171,1045,id04188
2649171,2651675,2504,id04188
2651675,2652100,425,id04188
2652100,2652751,651,id04188
2652751,2653182,431,id04188
2653182,2653618,436,id04188
2653618,2654136,518,id04188
2654136,2654802,666,id04188
2654802,2655130,328,id04188
2655130,2656032,902,id04188
2656032,2657169,1137,id04188
2657169,2658199,1030,id04188
2658199,2658578,379,id04188
2658578,2658942,364,id04188
2658942,2659265,323,id04188
2659265,2659706,441,id04872
2659706,2660055,349,id04872
2660055,2661039,984,id04872
2661039,2661505,466,id04872
2661505,2661977,472,id04872
2661977,2662638,661,id04872
2662638,2663053,415,id04872
2663053,2663612,559,id04872
2663612,2663966,354,id04872
2663966,2664412,446,id04872
2664412,2664868,456,id04872
2664868,2665631,763,id04872
2665631,2665949,318,id04872
2665949,2666502,553,id04872
2666502,2666968,466,id04872
2666968,2667665,697,id04872
2667665,2667998,333,id04872
2667998,2668429,431,id04872
2668429,2668798,369,id04872
2668798,2669116,318,id04872
2669116,2669700,584,id04872
2669700,2670182,482,id04872
2670182,2670505,323,id04872
2670505,2670874,369,id04872
2670874,2673010,2136,id04872
2673010,2673850,840,id04872
2673850,2674347,497,id04872
2674347,2674844,497,id04872
2674844,2675515,671,id04872
2675515,2675848,333,id04872
2675848,2676212,364,id04872
2676212,2676535,323,id04872
2676535,2677211,676,id04872
2677211,2678041,830,id04872
2678041,2678410,369,id04897
2678410,2678825,415,id04897
2678825,2680413,1588,id04897
2680413,2680895,482,id04897
2680895,2681290,395,id04897
2681290,2681987,697,id04897
2681987,2682761,774,id04897
2682761,2683422,661,id04897
2683422,2684487,1065,id04897
2684487,2685081,594,id04897
2685081,2685445,364,id04897
2685445,2685789,344,id04897
2685789,2687054,1265,id04897
2687054,2687515,461,id04897
2687515,2688012,497,id04897
2688012,2688417,405,id04897
2688417,2688791,374,id04897
2688791,2689519,728,id04897
2689519,2689847,328,id04897
2689847,2690339,492,id04897
2690339,2691036,697,id04897
2691036,2691605,569,id04897
2691605,2692327,722,id04897
2692327,2692732,405,id04897
2692732,2693096,364,id04897
2693096,2693424,328,id04897
2693424,2694075,651,id04897
2694075,2694649,574,id04897
2694649,2695218,569,id04897
2695218,2695618,400,id04897
2695618,2696709,1091,id04897
2696709,2697191,482,id04897
2697191,2697883,692,id04897
2697883,2698257,374,id04897
2698257,2698636,379,id04897
2698636,2699108,472,id04897
2699108,2699795,687,id04897
2699795,2700159,364,id04897
2700159,2700477,318,id04897
2700477,2700908,431,id04897
2700908,2701630,722,id04897
2701630,2702404,774,id04897
2702404,2702886,482,id04897
2702886,2703424,538,id04897
2703424,2703967,543,id04897
2703967,2704433,466,id04897
2704433,2704812,379,id04897
2704812,2705171,359,id04897
2705171,2706032,861,id04897
2706032,2706555,523,id04897
2706555,2706893,338,id04897
2706893,2708583,1690,id04897
2708583,2708957,374,id04897
2708957,2709372,415,id04897
2709372,2709992,620,id04897
2709992,2710755,763,id04897
2710755,2711206,451,id04897
2711206,2711524,318,id04897
2711524,2711878,354,id04897
2711878,2712232,354,id04897
2712232,2712555,323,id04897
2712555,2713221,666,id04897
2713221,2713995,774,id04897
2713995,2714764,769,id04897
2714764,2715102,338,id04897
2715102,2715978,876,id04897
2715978,2716332,354,id04897
2716332,2717438,1106,id04897
2717438,2718032,594,id04897
2718032,2719435,1403,id04897
2719435,2721023,1588,id04897
2721023,2722790,1767,id04897
2722790,2723912,1122,id04897
2723912,2724394,482,id04897
2724394,2724896,502,id04897
2724896,2725521,625,id04897
2725521,2725957,436,id04897
2725957,2727908,1951,id04897
2727908,2728246,338,id04897
2728246,2729480,1234,id04897
2729480,2730336,856,id04897
2730336,2730920,584,id04897
2730920,2731274,354,id04897
2731274,2732022,748,id04897
2732022,2732744,722,id04897
2732744,2733543,799,id04897
2733543,2734102,559,id04897
2734102,2735229,1127,id04897
2735229,2735654,425,id04897
2735654,2736161,507,id04897
2736161,2736658,497,id04897
2736658,2737227,569,id04897
2737227,2737729,502,id04897
2737729,2738380,651,id04897
2738380,2738800,420,id04897
2738800,2739394,594,id04897
2739394,2739891,497,id04897
2739891,2740229,338,id04897
2740229,2740552,323,id04897
2740552,2740911,359,id04897
2740911,2741459,548,id04897
2741459,2741838,379,id04897
2741838,2742182,344,id04897
2742182,2742536,354,id04897
2742536,2743248,712,id04897
2743248,2743638,390,id04930
2743638,2744207,569,id04930
2744207,2744725,518,id04930
2744725,2745110,385,id04930
2745110,2745520,410,id04930
2745520,2745915,395,id04930
2745915,2746346,431,id04930
2746346,2746756,410,id04930
2746756,2747786,1030,id04930
2747786,2748933,1147,id04930
2748933,2750086,1153,id04930
2750086,2750471,385,id04930
2750471,2751321,850,id04930
2751321,2752509,1188,id04930
2752509,2753170,661,id04930
2753170,2753580,410,id04930
2753580,2754077,497,id04930
2754077,2754559,482,id04930
2754559,2754908,349,id04930
2754908,2755293,385,id04930
2755293,2755611,318,id04930
2755611,2755939,328,id04930
2755939,2756293,354,id04930
2756293,2757097,804,id04930
2757097,2757835,738,id04930
2757835,2758373,538,id04930
2758373,2759085,712,id04930
2759085,2759439,354,id04930
2759439,2759977,538,id04930
2759977,2760464,487,id04930
2760464,2761192,728,id04930
2761192,2761751,559,id04930
2761751,2762238,487,id04930
2762238,2762745,507,id04930
2762745,2763109,364,id04930
2763109,2763642,533,id04930
2763642,2764088,446,id04930
2764088,2764652,564,id04930
2764652,2765451,799,id04930
2765451,2765861,410,id04930
2765861,2766281,420,id04930
2766281,2766686,405,id04930
2766686,2767004,318,id04930
2767004,2767429,425,id04930
2767429,2767916,487,id04930
2767916,2768500,584,id04930
2768500,2769258,758,id04930
2769258,2769648,390,id04930
2769648,2770186,538,id04930
2770186,2770719,533,id04930
2770719,2771160,441,id04930
2771160,2771539,379,id04930
2771539,2772907,1368,id04930
2772907,2773430,523,id04930
2773430,2773850,420,id04930
2773850,2774229,379,id04930
2774229,2774583,354,id04930
2774583,2775172,589,id04930
2775172,2775551,379,id04930
2775551,2775941,390,id04930
2775941,2776919,978,id04930
2776919,2777519,600,id04930
2777519,2777965,446,id04930
2777965,2778846,881,id04930
2778846,2779164,318,id04930
2779164,2779805,641,id04930
2779805,2780154,349,id04930
2780154,2780492,338,id04930
2780492,2781061,569,id04930
2781061,2781696,635,id04930
2781696,2782372,676,id04930
2782372,2782721,349,id04930
2782721,2783274,553,id04930
2783274,2783807,533,id04930
2783807,2784171,364,id04930
2784171,2784719,548,id04930
2784719,2785426,707,id04930
2785426,2785821,395,id04930
2785821,2786421,600,id04930
2786421,2786862,441,id04930
2786862,2787303,441,id04930
2787303,2787636,333,id04930
2787636,2788302,666,id04930
2788302,2789475,1173,id04930
2789475,2790075,600,id04930
2790075,2790393,318,id04930
2790393,2790818,425,id04930
2790818,2791223,405,id04930
2791223,2791828,605,id04930
2791828,2792366,538,id04930
2792366,2792710,344,id04930
2792710,2793279,569,id04930
2793279,2793633,354,id04930
2793633,2794110,477,id04930
2794110,2795037,927,id04930
2795037,2795488,451,id04930
2795488,2796047,559,id04930
2796047,2796580,533,id04930
2796580,2796918,338,id04930
2796918,2797543,625,id04930
2797543,2798163,620,id04930
2798163,2798645,482,id04930
2798645,2798983,338,id04930
2798983,2800274,1291,id04930
2800274,2800648,374,id04930
2800648,2801437,789,id04930
2801437,2801775,338,id04930
2801775,2802344,569,id04930
2802344,2802892,548,id04930
2802892,2804065,1173,id04930
2804065,2804398,333,id04930
2804398,2804777,379,id04930
2804777,2805597,820,id04930
2805597,2806755,1158,id04930
2806755,2807252,497,id04930
2807252,2808399,1147,id04930
2808399,2809060,661,id04930
2809060,2809480,420,id04930
2809480,2810039,559,id04930
2810039,2810454,415,id04930
2810454,2810915,461,id04930
2810915,2811320,405,id04930
2811320,2811658,338,id04930
2811658,2812089,431,id04930
2812089,2813073,984,id04930
2813073,2813411,338,id04930
2813411,2813770,359,id04930
2813770,2814277,507,id04930
2814277,2814938,661,id04930
2814938,2815271,333,id04930
2815271,2815599,328,id04930
2815599,2816270,671,id04930
2816270,2816818,548,id04930
2816818,2817290,472,id04930
2817290,2817659,369,id04930
2817659,2818612,953,id04930
2818612,2819780,1168,id04930
2819780,2820328,548,id04930
2820328,2821921,1593,id04930
2821921,2822428,507,id04930
2822428,2823273,845,id04930
2823273,2824072,799,id04930
2824072,2824462,390,id04930
2824462,2825174,712,id04930
2825174,2825743,569,id04930
2825743,2826163,420,id04930
2826163,2826578,415,id04930
2826578,2826896,318,id04930
2826896,2827613,717,id04930
2827613,2828085,472,id04930
2828085,2828470,385,id04930
2828470,2829822,1352,id04930
2829822,2830355,533,id04930
2830355,2830683,328,id04930
2830683,2831175,492,id04930
2831175,2831539,364,id04930
2831539,2832000,461,id04930
2832000,2832472,472,id04930
2832472,2832903,431,id04930
2832903,2833272,369,id04930
2833272,2833774,502,id04930
2833774,2834901,1127,id04930
2834901,2835803,902,id04930
2835803,2836403,600,id04930
2836403,2837212,809,id04930
2837212,2837566,354,id04930
2837566,2838063,497,id04930
2838063,2838494,431,id04930
2838494,2838838,344,id04930
2838838,2839156,318,id04930
2839156,2840042,886,id04930
2840042,2840360,318,id04930
2840360,2840755,395,id04930
2840755,2841913,1158,id04930
2841913,2842298,385,id04930
2842298,2843205,907,id04930
2843205,2843538,333,id04930
2843538,2844061,523,id04930
2844061,2844456,395,id04930
2844456,2844815,359,id04930
2844815,2845261,446,id04930
2845261,2845722,461,id04930
2845722,2846168,446,id04930
2846168,2846942,774,id04930
2846942,2847373,431,id04930
2847373,2847696,323,id04930
2847696,2848050,354,id04930
2848050,2848404,354,id04930
2848404,2849019,615,id04930
2849019,2850095,1076,id04930
2850095,2850439,344,id04930
2850439,2850911,472,id04930
2850911,2851275,364,id04930
2851275,2851619,344,id04930
2851619,2851942,323,id04930
2851942,2852485,543,id04930
2852485,2852890,405,id04930
2852890,2853479,589,id04930
2853479,2854089,610,id04930
2854089,2854484,395,id04930
2854484,2855063,579,id04930
2855063,2855391,328,id04930
2855391,2855888,497,id04930
2855888,2856242,354,id04930
2856242,2856662,420,id04930
2856662,2857113,451,id04930
2857113,2857431,318,id04930
2857431,2857974,543,id04930
2857974,2858691,717,id04930
2858691,2859116,425,id04930
2859116,2860397,1281,id04930
2860397,2861160,763,id04930
2861160,2861545,385,id04930
2861545,2862324,779,id04930
2862324,2862652,328,id04930
2862652,2863820,1168,id04930
2863820,2864491,671,id04930
2864491,2866115,1624,id04930
2866115,2866827,712,id04930
2866827,2867309,482,id04930
2867309,2867724,415,id04930
2867724,2868078,354,id04930
2868078,2868442,364,id04930
2868442,2869175,733,id04930
2869175,2869616,441,id04930
2869616,2870072,456,id04930
2870072,2870559,487,id04930
2870559,2870974,415,id04930
2870974,2871318,344,id04930
2871318,2871697,379,id04930
2871697,2872834,1137,id04930
2872834,2873341,507,id04930
2873341,2873700,359,id04930
2873700,2874156,456,id04930
2874156,2874669,513,id04930
2874669,2875002,333,id04930
2875002,2875520,518,id04930
2875520,2875894,374,id04930
2875894,2876289,395,id04930
2876289,2876868,579,id04930
2876868,2877570,702,id04930
2877570,2877924,354,id04930
2877924,2878472,548,id04930
2878472,2880049,1577,id04930
2880049,2880464,415,id04930
2880464,2880833,369,id04930
2880833,2881238,405,id04930
2881238,2881571,333,id04930
2881571,2882483,912,id04930
2882483,2882955,472,id04930
2882955,2883616,661,id04930
2883616,2883985,369,id04930
2883985,2884457,472,id04930
2884457,2884929,472,id04930
2884929,2885411,482,id04930
2885411,2885898,487,id04930
2885898,2886359,461,id04930
2886359,2887035,676,id04930
2887035,2887373,338,id04930
2887373,2888070,697,id04930
2888070,2888408,338,id04930
2888408,2888746,338,id04930
2888746,2889131,385,id04930
2889131,2889644,513,id04930
2889644,2890075,431,id04930
2890075,2890531,456,id04930
2890531,2890910,379,id04930
2890910,2891366,456,id04930
2891366,2891925,559,id04930
2891925,2892325,400,id04930
2892325,2893063,738,id04930
2893063,2893903,840,id04930
2893903,2894426,523,id04930
2894426,2894764,338,id04930
2894764,2895092,328,id04930
2895092,2895533,441,id04930
2895533,2896025,492,id04930
2896025,2896348,323,id04930
2896348,2897024,676,id04930
2897024,2897675,651,id04930
2897675,2898080,405,id04930
2898080,2898398,318,id04930
2898398,2899085,687,id04930
2899085,2899935,850,id04930
2899935,2900289,354,id04930
2900289,2900894,605,id04930
2900894,2901325,431,id04930
2901325,2901945,620,id04930
2901945,2902452,507,id04930
2902452,2903456,1004,id04930
2903456,2904573,1117,id04930
2904573,2905019,446,id04930
2905019,2905347,328,id04930
2905347,2906397,1050,id04930
2906397,2907068,671,id04930
2907068,2907924,856,id04930
2907924,2908682,758,id04930
2908682,2909271,589,id04930
2909271,2909640,369,id04930
2909640,2910209,569,id04930
2910209,2910547,338,id04930
2910547,2911003,456,id04930
2911003,2911347,344,id04930
2911347,2911747,400,id04930
2911747,2912434,687,id04930
2912434,2912916,482,id04930
2912916,2913536,620,id04930
2913536,2914028,492,id04930
2914028,2914356,328,id04930
2914356,2914787,431,id04930
2914787,2915607,820,id04930
2915607,2916027,420,id04930
2916027,2916749,722,id04930
2916749,2917656,907,id04930
2917656,2918143,487,id04930
2918143,2918865,722,id04930
2918865,2919244,379,id04930
2919244,2919639,395,id04930
2919639,2920085,446,id04930
2920085,2920551,466,id04930
2920551,2920884,333,id04930
2920884,2921207,323,id04930
2921207,2921622,415,id04930
2921622,2922309,687,id04930
2922309,2922627,318,id04930
2922627,2923006,379,id04930
2923006,2923708,702,id04930
2923708,2924072,364,id04930
2924072,2925091,1019,id04930
2925091,2925532,441,id04930
2925532,2926029,497,id04930
2926029,2926378,349,id04930
2926378,2926911,533,id04930
2926911,2927265,354,id04930
2927265,2927619,354,id04930
2927619,2927998,379,id04930
2927998,2928577,579,id04930
2928577,2929207,630,id04930
2929207,2929525,318,id04930
2929525,2930094,569,id04930
2930094,2931206,1112,id04930
2931206,2931734,528,id04930
2931734,2932426,692,id04930
2932426,2932949,523,id04930
2932949,2933400,451,id04930
2933400,2934025,625,id04930
2934025,2934481,456,id04930
2934481,2934866,385,id04930
2934866,2935594,728,id04930
2935594,2936414,820,id04930
2936414,2937454,1040,id04930
2937454,2937920,466,id04930
2937920,2938781,861,id04930
2938781,2939324,543,id04930
2939324,2939662,338,id04930
2939662,2940635,973,id04930
2940635,2941076,441,id04930
2941076,2941440,364,id04930
2941440,2942040,600,id04930
2942040,2942399,359,id04930
2942399,2942876,477,id04930
2942876,2943865,989,id04930
2943865,2944756,891,id04930
2944756,2945478,722,id04930
2945478,2946093,615,id04930
2946093,2946447,354,id04930
2946447,2946775,328,id04930
2946775,2947216,441,id04930
2947216,2947749,533,id04930
2947749,2948098,349,id04930
2948098,2948462,364,id04930
2948462,2948841,379,id04930
2948841,2949287,446,id04930
2949287,2949820,533,id04930
2949820,2950261,441,id04930
2950261,2950676,415,id04930
2950676,2951091,415,id04930
2951091,2951455,364,id04930
2951455,2951778,323,id04930
2951778,2952311,533,id04930
2952311,2952736,425,id04930
2952736,2953080,344,id04930
2953080,2953808,728,id04930
2953808,2954187,379,id04930
2954187,2955222,1035,id04930
2955222,2955898,676,id04930
2955898,2956344,446,id04930
2956344,2956954,610,id04930
2956954,2957871,917,id04930
2957871,2958558,687,id04930
2958558,2958973,415,id04930
2958973,2959368,395,id04930
2959368,2959737,369,id04930
2959737,2960070,333,id04930
2960070,2960547,477,id04930
2960547,2960906,359,id04930
2960906,2961454,548,id04930
2961454,2961792,338,id04930
2961792,2962453,661,id04930
2962453,2962945,492,id04930
2962945,2963263,318,id04930
2963263,2963868,605,id04930
2963868,2964268,400,id04930
2964268,2964606,338,id04930
2964606,2965211,605,id04930
2965211,2965631,420,id04930
2965631,2966420,789,id04930
2966420,2967506,1086,id04930
2967506,2967901,395,id04930
2967901,2969141,1240,id04930
2969141,2969485,344,id04930
2969485,2969829,344,id04930
2969829,2971647,1818,id04930
2971647,2972057,410,id04930
2972057,2973153,1096,id04930
2973153,2973645,492,id04930
2973645,2974081,436,id04930
2974081,2974419,338,id04930
2974419,2974957,538,id04930
2974957,2975342,385,id04930
2975342,2975721,379,id04930
2975721,2976157,436,id04930
2976157,2976777,620,id04930
2976777,2977182,405,id04930
2977182,2977700,518,id04930
2977700,2978233,533,id04930
2978233,2978909,676,id04930
2978909,2979621,712,id04930
2979621,2980031,410,id04930
2980031,2980446,415,id04930
2980446,2982367,1921,id04930
2982367,2982782,415,id04930
2982782,2983187,405,id04930
2983187,2983781,594,id04930
2983781,2984416,635,id04930
2984416,2984770,354,id04930
2984770,2985124,354,id04930
2985124,2985544,420,id04930
2985544,2985882,338,id04930
2985882,2987198,1316,id04930
2987198,2988105,907,id04930
2988105,2988638,533,id04930
2988638,2989033,395,id04930
2989033,2989494,461,id04930
2989494,2990268,774,id04930
2990268,2991610,1342,id04930
2991610,2992210,600,id04930
2992210,2992548,338,id04930
2992548,2992917,369,id04930
2992917,2993302,385,id04930
2993302,2993717,415,id05551
2993717,2994224,507,id05551
2994224,2994547,323,id05551
2994547,2994885,338,id05551
2994885,2995285,400,id05551
2995285,2995803,518,id05551
2995803,2996234,431,id05551
2996234,2996695,461,id05551
2996695,2997110,415,id05551
2997110,2997428,318,id05551
2997428,2997746,318,id05551
2997746,2998151,405,id05551
2998151,2998587,436,id05551
2998587,2998982,395,id05551
2998982,2999423,441,id05551
2999423,2999838,415,id05551
2999838,3000228,390,id05551
3000228,3000674,446,id05551
3000674,3001094,420,id05551
3001094,3001479,385,id05551
3001479,3001971,492,id05551
3001971,3002668,697,id05551
3002668,3003083,415,id05551
3003083,3003401,318,id05551
3003401,3003796,395,id05551
3003796,3004170,374,id05551
3004170,3004816,646,id05551
3004816,3005206,390,id05551
3005206,3005678,472,id05551
3005678,3006057,379,id05551
3006057,3006426,369,id05551
3006426,3006754,328,id05551
3006754,3007169,415,id05551
3007169,3007487,318,id05551
3007487,3008071,584,id05551
3008071,3008558,487,id05551
3008558,3009004,446,id05551
3009004,3009342,338,id05551
3009342,3009742,400,id05551
3009742,3010106,364,id05551
3010106,3010444,338,id05551
3010444,3010808,364,id05551
3010808,3011418,610,id05551
3011418,3012335,917,id05551
3012335,3012904,569,id05551
3012904,3013222,318,id05551
3013222,3013596,374,id05551
3013596,3013940,344,id05551
3013940,3014294,354,id05551
3014294,3014760,466,id05551
3014760,3015196,436,id05551
3015196,3015601,405,id05551
3015601,3015924,323,id05551
3015924,3016457,533,id05551
3016457,3016826,369,id05551
3016826,3017267,441,id05551
3017267,3018174,907,id05551
3018174,3018630,456,id05551
3018630,3019102,472,id05551
3019102,3019702,600,id05551
3019702,3020020,318,id05551
3020020,3020394,374,id05551
3020394,3020722,328,id05551
3020722,3021107,385,id05551
3021107,3021701,594,id05624
3021701,3022618,917,id05624
3022618,3023202,584,id05624
3023202,3024278,1076,id05624
3024278,3024673,395,id05624
3024673,3025022,349,id05624
3025022,3025417,395,id05624
3025417,3025781,364,id05624
3025781,3026887,1106,id05624
3026887,3027379,492,id05624
3027379,3028741,1362,id05624
3028741,3030155,1414,id05624
3030155,3030959,804,id05624
3030959,3031333,374,id05624
3031333,3031892,559,id05624
3031892,3032230,338,id05624
3032230,3032702,472,id05624
3032702,3033117,415,id05624
3033117,3033578,461,id05624
3033578,3033916,338,id05624
3033916,3034260,344,id05624
3034260,3034655,395,id05624
3034655,3035787,1132,id05624
3035787,3036858,1071,id05624
3036858,3037688,830,id05624
3037688,3039066,1378,id05624
3039066,3039543,477,id05624
3039543,3040409,866,id05624
3040409,3040768,359,id05624
3040768,3041265,497,id05624
3041265,3041788,523,id05624
3041788,3042341,553,id05624
3042341,3042797,456,id05624
3042797,3043212,415,id05624
3043212,3043632,420,id05624
3043632,3044047,415,id05624
3044047,3044396,349,id05624
3044396,3046050,1654,id05624
3046050,3046522,472,id05624
3046522,3046953,431,id05624
3046953,3047471,518,id05624
3047471,3048255,784,id05624
3048255,3049387,1132,id05624
3049387,3050596,1209,id05624
3050596,3051482,886,id05624
3051482,3053822,2340,id05624
3053822,3054212,390,id05624
3054212,3054745,533,id05624
3054745,3055421,676,id05624
3055421,3056169,748,id05624
3056169,3057613,1444,id05624
3057613,3058643,1030,id05624
3058643,3058966,323,id05624
3058966,3059484,518,id05624
3059484,3059802,318,id05624
3059802,3060279,477,id05624
3060279,3060710,431,id05624
3060710,3061048,338,id05624
3061048,3062257,1209,id05624
3062257,3062590,333,id05624
3062590,3063087,497,id05624
3063087,3063630,543,id05624
3063630,3064455,825,id05624
3064455,3064819,364,id05624
3064819,3065424,605,id05624
3065424,3066070,646,id05624
3066070,3067074,1004,id05624
3067074,3067617,543,id05624
3067617,3068058,441,id05624
3068058,3068453,395,id05624
3068453,3068853,400,id05624
3068853,3069304,451,id05624
3069304,3069689,385,id05624
3069689,3071246,1557,id05624
3071246,3071590,344,id05624
3071590,3071975,385,id05624
3071975,3072718,743,id05624
3072718,3074132,1414,id05624
3074132,3075013,881,id05624
3075013,3075479,466,id05624
3075479,3075833,354,id05624
3075833,3076151,318,id05624
3076151,3076582,431,id05624
3076582,3076997,415,id05624
3076997,3077878,881,id05624
3077878,3078396,518,id05624
3078396,3079072,676,id05624
3079072,3079487,415,id05624
3079487,3080020,533,id05624
3080020,3080466,446,id05624
3080466,3080840,374,id05624
3080840,3081527,687,id05624
3081527,3081999,472,id05624
3081999,3082368,369,id05624
3082368,3082916,548,id05624
3082916,3083746,830,id05624
3083746,3084136,390,id05624
3084136,3084787,651,id05624
3084787,3085422,635,id05624
3085422,3086001,579,id05624
3086001,3086345,344,id05624
3086345,3086868,523,id05624
3086868,3087360,492,id05624
3087360,3087698,338,id05624
3087698,3088118,420,id05624
3088118,3088487,369,id05624
3088487,3089056,569,id05624
3089056,3089533,477,id05624
3089533,3090921,1388,id05624
3090921,3093031,2110,id05624
3093031,3093472,441,id05685
3093472,3093795,323,id05685
3093795,3094185,390,id05685
3094185,3094539,354,id05685
3094539,3095297,758,id05685
3095297,3095615,318,id05685
3095615,3096010,395,id05685
3096010,3096328,318,id05685
3096328,3096697,369,id05685
3096697,3097174,477,id05685
3097174,3097748,574,id05685
3097748,3098209,461,id05685
3098209,3098573,364,id05685
3098573,3099045,472,id05685
3099045,3099378,333,id05685
3099378,3099773,395,id05685
3099773,3100629,856,id05685
3100629,3101080,451,id05685
3101080,3101480,400,id05685
3101480,3102402,922,id05685
3102402,3102817,415,id05685
3102817,3103299,482,id05685
3103299,3103622,323,id05685
3103622,3104094,472,id05685
3104094,3105359,1265,id05685
3105359,3105851,492,id05685
3105851,3106220,369,id05685
3106220,3106845,625,id05685
3106845,3107199,354,id05685
3107199,3108101,902,id05685
3108101,3108450,349,id05685
3108450,3109987,1537,id05685
3109987,3110418,431,id05685
3110418,3111079,661,id05685
3111079,3112098,1019,id05685
3112098,3112749,651,id05685
3112749,3113256,507,id05685
3113256,3114158,902,id05685
3114158,3114711,553,id05685
3114711,3115413,702,id05685
3115413,3115833,420,id05685
3115833,3116325,492,id05685
3116325,3116643,318,id05685
3116643,3117432,789,id05685
3117432,3117760,328,id05685
3117760,3118278,518,id05685
3118278,3118811,533,id05685
3118811,3119283,472,id05685
3119283,3119678,395,id05685
3119678,3120011,333,id05685
3120011,3120636,625,id05685
3120636,3120964,328,id05685
3120964,3121820,856,id05685
3121820,3122455,635,id05685
3122455,3122937,482,id05685
3122937,3124868,1931,id05685
3124868,3125949,1081,id05685
3125949,3126354,405,id05685
3126354,3126928,574,id05685
3126928,3127338,410,id05685
3127338,3127876,538,id05685
3127876,3128394,518,id05685
3128394,3128830,436,id05685
3128830,3129174,344,id05685
3129174,3129579,405,id05685
3129579,3130163,584,id05685
3130163,3131188,1025,id05685
3131188,3131588,400,id05685
3131588,3131957,369,id05685
3131957,3132316,359,id05685
3132316,3132941,625,id05685
3132941,3133315,374,id05685
3133315,3133653,338,id05685
3133653,3134053,400,id05685
3134053,3134606,553,id05685
3134606,3135897,1291,id05685
3135897,3136502,605,id05685
3136502,3136840,338,id05685
3136840,3137276,436,id05685
3137276,3137778,502,id05685
3137778,3138367,589,id05685
3138367,3138741,374,id05685
3138741,3139090,349,id05685
3139090,3139715,625,id05685
3139715,3140591,876,id05685
3140591,3141436,845,id05685
3141436,3141892,456,id05685
3141892,3142620,728,id05685
3142620,3145206,2586,id05685
3145206,3145683,477,id05685
3145683,3146334,651,id05685
3146334,3146683,349,id05685
3146683,3147062,379,id05685
3147062,3147498,436,id05685
3147498,3147934,436,id05685
3147934,3149184,1250,id05685
3149184,3149645,461,id05685
3149645,3149994,349,id05685
3149994,3150348,354,id05685
3150348,3151265,917,id05685
3151265,3152218,953,id05685
3152218,3152556,338,id05685
3152556,3152874,318,id05685
3152874,3153253,379,id05685
3153253,3153812,559,id05685
3153812,3154243,431,id05685
3154243,3154791,548,id05685
3154791,3155314,523,id05685
3155314,3155678,364,id05685
3155678,3156943,1265,id05685
3156943,3157281,338,id05685
3157281,3157696,415,id05685
3157696,3158224,528,id05685
3158224,3158644,420,id05685
3158644,3158988,344,id05685
3158988,3159521,533,id05685
3159521,3159941,420,id05685
3159941,3160331,390,id05685
3160331,3161238,907,id05685
3161238,3162007,769,id05685
3162007,3162458,451,id05685
3162458,3163145,687,id05685
3163145,3163591,446,id05685
3163591,3163955,364,id05685
3163955,3164340,385,id05685
3164340,3165011,671,id05685
3165011,3165472,461,id05685
3165472,3165877,405,id05685
3165877,3166640,763,id05685
3166640,3167009,369,id05685
3167009,3167931,922,id05685
3167931,3168577,646,id05685
3168577,3168997,420,id05685
3168997,3169489,492,id05685
3169489,3169807,318,id05685
3169807,3170867,1060,id05685
3170867,3171262,395,id05685
3171262,3171744,482,id05685
3171744,3172205,461,id05685
3172205,3172646,441,id05685
3172646,3173005,359,id05685
3173005,3173640,635,id05685
3173640,3175095,1455,id05685
3175095,3175725,630,id05685
3175725,3176079,354,id05685
3176079,3176397,318,id05685
3176397,3176976,579,id05685
3176976,3177519,543,id05685
3177519,3178395,876,id05685
3178395,3179030,635,id05685
3179030,3179435,405,id05685
3179435,3179891,456,id05685
3179891,3180301,410,id05685
3180301,3180757,456,id05685
3180757,3181490,733,id05685
3181490,3181849,359,id05685
3181849,3182290,441,id05685
3182290,3182808,518,id05685
3182808,3183223,415,id05685
3183223,3183689,466,id05685
3183689,3184027,338,id05685
3184027,3184529,502,id05685
3184529,3184888,359,id05685
3184888,3185303,415,id05685
3185303,3185928,625,id05685
3185928,3186686,758,id05685
3186686,3187122,436,id05685
3187122,3187460,338,id05685
3187460,3188223,763,id05685
3188223,3188592,369,id05685
3188592,3189115,523,id05685
3189115,3189648,533,id05685
3189648,3190038,390,id05685
3190038,3190392,354,id05685
3190392,3190715,323,id05685
3190715,3191350,635,id05685
3191350,3191796,446,id05685
3191796,3192114,318,id05685
3192114,3192729,615,id05685
3192729,3193083,354,id05685
3193083,3193555,472,id05685
3193555,3193940,385,id05685
3193940,3194678,738,id05685
3194678,3195636,958,id05685
3195636,3196133,497,id05685
3196133,3196599,466,id05685
3196599,3197071,472,id05685
3197071,3197691,620,id05685
3197691,3198137,446,id05685
3198137,3198798,661,id05685
3198798,3199823,1025,id05685
3199823,3200720,897,id05685
3200720,3201089,369,id05685
3201089,3201607,518,id05685
3201607,3202120,513,id05685
3202120,3202592,472,id05685
3202592,3203345,753,id05685
3203345,3204073,728,id05685
3204073,3204570,497,id05685
3204570,3205912,1342,id05685
3205912,3206788,876,id05685
3206788,3207464,676,id05685
3207464,3208995,1531,id05685
3208995,3209927,932,id05685
3209927,3210306,379,id05685
3210306,3211187,881,id05685
3211187,3212775,1588,id05685
3212775,3214291,1516,id05685
3214291,3214645,354,id05685
3214645,3216187,1542,id05685
3216187,3216700,513,id05685
3216700,3217397,697,id05685
3217397,3218375,978,id05685
3218375,3218826,451,id05685
3218826,3219195,369,id05685
3219195,3219523,328,id05685
3219523,3219933,410,id05685
3219933,3220328,395,id05685
3220328,3221353,1025,id05685
3221353,3222234,881,id05685
3222234,3222639,405,id05685
3222639,3223187,548,id05685
3223187,3223633,446,id05685
3223633,3224053,420,id05685
3224053,3224647,594,id05685
3224647,3225154,507,id05685
3225154,3226209,1055,id05685
3226209,3227259,1050,id05685
3227259,3228161,902,id05685
3228161,3228694,533,id05685
3228694,3229176,482,id05685
3229176,3229494,318,id05685
3229494,3230155,661,id05685
3230155,3230580,425,id05685
3230580,3231384,804,id05685
3231384,3231953,569,id05685
3231953,3232962,1009,id05685
3232962,3233316,354,id05685
3233316,3234028,712,id05685
3234028,3234438,410,id05685
3234438,3235672,1234,id05685
3235672,3236297,625,id05685
3236297,3236845,548,id05685
3236845,3237393,548,id05685
3237393,3237813,420,id05685
3237813,3238566,753,id05685
3238566,3238894,328,id05685
3238894,3239289,395,id05685
3239289,3239909,620,id05685
3239909,3240498,589,id05685
3240498,3240862,364,id05685
3240862,3241651,789,id05685
3241651,3243556,1905,id05685
3243556,3244104,548,id05685
3244104,3244611,507,id05685
3244611,3245067,456,id05685
3245067,3245487,420,id05685
3245487,3246030,543,id05685
3246030,3246609,579,id05685
3246609,3247275,666,id05685
3247275,3247608,333,id05685
3247608,3248233,625,id05685
3248233,3248730,497,id05685
3248730,3249340,610,id05685
3249340,3249975,635,id05685
3249975,3250467,492,id05685
3250467,3251707,1240,id05685
3251707,3253151,1444,id05685
3253151,3255348,2197,id05685
3255348,3255922,574,id05685
3255922,3256650,728,id05685
3256650,3256988,338,id05685
3256988,3258059,1071,id05685
3258059,3259555,1496,id05685
3259555,3260027,472,id05685
3260027,3261210,1183,id05685
3261210,3261615,405,id05685
3261615,3261979,364,id05685
3261979,3262512,533,id05685
3262512,3263035,523,id05685
3263035,3263368,333,id05685
3263368,3264193,825,id05685
3264193,3265566,1373,id05685
3265566,3266473,907,id05685
3266473,3266837,364,id05685
3266837,3267380,543,id05685
3267380,3267708,328,id05685
3267708,3268052,344,id05685
3268052,3268698,646,id05685
3268698,3269047,349,id05685
3269047,3269718,671,id05685
3269718,3270174,456,id05685
3270174,3270538,364,id05685
3270538,3270994,456,id05685
3270994,3271793,799,id05685
3271793,3272275,482,id05685
3272275,3272660,385,id05685
3272660,3273019,359,id05685
3273019,3274013,994,id05685
3274013,3274674,661,id05685
3274674,3276395,1721,id05685
3276395,3276810,415,id05685
3276810,3279161,2351,id05685
3279161,3279822,661,id05685
3279822,3282639,2817,id05685
3282639,3283172,533,id05685
3283172,3283567,395,id05685
3283567,3283885,318,id05685
3283885,3284556,671,id05685
3284556,3285191,635,id05685
3285191,3286108,917,id05685
3286108,3286513,405,id05685
3286513,3286954,441,id05685
3286954,3287359,405,id05685
3287359,3287841,482,id05685
3287841,3288466,625,id05685
3288466,3289229,763,id05685
3289229,3289808,579,id05685
3289808,3290802,994,id05685
3290802,3291192,390,id05685
3291192,3292606,1414,id05685
3292606,3292980,374,id05685
3292980,3293518,538,id05685
3293518,3294343,825,id05685
3294343,3294958,615,id05685
3294958,3295634,676,id05685
3295634,3296157,523,id05685
3296157,3296716,559,id05685
3296716,3297587,871,id05685
3297587,3298084,497,id05685
3298084,3298643,559,id05685
3298643,3299089,446,id05685
3299089,3299427,338,id05685
3299427,3299888,461,id05685
3299888,3300329,441,id05685
3300329,3300872,543,id05685
3300872,3301200,328,id05685
3301200,3301523,323,id05685
3301523,3301902,379,id05685
3301902,3302517,615,id05685
3302517,3303321,804,id05685
3303321,3303746,425,id05685
3303746,3304166,420,id05685
3304166,3304622,456,id05685
3304622,3305032,410,id05685
3305032,3305678,646,id05685
3305678,3306185,507,id05685
3306185,3306708,523,id05685
3306708,3307072,364,id05685
3307072,3307462,390,id05685
3307462,3307826,364,id05685
3307826,3308195,369,id05685
3308195,3308687,492,id05685
3308687,3309051,364,id05685
3309051,3309374,323,id05685
3309374,3310055,681,id05685
3310055,3310639,584,id05685
3310639,3310967,328,id05685
3310967,3311439,472,id05685
3311439,3311870,431,id05685
3311870,3312198,328,id05685
3312198,3312654,456,id05685
3312654,3313018,364,id05685
3313018,3313577,559,id05685
3313577,3314018,441,id05685
3314018,3314413,395,id05685
3314413,3315320,907,id05685
3315320,3315822,502,id05685
3315822,3316253,431,id05685
3316253,3316776,523,id05685
3316776,3317191,415,id05685
3317191,3317581,390,id05685
3317581,3318001,420,id05685
3318001,3318345,344,id05685
3318345,3318683,338,id05685
3318683,3319027,344,id05685
3319027,3319345,318,id05685
3319345,3319673,328,id05685
3319673,3320216,543,id05685
3320216,3320534,318,id05685
3320534,3320862,328,id05685
3320862,3321282,420,id05685
3321282,3321969,687,id05685
3321969,3322405,436,id05685
3322405,3322790,385,id05685
3322790,3323159,369,id05685
3323159,3323482,323,id05685
3323482,3323800,318,id05685
3323800,3324138,338,id05685
3324138,3324579,441,id05685
3324579,3324964,385,id05685
3324964,3325318,354,id05685
3325318,3325636,318,id05685
3325636,3326036,400,id05685
3326036,3326380,344,id05685
3326380,3326739,359,id05685
3326739,3327272,533,id05685
3327272,3327697,425,id05685
3327697,3328650,953,id05685
3328650,3329014,364,id05685
3329014,3329834,820,id05685
3329834,3330741,907,id05685
3330741,3331100,359,id05685
3331100,3331515,415,id05685
3331515,3332043,528,id05685
3332043,3332361,318,id05685
3332361,3332725,364,id05685
3332725,3333534,809,id05685
3333534,3334021,487,id05685
3334021,3334595,574,id05685
3334595,3334923,328,id05685
3334923,3335978,1055,id05685
3335978,3336485,507,id05685
3336485,3336962,477,id05685
3336962,3338621,1659,id05685
3338621,3339461,840,id05685
3339461,3340081,620,id05685
3340081,3340778,697,id05685
3340778,3341178,400,id05685
3341178,3341926,748,id05685
3341926,3345060,3134,id05685
3345060,3346981,1921,id05685
3346981,3347934,953,id05685
3347934,3348723,789,id05685
3348723,3349102,379,id05685
3349102,3349696,594,id05685
3349696,3350019,323,id05685
3350019,3351489,1470,id05685
3351489,3353159,1670,id05685
3353159,3353881,722,id05685
3353881,3354230,349,id05685
3354230,3354988,758,id05685
3354988,3355716,728,id05685
3355716,3356863,1147,id05685
3356863,3358231,1368,id05685
3358231,3358831,600,id05685
3358831,3360081,1250,id05685
3360081,3360409,328,id05685
3360409,3360732,323,id05685
3360732,3361178,446,id05685
3361178,3362387,1209,id05685
3362387,3363202,815,id05685
3363202,3363684,482,id05685
3363684,3364381,697,id05685
3364381,3364750,369,id05685
3364750,3365201,451,id05685
3365201,3365621,420,id05685
3365621,3365959,338,id05685
3365959,3366364,405,id05685
3366364,3366718,354,id05685
3366718,3367225,507,id06040
3367225,3368849,1624,id06040
3368849,3369510,661,id06040
3369510,3370453,943,id06040
3370453,3370935,482,id06040
3370935,3371314,379,id06040
3371314,3371919,605,id06040
3371919,3372298,379,id06040
3372298,3372826,528,id06040
3372826,3373205,379,id06040
3373205,3373666,461,id06040
3373666,3374097,431,id06040
3374097,3374860,763,id06040
3374860,3375572,712,id06040
3375572,3375910,338,id06040
3375910,3376248,338,id06040
3376248,3376750,502,id06040
3376750,3377073,323,id06040
3377073,3377463,390,id06040
3377463,3378257,794,id06040
3378257,3378595,338,id06040
3378595,3379276,681,id06040
3379276,3379625,349,id06040
3379625,3379979,354,id06040
3379979,3380364,385,id06040
3380364,3381040,676,id06040
3381040,3381599,559,id06040
3381599,3381978,379,id06040
3381978,3382383,405,id06040
3382383,3382855,472,id06040
3382855,3383337,482,id06040
3383337,3383829,492,id06040
3383829,3384270,441,id06040
3384270,3385049,779,id06040
3385049,3386155,1106,id06040
3386155,3386575,420,id06040
3386575,3387149,574,id06040
3387149,3388051,902,id06040
3388051,3388671,620,id06040
3388671,3389496,825,id06040
3389496,3389845,349,id06040
3389845,3390240,395,id06040
3390240,3390630,390,id06040
3390630,3391127,497,id06040
3391127,3391455,328,id06040
3391455,3391870,415,id06040
3391870,3392398,528,id06040
3392398,3392895,497,id06040
3392895,3393448,553,id06040
3393448,3393812,364,id06040
3393812,3394156,344,id06040
3394156,3394505,349,id06040
3394505,3394859,354,id06040
3394859,3395197,338,id06040
3395197,3395607,410,id06040
3395607,3396120,513,id06040
3396120,3396586,466,id06040
3396586,3397017,431,id06040
3397017,3397412,395,id06040
3397412,3397884,472,id06040
3397884,3398274,390,id06040
3398274,3398766,492,id06040
3398766,3399140,374,id06040
3399140,3399514,374,id06040
3399514,3400492,978,id06040
3400492,3401332,840,id06040
3401332,3401839,507,id06040
3401839,3402183,344,id06040
3402183,3403008,825,id06040
3403008,3403418,410,id06040
3403418,3404704,1286,id06040
3404704,3405457,753,id06040
3405457,3406082,625,id06040
3406082,3406548,466,id06040
3406548,3407040,492,id06040
3407040,3407414,374,id06040
3407414,3408280,866,id06040
3408280,3408767,487,id06040
3408767,3409274,507,id06040
3409274,3409771,497,id06040
3409771,3410176,405,id06040
3410176,3410980,804,id06040
3410980,3411344,364,id06040
3411344,3412220,876,id06040
3412220,3412558,338,id06040
3412558,3412948,390,id06040
3412948,3413430,482,id06040
3413430,3413825,395,id06040
3413825,3414742,917,id06040
3414742,3415127,385,id06040
3415127,3415593,466,id06040
3415593,3416121,528,id06040
3416121,3416603,482,id06040
3416603,3417182,579,id06040
3417182,3417551,369,id06040
3417551,3418330,779,id06040
3418330,3418674,344,id06040
3418674,3419002,328,id06040
3419002,3419433,431,id06040
3419433,3419915,482,id06040
3419915,3420325,410,id06040
3420325,3420730,405,id06040
3420730,3421094,364,id06040
3421094,3421432,338,id06040
3421432,3422103,671,id06040
3422103,3422457,354,id06040
3422457,3422939,482,id06040
3422939,3423267,328,id06040
3423267,3423595,328,id06040
3423595,3423949,354,id06040
3423949,3424620,671,id06040
3424620,3424984,364,id06040
3424984,3425302,318,id06040
3425302,3425661,359,id06040
3425661,3426056,395,id06040
3426056,3426502,446,id06040
3426502,3427102,600,id06040
3427102,3427594,492,id06040
3427594,3428019,425,id06040
3428019,3428916,897,id06040
3428916,3429429,513,id06040
3429429,3429829,400,id06040
3429829,3430638,809,id06040
3430638,3431048,410,id06040
3431048,3431550,502,id06040
3431550,3432098,548,id06040
3432098,3432488,390,id06040
3432488,3433047,559,id06040
3433047,3433595,548,id06040
3433595,3433949,354,id06040
3433949,3434390,441,id06040
3434390,3435112,722,id06040
3435112,3435445,333,id06040
3435445,3435886,441,id06040
3435886,3436527,641,id06040
3436527,3437147,620,id06040
3437147,3437685,538,id06040
3437685,3438116,431,id06040
3438116,3438680,564,id06040
3438680,3439305,625,id06040
3439305,3439684,379,id06040
3439684,3440089,405,id06040
3440089,3440750,661,id06040
3440750,3441094,344,id06040
3441094,3441719,625,id06040
3441719,3442170,451,id06040
3442170,3442723,553,id06040
3442723,3443138,415,id06040
3443138,3443456,318,id06040
3443456,3443810,354,id06040
3443810,3444179,369,id06040
3444179,3444722,543,id06040
3444722,3445086,364,id06040
3445086,3445609,523,id06040
3445609,3446029,420,id06040
3446029,3446393,364,id06040
3446393,3447208,815,id06040
3447208,3447613,405,id06040
3447613,3447931,318,id06040
3447931,3448546,615,id06040
3448546,3448925,379,id06040
3448925,3449279,354,id06040
3449279,3449653,374,id06040
3449653,3450002,349,id06040
3450002,3450361,359,id06040
3450361,3450797,436,id06040
3450797,3451115,318,id06040
3451115,3451438,323,id06040
3451438,3451858,420,id06040
3451858,3452237,379,id06040
3452237,3452811,574,id06040
3452811,3453457,646,id06040
3453457,3453964,507,id06040
3453964,3454384,420,id06040
3454384,3455378,994,id06120
3455378,3455824,446,id06120
3455824,3456193,369,id06120
3456193,3456608,415,id06120
3456608,3457126,518,id06120
3457126,3457495,369,id06120
3457495,3457864,369,id06120
3457864,3458284,420,id06120
3458284,3458740,456,id06120
3458740,3459232,492,id06120
3459232,3459555,323,id06120
3459555,3460236,681,id06120
3460236,3460610,374,id06120
3460610,3460995,385,id06120
3460995,3461318,323,id06120
3461318,3462686,1368,id06120
3462686,3463654,968,id06120
3463654,3464243,589,id06120
3464243,3464699,456,id06120
3464699,3465396,697,id06120
3465396,3465888,492,id06120
3465888,3466452,564,id06120
3466452,3467471,1019,id06120
3467471,3467789,318,id06120
3467789,3468133,344,id06120
3468133,3468768,635,id06120
3468768,3469122,354,id06120
3469122,3469512,390,id06120
3469512,3469932,420,id06120
3469932,3470260,328,id06120
3470260,3470598,338,id06120
3470598,3471141,543,id06120
3471141,3471638,497,id06120
3471638,3472719,1081,id06120
3472719,3473191,472,id06120
3473191,3473893,702,id06120
3473893,3475424,1531,id06120
3475424,3475896,472,id06120
3475896,3476316,420,id06120
3476316,3476654,338,id06120
3476654,3477115,461,id06120
3477115,3477694,579,id06120
3477694,3478181,487,id06120
3478181,3478545,364,id06120
3478545,3479027,482,id06120
3479027,3479458,431,id06120
3479458,3479899,441,id06120
3479899,3480652,753,id06120
3480652,3481190,538,id06120
3481190,3481841,651,id06120
3481841,3482461,620,id06120
3482461,3483071,610,id06120
3483071,3483415,344,id06120
3483415,3483810,395,id06120
3483810,3484195,385,id06120
3484195,3484636,441,id06139
3484636,3484969,333,id06139
3484969,3485389,420,id06139
3485389,3485712,323,id06139
3485712,3486066,354,id06139
3486066,3486502,436,id06139
3486502,3486830,328,id06139
3486830,3487204,374,id06139
3487204,3487763,559,id06139
3487763,3488209,446,id06139
3488209,3488578,369,id06139
3488578,3488922,344,id06139
3488922,3489255,333,id06139
3489255,3489629,374,id06139
3489629,3489962,333,id06139
3489962,3490280,318,id06139
3490280,3490598,318,id06139
3490598,3490993,395,id06139
3490993,3491383,390,id06139
3491383,3491747,364,id06139
3491747,3492106,359,id06139
3492106,3492450,344,id06139
3492450,3492814,364,id06139
3492814,3493132,318,id06139
3493132,3493470,338,id06139
3493470,3493819,349,id06139
3493819,3494188,369,id06139
3494188,3494521,333,id06139
3494521,3494875,354,id06139
3494875,3495219,344,id06139
3495219,3495772,553,id06139
3495772,3496146,374,id06139
3496146,3496792,646,id06139
3496792,3497115,323,id06450
3497115,3497484,369,id06450
3497484,3497956,472,id06450
3497956,3498520,564,id06450
3498520,3499038,518,id06450
3499038,3499423,385,id06450
3499423,3499767,344,id06450
3499767,3500239,472,id06450
3500239,3501402,1163,id06450
3501402,3501884,482,id06450
3501884,3502576,692,id06450
3502576,3502899,323,id06450
3502899,3503396,497,id06450
3503396,3504067,671,id06450
3504067,3504416,349,id06450
3504416,3505087,671,id06450
3505087,3505420,333,id06450
3505420,3505758,338,id06450
3505758,3506281,523,id06450
3506281,3506891,610,id06450
3506891,3507245,354,id06450
3507245,3507660,415,id06450
3507660,3508075,415,id06450
3508075,3508419,344,id06450
3508419,3508763,344,id06450
3508763,3509204,441,id06450
3509204,3509573,369,id06450
3509573,3509993,420,id06450
3509993,3510326,333,id06450
3510326,3510946,620,id06450
3510946,3511264,318,id06450
3511264,3511659,395,id06450
3511659,3512177,518,id06450
3512177,3512510,333,id06450
3512510,3512828,318,id06450
3512828,3513238,410,id06450
3513238,3513909,671,id06450
3513909,3514253,344,id06450
3514253,3514591,338,id06450
3514591,3514919,328,id06450
3514919,3515283,364,id06450
3515283,3515765,482,id06450
3515765,3516098,333,id06450
3516098,3516452,354,id06450
3516452,3517866,1414,id06450
3517866,3518455,589,id06450
3518455,3518783,328,id06450
3518783,3519152,369,id06450
3519152,3519598,446,id06450
3519598,3520070,472,id06450
3520070,3520460,390,id06450
3520460,3520901,441,id06450
3520901,3521286,385,id06450
3521286,3521650,364,id06450
3521650,3522091,441,id06450
3522091,3522435,344,id06450
3522435,3523055,620,id06450
3523055,3523644,589,id06450
3523644,3523982,338,id06450
3523982,3524853,871,id06450
3524853,3525253,400,id06450
3525253,3525919,666,id06450
3525919,3526314,395,id06450
3526314,3526760,446,id06450
3526760,3527523,763,id06450
3527523,3527892,369,id06450
3527892,3528384,492,id06450
3528384,3529224,840,id06450
3529224,3530018,794,id06450
3530018,3530454,436,id06450
3530454,3531745,1291,id06450
3531745,3532273,528,id06450
3532273,3532668,395,id06450
3532668,3533657,989,id06450
3533657,3534185,528,id06450
3534185,3534790,605,id06450
3534790,3536751,1961,id06450
3536751,3537632,881,id06450
3537632,3538114,482,id06450
3538114,3538601,487,id06450
3538601,3539226,625,id06450
3539226,3539590,364,id06450
3539590,3540256,666,id06450
3540256,3540625,369,id06450
3540625,3541148,523,id06450
3541148,3541502,354,id06450
3541502,3543279,1777,id06450
3543279,3543797,518,id06450
3543797,3544540,743,id06450
3544540,3545042,502,id06450
3545042,3545508,466,id06450
3545508,3546282,774,id06450
3546282,3546800,518,id06450
3546800,3547302,502,id06450
3547302,3547671,369,id06450
3547671,3548076,405,id06450
3548076,3548440,364,id06450
3548440,3548932,492,id06450
3548932,3549895,963,id06450
3549895,3550428,533,id06450
3550428,3550807,379,id06450
3550807,3551345,538,id06450
3551345,3551878,533,id06450
3551878,3552247,369,id06450
3552247,3552780,533,id06450
3552780,3553359,579,id06450
3553359,3553733,374,id06450
3553733,3554276,543,id06450
3554276,3554655,379,id06450
3554655,3555040,385,id06450
3555040,3555486,446,id06450
3555486,3555958,472,id06450
3555958,3557515,1557,id06450
3557515,3557853,338,id06450
3557853,3558325,472,id06450
3558325,3558838,513,id06450
3558838,3560390,1552,id06450
3560390,3561650,1260,id06450
3561650,3562147,497,id06450
3562147,3562700,553,id06450
3562700,3563433,733,id06450
3563433,3563905,472,id06450
3563905,3564755,850,id06450
3564755,3565426,671,id06450
3565426,3565857,431,id06450
3565857,3566538,681,id06450
3566538,3567199,661,id06450
3567199,3567681,482,id06450
3567681,3568501,820,id06450
3568501,3568906,405,id06450
3568906,3569306,400,id06450
3569306,3569849,543,id06450
3569849,3570198,349,id06450
3570198,3570777,579,id06450
3570777,3572145,1368,id06450
3572145,3572668,523,id06450
3572668,3573047,379,id06450
3573047,3575270,2223,id06450
3575270,3576689,1419,id06450
3576689,3577657,968,id06450
3577657,3579531,1874,id06450
3579531,3580028,497,id06450
3580028,3581447,1419,id06450
3581447,3581821,374,id06450
3581821,3582477,656,id06450
3582477,3582928,451,id06450
3582928,3583548,620,id06450
3583548,3584823,1275,id06450
3584823,3585269,446,id06450
3585269,3586334,1065,id06450
3586334,3587763,1429,id06450
3587763,3588680,917,id06450
3588680,3589126,446,id06450
3589126,3590514,1388,id06450
3590514,3590863,349,id06450
3590863,3591273,410,id06450
3591273,3591755,482,id06450
3591755,3593169,1414,id06450
3593169,3593758,589,id06450
3593758,3594245,487,id06450
3594245,3594845,600,id06450
3594845,3595260,415,id06450
3595260,3595885,625,id06450
3595885,3596454,569,id06450
3596454,3597591,1137,id06450
3597591,3598431,840,id06450
3598431,3598769,338,id06450
3598769,3599189,420,id06450
3599189,3599727,538,id06450
3599727,3600045,318,id06450
3600045,3600839,794,id06450
3600839,3601229,390,id06450
3601229,3601619,390,id06450
3601619,3601983,364,id06450
3601983,3602362,379,id06450
3602362,3602767,405,id06450
3602767,3603290,523,id06450
3603290,3603818,528,id06450
3603818,3605723,1905,id06450
3605723,3606195,472,id06450
3606195,3606708,513,id06450
3606708,3607149,441,id06450
3607149,3607672,523,id06450
3607672,3608154,482,id06450
3608154,3608492,338,id06450
3608492,3608984,492,id06450
3608984,3609312,328,id06450
3609312,3610577,1265,id06450
3610577,3611484,907,id06450
3611484,3611961,477,id06450
3611961,3612346,385,id06450
3612346,3613248,902,id06450
3613248,3614831,1583,id06450
3614831,3617934,3103,id06450
3617934,3618790,856,id06450
3618790,3619333,543,id06450
3619333,3623035,3702,id06450
3623035,3626420,3385,id06450
3626420,3627644,1224,id06450
3627644,3628704,1060,id06450
3628704,3629365,661,id06450
3629365,3629724,359,id06450
3629724,3630190,466,id06450
3630190,3631752,1562,id06450
3631752,3632505,753,id06450
3632505,3633099,594,id06450
3633099,3633422,323,id06450
3633422,3633858,436,id06450
3633858,3634381,523,id06450
3634381,3634991,610,id06450
3634991,3635539,548,id06450
3635539,3636062,523,id06450
3636062,3636769,707,id06450
3636769,3637461,692,id06450
3637461,3637851,390,id06450
3637851,3638312,461,id06450
3638312,3638732,420,id06450
3638732,3639070,338,id06889
3639070,3639424,354,id06889
3639424,3639803,379,id06889
3639803,3640223,420,id06889
3640223,3640546,323,id06889
3640546,3640869,323,id06889
3640869,3641735,866,id06889
3641735,3642104,369,id06889
3642104,3642570,466,id06889
3642570,3643395,825,id06889
3643395,3643800,405,id06889
3643800,3644133,333,id06889
3644133,3644471,338,id06889
3644471,3644861,390,id06889
3644861,3645205,344,id06889
3645205,3645584,379,id06889
3645584,3645902,318,id06889
3645902,3646220,318,id06889
3646220,3646584,364,id06889
3646584,3646943,359,id06889
3646943,3647578,635,id06889
3647578,3648096,518,id06889
3648096,3648619,523,id06889
3648619,3648968,349,id06889
3648968,3649772,804,id06889
3649772,3650141,369,id06889
3650141,3650464,323,id06889
3650464,3650956,492,id06889
3650956,3651351,395,id06889
3651351,3651669,318,id06889
3651669,3651992,323,id06889
3651992,3652382,390,id06889
3652382,3652710,328,id06889
3652710,3653304,594,id07056
3653304,3653740,436,id07056
3653740,3654196,456,id07056
3654196,3654529,333,id07056
3654529,3655246,717,id07056
3655246,3655574,328,id07056
3655574,3655989,415,id07056
3655989,3656404,415,id07056
3656404,3656737,333,id07056
3656737,3657746,1009,id07056
3657746,3658110,364,id07056
3658110,3658459,349,id07056
3658459,3659463,1004,id07056
3659463,3660073,610,id07056
3660073,3660473,400,id07056
3660473,3661928,1455,id07056
3661928,3662282,354,id07056
3662282,3662994,712,id07056
3662994,3663491,497,id07056
3663491,3664080,589,id07056
3664080,3664669,589,id07056
3664669,3665079,410,id07056
3665079,3665638,559,id07056
3665638,3666191,553,id07056
3666191,3666596,405,id07056
3666596,3666975,379,id07056
3666975,3667426,451,id07056
3667426,3667754,328,id07056
3667754,3668425,671,id07056
3668425,3668840,415,id07056
3668840,3669593,753,id07056
3669593,3670418,825,id07056
3670418,3671908,1490,id07056
3671908,3672748,840,id07056
3672748,3673429,681,id07056
3673429,3673752,323,id07056
3673752,3674167,415,id07056
3674167,3675079,912,id07056
3675079,3675602,523,id07056
3675602,3675956,354,id07056
3675956,3676289,333,id07056
3676289,3676612,323,id07056
3676612,3677309,697,id07056
3677309,3678211,902,id07056
3678211,3679625,1414,id07056
3679625,3680066,441,id07056
3680066,3680410,344,id07056
3680410,3680743,333,id07056
3680743,3681189,446,id07056
3681189,3681635,446,id07056
3681635,3681999,364,id07056
3681999,3682363,364,id07056
3682363,3682835,472,id07056
3682835,3683732,897,id07056
3683732,3684060,328,id07056
3684060,3684398,338,id07056
3684398,3684864,466,id07056
3684864,3685243,379,id07056
3685243,3685837,594,id07056
3685837,3686437,600,id07056
3686437,3686755,318,id07056
3686755,3687129,374,id07056
3687129,3687493,364,id07056
3687493,3687811,318,id07056
3687811,3688226,415,id07056
3688226,3688544,318,id07056
3688544,3688949,405,id07056
3688949,3689277,328,id07056
3689277,3689621,344,id07056
3689621,3690082,461,id07056
3690082,3690589,507,id07056
3690589,3690994,405,id07056
3690994,3691389,395,id07056
3691389,3691912,523,id07056
3691912,3692358,446,id07056
3692358,3692732,374,id07056
3692732,3693378,646,id07056
3693378,3694003,625,id07056
3694003,3694546,543,id07056
3694546,3694961,415,id07056
3694961,3696149,1188,id07056
3696149,3696836,687,id07056
3696836,3697809,973,id07056
3697809,3698593,784,id07056
3698593,3699136,543,id07056
3699136,3700104,968,id07056
3700104,3701968,1864,id07056
3701968,3702322,354,id07056
3702322,3702906,584,id07056
3702906,3704632,1726,id07056
3704632,3704986,354,id07056
3704986,3705304,318,id07056
3705304,3705770,466,id07056
3705770,3706523,753,id07056
3706523,3706989,466,id07056
3706989,3707486,497,id07056
3707486,3707814,328,id07056
3707814,3708158,344,id07056
3708158,3708476,318,id07056
3708476,3708835,359,id07056
3708835,3709665,830,id07056
3709665,3710085,420,id07056
3710085,3710608,523,id07056
3710608,3710998,390,id07056
3710998,3711377,379,id07056
3711377,3711782,405,id07056
3711782,3712397,615,id07056
3712397,3712802,405,id07056
3712802,3713166,364,id07056
3713166,3713484,318,id07056
3713484,3713869,385,id07056
3713869,3714463,594,id07056
3714463,3714914,451,id07056
3714914,3715396,482,id07056
3715396,3715770,374,id07056
3715770,3716457,687,id07056
3716457,3716990,533,id07056
3716990,3717318,328,id07056
3717318,3717877,559,id07056
3717877,3718338,461,id07056
3718338,3718656,318,id07056
3718656,3719302,646,id07056
3719302,3719707,405,id07056
3719707,3720025,318,id07056
3720025,3720358,333,id07056
3720358,3720686,328,id07056
3720686,3721050,364,id07056
3721050,3721424,374,id07056
3721424,3721839,415,id07056
3721839,3722285,446,id07056
3722285,3722675,390,id07056
3722675,3723121,446,id07056
3723121,3723628,507,id07056
3723628,3724494,866,id07056
3724494,3724879,385,id07056
3724879,3725294,415,id07056
3725294,3725714,420,id07056
3725714,3726058,344,id07056
3726058,3726632,574,id07056
3726632,3726976,344,id07056
3726976,3727734,758,id07056
3727734,3728267,533,id07056
3728267,3728713,446,id07056
3728713,3729031,318,id07056
3729031,3729497,466,id07056
3729497,3729938,441,id07056
3729938,3730543,605,id07056
3730543,3730933,390,id07056
3730933,3731287,354,id07155
3731287,3731610,323,id07155
3731610,3732066,456,id07155
3732066,3732399,333,id07155
3732399,3732789,390,id07155
3732789,3733179,390,id07155
3733179,3733886,707,id07155
3733886,3734276,390,id07155
3734276,3734666,390,id07155
3734666,3735342,676,id07155
3735342,3735808,466,id07155
3735808,3736193,385,id07155
3736193,3736608,415,id07155
3736608,3737090,482,id07155
3737090,3737418,328,id07155
3737418,3738130,712,id07155
3738130,3738550,420,id07155
3738550,3739103,553,id07155
3739103,3739672,569,id07155
3739672,3739990,318,id07155
3739990,3740723,733,id07155
3740723,3741169,446,id07155
3741169,3741497,328,id07155
3741497,3742127,630,id07155
3742127,3742573,446,id07155
3742573,3742988,415,id07155
3742988,3743306,318,id07155
3743306,3743634,328,id07155
3743634,3744490,856,id07155
3744490,3744936,446,id07155
3744936,3745305,369,id07155
3745305,3745633,328,id07155
3745633,3746279,646,id07155
3746279,3747652,1373,id07155
3747652,3748129,477,id07155
3748129,3748892,763,id07155
3748892,3749261,369,id07155
3749261,3750577,1316,id07155
3750577,3751878,1301,id07155
3751878,3752580,702,id07155
3752580,3753062,482,id07155
3753062,3753528,466,id07155
3753528,3753872,344,id07155
3753872,3754359,487,id07155
3754359,3755005,646,id07155
3755005,3755676,671,id07155
3755676,3756055,379,id07155
3756055,3756675,620,id07155
3756675,3757249,574,id07155
3757249,3757685,436,id07155
3757685,3758100,415,id07155
3758100,3758725,625,id07155
3758725,3759145,420,id07155
3759145,3759565,420,id07155
3759565,3760200,635,id07155
3760200,3760861,661,id07155
3760861,3761880,1019,id07155
3761880,3762521,641,id07155
3762521,3764047,1526,id07155
3764047,3764887,840,id07155
3764887,3765384,497,id07155
3765384,3765845,461,id07155
3765845,3766327,482,id07155
3766327,3766691,364,id07155
3766691,3767736,1045,id07155
3767736,3768648,912,id07155
3768648,3769166,518,id07155
3769166,3769586,420,id07155
3769586,3770145,559,id07155
3770145,3770806,661,id07155
3770806,3771887,1081,id07155
3771887,3772589,702,id07155
3772589,3772958,369,id07155
3772958,3774448,1490,id07155
3774448,3775339,891,id07155
3775339,3775657,318,id07155
3775657,3776001,344,id07155
3776001,3776447,446,id07155
3776447,3776791,344,id07155
3776791,3777611,820,id07155
3777611,3778456,845,id07155
3778456,3778912,456,id07155
3778912,3779942,1030,id07155
3779942,3780490,548,id07155
3780490,3780992,502,id07155
3780992,3782319,1327,id07167
3782319,3783006,687,id07167
3783006,3783877,871,id07167
3783877,3785178,1301,id07167
3785178,3788496,3318,id07167
3788496,3789003,507,id07167
3789003,3790637,1634,id07167
3790637,3791452,815,id07167
3791452,3791826,374,id07167
3791826,3792149,323,id07167
3792149,3792672,523,id07167
3792672,3793036,364,id07167
3793036,3793677,641,id07167
3793677,3794174,497,id07167
3794174,3794528,354,id07167
3794528,3794892,364,id07167
3794892,3795282,390,id07167
3795282,3795963,681,id07167
3795963,3796281,318,id07167
3796281,3796860,579,id07167
3796860,3799656,2796,id07167
3799656,3800911,1255,id07167
3800911,3801239,328,id07167
3801239,3802054,815,id07167
3802054,3802981,927,id07167
3802981,3804215,1234,id07167
3804215,3804984,769,id07167
3804984,3805363,379,id07167
3805363,3806423,1060,id07167
3806423,3806741,318,id07167
3806741,3807259,518,id07167
3807259,3807987,728,id07167
3807987,3808341,354,id07167
3808341,3808782,441,id07167
3808782,3809935,1153,id07167
3809935,3810325,390,id07167
3810325,3810669,344,id07167
3810669,3811217,548,id07167
3811217,3811540,323,id07167
3811540,3812498,958,id07167
3812498,3813016,518,id07167
3813016,3813416,400,id07167
3813416,3814686,1270,id07167
3814686,3815004,318,id07167
3815004,3816489,1485,id07167
3816489,3816981,492,id07167
3816981,3817647,666,id07167
3817647,3817985,338,id07167
3817985,3818615,630,id07167
3818615,3819640,1025,id07167
3819640,3820946,1306,id07167
3820946,3821525,579,id07167
3821525,3822800,1275,id07167
3822800,3823292,492,id07167
3823292,3823861,569,id07167
3823861,3824486,625,id07167
3824486,3825772,1286,id07167
3825772,3826203,431,id07167
3826203,3827924,1721,id07167
3827924,3829020,1096,id07167
3829020,3829456,436,id07167
3829456,3829871,415,id07167
3829871,3830220,349,id07167
3830220,3830820,600,id07167
3830820,3831225,405,id07167
3831225,3832393,1168,id07167
3832393,3832859,466,id07167
3832859,3833412,553,id07167
3833412,3834570,1158,id07167
3834570,3834908,338,id07167
3834908,3835313,405,id07167
3835313,3835810,497,id07167
3835810,3837111,1301,id07167
3837111,3838028,917,id07167
3838028,3838494,466,id07167
3838494,3839042,548,id07167
3839042,3839677,635,id07167
3839677,3840195,518,id07167
3840195,3840738,543,id07167
3840738,3842541,1803,id07167
3842541,3842931,390,id07167
3842931,3844959,2028,id07167
3844959,3845400,441,id07167
3845400,3846061,661,id07167
3846061,3846430,369,id07167
3846430,3846983,553,id07167
3846983,3847798,815,id07167
3847798,3848234,436,id07210
3848234,3848747,513,id07210
3848747,3849091,344,id07210
3849091,3849419,328,id07210
3849419,3850003,584,id07210
3850003,3850418,415,id07210
3850418,3850859,441,id07210
3850859,3851228,369,id07210
3851228,3851572,344,id07210
3851572,3851895,323,id07210
3851895,3852213,318,id07210
3852213,3852572,359,id07210
3852572,3853504,932,id07210
3853504,3853899,395,id07210
3853899,3854422,523,id07210
3854422,3854791,369,id07210
3854791,3855140,349,id07210
3855140,3855525,385,id07210
3855525,3855869,344,id07210
3855869,3856259,390,id07210
3856259,3856777,518,id07210
3856777,3857361,584,id07210
3857361,3857694,333,id07210
3857694,3858329,635,id07210
3858329,3858662,333,id07210
3858662,3859292,630,id07210
3859292,3859636,344,id07210
3859636,3860041,405,id07210
3860041,3860533,492,id07210
3860533,3861076,543,id07210
3861076,3861476,400,id07210
3861476,3862265,789,id07210
3862265,3862890,625,id07210
3862890,3863346,456,id07210
3863346,3863894,548,id07210
3863894,3864535,641,id07210
3864535,3865007,472,id07210
3865007,3865397,390,id07210
3865397,3865735,338,id07210
3865735,3866232,497,id07210
3866232,3868030,1798,id07210
3868030,3868537,507,id07210
3868537,3869106,569,id07210
3869106,3869439,333,id07210
3869439,3869772,333,id07210
3869772,3870105,333,id07210
3870105,3870484,379,id07210
3870484,3870997,513,id07210
3870997,3871325,328,id07210
3871325,3871981,656,id07210
3871981,3872371,390,id07210
3872371,3872827,456,id07210
3872827,3873242,415,id07210
3873242,3873698,456,id07210
3873698,3874385,687,id07210
3874385,3874703,318,id07210
3874703,3875323,620,id07210
3875323,3875810,487,id07210
3875810,3876855,1045,id07210
3876855,3877629,774,id07210
3877629,3878034,405,id07210
3878034,3878378,344,id07210
3878378,3878972,594,id07210
3878972,3879300,328,id07210
3879300,3879654,354,id07210
3879654,3880054,400,id07210
3880054,3880382,328,id07210
3880382,3880823,441,id07210
3880823,3881156,333,id07210
3881156,3881628,472,id07210
3881628,3882007,379,id07210
3882007,3882596,589,id07210
3882596,3882919,323,id07210
3882919,3883693,774,id07210
3883693,3884165,472,id07210
3884165,3884570,405,id07210
3884570,3885400,830,id07210
3885400,3885728,328,id07210
3885728,3886051,323,id07210
3886051,3886410,359,id07210
3886410,3886851,441,id07210
3886851,3887215,364,id07210
3887215,3888019,804,id07210
3888019,3888347,328,id07210
3888347,3888732,385,id07210
3888732,3889152,420,id07210
3889152,3889521,369,id07210
3889521,3890018,497,id07210
3890018,3890362,344,id07210
3890362,3890787,425,id07210
3890787,3891156,369,id07210
3891156,3891520,364,id07210
3891520,3891997,477,id07210
3891997,3892361,364,id07210
3892361,3892940,579,id07210
3892940,3893284,344,id07210
3893284,3893653,369,id07210
3893653,3894058,405,id07210
3894058,3894407,349,id07210
3894407,3894725,318,id07210
3894725,3895156,431,id07210
3895156,3895541,385,id07210
3895541,3895961,420,id07477
3895961,3896361,400,id07477
3896361,3896971,610,id07477
3896971,3897407,436,id07477
3897407,3897756,349,id07477
3897756,3898120,364,id07477
3898120,3898755,635,id07477
3898755,3899452,697,id07477
3899452,3900098,646,id07477
3900098,3900841,743,id07477
3900841,3901185,344,id07477
3901185,3902010,825,id07477
3902010,3902625,615,id07477
3902625,3903194,569,id07477
3903194,3903512,318,id07477
3903512,3903917,405,id07477
3903917,3904363,446,id07477
3904363,3904845,482,id07477
3904845,3905260,415,id07477
3905260,3905962,702,id07477
3905962,3906480,518,id07477
3906480,3906895,415,id07477
3906895,3907341,446,id07477
3907341,3907807,466,id07477
3907807,3908657,850,id07477
3908657,3909108,451,id07477
3909108,3909472,364,id07477
3909472,3909877,405,id07477
3909877,3910292,415,id07477
3910292,3910723,431,id07477
3910723,3911118,395,id07477
3911118,3911492,374,id07477
3911492,3911948,456,id07477
3911948,3912430,482,id07477
3912430,3912902,472,id07477
3912902,3913230,328,id07477
3913230,3913609,379,id07477
3913609,3914357,748,id07477
3914357,3915689,1332,id07477
3915689,3916099,410,id07477
3916099,3916478,379,id07477
3916478,3916878,400,id07477
3916878,3917657,779,id07477
3917657,3918113,456,id07477
3918113,3918569,456,id07477
3918569,3918913,344,id07477
3918913,3919267,354,id07477
3919267,3919672,405,id07477
3919672,3920067,395,id07477
3920067,3920533,466,id07477
3920533,3921266,733,id07477
3921266,3921937,671,id07477
3921937,3922562,625,id07477
3922562,3922880,318,id07477
3922880,3924242,1362,id07477
3924242,3925763,1521,id07477
3925763,3926782,1019,id07477
3926782,3927315,533,id07477
3927315,3928759,1444,id07477
3928759,3929231,472,id07477
3929231,3929549,318,id07477
3929549,3930184,635,id07477
3930184,3930860,676,id07477
3930860,3931403,543,id07477
3931403,3932806,1403,id07477
3932806,3933191,385,id07477
3933191,3933560,369,id07477
3933560,3933909,349,id07477
3933909,3934294,385,id07477
3934294,3934714,420,id07477
3934714,3935139,425,id07477
3935139,3935636,497,id07477
3935636,3935974,338,id07477
3935974,3936835,861,id07477
3936835,3937307,472,id07477
3937307,3937799,492,id07477
3937799,3938680,881,id07477
3938680,3939070,390,id07477
3939070,3939393,323,id07477
3939393,3939977,584,id07477
3939977,3940792,815,id07477
3940792,3941228,436,id07477
3941228,3941792,564,id07477
3941792,3942182,390,id07477
3942182,3942725,543,id07477
3942725,3943104,379,id07477
3943104,3944513,1409,id07477
3944513,3945200,687,id07477
3945200,3945851,651,id07477
3945851,3946553,702,id07477
3946553,3947019,466,id07477
3947019,3948248,1229,id07477
3948248,3949139,891,id07477
3949139,3949826,687,id07477
3949826,3950257,431,id07477
3950257,3950621,364,id07477
3950621,3950949,328,id07477
3950949,3951349,400,id07477
3951349,3951867,518,id07477
3951867,3952185,318,id07477
3952185,3952564,379,id07477
3952564,3953005,441,id07477
3953005,3953579,574,id07477
3953579,3954035,456,id07477
3954035,3954921,886,id07477
3954921,3955428,507,id07477
3955428,3956125,697,id07477
3956125,3956535,410,id07477
3956535,3956853,318,id07477
3956853,3957268,415,id07477
3957268,3957673,405,id07477
3957673,3957991,318,id07477
3957991,3958713,722,id07477
3958713,3959425,712,id07477
3959425,3960153,728,id07477
3960153,3961259,1106,id07477
3961259,3961623,364,id07477
3961623,3962074,451,id07477
3962074,3962561,487,id07477
3962561,3962925,364,id07477
3962925,3963566,641,id07477
3963566,3963904,338,id07477
3963904,3964360,456,id07477
3964360,3964755,395,id07477
3964755,3965498,743,id07477
3965498,3966031,533,id07477
3966031,3966359,328,id07477
3966359,3967056,697,id07477
3967056,3967400,344,id07477
3967400,3967897,497,id07477
3967897,3968440,543,id07477
3968440,3968814,374,id07477
3968814,3969142,328,id07477
3969142,3969516,374,id07477
3969516,3969895,379,id07477
3969895,3970259,364,id07477
3970259,3971355,1096,id07477
3971355,3972016,661,id07477
3972016,3972626,610,id07477
3972626,3973123,497,id07477
3973123,3975412,2289,id07477
3975412,3976047,635,id07477
3976047,3976667,620,id07477
3976667,3977011,344,id07477
3977011,3977605,594,id07477
3977605,3978307,702,id07477
3978307,3978676,369,id07477
3978676,3979009,333,id07477
3979009,3979373,364,id07477
3979373,3979839,466,id07477
3979839,3980270,431,id07477
3980270,3980608,338,id07477
3980608,3980977,369,id07477
3980977,3981725,748,id07477
3981725,3982156,431,id07477
3982156,3983032,876,id07477
3983032,3983534,502,id07477
3983534,3984364,830,id07477
3984364,3984682,318,id07477
3984682,3985061,379,id07477
3985061,3985568,507,id07477
3985568,3986070,502,id07477
3986070,3987550,1480,id07477
3987550,3988411,861,id07477
3988411,3989328,917,id07477
3989328,3990603,1275,id07477
3990603,3991049,446,id07477
3991049,3992575,1526,id07477
3992575,3993743,1168,id07477
3993743,3994640,897,id07477
3994640,3995112,472,id07477
3995112,3995604,492,id07477
3995604,3997018,1414,id07477
3997018,3997592,574,id07477
3997592,3997951,359,id07477
3997951,3999825,1874,id07477
3999825,4000194,369,id07477
4000194,4001792,1598,id07477
4001792,4002320,528,id07477
4002320,4002781,461,id07477
4002781,4003360,579,id07477
4003360,4003908,548,id07477
4003908,4004559,651,id07477
4004559,4005031,472,id07477
4005031,4005523,492,id07477
4005523,4005989,466,id07477
4005989,4006368,379,id07477
4006368,4006717,349,id07477
4006717,4007250,533,id07477
4007250,4007850,600,id07477
4007850,4008485,635,id07477
4008485,4008823,338,id07477
4008823,4009673,850,id07477
4009673,4010006,333,id07477
4010006,4010544,538,id07477
4010544,4011118,574,id07477
4011118,4011538,420,id07477
4011538,4011907,369,id07477
4011907,4012307,400,id07477
4012307,4012661,354,id07477
4012661,4013127,466,id07477
4013127,4013476,349,id07477
4013476,4013937,461,id07477
4013937,4014270,333,id07477
4014270,4014752,482,id07477
4014752,4015321,569,id07477
4015321,4015685,364,id07477
4015685,4016064,379,id07477
4016064,4016756,692,id07477
4016756,4017304,548,id07477
4017304,4017786,482,id07477
4017786,4018447,661,id07477
4018447,4019605,1158,id07477
4019605,4020496,891,id07477
4020496,4021270,774,id07477
4021270,4021655,385,id07477
4021655,4021993,338,id07477
4021993,4023033,1040,id07477
4023033,4023361,328,id07477
4023361,4024007,646,id07477
4024007,4024673,666,id07477
4024673,4025232,559,id07477
4025232,4025791,559,id07477
4025791,4026580,789,id07477
4026580,4027707,1127,id07477
4027707,4028163,456,id07477
4028163,4028496,333,id07477
4028496,4029039,543,id07477
4029039,4029777,738,id07477
4029777,4030187,410,id07477
4030187,4031560,1373,id07477
4031560,4032073,513,id07477
4032073,4032493,420,id07477
4032493,4032847,354,id07477
4032847,4033723,876,id07477
4033723,4034154,431,id07477
4034154,4035286,1132,id07477
4035286,4035671,385,id07477
4035671,4036214,543,id07477
4036214,4036542,328,id07477
4036542,4037300,758,id07477
4037300,4038140,840,id07477
4038140,4038514,374,id07477
4038514,4039216,702,id07477
4039216,4040271,1055,id07477
4040271,4041557,1286,id07477
4041557,4042070,513,id07477
4042070,4042772,702,id07477
4042772,4043648,876,id07477
4043648,4044053,405,id07477
4044053,4044412,359,id07477
4044412,4044822,410,id07477
4044822,4045324,502,id07477
4045324,4046036,712,id07477
4046036,4046369,333,id07477
4046369,4046748,379,id07477
4046748,4047143,395,id07477
4047143,4047481,338,id07477
4047481,4048183,702,id07477
4048183,4048824,641,id07477
4048824,4049168,344,id07477
4049168,4049619,451,id07477
4049619,4050321,702,id07477
4050321,4050905,584,id07477
4050905,4052580,1675,id07477
4052580,4053425,845,id07477
4053425,4054127,702,id07477
4054127,4054619,492,id07477
4054619,4055024,405,id07477
4055024,4055634,610,id07477
4055634,4056290,656,id07477
4056290,4057248,958,id07477
4057248,4057755,507,id07477
4057755,4058646,891,id07477
4058646,4059061,415,id07477
4059061,4059507,446,id07477
4059507,4059886,379,id07477
4059886,4060214,328,id07477
4060214,4060634,420,id07477
4060634,4061024,390,id07477
4061024,4061419,395,id07477
4061419,4061788,369,id07477
4061788,4062464,676,id07477
4062464,4063320,856,id07477
4063320,4064370,1050,id07477
4064370,4064929,559,id07477
4064929,4065595,666,id07477
4065595,4065964,369,id07477
4065964,4066558,594,id07477
4066558,4067260,702,id07477
4067260,4068090,830,id07477
4068090,4068777,687,id07477
4068777,4069290,513,id07477
4069290,4069721,431,id07477
4069721,4070085,364,id07477
4070085,4070480,395,id07477
4070480,4070808,328,id07477
4070808,4071223,415,id07477
4071223,4071679,456,id07579
4071679,4072217,538,id07579
4072217,4072566,349,id07579
4072566,4072910,344,id07579
4072910,4073351,441,id07579
4073351,4073848,497,id07579
4073848,4074217,369,id07579
4074217,4074924,707,id07579
4074924,4075324,400,id07579
4075324,4075724,400,id07579
4075724,4076708,984,id07579
4076708,4077789,1081,id07579
4077789,4078184,395,id07579
4078184,4078840,656,id07579
4078840,4079250,410,id07579
4079250,4079809,559,id07579
4079809,4080240,431,id07579
4080240,4080686,446,id07579
4080686,4081163,477,id07579
4081163,4081491,328,id07579
4081491,4082167,676,id07579
4082167,4082485,318,id07579
4082485,4084206,1721,id07579
4084206,4085200,994,id07579
4085200,4085610,410,id07579
4085610,4086578,968,id07579
4086578,4087019,441,id07579
4087019,4087654,635,id07579
4087654,4088039,385,id07579
4088039,4090277,2238,id07579
4090277,4091046,769,id07579
4091046,4091482,436,id07579
4091482,4092773,1291,id07579
4092773,4093224,451,id07579
4093224,4093813,589,id07579
4093813,4094346,533,id07579
4094346,4095606,1260,id07579
4095606,4096431,825,id07579
4096431,4097281,850,id07579
4097281,4097712,431,id07579
4097712,4098716,1004,id07579
4098716,4099264,548,id07579
4099264,4099869,605,id07579
4099869,4100515,646,id07579
4100515,4101043,528,id07579
4101043,4101791,748,id07579
4101791,4102129,338,id07579
4102129,4102452,323,id07579
4102452,4102775,323,id07579
4102775,4103139,364,id07579
4103139,4103846,707,id07579
4103846,4104271,425,id07579
4104271,4105101,830,id07579
4105101,4105506,405,id07579
4105506,4106157,651,id07579
4106157,4106623,466,id07579
4106623,4107130,507,id07579
4107130,4107504,374,id07579
4107504,4108057,553,id07579
4108057,4108687,630,id07579
4108687,4109020,333,id07579
4109020,4109338,318,id07579
4109338,4109789,451,id07579
4109789,4110214,425,id07579
4110214,4110547,333,id07579
4110547,4111285,738,id07579
4111285,4111618,333,id07579
4111618,4112161,543,id07579
4112161,4112479,318,id07579
4112479,4112930,451,id07579
4112930,4113509,579,id07579
4113509,4114119,610,id07579
4114119,4114770,651,id07579
4114770,4115533,763,id07579
4115533,4116450,917,id07579
4116450,4117710,1260,id07579
4117710,4118412,702,id07579
4118412,4118802,390,id07579
4118802,4119898,1096,id07579
4119898,4120958,1060,id07579
4120958,4121409,451,id07579
4121409,4122070,661,id07579
4122070,4123310,1240,id07579
4123310,4124242,932,id07579
4124242,4125144,902,id07579
4125144,4125651,507,id07579
4125651,4126722,1071,id07579
4126722,4127675,953,id07579
4127675,4128147,472,id07579
4128147,4128747,600,id07579
4128747,4129649,902,id07579
4129649,4130776,1127,id07579
4130776,4131857,1081,id07579
4131857,4132446,589,id07579
4132446,4132866,420,id07579
4132866,4133327,461,id07579
4133327,4133706,379,id07579
4133706,4134398,692,id07579
4134398,4135018,620,id07579
4135018,4135372,354,id07579
4135372,4136120,748,id07579
4136120,4136791,671,id07579
4136791,4137160,369,id07579
4137160,4137478,318,id07579
4137478,4137970,492,id07579
4137970,4138513,543,id07579
4138513,4138949,436,id07579
4138949,4139502,553,id07579
4139502,4139825,323,id07579
4139825,4140143,318,id07579
4140143,4140466,323,id07579
4140466,4140784,318,id07579
4140784,4141128,344,id07579
4141128,4141610,482,id07579
4141610,4142143,533,id07579
4142143,4142671,528,id07579
4142671,4143076,405,id07579
4143076,4143701,625,id07579
4143701,4144142,441,id07579
4144142,4144486,344,id07579
4144486,4144814,328,id07579
4144814,4145209,395,id07579
4145209,4145553,344,id07579
4145553,4145917,364,id07579
4145917,4146255,338,id07579
4146255,4146619,364,id07579
4146619,4146947,328,id07579
4146947,4147388,441,id07579
4147388,4147716,328,id07579
4147716,4148259,543,id07579
4148259,4149934,1675,id07579
4149934,4150948,1014,id07579
4150948,4151317,369,id07579
4151317,4151758,441,id07579
4151758,4152091,333,id07579
4152091,4152522,431,id07579
4152522,4152947,425,id07579
4152947,4153521,574,id07579
4153521,4154039,518,id07579
4154039,4154531,492,id07579
4154531,4155156,625,id07579
4155156,4155740,584,id07579
4155740,4156125,385,id07579
4156125,4156648,523,id07579
4156648,4157058,410,id07579
4157058,4157448,390,id07579
4157448,4157802,354,id07579
4157802,4158197,395,id07579
4158197,4158607,410,id07579
4158607,4159498,891,id07579
4159498,4159980,482,id07579
4159980,4160370,390,id07579
4160370,4160990,620,id07579
4160990,4161405,415,id07579
4161405,4161830,425,id07579
4161830,4162225,395,id07579
4162225,4162988,763,id07579
4162988,4164376,1388,id07579
4164376,4165001,625,id07579
4165001,4165519,518,id07579
4165519,4166001,482,id07579
4166001,4167169,1168,id07579
4167169,4168009,840,id07579
4168009,4168440,431,id07579
4168440,4168906,466,id07579
4168906,4169403,497,id07579
4169403,4169987,584,id07579
4169987,4170305,318,id07579
4170305,4170792,487,id07579
4170792,4171141,349,id07579
4171141,4171479,338,id07579
4171479,4171797,318,id07579
4171797,4172576,779,id07579
4172576,4172991,415,id07579
4172991,4173452,461,id07579
4173452,4173872,420,id07579
4173872,4174927,1055,id07579
4174927,4175573,646,id07579
4175573,4176669,1096,id07579
4176669,4177002,333,id07579
4177002,4177878,876,id07579
4177878,4179522,1644,id07579
4179522,4179973,451,id07579
4179973,4180916,943,id07579
4180916,4181500,584,id07579
4181500,4181895,395,id07579
4181895,4182249,354,id07579
4182249,4182644,395,id07579
4182644,4183213,569,id07579
4183213,4183741,528,id07579
4183741,4184392,651,id07579
4184392,4184812,420,id07579
4184812,4185340,528,id07579
4185340,4186001,661,id07579
4186001,4186350,349,id07579
4186350,4186791,441,id07579
4186791,4187211,420,id07579
4187211,4187631,420,id07579
4187631,4188389,758,id07579
4188389,4189362,973,id07579
4189362,4189803,441,id07579
4189803,4190259,456,id07579
4190259,4191176,917,id07579
4191176,4191673,497,id07579
4191673,4192017,344,id07579
4192017,4192642,625,id07579
4192642,4193851,1209,id07579
4193851,4195142,1291,id07579
4195142,4196515,1373,id07579
4196515,4197749,1234,id07579
4197749,4198154,405,id07579
4198154,4198487,333,id07579
4198487,4198851,364,id07579
4198851,4199307,456,id07579
4199307,4199686,379,id07579
4199686,4200091,405,id07579
4200091,4200481,390,id07579
4200481,4200871,390,id07579
4200871,4201327,456,id07579
4201327,4201819,492,id07579
4201819,4202644,825,id07579
4202644,4202962,318,id07579
4202962,4203331,369,id07579
4203331,4203895,564,id07579
4203895,4204776,881,id07579
4204776,4205580,804,id07579
4205580,4206241,661,id07579
4206241,4206969,728,id07579
4206969,4207778,809,id07579
4207778,4208224,446,id07579
4208224,4208895,671,id07579
4208895,4209228,333,id07579
4209228,4209592,364,id07623
4209592,4210330,738,id07623
4210330,4210843,513,id07623
4210843,4211258,415,id07623
4211258,4211622,364,id07623
4211622,4211950,328,id07623
4211950,4212304,354,id07623
4212304,4213518,1214,id07623
4213518,4213954,436,id07623
4213954,4214287,333,id07623
4214287,4214738,451,id07623
4214738,4215071,333,id07623
4215071,4215399,328,id07623
4215399,4215768,369,id07623
4215768,4216444,676,id07623
4216444,4216992,548,id07623
4216992,4218395,1403,id07623
4218395,4218969,574,id07623
4218969,4219666,697,id07623
4219666,4220010,344,id07623
4220010,4220359,349,id07623
4220359,4220703,344,id07623
4220703,4221082,379,id07623
4221082,4221410,328,id07623
4221410,4221912,502,id07623
4221912,4222368,456,id07623
4222368,4223531,1163,id07623
4223531,4223946,415,id07623
4223946,4224264,318,id07623
4224264,4225324,1060,id07623
4225324,4225642,318,id07623
4225642,4226175,533,id07623
4226175,4226493,318,id07623
4226493,4227154,661,id07623
4227154,4227646,492,id07623
4227646,4228246,600,id07623
4228246,4228584,338,id07623
4228584,4229035,451,id07623
4229035,4229368,333,id07623
4229368,4229840,472,id07623
4229840,4230255,415,id07623
4230255,4230773,518,id07623
4230773,4231117,344,id07623
4231117,4232049,932,id07623
4232049,4232567,518,id07623
4232567,4233074,507,id07623
4233074,4233561,487,id07623
4233561,4234068,507,id07623
4234068,4234396,328,id07623
4234396,4235083,687,id07623
4235083,4235524,441,id07623
4235524,4235970,446,id07623
4235970,4236523,553,id07623
4236523,4236979,456,id07623
4236979,4237410,431,id07623
4237410,4238511,1101,id07623
4238511,4238875,364,id07623
4238875,4239295,420,id07623
4239295,4239644,349,id07623
4239644,4239972,328,id07623
4239972,4240336,364,id07623
4240336,4240736,400,id07623
4240736,4241325,589,id07623
4241325,4242196,871,id07623
4242196,4242652,456,id07623
4242652,4243318,666,id07623
4243318,4243667,349,id07623
4243667,4244005,338,id07623
4244005,4244384,379,id07623
4244384,4245055,671,id07623
4245055,4245383,328,id07623
4245383,4246095,712,id07623
4246095,4246505,410,id07623
4246505,4246951,446,id07623
4246951,4247812,861,id07623
4247812,4248217,405,id07623
4248217,4248668,451,id07623
4248668,4249641,973,id07623
4249641,4250107,466,id07623
4250107,4250507,400,id07623
4250507,4251117,610,id07623
4251117,4251829,712,id07623
4251829,4252444,615,id07623
4252444,4252767,323,id07623
4252767,4253495,728,id07623
4253495,4254023,528,id07623
4254023,4254392,369,id07623
4254392,4255309,917,id07623
4255309,4256134,825,id07623
4256134,4256452,318,id07623
4256452,4256770,318,id07623
4256770,4257641,871,id07623
4257641,4258246,605,id07623
4258246,4258610,364,id07623
4258610,4259286,676,id07623
4259286,4259768,482,id07623
4259768,4260122,354,id07623
4260122,4260486,364,id07623
4260486,4260840,354,id07623
4260840,4261158,318,id07623
4261158,4261563,405,id07623
4261563,4261983,420,id07623
4261983,4262465,482,id07623
4262465,4262926,461,id07623
4262926,4263961,1035,id07623
4263961,4264919,958,id07623
4264919,4265334,415,id07623
4265334,4265724,390,id07623
4265724,4266052,328,id07623
4266052,4266390,338,id07623
4266390,4266964,574,id07623
4266964,4267517,553,id07623
4267517,4267958,441,id07623
4267958,4268435,477,id07623
4268435,4268855,420,id07623
4268855,4269199,344,id07623
4269199,4269532,333,id07623
4269532,4269927,395,id07623
4269927,4270752,825,id07623
4270752,4271259,507,id07623
4271259,4271782,523,id07623
4271782,4272136,354,id07623
4272136,4272925,789,id07623
4272925,4273535,610,id07623
4273535,4273868,333,id07623
4273868,4274544,676,id07623
4274544,4275164,620,id07623
4275164,4275748,584,id07623
4275748,4276143,395,id07623
4276143,4276640,497,id07623
4276640,4276989,349,id07623
4276989,4277471,482,id07623
4277471,4277886,415,id07623
4277886,4278301,415,id07623
4278301,4278819,518,id07623
4278819,4279137,318,id07623
4279137,4279506,369,id07623
4279506,4279870,364,id07623
4279870,4280295,425,id07623
4280295,4280700,405,id07623
4280700,4281069,369,id07623
4281069,4281663,594,id07623
4281663,4282263,600,id07623
4282263,4282668,405,id07623
4282668,4283293,625,id07623
4283293,4283841,548,id07623
4283841,4284246,405,id07623
4284246,4284661,415,id07623
4284661,4285005,344,id07623
4285005,4285528,523,id07623
4285528,4285979,451,id07623
4285979,4286681,702,id07623
4286681,4287096,415,id07623
4287096,4287788,692,id07623
4287788,4288388,600,id07623
4288388,4288783,395,id07623
4288783,4289132,349,id07623
4289132,4289537,405,id07623
4289537,4289891,354,id07623
4289891,4290526,635,id07623
4290526,4290870,344,id07623
4290870,4291280,410,id07623
4291280,4291618,338,id07623
4291618,4291982,364,id07623
4291982,4292326,344,id07623
4292326,4292664,338,id07623
4292664,4293299,635,id07623
4293299,4293950,651,id07623
4293950,4294365,415,id07623
4294365,4294790,425,id07623
4294790,4295200,410,id07623
4295200,4295631,431,id07623
4295631,4296051,420,id07623
4296051,4296738,687,id07623
4296738,4297112,374,id07623
4297112,4297778,666,id07623
4297778,4298255,477,id07623
4298255,4298624,369,id07623
4298624,4298988,364,id07623
4298988,4299572,584,id07623
4299572,4299951,379,id07623
4299951,4300494,543,id07623
4300494,4300925,431,id07623
4300925,4301258,333,id07623
4301258,4301586,328,id07623
4301586,4301955,369,id07623
4301955,4302427,472,id07623
4302427,4302817,390,id07623
4302817,4303468,651,id07623
4303468,4303853,385,id07623
4303853,4304217,364,id07623
4304217,4304561,344,id07623
4304561,4304889,328,id07623
4304889,4305217,328,id07623
4305217,4305632,415,id07623
4305632,4306027,395,id07623
4306027,4306417,390,id07623
4306417,4307063,646,id07623
4307063,4307381,318,id07623
4307381,4307801,420,id07623
4307801,4308155,354,id07623
4308155,4308555,400,id07623
4308555,4308914,359,id07623
4308914,4309252,338,id07623
4309252,4309928,676,id07623
4309928,4310282,354,id07623
4310282,4310620,338,id07623
4310620,4310979,359,id07623
4310979,4311609,630,id07623
4311609,4312459,850,id07623
4312459,4313330,871,id07623
4313330,4313853,523,id07623
4313853,4314268,415,id07623
4314268,4314791,523,id07623
4314791,4315140,349,id07623
4315140,4315473,333,id07623
4315473,4316144,671,id07623
4316144,4316692,548,id07623
4316692,4317087,395,id07623
4317087,4317553,466,id07623
4317553,4317978,425,id07623
4317978,4318757,779,id07623
4318757,4319229,472,id07623
4319229,4319711,482,id07623
4319711,4320049,338,id07623
4320049,4320766,717,id07623
4320766,4321647,881,id07623
4321647,4322078,431,id07623
4322078,4322662,584,id07623
4322662,4323159,497,id07623
4323159,4323989,830,id07623
4323989,4324307,318,id07623
4324307,4324681,374,id07623
4324681,4325050,369,id07623
4325050,4325532,482,id07623
4325532,4325870,338,id07623
4325870,4326423,553,id07623
4326423,4327104,681,id07623
4327104,4327432,328,id07623
4327432,4327786,354,id07623
4327786,4328252,466,id07623
4328252,4328759,507,id07623
4328759,4329144,385,id07623
4329144,4329790,646,id07623
4329790,4330134,344,id07623
4330134,4331066,932,id07623
4331066,4331430,364,id07623
4331430,4332577,1147,id07623
4332577,4333018,441,id07623
4333018,4333362,344,id07623
4333362,4334008,646,id07623
4334008,4334526,518,id07623
4334526,4334854,328,id07623
4334854,4335474,620,id07623
4335474,4335869,395,id07623
4335869,4336223,354,id07623
4336223,4336633,410,id07623
4336633,4337089,456,id07623
4337089,4337760,671,id07623
4337760,4338160,400,id07623
4338160,4338831,671,id07623
4338831,4339277,446,id07623
4339277,4339610,333,id07623
4339610,4339948,338,id07623
4339948,4340302,354,id07623
4340302,4340989,687,id07623
4340989,4341573,584,id07623
4341573,4341911,338,id07623
4341911,4342367,456,id07623
4342367,4342787,420,id07623
4342787,4343207,420,id07623
4343207,4343561,354,id07623
4343561,4343956,395,id07623
4343956,4344310,354,id07623
4344310,4344858,548,id07623
4344858,4345345,487,id07623
4345345,4345786,441,id07623
4345786,4346345,559,id07623
4346345,4346811,466,id07623
4346811,4347221,410,id07623
4347221,4347565,344,id07623
4347565,4348083,518,id07623
4348083,4348508,425,id07623
4348508,4348826,318,id07623
4348826,4349154,328,id07623
4349154,4349569,415,id07623
4349569,4350056,487,id07623
4350056,4350522,466,id07623
4350522,4350901,379,id07623
4350901,4351234,333,id07623
4351234,4351910,676,id07623
4351910,4352289,379,id07623
4352289,4352658,369,id07623
4352658,4353099,441,id07623
4353099,4353535,436,id07623
4353535,4353853,318,id07623
4353853,4354253,400,id07623
4354253,4354591,338,id07623
4354591,4354924,333,id07623
4354924,4355344,420,id07623
4355344,4355682,338,id07623
4355682,4356020,338,id07623
4356020,4356374,354,id07623
4356374,4356958,584,id07623
4356958,4357286,328,id07623
4357286,4357901,615,id07623
4357901,4358352,451,id07623
4358352,4358757,405,id07623
4358757,4359280,523,id07623
4359280,4359874,594,id07623
4359874,4360417,543,id07623
4360417,4360991,574,id07623
4360991,4361335,344,id07623
4361335,4362232,897,id07623
4362232,4362729,497,id07623
4362729,4363201,472,id07623
4363201,4363596,395,id07623
4363596,4364170,574,id07623
4364170,4364611,441,id07623
4364611,4365154,543,id07623
4365154,4365508,354,id07623
4365508,4365928,420,id07623
4365928,4366446,518,id07623
4366446,4366923,477,id07623
4366923,4367267,344,id07623
4367267,4367923,656,id07623
4367923,4368425,502,id07623
4368425,4368815,390,id07623
4368815,4369281,466,id07623
4369281,4369614,333,id07623
4369614,4370019,405,id07623
4370019,4370424,405,id07623
4370424,4370778,354,id07623
4370778,4371193,415,id07623
4371193,4371649,456,id07623
4371649,4372095,446,id07623
4372095,4373012,917,id07623
4373012,4373432,420,id07623
4373432,4373776,344,id07623
4373776,4374278,502,id07623
4374278,4374903,625,id07623
4374903,4375375,472,id07623
4375375,4375811,436,id07623
4375811,4376272,461,id07623
4376272,4377087,815,id07623
4377087,4377533,446,id07623
4377533,4377902,369,id07623
4377902,4378578,676,id07623
4378578,4378942,364,id07623
4378942,4379306,364,id07623
4379306,4379624,318,id07623
4379624,4379952,328,id07623
4379952,4380316,364,id07623
4380316,4380885,569,id07623
4380885,4381223,338,id07623
4381223,4381567,344,id07623
4381567,4381890,323,id07623
4381890,4382249,359,id07623
4382249,4382572,323,id07623
4382572,4382957,385,id07623
4382957,4383290,333,id07627
4383290,4383613,323,id07627
4383613,4384791,1178,id07627
4384791,4385124,333,id07627
4385124,4386036,912,id07627
4386036,4386600,564,id07627
4386600,4386979,379,id07627
4386979,4387773,794,id07627
4387773,4388178,405,id07627
4388178,4388644,466,id07627
4388644,4389699,1055,id07627
4389699,4390150,451,id07627
4390150,4390575,425,id07627
4390575,4390929,354,id07627
4390929,4391283,354,id07627
4391283,4391632,349,id07627
4391632,4392226,594,id07627
4392226,4392769,543,id07627
4392769,4393235,466,id07627
4393235,4393732,497,id07627
4393732,4394106,374,id07627
4394106,4394506,400,id07627
4394506,4395428,922,id07627
4395428,4395751,323,id07627
4395751,4397375,1624,id07627
4397375,4398144,769,id07627
4398144,4398549,405,id07627
4398549,4399261,712,id07627
4399261,4399804,543,id07627
4399804,4400132,328,id07627
4400132,4400691,559,id07627
4400691,4401767,1076,id07627
4401767,4402341,574,id07627
4402341,4403181,840,id07627
4403181,4403996,815,id07627
4403996,4404549,553,id07627
4404549,4405881,1332,id07627
4405881,4406214,333,id07627
4406214,4407274,1060,id07627
4407274,4408304,1030,id07627
4408304,4409369,1065,id07627
4409369,4410706,1337,id07627
4410706,4411403,697,id07627
4411403,4412161,758,id07627
4412161,4412970,809,id07627
4412970,4413406,436,id07627
4413406,4414461,1055,id07627
4414461,4415880,1419,id07627
4415880,4416454,574,id07627
4416454,4416885,431,id07627
4416885,4417331,446,id07627
4417331,4417756,425,id07627
4417756,4418120,364,id07627
4418120,4418853,733,id07627
4418853,4419319,466,id07627
4419319,4419673,354,id07627
4419673,4419991,318,id07627
4419991,4420319,328,id07627
4420319,4420657,338,id07627
4420657,4421313,656,id07627
4421313,4421861,548,id07627
4421861,4422752,891,id07627
4422752,4423096,344,id07627
4423096,4423614,518,id07627
4423614,4425120,1506,id07627
4425120,4425561,441,id07627
4425561,4426268,707,id07627
4426268,4426606,338,id07627
4426606,4427031,425,id07627
4427031,4427380,349,id07627
4427380,4427939,559,id07627
4427939,4428457,518,id07627
4428457,4428929,472,id07627
4428929,4429498,569,id07627
4429498,4430036,538,id07627
4430036,4430374,338,id07627
4430374,4430933,559,id07627
4430933,4431251,318,id07627
4431251,4432337,1086,id07627
4432337,4433592,1255,id07627
4433592,4434094,502,id07627
4434094,4434924,830,id07627
4434924,4435785,861,id07627
4435785,4436200,415,id07800
4436200,4437066,866,id07800
4437066,4438464,1398,id07800
4438464,4438838,374,id07800
4438838,4439228,390,id07800
4439228,4440109,881,id07800
4440109,4440939,830,id07800
4440939,4441498,559,id07800
4441498,4442430,932,id07800
4442430,4445385,2955,id07800
4445385,4446092,707,id07800
4446092,4446420,328,id07800
4446420,4446968,548,id07800
4446968,4447573,605,id07800
4447573,4447978,405,id07800
4447978,4448424,446,id07800
4448424,4448752,328,id07800
4448752,4450882,2130,id07800
4450882,4452224,1342,id07800
4452224,4453330,1106,id07800
4453330,4453704,374,id07800
4453704,4454790,1086,id07800
4454790,4456168,1378,id07800
4456168,4456593,425,id07800
4456593,4456911,318,id07800
4456911,4457418,507,id07800
4457418,4457910,492,id07800
4457910,4459221,1311,id07800
4459221,4459913,692,id07800
4459913,4460641,728,id07800
4460641,4461594,953,id07800
4461594,4462045,451,id07800
4462045,4462701,656,id07800
4462701,4463065,364,id07800
4463065,4463936,871,id07800
4463936,4464274,338,id07800
4464274,4464679,405,id07800
4464679,4465412,733,id07800
4465412,4466022,610,id07800
4466022,4466601,579,id07800
4466601,4467211,610,id07800
4467211,4468256,1045,id07800
4468256,4469793,1537,id07800
4469793,4470469,676,id07800
4470469,4471396,927,id07800
4471396,4472912,1516,id07800
4472912,4473353,441,id07800
4473353,4474127,774,id07800
4474127,4475182,1055,id07800
4475182,4475602,420,id07800
4475602,4476161,559,id07800
4476161,4477124,963,id07800
4477124,4477452,328,id07800
4477452,4477944,492,id07800
4477944,4478912,968,id07800
4478912,4479855,943,id07800
4479855,4480675,820,id07800
4480675,4481034,359,id07800
4481034,4481547,513,id07800
4481547,4481957,410,id07800
4481957,4482894,937,id07800
4482894,4484103,1209,id07800
4484103,4485209,1106,id07800
4485209,4485834,625,id07800
4485834,4486490,656,id07800
4486490,4486921,431,id07800
4486921,4487510,589,id07800
4487510,4488104,594,id07800
4488104,4489200,1096,id07800
4489200,4489554,354,id07800
4489554,4489949,395,id07800
4489949,4490892,943,id07800
4490892,4491338,446,id07800
4491338,4492537,1199,id07800
4492537,4493505,968,id07800
4493505,4493884,379,id07800
4493884,4494468,584,id07800
4494468,4495073,605,id07800
4495073,4495621,548,id07800
4495621,4496599,978,id07800
4496599,4497506,907,id07800
4497506,4498100,594,id07800
4498100,4498884,784,id07800
4498884,4499248,364,id07800
4499248,4500411,1163,id07800
4500411,4501205,794,id07800
4501205,4501861,656,id07800
4501861,4502266,405,id07800
4502266,4502922,656,id07800
4502922,4503450,528,id07800
4503450,4504659,1209,id07800
4504659,4505182,523,id07800
4505182,4507133,1951,id07800
4507133,4508367,1234,id07800
4508367,4510129,1762,id07800
4510129,4510775,646,id07800
4510775,4512573,1798,id07800
4512573,4512896,323,id07800
4512896,4513393,497,id07800
4513393,4514448,1055,id07800
4514448,4514894,446,id07800
4514894,4516866,1972,id07800
4516866,4517952,1086,id07800
4517952,4519760,1808,id07800
4519760,4520093,333,id07800
4520093,4520708,615,id07800
4520708,4522311,1603,id07800
4522311,4522767,456,id07800
4522767,4523310,543,id07800
4523310,4524237,927,id07800
4524237,4526854,2617,id07800
4526854,4528892,2038,id07800
4528892,4530024,1132,id07800
4530024,4531361,1337,id07800
4531361,4531699,338,id07800
4531699,4532544,845,id07800
4532544,4533794,1250,id07800
4533794,4534286,492,id07800
4534286,4534681,395,id07800
4534681,4535173,492,id07800
4535173,4535696,523,id07800
4535696,4538390,2694,id07800
4538390,4539358,968,id07800
4539358,4539814,456,id07800
4539814,4541463,1649,id07800
4541463,4543179,1716,id07800
4543179,4543651,472,id07800
4543651,4545116,1465,id07800
4545116,4545531,415,id07800
4545531,4546940,1409,id07800
4546940,4547504,564,id07800
4547504,4547899,395,id07800
4547899,4548340,441,id07800
4548340,4548725,385,id07800
4548725,4549043,318,id07800
4549043,4549381,338,id07800
4549381,4549853,472,id07800
4549853,4550371,518,id07800
4550371,4550776,405,id07800
4550776,4551626,850,id07800
4551626,4552133,507,id07800
4552133,4553465,1332,id07800
4553465,4553911,446,id07800
4553911,4554480,569,id07800
4554480,4555448,968,id07800
4555448,4555817,369,id07800
4555817,4556171,354,id07800
4556171,4556494,323,id07800
4556494,4556986,492,id07800
4556986,4557637,651,id07800
4557637,4558677,1040,id07800
4558677,4559277,600,id07800
4559277,4559902,625,id07800
4559902,4560317,415,id07800
4560317,4562130,1813,id07800
4562130,4563344,1214,id07800
4563344,4564005,661,id07800
4564005,4564748,743,id07800
4564748,4565409,661,id07800
4565409,4565875,466,id07800
4565875,4566536,661,id07800
4566536,4567837,1301,id07800
4567837,4568933,1096,id07800
4568933,4570664,1731,id07800
4570664,4571924,1260,id07800
4571924,4572257,333,id07800
4572257,4572611,354,id07800
4572611,4573057,446,id07800
4573057,4573452,395,id07800
4573452,4573888,436,id07800
4573888,4574370,482,id07800
4574370,4574842,472,id07800
4574842,4575395,553,id07800
4575395,4576082,687,id07800
4576082,4576441,359,id07800
4576441,4577445,1004,id07800
4577445,4578572,1127,id07800
4578572,4578941,369,id07800
4578941,4579561,620,id07800
4579561,4580248,687,id07800
4580248,4580720,472,id07800
4580720,4581069,349,id07800
4581069,4581464,395,id07800
4581464,4581797,333,id07800
4581797,4582560,763,id07800
4582560,4582883,323,id07800
4582883,4584266,1383,id07800
4584266,4585291,1025,id07800
4585291,4586090,799,id07800
4586090,4587765,1675,id07800
4587765,4588605,840,id07800
4588605,4589118,513,id07800
4589118,4589503,385,id07800
4589503,4590103,600,id07800
4590103,4590774,671,id07800
4590774,4591128,354,id07800
4591128,4591559,431,id07800
4591559,4591933,374,id07800
4591933,4592993,1060,id07800
4592993,4594115,1122,id07800
4594115,4594494,379,id07800
4594494,4595181,687,id07800
4595181,4595796,615,id07800
4595796,4597138,1342,id07800
4597138,4598132,994,id07800
4598132,4600053,1921,id07800
4600053,4600801,748,id07800
4600801,4601155,354,id07800
4601155,4601473,318,id07800
4601473,4602211,738,id07800
4602211,4602724,513,id07800
4602724,4603953,1229,id07800
4603953,4604819,866,id07800
4604819,4605823,1004,id07800
4605823,4606279,456,id07800
4606279,4607053,774,id07800
4607053,4607484,431,id07800
4607484,4607961,477,id07800
4607961,4608530,569,id07800
4608530,4608955,425,id07800
4608955,4609360,405,id07800
4609360,4609893,533,id07800
4609893,4610293,400,id07800
4610293,4611036,743,id07800
4611036,4611569,533,id07800
4611569,4612281,712,id07800
4612281,4612604,323,id07800
4612604,4613204,600,id07800
4613204,4613891,687,id07800
4613891,4614414,523,id07800
4614414,4614742,328,id07800
4614742,4615075,333,id07800
4615075,4616007,932,id07800
4616007,4616448,441,id07800
4616448,4616802,354,id07800
4616802,4617453,651,id07800
4617453,4617889,436,id07800
4617889,4618432,543,id07800
4618432,4618837,405,id07800
4618837,4619237,400,id07800
4619237,4619806,569,id07800
4619806,4620185,379,id07800
4620185,4620518,333,id07800
4620518,4621292,774,id07800
4621292,4621825,533,id07800
4621825,4622604,779,id07800
4622604,4623357,753,id07800
4623357,4623972,615,id07800
4623972,4624950,978,id07800
4624950,4625672,722,id07800
4625672,4625990,318,id07800
4625990,4626733,743,id07800
4626733,4627742,1009,id07800
4627742,4628070,328,id07800
4628070,4628408,338,id07800
4628408,4629084,676,id07800
4629084,4629704,620,id07800
4629704,4630135,431,id07800
4630135,4630576,441,id07800
4630576,4631432,856,id07800
4631432,4632006,574,id07800
4632006,4632498,492,id07800
4632498,4632826,328,id07800
4632826,4633651,825,id07800
4633651,4634460,809,id07800
4634460,4635152,692,id07800
4635152,4635972,820,id07800
4635972,4636566,594,id07800
4636566,4637672,1106,id07800
4637672,4638092,420,id07800
4638092,4638482,390,id07800
4638482,4639169,687,id07800
4639169,4639523,354,id07800
4639523,4640158,635,id07800
4640158,4641055,897,id07800
4641055,4641542,487,id07800
4641542,4641911,369,id07800
4641911,4642608,697,id07800
4642608,4642936,328,id07800
4642936,4643868,932,id07800
4643868,4644570,702,id07800
4644570,4644980,410,id07800
4644980,4645339,359,id07800
4645339,4645857,518,id07800
4645857,4646277,420,id07800
4646277,4647230,953,id07800
4647230,4647635,405,id07800
4647635,4647994,359,id07800
4647994,4648430,436,id07800
4648430,4649808,1378,id07800
4649808,4650213,405,id07800
4650213,4651094,881,id07800
4651094,4651422,328,id07800
4651422,4651750,328,id07800
4651750,4652124,374,id07800
4652124,4653133,1009,id07800
4653133,4653763,630,id07800
4653763,4655064,1301,id07800
4655064,4655433,369,id07800
4655433,4655823,390,id07800
4655823,4656202,379,id07800
4656202,4656612,410,id07800
4656612,4656997,385,id07800
4656997,4657515,518,id07800
4657515,4657843,328,id07800
4657843,4658652,809,id07800
4658652,4660322,1670,id07800
4660322,4660660,338,id07800
4660660,4661126,466,id07800
4661126,4663359,2233,id07800
4663359,4664138,779,id07800
4664138,4664963,825,id07800
4664963,4665578,615,id07800
4665578,4666367,789,id07800
4666367,4666844,477,id07800
4666844,4667367,523,id07800
4667367,4669513,2146,id07800
4669513,4669933,420,id07800
4669933,4670978,1045,id07800
4670978,4671828,850,id07800
4671828,4672248,420,id07800
4672248,4673267,1019,id07800
4673267,4675172,1905,id07800
4675172,4676591,1419,id07800
4676591,4677155,564,id07800
4677155,4677872,717,id07800
4677872,4679705,1833,id07800
4679705,4680279,574,id07800
4680279,4680720,441,id07800
4680720,4681314,594,id07800
4681314,4681632,318,id07800
4681632,4683742,2110,id07800
4683742,4684429,687,id07800
4684429,4684885,456,id07800
4684885,4685469,584,id07800
4685469,4686104,635,id07800
4686104,4686422,318,id07800
4686422,4687544,1122,id07800
4687544,4688302,758,id07800
4688302,4688630,328,id07800
4688630,4689178,548,id07800
4689178,4689634,456,id07800
4689634,4689952,318,id07800
4689952,4690490,538,id07800
4690490,4690931,441,id07800
4690931,4691295,364,id07800
4691295,4691787,492,id07800
4691787,4692187,400,id07800
4692187,4692582,395,id07800
4692582,4692905,323,id07800
4692905,4693699,794,id07800
4693699,4694145,446,id07800
4694145,4694545,400,id07800
4694545,4695017,472,id07800
4695017,4695345,328,id07800
4695345,4695919,574,id07800
4695919,4696426,507,id07800
4696426,4696754,328,id07800
4696754,4697144,390,id07800
4697144,4698153,1009,id07800
4698153,4699060,907,id07800
4699060,4699450,390,id07800
4699450,4700480,1030,id07800
4700480,4701013,533,id07800
4701013,4702785,1772,id07800
4702785,4703164,379,id07800
4703164,4703595,431,id07800
4703595,4704415,820,id07800
4704415,4705255,840,id07800
4705255,4706213,958,id07800
4706213,4706531,318,id07800
4706531,4706967,436,id07800
4706967,4707398,431,id07800
4707398,4707987,589,id07800
4707987,4708464,477,id07800
4708464,4708802,338,id07800
4708802,4709151,349,id07800
4709151,4709536,385,id07800
4709536,4709880,344,id07800
4709880,4710326,446,id07800
4710326,4711125,799,id07800
4711125,4711489,364,id07800
4711489,4711971,482,id07800
4711971,4712581,610,id07800
4712581,4713319,738,id07800
4713319,4714221,902,id07800
4714221,4714539,318,id07800
4714539,4714862,323,id07800
4714862,4715267,405,id07800
4715267,4715605,338,id07800
4715605,4715969,364,id07800
4715969,4716563,594,id07800
4716563,4716932,369,id07800
4716932,4717475,543,id07800
4717475,4718090,615,id07800
4718090,4718864,774,id07800
4718864,4719602,738,id07800
4719602,4720314,712,id07800
4720314,4721251,937,id07800
4721251,4721605,354,id07800
4721605,4722102,497,id07800
4722102,4722865,763,id07800
4722865,4723541,676,id07800
4723541,4724909,1368,id07800
4724909,4725437,528,id07800
4725437,4726354,917,id07800
4726354,4726897,543,id07800
4726897,4727389,492,id07800
4727389,4727809,420,id07800
4727809,4728383,574,id07800
4728383,4729500,1117,id07800
4729500,4730028,528,id07800
4730028,4730622,594,id07800
4730622,4731053,431,id07800
4731053,4731637,584,id07800
4731637,4733307,1670,id07800
4733307,4735135,1828,id07800
4735135,4735898,763,id07800
4735898,4736595,697,id07800
4736595,4737732,1137,id07800
4737732,4738163,431,id07800
4738163,4738507,344,id07800
4738507,4739020,513,id07800
4739020,4739440,420,id07800
4739440,4740091,651,id07800
4740091,4740665,574,id07800
4740665,4741679,1014,id07800
4741679,4743344,1665,id07800
4743344,4744066,722,id07800
4744066,4746452,2386,id07800
4746452,4747548,1096,id07800
4747548,4749095,1547,id07800
4749095,4749945,850,id07800
4749945,4751712,1767,id07800
4751712,4752112,400,id07800
4752112,4752450,338,id07800
4752450,4753188,738,id07800
4753188,4753752,564,id07800
4753752,4754244,492,id07800
4754244,4754675,431,id07800
4754675,4755367,692,id07800
4755367,4755705,338,id07800
4755705,4756448,743,id07800
4756448,4757094,646,id07800
4757094,4757811,717,id07800
4757811,4758795,984,id07800
4758795,4759164,369,id07800
4759164,4759610,446,id07800
4759610,4760471,861,id07800
4760471,4760830,359,id07800
4760830,4761496,666,id07819
4761496,4761824,328,id07819
4761824,4762229,405,id07819
4762229,4762603,374,id07819
4762603,4763213,610,id07819
4763213,4763618,405,id07819
4763618,4763951,333,id07819
4763951,4764581,630,id07819
4764581,4765053,472,id07819
4765053,4765463,410,id07819
4765463,4765842,379,id07819
4765842,4766283,441,id07819
4766283,4766867,584,id07819
4766867,4767318,451,id07819
4767318,4767708,390,id07819
4767708,4768154,446,id07819
4768154,4768472,318,id07819
4768472,4768826,354,id07819
4768826,4769216,390,id07819
4769216,4769723,507,id07819
4769723,4770210,487,id07819
4770210,4770815,605,id07819
4770815,4771164,349,id07819
4771164,4771518,354,id07819
4771518,4771938,420,id07819
4771938,4772742,804,id07819
4772742,4773505,763,id07819
4773505,4774089,584,id07819
4774089,4774571,482,id07819
4774571,4775217,646,id07819
4775217,4775678,461,id07819
4775678,4776011,333,id07819
4776011,4776570,559,id07819
4776570,4777103,533,id07819
4777103,4778215,1112,id07819
4778215,4778835,620,id07819
4778835,4779199,364,id07819
4779199,4779814,615,id07819
4779814,4780214,400,id07819
4780214,4780568,354,id07819
4780568,4781239,671,id07819
4781239,4781572,333,id07819
4781572,4782079,507,id07819
4782079,4782556,477,id07819
4782556,4782925,369,id07819
4782925,4783274,349,id07819
4783274,4783822,548,id07819
4783822,4784237,415,id07819
4784237,4784862,625,id07819
4784862,4785190,328,id07819
4785190,4785523,333,id07819
4785523,4786117,594,id07819
4786117,4786568,451,id07819
4786568,4786932,364,id07819
4786932,4787357,425,id07819
4787357,4787742,385,id07819
4787742,4788224,482,id07819
4788224,4788706,482,id07819
4788706,4789075,369,id07819
4789075,4789495,420,id07819
4789495,4790207,712,id07819
4790207,4791918,1711,id07819
4791918,4792256,338,id07819
4792256,4792656,400,id07819
4792656,4793460,804,id07819
4793460,4794971,1511,id07819
4794971,4795617,646,id07819
4795617,4796186,569,id07819
4796186,4796867,681,id07819
4796867,4797374,507,id07819
4797374,4797866,492,id07819
4797866,4798184,318,id07819
4798184,4798702,518,id07819
4798702,4799122,420,id07819
4799122,4799809,687,id07819
4799809,4800224,415,id07819
4800224,4800998,774,id07819
4800998,4801429,431,id07819
4801429,4802397,968,id07819
4802397,4802792,395,id07819
4802792,4803182,390,id07819
4803182,4804022,840,id07819
4804022,4804719,697,id07819
4804719,4805063,344,id07819
4805063,4805448,385,id07819
4805448,4805833,385,id07819
4805833,4806530,697,id07819
4806530,4806986,456,id07819
4806986,4807324,338,id07819
4807324,4807924,600,id07819
4807924,4808406,482,id07819
4808406,4808975,569,id07819
4808975,4809549,574,id07819
4809549,4810978,1429,id07819
4810978,4811557,579,id07819
4811557,4811936,379,id07819
4811936,4812351,415,id07819
4812351,4812736,385,id07819
4812736,4813254,518,id07819
4813254,4813900,646,id07819
4813900,4814228,328,id07819
4814228,4814643,415,id07819
4814643,4814987,344,id07819
4814987,4815310,323,id07819
4815310,4815659,349,id07819
4815659,4815982,323,id07819
4815982,4816489,507,id07819
4816489,4816848,359,id07819
4816848,4817320,472,id07819
4817320,4818017,697,id07819
4818017,4818376,359,id07819
4818376,4819037,661,id07819
4819037,4819585,548,id07819
4819585,4820384,799,id07819
4820384,4820789,405,id07819
4820789,4821665,876,id07819
4821665,4822126,461,id07819
4822126,4822567,441,id07819
4822567,4822926,359,id07819
4822926,4823398,472,id07819
4823398,4823813,415,id07819
4823813,4824372,559,id07819
4824372,4825125,753,id07819
4825125,4825627,502,id07819
4825627,4826749,1122,id07819
4826749,4827272,523,id07819
4827272,4827969,697,id07819
4827969,4828323,354,id07819
4828323,4828923,600,id07819
4828923,4829308,385,id07819
4829308,4829918,610,id07819
4829918,4830543,625,id07819
4830543,4831573,1030,id07819
4831573,4832342,769,id07819
4832342,4832885,543,id07819
4832885,4833305,420,id07819
4833305,4833623,318,id07819
4833623,4834171,548,id07819
4834171,4834504,333,id07819
4834504,4835175,671,id07819
4835175,4835979,804,id07819
4835979,4836650,671,id07819
4836650,4837342,692,id07819
4837342,4837752,410,id07819
4837752,4838367,615,id07819
4838367,4839397,1030,id07819
4839397,4839807,410,id07819
4839807,4840253,446,id07819
4840253,4840812,559,id07819
4840812,4841427,615,id07819
4841427,4841760,333,id07819
4841760,4842175,415,id07819
4842175,4842503,328,id07819
4842503,4843159,656,id07819
4843159,4843554,395,id07819
4843554,4843877,323,id07819
4843877,4844343,466,id07819
4844343,4844912,569,id07819
4844912,4845399,487,id07819
4845399,4845778,379,id07819
4845778,4846413,635,id07819
4846413,4846982,569,id07819
4846982,4847474,492,id07819
4847474,4847966,492,id07819
4847966,4848417,451,id07819
4848417,4849708,1291,id07819
4849708,4850144,436,id07819
4850144,4850498,354,id07819
4850498,4851200,702,id07819
4851200,4851574,374,id07819
4851574,4853684,2110,id07819
4853684,4854703,1019,id07819
4854703,4855159,456,id07819
4855159,4855979,820,id07819
4855979,4856348,369,id07819
4856348,4856676,328,id07819
4856676,4857030,354,id07819
4857030,4857839,809,id07819
4857839,4858305,466,id07819
4858305,4858910,605,id07819
4858910,4859566,656,id07819
4859566,4859997,431,id07819
4859997,4860530,533,id07819
4860530,4860920,390,id07819
4860920,4861386,466,id07819
4861386,4861817,431,id07819
4861817,4864270,2453,id07819
4864270,4864936,666,id07819
4864936,4865264,328,id07819
4865264,4865633,369,id07819
4865633,4866105,472,id07819
4866105,4866500,395,id07819
4866500,4867115,615,id07819
4867115,4867576,461,id07819
4867576,4868345,769,id07819
4868345,4869349,1004,id07928
4869349,4870041,692,id07928
4870041,4870507,466,id07928
4870507,4870892,385,id07928
4870892,4871246,354,id07928
4871246,4871692,446,id07928
4871692,4872020,328,id07928
4872020,4872338,318,id07928
4872338,4872815,477,id07928
4872815,4873389,574,id07928
4873389,4873763,374,id07928
4873763,4874286,523,id07928
4874286,4874604,318,id07928
4874604,4874942,338,id07928
4874942,4875362,420,id07928
4875362,4875931,569,id07928
4875931,4876464,533,id07928
4876464,4876982,518,id07928
4876982,4877331,349,id07928
4877331,4877649,318,id07928
4877649,4878136,487,id07928
4878136,4878464,328,id07928
4878464,4878797,333,id07928
4878797,4879678,881,id07928
4879678,4880196,518,id07928
4880196,4880591,395,id07928
4880591,4881298,707,id07928
4881298,4881795,497,id07928
4881795,4882180,385,id07928
4882180,4882513,333,id07928
4882513,4882846,333,id07928
4882846,4883282,436,id07928
4883282,4883677,395,id07928
4883677,4884026,349,id07928
4884026,4884349,323,id07928
4884349,4884693,344,id07928
4884693,4885072,379,id07928
4885072,4885523,451,id07928
4885523,4885841,318,id07928
4885841,4886384,543,id07928
4886384,4886733,349,id07928
4886733,4887389,656,id07928
4887389,4887963,574,id07928
4887963,4888291,328,id07928
4888291,4888696,405,id07928
4888696,4889091,395,id07928
4889091,4889516,425,id07928
4889516,4889854,338,id07928
4889854,4890218,364,id07928
4890218,4890633,415,id07928
4890633,4890971,338,id07928
4890971,4891335,364,id07928
4891335,4891730,395,id07928
4891730,4892058,328,id07928
4892058,4892402,344,id07928
4892402,4892817,415,id07928
4892817,4893150,333,id07928
4893150,4893591,441,id07928
4893591,4893981,390,id07928
4893981,4894345,364,id07928
4894345,4894709,364,id07928
4894709,4895242,533,id07928
4895242,4895662,420,id07928
4895662,4896103,441,id07928
4896103,4896518,415,id07928
4896518,4896897,379,id07928
4896897,4897235,338,id07928
4897235,4897599,364,id07928
4897599,4898030,431,id07928
4898030,4898358,328,id07928
4898358,4898676,318,id07928
4898676,4899450,774,id07928
4899450,4899778,328,id07928
4899778,4900116,338,id07928
4900116,4901069,953,id07928
4901069,4901448,379,id07928
4901448,4902380,932,id07928
4902380,4902816,436,id07928
4902816,4903149,333,id07928
4903149,4903590,441,id07928
4903590,4904190,600,id07928
4904190,4904861,671,id07928
4904861,4905645,784,id07928
4905645,4906408,763,id07928
4906408,4906839,431,id07964
4906839,4907157,318,id07964
4907157,4907639,482,id07964
4907639,4907967,328,id07964
4907967,4908285,318,id07964
4908285,4908608,323,id07964
4908608,4908952,344,id07964
4908952,4909393,441,id07964
4909393,4910039,646,id07964
4910039,4910372,333,id07964
4910372,4910690,318,id07964
4910690,4911238,548,id07964
4911238,4911607,369,id07964
4911607,4911976,369,id07964
4911976,4912314,338,id07964
4912314,4912642,328,id07964
4912642,4912970,328,id07964
4912970,4913498,528,id07964
4913498,4913877,379,id07964
4913877,4914221,344,id07964
4914221,4914667,446,id07964
4914667,4915021,354,id07964
4915021,4915349,328,id07964
4915349,4915677,328,id07964
4915677,4916015,338,id07964
4916015,4916487,472,id07964
4916487,4916846,359,id07964
4916846,4917169,323,id07964
4917169,4917528,359,id07964
4917528,4917866,338,id07964
4917866,4918220,354,id07964
4918220,4918548,328,id07964
4918548,4918897,349,id07964
4918897,4919502,605,id08593
4919502,4919994,492,id08593
4919994,4920466,472,id08593
4920466,4921163,697,id08593
4921163,4921553,390,id08593
4921553,4921978,425,id08593
4921978,4922316,338,id08593
4922316,4922634,318,id08593
4922634,4923285,651,id08593
4923285,4923705,420,id08593
4923705,4924074,369,id08593
4924074,4925170,1096,id08593
4925170,4925555,385,id08593
4925555,4926062,507,id08593
4926062,4926528,466,id08593
4926528,4926872,344,id08593
4926872,4927195,323,id08593
4927195,4927825,630,id08593
4927825,4928332,507,id08593
4928332,4928655,323,id08593
4928655,4928978,323,id08593
4928978,4929322,344,id08593
4929322,4929993,671,id08593
4929993,4930439,446,id08593
4930439,4930808,369,id08593
4930808,4931341,533,id08593
4931341,4931864,523,id08593
4931864,4932218,354,id08593
4932218,4932572,354,id08593
4932572,4932921,349,id08593
4932921,4933259,338,id08593
4933259,4933644,385,id08593
4933644,4934259,615,id08593
4934259,4934577,318,id08593
4934577,4935033,456,id08593
4935033,4935648,615,id08593
4935648,4936017,369,id08593
4936017,4936530,513,id08593
4936530,4937483,953,id08593
4937483,4937873,390,id08593
4937873,4938227,354,id08593
4938227,4938699,472,id08593
4938699,4939017,318,id08593
4939017,4939760,743,id08593
4939760,4940662,902,id08593
4940662,4941057,395,id08593
4941057,4941472,415,id08593
4941472,4941979,507,id08593
4941979,4942333,354,id08593
4942333,4943081,748,id08593
4943081,4943486,405,id08593
4943486,4944014,528,id08593
4944014,4944363,349,id08593
4944363,4944794,431,id08593
4944794,4945194,400,id08593
4945194,4945527,333,id08593
4945527,4945917,390,id08593
4945917,4946291,374,id08593
4946291,4946655,364,id08593
4946655,4947075,420,id08593
4947075,4947659,584,id08593
4947659,4947997,338,id08593
4947997,4948463,466,id08593
4948463,4948837,374,id08593
4948837,4949380,543,id08593
4949380,4949759,379,id08593
4949759,4950369,610,id08593
4950369,4950815,446,id08593
4950815,4951614,799,id08593
4951614,4952203,589,id08593
4952203,4952859,656,id08593
4952859,4953228,369,id08593
4953228,4954201,973,id08593
4954201,4954862,661,id08593
4954862,4956081,1219,id08593
4956081,4956425,344,id08593
4956425,4956748,323,id08593
4956748,4957138,390,id08593
4957138,4957456,318,id08593
4957456,4957871,415,id08593
4957871,4958296,425,id08593
4958296,4958650,354,id08593
4958650,4958988,338,id08593
4958988,4959332,344,id08593
4959332,4959834,502,id08593
4959834,4960459,625,id08593
4960459,4960797,338,id08593
4960797,4961146,349,id08593
4961146,4961587,441,id08593
4961587,4961941,354,id08593
4961941,4962279,338,id08593
4962279,4962602,323,id08593
4962602,4963033,431,id08593
4963033,4963428,395,id08593
4963428,4963920,492,id08593
4963920,4964438,518,id08593
4964438,4964807,369,id08593
4964807,4965161,354,id08593
4965161,4965535,374,id08593
4965535,4965920,385,id08593
4965920,4966351,431,id08593
4966351,4967350,999,id08593
4967350,4967750,400,id08593
4967750,4968247,497,id08593
4968247,4969123,876,id08593
4969123,4969492,369,id08593
4969492,4969974,482,id08593
4969974,4970676,702,id08593
4970676,4971066,390,id08593
4971066,4971486,420,id08593
4971486,4971850,364,id08593
4971850,4972409,559,id08593
4972409,4973178,769,id08593
4973178,4973675,497,id08593
4973675,4974090,415,id08593
4974090,4974777,687,id08593
4974777,4975397,620,id08593
4975397,4975720,323,id08593
4975720,4976145,425,id08593
4976145,4976663,518,id08593
4976663,4976996,333,id08593
4976996,4977334,338,id08593
4977334,4977770,436,id08593
4977770,4978103,333,id08593
4978103,4978534,431,id08593
4978534,4978913,379,id08593
4978913,4979303,390,id08593
4979303,4979693,390,id08593
4979693,4980359,666,id08593
4980359,4980677,318,id08593
4980677,4981097,420,id08593
4981097,4981635,538,id08607
4981635,4982931,1296,id08607
4982931,4983433,502,id08607
4983433,4983797,364,id08607
4983797,4984740,943,id08607
4984740,4985084,344,id08607
4985084,4985525,441,id08607
4985525,4985874,349,id08607
4985874,4986868,994,id08607
4986868,4987196,328,id08607
4987196,4987514,318,id08607
4987514,4987842,328,id08607
4987842,4988247,405,id08607
4988247,4988591,344,id08607
4988591,4988970,379,id08607
4988970,4989457,487,id08607
4989457,4990220,763,id08607
4990220,4990907,687,id08607
4990907,4991271,364,id08607
4991271,4991666,395,id08607
4991666,4992685,1019,id08607
4992685,4993008,323,id08607
4993008,4993577,569,id08607
4993577,4994381,804,id08607
4994381,4995068,687,id08607
4995068,4995463,395,id08607
4995463,4995924,461,id08607
4995924,4996908,984,id08607
4996908,4997374,466,id08607
4997374,4997723,349,id08607
4997723,4998102,379,id08607
4998102,4998533,431,id08607
4998533,4998923,390,id08607
4998923,4999354,431,id08607
4999354,4999764,410,id08607
4999764,5000189,425,id08607
5000189,5001198,1009,id08607
5001198,5002612,1414,id08607
5002612,5003114,502,id08607
5003114,5003478,364,id08607
5003478,5003960,482,id08607
5003960,5004473,513,id08607
5004473,5004791,318,id08607
5004791,5005810,1019,id08607
5005810,5006241,431,id08607
5006241,5007040,799,id08607
5007040,5008013,973,id08607
5008013,5008367,354,id08607
5008367,5008746,379,id08607
5008746,5009294,548,id08607
5009294,5009766,472,id08607
5009766,5010120,354,id08607
5010120,5010484,364,id08607
5010484,5010822,338,id08607
5010822,5011196,374,id08607
5011196,5011949,753,id08607
5011949,5012303,354,id08607
5012303,5013128,825,id08607
5013128,5013492,364,id08607
5013492,5013871,379,id08607
5013871,5014660,789,id08607
5014660,5015249,589,id08607
5015249,5015587,338,id08607
5015587,5015905,318,id08607
5015905,5016336,431,id08607
5016336,5016659,323,id08607
5016659,5017038,379,id08607
5017038,5017423,385,id08607
5017423,5017767,344,id08607
5017767,5018085,318,id08607
5018085,5018505,420,id08607
5018505,5018905,400,id08607
5018905,5019412,507,id08607
5019412,5020119,707,id08607
5020119,5020611,492,id08607
5020611,5021410,799,id08607
5021410,5021882,472,id08607
5021882,5022379,497,id08607
5022379,5022963,584,id08607
5022963,5023291,328,id08607
5023291,5023896,605,id08607
5023896,5024337,441,id08607
5024337,5024957,620,id08607
5024957,5025280,323,id08607
5025280,5025644,364,id08607
5025644,5026341,697,id08607
5026341,5026961,620,id08607
5026961,5027571,610,id08607
5027571,5027935,364,id08607
5027935,5028432,497,id08607
5028432,5028898,466,id08607
5028898,5029236,338,id08607
5029236,5029615,379,id08607
5029615,5030394,779,id08607
5030394,5031075,681,id08607
5031075,5031623,548,id08607
5031623,5032146,523,id08607
5032146,5032735,589,id08607
5032735,5033155,420,id08607
5033155,5033796,641,id08607
5033796,5034493,697,id08607
5034493,5035082,589,id08607
5035082,5035415,333,id08607
5035415,5035846,431,id08607
5035846,5036323,477,id08607
5036323,5036789,466,id08607
5036789,5037143,354,id08607
5037143,5037712,569,id08607
5037712,5038112,400,id08607
5038112,5038543,431,id08607
5038543,5038912,369,id08607
5038912,5039266,354,id08607
5039266,5039620,354,id08607
5039620,5040035,415,id08607
5040035,5040455,420,id08607
5040455,5040901,446,id08607
5040901,5041296,395,id08607
5041296,5041742,446,id08607
5041742,5042249,507,id08607
5042249,5042838,589,id08607
5042838,5043217,379,id08607
5043217,5043878,661,id08607
5043878,5044278,400,id08607
5044278,5044985,707,id08607
5044985,5046327,1342,id08607
5046327,5046671,344,id08607
5046671,5047091,420,id08607
5047091,5047870,779,id08607
5047870,5048198,328,id08607
5048198,5048536,338,id08607
5048536,5049095,559,id08607
5049095,5050150,1055,id08607
5050150,5051052,902,id08607
5051052,5051780,728,id08607
5051780,5052236,456,id08607
5052236,5053015,779,id08607
5053015,5053983,968,id08607
5053983,5054439,456,id08607
5054439,5054788,349,id08607
5054788,5055469,681,id08607
5055469,5056253,784,id08607
5056253,5056766,513,id08607
5056766,5057570,804,id08607
5057570,5058154,584,id08607
5058154,5058518,364,id08607
5058518,5059036,518,id08607
5059036,5059400,364,id08607
5059400,5059820,420,id08607
5059820,5060281,461,id08607
5060281,5060840,559,id08607
5060840,5061301,461,id08607
5061301,5061783,482,id08607
5061783,5062296,513,id08607
5062296,5063213,917,id08607
5063213,5063613,400,id08607
5063613,5064663,1050,id08607
5064663,5065365,702,id08607
5065365,5066262,897,id08607
5066262,5066616,354,id08607
5066616,5066980,364,id08607
5066980,5067426,446,id08607
5067426,5068051,625,id08607
5068051,5068569,518,id08607
5068569,5069220,651,id08607
5069220,5070014,794,id08607
5070014,5070511,497,id08607
5070511,5071285,774,id08607
5071285,5071931,646,id08607
5071931,5072812,881,id08607
5072812,5073499,687,id08607
5073499,5073904,405,id08607
5073904,5074422,518,id08607
5074422,5074791,369,id08607
5074791,5075242,451,id08607
5075242,5075775,533,id08607
5075775,5076528,753,id08607
5076528,5077020,492,id08607
5077020,5077650,630,id08607
5077650,5078014,364,id08607
5078014,5078404,390,id08607
5078404,5079055,651,id08607
5079055,5079388,333,id08607
5079388,5079726,338,id08607
5079726,5080146,420,id08607
5080146,5080571,425,id08607
5080571,5080971,400,id08607
5080971,5081540,569,id08607
5081540,5082754,1214,id08607
5082754,5083220,466,id08607
5083220,5083579,359,id08607
5083579,5084322,743,id08607
5084322,5084922,600,id08607
5084922,5085588,666,id08607
5085588,5086060,472,id08607
5086060,5086383,323,id08607
5086383,5087121,738,id08607
5087121,5087511,390,id08607
5087511,5087890,379,id08607
5087890,5088536,646,id08607
5088536,5088859,323,id08607
5088859,5089182,323,id08607
5089182,5090186,1004,id08607
5090186,5090898,712,id08607
5090898,5091313,415,id08607
5091313,5091861,548,id08607
5091861,5092404,543,id08607
5092404,5092901,497,id08607
5092901,5093593,692,id08607
5093593,5094710,1117,id08607
5094710,5095448,738,id08607
5095448,5096432,984,id08607
5096432,5096904,472,id08607
5096904,5097432,528,id08607
5097432,5097950,518,id08607
5097950,5098483,533,id08607
5098483,5098965,482,id08607
5098965,5099324,359,id08607
5099324,5099877,553,id08607
5099877,5100420,543,id08607
5100420,5100779,359,id08607
5100779,5101292,513,id08607
5101292,5101835,543,id08607
5101835,5102230,395,id08607
5102230,5102594,364,id08607
5102594,5103859,1265,id08607
5103859,5104310,451,id08607
5104310,5104792,482,id08607
5104792,5105207,415,id08607
5105207,5106672,1465,id08607
5106672,5107092,420,id08607
5107092,5107702,610,id08607
5107702,5108348,646,id08607
5108348,5108717,369,id08607
5108717,5110929,2212,id08607
5110929,5112537,1608,id08607
5112537,5113239,702,id08607
5113239,5113577,338,id08607
5113577,5114586,1009,id08607
5114586,5115104,518,id08607
5115104,5115478,374,id08607
5115478,5115898,420,id08607
5115898,5116421,523,id08607
5116421,5116990,569,id08607
5116990,5117564,574,id08607
5117564,5118020,456,id08607
5118020,5118860,840,id08607
5118860,5119204,344,id08607
5119204,5119532,328,id08607
5119532,5120009,477,id08607
5120009,5120378,369,id08607
5120378,5120926,548,id08607
5120926,5121398,472,id08607
5121398,5121859,461,id08607
5121859,5122223,364,id08607
5122223,5122746,523,id08607
5122746,5123177,431,id08607
5123177,5123587,410,id08607
5123587,5125052,1465,id08607
5125052,5125508,456,id08607
5125508,5126870,1362,id08607
5126870,5127306,436,id08607
5127306,5127916,610,id08607
5127916,5128797,881,id08607
5128797,5129228,431,id08607
5129228,5129694,466,id08607
5129694,5130299,605,id08607
5130299,5130755,456,id08607
5130755,5132271,1516,id08607
5132271,5133173,902,id08607
5133173,5134136,963,id08607
5134136,5135217,1081,id08607
5135217,5136380,1163,id08607
5136380,5136708,328,id08607
5136708,5137057,349,id08607
5137057,5137426,369,id08607
5137426,5138205,779,id08607
5138205,5138707,502,id08607
5138707,5139685,978,id08607
5139685,5140008,323,id08607
5140008,5140464,456,id08607
5140464,5140833,369,id08607
5140833,5141468,635,id08607
5141468,5141796,328,id08607
5141796,5142416,620,id08607
5142416,5143210,794,id08607
5143210,5143554,344,id08607
5143554,5144005,451,id08607
5144005,5144451,446,id08607
5144451,5145204,753,id08607
5145204,5145563,359,id08607
5145563,5145927,364,id08607
5145927,5146265,338,id08607
5146265,5147228,963,id08607
5147228,5147566,338,id08607
5147566,5147889,323,id08607
5147889,5148227,338,id08607
5148227,5148642,415,id08607
5148642,5150091,1449,id08607
5150091,5150496,405,id08607
5150496,5152683,2187,id08607
5152683,5153027,344,id08607
5153027,5153381,354,id08607
5153381,5154262,881,id08607
5154262,5155205,943,id08607
5155205,5156598,1393,id08607
5156598,5157095,497,id08607
5157095,5157480,385,id08607
5157480,5158049,569,id08607
5158049,5158480,431,id08607
5158480,5158900,420,id08607
5158900,5159781,881,id08607
5159781,5160109,328,id08607
5160109,5160959,850,id08607
5160959,5161328,369,id08607
5161328,5161948,620,id08607
5161948,5162430,482,id08607
5162430,5163178,748,id08607
5163178,5163701,523,id08607
5163701,5164065,364,id08607
5164065,5164506,441,id08607
5164506,5165464,958,id08607
5165464,5165843,379,id08607
5165843,5166719,876,id08607
5166719,5167825,1106,id08607
5167825,5168450,625,id08607
5168450,5169085,635,id08607
5169085,5169500,415,id08607
5169500,5170366,866,id08607
5170366,5170863,497,id08607
5170863,5171406,543,id08607
5171406,5171959,553,id08607
5171959,5172579,620,id08607
5172579,5172917,338,id08607
5172917,5173486,569,id08607
5173486,5173850,364,id08607
5173850,5174373,523,id08629
5174373,5175648,1275,id08629
5175648,5176550,902,id08629
5176550,5177805,1255,id08629
5177805,5178271,466,id08629
5178271,5179178,907,id08629
5179178,5179614,436,id08629
5179614,5180080,466,id08629
5180080,5182400,2320,id08629
5182400,5182800,400,id08629
5182800,5183241,441,id08629
5183241,5184056,815,id08629
5184056,5184768,712,id08629
5184768,5185122,354,id08629
5185122,5185850,728,id08629
5185850,5186393,543,id08629
5186393,5187658,1265,id08629
5187658,5188908,1250,id08629
5188908,5189226,318,id08629
5189226,5189600,374,id08629
5189600,5190865,1265,id08629
5190865,5191362,497,id08629
5191362,5191828,466,id08629
5191828,5192161,333,id08629
5192161,5192627,466,id08629
5192627,5192955,328,id08629
5192955,5193386,431,id08629
5193386,5194242,856,id08629
5194242,5195277,1035,id08629
5195277,5196435,1158,id08629
5196435,5200148,3713,id08629
5200148,5202596,2448,id08629
5202596,5203032,436,id08629
5203032,5203386,354,id08629
5203386,5204236,850,id08629
5204236,5205445,1209,id08629
5205445,5206700,1255,id08629
5206700,5207684,984,id08629
5207684,5208140,456,id08629
5208140,5210081,1941,id08629
5210081,5210425,344,id08629
5210425,5212760,2335,id08629
5212760,5214332,1572,id08629
5214332,5215935,1603,id08629
5215935,5218926,2991,id08629
5218926,5219254,328,id08629
5219254,5219848,594,id08629
5219848,5220320,472,id08629
5220320,5221810,1490,id08629
5221810,5222343,533,id08629
5222343,5222661,318,id08629
5222661,5223076,415,id08629
5223076,5224310,1234,id08629
5224310,5224920,610,id08629
5224920,5225361,441,id08629
5225361,5226949,1588,id08629
5226949,5227492,543,id08629
5227492,5228450,958,id08629
5228450,5229510,1060,id08629
5229510,5230284,774,id08629
5230284,5231600,1316,id08629
5231600,5231969,369,id08629
5231969,5232302,333,id08629
5232302,5232999,697,id08629
5232999,5234372,1373,id08629
5234372,5235130,758,id08629
5235130,5235750,620,id08629
5235750,5237471,1721,id08629
5237471,5238327,856,id08629
5238327,5239746,1419,id08629
5239746,5241006,1260,id08629
5241006,5241990,984,id08629
5241990,5242646,656,id08629
5242646,5242974,328,id08629
5242974,5243333,359,id08629
5243333,5243697,364,id08629
5243697,5244020,323,id08629
5244020,5244364,344,id08629
5244364,5245296,932,id08629
5245296,5247631,2335,id08629
5247631,5248144,513,id08629
5248144,5248749,605,id08629
5248749,5249180,431,id08629
5249180,5249800,620,id08629
5249800,5252529,2729,id08629
5252529,5253472,943,id08629
5253472,5253964,492,id08629
5253964,5254425,461,id08629
5254425,5254897,472,id08629
5254897,5255333,436,id08629
5255333,5256127,794,id08629
5256127,5256542,415,id08629
5256542,5256870,328,id08629
5256870,5257275,405,id08629
5257275,5257644,369,id08629
5257644,5258274,630,id08629
5258274,5258710,436,id08629
5258710,5259120,410,id08629
5259120,5259929,809,id08629
5259929,5262346,2417,id08629
5262346,5263253,907,id08629
5263253,5263719,466,id08629
5263719,5264349,630,id08629
5264349,5265071,722,id08629
5265071,5265461,390,id08629
5265461,5265815,354,id08629
5265815,5266322,507,id08629
5266322,5266701,379,id08629
5266701,5267116,415,id08629
5267116,5267490,374,id08629
5267490,5268136,646,id08629
5268136,5268659,523,id08629
5268659,5269330,671,id08629
5269330,5269776,446,id08629
5269776,5270145,369,id08629
5270145,5270545,400,id08629
5270545,5271119,574,id08629
5271119,5271862,743,id08629
5271862,5272871,1009,id08629
5272871,5273675,804,id08629
5273675,5274408,733,id08629
5274408,5274854,446,id08629
5274854,5276017,1163,id08629
5276017,5276391,374,id08629
5276391,5277641,1250,id08629
5277641,5278645,1004,id08629
5278645,5278968,323,id08629
5278968,5281385,2417,id08629
5281385,5281734,349,id08629
5281734,5282779,1045,id08629
5282779,5283686,907,id08629
5283686,5284193,507,id08629
5284193,5287056,2863,id08629
5287056,5287451,395,id08629
5287451,5288368,917,id08629
5288368,5290043,1675,id08629
5290043,5290581,538,id08629
5290581,5291682,1101,id08629
5291682,5292010,328,id08629
5292010,5292610,600,id08629
5292610,5293128,518,id08629
5293128,5293728,600,id08629
5293728,5294993,1265,id08629
5294993,5295818,825,id08629
5295818,5296423,605,id08629
5296423,5296864,441,id08629
5296864,5297279,415,id08629
5297279,5301017,3738,id08629
5301017,5301903,886,id08629
5301903,5302375,472,id08629
5302375,5302790,415,id08629
5302790,5304014,1224,id08629
5304014,5305412,1398,id08629
5305412,5306396,984,id08629
5306396,5307165,769,id08629
5307165,5307672,507,id08629
5307672,5308272,600,id08629
5308272,5308913,641,id08629
5308913,5309594,681,id08629
5309594,5310547,953,id08629
5310547,5313077,2530,id08629
5313077,5314255,1178,id08629
5314255,5314988,733,id08629
5314988,5315700,712,id08629
5315700,5316044,344,id08629
5316044,5316531,487,id08629
5316531,5317008,477,id08629
5317008,5317377,369,id08629
5317377,5317890,513,id08629
5317890,5318259,369,id08629
5318259,5319724,1465,id08629
5319724,5320124,400,id08629
5320124,5320729,605,id08629
5320729,5321262,533,id08629
5321262,5323500,2238,id08629
5323500,5323997,497,id08629
5323997,5324361,364,id08629
5324361,5325099,738,id08629
5325099,5326154,1055,id08629
5326154,5327173,1019,id08629
5327173,5327537,364,id08629
5327537,5328121,584,id08629
5328121,5328511,390,id08629
5328511,5328901,390,id08629
5328901,5329337,436,id08629
5329337,5329670,333,id08629
5329670,5330085,415,id08629
5330085,5330510,425,id08629
5330510,5331151,641,id08629
5331151,5332283,1132,id08629
5332283,5333133,850,id08629
5333133,5334501,1368,id08629
5334501,5334988,487,id08629
5334988,5336965,1977,id08629
5336965,5337713,748,id08629
5337713,5338640,927,id08629
5338640,5339311,671,id08629
5339311,5340054,743,id08629
5340054,5341094,1040,id08629
5341094,5342354,1260,id08629
5342354,5343087,733,id08629
5343087,5343594,507,id08629
5343594,5345545,1951,id08629
5345545,5346959,1414,id08629
5346959,5348199,1240,id08629
5348199,5349014,815,id08629
5349014,5349409,395,id08629
5349409,5350147,738,id08629
5350147,5350808,661,id08629
5350808,5351392,584,id08629
5351392,5352176,784,id08629
5352176,5352530,354,id08629
5352530,5353729,1199,id08629
5353729,5354830,1101,id08629
5354830,5355240,410,id08629
5355240,5355737,497,id08629
5355737,5356285,548,id08629
5356285,5356941,656,id08629
5356941,5359445,2504,id08629
5359445,5360234,789,id08629
5360234,5361197,963,id08629
5361197,5361576,379,id08629
5361576,5362391,815,id08629
5362391,5364194,1803,id08629
5364194,5366524,2330,id08629
5366524,5368107,1583,id08629
5368107,5368430,323,id08629
5368430,5372680,4250,id08629
5372680,5376224,3544,id08629
5376224,5376568,344,id08629
5376568,5377070,502,id08629
5377070,5378182,1112,id08629
5378182,5379585,1403,id08629
5379585,5380123,538,id08629
5380123,5381849,1726,id08629
5381849,5383544,1695,id08629
5383544,5383862,318,id08629
5383862,5384636,774,id08629
5384636,5385717,1081,id08629
5385717,5386526,809,id08629
5386526,5387858,1332,id08629
5387858,5388734,876,id08629
5388734,5391586,2852,id08629
5391586,5391955,369,id08629
5391955,5393922,1967,id08629
5393922,5396452,2530,id08629
5396452,5397686,1234,id08629
5397686,5398731,1045,id08629
5398731,5399412,681,id08629
5399412,5400662,1250,id08629
5400662,5401241,579,id08629
5401241,5401846,605,id08629
5401846,5402195,349,id08629
5402195,5402549,354,id08629
5402549,5402893,344,id08629
5402893,5403406,513,id08629
5403406,5404006,600,id08629
5404006,5404923,917,id08629
5404923,5405702,779,id08629
5405702,5406619,917,id08629
5406619,5407659,1040,id08629
5407659,5408248,589,id08629
5408248,5409406,1158,id08629
5409406,5410082,676,id08629
5410082,5410451,369,id08629
5410451,5411020,569,id08629
5411020,5411840,820,id08629
5411840,5412578,738,id08629
5412578,5413889,1311,id08629
5413889,5414535,646,id08629
5414535,5414914,379,id08629
5414914,5415293,379,id08629
5415293,5416558,1265,id08629
5416558,5416953,395,id08629
5416953,5417553,600,id08629
5417553,5418593,1040,id08629
5418593,5419264,671,id08629
5419264,5419643,379,id08629
5419643,5420007,364,id08629
5420007,5421523,1516,id08629
5421523,5421979,456,id08629
5421979,5422399,420,id08629
5422399,5422748,349,id08629
5422748,5423501,753,id08629
5423501,5423891,390,id08629
5423891,5424357,466,id08629
5424357,5424731,374,id08629
5424731,5425116,385,id08629
5425116,5425966,850,id08629
5425966,5426391,425,id08629
5426391,5426847,456,id08629
5426847,5427196,349,id08629
5427196,5428277,1081,id08629
5428277,5428641,364,id08629
5428641,5429051,410,id08629
5429051,5429702,651,id08629
5429702,5431510,1808,id08629
5431510,5432581,1071,id08629
5432581,5433646,1065,id08629
5433646,5435638,1992,id08629
5435638,5436058,420,id08629
5436058,5436606,548,id08629
5436606,5437165,559,id08629
5437165,5437724,559,id08629
5437724,5438324,600,id08629
5438324,5438734,410,id08629
5438734,5439631,897,id08629
5439631,5440103,472,id08629
5440103,5440559,456,id08629
5440559,5440990,431,id08629
5440990,5441313,323,id08629
5441313,5441892,579,id08629
5441892,5442266,374,id08629
5442266,5442922,656,id08629
5442922,5443819,897,id08629
5443819,5444239,420,id08629
5444239,5444941,702,id08629
5444941,5445622,681,id08629
5445622,5446882,1260,id08629
5446882,5447651,769,id08629
5447651,5448619,968,id08629
5448619,5449398,779,id08629
5449398,5449793,395,id08629
5449793,5450178,385,id08629
5450178,5450967,789,id08629
5450967,5451290,323,id08629
5451290,5451710,420,id08629
5451710,5452054,344,id08629
5452054,5452418,364,id08629
5452418,5452859,441,id08629
5452859,5453300,441,id08629
5453300,5453685,385,id08629
5453685,5454049,364,id08629
5454049,5454382,333,id08629
5454382,5454767,385,id08629
5454767,5455105,338,id08629
5455105,5455443,338,id08629
5455443,5455874,431,id08629
5455874,5456468,594,id08761
5456468,5456899,431,id08761
5456899,5457227,328,id08761
5457227,5457847,620,id08761
5457847,5458703,856,id08761
5458703,5459062,359,id08761
5459062,5459400,338,id08761
5459400,5459820,420,id08761
5459820,5460199,379,id08761
5460199,5460537,338,id08761
5460537,5461090,553,id08761
5461090,5462729,1639,id08761
5462729,5463185,456,id08761
5463185,5463529,344,id08761
5463529,5464164,635,id08761
5464164,5464497,333,id08761
5464497,5464979,482,id08761
5464979,5465732,753,id08761
5465732,5466373,641,id08761
5466373,5466926,553,id08761
5466926,5467244,318,id08761
5467244,5467726,482,id08761
5467726,5468075,349,id08761
5468075,5469033,958,id08761
5469033,5469930,897,id08761
5469930,5470402,472,id08761
5470402,5470909,507,id08761
5470909,5471263,354,id08761
5471263,5471883,620,id08761
5471883,5472252,369,id08761
5472252,5472770,518,id08761
5472770,5473334,564,id08984
5473334,5474696,1362,id08984
5474696,5475147,451,id08984
5475147,5475491,344,id08984
5475491,5476070,579,id08984
5476070,5476449,379,id08984
5476449,5476869,420,id08984
5476869,5477207,338,id08984
5477207,5477581,374,id08984
5477581,5477960,379,id08984
5477960,5478585,625,id08984
5478585,5478985,400,id08984
5478985,5479354,369,id08984
5479354,5480204,850,id08984
5480204,5480522,318,id08984
5480522,5481372,850,id08984
5481372,5481797,425,id08984
5481797,5482340,543,id08984
5482340,5482771,431,id08984
5482771,5483278,507,id08984
5483278,5483821,543,id08984
5483821,5484144,323,id08984
5484144,5484477,333,id08984
5484477,5484943,466,id08984
5484943,5485440,497,id08984
5485440,5485932,492,id08984
5485932,5486317,385,id08984
5486317,5486661,344,id08984
5486661,5487127,466,id08984
5487127,5487583,456,id08984
5487583,5487952,369,id08984
5487952,5488275,323,id08984
5488275,5488665,390,id08984
5488665,5489408,743,id08984
5489408,5489736,328,id08984
5489736,5490156,420,id08984
5490156,5490653,497,id08984
5490653,5491043,390,id08984
5491043,5492185,1142,id08984
5492185,5492646,461,id08984
5492646,5492974,328,id08984
5492974,5493292,318,id08984
5493292,5494142,850,id08984
5494142,5494844,702,id08984
5494844,5495198,354,id08984
5495198,5495828,630,id08984
5495828,5496489,661,id08984
5496489,5496904,415,id08984
5496904,5497258,354,id08984
5497258,5497612,354,id08984
5497612,5497930,318,id08984
5497930,5498274,344,id08984
5498274,5498746,472,id08984
5498746,5499340,594,id08984
5499340,5500027,687,id08984
5500027,5500447,420,id08984
5500447,5501067,620,id08984
5501067,5501395,328,id08984
5501395,5501764,369,id08984
5501764,5502230,466,id08984
5502230,5502553,323,id08984
5502553,5502876,323,id08984
5502876,5503307,431,id08984
5503307,5503676,369,id08984
5503676,5504035,359,id08984
5504035,5504389,354,id08984
5504389,5504712,323,id08984
5504712,5505317,605,id08984
5505317,5505722,405,id08984
5505722,5506163,441,id08984
5506163,5506563,400,id08984
5506563,5506983,420,id08984
5506983,5507337,354,id08984
5507337,5507675,338,id08984
5507675,5508193,518,id08984
5508193,5508567,374,id08984
5508567,5508905,338,id08984
5508905,5509377,472,id08984
5509377,5509925,548,id08984
5509925,5510438,513,id08984
5510438,5510910,472,id09047
5510910,5511341,431,id09047
5511341,5511705,364,id09047
5511705,5512023,318,id09047
5512023,5512812,789,id09047
5512812,5513458,646,id09047
5513458,5513853,395,id09047
5513853,5514207,354,id09047
5514207,5514561,354,id09047
5514561,5514925,364,id09047
5514925,5515647,722,id09047
5515647,5516231,584,id09047
5516231,5516626,395,id09047
5516626,5517005,379,id09047
5517005,5517323,318,id09047
5517323,5517764,441,id09047
5517764,5518379,615,id09047
5518379,5518953,574,id09047
5518953,5519425,472,id09047
5519425,5519968,543,id09047
5519968,5520373,405,id09047
5520373,5520706,333,id09047
5520706,5521060,354,id09047
5521060,5521398,338,id09047
5521398,5521864,466,id09047
5521864,5522535,671,id09047
5522535,5522930,395,id09047
5522930,5523268,338,id09047
5523268,5523596,328,id09047
5523596,5524093,497,id09047
5524093,5524513,420,id09047
5524513,5524831,318,id09047
5524831,5525246,415,id09047
5525246,5525610,364,id09047
5525610,5525959,349,id09047
5525959,5526338,379,id09047
5526338,5526676,338,id09047
5526676,5527025,349,id09047
5527025,5527379,354,id09047
5527379,5527712,333,id09047
5527712,5528107,395,id09047
5528107,5528502,395,id09047
5528502,5529347,845,id09047
5529347,5529726,379,id09047
5529726,5530080,354,id09047
5530080,5530444,364,id09047
5530444,5530772,328,id09047
5530772,5531325,553,id09047
5531325,5531807,482,id09047
5531807,5532596,789,id09047
5532596,5533011,415,id09047
5533011,5533442,431,id09047
5533442,5533796,354,id09047
5533796,5534309,513,id09047
5534309,5534755,446,id09047
5534755,5535544,789,id09047
5535544,5535959,415,id09047
5535959,5536410,451,id09047
5536410,5537199,789,id09047
5537199,5537696,497,id09047
5537696,5538029,333,id09047
5538029,5538557,528,id09047
5538557,5539080,523,id09047
5539080,5539454,374,id09047
5539454,5539864,410,id09047
5539864,5540254,390,id09047
5540254,5540720,466,id09047
5540720,5541074,354,id09047
5541074,5541853,779,id09047
5541853,5542386,533,id09047
5542386,5543185,799,id09047
5543185,5543539,354,id09047
5543539,5543857,318,id09047
5543857,5544421,564,id09047
5544421,5544939,518,id09047
5544939,5545467,528,id09047
5545467,5546072,605,id09047
5546072,5546861,789,id09047
5546861,5547322,461,id09047
5547322,5548157,835,id09047
5548157,5548475,318,id09047
5548475,5549197,722,id09047
5549197,5549515,318,id09047
5549515,5549864,349,id09047
5549864,5550433,569,id09047
5550433,5550771,338,id09047
5550771,5551340,569,id09047
5551340,5551684,344,id09047
5551684,5552202,518,id09047
5552202,5552592,390,id09047
5552592,5552925,333,id09047
5552925,5553243,318,id09047
5553243,5553622,379,id09047
5553622,5554186,564,id09047
5554186,5554975,789,id09047
5554975,5555498,523,id09047
5555498,5556860,1362,id09047
5556860,5558422,1562,id09047
5558422,5559375,953,id09047
5559375,5559790,415,id09047
5559790,5560717,927,id09047
5560717,5561695,978,id09047
5561695,5562028,333,id09047
5562028,5562725,697,id09047
5562725,5563371,646,id09047
5563371,5563761,390,id09047
5563761,5564125,364,id09056
5564125,5564453,328,id09056
5564453,5564802,349,id09056
5564802,5565120,318,id09056
5565120,5565704,584,id09056
5565704,5566094,390,id09056
5566094,5566499,405,id09056
5566499,5566827,328,id09056
5566827,5567268,441,id09056
5567268,5567781,513,id09056
5567781,5568125,344,id09056
5568125,5568515,390,id09056
5568515,5568987,472,id09056
5568987,5569735,748,id09056
5569735,5570514,779,id09056
5570514,5570996,482,id09056
5570996,5571416,420,id09056
5571416,5571862,446,id09056
5571862,5572180,318,id09056
5572180,5572611,431,id09056
5572611,5573108,497,id09056
5573108,5573580,472,id09056
5573580,5574067,487,id09056
5574067,5574482,415,id09056
5574482,5575035,553,id09056
5575035,5575727,692,id09056
5575727,5576142,415,id09056
5576142,5576992,850,id09056
5576992,5577382,390,id09056
5577382,5577828,446,id09056
5577828,5578264,436,id09056
5578264,5578587,323,id09056
5578587,5578915,328,id09056
5578915,5579602,687,id09056
5579602,5580022,420,id09056
5580022,5580581,559,id09056
5580581,5581324,743,id09056
5581324,5581662,338,id09056
5581662,5582006,344,id09056
5582006,5582396,390,id09056
5582396,5582734,338,id09056
5582734,5583083,349,id09056
5583083,5583457,374,id09056
5583457,5583872,415,id09056
5583872,5584610,738,id09056
5584610,5585005,395,id09056
5585005,5585451,446,id09056
5585451,5585887,436,id09056
5585887,5586231,344,id09056
5586231,5586549,318,id09056
5586549,5587149,600,id09056
5587149,5587487,338,id09056
5587487,5587831,344,id09056
5587831,5588149,318,id09056
5588149,5588477,328,id09056
5588477,5588836,359,id09056
5588836,5589395,559,id09056
5589395,5589749,354,id09056
5589749,5590492,743,id09056
5590492,5590830,338,id09056
5590830,5591332,502,id09056
5591332,5591681,349,id09056
5591681,5592035,354,id09056
5592035,5592368,333,id09056
5592368,5593080,712,id09056
5593080,5593536,456,id09056
5593536,5594079,543,id09056
5594079,5594766,687,id09056
5594766,5595156,390,id09056
5595156,5595628,472,id09056
5595628,5596555,927,id09056
5596555,5596991,436,id09056
5596991,5597386,395,id09056
5597386,5597704,318,id09056
5597704,5599194,1490,id09056
5599194,5599686,492,id09056
5599686,5600060,374,id09056
5600060,5600537,477,id09056
5600537,5600881,344,id09056
5600881,5601286,405,id09056
5601286,5601834,548,id09056
5601834,5602408,574,id09056
5602408,5602772,364,id09056
5602772,5603295,523,id09056
5603295,5603613,318,id09056
5603613,5604376,763,id09056
5604376,5605590,1214,id09056
5605590,5605944,354,id09056
5605944,5606492,548,id09056
5606492,5606933,441,id09056
5606933,5607271,338,id09056
5607271,5607656,385,id09056
5607656,5608076,420,id09056
5608076,5608599,523,id09056
5608599,5608978,379,id09056
5608978,5609306,328,id09056
5609306,5609926,620,id09056
5609926,5610270,344,id09056
5610270,5610859,589,id09056
5610859,5611756,897,id09056
5611756,5612079,323,id09056
5612079,5612469,390,id09056
5612469,5613197,728,id09056
5613197,5613576,379,id09056
5613576,5614027,451,id09056
5614027,5614442,415,id09056
5614442,5614847,405,id09056
5614847,5615257,410,id09056
5615257,5615744,487,id09056
5615744,5616169,425,id09056
5616169,5616523,354,id09056
5616523,5616913,390,id09056
5616913,5617507,594,id09056
5617507,5617979,472,id09056
5617979,5618364,385,id09056
5618364,5619010,646,id09056
5619010,5619379,369,id09056
5619379,5619835,456,id09056
5619835,5620225,390,id09056
5620225,5620743,518,id09056
5620743,5621076,333,id09056
5621076,5621645,569,id09056
5621645,5622009,364,id09056
